89.610690332928,89.6856321162489,89.683323479232,89.6792079669333,89.6733582259459,89.6660797535035,89.657685190784,89.6484719575562,89.6387256867129,89.6287363748381,89.6188067654313,89.6092326539853,89.6002401901675,89.5918739364458,89.5838415768732,89.5753386973818,89.5649022369907,89.5503743387425,89.5290944268567,89.4984612273346,89.4569867220815,89.4058499197068,89.3506913387636,89.3029501944801,89.2795532657244,89.2995773603202,89.3771801708569,89.5119646449509,89.6805092841379,89.8347444549365,89.9130474509147,89.8668755977041,89.6949630969849,89.4590956284526,89.2551886039813,89.1543232377123,89.1664886430283,89.2539040043591,89.3678996535035,89.4741989661351,89.5577604908708,89.6167378751952,89.655291018848,89.6790353886957,89.6930456014089,89.7012431255804,89.7062046760223,89.7089601216512,89.7088560609367,89.703831131949,89.6912943328816,89.66932002809,89.6375421817725,89.5973148187118,89.5512204432146,89.502357383966,89.4537946044041,89.4083244236889,89.3684319105098,89.3363344719841,89.3139812546509,89.3029650582914,89.3043489579439,89.3184386743645,89.3445463140043,89.3807975340109,89.4240343832363,89.4698591361049,89.512849683426,89.5469566442842,89.5660724797318,89.5647520911634,89.5390683114798,89.4875981431334,89.4125293139788,89.3208024503575,89.2250115993662,89.1434764812646,89.0985945975773,89.1125353490729,89.199831019357,89.3576182683695,89.5564123912652,89.7378059008672,89.8288971835138,89.7783197525246,89.5963371645046,89.3597221434009,89.1647623549719,89.068484537658,89.0698071728902,89.1328924199188,89.2186942615983,89.3013518196768,89.3694290220498,89.4208728602357,89.4579396386987,89.4840441559326,89.5022958400227,89.5150041708118,89.5236141847019,89.5288024823648,89.5306470381138,89.5288586956133,89.5230559027986,89.5130270730285,89.4989094962008,89.4812430004456,89.4609107091518,89.4390194691461,89.4167772153964,89.3954013640562,89.3760630457151,89.3598528326406,89.3477483322981,89.3405682638905,89.3389056024025,89.3430403380247,89.3528389805058,89.3676530299306,89.3862324050166,89.4066723023774,89.4264131874918,89.4423140483143,89.4508199616151,89.4482484485539,89.4312265351826,89.3973198187216,89.3458955523626,89.2792292830847,89.2037593084724,89.1311711235349,89.0786371438396,89.0671086309265,89.1162912219564,89.2353944545936,89.4109802755991,89.5982333653772,89.7276690885506,89.7363081775468,89.6107299388918,89.4044811653989,89.2055052947201,89.0805953592324,89.0463267558579,89.080322235016,89.1484230780577,89.2234823256626,89.290545927657,89.3442949633547,89.3847903038689,89.4142521326142,89.4352797656946,89.450088009895,89.4602868277231,89.4668993742193,89.4704692200954,89.4711994319049,89.4691032953108,89.4641513158331,89.4563940285145,89.4460409465684,89.4334872801002,89.4192959313487,89.4041533560653,89.3888191050144,89.3740819063446,89.3607254173033,89.3494990557128,89.3410856644067,89.3360578554316,89.3348174684006,89.3375165400339,89.3439628975834,89.3535187032492,89.3650058555815,89.376637958089,89.3860045219293,89.3901393539921,89.385712142611,89.3693901845853,89.3384237792474,89.291505684526,89.2299223625952,89.1589169955851,89.0889729321552,89.0363601218597,89.0217884057305,89.0655961719978,89.1782354677393,89.3472426442589,89.5276319588559,89.649038672748,89.6489176520276,89.5166976091542,89.3087558092164,89.1122479927767,88.989685544023,88.9535327872957,88.980250923838,89.0373140552361,89.1003402207933,89.1568352673033,89.2029399421651,89.2390297181581,89.2666471839206,89.287034809775,89.3007679134706,89.3079422048502,89.3085332007996,89.3027126288774,89.2910304151095,89.2744487595794,89.2542565749563,89.2319099757131,89.2088479039296,89.1863267345076,89.165304668207,89.1463868974715,89.1298209557616,89.1155164944743,89.1030619618507,89.0917247383752,89.0804486919851,89.0678968688884,89.0526140156447,89.0333811050524,89.0097709931978,88.9827679075592,88.9551046141436,88.9308034765149,88.9134678781849,88.9033423561323,88.894047921035,88.8708553476589,88.8126922847906,88.6990938518854,88.5208893488644,88.2904886959014,88.0459390736568,87.8440370522784,87.7418497317661,87.7713325193475,87.9160187866833,88.1010667491142,88.2083751205999,88.1230756567999,87.7974897153178,87.2899495155302,86.7383541909161,86.2831236646016,86.0016100039379,85.8944514595718,85.911409293831,85.9846822078335,86.0517745870112,86.0663247125458,86.0012775586275,85.8484272057164,85.6164924880182,85.3282414637764,85.0162066596859,84.7165314142542,84.4614333593966,84.2720289985705,84.1538335033781,84.0965078292705,84.0777094527811,84.0693055064702,84.0436883325444,83.9785922340938,83.8599506669425,83.6831378376694,83.4530622223333,83.1832466965035,82.8937376375174,82.6078046034086,82.3478991172497,82.1318329213522,81.9701627149686,81.8652368129322,81.8116283892598,81.7972449179891,81.8044934889478,81.8113448662695,81.7926293064193,81.7221193793199,81.5757995565291,81.3362794835718,80.9977863849427,80.5707479467558,80.084681736757,79.5878783320332,79.1422302606919,78.8117819380648,78.6446874443367,78.6510735577397,78.784634991551,78.9423508612079,78.9965323495934,78.8539512821364,78.5042462125246,78.0157017775721,77.4840062621575,76.9835020423608,76.5537237750358,76.2106980477813,75.9592913390667,75.7972495786059,75.7144183700107,75.6923969897819,75.7066419996279,75.7304344708157,75.7393539890024,75.7151428373226,75.6482610796886,75.5387253765263,75.3950773413364,75.2316984985633,75.0651549330063,74.9105779672435,74.7790211486589,74.6762729449977,74.6030208121965,74.5558845907807,74.5287990271132,74.5144121829376,74.5053638344894,74.4953797260361,74.4800802758375,74.457370545109,74.4273431004271,74.3917688950536,74.3533710978069,74.3150896167736,74.2794579646766,74.2481071969424,74.2213600885913,74.1979081858453,74.17464980223,74.1468598661807,74.1089169485647,74.055791679483,73.9853599146302,73.9012780029383,73.8155828077726,73.7493824579966,73.7292816383268,73.7773942910279,73.8955375053428,74.0507872835051,74.1770313098065,74.2040621770363,74.1020697180735,73.9036066002094,73.6786784485839,73.4872683387879,73.3532412525722,73.2715529693031,73.2280318264747,73.211797501798,73.2167846504031,73.2381107536715,73.2687691801702,73.2987910977558,73.3166176778687,73.3115492908805,73.2761715548118,73.2080212073459,73.1101466343704,72.9905271007534,72.8605294821029,72.732732901308,72.6185646663709,72.5262461879958,72.459491562042,72.4172057443964,72.3941468934946,72.3822702344559,72.3723646401223,72.3556400567248,72.3250452510233,72.2761979054055,72.2078582915072,72.1219062243876,72.0228363422913,71.916874282985,71.8108910829085,71.7113055867051,71.6231111975519,71.5490914294441,71.4892572278552,71.4405745070039,71.3971334731131,71.3509900656944,71.2939149561603,71.2201309092531,71.1297006101675,71.0314647255305,70.9434249729744,70.8878239763781,70.8793621308985,70.9099204657771,70.9411885504065,70.91946824326,70.8118606688951,70.6354730570662,70.4476196482506,70.3037204257974,70.2238846549528,70.1932469391877,70.1838521561868,70.1743602817984,70.1570135045263,70.1346935894829,70.1145763566948,70.1027906626945,70.101643123516,70.1092360170555,70.1206443411349,70.129765192019,70.1311501384872,70.1213816046441,70.099772531785,70.0683374886852,70.031118656739,69.9930685272934,69.9587852253382,69.9314311304708,69.912105852728,69.8997950270138,69.8918343219337,69.8846922792105,69.8748335116357,69.8594650186814,69.8370447850033,69.8074997165431,69.7721460037701,69.7333402231534,69.6939258860543,69.6565744390702,69.6231371383023,69.5941153236163,69.568329848922,69.5428491271785,69.5132418287233,69.4742573505771,69.4210722952512,69.3511968326865,69.2668901330981,69.1773634826835,69.09915468847,69.0522676083947,69.0502604276313,69.0864014138887,69.1254824016754,69.1152119548376,69.0195486757669,68.849816370467,68.6602789644006,68.5080993050359,68.4159801925983,68.3677342613452,68.3298377980349,68.2748333309528,68.1924699019886,68.0887878319111,67.9791278057967,67.880315141909,67.8048544945582,67.7580407414765,67.7377450233376,67.7360878641448,67.7420797433366,67.7444305869801,67.7339520081982,67.705194113507,67.6571381735472,67.592926595245,67.5187761076403,67.4423770262959,67.3711823277076,67.3109855294723,67.2650670473896,67.2339996972669,67.216020180108,67.2077579801337,67.2050879906783,67.2039172952227,67.2007878290677,67.1932398221639,67.1799235683038,67.1604772957009,67.1352198300045,67.1047411932159,67.0695024007678,67.0295665700037,66.9845782245669,66.9340981008097,66.8783877615161,66.819681795456,66.7637862202639,66.7213685892685,66.7075254921459,66.7375081461671,66.8170965690316,66.9299889254649,67.0318426812275,67.0644311751842,66.9910886007808,66.8279836947586,66.6378315587543,66.4872536227088,66.4071160891504,66.3862082012283,66.3915201328563,66.3916165731839,66.3692396376337,66.3227556727301,66.2614050973545,66.1987976317476,66.1472349631876,66.1140294353537,66.1000940498724,66.1005027276619,66.1063912537791,66.1074714394739,66.0945085046009,66.0612790758548,66.0057147423544,65.9301133326202,65.8404648568172,65.7450913671043,65.6529233167247,65.5717972794586,65.5071321781465,65.4612214467046,65.4332030897396,65.4196002880101,65.4152181440668,65.4141589548395,65.4107604350953,65.4003293429193,65.3796046630703,65.34692990916,65.3021513769899,65.246299090735,65.1811507736642,65.1088174086824,65.0315111417972,64.9516554500773,64.8724621241546,64.7989917113667,64.7394498503011,64.7059458343329,64.7131697863556,64.7729283941179,64.883628299551,65.0184891628332,65.1236141440599,65.1383922649498,65.0341430274801,64.8406475873616,64.6308405910616,64.4743391718942,64.4014641629958,64.4013462799173,64.4423253681474,64.4926667258924,64.5312820245332,64.5495556950156,64.548622421286,64.5352532167353,64.5179166475437,64.5037288437514,64.4966197808038,64.4967755357931,64.5011707562874,64.5048264189384,64.5023601277291,64.4894339223937,64.46380661784,64.4258222377247,64.3782905775581,64.3258330323555,64.2738685762005,64.2274831343637,64.1904388591452,64.1645287641548,64.1493809003034,64.1426983522296,64.140824167519,64.1394686940148,64.1344351082939,64.1222140708972,64.1003696866287,64.0676889698258,64.024108859568,63.9704714457876,63.9081954652015,63.8389912204003,63.7647783994056,63.6879732791721,63.6122608855036,63.5438000433304,63.4924337927933,63.471824729841,63.4966688278642,63.5750864291402,63.6966893630104,63.822994270445,63.8932370352538,63.853826420367,63.6966843024082,63.4717620140968,63.256931221056,63.1116307864947,63.0530269698361,63.0636032839016,63.1119457071306,63.169053458414,63.215391105077,63.2416145511101,63.2465987892553,63.2347142569186,63.2130807319,63.1891266904035,63.1687257130362,63.155118218678,63.1486753987584,63.1473836714681,63.1477978082523,63.1461627111427,63.1394295202373,63.1259643753275,63.1058417777891,63.0807112548209,63.0533136290821,63.0267899221384,63.0039592194679,62.9867325371498,62.9757791270021,62.9704851908081,62.9691678894293,62.9694536213395,62.968710424265,62.9644366132565,62.9545389382037,62.9374712299651,62.9122420938392,62.8783367894467,62.8356350461742,62.7844416858389,62.7257715753837,62.6620205250679,62.598058315811,62.5425127880546,62.5084796788435,62.5121237518494,62.5671298903561,62.6740931039195,62.8085036159089,62.9181013130774,62.9418112162514,62.8470039046941,62.6568937079487,62.4392350625487,62.2640046847673,62.1677434265902,62.1480647530201,62.1797446414377,62.2329524009662,62.2837407536947,62.3172664989561,62.3273180128182,62.3145752529245,62.284491802736,62.2450328976668,62.2044692646044,62.1695293608808,62.1442032905869,62.1293478477756,62.12304563224,62.121509771433,62.1202459076693,62.1151855595523,62.1035642405963,62.0844047708184,62.0585607793821,62.0283652491366,61.9970031420215,61.9677725913509,61.9434047559754,61.9255767771699,61.914687468555,61.9098930920331,61.9093427951475,61.9105235842021,61.9106248657446,61.9068551652873,61.8966779711933,61.8779716135179,61.8491564294113,61.8093705504098,61.758808898893,61.699350182213,61.635540060762,61.5757963039771,61.5332534478848,61.5249469008907,61.5673817935127,61.667056574174,61.808028082825,61.9453552009708,62.0172491678099,61.9784728179079,61.8333638119237,61.6368483694512,61.4593970062653,61.347636394075,61.3103751967544,61.3295239819963,61.3778768596367,61.4311247738416,61.472455267187,61.4929320527544,61.4903944103964,61.4679502439799,61.4322142614158,61.3913228252737,61.3529484395986,61.3226724949341,61.3030315726356,61.2933730534007,61.2904428885905,61.2894684665761,61.2854298780749,61.2742269593847,61.2535191510129,61.223111286034,61.1848599463118,61.1421682241961,61.0992100599445,61.0600668664254,61.0279593814231,61.0047158529814,60.9905461716835,60.9841133288677,60.9828325058462,60.9832987013752,60.981746891425,60.9744751494496,60.9581996650247,60.9303535949715,60.8893855682212,60.8351536537349,60.7695313370984,60.6973050223504,60.627274145099,60.5730640120015,60.5524815789162,60.5835449057716,60.6755859986949,60.8168296658004,60.9662568577318,61.062465088852,61.0544668811019,60.9364464786621,60.7547779669776,60.5779100949051,60.4565847856548,60.4059927745703,60.4135327516105,60.4556049108563,60.5097806549205,60.5596323969724,60.5952189868335,60.6122047104354,60.6108418578501,60.5948905800512,60.5702875185235,60.5435735761112,60.5203382480256,60.5040302927798,60.4953984352889,60.4926367850479,60.4921165530565,60.4894585021288,60.4806617403836,60.4630386726981,60.4357830941198,60.4000922628474,60.3588575890718,60.3160208892423,60.275752391724,60.2416310746924,60.2159910257445,60.199543986717,60.1913145262403,60.1888529110733,60.1886415121535,60.1865934477508,60.1785555377566,60.1607621734293,60.1302316563028,60.0851441129291,60.0252837800383,59.9526542309668,59.8723466209668,59.793585408052,59.7304902090184,59.7014231193476,59.7250800421751,59.8116918187467,59.9505817545842,60.1016434784393,60.203397449279,60.2030901782634,60.0917514956729,59.9126777347412,59.7328262612336,59.6034406797693,59.5416289779357,59.5373758858332,59.5698020347383,59.6188863409849,59.6698125555513,59.7130329379718,59.7432229750615,59.7584763297078,59.7597753835393,59.7503740728867,59.7348749100593,59.7180700164297,59.7038125840498,59.6942144841739,59.6893579818066,59.6875435008926,59.6859478946386,59.6814831586362,59.6716313355975,59.6550708195091,59.6319787078346,59.6039734207544,59.573737666417,59.5444234048323,59.5189780251962,59.4995367639081,59.4869988175466,59.4808515678744,59.4792453191752,59.4792689432824,59.4773486604207,59.4696920633693,59.452723066528,59.4234924810095,59.3800951499699,59.3221690573661,59.2515774728179,59.1733432478548,59.0967401847976,59.0360462531774,59.0097803457416,59.036548307492,59.1259319371989,59.2659502958815,59.4150877595006,59.511584657177,59.5044385346779,59.3876000790963,59.2061210749779,59.026132407909,58.8964493756768,58.8322198797792,58.8231113227318,58.8493982983213,58.8928692510185,58.9403711676171,58.9833305552958,59.0164555025005,59.0369582600378,59.0443040735363,59.0400431995378,59.0273764459562,59.0103791650254,58.9930445464063,58.9784111904319,58.9680085670158,58.9617364711651,58.9581569600953,58.9550717643818,58.950208437246,58.941841987878,58.9292191985672,58.9127124137469,58.8936942896328,58.8741839793441,58.8563588492078,58.842045933258,58.8323001244273,58.8271448217386,58.8255057485648,58.8253241426249,58.8238046241327,58.8177436031581,58.803897073343,58.7793775669262,58.742111298465,58.6914270872027,58.6288676539186,58.5592670990468,58.4919446312621,58.4414194280007,58.4263343276116,58.4646467040011,58.5637709075442,58.7080346698378,58.8525224738673,58.935755774109,58.9126396469013,58.7857206688567,58.6050938644607,58.4351251521751,58.3187022160956,58.2656384637655,58.2632578199854,58.2920521076155,58.3351776972276,58.3809399301895,58.4218332015761,58.4531169808445,58.4720730266482,58.4778753928055,58.4716066332416,58.4560372429322,58.4350388311442,58.4127366599664,58.3926358614305,58.3769613774505,58.3663662894706,58.3600406451233,58.3561432029171,58.3524113662696,58.3467865084388,58.3379137150266,58.3254216985598,58.3099460939383,58.292916073478,58.2761707603973,58.2615003375605,58.2502119990243,58.2428032104083,58.2387908752467,58.2367065850205,58.2342376121404,58.2284796793583,58.2162741437932,58.1946270409297,58.161243882475,58.115249197947,58.0581665077972,57.9951582381096,57.936274779769,57.8969396083261,57.8961478835611,57.9504183516881,58.0628178842176,58.2110185606768,58.3450086713635,58.4054847058268,58.358555602707,58.2203586637235,58.0469393560746,57.8978052092056,57.8059309540895,57.7733635047097,57.7844530047135,57.8201852444867,57.8654998392959,57.91045352872,57.9488499596217,57.9768396299824,57.9922920189717,57.9947517537736,57.9855097134094,57.9674283986337,57.9444008451758,57.9205419765324,57.8993362107488,57.8829776572126,57.8720636084968,57.8656853735152,57.861850569346,57.8580991625393,57.8521513850422,57.8424421880367,57.8284401866866,57.8107052334289,57.7906963035306,57.7703904052432,57.7518052315343,57.7365276835008,57.7253369104359,57.717980070219,57.7131223230345,57.7084616841298,57.7009839215398,57.6873373578343,57.6643309442493,57.6295934411222,57.5824591740353,57.5251299771859,57.4640349244553,57.4109683214825,57.382962902694,57.3991324791201,57.4727380062382,57.5991453520494,57.7461336631081,57.8584509514473,57.8835103243436,57.8050951535819,57.6560056860522,57.4958371379194,57.3744317045423,57.3115555024646,57.3008216517437,57.3244985298513,57.365265553297,57.4107619150773,57.453347701479,57.4884308633121,57.5132099342408,57.5262341180884,57.5274667418149,57.5183929153322,57.5018546155601,57.4815267219631,57.4611477082781,57.4437277509665,57.4309606435894,57.4229877731947,57.4185475127088,57.4154370122754,57.4111451727412,57.4034945742327,57.3911495062352,57.3738930277101,57.352633858666,57.3291619243543,57.3057197811026,57.2844879373297,57.267090045091,57.2542088757305,57.2453720512154,57.2389289446957,57.232209680836,57.221843597557,57.2042219967687,57.1761156882,57.1354902150408,57.0825749164565,57.0211847657842,56.9600795715771,56.9136740780569,56.900699690383,56.9389118022329,57.0348946782282,57.172072446083,57.3064257222181,57.3810505575873,57.3580134611389,57.2447000658256,57.0893661171207,56.9489505303311,56.8584684951271,56.8233070729077,56.8301873053354,56.8613173849395,56.9024732898643,56.9446950739967,56.9828861238745,57.0140412742907,57.036243509526,57.0484675346877,57.0507837212708,57.0445296742901,57.0321839499805,57.0168926250914,57.0017759383442,56.989231289171,56.9804411889476,56.9752144384863,56.9721786666477,56.9692444532164,56.9642020383883,56.9552977140333,56.9416603829793,56.9234955025667,56.9020201378594,56.8791679601424,56.857137403101,56.8378822179077,56.8226470068224,56.8116320333451,56.8038389055857,56.7971131555402,56.7883735127353,56.7740097434051,56.7504439769825,56.7148785410186,56.6662780232752,56.6066152910755,56.5422790386248,56.485193363246,56.4525782768883,56.4635947686358,56.5312476526116,56.6504879278552,56.7892124159418,56.8937222730071,56.9143682031383,56.837439420952,56.6955361272542,56.5450822051191,56.4318520180764,56.3728772027463,56.3610910417486,56.379653019912,56.4129879015964,56.4508206102221,56.4875642928181,56.5202920394191,56.5471504687913,56.5667151895845,56.5780636823296,56.5811230783241,56.5769083429094,56.5674419764257,56.5553411629356,56.5432075555572,56.5330225787638,56.5257334513621,56.5211367946589,56.5180668918141,56.5148106889167,56.509622887511,56.5012061639712,56.4890457666223,56.4735318065504,56.4558541319982,56.4377034901322,56.4208503556734,56.406692946629,56.395865495249,56.3879788712659,56.3815358271833,56.374033741749,56.3622498926209,56.3427049229618,56.3123187561113,56.2692981222563,56.214296487871,56.1518068539106,56.0914921363171,56.0486355707376,56.0421771533182,56.088480361978,56.1904558168434,56.3263724746379,56.4487665130106,56.50304368124,56.4598459167129,56.3359211384974,56.182694174589,56.0526336376543,55.9732486972833,55.9444861535062,55.9514273839195,55.9774430279176,56.0106747272047,56.0446476026418,56.0763380487609,56.1041473820404,56.1267585953185,56.1429020389988,56.1516643206479,56.1529196465452,56.147571098524,56.1374598596329,56.1249677050083,56.1124558828813,56.1017274865861,56.093672685508,56.0881812032749,56.0843184452938,56.0806904193698,56.0758843067204,56.0688680700916,56.0592561927413,56.0473885183835,56.0342146620901,56.0210185629972,56.0090489448529,55.9991364155974,55.9913750796557,55.984929223121,55.9780017820011,55.9679810666375,55.951774498709,55.9263468040418,55.8894997155138,55.8409393132105,55.7836277432712,55.7252243844113,55.6789856176259,55.6628047149376,55.6945171988764,55.7823329704112,55.9129236610643,56.0459253636384,56.1260824236962,56.1133015506151,56.0100437973318,55.8602823682696,55.7197569899393,55.6248249428786,55.5827095925196,55.5812318443265,55.6031003222796,55.6346724358812,55.6680689636398,55.6996822529826,55.7279481589673,55.7517933890832,55.770045962156,55.781559845966,55.7856552086254,55.7825206691319,55.7733553332206,55.7601846395524,55.7454201311664,55.731316561141,55.7194966286801,55.7106727104097,55.7046211741656,55.7003877828639,55.6966452494068,55.6920969814414,55.6858239258991,55.6774967598112,55.6674137007435,55.6563655160141,55.6453658045186,55.6353099462954,55.6266364672567,55.6190599416868,55.6114293951472,55.6017485018886,55.587382721297,55.5654801645459,55.5336463268129,55.490922875487,55.4390884666073,55.384150763473,55.337530368418,55.3157979828729,55.3371626867702,55.413166626168,55.5368596766049,55.6746143252201,55.773077824334,55.7857123665416,55.7033787614609,55.5617054711116,55.416731317002,55.3113724113243,55.2596096155321,55.2525570150389,55.2728781331777,55.3053547912039,55.3405270519566,55.3738618201879,55.4035426962311,55.428650003925,55.4482624162536,55.4613556024012,55.4671465097198,55.4655265419749,55.4573228266944,55.4442629719139,55.4286542825336,55.4128899536434,55.3989409459727,55.387980127862,55.3802298935027,55.375051192336,55.3712257867044,55.3673412144987,55.3621748385507,55.3549860280048,55.3456558023669,55.3346519896255,55.3228366397927,55.3111639509421,55.3003361320928,55.2904893863033,55.2809746084805,55.2702834946169,55.256158796372,55.2359246612774,55.2070810881671,55.1682151145671,55.1202578765099,55.0679942852461,55.0214103448017,54.9958696205564,55.0094109533747,55.0754445217094,55.1913529842881,55.3289247735515,55.4377439268097,55.4683300157363,55.4035355885189,55.2715299184946,55.1266141296043,55.0154981482774,54.9573514402875,54.9464511303123,54.9659798415607,54.9997138838626,55.0369151192565,55.0721823753257,55.1033870727144,55.129708343878,55.1505008129945,55.1649865543757,55.1724745094538,55.1727648104357,55.1664616470007,55.1550342973332,55.1405943381274,55.125465835929,55.1116893236987,55.1006089829631,55.0926530312414,55.0873507379464,55.0835606889857,55.0798336493384,55.0748093747661,55.0675500159656,55.0577370347456,55.0456949487759,55.0322448276312,55.0184255194076,55.0051451886937,54.9928366994344,54.9811881469851,54.9690089081292,54.9542794032386,54.9344270599941,54.906875135421,54.8699174059393,54.8239514554183,54.7729941826977,54.726107917902,54.6978038725951,54.7057884895496,54.7642813517044,54.8730427355748,55.007311444493,55.1192984865933,55.1589764861407,55.1050716005816,54.9807808854236,54.8381056708041,54.7250177145331,54.663546737119,54.6501472653586,54.6686779390616,54.7025307004541,54.7402826752631,54.7760524427466,54.8075939039987,54.8342607727781,54.8557092229747,54.8714240554499,54.8808253475321,54.8836348477891,54.8802214005749,54.8717410712638,54.8600063999349,54.8471300910875,54.8350641825463,54.8251803712929,54.818011828271,54.8132179584716,54.8097649721323,54.8062585053521,54.8013329016946,54.7939980179483,54.7838637623166,54.7711965162139,54.7568010661781,54.741758618955,54.7270794882656,54.713344100555,54.7004074567351,54.6872335795702,54.671914660943,54.6519223645187,54.624640155697,54.5882291928357,54.5428590241602,54.4922277381822,54.4450087511843,54.4153127413263,54.4205631656622,54.475032354196,54.5791137924351,54.7093146840955,54.8193191570126,54.8598696494159,54.8090459475381,54.6883132569499,54.5480837741307,54.4358154791442,54.3739766086239,54.3596889031357,54.3771900085114,54.4099182530817,54.446378864661,54.4807075963583,54.5108466757531,54.5364698490687,54.5575768593683,54.573900511032,54.5849282215055,54.5902424400387,54.5899022690539,54.5846654268547,54.5759563386028,54.5655954176174,54.5553885556825,54.5467143301463,54.5402349152418,54.5358070626245,54.5326037872602,54.5293980971069,54.5249226224106,54.5182086889579,54.5088222269123,54.4969442732673,54.4832817926732,54.4688318320333,54.4545519044028,54.4410075075161,54.4280725516261,54.4147527960011,54.3991922466092,54.3789152224044,54.3513566741522,54.3147341101481,54.2692886835624,54.2188094747982,54.1720583758487,54.1431585327269,54.1493349292087,54.2043108481828,54.3076108384632,54.4349775363944,54.5402020506357,54.5754697810031,54.5210010557075,54.3996015152732,54.2613002253157,54.1519785593611,54.0925539895955,54.0793437221839,54.0964897260136,54.1277032384492,54.1618784290808,54.193564306855,54.2211242222488,54.2446396262329,54.2644530508976,54.2805085165349,54.2923208915729,54.2993035374283,54.3011863397188,54.298315210627,54.2917170149412,54.282917780598,54.2735900135446,54.2651543409732,54.2584624754222,54.2536498977268,54.2501866945339,54.2470956108825,54.2432644420327,54.2377631158372,54.2300832803471,54.2202435001075,54.2087378602662,54.1963417715122,54.1838193482198,54.1715972062527,54.1594780172585,54.1464653736973,54.1307646440756,54.1100191853144,54.0818410997263,54.0446934570519,53.9991472012909,53.9494069608466,53.9046795794188,53.8793835407685,53.8905443283072,53.9507726819388,54.0574508135777,54.1839050938965,54.2829716428511,54.3088475601891,54.2460774861907,54.1211713745082,53.9847255284685,53.880321046088,53.8259196220695,53.8159877570578,53.8342238919216,53.8647446190415,53.8971041361986,53.9264579219185,53.9516441731625,53.9730993989128,53.991415658287,54.0066738215641,54.0183960809321,54.0258683987233,54.0285804206554,54.0265765505571,54.0205916759452,54.0119405150406,54.0022164144442,53.9929108697927,53.985077161743,53.9791334705496,53.9748481313505,53.9714926293002,53.9681037322094,53.9637741681665,53.9578924630847,53.9502721083375,53.9411407052125,53.9309934974345,53.9203461495038,53.9094439280064,53.8979963592251,53.8850090484332,53.8687819093259,53.8471410772677,53.8179724843155,53.7801192980243,53.7346605753784,53.6864362863101,53.645327259697,53.6261912607894,53.6457380359756,53.7148886861809,53.8278119834862,53.9542486163026,54.0456246182966,54.0590182694799,53.9851031015139,53.8555835732455,53.7218843168935,53.6245244546837,53.577561254421,53.5730609238433,53.5941840547647,53.6255863096183,53.6576182973979,53.6860706215409,53.7101706548848,53.7305600868663,53.7479326925984,53.7624166708181,53.7735421454482,53.780561060988,53.7828857371839,53.7804518702022,53.7738815195849,53.7644079930851,53.7536064251241,53.7430297658153,53.7338670850208,53.7267202692966,53.7215489551499,53.7177800844435,53.7145342928389,53.7108964511931,53.7061544753285,53.6999455770939,53.6922759931804,53.6834117620154,53.6736679578937,53.6631472123315,53.651493008295,53.6377297420563,53.6202633395573,53.59711763843,53.5664833107793,53.5276457322001,53.4822984167298,53.4360651993363,53.3996504909166,53.3883941633214,53.4184540383418,53.498406468341,53.6182473087553,53.7434208999809,53.8242245691868,53.8220386974905,53.7353036751283,53.6015651249512,53.4724895246771,53.3844934213652,53.3470309087654,53.349604261708,53.3749814437924,53.4085465597227,53.4415431920872,53.4703778627317,53.4945662238384,53.5148241088805,53.531835390975,53.5457212618109,53.5560429475841,53.562118491359,53.5634393479075,53.5600100333179,53.5524975966458,53.5421563426132,53.5305684208615,53.5192930746723,53.5095344432153,53.5019197838538,53.4964376786004,53.4925356081241,53.4893336806148,53.4858861913537,53.4814179925472,53.4754756668485,53.4679584046957,53.4590236260853,53.4488917109736,53.4375981503059,53.4247576774494,53.4094139614793,53.3900532280483,53.3648640373502,53.3323267381101,53.292198640061,53.2468805343678,53.202925507269,53.1719893860837,53.1698503967522,53.2116961553497,53.3028840996176,53.4282335593958,53.5485810142325,53.6142031963106,53.5929166514182,53.4925153478444,53.356230588275,53.234525973051,53.1583268046752,53.1319162297011,53.1423451754504,53.1723296613161,53.2082580104877,53.2424029499974,53.2718161764822,53.2962761698077,53.3165328332614,53.3332311536165,53.346482912704,53.3559118346548,53.3609656464614,53.3612996301524,53.357073760516,53.3490655728992,53.3385737830569,53.3271562613481,53.3162924272392,53.3070736936271,53.3000066120016,53.2949722611005,53.2913376310129,53.2881747236543,53.284519983669,53.2796031377067,53.27298794809,53.2645922232742,53.2545842545886,53.2431818176561,53.2304036754423,53.215840129592,53.1985192641737,53.176951879686,53.1494429164949,53.1147559350916,53.0731881006302,53.0280030774341,52.986889560398,52.9625843679626,52.9711233115154,53.0259865827323,53.1280472165978,53.2558148307316,53.3656974302011,53.4100594155352,53.366034012361,53.2521589322369,53.116287606892,53.0054478464759,52.9434688924586,52.9290783546163,52.9472379933122,52.9811147561333,53.0184624359754,53.0527814828962,53.0818688760021,53.105822016502,53.1254627995556,53.1414244510021,53.1538265812524,53.1623633736404,53.1666122314292,53.1663848395367,53.1619801601522,53.1542569952162,53.1445126368686,53.1342170045853,53.1246918667595,53.1168330313281,53.1109513781794,53.1067671449942,53.1035459708369,53.1003283286901,53.0961843077404,53.0904251521323,53.0827185022899,53.0730802104594,53.0617455736232,53.0489512801494,53.0346824226399,53.0184550397753,52.9992148136238,52.9754393392328,52.9455355103075,52.9086164776209,52.8656944109745,52.8211716033319,52.7841597544107,52.7685585469843,52.7902068708385,52.8596406536691,52.9715088608435,53.0969284616345,53.1889434231016,53.2053362191159,53.1358931443428,53.0105228111379,52.8794612697345,52.7834824727313,52.7378560789757,52.7357674903368,52.7607418707312,52.797025090667,52.8341366195535,52.8670235387996,52.8943527907785,52.9166220161353,52.9347783038285,52.9494672173333,52.9608085460255,52.9685294658069,52.9722767025686,52.9719447702394,52.9678946187531,52.9609941257795,52.9524779522624,52.9436822501891,52.9357438327544,52.929356129683,52.9246487079114,52.9212149607147,52.9182685840659,52.914876246985,52.9101983915501,52.9036732174261,52.8950969465697,52.8845805436411,52.8723930177071,52.8587290571688,52.8434606738613,52.8259477742036,52.804992510636,52.7790289809093,52.7466414837985,52.707486244176,52.6636121513588,52.620958626644,52.5903640846247,52.5867686712666,52.6248636087961,52.7103545527878,52.8296148018429,52.9459172842346,53.0115258358888,52.9941798886527,52.8992706502331,52.7670437342017,52.6465402440855,52.5693571473906,52.5414153326488,52.5510290124609,52.5812559455965,52.6181035609258,52.6532074323072,52.6831138544657,52.7074248043732,52.7270646710642,52.7431053233895,52.7561772445385,52.7663471999205,52.7733023542865,52.7766756884946,52.7763626652857,52.7727162733753,52.7665642522827,52.7590561042798,52.751400915282,52.7445852977184,52.7391581624559,52.7351403436624,52.7320747565333,52.7291912671522,52.7256312385596,52.7206654141658,52.7138452384953,52.7050477328258,52.6944017153178,52.6821125808519,52.6682293358725,52.6524183905443,52.6338233683331,52.6111003457978,52.5827241642779,52.5476574696549,52.5064356687794,52.4625924341667,52.424044261573,52.4035063018257,52.4163783862599,52.4745249179426,52.5763288206763,52.6980958939625,52.796369866844,52.8272206817457,52.7733998604775,52.6571021914587,52.5254869053883,52.4218721052708,52.3664537091736,52.3561902067453,52.3759490071084,52.4095071840794,52.4452391430017,52.4770825374566,52.5031727750963,52.5239713717107,52.5407388595721,52.5545801372581,52.5660225761256,52.5750005023964,52.5810956068134,52.5838798165998,52.5832226609232,52.5794633266196,52.5734042249458,52.5661440420892,52.5588164349716,52.552322587595,52.5471381321027,52.5432438836165,52.540188251131,52.5372508122905,52.533651460921,52.5287420630117,52.5221266534564,52.5136774053185,52.5034411533576,52.4914597452257,52.4775528857231,52.461132366355,52.4411316367196,52.4161454570527,52.3848787220715,52.346988006907,52.3043264217748,52.2624000302568,52.2314251063616,52.2257479265427,52.2599262529222,52.3405192344664,52.4559266638706,52.5718654783262,52.6417388407314,52.6317176440899,52.5435625569066,52.4143688234834,52.2925399106452,52.2113042989052,52.1787755504003,52.1846593070391,52.2123224090159,52.2474050025692,52.2810063071812,52.3092938484345,52.3317701927241,52.3495201429377,52.3639372863129,52.3760033879834,52.3860380513068,52.393790656093,52.3987327223215,52.4004084680758,52.3987195377108,52.3940603871224,52.3872770631109,52.3794791004054,52.371775513491,52.3650206013982,52.3596423211912,52.3555931340666,52.3524232530011,52.3494416893971,52.3459098790089,52.341208913796,52.3349327600259,52.3268817786233,52.3169580212556,52.3049913581088,52.2905501477354,52.2728104206287,52.2505734718058,52.2225326675457,52.1878889899698,52.1473771036828,52.1046350672073,52.0675459425208,52.0486382085062,52.0630066224489,52.1222012737158,52.2244597023447,52.346272564686,52.4446730530764,52.4762101244763,52.4236951741405,52.3088765914607,52.1783288546111,52.0750887305033,52.0194750347494,52.0087532206674,52.0280288474884,52.0611449901305,52.0964062337786,52.1276375454105,52.1529048222488,52.1726935103375,52.1883879383847,52.201282466868,52.2120972017315,52.2208923210094,52.2272544590732,52.2306215976837,52.230617160841,52.2272872295215,52.2211782257074,52.2132470596696,52.2046463655748,52.1964596284331,52.1894670510617,52.1840044171775,52.1799430099445,52.1767811456036,52.1738080462004,52.1702852321063,52.1655909494601,52.1592869922392,52.151090140917,52.1407574004975,52.1279211502948,52.1119345984533,52.0918085711476,52.0663371363023,52.034518042194,51.9963592274062,51.9540855321652,51.9135473148302,51.8851999393413,51.8833898211865,51.9222506396233,52.0073594887327,52.1257306171059,52.2419433047833,52.3094296043576,52.2959050970988,52.2053099067187,52.0760536846538,51.9562981189782,51.8780822239696,51.848414956927,51.8565047439882,51.8857361597549,51.9219633440567,51.9564613842136,51.9854605327777,52.0084439559259,52.0264603016545,52.0409022379592,52.052803800114,52.0625736470178,52.0700492397725,52.0747494321407,52.0762015283061,52.0742294724005,52.0691191591708,52.0616226356553,52.0528141188235,52.0438527222345,52.0357280171483,52.0290609739583,52.0240086492714,52.0202861480552,52.0172853502557,52.0142457518347,52.0104232034695,52.0052075144352,51.9981568177241,51.9889408065956,51.9772120233443,51.962450902834,51.9438543178263,51.9203580562719,51.8908988161121,51.8550216005247,51.8138965963533,51.7716677803267,51.7367271032877,51.7219428249909,51.7422583466237,51.8081833485573,51.9158836056819,52.0393878524634,52.1344479496653,52.1589967755696,52.0995545044041,51.9814460368584,51.8523167330792,51.7536795780804,51.7034896905335,51.6974071277246,51.7200871081184,51.7556409453802,51.7928077840134,51.8257013791227,51.8524651683117,51.8735181889846,51.8901354781185,51.903539566598,51.9144554826364,51.9230236169692,51.928955960043,51.931819616748,51.9313353445656,51.9275966828483,51.9211503956657,51.9129254697044,51.9040433717469,51.8955736896608,51.8883085964076,51.8826164328033,51.8784057835419,51.8751972000079,51.8722704654848,51.868838017935,51.8641924481702,51.8577866362459,51.8492254778749,51.8381739207995,51.8242132865105,51.8067039246969,51.7847357390579,51.7572675641514,51.7235660767871,51.68403636803,51.6414453485502,51.6022984637749,51.5776598033461,51.5820607549579,51.6288113696612,51.7211830358929,51.8427592773511,51.9553570102068,52.0128284529945,51.9873164512296,51.8886121939922,51.7583354087901,51.6435844138882,51.5729204837736,51.5502682939251,51.5634764427823,51.5960029264953,51.6343576401422,51.6704259931724,51.7007669796115,51.7249316232303,51.7438927698786,51.758941539353,51.7710640553212,51.7807075648057,51.7878276553328,51.7921075047194,51.7932410483581,51.7911813652084,51.786280632766,51.7792876791484,51.7712142538519,51.7631188354433,51.755876481798,51.7500006907802,51.7455617157969,51.742213955146,51.7393133372119,51.7360826770393,51.731773514612,51.7257775399426,51.7176568499086,51.7070859218707,51.6937251881709,51.6770732169896,51.656369804715,51.630644422185,51.5990198325381,51.5613767489624,51.5194291293803,51.4780860959449,51.4465987928616,51.4383880523596,51.4679053557096,51.5433064069938,51.6564715273144,51.7769593330369,51.8592987076439,51.8658869722153,51.7914753578471,51.6677623498948,51.5428557861054,51.453922410647,51.41382761198,51.4152707963071,51.4423635348678,51.4799952645326,51.5179325997198,51.5510353034223,51.5778198928509,51.5988126837895,51.6152728188483,51.6283926728039,51.6389125043423,51.6470496942517,51.6526404590503,51.6553914245651,51.6551415047563,51.6520502521438,51.6466606343307,51.6398265163183,51.6325364052935,51.6256931569508,51.6199169117046,51.6154253171263,51.6120174652549,51.6091558133935,51.6061133100532,51.6021375838666,51.5965827700843,51.5889710908359,51.5789671823314,51.5662742025454,51.5504883068871,51.5309746613157,51.5068522188054,51.4771934527862,51.4415503722037,51.4008846433687,51.3588540857764,51.323107321517,51.3057045683416,51.3211638112433,51.3806025646911,51.4822955260977,51.6034291337957,51.7021288278373,51.7356480113266,51.6863722847402,51.5746421987117,51.4457216409558,51.3424129194192,51.2858866119554,51.2746126617482,51.2945398884536,51.3297164730751,51.3681115056366,51.4029260574349,51.4315668167962,51.4540152867146,51.4714168666581,51.4851178093632,51.4961297310912,51.5049359684722,51.511546209385,51.5157040191533,51.5171498720386,51.5158492423248,51.5121183116134,51.5066173403778,51.5002242550395,51.4938359214073,51.4881618454116,51.4835710272776,51.480030976477,51.4771471317728,51.4742812080256,51.4707064158726,51.4657502973679,51.4588823134266,51.4497206592625,51.4379571155122,51.4232261700451,51.4049722000594,51.3823942487567,51.3545696592534,51.3208690404231,51.2817565824839,51.2399775570184,51.2018934321245,51.1782597924549,51.1831174242446,51.2291746038089,51.3192383308072,51.4369950640764,51.5452716831202,51.5995688595572,51.5732727709965,51.476000275758,51.3479171865654,51.2345986788471,51.1640304481047,51.1405174912218,51.1526121238356,51.184252624881,51.2220449429021,51.2577025138711,51.287538836167,51.3109393122803,51.328867077554,51.3427633025508,51.3538747481051,51.3629411313243,51.3701586945647,51.3753335868379,51.3781331678945,51.3783425240883,51.3760471832129,51.3716936793632,51.3660206921433,51.3598929420651,51.3540960015599,51.3491558669799,51.3452329708907,51.342113006088,51.3392862688763,51.3360823935689,51.3318143148581,51.3258859671931,51.3178311237848,51.3072724546272,51.2938164356387,51.2769278584125,51.2558550189418,51.2297009589782,51.1977520912247,51.160167709462,51.1190652365783,51.079838622193,51.0521407581968,51.0493580455416,51.0849662052697,51.1648650720609,51.2778777673837,51.391477155379,51.461349808666,51.4547561269572,51.3721885044634,51.2479563101513,51.128352680405,51.0465458622643,51.0121790728937,51.0167124458281,51.0445028084454,51.0812119233767,51.1172963328878,51.1480555504673,51.1722640649089,51.1906411297047,51.204649080558,51.2157087933946,51.2247835583693,51.2322567226208,51.238025744567,51.2417288109576,51.2430138255397,51.2417646723326,51.2382222390437,51.2329746359572,51.2268320174243,51.2206339089282,51.2150516872926,51.2104431686479,51.2067943113426,51.2037535065642,51.2007363865143,51.197060915697,51.1920673620846,51.185185496578,51.1759294454914,51.1638253943653,51.1483053663048,51.1286288821012,51.1039210093355,51.0734354121341,51.0371514848794,50.9967635988906,50.9569564358841,50.9265019389369,50.9181411331367,50.9456921559108,51.0172013178855,51.1254936690361,51.242193642639,51.324065588924,51.3342118570719,51.2656049875083,51.1467642775,51.0235026165924,50.932868600994,50.8892065118441,50.8869012656667,50.9110419278136,50.9466699372454,50.983201803855,51.0150209821377,51.0402958275564,51.0594462818223,51.0738722759394,51.085086266651,51.0942171329958,51.1018160699151,51.1078935965988,51.1121121785881,51.1140503747019,51.1134531351787,51.1103976210126,51.105334947074,51.099007689109,51.0922789175668,51.0859302801065,51.080488977037,51.0761278858509,51.0726565279305,51.0695922492599,51.0662791234601,51.0620117455177,51.0561236513342,51.0480140419824,51.0371087286376,51.0227783863499,51.0042664285094,50.9807074631686,50.9513409879194,50.9160323501832,50.8761760051994,50.835918690291,50.8033217437461,50.7905412706226,50.8115343347261,50.8759285919612,50.97977524346,51.0983714081608,51.1899464100656,51.2146675075011,51.1591822487465,51.0464837217087,50.9212293311248,50.823457233416,50.7717018168777,50.7632172350956,50.7840103873769,50.8187254760454,50.8559024524277,50.8890906911586,50.9158620047167,50.93629285199,50.9516450773469,50.9634395931435,50.9729033059286,50.9807209075635,50.9870230631922,50.9915418893148,50.9938569433429,50.9936502423522,50.9908973480774,50.9859463706175,50.979472630203,50.9723331580159,50.9653712548483,50.9592299692218,50.9542238449013,50.9502956471502,50.9470573152221,50.9438905250853,50.9400680385283,50.9348551092934,50.9275601714647,50.9175234440309,50.9040578443035,50.8863857922016,50.8636453944814,50.8350660085214,50.8004262126579,50.760881797362,50.7201361387487,50.6856414415005,50.6690104253011,50.6842195615877,50.7421245418508,50.841499870398,50.9609914236631,51.0605451395062,51.0982304823442,51.0552075201499,50.9491249991903,50.8229856308514,50.7191673997787,50.6600396529617,50.6457114529298,50.6632602979303,50.6970988158549,50.7350046506068,50.7697484232603,50.7983123452004,50.8204005233034,50.8370847766277,50.8498336789391,50.859917869448,50.8681217305165,50.8746919241787,50.8794573072664,50.8820499710043,50.8821515138856,50.8796929973833,50.8749564863126,50.8685577885321,50.861325138251,50.8541165364318,50.8476313716359,50.8422673550913,50.8380550340136,50.8346764054715,50.8315496437603,50.8279452826842,50.8230939436854,50.8162523529417,50.806711194264,50.7937525171587,50.7765931085889,50.7543807272329,50.7263385323135,50.6921704037288,50.6528237828675,50.6116098922499,50.5754273721039,50.5553575735909,50.5652886223349,50.6170191925763,50.7116480444606,50.8309192635308,50.9367267662475,50.9857819859662,50.954510675176,50.8553849740212,50.7292816335275,50.6202940841222,50.554286416628,50.5342192059911,50.5483973740725,50.5811606067386,50.619624830532,50.6558272530037,50.6861697399605,50.7099723704024,50.7280933798388,50.7419199675911,50.7527384231115,50.7614125291755,50.7682983177878,50.7733313251843,50.7762211330193,50.776682736283,50.7746360049344,50.7703197707013,50.7642949326569,50.757344146361,50.7503042034366,50.7438828127511,50.7385105606914,50.7342633203849,50.7308664980266,50.7277680901532,50.7242494439585,50.7195350785289,50.7128671168253,50.7035245869748,50.6907905951941,50.6738983941279,50.6520179805017,50.6243744237119,50.5906095280077,50.5514894529981,50.5099788809351,50.4724737215458,50.4495357687127,50.4548610326536,50.500902205072,50.5906451668592,50.7085913736651,50.8187114907294,50.8770933022169,50.8563453877087,50.7641685753842,50.6389597487095,50.5258272894493,50.45362386491,50.4280332010886,50.4387020438873,50.4700665356631,50.5087074909064,50.5459978338809,50.5777893135096,50.6030289411619,50.6223642511178,50.637100175534,50.6485353164664,50.6576081820636,50.6647799639513,50.6700911574898,50.673330779966,50.6742522624112,50.6727699167088,50.6690818198585,50.6636895875654,50.657316838704,50.6507568429835,50.6446973508364,50.6395724671439,50.6354785604851,50.6321689784569,50.6291182659402,50.6256276581012,50.6209345018618,50.6142906516012,50.6049880017077,50.5923309179323,50.575582726581,50.5539439398356,50.5266500642584,50.4932991795311,50.4545153878579,50.4129828984807,50.3746762376698,50.3496883040187,50.3514537935718,50.3927879398987,50.4780365494412,50.5939119442729,50.7063414538179,50.7714289883763,50.7591090358423,50.6731625231152,50.549485653501,50.4334983343699,50.3562847716438,50.3258569532784,50.3331747255899,50.3629188953488,50.4013021539304,50.4391548448044,50.4718526506967,50.4980130832405,50.5181007901642,50.5333575999874,50.5451065382155,50.5543654455729,50.5616976894963,50.5672393505652,50.5708453828668,50.5722925674324,50.571474991601,50.5685367701166,50.5639086171443,50.5582447470683,50.5522855365356,50.5466906243838,50.541891451633,50.5380016778002,50.5348031549698,50.531801414463,50.5283250419724,50.5236329211661,50.5169942582225,50.5077181266418,50.495129943634,50.4785191749768,50.4571129789579,50.4301610241756,50.3972402117503,50.3588868689783,50.3175992273337,50.2790562418976,50.252992817364,50.2525779940262,50.2907332114808,50.3725803978105,50.486290917583,50.5993103519165,50.6681645461063,50.6613550489295,50.5800394947988,50.4580686423823,50.3406358707158,50.2601203661147,50.2261642380282,50.2307919900987,50.2589995881334,50.2968187118471,50.3347151508482,50.3677168016636,50.3941937837265,50.41447845722,50.4297800396846,50.4414621491277,50.4506260863007,50.4579307996478,50.4635925396195,50.4675108747134,50.4694622937726,50.4692982914076,50.4670908901051,50.4631879479795,50.4581692946749,50.4527241734527,50.4474915566807,50.442911708491,50.4391290808851,50.4359673135574,50.4329737244055,50.42951047236,50.4248579504821,50.4182954957933,50.4091350915693,50.3967035407904,50.3802950437828,50.3591465059978,50.3325187510103,50.2999909874327,50.2620760174781,50.2212016318355,50.1829123367949,50.1567486804448,50.1556776161428,50.1925343132197,50.2726444071053,50.3847781493286,50.4972100588243,50.5670113239247,50.5624046480601,50.4834601202977,50.3628482991088,50.2452697794767,50.1634472822139,50.1277563607821,50.1308367817713,50.1579638140009,50.1951605158913,50.2327390391708,50.2655494365599,50.2918269606574,50.3118363766801,50.3267852647553,50.3380862843767,50.3469177948053,50.3540185252847,50.3596640383976,50.3637763159864,50.3661111432543,50.3664612488214,50.3648163196329,50.361437976497,50.3568353405882,50.3516567187994,50.3465358532246,50.3419404992096,50.3380651803696,50.3347922237747,50.3317222663186,50.3282546703076,50.3236854367166,50.3172882596045,50.308353616814,50.2961796548337,50.2800346537057,50.2591413108888,50.2327643134026,50.2005072462522,50.1629250564875,50.1224955717478,50.0848011096514,50.0593745572209,50.0590868568911,50.0965585144833,50.1768139383534,50.288382396908,50.3995884179592,50.4679686374238,50.4624192401109,50.3834228717143,50.2635045939074,50.1468384294751,50.0656666911997,50.0301850633796,50.0331113131916,50.0598859746202,50.0966595670098,50.1337990396447,50.1661572883955,50.1919552281242,50.2114529817033,50.2258760979509,50.2366778383538,50.2450902700978,50.2519040249361,50.2574291086829,50.2615926662415,50.264121938215,50.2647519242026,50.263397889206,50.2602475027933,50.2557536084687,50.2505385840388,50.245245572664,50.2403834070596,50.2362084425978,50.2326704905251,50.2294278658303,50.2259155179358,50.2214362899845,50.2152419623328,50.2065785899218,50.1946884827012,50.1787867346259,50.1580607392344,50.1317727676752,50.0995704578487,50.0621092410435,50.0220244978164,49.9850919218716,49.9610102549883,49.9626659136848,50.0023811256295,50.0844709976453,50.1965103615725,50.3061739150009,50.3713196925878,50.362247648953,50.2811028600929,50.161198684679,50.0462477034574,49.9673777234439,49.9338368513033,49.9379350748512,49.9651490857882,50.0018560093534,50.0386531269616,50.0705534754094,50.0958663439963,50.1148932987958,50.128879714114,50.1392934603774,50.1473823948764,50.1539526698424,50.1593235907685,50.1634186532781,50.1659444157797,50.1665990543319,50.1652513117673,50.1620432435722,50.1573948329325,50.1519179250521,50.1462718086765,50.1410058032691,50.1364324986787,50.1325609585686,50.129098023975,50.1255049187848,50.1210817571446,50.1150480066386,50.1065935762695,50.0948920664259,50.0790927970344,50.0583388196256,50.0318901028894,49.9994557758689,49.9618365772191,49.9219065779657,49.8857525459339,49.8633711953103,49.8677502119609,49.9108519588011,49.9959771487468,50.1092170936361,50.2170872164679,50.2776744067481,50.2632218646533,50.1784331516194,50.058064767068,49.9454064358025,49.8700250956106,49.8396854632019,49.8459509447255,49.874244709492,49.9112416666718,49.9478947270245,49.9794877488125,50.0044865062663,50.0232571352212,50.0370525879635,50.0473216710715,50.0552874078571,50.0617366512245,50.0669782949846,50.0709321648606,50.0733032091359,50.0737857838971,50.0722409481391,50.0688010077419,50.063878657928,50.0580862513304,50.0520951791941,50.0464788640961,50.0415823010912,50.037448114169,50.0338090223036,50.0301361969674,50.0257182669102,50.0197405683385,50.0113400441375,49.9996273654565,49.9836925752748,49.9626411985467,49.9357399547063,49.9027754421923,49.864723602432,49.824747889373,49.7893185200151,49.7688089821079,49.7763511929048,49.8234873711645,49.9122848346186,50.0270079810891,50.1327271930166,50.1877778016424,50.1667491967455,50.0774519648489,49.9564124442586,49.8464430824629,49.7752533238349,49.7488238434324,49.7578047896162,49.7875381537507,49.8250488733503,49.8617184162964,49.8931599655803,49.918026970337,49.9367544068654,49.9505867899039,49.9609265780029,49.9689428359657,49.9753806392178,49.9805289249388,49.9843102270766,49.9864492791275,49.9866684373262,49.984856139804,49.9811652389434,49.9760197980875,49.9700355866609,49.9638827894307,49.9581324895242,49.9531282177343,49.9489117147337,49.9452129622795,49.9414949247773,49.9370291364373,49.9309731457487,49.9224264244979,49.9104572768634,49.8941179243508,49.8724956989175,49.8448804978706,49.8111519410351,49.7724802910621,49.7323456985717,49.6976371468353,49.6791355419379,49.6901118535164,49.7416051171178,49.8342711532823,49.9503368060159,50.0533364682967,50.1020135794634,50.073655586352,49.9794780260741,49.8578230932,49.7508537247101,49.6842080406435,49.6619553703502,49.673806634598,49.7050533186915,49.7431137581245,49.779831453496,49.8111668000884,49.8359653648945,49.8547262003516,49.8686754973934,49.8791578922546,49.8872785684509,49.8937352439143,49.8987978231782,49.9023999786713,49.9043014897646,49.9042722416909,49.9022477117927,49.8984162296218,49.8932190433559,49.8872693407458,49.8812181088264,49.87560665253,49.8707449040044,49.8666427651296,49.8630033591852,49.8592683509857,49.8546920078545,49.8484161574553,49.8395241894041,49.8270684490267,49.8100902596343,49.787682772638,49.7591788970881,49.7245682995722,49.6852330493915,49.644990272181,49.6111665716653,49.5949497918133,49.6096964989978,49.6658037286903,49.7623067841685,49.8792271554851,49.9786107806977,50.0199402089793,49.9836254613598,49.8844844148652,49.7625257226094,49.6589521514978,49.5971074376523,49.5790987917771,49.5937549050143,49.6263922990409,49.6648715225583,49.7015161139686,49.7326335323138,49.7572560259456,49.7759435471553,49.7899055051423,49.8004342670103,49.8085787182271,49.8149969153492,49.8199463641477,49.823377083452,49.8250877601919,49.8248983118653,49.8227918890637,49.818989994548,49.8139445347417,49.8082544747454,49.8025349615598,49.7972773378009,49.7927369220362,49.7888733645249,49.7853504670562,49.7815845057781,49.7768176487366,49.7701895563808,49.7607871212834,49.7476692201418,49.7298887938591,49.7065658311471,49.6770964750677,49.6416028759434,49.6017072627767,49.5615978552614,49.5290666473446,49.5156968766552,49.5348275156493,49.595979207335,49.6962463239842,49.8132282012965,49.9076231229946,49.9402040292962,49.8951320736591,49.7910643094772,49.6693994019201,49.5699014109418,49.5132970472996,49.4996655330629,49.5170390257503,49.5508677334461,49.5895246317853,49.6258418691032,49.6564799041297,49.6806589846422,49.6990063020404,49.7127277728016,49.7230809426033,49.731075414698,49.7373419475213,49.7421307955258,49.7454057768285,49.7469955493966,49.746757059544,49.7447065141152,49.7410842609833,49.7363398917515,49.7310468776696,49.7257749520693,49.7209576619603,49.7167899455,49.713178092654,49.7097467501298,49.7058905559333,49.7008466582965,49.6937621049922,49.6837381351889,49.6698513423839,49.6511779059116,49.6268786985026,49.5964339837784,49.5601323787295,49.5198883831705,49.4803279916524,49.4497653860103,49.4401687150825,49.4646976529184,49.5316280927583,49.6356224972798,49.7515448759236,49.8389817195356,49.8608247336658,49.8058951773018,49.6970190580818,49.5765945663573,49.482277851318,49.431712912911,49.4228259369728,49.4429390780588,49.4777718724689,49.5163116649045,49.5519555444016,49.5817448375485,49.6051056790209,49.6227507203412,49.6359032020729,49.6458065732135,49.6534473318897,49.6594367181343,49.6640152604884,49.6671484197899,49.6686756325411,49.6684684917252,49.6665546868101,49.6631758936986,49.6587678840218,49.6538736844961,49.6490185752662,49.6445837653281,49.6407120146408,49.6372654397868,49.6338381318973,49.6298098185888,49.6244165720548,49.6168135994073,49.606114510858,49.5914105909766,49.5718007657915,49.5464949060701,49.5150827772783,49.4780718696623,49.437754178715,49.3993022674636,49.37164324571,49.3671143343038,49.3984541123613,49.4721630656192,49.5798012631949,49.6931255630161,49.771014239592,49.7796270206751,49.7135975133812,49.6002572802849,49.4824443814602,49.3948550023236,49.3514798029152,49.3479366864934,49.370934839319,49.4066253478174,49.4447424784734,49.4793331327009,49.5078701410647,49.5300183271948,49.5466005287134,49.5588770102188,49.5680909155136,49.575211458602,49.5808268635321,49.585155423732,49.5881448117272,49.5896223035826,49.5894516516847,49.5876536614612,49.5844597841068,49.5802885440974,49.5756570595229,49.5710571975032,49.5668329756918,49.5630913317018,49.5596648224791,49.5561272585036,49.5518475067301,49.5460575219207,49.5379109873027,49.5265196541765,49.5109748800895,49.4903900500171,49.4640317272767,49.4316350371426,49.3940023928392,49.3539238337331,49.3172648269412,49.2936739644181,49.2958065721518,49.3356241712262,49.4171505633656,49.5280531737158,49.6366874073644,49.7019276283933,49.6946694860002,49.616579623252,49.4996234231771,49.3862582355648,49.307244558886,49.2723631214438,49.2748292969974,49.3008850221142,49.3373028699148,49.3747132490195,49.4079099695579,49.4348560327609,49.4554894679869,49.4707622549504,49.4819790636896,49.4903804042239,49.496907739849,49.5021098014422,49.5061629266752,49.5089770945606,49.5103501990203,49.5101258782236,49.5083121414236,49.5051311475369,49.5009915450133,49.4963971630469,49.4918224834521,49.4875914401228,49.4837907355692,49.4802348492511,49.476482473661,49.471889008393,49.4656716323597,49.4569650832818,49.4448583534114,49.4284242513637,49.4067829886675,49.3792730310669,49.3458268944572,49.3076426822493,49.2681573239892,49.234093438354,49.2159119096053,49.2264532838664,49.2763979842466,49.3664484213022,49.4796015092694,49.5807998376253,49.6300498926482,49.6046725916189,49.5143672215274,49.3953967264767,49.2887062861596,49.2201453032474,49.194902816989,49.2038637113399,49.2330336666552,49.2700173240198,49.3064825037482,49.3380522236467,49.3632229607748,49.382223899552,49.3961361755615,49.406295672362,49.4139183237378,49.4198920598616,49.4247014643084,49.4284615752856,49.4310332926922,49.432182485458,49.43173787535,49.4297056847097,49.4263131446391,49.421974452951,49.4171948210503,49.4124439506295,49.4080352568408,49.4040408951107,49.4002582810686,49.3962266450859,49.3912778989381,49.3845991893427,49.3752875167423,49.3623903359078,49.3449491890826,49.3220935844936,49.2932637818933,49.2586605767736,49.2199985623291,49.1815228741974,49.1509647106527,49.1396249374728,49.1602678050905,49.2216292278482,49.3201796723084,49.4336658557012,49.5240920988616,49.5541989103188,49.5094166162678,49.4079293627741,49.2893321204329,49.1916874680556,49.1351357130307,49.1202074259421,49.1357551485394,49.167866695232,49.2051863784892,49.2405231214714,49.2703699346746,49.2937643403518,49.3112151125108,49.3239080290242,49.3331773412166,49.3401787700125,49.3457145758947,49.3501822504002,49.3536254401582,49.3558594976391,49.3566332938636,49.3557829073529,49.3533371757521,49.3495502456465,49.3448578437629,49.3397751561762,49.3347684150679,49.3301357523199,49.3259255954967,49.3219062698595,49.3175838722167,49.3122523770183,49.3050545432075,49.295036845311,49.2811968478309,49.2625460693939,49.2382423266774,49.2078754645644,49.1720022808337,49.1329847632932,49.0960291109067,49.0699800916093,49.0669019688368,49.0990651794582,49.172466924502,49.2784937082363,49.3894520713625,49.4654811737563,49.4739955537823,49.409892523443,49.2995047077215,49.1841938232002,49.0977351446778,49.054114698108,49.0495127387717,49.0712541472137,49.1058727197671,49.143221175252,49.1772910780909,49.205429555798,49.2271796416514,49.2432883659519,49.2550032122326,49.2636151894769,49.2701837409663,49.2753998111039,49.2795624197643,49.2826480690095,49.2844446708936,49.2847115143793,49.2833225581697,49.2803565519986,49.2761135843263,49.2710588586203,49.2657141122947,49.2605291843889,49.2557677504213,49.2514327824553,49.2472425512301,49.2426522478016,49.2369047604312,49.2290906809873,49.2182043016973,49.2031995114021,49.1830757334234,49.1570554448168,49.1249418687559,49.08774648938,49.0486079106898,49.0138180258933,48.9933663509417,48.9998735897821,49.0445430208991,49.1297719463877,49.2412086402923,49.3460553229466,49.4042284772108,49.3898312990785,49.3079577028788,49.1919134392377,49.0828851623014,49.0091755603314,48.9786210687857,48.9836897517667,49.010803283518,49.0472862522643,49.0842985994041,49.1169852386938,49.1434774688818,49.1637534021548,49.1787388964227,49.1896956762533,49.1978356364082,49.2040984536584,49.2090539623509,49.2129070155435,49.2155838146279,49.2168704419854,49.2165655580427,49.2146073340473,49.2111429196633,49.2065255758302,49.2012449435165,49.1958133930979,49.1906408448561,49.1859296770849,49.1816116075376,49.1773337053324,49.1724861283046,49.1662546230494,49.1576797464177,49.1457139086738,49.1292867530461,49.1074172698598,49.0794423271368,49.0454536289901,49.0070211414767,48.9681792163636,48.9363890544639,48.9227256386535,48.9400173083629,48.9976878649677,49.0936783220786,49.2075539293571,49.3023222338348,49.3397450993708,49.3024151849722,49.2055631733887,49.0876037545368,48.9875362428378,48.9274075483511,48.9093357302653,48.9229218590995,48.9543210434195,48.9919215532621,49.0282096643499,49.0593949605225,49.0842870489341,49.1032122007087,49.1172140185767,49.12753005831,49.1352729578152,49.1412574063076,49.1459391563978,49.1494452615041,49.1516736469507,49.1524318594016,49.1515779471965,49.1491271070132,49.1452979296197,49.1404893813063,49.1351987467946,49.12990569832,49.1249541486991,49.1204603370275,49.1162646241249,49.1119299481234,49.1067768151304,49.0999375099287,49.0904139255003,49.0771353785277,49.0590346885631,49.0351902070677,49.0051117254038,48.9692632492826,48.9298813750798,48.8920043779593,48.8643008494884,48.8587711322722,48.8879504992529,48.9586427018557,49.0635333339033,49.1761380734418,49.2567382227569,49.2712619615264,49.2121717790756,49.1039916784622,48.9879443500758,48.8990100332698,48.8526468856292,48.8459953351521,48.8667013560952,48.9012206549866,48.9391861481438,48.974364387128,49.0039073593867,49.0271861958006,49.0447916392226,49.0578356810365,49.0675095135289,49.0748236113945,49.0804774853675,49.0848299358136,49.0879499812863,49.0897255032044,49.0899987067968,49.0886926754852,49.0858965462562,49.0818888370661,49.0770959830343,49.0720007208015,49.0670271767856,49.0624329825056,49.0582331481952,49.0541683751081,49.0497164053082,49.0441337162108,49.0365103688453,49.0258256415631,49.01100712958,48.9910204670757,48.9650473664019,48.9328374097512,48.8953232593099,48.8555276692108,48.8195960605639,48.7973945566267,48.8015708538754,48.8436883788511,48.9269529716668,49.0380900116979,49.1450361300845,49.2073568509812,49.1975826158741,49.1188918887739,49.0035673822322,48.8931332152346,48.8170325635471,48.7841967915518,48.7876995014467,48.814105506181,48.8506329310025,48.8882591476602,48.9219480204512,48.949666554985,48.9712415404006,48.9874613440731,48.9994744824435,49.0084189020451,49.0152113083621,49.0204518802657,49.0244197724722,49.0271402640164,49.0284993771483,49.028374337715,49.0267455309746,49.0237613258436,49.0197407648766,49.0151166674147,49.0103376343333,49.0057569139539,49.0015366316962,48.997588114426,48.9935561767205,48.9888418899473,48.9826491300883,48.9740386476882,48.9619815427326,48.9454222709865,48.9233882176822,48.8952137548688,48.8609696526156,48.8221770200143,48.7827877487721,48.7501576423939,48.7352785177939,48.75100962893,48.807035710417,48.9018375902583,49.0156403339172,49.1118194199451,49.1517918809229,49.1171110240449,49.0218749823106,48.903975008796,48.8026865280868,48.7407665133612,48.7210000975863,48.7333737768227,48.7641561823391,48.8016847099759,48.8383240413206,48.8701422628738,48.8958091800544,48.9155240414671,48.9302266265659,48.9410848938519,48.9491846273156,48.9553586422155,48.9601196378868,48.9636763843425,48.9660143173403,48.9670148312118,48.9665807471342,48.9647348689308,48.9616666479121,48.9577170662508,48.9533092665504,48.9488466793845,48.9446071829394,48.9406596416055,48.936819516149,48.9326469020416,48.9274780640909,48.9204746401515,48.9106762712874,48.8970539886303,48.8785831091081,48.8543833434803,48.8240036601688,48.7879440443062,48.748471294746,48.7106412669396,48.6831130186637,48.6778273682282,48.7071890304844,48.7778113323345,48.8822136370138,48.9939227252447,49.0735137034793,49.087373253113,49.0282495015286,48.9205260578314,48.8049731454847,48.7161672369615,48.669458400949,48.662147922816,48.682136482801,48.7160798983765,48.7537003973929,48.7887554747009,48.8183284910117,48.841701290041,48.8593842693333,48.872436987782,48.8820352155325,48.8892111514762,48.8947155690196,48.8989747589206,48.9021254089237,48.9041079102931,48.9047903609138,48.9040896733143,48.9020579408182,48.8989126865507,48.8950060055488,48.8907446982277,48.8864858866928,48.8824367496338,48.8785823249392,48.8746541525489,48.8701391204362,48.8643169970044,48.8563108244453,48.8451392286936,48.8297747627545,48.8092368369995,48.78277800319,48.7502488255656,48.7127272830927,48.6734298759113,48.6387151157204,48.6185859461916,48.6255671453084,48.6706170898097,48.7557828918273,48.8664479928963,48.9699165437629,49.0266878681614,49.0116152339975,48.9301241663525,48.8151463692439,48.7071123130764,48.6337617565079,48.6028520502156,48.6071447845147,48.6334570701516,48.6694106394661,48.7062946640777,48.7392333645532,48.7662393834381,48.78712995628,48.8026761162934,48.8140277187611,48.8223505615208,48.8286104034846,48.8334648961165,48.8372439495927,48.8400036404322,48.8416325111723,48.8419801135489,48.8409732880711,48.8386899949365,48.8353732846467,48.8313853820191,48.8271182543441,48.8228873576293,48.8188367631824,48.8148769368492,48.8106641694502,48.8056176408371,48.7989610314943,48.7897741606595,48.7770484713111,48.7597587316319,48.7369903879225,48.7081920560403,48.6736419000897,48.6351951602102,48.5972634791518,48.5676934882549,48.5577370246318,48.5798321441969,48.642098203168,48.7403252410879,48.8520146891723,48.9398307606698,48.9679444039397,48.9230480395447,48.8234201557205,48.7075430216005,48.612087728923,48.5564443594958,48.5412389222906,48.5559006347117,48.5871310253001,48.6239767771301,48.6593879705065,48.6897912544807,48.7140338012968,48.7323909618116,48.7458400499847,48.7555819554886,48.7627411006251,48.7681903559081,48.772473280639,48.7758096360502,48.7781693262325,48.7793910249658,48.7793130070063,48.7778815817973,48.7752096657897,48.7715728526648,48.7673481641777,48.7629157746077,48.7585518778011,48.7543397134466,48.7501169064374,48.7454644197409,48.7397303622294,48.7320751220156,48.7215260847919,48.7070421824809,48.6876104611201,48.6624257719759,48.6312321015867,48.5949100602677,48.5563395200853,48.5213848560051,48.4994799146449,48.5027762759905,48.5425355510314,48.6222676825251,48.7299266918999,48.8353509917874,48.8995859832937,48.8948899253898,48.8221838848142,48.7109241423419,48.6010922261638,48.522518720955,48.4856781609127,48.4851920283121,48.5085330917,48.5431497482415,48.5798237758653,48.6131610550337,48.6407784581662,48.6622419471746,48.6781947778816,48.6897532585826,48.6981165032205,48.7043246505309,48.7091248386616,48.7129261648054,48.7158321619332,48.7177341715502,48.7184388907287,48.7177961474744,48.7157937751673,48.7125964172784,48.7085213918371,48.7039621517254,48.6992829224656,48.6947131006261,48.690266210072,48.6856978332689,48.6805041369416,48.6739521812791,48.6651293051943,48.6530043059021,48.6365089386269,48.6146733017756,48.5868779754957,48.5533064543915,48.5156651425355,48.4781330685995,48.4482396510929,48.4369152480466,48.4564844792894,48.5154817005214,48.6108643654794,48.7218015396243,48.812181021878,48.84581276075,48.8072381643001,48.7120669590587,48.5973246749337,48.5000747778077,48.4412046643297,48.422810495976,48.4351474615798,48.4651001632891,48.5015303626741,48.5370900380281,48.5679332334783,48.5927054850456,48.6115519120104,48.62537891424,48.6353640317519,48.6426456772187,48.6481367229288,48.652432527449,48.6558002114628,48.6582375929539,48.6595822225323,48.6596412812516,48.6583085482437,48.6556387944293,48.6518623715024,48.6473396498463,48.6424709251628,48.6375876056637,48.632852293078,48.6281891277832,48.6232544302544,48.6174456747541,48.6099387783129,48.5997432933169,48.5857745815465,48.5669617539835,48.5424375832766,48.5118837263271,48.4761121822418,48.4379128984419,48.4030246076403,48.3807281786302,48.3830576452583,48.4213276968384,48.4994332253428,48.6060777133682,48.7119251188538,48.7783382914499,48.7769493487101,48.707359136092,48.5978613906268,48.488123483281,48.4084778861263,48.3701841640011,48.3684595363221,48.3910367177499,48.4253741671315,48.4621507958782,48.4958480598773,48.5239731325772,48.5460024402335,48.5625069085444,48.574547069602,48.5832857547052,48.5897496246208,48.5946950463999,48.5985575574301,48.6014741286862,48.6033645851216,48.604049476146,48.6033738763085,48.6013054614696,48.5979826227754,48.5937025171438,48.5888553710835,48.5838248988776,48.5788814333983,48.5740928860104,48.569270344723,48.5639535264803,48.5574309174287,48.5487845202894,48.5369528412437,48.5208196451885,48.4993594200559,48.4718988564806,48.4385744443193,48.4010516224097,48.3634693835015,48.3333160041538,48.3214936041464,48.3403534434579,48.398573865069,48.4934068690433,48.6043875231492,48.6956192703593,48.7307488787116,48.6937887093328,48.5997761529954,48.4854794318904,48.3880951640402,48.3288323426184,48.3100657991855,48.3221937879725,48.3521363476879,48.3887427392947,48.4246415665501,48.4559610270271,48.4813129018452,48.5007955300563,48.5152573600977,48.525815705499,48.5335587441739,48.53936993106,48.5438414365872,48.5472615753695,48.5496653907543,48.5509317831072,48.550901948649,48.5494889457459,48.5467507205606,48.5429091219208,48.5383123569413,48.533353272391,48.528366214542,48.5235282222681,48.5187857690633,48.5138185110293,48.5080404567348,48.5006310264786,48.4905873975784,48.4767978517903,48.4581542666444,48.4337483056457,48.4032225969039,48.3673563019864,48.3289151459457,48.2936258897066,48.2707800233719,48.2724662872492,48.3101248448123,48.3878512680717,48.4945642846574,48.6010211611139,48.6684290355699,48.668047875827,48.5991176460064,48.4898150726743,48.3799535827535,48.3001019009696,48.2616806883603,48.2599552489217,48.2826452168441,48.3171916842758,48.3542735343106,48.3883815795349,48.4170240877917,48.439657496263,48.4568092795622,48.4694805620999,48.4787724720473,48.4856626074527,48.490882498605,48.4948720533067,48.4977990750978,48.4996314141495,48.5002420795251,48.4995206204907,48.4974624982147,48.4942141240449,48.4900634714354,48.4853809092106,48.4805275196927,48.4757549232287,48.4711199686095,48.4664305648689,48.4612285013812,48.4548054689296,48.446243754246,48.4344764462748,48.418375218739,48.3968964458025,48.3693442998435,48.3358303441889,48.2979953342149,48.2599591022832,48.2292079884627,48.2166808797915,48.2348319969947,48.292521599643,48.3872221910391,48.4986098460717,48.5907052958209,48.6268190302544,48.590553216398,48.4967297836853,48.3822031081335,48.2844236581209,48.2248192744059,48.2058575544181,48.2179357010379,48.2479463062319,48.2847236319218,48.3208964990998,48.3525940260785,48.378415308428,48.398426425283,48.4134273430221,48.4244807309692,48.4326267904406,48.438719246463,48.443345858132,48.446816580599,48.4492085109868,48.4504526974558,48.4504404433769,48.4491220870268,48.4465731338674,48.4430115365438,48.438763345808,48.4341876522527,48.4295814568153,48.4250881434908,48.4206292704926,48.4158704893363,48.4102221817459,48.4028680268198,48.3928138674748,48.3789574784048,48.3601979815655,48.3356297602129,48.3048923144333,48.268755817869,48.2299734481527,48.1942623447625,48.1709200107672,48.172075222606,48.2092580569375,48.2866977215984,48.3934402024829,48.5002750085781,48.5682801954836,48.5684638582896,48.4998360210579,48.3904974895834,48.2803458740566,48.2000977241981,48.1612939474989,48.1592650978921,48.1817577478862,48.2162231562563,48.2533425213065,48.2875999865389,48.3164848313511,48.3394217704349,48.3568977292155,48.3698717248724,48.3794098053287,48.3864691081413,48.3917799253593,48.3958005261324,48.3987326483417,48.4005861388497,48.4012748424601,48.4007191918452,48.3989291697415,48.3960465891808,48.3923369226563,48.3881347200937,48.3837585984577,48.3794182667367,48.3751355100801,48.3706943890236,48.3656260346372,48.359224326927,48.3505844268718,48.3386597572388,48.3223463517051,48.3006261496595,48.2728285525431,48.2390900906951,48.2010775638858,48.162938874317,48.1321874101395,48.1197759889813,48.1381360582285,48.1960427681866,48.2908229911347,48.4020114524633,48.4936091979811,48.5290999717979,48.4923642779119,48.3983996350757,48.2840055338689,48.1864226269899,48.1268907162624,48.1078170037406,48.1196515864569,48.1493823755157,48.1859226670811,48.2219402315289,48.253565299869,48.2793735692132,48.2993979087841,48.3144072579788,48.3254436133894,48.3335411244458,48.3395626754416,48.3441177756842,48.3475456759183,48.3499539415339,48.3512988283205,48.351486296541,48.3504675525551,48.3483044491078,48.3451884912629,48.341410186335,48.3372888829975,48.333082853032,48.3289024629246,48.3246455121908,48.3199651780489,48.3142710993022,48.3067570820631,48.2964483873574,48.2822700866396,48.2631563307971,48.2382464840177,48.2072401156099,48.1709894019883,48.1323549149366,48.0971751192254,48.0748384463277,48.077442566216,48.116243209658,48.1948905707967,48.301699175637,48.4070152418597,48.4722524306155,48.4695542866243,48.3991815482272,48.289748497763,48.1807104420566,48.1019008003095,48.0641726130072,48.0626180484436,48.0850815402135,48.1192289303854,48.1559243625081,48.1897549754352,48.2182447846836,48.2408154164994,48.2579400091997,48.2705699956179,48.2797769989426,48.2865364667732,48.2916047831327,48.2954671764688,48.2983464497475,48.3002625550865,48.3011259762766,48.300840530237,48.2993888167379,48.2968784361268,48.2935382611438,48.289667973401,48.2855562777295,48.2813899860429,48.2771758794186,48.2726907797043,48.2674655338307,48.260799674928,48.2517994219577,48.2394356072315,48.2226317993001,48.2004157610323,48.172194685696,48.1382330244363,48.1003915677939,48.0630743584357,48.0340568292707,48.0244120153062,48.0463039166172,48.1076132323516,48.2041859349292,48.3141149529162,48.4011026143077,48.4301997858762,48.3880622920958,48.29186380455,48.1786350318006,48.0841796150179,48.0279446976478,48.0112159640753,48.0241776871413,48.0540696367208,48.0901923968488,48.1255254670561,48.1563838208938,48.1814286154927,48.2007243016305,48.2150528955557,48.2254701102149,48.2330301661945,48.2386196863622,48.2428691515548,48.2461293971192,48.2485057164418,48.249937046493,48.2502991091165,48.2495045838597,48.2475743340193,48.2446620298931,48.2410277631043,48.2369701312572,48.2327364161323,48.2284340303516,48.2239629508039,48.2189803988055,48.2128992322644,48.2049146061672,48.1940531935965,48.1792481860723,48.1594620490887,48.1339049814726,48.1024211379576,48.0661151135526,48.028225052073,47.9950507998088,47.9763623546587,47.9842232735824,48.0289949987776,48.1123324942044,48.2199524433628,48.3205078327496,48.3763545592781,48.3634187993051,48.2864014815658,48.1761092934743,48.0709571318202,47.9979568600476,47.9654311870647,47.9672577319915,47.9912297645527,48.0255198356659,48.0615703591271,48.0944010142951,48.1217935143743,48.1432997010845,48.1594515260104,48.1712273799477,48.1797144184363,48.1858988720416,48.1905424049821,48.1941267823017,48.1968600369304,48.1987357517888,48.1996287711554,48.1994024127106,48.1979993409622,48.1954929791285,48.1920876383166,48.1880698241464,48.183725850675,48.1792481435228,48.174652740634,48.1697243423246,48.163995788941,48.1567601588521,48.1471099169474,48.1340019619034,48.1163616725003,48.0932621554494,48.0642408752527,48.0298287541538,47.9923328652394,47.9567755971801,47.9315855389128,47.9281658367307,47.9581005594079,48.0272216762789,48.1279693995894,48.2351370799134,48.3117483459724,48.3263867637087,48.2719468696877,48.1705540605302,48.0599458143202,47.9729135128061,47.9249388330822,47.914636073469,47.9313365176372,47.9626355778626,47.9986160424221,48.0329840061389,48.0625594895801,48.0862963760668,48.1044043417716,48.1177244802667,48.1273264330719,48.134255704816,48.1393782700185,48.1432968321002,48.1463299137789,48.1485481449452,48.1498558014634,48.1500964248704,48.1491553263341,48.1470326918343,48.1438693561914,48.1399205928623,48.1354871889652,48.1308233075778,48.1260443757437,48.1210550807555,48.1155095106237,48.1088061931219,48.1001145035124,48.0884294071197,48.0726612885097,48.051787028931,48.0251139104906,47.9927278748264,47.9561858730232,47.9194198230431,47.889580571303,47.8771308712761,47.8940424612188,47.9490091110485,48.0400859739442,48.1484783647272,48.240152151442,48.279477331245,48.2491041003175,48.1612086257063,48.0500415196409,47.9520793724146,47.8895609774046,47.8665671544935,47.8748851800783,47.9021333728189,47.937275209061,47.9727272647912,48.0042893752157,48.0302465241066,48.050424564092,48.0654753555198,48.0764047944131,48.0842763405812,48.0900270061699,48.0943600787428,48.0977008278203,48.100210068483,48.1018475762435,48.1024687650881,48.1019301391497,48.1001766011769,48.0972886709419,48.0934788296425,48.0890400163692,48.0842613845328,48.0793332318444,48.0742630329998,48.0688186475018,48.0625059820805,48.0545806798064,48.0440908389262,48.0299534992437,48.0110830809839,47.9866133639762,47.956277981002,47.9210176939107,47.8838256985338,47.8506623535128,47.8309126708009,47.8363835742434,47.8776267689207,47.9572637665258,48.0627357570955,48.164434750018,48.2251761012085,48.2192684460686,48.1484700677943,48.0412208629473,47.9354962765207,47.85955807184,47.8234651479882,47.8223392593719,47.8444640397522,47.8779654929653,47.9140120517133,47.9473264703897,47.9754524468436,47.9977726377658,48.0147042383262,48.0271514442042,48.0361609654861,48.0427098146767,48.047578282341,48.0512867799623,48.0540893513256,48.0560181557957,48.0569666794425,48.0567910235234,48.0554037594607,48.0528366000582,48.0492566052586,48.0449332584043,48.0401665013096,48.0351948146591,48.0301053007275,48.0247643509077,48.0187799363076,48.0114984089663,48.0020340014402,47.9893315508091,47.9722745898234,47.9498715639563,47.9215773641902,47.8878206648072,47.8507773234581,47.8153005337762,47.7896244366813,47.7850004296981,47.8130501517194,47.8800175813222,47.9791940124888,48.0863829014452,48.1651263100087,48.1834560624791,48.1327913340877,48.0337876721871,47.9236234226195,47.8355506758163,47.7859563418579,47.7742003845824,47.7899672664068,47.8208921562649,47.8569529265997,47.8917256681095,47.9219215687304,47.9464082903101,47.9653201244119,47.9794263879026,47.9897306252803,47.9972264435909,48.0027514017624,48.0069080712656,48.0100405967336,48.0122614220741,48.0135193069084,48.0136920117762,48.0126807407194,48.010482519239,48.0072223858852,48.0031380811076,47.998522422721,47.9936388643933,47.9886308975344,47.9834449790312,47.9777807504875,47.9710744203721,47.9625151616371,47.951094020532,47.9356929728548,47.9152392667073,47.8889740804236,47.8569040732601,47.8204942412821,47.7835728310091,47.7531873974641,47.7397384135419,47.7552577452351,47.808721667924,47.8987204285623,48.0070788089375,48.1000773509099,48.1417384482827,48.113780309318,48.0274430846983,47.9166259745597,47.8181143751488,47.7547302243476,47.731009828608,47.7389299336836,47.7661076440608,47.8014378489264,47.8372755265886,47.8693823275478,47.8960145736355,47.9169609319945,47.932818846983,47.9445260633692,47.9530766101502,47.9593523997672,47.964028779337,47.9675359321395,47.97006931334,47.9716423609888,47.9721684732668,47.9715523682409,47.9697679732254,47.9669031319292,47.9631601793678,47.9588131347357,47.9541332081278,47.949301228988,47.9443267748023,47.9389895997887,47.9328117433491,47.925061955472,47.9147916278433,47.900906493738,47.8822926767421,47.8580379624346,47.8278121072555,47.7924743029751,47.754922150401,47.7210221664571,47.7001087111216,47.7040572727626,47.7436980989229,47.8221697120759,47.9275171922599,48.0304565411406,48.0934813568303,48.089966083897,48.0206830408839,47.9136709373111,47.8072207917371,47.7302318696104,47.6932671410672,47.6916483251756,47.7136381395805,47.747267627342,47.7836267568551,47.8173969033017,47.8461006122644,47.8690963700361,47.8867604079653,47.8999385670731,47.9096116480606,47.916698143844,47.9219415663726,47.9258563746558,47.9287226430242,47.9306236181237,47.9315161268356,47.9313169534311,47.9299837824821,47.9275701515678,47.9242405445498,47.9202423640368,47.9158426887289,47.9112459933495,47.9065121057357,47.9014912493353,47.8957867188246,47.8887486777136,47.8794984878811,47.8669853578028,47.8500882754961,47.8277961985755,47.7995236219164,47.7656327032801,47.7282055559379,47.6919857430093,47.665119601691,47.6588695357503,47.6850740207587,47.7504725245783,47.8490430765054,47.9571247485095,48.0381781182873,48.0593625790432,48.0108768102359,47.9125899117834,47.8017467744507,47.7122626809074,47.6612313772187,47.6484181697886,47.6635984269511,47.694331073485,47.730483090905,47.7655443111254,47.7961689766687,47.8211812221218,47.8406707266461,47.8553560305224,47.8661878083362,47.8741141511671,47.8799447166617,47.8842789274484,47.8874840440772,47.8897171240122,47.8909831782296,47.8912154744674,47.8903582262123,47.8884306574322,47.8855560425789,47.8819486672735,47.8778627915681,47.873517102024,47.8690130485018,47.8642648344413,47.8589536505273,47.8525116800006,47.8441360511003,47.8328328984655,47.817499836205,47.7970724310498,47.7707840078757,47.7386080898081,47.701944310787,47.6645246430167,47.6332903744065,47.618580597666,47.632504268915,47.6843535047112,47.773286337493,47.8817514995961,47.9763003818149,48.0205176972192,47.9950768086825,47.9101817472271,47.7993311504756,47.6996458282075,47.634625367283,47.6093835845907,47.6161879597987,47.6427048507798,47.6777569913184,47.7135964404192,47.7458913345115,47.7728217313187,47.7941137392971,47.8103126911259,47.8223151258338,47.8310879915761,47.8375037959005,47.8422477548681,47.8457774611477,47.8483280508592,47.8499570054533,47.8506172393073,47.8502405159597,47.8488100091671,47.8464032985223,47.8431949888616,47.8394190296048,47.8353011898783,47.8309788405152,47.8264264885673,47.8214016991107,47.8154192921013,47.8077554043751,47.7974808810886,47.7835286935042,47.7648144032802,47.7404509127248,47.7101216695487,47.6746810950575,47.6369981908683,47.6028868835826,47.5816162356453,47.5850141583969,47.6239330037165,47.7016590969802,47.8065205759469,47.9095504755288,47.9733812399971,47.9711656666946,47.9031430679389,47.7968107205655,47.6902228543912,47.6124173966239,47.5743038703211,47.5715426503033,47.5926080836388,47.6256054897445,47.6616047586235,47.6952208508541,47.7238973694394,47.7469205654058,47.7646109763704,47.7777798757171,47.7873958571293,47.7943859495712,47.7995186373338,47.8033432742511,47.8061770168008,47.8081347544861,47.8091933403302,47.8092742470402,47.8083236906667,47.806369498798,47.8035401935363,47.8000420980986,47.7961014186565,47.7918866942114,47.7874303775214,47.7825661738637,47.7768927144605,47.7697672776517,47.7603293442906,47.7475562765306,47.7303646759123,47.7077909488923,47.6793083817546,47.6453509512685,47.6080840613693,47.5723338471592,47.5462946214474,47.5411788221716,47.568598829533,47.6348615558298,47.7334282224818,47.8403589032671,47.9194201897023,47.9386542189313,47.8891781143279,47.7911545927838,47.6813575008,47.592930806139,47.5424418006671,47.52956117553,47.5442565796106,47.5743423293728,47.6098675211959,47.6443997535212,47.6745933554024,47.6992353300045,47.7183737542442,47.7327006665456,47.7431630819322,47.7507272209489,47.7562358469619,47.7603267008886,47.7634004546961,47.765634423114,47.7670359123294,47.767521803668,47.7670042762392,47.7654605223766,47.7629684964293,47.7597001069958,47.7558747969968,47.7516864618288,47.7472221748824,47.7423910309082,47.7368765076264,47.7301187882214,47.7213281672691,47.7095307075179,47.6936555692238,47.6726907447698,47.6459571276629,47.6135686354445,47.5771320950915,47.5406460131586,47.5113168230109,47.499595765811,47.5173037528243,47.5728068045296,47.663741236306,47.7710662439357,47.8609940928995,47.8986812571526,47.8676578471952,47.7804258042705,47.6707791053177,47.5743540955284,47.5127505411371,47.48988432084,47.4977506405498,47.5243091559686,47.5588189349225,47.5938750733762,47.6253387875516,47.6514672414666,47.6720022965639,47.6874868081065,47.6988207185041,47.7069881668398,47.7128897561531,47.717241218299,47.7205232580947,47.7229787527081,47.7246534651131,47.7254696762117,47.7253143068908,47.7241189096591,47.7219108714261,47.7188230903555,47.7150607674776,47.7108351113446,47.7062812849939,47.7013799174178,47.6958981510714,47.6893596845107,47.6810470828811,47.6700376262614,47.6552794104771,47.6357289061886,47.6105929131286,47.5797381251439,47.5443285319986,47.5076820084685,47.4761399012511,47.4593713851354,47.4690788949033,47.5149672201722,47.5979375871788,47.7033603118102,47.8005119734409,47.8533612130895,47.8395299415579,47.7642514399527,47.6573122550052,47.5554065158756,47.4843080366916,47.4520885624563,47.4530955732607,47.4757999033275,47.508913327398,47.5441733299963,47.5766835621929,47.6041700829508,47.6260534260883,47.6427071696965,47.6549617883369,47.6637961733667,47.6701471475091,47.6747913988361,47.6782799840475,47.6809204102188,47.6828040690085,47.6838712785123,47.6839979029791,47.6830816029611,47.6811055109029,47.6781632134889,47.6744395231993,47.6701532097263,47.6654769968752,47.660454202855,47.6549298750736,47.6485087058377,47.6405455564573,47.630170909802,47.6163565803377,47.5980387569463,47.5743352472643,47.5449150176249,47.5105826691062,47.474091102487,47.4410332873961,47.4203335096035,47.4234055037608,47.4608089209866,47.5359865748566,47.6381572811674,47.7398448260951,47.804965626032,47.8066781712921,47.7436325360576,47.6411109093822,47.5357742690135,47.4567323249853,47.4159622161616,47.4103207043298,47.4290568641271,47.4605437094713,47.4957779925617,47.5291568908695,47.5578915017386,47.5810807471979,47.5989198771825,47.6121545909459,47.6217385950525,47.6286230108709,47.6336253468601,47.6373526364916,47.6401713387727,47.6422223846596,47.6434760973357,47.6438137461452,47.64311548534,47.6413322365123,47.6385231739448,47.6348497828534,47.6305289988659,47.6257580683407,47.6206295794195,47.6150554229074,47.6087141592364,47.6010300749844,47.5911877922416,47.5781873683991,47.5609540972643,47.5385349312804,47.5104346965513,47.4771550506397,47.4409648717769,47.406797605415,47.3828787005849,47.3802472012319,47.4100102526987,47.4776413489965,47.5757420566404,47.6800948073979,47.7552952130788,47.7711250208575,47.7202951524098,47.6233394054565,47.5160934255807,47.4303213626288,47.381661532028,47.369573025294,47.384281777237,47.4139830010793,47.4490238368439,47.4831356778474,47.5130296149552,47.5374865771516,47.5565208673869,47.5707852941715,47.5811949554263,47.5886979964481,47.5941346187997,47.5981526905711,47.6011689876578,47.6033739217434,47.6047762356996,47.6052771591589,47.604756104705,47.6031463389873,47.6004812950214,47.5968999402126,47.5926104513058,47.5878219421056,47.5826610341875,47.5770919791713,47.5708561361855,47.563441046519,47.5540845293962,47.5418188842468,47.5255674685738,47.5043216212719,47.4774466916757,47.4451794769614,47.4093573150214,47.3743108818156,47.3475956933014,47.3398187127969,47.3624297602135,47.4225888232975,47.5159639706139,47.6216136095967,47.7053490027034,47.7343731190209,47.695913132608,47.6055159435992,47.4975357662164,47.4058624221105,47.3496538414737,47.3311057922601,47.3416155540868,47.3693341725073,47.4040179081998,47.438746023464,47.4697265927057,47.4954171282836,47.5156465437973,47.5309699198355,47.5422565280402,47.5504412790598,47.5563748755522,47.5607343408646,47.563978495608,47.5663446918044,47.5678842032889,47.5685281023842,47.5681682014342,47.5667330489434,47.5642396247364,47.560807544277,47.5566324040001,47.5519252681936,47.5468330793306,47.5413579533643,47.5352916908633,47.5281770566251,47.5193025101012,47.5077357469929,47.4924068870206,47.4722660112679,47.4465598420492,47.4152887083124,47.3798931013466,47.3441330343554,47.3148999690286,47.3023080552074,47.3179839746857,47.3705207553539,47.4584512916791,47.564199329078,47.6552985882105,47.6970453220693,47.6714826363166,47.5888162955093,47.4812259653173,47.3842454591018,47.3205112066135,47.2951905259699,47.3011069176028,47.3265141733342,47.3606187786301,47.3958329556606,47.4278324403378,47.4547274018158,47.4761470720187,47.4925415109076,47.5047298749279,47.5136296452506,47.5200967778141,47.5248315847419,47.5283298745588,47.5308733587392,47.5325569085971,47.5333463077831,47.533153409485,47.5319104757175,47.5296248740375,47.52640002826,47.5224172415629,47.517882982076,47.51295438039,47.5076598031565,47.5018308181426,47.4950578629072,47.4866771726631,47.4757944957712,47.4613551806833,47.4422824190042,47.4177246687514,47.387471717954,47.3525956836836,47.3163070656232,47.2848249946798,47.2676982128705,47.2765633624097,47.3212091280517,47.4028631083994,47.5074430321569,47.6047542337564,47.6588959501807,47.6470259358937,47.573574361057,47.4677176632445,47.366055398501,47.2946699560145,47.2620229954553,47.262714759939,47.2853048973599,47.3185033410027,47.3540257742912,47.3869631142028,47.4150333988859,47.4376375892217,47.4551062256359,47.46820283366,47.4778262846531,47.4848378360213,47.4899608508902,47.4937273437342,47.4964625739499,47.4983049325732,47.4992561136063,47.4992504969878,47.4982272264283,47.4961868484032,47.493217832801,47.4894859746868,47.4851891746022,47.4804884551573,47.4754309108623,47.4698806508226,47.4634704915156,47.4555825563828,47.445363345075,47.4317816432818,47.4137482733218,47.3903349188407,47.361149110973,47.3269265143451,47.2903532275642,47.2569709415442,47.2356897050531,47.2379780606974,47.2745512639465,47.3491049136334,47.4511216503715,47.5532325327714,47.6191714604747,47.6216955406634,47.559114917895,47.4566721683583,47.3512524668452,47.2722172996124,47.2316445285018,47.2263407168189,47.2454559373401,47.2773027714261,47.3128820628964,47.346638973927,47.375839993527,47.3996159731278,47.4181544791902,47.4321536168624,47.4424921248975,47.4500389662336,47.4555439519109,47.459578032991,47.4625114295031,47.4645261899316,47.4656591908332,47.4658662187763,47.4650920996719,47.4633293305298,47.4606499875635,47.4572024222061,47.4531733228641,47.4487242580177,47.4439173094216,47.4386455960783,47.4325818319078,47.4251536120398,47.4155510146344,47.4027737454532,47.3857341368177,47.3634493531526,47.3353767520538,47.3019560943694,47.2653891310862,47.2305559973757,47.2056764606054,47.2018796635903,47.2305018242225,47.2973725398855,47.3954474667173,47.500621109155,47.5771706671676,47.5942334459878,47.5439678968235,47.4468258185204,47.3390053619284,47.252722178787,47.2038515068336,47.1918367079622,47.2067717569196,47.2367392194501,47.2720471893645,47.3064487892083,47.3366992484442,47.361611370252,47.3811996114179,47.3960818734297,47.4071125450201,47.4151700965792,47.4210350669336,47.4253216476381,47.4284478741653,47.4306402161649,47.4319694182227,47.4324097420367,47.4319078341938,47.4304440554965,47.428070340854,47.4249145279994,47.4211498054063,47.4169367094441,47.4123512897663,47.4073151039842,47.4015407003988,47.3945019675448,47.3854351373613,47.373376737845,47.357252321961,47.3360454568322,47.3090971450715,47.2765997382007,47.2403286689404,47.2045494898971,47.1767824781195,47.1676848065752,47.1889061328358,47.2479801497788,47.3410292769389,47.4473993323438,47.5327393071565,47.5635968851507,47.5264065013405,47.43629254078,47.3277566234225,47.2351635351717,47.1780982484585,47.1589511080034,47.1691219734792,47.1966920612448,47.2313583668864,47.2661742743036,47.2973428535135,47.323317030593,47.3439076608113,47.3596347649709,47.3713208309468,47.3798528615679,47.38604456428,47.3905567876776,47.3938580736109,47.3962202653762,47.3977468026286,47.3984272780995,47.3982056145943,47.3970449104838,47.3949721217625,47.3920907541083,47.3885581384663,47.3845329600087,47.380105689537,47.3752275568421,47.3696524480387,47.362902071683,47.3542607239294,47.3428054061292,47.3274830243365,47.3072605188558,47.2813939851662,47.2498794335436,47.2141366304364,47.1778925291959,47.1480084768073,47.1346013987504,47.1493745995103,47.2011031493174,47.2885888914635,47.3945049801511,47.486443348575,47.529451577764,47.5050964818683,47.423138434209,47.3155763708352,47.218057226733,47.1534792929651,47.1272593847962,47.132381851296,47.1571740841573,47.190859208388,47.225835509106,47.2577487820322,47.2846700640992,47.3061846385657,47.3226986243713,47.3349930065073,47.3439586649724,47.3504409789403,47.3551475748391,47.3585980523629,47.3611097507997,47.3628179420025,47.3637254575247,47.3637702590835,47.3628941967479,47.3610951421758,47.3584487571614,47.3550942042164,47.3511875287079,47.3468342807654,47.3420170023448,47.3365328366681,47.3299528685706,47.321610495622,47.3106245663811,47.2959674898288,47.2766010142772,47.2517216808505,47.221176021124,47.1861012195768,47.1497783655859,47.1184909530441,47.101816518601,47.1113352208736,47.1566443330951,47.2386538870359,47.3429749464653,47.4393646952624,47.4922959212672,47.4795549877238,47.4060031744347,47.3007246997842,47.1998249051006,47.1288926495454,47.0961831884532,47.0963814071994,47.1182648230565,47.1507460191231,47.1856602081469,47.2181332593958,47.2458616036507,47.2681996115688,47.2854305750571,47.2982851074144,47.3076502549626,47.3143967555371,47.3192741677567,47.322849799612,47.3254845330949,47.3273446013565,47.3284457782955,47.3287197742797,47.3280864678462,47.3265133370748,47.3240464876599,47.320805230538,47.3169418021837,47.3125764850374,47.3077235704694,47.3022242722743,47.2956996331164,47.2875320692755,47.2768818323243,47.2627477544741,47.2440925245815,47.2200708685245,47.1904176218695,47.1560529653772,47.1199056534851,47.0877827868289,47.0687764250158,47.0742557967212,47.1143172936106,47.191432878197,47.2936201023725,47.3927099801758,47.4532236100832,47.4502328042339,47.3844928274686,47.2821906067951,47.1792874057377,47.1033756056957,47.0651540556164,47.0609398302092,47.0800712567145,47.1112986679806,47.1460110360269,47.1788862459338,47.2072829134689,47.2303391672466,47.2482175018642,47.2615931582598,47.2713405764413,47.2783455490528,47.2833896091671,47.2870797582039,47.2898154525783,47.2917923367483,47.2930405573771,47.2934888949374,47.2930390813141,47.29163126848,47.2892835285937,47.2860951366979,47.2822130122973,47.2777700034549,47.2728099424628,47.2672161719525,47.2606579451453,47.2525648740847,47.2421366980928,47.2283975818846,47.2103135442542,47.1870084589249,47.1581326107042,47.1244410300995,47.0885911245343,47.0560137693934,47.0353958307829,47.0378782599879,47.0738450637845,47.1468868501623,47.2468913795254,47.3474812033986,47.413536472099,47.4182713406522,47.3592101941766,47.259969405782,47.156051133593,47.0764562274072,47.0338500145708,47.02597564619,47.0427389707611,47.0728297516098,47.1073031248826,47.1404762847118,47.16942642559,47.1931065671369,47.211571509493,47.2254419290131,47.2355724055925,47.242851939856,47.2480807854606,47.2518938869804,47.2547213316362,47.2567853196234,47.2581326113889,47.2586951916912,47.2583646441298,47.2570613999277,47.254780841273,47.251604251608,47.2476719177336,47.2431253269814,47.2380324882479,47.2323132179323,47.2256798155703,47.2176047332722,47.2073237179729,47.1938840022108,47.1762552582492,47.1535366426449,47.1253114000492,47.0922055822219,47.0566659868156,47.0238297832026,47.0020595721101,47.0022922800051,47.0350868603252,47.1048468374336,47.2028924586066,47.3043062369463,47.3744059207994,47.3851181003151,47.3314826367959,47.2349882722004,47.1306032083804,47.0483234777348,47.0023500052307,46.9915960902538,47.0064674256987,47.0356393155221,47.0699180316613,47.1033405295091,47.1327626340413,47.1569905225052,47.1759914018188,47.1903376113235,47.2008600702466,47.2084406955823,47.2138851729495,47.2178435139389,47.2207669298788,47.2229000343959,47.2243080494945,47.2249331496944,47.2246668319287,47.2234202590325,47.2211743845546,47.217996741518,47.214020512306,47.2093911102597,47.2041931022437,47.1983739584105,47.1916805605422,47.1836211455249,47.1734622925453,47.1602711512773,47.1430203011742,47.1207872055734,47.0930978977785,47.0604708834444,47.0251805224443,46.9921263916238,46.9694102036554,46.9678036597848,46.9980010749969,47.065050427823,47.1614196338944,47.2633813426801,47.3366463258862,47.352148373842,47.3029366959405,47.2087534055552,47.1040917101501,47.0197266310268,46.9710990471385,46.958075742588,46.9714705593106,46.9999467710653,47.0341091936522,47.0677710615389,47.0976148308224,47.1223339226077,47.1418284122929,47.1566312709302,47.1675497247894,47.1754521697296,47.1811396607691,47.1852665099409,47.1882963486201,47.1904917080394,47.1919370542184,47.1925905532969,47.1923529197159,47.1911364828361,47.188916736576,47.1857528157163,47.1817713447883,47.1771173990266,47.1718840916355,47.1660365289778,47.1593460470277,47.1513479869717,47.1413334391385,47.1283857421732,47.1114790743525,47.0896702646681,47.062432275118,47.0301852534036,46.9950483962802,46.9617115250749,46.9380519304718,46.9347092552784,46.9625178488717,47.0271158407883,47.1219964617188,47.2244775581242,47.3005925364692,47.3203646053643,47.2750592798971,47.1828756579321,47.0779143197194,46.9916739290361,46.9407107649491,46.9257295099783,46.9378848267002,46.9658090866541,46.9999175594013,47.0338243156871,47.0640638710494,47.0892376256661,47.1091928458862,47.1244311208454,47.1357384150057,47.1439676032572,47.1499101117397,47.1542182769025,47.1573624460789,47.1596196040904,47.1610933498453,47.1617613384322,47.1615398993676,47.1603503056386,47.1581697991999,47.1550538891661,47.1511236861147,47.146520843644,47.1413403742313,47.1355561406073,47.1289545278711,47.1210896713442,47.1112710838408,47.0985948194944,47.0820354477774,47.0606293591834,47.0337971002209,47.0018610996789,46.9667865161406,46.9330567343633,46.9083326315117,46.9031364042987,46.9284628675191,46.9905614298267,47.0839637108455,47.1870289859322,47.2660885463191,47.2902141762066,47.2488477494989,47.1586298687153,47.0532886543296,46.965087182646,46.9117302208933,46.8947695960595,46.9056903304785,46.9330770444356,46.9671423386793,47.0012949746942,47.0319211498153,47.0575331383738,47.0779294558547,47.0935841654857,47.1052648380777,47.1138103173625,47.1200024542987,47.1244905091315,47.1277498884009,47.1300706137656,47.1315750190575,47.1322613761859,47.1320643148529,47.1309177791899,47.1288045715232,47.1257793293837,47.1219583514448,47.1174779815068,47.112430749854,47.1067931279247,47.1003598043395,47.0926976549722,47.0831303017053,47.070764430204,47.0545748777093,47.0335783656737,47.0071429588795,46.9754904171037,46.9404242778646,46.9062088761427,46.8802736544178,46.8730137351782,46.8955944668813,46.9549238379793,47.0466638600323,47.1503267816272,47.2326043196679,47.2615553739059,47.224611140614,47.1366478502303,47.0309284419814,46.9405381322693,46.8844661075036,46.8652307748182,46.8747057112364,46.9014321660529,46.9353974972706,46.9697774649889,47.0007877314246,47.0268373139213,47.047668973416,47.0637274664804,47.0757635541662,47.0846053982522,47.0910290666693,47.0956839796025,47.0990526891422,47.1014390488038,47.1029838932801,47.1037053577783,47.1035556333374,47.1024809558314,47.1004696952698,47.0975757249241,47.0939102699771,47.0896032915586,47.0847427451296,47.0793047535505,47.0730890098836,47.065672252748,47.0563905326965,47.0443612009322,47.0285611073823,47.0079900273015,46.9819656518821,46.9506081009669,46.9155521337767,46.8808267387375,46.8536036875194,46.8441201209352,46.8636929859199,46.9199118449384,47.0096647357831,47.1137807479898,47.1994660116854,47.2337803720549,47.2019503603785,47.1167843554084,47.0108675043285,46.9181027491353,46.8589167406843,46.8369744034391,46.844654356599,46.8704921527319,46.9042358558712,46.9387941748013,46.9701782605928,46.9966683216241,47.0179357505162,47.0343889922796,47.0467614468676,47.0558742428297,47.0625033781112,47.0673043216984,47.0707713603775,47.0732245719932,47.074823253784,47.0756033099468,47.0755311328572,47.0745615515933,47.0726852534843,47.0699530002233,47.0664695677891,47.0623578964538,47.0577011062058,47.052474801017,47.0464835343675,47.0393140041429,47.0303154662606,47.0186179150527,47.0032037881709,46.983061115229,46.9574634114415,46.9264347045673,46.891442774308,46.8562744652151,46.8278225116836,46.8161262665885,46.832602024536,46.8854827908959,46.9729073063538,47.0771501974748,47.1661356668524,47.2060713209117,47.1799221186828,47.0981682659981,46.9924327891217,46.8973153954124,46.834753443494,46.8097219670514,46.8152459568992,46.839926853291,46.8732840431948,46.9079369994152,46.9396609847901,46.9665797867515,46.9882743809892,47.0051068336025,47.0177906318329,47.0271426799256,47.0339447308854,47.0388648857488,47.0424145885841,47.0449330688171,47.0465979394059,47.0474598584313,47.0474943849156,47.0466590976087,47.0449415800162,47.0423854299589,47.0390867649508,47.0351611102129,47.0306877581297,47.0256436179632,47.0198402221919,47.0128763788139,47.0041168442752,46.9927072029332,46.9776399156861,46.9578982014782,46.9327217223269,46.9020523125768,46.8672066483858,46.8317421617019,46.8022716183849,46.7886063357611,46.8021887744666,46.8517861606198,46.9366928591112,47.0406375484397,47.1324358742124,47.1777150066404,47.1573550670752,47.0794399528723,46.9743756724039,46.8772195245223,46.8113372147261,46.7830758462428,46.7862201148996,46.8095275130792,46.8423320222308,46.8769697251898,46.9089666155789,46.9362717188575,46.9583601268029,46.9755379310097,46.9884951833294,46.9980459020869,47.0049819462883,47.009989390496,47.0136013201798,47.0161783629627,47.0179157581205,47.0188753576208,47.0190362048542,47.0183520232541,47.0168010918468,47.0144151731269,47.0112792572801,47.007501300675,47.0031585285921,46.9982320959872,46.992543824214,46.9857076984075,46.9771066269617,46.9659044688952,46.9511076085368,46.9317015045402,46.9069046862866,46.8765976912425,46.8419761522231,46.8064037788282,46.7762420703314,46.7610703839372,46.7722856729884,46.8190271584439,46.9015240945134,47.0047987991241,47.0986169942245,47.1483525970797,47.13322071714,47.0591313283896,46.9551670332975,46.8565439543185,46.7877962240685,46.7565402133396,46.7573485356649,46.7792136021789,46.8113545721676,46.8458659111383,46.8780405764132,46.9056540390149,46.9280708512142,46.9455361674077,46.9587137841736,46.9684145900888,46.9754422057282,46.9805030701293,46.9841538089376,46.9867768648407,46.9885834909895,46.9896430852456,46.9899330055525,46.9893973238173,46.9879996440897,46.9857558998702,46.9827379610444,46.979046380765,46.974758315562,46.9698622940891,46.9641938124094,46.9573849087218,46.948838645627,46.9377386257012,46.9231074181603,46.9039383127738,46.879441425622,46.84946045496,46.8151100047286,46.7796149043828,46.7491431534155,46.7330718512774,46.7427023919054,46.7873639407024,46.8679082500333,46.9703293059848,47.0652412311407,47.1180579778096,47.1069182357222,47.036073508256,46.9334029273502,46.8340119223596,46.7632070811564,46.7295943155023,46.7284407431035,46.7490087327862,46.7804830917468,46.8147901960431,46.8470389317654,46.8748574156628,46.8975108228016,46.915186526694,46.9285217557675,46.9383228193297,46.945403429902,46.950488675054,46.954156826497,46.9568098809473,46.9586723640503,46.9598180253764,46.9602190805257,46.9598065652293,46.9585265185045,46.9563770668367,46.9534161955021,46.9497375874671,46.9454199646845,46.9404614957462,46.9347136008285,46.927827958553,46.9192283378699,46.9081178431311,46.8935354478738,46.874485633718,46.8501809963752,46.8204527261478,46.78637815594,46.7511085763793,46.7206961067093,46.7043741806242,46.7133286277878,46.7569075883755,46.8362352022453,46.9378496202322,47.0329668236805,47.0872412388715,47.0783796492271,47.0096924065137,46.908194819803,46.8087092685512,46.7368635786753,46.7018420002481,46.6993953393902,46.7190293705166,46.7499643181891,46.7840494097758,46.8162840832541,46.8441982419225,46.8669851402473,46.8847869398211,46.898217695736,46.9080772242852,46.9151845671946,46.9202774845947,46.9239498835739,46.9266181248082,46.9285161707832,46.9297198318489,46.9301953078195,46.9298607914669,46.9286455797798,46.9265310545954,46.9235623547027,46.9198271744777,46.9154064637061,46.9103083925251,46.9044002051363,46.8973524408682,46.8886079862092,46.87738729809,46.8627441021689,46.8436953090405,46.819464328815,46.7898913786342,46.7560581624545,46.7211083275046,46.6910621090042,46.67508357427,46.68424912162,46.7277849236861,46.8067522718671,46.9077786814921,47.0023542770616,47.0564735568215,47.0480105965318,46.9801136527698,46.8794078225809,46.780371810685,46.7085290634887,46.673181559596,46.6702804335768,46.68949394508,46.7201236270112,46.7540320894948,46.7861951255376,46.8141073080576,46.8369289687612,46.8547772661792,46.8682501533487,46.8781394289101,46.8852627898635,46.8903615905771,46.8940361741886,46.8967097627111,46.8986211546207,46.8998469739161,46.9003491930987,46.9000370506723,46.8988278294571,46.89669049043,46.8936603110918,46.8898201752789,46.8852526231904,46.8799736865405,46.8738632282493,46.8666067793528,46.8576621424491,46.8462630054973,46.8314746581509,46.8123260173371,46.7880570467006,46.758534159837,46.724878509761,46.6902839268984,46.6608160232202,46.6456442906245,46.6557579464015,46.7001585047194,46.7795646177114,46.8802851844698,46.9737542906502,47.0263319057002,47.016545621633,46.9480855245234,46.8476743735836,46.7494675370908,46.6785398601487,46.6438872494488,46.6413704831076,46.6607123432087,46.6913161876823,46.7251335424011,46.757197182919,46.7850300252078,46.807801632359,46.8256276225299,46.8390991969351,46.8489996207481,46.8561384573839,46.8612507240138,46.8649329105374,46.8676067881565,46.8695112935071,46.8707234826721,46.8712047162305,46.8708616876123,46.8696071253508,46.8674042539226,46.8642829272251,46.860322591531,46.8556056088456,46.850151506182,46.8438467049143,46.8363849442164,46.8272322659458,46.8156296813334,46.8006496077522,46.7813311840865,46.7569340278525,46.7273624730397,46.693802495297,46.6595415715992,46.6307512977238,46.6166698049533,46.6282284412238,46.6741432854758,46.7545936600545,46.8552634173618,46.947261349825,46.9972948033216,46.9848788667013,46.9147730649311,46.8141965808479,46.7170393979536,46.6476940999997,46.6145295323894,46.6130777628254,46.6330133491596,46.6638430373439,46.6976593611348,46.7296142979432,46.7573113611588,46.7799657217422,46.7977128201,46.8111464773163,46.8210420340484,46.8281957239548,46.8333279496638,46.8370225183102,46.8396925776358,46.8415733211617,46.8427424448109,46.8431648152888,46.8427515213755,46.8414187855674,46.8391313412228,46.8359184148775,46.8318573444176,46.8270279600367,46.8214477861977,46.8150022204091,46.8073847956008,46.7980616819495,46.7862742431305,46.7710967552339,46.7515755583142,46.726990138415,46.697288129088,46.6637339405857,46.6297339904503,46.6016040184264,46.5886955762067,46.6019136416144,46.6496725406126,46.7315144507408,46.8323231517049,46.9227073414646,46.9696759652665,46.9538926009932,46.8814834627518,46.780415728942,46.6843807446916,46.6169768712616,46.5857633817728,46.5857943028851,46.6066216453336,46.6378458497477,46.6717262278545,46.7035702320221,46.731094730414,46.7535845371441,46.7712098071981,46.7845741747117,46.7944464257614,46.8016068533475,46.8067564084961,46.8104608287631,46.8131202251053,46.8149638067475,46.8160705100528,46.8164121432282,46.8159097614943,46.8144895458812,46.8121236007409,46.8088443930606,46.8047280670111,46.7998495663456,46.7942191514117,46.7877139273618,46.7800191133997,46.7705931817307,46.7586711088752,46.7433237337405,46.7236007115405,46.6987987678915,46.6689076519567,46.6352715362348,46.6014219085022,46.5738327192112,46.5619930605394,46.576813044976,46.6264324630167,46.7097589335761,46.8108365773946,46.8996985322517,46.9435849949965,46.9242951095429,46.8493826020639,46.747657041875,46.6526773098671,46.5872540388706,46.5580975663396,46.559732872301,46.5815523971611,46.6132345946417,46.6472062738086,46.6789392259358,46.7062742897387,46.728574931045,46.7460523296731,46.7593236345132,46.7691526871564,46.776303949327,46.7814581006881,46.7851616237069,46.7878006047141,46.7895979973931,46.7906348012687,46.7908918045659,46.7903030701586,46.7888082339122,46.7863899403364,46.7830859053779,46.7789712606737,46.7741141048027,46.7685134725101,46.7620327680916,46.7543428590779,46.7448886861136,46.7328937861172,46.7174213793713,46.6975206131541,46.672500944098,46.6423878147528,46.6085961477044,46.5747719949712,46.5475399642244,46.5365310157842,46.5526886797379,46.6039389602802,46.6886403325965,46.7900721495381,46.8777021882175,46.9189132715712,46.8964828139592,46.8192549262831,46.7168427361335,46.6227353737116,46.5590590482618,46.5317559451771,46.5348562380731,46.5575906973565,46.5896977253032,46.6237522587491,46.6553758150141,46.682524046765,46.7046341689958,46.7219564403506,46.7351216215173,46.7448901190156,46.7520129467893,46.7571532382616,46.7608407930023,46.7634497260175,46.7651981094767,46.7661697584241,46.7663547816517,46.7657004207682,46.7641599180037,46.7617265695618,46.758443223328,46.7543833788575,46.7496069383412,46.7440995679898,46.7377082096051,46.7300863721081,46.7206626491322,46.708646794666,46.6930924070305,46.6730456889159,46.6478244382013,46.6174813556479,46.5834876831592,46.5495834167474,46.5225213162811,46.5120618637693,46.5292005479198,46.5817214175948,46.667562967766,46.7693856252665,46.8561654323686,46.8953444114163,46.8704443157566,46.7913408754834,46.6883192102829,46.5948461301627,46.5325189691197,46.5066671982265,46.5109184819422,46.5343673402206,46.5667963806405,46.600898062278,46.6324138721669,46.6593914998164,46.6813270091005,46.6985016755953,46.7115572131594,46.7212519304921,46.7283273485089,46.7334342489189,46.7370908803996,46.7396633894321,46.741367175695,46.7422891146244,46.7424272114432,46.7417394078744,46.74018973794,46.7377796090047,46.7345550935445,46.7305868589722,46.7259259776839,46.7205444590607,46.7142726728002,46.7067468053038,46.6973793658567,46.6853668804693,46.6697540025452,46.6495841162411,46.6241815291388,46.5936202286647,46.5594151309544,46.5253793063418,46.498366711593,46.4882440598514,46.5060594307522,46.5595062765954,46.6462203200107,46.7483990838289,46.8346367277244,46.8723961350792,46.8457320309327,46.7652745125707,46.661803371713,46.5687705580024,46.5073880817617,46.4825419621056,46.4875732269554,46.511484776568,46.5440971188212,46.5781906279856,46.6095933059143,46.6364170244099,46.6581973400558,46.6752354900914,46.6881800625526,46.6977884901587,46.7047975105103,46.7098518874758,46.7134645082326,46.7159981403887,46.717667578828,46.7185620489307,46.7186843607236,46.7179985680389,46.7164745140198,46.7141173633441,46.710973399697,46.7071090735123,46.7025667625242,46.6973061062053,46.6911429002469,46.6836983726387,46.6743715197031,46.6623484274605,46.6466678539382,46.6263735285707,46.6007989232202,46.570040089779,46.535652304394,46.5015116040057,46.4745543920373,46.4647280855227,46.483110727683,46.5373052843495,46.6246911813164,46.7271019369043,46.8128627347943,46.84950384645,46.8215302431284,46.7401425453444,46.6364433541677,46.5438106177652,46.4831332138354,46.4589712524637,46.4644814378919,46.4886299119137,46.5212859029323,46.5553024223788,46.5865694141563,46.6132394596719,46.6348699434522,46.6517714474975,46.6645953525487,46.6740993225957,46.681019849424,46.6860017227243,46.689558168393,46.6920524220436,46.6936997368418,46.6945897560963,46.6947256617111,46.6940717118182,46.692597445144,46.6903066535538,46.6872425255924,46.683466157356,46.6790121170947,46.6738300797777,46.6677245508133,46.6603054107482,46.6509618056974,46.6388731957268,46.6230768786763,46.6026227079249,46.5768611610222,46.5459205170052,46.5114079308056,46.4772719840408,46.4505324304499,46.4411996705748,46.4603364005141,46.5153847468867,46.6033996647577,46.7058360582919,46.7908305275183,46.8261326633533,46.7968223647757,46.7146732522057,46.6109951235775,46.5189538061446,46.4590435047172,46.4355094750569,46.4413786748306,46.4656347118279,46.4982278538481,46.5320933323509,46.5631781615175,46.5896650787933,46.6111230261704,46.6278649408413,46.6405421502353,46.6499133920368,46.6567182497958,46.6616058494345,46.6650935189106,46.667546949042,46.669181349123,46.6700837100776,46.6702524822916,46.6696459814526,46.6682274373792,46.6659944978596,46.6629844682519,46.6592525533703,46.6548270057138,46.6496504734092,46.6435198140708,46.6360372722553,46.6265856410178,46.6143413150303,46.598344737881,46.5776592663549,46.5516648549133,46.5205418975647,46.485977637655,46.4520264605492,46.4258182835601,46.4174238613805,46.4378274040687,46.4941663548773,46.5829729195047,46.6851693949132,46.7687279225233,46.8018711118201,46.7706110066463,46.6875250995907,46.5841050583572,46.4930956442426,46.4343747887125,46.4117512692393,46.4181073134704,46.4424863119576,46.4749716696115,46.5086191583234,46.5394534658082,46.5656952232209,46.5869260034533,46.6034600403972,46.6159478310558,46.6251494760121,46.6318087928292,46.6365805445311,46.6399868229166,46.6423951599166,46.6440185220734,46.6449375544649,46.6451412522546,46.6445769620659,46.6431970947748,46.640989882142,46.6379851717829,46.6342324983245,46.629755543218,46.6244926392043,46.6182360011313,46.6105829766998,46.600912302514,46.5883996570201,46.572092482469,46.5510756210246,46.5247743950309,46.4934493955804,46.4589110025727,46.4253743951163,46.400130947793,46.3933245476767,46.4157839297643,46.4741341981911,46.5640719392872,46.6657097076109,46.7468286401819,46.7764643286236,46.7421179836422,46.6576014738574,46.5546488026062,46.4653230075386,46.408538648607,46.3874277966277,46.3946442074418,46.4193150843171,46.4517218951208,46.4851036878866,46.5156074138337,46.5415178911242,46.5624426029848,46.5787026498509,46.5909491864021,46.5999430863173,46.6064306710269,46.6110698659856,46.6143845057328,46.6167405710738,46.6183452353797,46.619269338642,46.6194893125692,46.6189390171218,46.6175583078108,46.6153251587914,46.6122620223618,46.6084136107362,46.6038004133422,46.5983579935114,46.5918752393984,46.5839454068879,46.5739435374606,46.5610452481419,46.5443077246112,46.5228453551764,46.4961469704308,46.4645871808541,46.4301529639098,46.3972901927256,46.3735188102543,46.3690762739037,46.3945444396678,46.4557805206207,46.5472571387859,46.6479315720104,46.7253568779066,46.7497947126724,46.7109171661864,46.6243069210363,46.5220360558713,46.43518938549,46.3813000617814,46.3625160319155,46.3711366251769,46.3963820051171,46.4288010196388,46.4618924148479,46.4919855189464,46.5174688849326,46.5379985609152,46.5539133822894,46.565868356395,46.5746234631369,46.5809229161031,46.585421699386,46.5886390124818,46.5909336481987,46.592502823868,46.5934052473615,46.5936042583856,46.5930211255384,46.5915848919631,46.5892652508112,46.5860789550595,46.58206696953,46.5772468815044,46.5715509579411,46.56476347784,46.5564717471074,46.5460451212151,46.5326580344896,46.5153791595821,46.4933604885147,46.4661738174487,46.4343445979944,46.4000945931957,46.3681756719609,46.3464063799084,46.3451331877477,46.3745817050989,46.43955698575,46.5328962880529,46.6320641033796,46.704397188833,46.7218578961369,46.6769982074741,46.5876855875183,46.4863841223057,46.4028782895132,46.3528982348388,46.3373044407746,46.347916670811,46.374054420245,46.4066008275828,46.4393911343577,46.4690001138651,46.4939636417338,46.514012607817,46.5295167046379,46.5411385381168,46.5496345364948,46.5557401622356,46.5600989717144,46.563217142304,46.5654396135276,46.5669497979102,46.5677936375033,46.5679236299121,46.5672526587628,46.5657038649028,46.5632430204936,46.5598840182703,46.5556648735902,46.5505989820713,46.5446122695373,46.5374801725786,46.528779326505,46.5178690601331,46.50391991939,46.4860130416243,46.463345991645,46.4355932362477,46.4034678518842,46.3694831415954,46.3387676066232,46.3194981973008,46.3221290162117,46.3564014121745,46.4257794490248,46.5210876381888,46.6180438960678,46.6838791580559,46.6927672759841,46.6407721553296,46.5484148175532,46.448497516299,46.3691728645252,46.3240089221967,46.312347271429,46.3254455702141,46.3527395247196,46.3855060491844,46.4179817208366,46.4470401019935,46.4714020090694,46.4908963918231,46.5059354817617,46.5171924526542,46.5254169324684,46.5313284762582,46.5355503970313,46.5385675025568,46.540704784818,46.5421291754461,46.5428749311586,46.542888017601,46.5420792433411,46.5403725498389,46.5377352984435,46.5341816322984,46.5297467254883,46.5244369369764,46.5181666442402,46.510695806506,46.5015834199744,46.4901726722433,46.4756263644852,46.4570384383278,46.4336594224951,46.4052847657069,46.3728483673745,46.3392041866201,46.3099143608553,46.2935538603232,46.3006605155761,46.3403525375485,46.4144904414438,46.5115961046326,46.6055246786708,46.6636245093163,46.6627757968747,46.6030130638052,46.5076533631769,46.4096537068218,46.3352273284888,46.2955380499606,46.2882941847047,46.3041757109019,46.3327679933186,46.3657889077209,46.3979200408669,46.4263679364397,46.4500623068753,46.4689449853691,46.483477975765,46.4943462222346,46.502289301304,46.5080048343427,46.5120888684203,46.5149985634452,46.517034889608,46.5183473428063,46.5189608435265,46.5188198973999,46.5178398297296,46.5159519608181,46.5131303040539,46.5093916653682,46.504767593744,46.4992535384104,46.4927460352688,46.4849818943013,46.4754946341289,46.4636045588509,46.4484624250741,46.4291747451397,46.4050509889618,46.3760224113444,46.3432696022998,46.3100231257503,46.2823156255018,46.2691348409414,46.2810585619195,46.3264490210584,46.4053606113303,46.503849717009,46.593947904192,46.6434262822663,46.6322776682496,46.564724390826,46.4667770890739,46.3712659430844,46.302228114449,46.2683308392907,46.2656648335027,46.2843842814791,46.3142699260058,46.3475102074031,46.3792491949132,46.4070370498978,46.4300191312691,46.448254087638,46.4622551113866,46.4727180637065,46.4803698228522,46.4858823852159,46.4898207324816,46.4926114337869,46.4945301510434,46.4957097673371,46.496168783838,46.4958547519088,46.4946927069136,46.4926261230456,46.4896389554428,46.4857516827339,46.4809906025218,46.4753361326818,46.4686609358645,46.4606716249399,46.4508692159635,46.4385451870729,46.422834438271,46.4028554754133,46.3779806110073,46.3482865191731,46.3152161858853,46.2823960091426,46.256342995629,46.2464483312048,46.2632749580442,46.3143221286546,46.3977216735011,46.4970435344172,46.5826699602941,46.6231217910987,46.6017561462083,46.5269395110673,46.4270710585371,46.3345396443229,46.2710812922238,46.2429273286641,46.2446790294629,46.2660655933495,46.2971101591949,46.3304797629867,46.3617718788766,46.3888681224669,46.4111198038204,46.4286959779407,46.4421570752163,46.452207433527,46.459559707007,46.4648594177784,46.4686402977787,46.4712988835116,46.4730868875387,46.4741227022482,46.4744211165098,46.4739356907615,46.4726039404019,46.4703835658227,46.4672693731005,46.4632849335861,46.4584491202761,46.4527237124141,46.4459528675848,46.437807940566,46.4277526396068,46.4150457443053,46.3988039566623,46.3781574456663,46.3525433424836,46.3221878908369,46.2888015647781,46.2564090015856,46.2320037772435,46.2253516718193,46.2469440176914,46.3033478045542,46.3907479984287,46.4903339864112,46.5711027272423,46.6026152602518,46.5716638550314,46.4904920680951,46.3894591166218,46.3002287368141,46.242235141201,46.2194597731202,46.2252177855662,46.248937204021,46.2809214485979,46.3143025853065,46.3451001758857,46.3714972088593,46.3930287504794,46.4099602634427,46.4228918379151,46.4325332202243,46.4395827853827,46.4446614358339,46.4482745687724,46.4507919777037,46.4524445447632,46.4533387276397,46.4534873675957,46.4528509294776,46.4513794675622,46.4490442235221,46.4458495357378,46.4418202245563,46.4369654850786,46.431225943031,46.4244146795687,46.4161654315222,46.4059027573686,46.3928517023668,46.3761107249976,46.3548225601193,46.3284905489061,46.2974911752956,46.26379985043,46.2318292598279,46.2090254874854,46.2054859988165,46.2315744156031,46.2928880000229,46.3837109012728,46.4830438620863,46.5588045469929,46.5818250915384,46.5422556000484,46.4558081702555,46.3543311802805,46.2685406290599,46.2156669277111,46.1977025054302,46.2069121677972,46.2325478363385,46.2652180366216,46.2984901871526,46.3287605515104,46.3544729009905,46.3753169137725,46.3916365749757,46.4040626174089,46.4133075028366,46.4200568218089,46.4249107982794,46.4283514312129,46.4307265083965,46.4322497245843,46.4330176204954,46.4330413437218,46.4322869686477,46.4307147073576,46.4283064420373,46.4250731536702,46.4210384304704,46.4161999464482,46.4104760551375,46.4036483745136,46.3953133663841,46.384857543606,46.3714741401759,46.3542461191157,46.332332138756,46.3053049819559,46.2736927490464,46.2397319495126,46.2082087927228,46.1869898849436,46.1864514269406,46.2167663813219,46.2825299930235,46.3761947368894,46.4747963638112,46.5454910776775,46.5605801132547,46.5134314976387,46.4227760804664,46.3214931867511,46.239175759798,46.1909895976396,46.1772144733413,46.1892967001097,46.2164270089307,46.2495350483207,46.2825880683571,46.3123100260052,46.3373626668525,46.3575599490045,46.3733062053556,46.3852542734996,46.3941176583263,46.4005719063105,46.4052016272764,46.4084710493186,46.4107107376889,46.4121201665001,46.412786647747,46.4127181045962,46.4118829718682,46.4102474318961,46.4077997375837,46.4045539030126,46.4005298344178,46.3957126083136,46.3899985750197,46.3831393388952,46.3746965430842,46.3640220443842,46.3502816685468,46.3325484964955,46.3100040714856,46.2822986116625,46.2501193618603,46.2159671919511,46.1849935414545,46.1654551100102,46.1679453581289,46.2023606657916,46.2722262674033,46.368195308384,46.4655418844804,46.5309860887099,46.5385290014954,46.4846637413963,46.3907384894786,46.2902376839673,46.2114568991467,46.1676081182668,46.1574966357553,46.1719537937259,46.2002123784507,46.2335400803114,46.2662748728607,46.2954263703518,46.3198369919085,46.3394184742733,46.3546198978923,46.3661093968821,46.374600943256,46.3807632900001,46.3851704046282,46.3882736831859,46.3903900447251,46.3917061402881,46.3922990217097,46.3921702162037,46.3912859147447,46.3896131645107,46.3871419170579,46.3838857240957,46.379858922244,46.375033806348,46.3692860744163,46.3623399137604,46.3537257590014,46.3427654347592,46.3286033615914,46.3103108935486,46.2871038103286,46.2587251399532,46.2260401500408,46.1918325153049,46.1616267233142,46.144048582661,46.1498374080712,46.188484419676,46.2622992461195,46.3600783449689,46.455483381103,46.5151498324181,46.515118091743,46.4550544934379,46.3586266499537,46.2595212075428,46.1845098869679,46.1448760610473,46.1381146547748,46.1546056342576,46.1837193627305,46.2170894522784,46.2494123217849,46.2779565743954,46.3017193935895,46.3206912589544,46.3353548064154,46.3463888575029,46.3545078725888,46.3603764747009,46.3645615270518,46.3675045828322,46.3695103667654,46.3707521293077,46.3712940673647,46.3711271504774,46.3702103476185,46.3685066422765,46.3660035964189,46.3627116127226,46.3586384218455,46.3537440919235,46.3478855399666,46.3407623966632,46.3318775711824,46.3205275930893,46.3058421265248,46.2869009988006,46.2629703354186,46.233910469156,46.2007984740094,46.1667397762535,46.1376616134129,46.1225501884909,46.1322038373209,46.1755189454254,46.2533370797257,46.3524250846738,46.4449266461461,46.4978059710823,46.4896468469146,46.4235191238333,46.3252188099997,46.2282268306811,46.1574771294152,46.122239869044,46.1187803270789,46.1371514282414,46.1669538046211,46.2002315316559,46.2320491245397,46.2599269235468,46.283005240059,46.3013434418169,46.3154515738097,46.3260164701356,46.3337527891756,46.3393218648829,46.3432843320966,46.3460720181579,46.3479763750565,46.3491548978069,46.3496555230568,46.349454653504,46.3484999793044,46.3467468637469,46.3441778577245,46.3407987755585,46.3366105146466,46.3315617386037,46.3254921862282,46.3180790915593,46.3088005979742,46.2969318938874,46.2815945093687,46.2618886729001,46.2371518985966,46.2073961954553,46.1739603316489,46.1403318785318,46.1128914743972,46.1009840061016,46.1153532551021,46.16403529749,46.2460368281061,46.3458215293702,46.4340967494801,46.4786779167591,46.4613760539175,46.3890441867934,46.2894674725267,46.195470904853,46.1297461299551,46.0993742496716,46.0994087790565,46.1196728146499,46.1500907398716,46.1831774050967,46.2143950176409,46.2415262824772,46.2638563767674,46.2815122873646,46.295029727827,46.3051019600722,46.312442230907,46.3177066105527,46.3214469712167,46.3240823569665,46.3258875927766,46.3270010852479,46.3274515058134,46.3271982341572,46.3261758781376,46.324331025497,46.3216406266325,46.3181057580128,46.3137206306704,46.3084228099353,46.3020352358984,46.294213263785,46.28441133727,46.2718859846417,46.2557570334285,46.2351588916298,46.2095266786603,46.1790682738447,46.1454489347006,46.1126163989731,46.0874679072912,46.0796981839684,46.0998391152224,46.1547164259736,46.2410393163525,46.3406530044717,46.4229783723588,46.457361204637,46.4296671320162,46.3509558484213,46.250813459155,46.1608821552837,46.1011479034751,46.0762921668882,46.0801562577052,46.1024238930026,46.1334392276886,46.1662570968202,46.1967785824052,46.2230705458074,46.2445736196048,46.2614869050586,46.2743726955696,46.2839290631929,46.2908642229811,46.2958238919137,46.2993453517752,46.3018291747772,46.3035288510591,46.3045605710447,46.304932407094,46.3045869749941,46.3034471258948,46.3014523822126,46.2985755408603,46.2948136584133,46.2901540365623,46.2845220215144,46.2777220085794,46.2693856242754,46.2589425685825,46.2456320802049,46.2285788394035,46.206967549731,46.1803625534986,46.1492207356769,46.1156101065963,46.0840261743241,46.0619439915604,46.0593718085256,46.0864102154665,46.1482422983767,46.238767543787,46.3369496053561,46.4112389407723,46.4333708272728,46.3941443090291,46.3091397652166,46.2093969874425,46.1247605875562,46.0720505811931,46.0533802107794,46.0614123213301,46.0857956975578,46.1173917485632,46.1498628296523,46.1795897440973,46.204946754562,46.22554263993,46.2416546679734,46.2538729558525,46.2628977641181,46.2694266440205,46.2740874478479,46.2773948948223,46.2797241368422,46.2813026311916,46.2822225817019,46.2824725918586,46.2819818490669,46.2806658379548,46.2784611731948,46.2753393227195,46.2712941364036,46.266304649136,46.2602807860387,46.2530040646562,46.2440779579901,46.2329043506023,46.2187056122351,46.2006184881726,46.1778968499186,46.1502709775128,46.1185067085629,46.0851568780504,46.0553507552322,46.0371827927012,46.0408904638451,46.0758507952797,46.1451110504417,46.2392714899893,46.3343113960965,46.3982695978952,46.4062777459331,46.354856264784,46.2641544258687,46.166089879517,46.0880400989834,46.0432830272384,46.0313092224457,46.0437108921569,46.0702314546156,46.1023430430929,46.1343697452547,46.1632007572347,46.1875328849215,46.2071511079445,46.2224142947925,46.2339398922709,46.2424263010163,46.2485535585342,46.2529232963713,46.2560194703558,46.2581854288121,46.2596192842673,46.26038953853,46.2604688737563,46.2597787674101,46.2582336733828,46.2557726378842,46.252368854082,46.2480130370479,46.242673032055,46.2362380342036,46.2284600739628,46.2189080155493,46.2069514922762,46.1917961238869,46.1725990178954,46.1487046744989,46.1200496739283,46.0877717178917,46.0549886370973,46.0275351609354,46.0141306950646,46.025096614125,46.0687275544773,46.1454265995884,46.2421166004771,46.3319405415466,46.3833413596766,46.3758959200077,46.3123782475574,46.2171843218119,46.1223166879935,46.0520433759662,46.0158882518461,46.0108225895402,46.0275615867098,46.0560931676286,46.0885795612436,46.1200372817706,46.1478718387809,46.1711030479955,46.1896909133911,46.2040739658721,46.2148936431093,46.2228412910964,46.2285726803756,46.2326559275552,46.2355378029804,46.2375256758904,46.238787310405,46.2393698722987,46.2392352537481,46.2383038569292,46.2364956386457,46.2337569540559,46.2300647921897,46.2254054807464,46.2197312804985,46.2129039168153,46.2046381156618,46.1944608694674,46.181704889682,46.1655596427871,46.1452121016075,46.1201204612957,46.0904688547445,46.0578273082544,46.0259481086749,46.0014171772362,45.9935378939709,46.0125101230448,46.0651488925474,46.1487550706735,46.246390562703,46.3287997136811,46.3658316623762,46.3424373752424,46.2677850615312,46.1698165517014,46.0797075904369,46.0181089070366,45.9907948773427,45.9924799848058,46.0132623318016,46.0435257240582,46.0761758843762,46.1069225760819,46.1336713478601,46.1557487072727,46.1732779470942,46.1867693406402,46.1968822770863,46.2042955470842,46.209635337205,46.2134315450205,46.2160904717298,46.2178824081187,46.2189462389075,46.2193116489,46.2189352246728,46.2177422336883,46.2156632134507,46.2126548810792,46.2086982973941,46.2037727021884,46.1978094641858,46.1906357800121,46.1819214882983,46.171145143149,46.1575989037081,46.1404578922958,46.1189494876252,46.0926687207891,46.0620859713973,46.0292557707275,45.9986156565197,45.9775147486948,45.9757516610638,46.003155648075,46.0646713428536,46.1541574927849,46.2508761533783,46.3238668373464,46.3454332381853,46.3065461578865,46.2224647742463,46.1236938708535,46.0397004660236,45.9872335969452,45.968543713337,45.9764707208952,46.0007817094358,46.0323855928755,46.0649502244503,46.0948487549554,46.1204482186881,46.1413508817254,46.157822768714,46.1704333520416,46.1798523994418,46.1867414084808,46.1916940376693,46.1952005418115,46.1976269238923,46.199208231634,46.2000578097655,46.2001922297787,46.1995674213972,46.1981175680224,46.1957864141623,46.1925416433026,46.1883667229678,46.1832300159309,46.177036593744,46.1695729014574,46.160457875271,46.1491170772586,46.1348006033985,46.116672841298,46.0940129431093,46.066574621248,46.0351477769361,46.0023110044903,45.973214471363,45.9559469658556,45.9606736198202,45.9965861275994,46.0664202398746,46.1604167639962,46.2543410612679,46.3163828559796,46.3222384534003,46.269162466827,46.1778128711164,46.0801552057989,46.0032320492183,45.9598629228128,45.9491755410743,45.9625745539689,45.9897654739103,46.0222716702903,46.0545053390821,46.0834474073918,46.1078715961341,46.1276153968802,46.1430618209416,46.1548248545043,46.1635771512697,46.1699598678121,46.1745338940885,46.1777514962298,46.1799413556161,46.1813070846671,46.1819405936209,46.1818491576294,46.1809910012135,46.1793108361761,46.1767656028494,46.1733322731506,46.1689935801305,46.1637028187768,46.1573340885712,46.1496285908876,46.1401508090728,46.1282716114372,46.1132003530555,46.0940965948639,46.0703036204962,46.0417540743693,46.009584437955,45.9769233347992,45.9496375915332,45.9365004504247,45.9478867615084,45.9920886588954,46.0693740175494,46.1663603273574,46.2558103982567,46.305966231393,46.2966366881336,46.2312461189792,46.1349052460568,46.0399797471938,45.970609686006,45.9358807823571,45.9322987746303,45.9502675062822,45.9796539631002,46.0126402600246,46.0443351289783,46.0722551024154,46.0955176273532,46.1141512831258,46.1286292148244,46.1395956782974,46.14772022329,46.1536227911581,46.1578336810871,46.1607710280673,46.1627307319932,46.1638893944993,46.1643211453706,46.1640263530369,46.1629663721849,46.1610956697971,46.1583821791624,46.1548088998023,46.150354007362,46.1449518882724,46.13844234623,46.1305190415836,46.1206912589499,46.1082766191279,46.0924482585695,46.072369696564,46.0474626515358,46.0178588806762,45.9850646145152,45.95277429473,45.9275569509485,45.918790046154,45.9368814347767,45.9889732053664,46.0726810043972,46.1711306275513,46.2546956502456,46.2925379349883,46.2690622111774,46.1934642594529,46.0942618069673,46.0033015527392,45.9415701631528,45.9147593435968,45.917274558702,45.9389056125532,45.9698479372304,46.0029491806802,46.0339490087222,46.0608217705688,46.08296558569,46.1005577960212,46.114137118495,46.124366186077,46.1319077305772,46.1373616544382,46.1412314571061,46.14390595544,46.1456529513818,46.1466257602582,46.1468829553802,46.1464184707959,46.1451955485917,46.1431757461579,46.1403343874442,46.1366565462779,46.1321121319653,46.1266136893656,46.1199650074439,46.1118120744591,46.1016108344086,46.0886300762568,46.0720145627821,46.0509442283108,46.0249374003288,45.9943486085398,45.9610786302288,45.9294006447098,45.9065607375876,45.9024405769224,45.9272820577384,45.9868220065432,46.0758783880048,46.1742991608971,46.2507446487957,46.2761129501737,46.2397164553733,46.1559725643279,46.0557752303418,45.9696927733398,45.9154639745657,45.8957788469573,45.9034264634039,45.9279044154975,45.9598552121827,45.9927768072134,46.0229705390368,46.0487953637061,46.0698735034711,46.0864944994977,46.0992425180439,46.1087899087271,46.1157910942219,46.1208284301779,46.1243828480148,46.12681826393,46.1283779400975,46.1291939695808,46.1293096634413,46.1287110887542,46.1273605233688,46.12522284142,46.12227665632,46.1185052859381,46.1138673404154,46.1082517036187,46.1014258649426,46.0929896975193,46.0823496424643,46.0687325350964,46.0512659279965,46.0291633242677,46.0020644087507,45.9705786268961,45.9370352328099,45.9063052016795,45.886283160766,45.8872348947424,45.9189998361301,45.9856147413587,46.0789433652745,46.1758046037934,46.2438686378218,46.2565790249937,46.2083993164509,46.1183788147577,46.0188187759761,45.9383659080211,45.8914838150655,45.8782330276591,45.8902026869082,45.916858660245,45.9493776320494,45.9818874189923,46.0111902982109,46.0359687998875,46.0560234803517,46.071727471701,46.0836955102014,46.0926040815849,46.099099219923,46.1037483350405,46.1070131246452,46.1092354133778,46.1106354834589,46.1113242127332,46.1113281297707,46.1106226565743,46.1091654994367,46.1069209174875,46.1038670628693,46.0999823744028,46.0952120225304,46.089420342184,46.0823391345472,46.0735246220246,46.0623387254986,46.0479750613631,46.0295584838602,46.0063591289696,45.9781723851232,45.9459085278672,45.9123755922207,45.8830747174969,45.8665196595946,45.87321112092,45.9122860870374,45.9857068140934,46.0821772170518,46.1757591831704,46.2339347889785,46.2335658727231,46.1745229567125,46.0799047504044,45.9824973973358,45.9084350558878,45.868879032898,45.8615766297687,45.8772636342225,45.905587983909,45.9383328989801,45.9702428034308,45.9985761375543,46.022294057078,46.0413422574678,46.0561572859689,46.0673744310855,46.0756708406191,46.0816841691618,46.085968180694,46.0889665467837,46.0909993787884,46.0922632642737,46.0928461100322,46.0927550991103,46.0919519511323,46.0903865715036,46.0880194957423,46.0848256746424,46.0807764996354,46.0758022787407,46.069742306307,46.0622934213603,46.0529706944585,46.0410968869339,46.0258425856554,46.0063481121334,45.9819706318559,45.9527080623084,45.9198354385844,45.8867106376017,45.8595119967899,45.8473352451419,45.860717887699,45.9076999853646,45.9876878350336,46.0859715390856,46.1741941381515,46.2205975308303,46.2064490931609,46.1373020546802,46.0396969699892,45.9459784425726,45.8791856648916,45.8471307113022,45.8455123680563,45.8645064650453,45.8941265295396,45.9268304219713,45.9579778861573,45.9852560657942,46.0078757002319,46.0259062309361,46.0398348104568,46.0503108279729,46.0580092759285,46.0635580824849,46.0674961477021,46.0702474282318,46.0721080965231,46.0732485112096,46.0737310735559,46.073541323191,46.0726253105518,46.0709234639937,46.0683910955013,46.0649985220245,46.0607086875991,46.0554357565611,46.0489930725471,46.0410424787755,46.0310596799445,46.0183335880225,46.0020234993275,45.9813078490594,45.9556702527347,45.9253728309144,45.8921393776791,45.8599687059122,45.8357703283795,45.8291578844276,45.8504285599594,45.9060089592157,45.9921642406348,46.090527056105,46.1708243306628,46.2032243983349,46.1744888112839,46.0960614370162,45.9971974407142,45.9088207019655,45.8503037757804,45.8260735294122,45.8300286477407,45.8520505477886,45.8826835230495,45.9151258049005,45.9453600488419,45.9714876196011,45.9929518535185,46.0099333688651,46.0229622004316,46.0326971352196,46.0398073897343,46.0449073985158,46.0485169006667,46.051035585909,46.0527314934988,46.0537455334745,46.0541127182676,46.0537963761807,46.0527272531949,46.0508369946858,46.04807608846,46.0444098647304,46.0397915470017,46.0341171326494,46.0271717620752,46.0185807268239,46.0077810229762,45.9940330658602,45.9764988774935,45.9544235262031,45.9274673401458,45.8962345380217,45.8630005995468,45.8325090202711,45.8124431142738,45.8128124041757,45.8432828299885,45.9080178625234,45.9995026986525,46.0955996244049,46.1649160232728,46.1809641941988,46.1370822506578,46.0505776206772,45.9524646491525,45.8712067096877,45.8220037538161,45.8059375188102,45.8153850806681,45.8401933260924,45.8715881604473,45.9035659184822,45.9327400080498,45.9576164792611,45.977860152185,45.9937547473888,46.0058676716533,46.0148623636388,46.0213969011402,46.0260658342949,46.0293628138364,46.0316568321526,46.0331829763583,46.034050276222,46.0342664801688,46.0337748938691,46.032494211226,46.0303504011907,46.0272910072774,46.0232763478968,46.0182478659268,46.0120797325965,46.0045245863359,45.9951677230601,45.9834070542718,45.9684805420521,45.9495704453917,45.9260244647029,45.8977420907478,45.8657632596675,45.833031617041,45.8051370521091,45.7905402771507,45.7994294271218,45.8403076528484,45.9143154047809,46.0095716576018,46.1003485033066,46.1553300662778,46.1529783637673,46.0940793531918,46.001352676738,45.9063338106557,45.8339872693465,45.7949936508867,45.7872744672977,45.8020273292069,45.8293272412732,45.8612133535132,45.8925198805987,45.920488690702,45.9440172194557,45.9629800602402,45.9777560881882,45.9889441775363,45.9972064545191,46.0031827323525,46.0074395277926,46.0104363013335,46.0125047540752,46.013843213028,46.0145284477406,46.0145437727394,46.0138174830926,46.012261865055,46.0098018418067,46.0063843118235,46.0019638668428,45.996466519596,45.9897388421009,45.9814945254565,45.9712738324471,45.958434869823,45.942200935116,45.9217968196605,45.89671743867,45.8671759526543,45.8347538499203,45.8031825897931,45.7789769561422,45.7713073147577,45.7901958847296,45.8423103052034,45.9249707448181,46.0215508689444,46.1033611209159,46.1407692261669,46.1187893585257,46.0460580868512,45.9497080590302,45.8603331058695,45.7984932162165,45.7702597399188,45.7707623841897,45.7904274967696,45.8198134504482,45.8518733780029,45.8822910220548,45.9089160106124,45.931013646896,45.9486512696961,45.962292013023,45.9725583752768,45.9801038030041,45.9855418739329,45.9894028318935,45.9921046573503,45.9939368582067,45.9950595401364,45.9955194493952,45.9952807322024,45.9942635283206,45.9923803318504,45.9895596498539,45.9857491435764,45.9808954076303,45.9749034731435,45.9675846565604,45.9586057888814,45.9474564620569,45.9334550743682,45.9158209417063,45.8938492896306,45.867235239013,45.8365896451499,45.8041463354608,45.7745323514,45.7552182235402,45.7559165056657,45.7860000877773,45.8495294505791,45.9392938984457,46.0339171222281,46.1029022042379,46.1201790903781,46.078617247197,45.9944231298391,45.8976195845534,45.8163517329602,45.766160596301,45.7487326132782,45.7569439355195,45.7808916457744,45.8118409519088,45.8437156460726,45.873026148913,45.8981872587421,45.9187960175424,45.9350884245794,45.9475970295009,45.9569580511054,45.9638082415987,45.9687275775984,45.9722035091081,45.9746078117188,45.9761858873251,45.9770610571795,45.9772545912265,45.9767180904625,45.975370646746,45.9731308025767,45.9699337445543,45.9657273858246,45.960446137961,45.953966918794,45.9460571408858,45.936328661754,45.9242155739482,45.9089987766965,45.889908048847,45.8663424994064,45.8382569841257,45.8067484252756,45.7748082180081,45.7480375175774,45.734823969435,45.7451412270791,45.7871118930874,45.8614071260117,45.9558117307673,46.0446881455344,46.0973499265031,46.0931577945399,46.0335366128136,45.9412338780692,45.8473133810625,45.7761663503496,45.7381092047248,45.7309667903347,45.7460047613836,45.7734131959756,45.8053289789857,45.8366510580484,45.8646592569228,45.8882711471584,45.907368584554,45.9223263355807,45.9337285814594,45.942214381386,45.9483964090001,45.9528156605404,45.9559132509697,45.9580134720426,45.9593189904302,45.9599202993483,45.9598190587693,45.9589608983381,45.9572696818287,45.9546736960032,45.9511154246828,45.9465402445651,45.9408645506138,45.9339292601612,45.925449469329,45.9149751725708,45.901882325367,45.8854197045153,45.864846093261,45.839702485641,45.8102662514624,45.7782062007118,45.7473593208698,45.7243346755647,45.7183164299965,45.7391528670018,45.7930535112588,45.8766233933332,45.9725338647231,46.0518800872095,46.0856575194368,46.0601786639737,45.9853383310255,45.8887866574908,45.8007609249833,45.7410077081385,45.714843471448,45.7169661187897,45.7376868470092,45.7676390761051,45.7999207901862,45.8303596964209,45.8569200452232,45.8789464425805,45.8965525744529,45.9102194883669,45.9205645124013,45.9282193520197,45.9337670964463,45.9377071993782,45.9404342234683,45.9422269529966,45.9432492758412,45.9435642475595,45.9431598255779,45.9419809503955,45.9399597967815,45.937035359527,45.9331554533045,45.9282582203088,45.9222353246561,45.9148840898853,45.9058603146709,45.8946476615574,45.88056453354,45.8628367649715,45.8407746578825,45.8141021751514,45.7834815775578,45.7512301447606,45.7220916137386,45.7036625878661,45.7057219144459,45.7375298395386,45.8027331419004,45.8934055649892,45.9874169406045,46.0539825659217,46.0676144887974,46.0224882040666,45.9361180691017,45.8391030593022,45.7592665382984,45.7113293225946,45.6961806299326,45.7062111605509,45.7313623127483,45.7629577690097,45.7950704258773,45.824370176199,45.8494042141005,45.8698635781851,45.8860404700933,45.8984908885995,45.9078485669023,45.9147298712461,45.9196854455283,45.9231735330517,45.9255447089609,45.9270364513863,45.927779094001,45.9278137197474,45.9271193720666,45.9256435194077,45.9233276168515,45.9201197928973,45.9159692349258,45.9108010997285,45.9044757048226,45.8967404640672,45.8871872389545,45.875232102095,45.8601403359186,45.8411281768317,45.8175838095714,45.7894573267852,45.7578554358773,45.7258070707698,45.6989920074537,45.6859181672485,45.6966872917035,45.739470442616,45.8147821612287,45.9099715540929,45.9988071535237,46.0502154237034,46.0437649877189,45.9817051150496,45.8877569025545,45.7935249533585,45.7232909065447,45.686835871354,45.6813977734342,45.6978465785216,45.7262159445407,45.7586596431248,45.790178553173,45.818174420876,45.8416717324177,45.8606305425514,45.8754729255094,45.8868027294362,45.8952568986775,45.901431538868,45.9058446875882,45.9089159772695,45.9109561983551,45.9121665182125,45.9126487625539,45.9124263816509,45.9114724207706,45.9097378163862,45.9071720135273,45.9037288748663,45.8993539481263,45.893953577044,45.887351082628,45.8792396119265,45.8691452882153,45.856418929185,45.8402813467313,45.8199571400845,45.794943147003,45.7654613915606,45.7331201129869,45.7017096923964,45.6778436858098,45.6708127174897,45.6907123217536,45.744112419127,45.8279406268438,45.9249008451617,46.0056561836944,46.0404551785168,46.0150330359884,45.9393080650644,45.841510774185,45.7525548052129,45.6925356876506,45.6667118017389,45.6695011700367,45.6909292003313,45.7214500374854,45.7540992006095,45.7847208705185,45.8113317007965,45.833334203985,45.8508891936523,45.864507932287,45.8748209835173,45.8824595941867,45.8879977239134,45.8919226886604,45.8946192522787,45.8963628756658,45.897322807101,45.8975760681115,45.8971309526524,45.8959553359427,45.8940025806637,45.8912272623545,45.8875846576924,45.8830115262723,45.8773902557135,45.8705029900189,45.8619864484086,45.8513021157628,45.8377415544304,45.8204943173748,45.7988168705908,45.7723516925953,45.7416440472844,45.7088620942541,45.6785981162239,45.6583690332196,45.6580695208964,45.6874050568672,45.7508253030404,45.8413271553879,45.9372831789815,46.0074470462824,46.0249118192701,45.9822620781578,45.8962454341239,45.7978550587646,45.7159568147554,45.6662063265258,45.6499278860199,45.6594997204107,45.6846411308377,45.7164402241836,45.7488075537139,45.77833148172,45.8035339632469,45.8241098147598,45.84036482072,45.8528680523862,45.8622619239002,45.8691669999294,45.8741353980361,45.8776264582979,45.8799936189757,45.8814804301645,45.8822269785983,45.8822872264555,45.8816547934818,45.8802914544593,45.8781506492643,45.8751885025829,45.8713572930978,45.8665803517222,45.8607120034127,45.8534905390371,45.8444960737555,45.8331291712842,45.8186317322599,45.8001803661007,45.7770941005509,45.7492074990495,45.7174509238,45.6846184419919,45.6561409825363,45.6403817934062,45.6476047401297,45.6866718816364,45.7593661737883,45.8544967996975,45.9466174843208,46.0039193831427,46.003754888716,45.9458954919764,45.8528152732177,45.7566024987789,45.6830345765565,45.6433298131811,45.6355131071447,45.6506001918874,45.6784150490362,45.7108111125289,45.7425380454657,45.7708328830738,45.7946294489056,45.8138461286822,45.828891196954,45.84036912644,45.8489246812412,45.855165447266,45.8596227790476,45.8627302225379,45.8648119870674,45.866081199228,45.8666494810627,45.8665475923017,45.865753469719,45.864220891866,45.8619006165639,45.8587468271763,45.85470487646,45.8496807816494,45.8434976378089,45.8358483316037,45.8262576669896,45.8140712083705,45.798494423937,45.7787153687882,45.7541559671099,45.7249031217441,45.6923507830485,45.6599987276522,45.6341521048998,45.6239300151422,45.639653976896,45.6887889871478,45.769850603885,45.867281983287,45.9525372508998,45.9947535688033,45.9768752224769,45.9059244861081,45.8088293350264,45.7172138076764,45.652970717754,45.6230308874981,45.6227330704704,45.642298783157,45.6719675474351,45.7044386238652,45.7352566952317,45.7622258601471,45.7846180134144,45.802523542907,45.8164229255798,45.8269410302908,45.8347191046096,45.8403504008391,45.8443457540425,45.8471132378437,45.8489476651854,45.850031051691,45.8504455165749,45.8501973695167,45.8492474142996,45.8475396614881,45.8450199361462,45.8416376758518,45.8373280627992,45.8319764866317,45.825372103169,45.8171613395726,45.8068158820785,45.7936341951903,45.7768026648693,45.7555529019941,45.7294629140715,45.6989507769334,45.665974318949,45.6348349154501,45.6127398597219,45.6094186734199,45.6348259079747,45.6943401189142,45.7825506303807,45.8794819160493,45.9544862543988,45.9793577163076,45.9438779758406,45.8621015172102,45.7639725413169,45.679182637578,45.6251356969289,45.6047214755088,45.6111704019958,45.6343878871368,45.6652682017309,45.6974071508014,45.7271024178934,45.7526600115226,45.7736345899838,45.7902517899545,45.8030436987856,45.8126456428184,45.8196910191908,45.8247565459207,45.828330607321,45.8307935172172,45.8324081832754,45.8333232167288,45.8335895315697,45.833187973046,45.8320616537471,45.8301442506737,45.8273755756274,45.8236983779201,45.8190348378969,45.8132463834137,45.8060852482365,45.7971501869765,45.7858625370066,45.7714838365243,45.7532041146853,45.7303408827695,45.702698046434,45.6711264119824,45.6382715409883,45.6093423199528,45.5924473083884,45.5976862643738,45.6340621010254,45.7040231914352,45.7975694152418,45.8905062353826,45.9514778628988,45.9568545285677,45.9043105451455,45.8143262555454,45.7182207196393,45.6423774637957,45.5993020032607,45.5881913597818,45.6007273985988,45.626911188882,45.6584780794929,45.6899500910993,45.7183386027763,45.7423994494272,45.7619288366666,45.7772616950513,45.7889675496951,45.7976847409002,45.8040340828235,45.8085714322411,45.8117580405899,45.8139417169585,45.8153494271268,45.8160937795147,45.8161936441885,45.8156050839072,45.8142549933034,45.8120680016553,45.8089780940725,45.8049198615821,45.79979934149,45.7934497958441,45.7855825355893,45.7757468733322,45.7633173420272,45.7475320676945,45.7276149903493,45.7030253824195,45.6738832156167,45.6415982756902,45.6096467307575,45.5842424348955,45.5743265103403,45.5899788429031,45.6384647173348,45.7183333638548,45.8144673484945,45.8991021183335,45.9420623476416,45.9263129690795,45.8580588946604,45.7630616327298,45.6721673241031,45.6072354890842,45.5757153326658,45.5735935527344,45.5915656547271,45.6200878095152,45.6518762176385,45.6823867844954,45.7093027201542,45.7317841766766,45.7498359046875,45.7638823603862,45.7745194299824,45.7823813305621,45.7880699738397,45.7921136192178,45.7949394673051,45.7968567633282,45.7980524918527,45.7986019642923,45.7984934306045,45.7976615062018,45.7960207641736,45.793489751711,45.7899974582159,45.7854684314744,45.7797881797166,45.772755957653,45.7640367338482,45.7531282111904,45.7393633531325,45.7219755838061,45.7002634072067,45.6739006327394,45.6434361769064,45.6109872914132,45.5810087243367,45.5607749486185,45.5598684228255,45.587752191547,45.6489602490954,45.7371590829585,45.8319503278309,45.9033039069668,45.9245855717831,45.8871922478712,45.8057777652804,45.7096132031731,45.627125522979,45.574732208514,45.5549929996349,45.5613196722841,45.5839862599879,45.6142088085898,45.6457740860753,45.6750521064805,45.7003468383145,45.7211772995636,45.7377265425377,45.7504909394362,45.7600821827091,45.7671223056074,45.7721863564977,45.7757667429424,45.7782489925017,45.779898218886,45.7808590822648,45.7811708723805,45.7807955288803,45.7796521371722,45.7776486032171,45.774700990966,45.7707336041262,45.7656576129287,45.7593316570209,45.7515132519196,45.7418144744113,45.729679759302,45.714409035484,45.6952572719869,45.6716513942919,45.6435716958888,45.6121306407797,45.580314212415,45.5536833903129,45.5405403461493,45.5507356888553,45.5922792510131,45.6658373813827,45.7594049456493,45.84777518578,45.9007141248585,45.8977205093896,45.8398512816438,45.7491610413377,45.6561207903102,45.5849332399151,45.5461163920599,45.5378676710874,45.5517865556928,45.578264282075,45.6095111408356,45.6404170749859,45.6682146053661,45.6917640100843,45.7108936828752,45.7259339842408,45.7374352709755,45.7460137667558,45.752270327593,45.7567445695741,45.7598850096759,45.7620291685217,45.7633947412831,45.7640846152018,45.7641062815958,45.7634020972663,45.7618829709451,45.7594560366701,45.7560375764495,45.7515457718371,45.7458729283696,45.7388424365948,45.730160972623,45.7193811171464,45.7058944554874,45.6889817087039,45.66795538887,45.6424396737381,45.612832018375,45.5809584261091,45.5508294907049,45.5291837076391,45.5251773765487,45.5483309615824,45.6041505158396,45.6883169634186,45.7828400579995,45.8590215068257,45.8891138256205,45.8610996920006,45.7858802811445,45.6908699761612,45.6052047558682,45.5475056837962,45.5224997050501,45.5248647234671,45.5452014859878,45.574482335258,45.6060573112457,45.6358916812732,45.66199771906,45.6837145281311,45.7011257559126,45.7146764139976,45.7249520291017,45.7325615393563,45.7380756841135,45.7419910706776,45.7447063469275,45.7465076324758,45.747565265459,45.7479440449933,45.7476262026336,45.7465423188813,45.7446021912408,45.7417165964442,45.7378024763456,45.7327679534622,45.7264787863219,45.7187133323302,45.7091181547039,45.6971812734483,45.6822457471795,45.6635940397305,45.6406433077448,45.613298504985,45.582499309343,45.5509380357769,45.5237743923382,45.5088985876228,45.515964965165,45.5533399880983,45.6228685556259,45.7143910293991,45.8043572673456,45.8627485777068,45.8672128467788,45.8157533886955,45.7280295514535,45.6340692709722,45.559370426048,45.5163074824694,45.504469734703,45.5160463502975,45.5414005246977,45.5724282840904,45.6036671147324,45.6320745560774,45.6563356177525,45.6761823797618,45.6918974777326,45.7040075736079,45.7131146813404,45.7198092574367,45.7246244291969,45.7280086574152,45.7303080144922,45.7317574553956,45.7324833566801,45.7325185055794,45.7318274072945,45.730336131979,45.7279585627689,45.7246108247066,45.720208046355,45.7146418642447,45.7077422563611,45.699232513365,45.688691133022,45.6755396982153,45.6590825487141,45.6386331098853,45.6137713284142,45.5847783182771,45.5532670406668,45.5229339777494,45.5001517884687,45.4938049196345,45.5134940427875,45.5654432978525,45.6467555745466,45.7410979978607,45.8206466993427,45.8568203956637,45.835195084267,45.7640839272104,45.6696862273967,45.5817248495049,45.5204103486784,45.4919669230055,45.4918898925633,45.5109292056951,45.5398274453224,45.5716015082167,45.6019336421913,45.6286496044216,45.6509872403885,45.668984532154,45.6830688127147,45.6938175454396,45.7018324500344,45.7076763585992,45.7118398809226,45.7147213756172,45.7166151048218,45.7177083123905,45.7180891698358,45.717765564622,45.716691327131,45.7147934279912,45.7119922502944,45.7082078957042,45.7033485015391,45.6972810231668,45.6897899761293,45.680534631651,45.6690201993659,45.6546044696144,45.6365693823249,45.6142970655133,45.5875979683406,45.5572316484327,45.5256103935102,45.4975384787596,45.480579177523,45.4843050118034,45.5175427588486,45.583339690812,45.6732642467593,45.7651766257005,45.8290214058295,45.8405092686337,45.794750068723,45.7093237451298,45.6140944598728,45.5359553757771,45.4890507400066,45.4741807294102,45.4839523775877,45.5085941785109,45.5396510756366,45.5713191168241,45.6003144215156,45.6251852367792,45.645601988443,45.66182745939,45.6743854414805,45.6838779788873,45.6908932481649,45.6959604097242,45.6995257090249,45.7019384846378,45.7034446847479,45.7041892967862,45.7042289332139,45.7035532775477,45.702110889245,45.6998325134912,45.6966445567996,45.6924670866906,45.6871942331369,45.6806594379655,45.6725928586066,45.6625830902218,45.6500606746951,45.6343277009114,45.6146670839264,45.590575607427,45.5621693558487,45.5307899039811,45.4997589425467,45.4750414615703,45.4652672259645,45.480247478666,45.527208305359,45.6050820309081,45.699568754073,45.7838067817453,45.8279965301558,45.8145629157305,45.7485461586216,45.6547101948471,45.5636567202923,45.4976969227341,45.4649556917692,45.4619086261749,45.4794276222017,45.5079179637146,45.5399563246416,45.5708680738079,45.5982533770869,45.6212346739146,45.6398048597108,45.6543817783588,45.6655463230738,45.6739051194022,45.6800239538418,45.6843956299815,45.6874229098432,45.6894093425271,45.6905574747781,45.6909759774287,45.6906959948871,45.6896941721008,45.6879169547215,45.6852991875079,45.6817704593564,45.6772450762393,45.6715954364885,45.6646131575931,45.6559669940946,45.6451714289611,45.6315856001404,45.6144701284448,45.5931398370595,45.5672602725804,45.5373342582435,45.5053860750746,45.4757328277802,45.4554916568215,45.4541279369094,45.4811205247139,45.5412354183226,45.6285701274852,45.7231581424671,45.7950867514522,45.8173552280058,45.7807246950045,45.6994143338081,45.6027535728076,45.5195891901149,45.4667640007692,45.4470266718433,45.4537334872206,45.4769833229575,45.5078207602455,45.5399272927539,45.5696408885738,45.5952847869559,45.616419486505,45.6332670775989,45.6463448517164,45.6562614207463,45.6636145664181,45.6689431170216,45.6727036293499,45.6752580031998,45.676868070164,45.6776978626999,45.6778248163564,45.6772591214533,45.6759674791324,45.6738951333068,45.6709792985413,45.6671483887124,45.6623045205645,45.6562909329551,45.6488504975352,45.6395860660162,45.6279383756734,45.613203680299,45.5946223185289,45.5715806061596,45.5439763181644,45.5127867460022,45.4808155354971,45.453432927593,45.438831826104,45.4469747452161,45.4863370139183,45.5583918121587,45.6519721242487,45.7421679697299,45.7980659274278,45.7977427570608,45.7410007224687,45.6496385388118,45.5548802110094,45.481995117628,45.4422010449197,45.4338273322137,45.4482286656722,45.4754534368957,45.5074476651276,45.5389669302376,45.5672167235435,45.5910919422355,45.6104758725719,45.6257460430259,45.6374779788338,45.6462880727266,45.6527575947883,45.657397110852,45.6606286294768,45.6627762091004,45.6640635331042,45.6646198062327,45.6644946095589,45.6636797177857,45.6621329843288,45.65979759821,45.6566101127544,45.6524927495067,45.647329103737,45.6409267438476,45.6329746765765,45.623008173471,45.6103987208455,45.5943941212118,45.5742438970225,45.5494563668633,45.5202375429191,45.48813688294,45.4568316732295,45.4327720679316,45.4250745822929,45.4437451584976,45.4954918650536,45.5777224243701,45.6738964577608,45.7553503143567,45.7924140528135,45.7700785706267,45.6970544889171,45.6006264733688,45.5115028732888,45.4502268049975,45.4227305548487,45.4239652685392,45.4442199180831,45.4739931881472,45.5062513653682,45.5367385834467,45.5633827006754,45.5855203672088,45.6032663619563,45.6170988983978,45.6276233336069,45.6354516097343,45.6411448947502,45.6451858426705,45.6479636901649,45.6497667490414,45.6507825987009,45.6511074858904,45.6507646543759,45.6497282877485,45.6479470745985,45.6453602900432,45.6419002615754,45.6374779727332,45.6319526635117,45.6250907953699,45.6165241809916,45.6057216553092,45.5919943837196,45.5745630925976,45.5527264609293,45.5261800231659,45.4955317107068,45.4630158236548,45.4332766090611,45.4138328093119,45.4144779954833,45.4446690843708,45.508482394436,45.5985720774613,45.6932678983284,45.7617735902227,45.7779785831203,45.7351130704312,45.6499693649127,45.5530015145845,45.4723824720515,45.4233371537918,45.4071341182457,45.4163363764824,45.4409051633022,45.4721168201229,45.503987901183,45.5331463131673,45.5581131943284,45.5785628282815,45.5947731721182,45.6072847693476,45.6167144820648,45.6236628137367,45.628669176606,45.6321885137895,45.6345777357086,45.6360896473159,45.63687584951,45.6369998127988,45.6364586552751,45.6352089079945,45.6331892716558,45.6303330479062,45.6265648082247,45.6217794882128,45.6158066100117,45.608366941536,45.5990333194426,45.5872121220356,45.5721682225608,45.5531253924853,45.5294853761643,45.5012160287274,45.4694445551794,45.4372214345647,45.4102455485851,45.3970344002334,45.4076799423898,45.4503196621785,45.525428445386,45.6203605326069,45.7089925034539,45.7604541594469,45.7544878474709,45.6933185901005,45.6004010961944,45.5069783485962,45.4370839491891,45.4004641993504,45.394489390798,45.4102205607503,45.4378559823815,45.4696535097876,45.5006603911117,45.5282842074832,45.5515321320918,45.570336517062,45.5850896121034,45.5963685865447,45.6047902771769,45.6109392978252,45.6153314530831,45.618392496243,45.6204452579997,45.6217052357224,45.6222866951411,45.6222197288074,45.6214753838124,45.6199927384023,45.6177001079608,45.6145231366201,45.610375319617,45.6051307951613,45.5985840811138,45.5904060996723,45.5801103083331,45.5670478740939,45.5504579731512,45.5296092703457,45.5040791735994,45.474218802048,45.4418202609782,45.4108976454564,45.3882677439539,45.3832760980822,45.4057431848459,45.4614995794501,45.5463832947832,45.6421831277101,45.7195810113949,45.7501346996538,45.7215561599217,45.6451233635494,45.5489802571927,45.4628197215312,45.405361971044,45.3810702752009,45.3842599656948,45.4052664327957,45.4349498974915,45.4666664181085,45.4964465095201,45.5223810994837,45.5438766227732,45.5610639789061,45.5744154170131,45.584527527896,45.5920091147561,45.5974245617513,45.6012624177958,45.6039153238449,45.6056681225409,45.6066959043428,45.6070739915286,45.6067991532711,45.6058176195268,45.6040525062665,45.6014223307425,45.5978438347947,45.5932159829818,45.5873868477174,45.5801101472815,45.5710029224069,45.5595204989091,45.5449705929054,45.5265965014127,45.5037697196751,45.4763403503941,45.4451847300825,45.4129332964977,45.3847120290604,45.3684535896155,45.3739914841345,45.4100443801963,45.4789287123626,45.5708799588461,45.662383614393,45.7229378607464,45.7293736848546,45.6790148021628,45.5913564008119,45.4967522393915,45.421184949928,45.3773708570989,45.365013514284,45.376265671246,45.4014090085218,45.432274491252,45.4633658712646,45.4916299302936,45.5157515312534,45.535465007148,45.5510544888586,45.5630474502958,45.5720473148205,45.5786476719394,45.5833868620538,45.5867201751195,45.5890011249776,45.5904715730494,45.5912633157646,45.5914124932765,45.5908846735981,45.589604680613,45.5874828345928,45.5844292572291,45.5803503951266,45.5751263016104,45.5685724497433,45.560395017397,45.5501533996374,45.5372487593721,45.5209639915314,45.5005894997418,45.4756790527933,45.446482420358,45.4145756531008,45.3836180513226,45.3599616651517,45.3525200732556,45.3710185187963,45.4219359095081,45.5027368589636,45.5974308260788,45.6783076034116,45.7165101446341,45.6970049377097,45.6274529701212,45.5336813813974,45.445438160512,45.3832324806535,45.3536490872052,45.3524590574887,45.3705619031301,45.3987479836492,45.4300215761937,45.4600248471501,45.4865357183367,45.508746730802,45.5266584297409,45.5406715359906,45.5513491195112,45.5592905061899,45.5650661518169,45.5691807460411,45.5720486720782,45.5739776428665,45.575162236635,45.575689999043,45.5755603322074,45.5747124773095,45.5730554161163,45.5704909232353,45.5669219806314,45.5622421407103,45.5563063556801,45.5488892277508,45.5396418537897,45.5280634724831,45.5135098523281,45.4952680012642,45.4727363888187,45.4457573062474,45.4151399096197,45.3833605762087,45.3552882133894,45.3385219293385,45.3425991057127,45.3762068424937,45.4421692592171,45.5318678243019,45.6231994673895,45.6864667168677,45.6978891948281,45.6528518569462,45.568715829915,45.4747676032326,45.3973595676779,45.3504252158172,45.3348934961402,45.3436667313121,45.3672593627387,45.3974038507243,45.4283759168082,45.4568927467106,45.4814608816605,45.5016946059814,45.5178044120418,45.5302756223144,45.5396894878971,45.5466304239436,45.5516369176161,45.5551715683519,45.5576002725846,45.5591795977815,45.5600550089663,45.5602719547076,45.5597985849114,45.5585549707089,45.5564408590831,45.5533533821917,45.5491880985142,45.5438208192632,45.5370729260982,45.5286683739013,45.5181958634512,45.5050951450125,45.4886931252175,45.4683241994917,45.4435784175575,45.4147227373921,45.3833147318028,45.3529385524764,45.329796479874,45.3225822501276,45.3407889912215,45.3907843021109,45.4702161518605,45.5636526219149,45.6441279859051,45.6832475177364,45.6657380185433,45.5983799438285,45.5060437404576,45.4180227453692,45.3550065741769,45.3241095569012,45.3216169991807,45.3387326850596,45.3663343400089,45.3973788425831,45.4274107646588,45.4541123035505,45.4766024517764,45.49483162133,45.5091676027137,45.5201510230316,45.5283649237579,45.5343680411164,45.5386581326889,45.5416481587324,45.5436499935224,45.5448667618709,45.5453964940907,45.5452479271215,45.5443656972289,45.5426586729946,45.5400232392243,45.5363537760243,45.5315353985097,45.5254185843953,45.5177806893697,45.5082848203744,45.4964520331561,45.4816690340936,45.4632614868412,45.4406724874663,45.4137924665243,45.3834773352655,45.3522381446969,45.3249458470706,45.3091374679628,45.3141909675802,45.3485294676953,45.4146697129941,45.5037940061408,45.5938906886028,45.6557007760912,45.6660324199087,45.6206534147103,45.5368838659838,45.4436499660962,45.3669162683776,45.3204103669744,45.3050535311916,45.3138417281624,45.3373901392941,45.3674964403502,45.398464890687,45.4270190083944,45.4516626036101,45.4720047319841,45.4882493966581,45.5008731070828,45.5104450961206,45.5175351144885,45.5226664484016,45.5262889290425,45.5287608845935,45.5303380774248,45.5311716969272,45.5313174263937,45.5307549615164,45.5294138425944,45.5271986791273,45.5240059447681,45.5197259562061,45.5142271581781,45.5073246745,45.4987404518226,45.4880678243593,45.4747592681322,45.4581633667556,45.4376461323496,45.4128409013512,45.3840717108548,45.3529669877583,45.3231874067899,45.3009919587258,45.2950601838356,45.3147286770453,45.3660121090429,45.4460487039025,45.5389425291397,45.6176296788442,45.6541945547453,45.6342670536085,45.5654635146306,45.4729717318491,45.3858231009737,45.3241591923054,45.2946005456407,45.2931579287978,45.3109664350885,45.338953562173,45.3701658720674,45.4002341596313,45.4269080655913,45.4493537365106,45.4675510454567,45.4818822739501,45.4928898762065,45.501148616537,45.507202249571,45.5115310822973,45.5145326216724,45.5165090435775,45.5176616769605,45.5180946764901,45.5178287758313,45.5168230159807,45.5149992328786,45.5122622117702,45.5085085731752,45.5036197670937,45.4974385531941,45.4897333002518,45.4801597770331,45.4682358036841,45.4533508158542,45.434840889398,45.4121696605133,45.3852621752023,45.3550281314199,45.324054669375,45.2973045964098,45.282393850947,45.2887038815641,45.324495861332,45.3918909933343,45.4814940309453,45.5707854669445,45.6304446864806,45.637878229417,45.5898869589335,45.5046859604769,45.4114903826985,45.3359288385454,45.2911051768137,45.2773883787147,45.2874622830606,45.3118567010444,45.3424208284378,45.3735629823987,45.4021126337913,45.4266600746233,45.446876412851,45.4630048907475,45.4755418118503,45.4850604483107,45.4921228722122,45.4972375699829,45.5008374466996,45.5032665618451,45.5047727942404,45.5055077504145,45.5055355629111,45.5048501299274,45.5033973520926,45.5010964576556,45.4978536210918,45.493562227946,45.4880871614689,45.4812348075368,45.4727154661031,45.4621102491254,45.4488606817717,45.4323069328906,45.4118103113211,45.3870052606059,45.3582269068657,45.3271313911105,45.2974308852417,45.2754608309051,45.269985064179,45.2903829342953,45.3425887683105,45.4234642684283,45.5166665754445,45.5947180553545,45.6296402769053,45.6075296235728,45.5368077657437,45.4433442328586,45.3563710525891,45.2957513588426,45.2676144411067,45.2675391442289,45.2864140950071,45.3150968023356,45.3466737703448,45.3768611395666,45.4034983976858,45.4258269421494,45.4438814262943,45.4580787118757,45.4689782420314,45.4771577002973,45.4831537950091,45.4874343758322,45.4903837393133,45.4922942510336,45.493363777965,45.4937005596815,45.4933362318774,45.4922451759191,45.4903656559189,45.4876165346168,45.4839034654243,45.4791104797541,45.4730764564433,45.465560475433,45.4562050833246,45.4445121018382,45.4298524581129,45.4115404287259,45.3890132249075,45.3621643051453,45.3318692302988,45.3006873701676,45.2735780539255,45.2582037629056,45.2640647898965,45.2996060164634,45.3671274123231,45.457273446291,45.5473059511929,45.6074680651474,45.614776084023,45.5659972178318,45.4797278718462,45.385709783935,45.3099013183496,45.2654066796497,45.252370436099,45.2632083890794,45.2882584336493,45.3192834246304,45.3506864624387,45.3793353516002,45.4038726316902,45.4240182868649,45.4400533121728,45.4524985511095,45.4619394751136,45.4689404192465,45.4740054382374,45.4775599360159,45.4799409399665,45.4813926910133,45.4820683780154,45.4820393607671,45.481311424416,45.4798449318935,45.4775735213331,45.4744152000985,45.4702707395398,45.4650070397993,45.4584271046519,45.4502329056839,45.4399925375701,45.427129083199,45.4109564037607,45.3907971660002,45.3662288955736,45.3375063864424,45.3061828991051,45.2758611628069,45.2528034099582,45.2458124250541,45.2645101248196,45.3153199988655,45.3957301919103,45.4898423576945,45.5700481102065,45.6075445133444,45.5873193738348,45.5171001349499,45.4228628788462,45.3345185379345,45.2726435519388,45.243749600891,45.2434400328976,45.2624341807218,45.2913913332197,45.3232555193693,45.3536710149791,45.3804580353853,45.4028674656816,45.4209540412467,45.4351546746277,45.4460440173916,45.4542089421874,45.4601901569565,45.4644561248534,45.4673904924103,45.4692856954731,45.4703418920984,45.4706726164135,45.4703177724214,45.4692622106558,45.4674555716177,45.4648275100608,45.4612925333725,45.456740620371,45.4510131721738,45.4438681122953,45.4349426966818,45.4237279243492,45.4095750798469,45.3917638291358,45.3696722578904,45.3430981327151,45.312774412554,45.2810726153051,45.2527511856476,45.23534494861,45.2384504173946,45.2710052698664,45.3362573436363,45.4260001154807,45.5182120460017,45.582734427766,45.5949776470137,45.5497409318138,45.4644813692323,45.3691617687827,45.2908646634924,45.243868192309,45.2290004659644,45.2388259080905,45.2635164233926,45.2945814856888,45.3262108030208,45.3551356037164,45.3799285656447,45.4002833025932,45.4164775988099,45.4290390047905,45.4385625494495,45.445621925767,45.4507294572879,45.4543177890743,45.4567305169604,45.4582181312557,45.4589400070454,45.4589737762481,45.4583316394596,45.4569804980701,45.4548605638762,45.4518963099774,45.4479946790221,45.4430282069736,45.436804616962,45.4290289234649,45.4192689588886,45.4069409151236,45.3913389455995,45.3717428491598,45.3476489602775,45.3191742908141,45.2876637011525,45.2564485293021,45.2315158421027,45.221534117259,45.2363651908722,45.2832773287351,45.3612045111825,45.4557878184796,45.5400717795868,45.5842033973126,45.5706582460646,45.5046066128192,45.4109165817703,45.3201828685338,45.2546091388334,45.2221902512063,45.2193180300965,45.2368467204416,45.2652123751176,45.2970430127144,45.3277149688622,45.3548684434695,45.3776518406679,45.3960705954179,45.4105438978814,45.4216457491283,45.4299710660657,45.4360727854836,45.4404332351349,45.4434498386386,45.4454273652954,45.4465758464617,45.4470157026098,45.4467908294194,45.4458878785857,45.4442572468917,45.4418296019215,45.4385218645823,45.4342285566919,45.4287978957123,45.4219963289349,45.4134698622648,45.4027156054485,45.3890831553271,45.3718338409843,45.3502966619721,45.3241696290693,45.294012570856,45.261936257658,45.232370029068,45.2125438081542,45.2119764391545,45.2400497565694,45.3012070159891,45.3890379893674,45.4831258703426,45.5535316091675,45.5738384415133,45.5357275445356,45.4540788226829,45.3582217342314,45.2764595118191,45.2249839586774,45.206132926011,45.2131685174616,45.2363037126173,45.2667654374303,45.2983961881976,45.3276414517082,45.3528806375279,45.3736935347189,45.390299562563,45.4032027325585,45.4129953393902,45.4202604926774,45.4255266166786,45.4292451919629,45.4317781274792,45.4333910110778,45.4342532291341,45.4344466156488,45.4339823370444,45.432822744207,45.4309024177804,45.4281416796649,45.4244469076754,45.4196948910248,45.4137025773801,45.4061881980572,45.3967345918863,45.3847709271835,45.3695959286932,45.3504750971718,45.3268553822981,45.298747086401,45.2673072266027,45.2355874057796,45.2092357656468,45.1966427577579,45.2076909509507,45.2502731219107,45.324711764191,45.4184756456414,45.5059061196191,45.5567731239884,45.5512246157739,45.4913319840896,45.399926522153,45.3075925459901,45.2380486965914,45.2011247296679,45.1944828926901,45.2094739865978,45.2364793680907,45.2678292252571,45.2985720786018,45.3260857683114,45.349341071235,45.368236949047,45.3831366156127,45.3945912792506,45.4031942236913,45.4095098719882,45.4140393085075,45.4172011349063,45.4193194846632,45.4206185339167,45.4212255252815,45.4211834408587,45.4204716235179,45.4190295143695,45.4167766565572,45.4136220683751,45.4094581691611,45.4041381864996,45.3974406098977,45.3890291450625,45.3784216763172,45.3649876158702,45.3480008154535,45.3267853727961,45.3010014206892,45.2711168773772,45.2390749449534,45.2090548910434,45.1879923870117,45.1851914476649,45.2101251518114,45.2678912928731,45.353362985339,45.447620622823,45.5215177857855,45.5478768958609,45.5161598460293,45.4388015385283,45.3438777118849,45.2600826709742,45.2049999593801,45.1823964744331,45.1864266504723,45.2075980396369,45.2370428445119,45.2683514362681,45.2977083477771,45.3232862493644,45.344523513701,45.3615530512172,45.3748325211587,45.3849355849609,45.3924453552165,45.3979021635352,45.4017757439433,45.4044475966514,45.4061998041218,45.4072117453126,45.4075669254367,45.4072699760328,45.4062704998774,45.4044874897169,45.4018267823273,45.398184990813,45.3934364275633,45.3874039923319,45.3798200277366,45.370288253589,45.3582632922591,45.343070899949,45.3240007938318,45.300514212949,45.2726142774191,45.2414125295563,45.2098575408005,45.1834262237172,45.1702910891249,45.1801558086866,45.2209383224197,45.2933784042442,45.3857957572008,45.4735069700218,45.5267408164958,45.5250600158524,45.4690637564793,45.3800815931881,45.2880243532358,45.216951614337,45.1775928803634,45.1684864630273,45.1815170853607,45.2072389873578,45.2379221281475,45.2684581844311,45.2960594455568,45.3195614381426,45.3387670092181,45.3539780431012,45.3657114790406,45.3745462551611,45.3810465781666,45.3857225490262,45.389006491045,45.3912366475427,45.3926478532509,45.3933717161601,45.3934479617347,45.3928455096347,45.3914883344684,45.389278754115,45.3861104849114,45.3818658469846,45.376395444489,45.3694836464145,45.3608084947854,45.3499100405241,45.3361870784797,45.3189498313809,45.2975656834954,45.2717437937341,45.2420019372186,45.2103214494684,45.1808840316006,45.1605573118054,45.1584742889967,45.1838374215115,45.2414606846064,45.3261061018804,45.4191126789681,45.4919659281177,45.5181595418626,45.4873722773348,45.4115945173347,45.3181068688463,45.2349950342636,45.1797157572598,45.1563023209492,45.159301534565,45.1795310664682,45.2082810062377,45.239172839585,45.2683504851111,45.2939202887617,45.3152553872586,45.3324358988702,45.3458817228627,45.3561425975189,45.3637891766083,45.3693581912864,45.3733219347657,45.3760677814711,45.3778840839589,45.37895417638,45.37936112667,45.3791037070981,45.3781205007054,45.3763158351228,45.3735796729978,45.3697943637545,45.3648241920884,45.3584882776134,45.3505227321313,45.3405435040452,45.3280271326132,45.3123334683049,45.2928030681155,45.268971442403,45.240946338473,45.2099759349931,45.1791629074721,45.154109014809,45.1429900059757,45.15526375811,45.1982581551302,45.271850185045,45.3635835361373,45.4486470084588,45.4981389272916,45.4931631889729,45.4356122924455,45.3470912955222,45.2567933524267,45.1877284052453,45.1498803619258,45.1415504793469,45.1547479503153,45.180278989042,45.2106371681328,45.2408551843963,45.2682104083501,45.2915538483471,45.3106784617794,45.3258667106764,45.337614989931,45.3464843056391,45.3530248683238,45.3577369247234,45.3610467088783,45.3632893168055,45.364698149358,45.3654035827228,45.3654427770533,45.3647795395947,45.3633296195498,45.36098426834,45.3576243886969,45.3531194440732,45.3473091449219,45.3399710021606,45.3307824090246,45.3192917240843,45.3049193072842,45.287017412019,45.2650272287697,45.2387786835922,45.2089722578501,45.1778370168768,45.1498356975256,45.1320516347833,45.1335805012015,45.1630932453846,45.2242379880925,45.3102011363086,45.4010910016194,45.468495276639,45.4877397807746,45.451227808233,45.3729562487913,45.2804377631784,45.2004896803549,45.1488902877732,45.1284870927728,45.1333866511342,45.1545006623279,45.1834320326327,45.2141180383089,45.2429332689028,45.2681217586493,45.2891245359848,45.3060461457865,45.3193069628548,45.3294452117464,45.3370147521602,45.3425340733936,45.346458246471,45.3491601763977,45.3509175564495,45.3519070956037,45.3522085700602,45.3518193003811,45.3506763444199,45.3486806128549,45.3457155358354,45.3416535216639,45.3363462480799,45.3295992669298,45.3211367504757,45.3105679826701,45.2973735030647,45.2809362866839,45.2606524170254,45.2361646330891,45.2077632730522,45.1769736459628,45.1472628158981,45.1246116670331,45.1174064761005,45.1348430813709,45.1831982070155,45.2604701617151,45.3520971384885,45.4321913659974,45.4729619185615,45.4586943945091,45.3948177049593,45.3047774167866,45.2171983491921,45.153037781387,45.1201924952341,45.1157127746799,45.131263862566,45.157868316648,45.1884293122771,45.2183622157415,45.2452205433593,45.2680244369177,45.2866562793092,45.3014366822506,45.3128697240365,45.3215067252981,45.3278788016328,45.3324629696472,45.3356621399562,45.3377912676493,45.3390691372891,45.3396180633224,45.3394731802755,45.3386003521348,45.336918570332,45.3343204191029,45.3306837145358,45.3258690998576,45.3197019407688,45.3119417002387,45.3022475164839,45.2901548190108,45.275084918355,45.2564181818214,45.2336710323892,45.2068228213324,45.1768269666804,45.1462839155755,45.1201112389985,45.1057917775072,45.1124779818534,45.1481584576685,45.2147831797705,45.3030898390149,45.3911023253718,45.4502630053243,45.4584733212955,45.4123369359234,45.3292478302051,45.2375170638915,45.1623158332319,45.116858048312,45.101949429204,45.1107288422974,45.1340259628402,45.1638125020842,45.1944966881,45.222849602242,45.2473889338893,45.2677202699023,45.2840346702765,45.2967889489073,45.3065272586466,45.3137912465487,45.3190770181772,45.322812918765,45.3253456210693,45.3269310942697,45.3277316312406,45.3278209787824,45.3271979189621,45.3258057882157,45.3235527867723,45.3203266334252,45.3159977588083,45.3104078227614,45.3033444652046,45.2945083076675,45.2834840210994,45.2697339792465,45.2526412122604,45.2316381189767,45.2064660138777,45.1776086471568,45.1469087457925,45.1182739477035,45.0981690184167,45.0952884286765,45.1185840062341,45.1731306318339,45.2546926434015,45.3461531311347,45.420272986705,45.4505344170769,45.4250068175571,45.3533771506251,45.261374941459,45.1770492546257,45.1189620317329,45.0924862497858,45.0930791720071,45.1118841216799,45.1401044231636,45.1711025357246,45.2007586833821,45.2269839512985,45.2490334659921,45.2669262716023,45.2810521449998,45.291941483309,45.3001456253022,45.3061799545699,45.310497202326,45.3134730969051,45.3153973629485,45.3164694420044,45.3168006962283,45.316424266259,45.3153114476689,45.313390774862,45.310564148382,45.3067141086855,45.3016980145307,45.2953282107163,45.2873418002485,45.2773689987636,45.2649152816513,45.2493801388576,45.230144673173,45.2067703274318,45.179355666069,45.149081417848,45.1189052107342,45.0942051104935,45.0828960274755,45.0942469386351,45.1356400549319,45.2073997453969,45.2978674030907,45.3830087557631,45.434114740691,45.4316066588348,45.3761817197074,45.2885243444091,45.1977087833034,45.1273088408936,45.0880484031376,45.0787295671964,45.0915120670955,45.1171075257608,45.1478245224923,45.1785276055826,45.2063859392314,45.2302017575905,45.2497589410263,45.2653478946476,45.2774724502724,45.2866909946595,45.2935393764046,45.2984961425242,45.3019662728083,45.3042721742786,45.3056488671849,45.3062442644912,45.3061260671263,45.305295215403,45.3037033394047,45.3012694668567,45.2978903184076,45.2934393272462,45.2877520480788,45.2805995122877,45.2716559401249,45.2604729257816,45.2464791331707,45.2290332954039,45.2075687209715,45.1818761677561,45.1525678754819,45.1217246244119,45.0936108530064,45.0751130156028,45.0752406421573,45.1028409356532,45.1621082821411,45.2470519588235,45.3384771040891,45.4079895324525,45.4300241291335,45.3956456420263,45.3179424356809,45.2244798819803,45.1428634168529,45.0897540475775,45.0685056165513,45.0732828895622,45.0947870589445,45.1243486252616,45.1556931642601,45.1850794584798,45.210716751091,45.2320608359343,45.2492507599327,45.262739718227,45.2730851538484,45.2808430496184,45.2865199740976,45.290552290361,45.2932962399791,45.2950227060959,45.295916138103,45.2960790757657,45.2955429950641,45.2942840430226,45.2922398834218,45.2893223962108,45.2854210262761,45.2803933425121,45.2740426159356,45.2660865563982,45.2561265222886,45.2436327301748,45.2279688622893,45.2084894322178,45.1847538435284,45.1569054096081,45.1262441237532,45.0959455722203,45.0717018167316,45.061767803932,45.075598522723,45.1203254094239,45.1953404665931,45.2874619170108,45.3712212980209,45.4176202003681,45.4085352329615,45.3472442572978,45.2566099849324,45.1663052093115,45.0989568063701,45.0637094029733,45.0580529204135,45.073478564111,45.1005921040197,45.131906440767,45.1625819031712,45.1900534736649,45.2133175943703,45.2322822050084,45.2473084238056,45.2589351597134,45.2677337348644,45.2742396471005,45.2789233065634,45.2821773907747,45.2843106385755,45.285545505433,45.286020584329,45.2857990155344,45.2848824514147,45.2832277749932,45.2807618516017,45.2773889619896,45.2729866002238,45.2673879367643,45.2603530777992,45.2515359500824,45.240459203644,45.2265164488067,45.209030143101,45.1874043219655,45.1614204432046,45.1317201594004,45.1004752559778,45.0721212098549,45.0537887778622,45.054739753913,45.0839296118143,45.1453042166766,45.2321330553151,45.3241631539004,45.3922081919126,45.4108619258853,45.3724474851229,45.2917190696225,45.1973021817112,45.1167678358208,45.0659469000653,45.0472102826135,45.0540452030066,45.0768882111946,45.1071033243366,45.1385857933169,45.1677841082824,45.1930620225379,45.2139814053335,45.2307456651885,45.2438428891688,45.2538469099806,45.2613192567438,45.2667657902624,45.2706184432396,45.2732268154157,45.2748541687623,45.2756776504242,45.275794159498,45.2752323052356,45.2739686596057,45.271944241056,45.2690758942032,45.2652575399935,45.2603482538107,45.2541474851206,45.2463620377408,45.2365744795675,45.2242287242979,45.2086563601984,45.1891774259215,45.1653202904005,45.137210052328,45.1061552997146,45.0753849006133,45.0507048395861,45.0405436762276,45.0545476457606,45.0999547376253,45.1760384361988,45.2691955005033,45.353362039296,45.3991341402892,45.3885315811713,45.3255164572894,45.2337392824349,45.1432726271451,45.0766126217047,45.0424650068308,45.0378834010255,45.0541003534253,45.0816521557031,45.1131010529042,45.1437003566051,45.1709743286535,45.19398595279,45.2126854603437,45.2274578666305,45.2388546069973,45.247453578084,45.2537940335448,45.2583485316064,45.2615103453438,45.2635869545828,45.2647976515594,45.2652764641062,45.2650815811341,45.26421053466,45.2626178911939,45.2602303241679,45.2569534969586,45.2526664897739,45.2472023744014,45.2403175248584,45.2316569590722,45.2207284490828,45.2069048829847,45.1894832356323,45.1678394266972,45.1417277029254,45.1117691861696,45.0801309514242,45.0512725406943,45.032391817825,45.0328676124297,45.0618058604712,45.1232810304265,45.2105828924202,45.3033065227798,45.3719803507577,45.3909409102049,45.3524534055662,45.2714348607153,45.1767457804188,45.0960958478958,45.0453088814626,45.026666567629,45.0335691576606,45.0564107936689,45.0865557453144,45.1179214354291,45.1469814344916,45.1721175755079,45.1929009458449,45.2095378766173,45.2225168956947,45.2324129004381,45.2397906435288,45.2451612525918,45.2489626315431,45.2515491923759,45.2531862074788,45.2540491933385,45.25423000852,45.2537500044859,45.2525780031879,45.250648444417,45.2478738125093,45.2441459841887,45.2393234472026,45.2332050106134,45.2254951351215,45.2157710923137,45.203468100369,45.1879061799422,45.168392360911,45.1444426857844,45.1161732214569,45.0848898368766,45.0538284075821,45.0288151996925,45.0183149327974,45.0320252772311,45.077244363714,45.1533010438912,45.2466255541935,45.3311512533909,45.3774283026327,45.3673891211482,45.3048809188692,45.2134425417171,45.1230775718873,45.0562803572554,45.0218148639821,45.0168217929815,45.0326163727478,45.0597932173796,45.0909438266357,45.1213265370327,45.1484546776573,45.1713724549597,45.1900100520069,45.2047358767119,45.2160910126651,45.2246501920359,45.2309558619646,45.2354878883415,45.2386479145143,45.2407497747089,45.2420147681938,45.2425735549898,45.2424760378038,45.2417082382522,45.2402123326221,45.2379039830335,45.2346807469145,45.2304169434109,45.2249436215846,45.2180166316156,45.2092807469396,45.1982432763008,45.1842772103231,45.1666825331525,45.1448448464901,45.118539247917,45.0884225352967,45.0567121650653,45.0279242545914,45.0092973447489,45.0101983793207,45.0396304791351,45.1014694903003,45.1887843712295,45.2810814912896,45.3490673302951,45.3674774349074,45.3289353305236,45.2484056816929,45.1544641533033,45.0744325590525,45.0238907084849,45.0051000043311,45.0115904528549,45.0339221422396,45.0635870512258,45.0945700127687,45.1233613524142,45.1483285720576,45.1690150671553,45.1855984347425,45.1985445631438,45.208414923291,45.2157702033318,45.2211248398647,45.2249240819055,45.2275298910723,45.2292118510347,45.2301442557836,45.2304115130842,45.2300222287328,45.2289293441996,45.227050969796,45.2242852449841,45.2205132575173,45.2155867199675,45.2093012156517,45.2013607376574,45.1913445965149,45.1786938008834,45.1627415030533,45.142821631847,45.1184998646802,45.0899742184435,45.0586699649081,45.027970571013,45.0038394031813,44.9947860171285,45.0103429787357,45.0573388753156,45.1343796867822,45.2272285519736,45.3096985713015,45.3530676430777,45.3405502440584,45.2770327604709,45.1862123010672,45.0974298553709,45.0322817825067,44.9989311124097,44.9943653099957,45.0100503722193,45.03682794878,45.0674983199502,45.0974455279953,45.1242341806442,45.1469117303651,45.1653885130848,45.1800073357002,45.191287721025,45.1997909710427,45.2060544570922,45.2105591404708,45.2137105227634,45.215825446975,45.2171244185119,45.217731821769,45.2176856589494,45.2169556823121,45.2154656045223,45.2131128524761,45.2097789987794,45.2053258313391,45.1995756683668,45.1922793236732,45.1830804884542,45.1714911111485,45.156899145758,45.1386385653545,45.1161614673859,45.0893591249888,45.0590698861225,45.0277595400677,45.0002228851893,44.9839022679043,44.9881028558195,45.021271384291,45.0861319255477,45.1742893685915,45.2642520797603,45.3270921549324,45.3394673913932,45.2964878156679,45.2146451158043,45.1223183153446,45.0454207215704,44.9980052031078,44.9814264429571,44.9890195227339,45.0115804457079,45.0409596806491,45.0714435968615,45.0997124192297,45.1242251136337,45.1445520635346,45.1608645056071,45.1736098588713,45.1833308479511,45.1905741725837,45.1958458114973,45.199586521884,45.202155212119,45.2038173314334,45.2047400952532,45.2049970287776,45.204582242076,45.2034315934748,45.2014449899902,45.1985027150963,45.194469473893,45.1891827478832,45.1824265029943,45.1738966093912,45.163170120256,45.1496970163586,45.13284082573,45.1120039364271,45.0868821204468,45.0578919011151,45.0267830242619,44.9973504254454,44.975956317211,44.9712714550988,44.9924103514455,45.0448997045009,45.125236396282,45.2170758236704,45.2935298700487,45.3276092099073,45.3061523218642,45.2374738862618,45.146520278525,45.0614278161007,45.001438885829,44.9727136558917,44.9712718743743,44.988516820985,45.015686640219,45.0460637415316,45.075413809611,45.1015400082924,45.1236107037388,45.1415813499654,45.1557993165918,45.1667712042292,45.1750405230239,45.1811275867385,45.1854986371518,45.1885464818528,45.1905763280485,45.1917971516364,45.1923212587916,45.192173709954,45.1913103926151,45.1896402977433,45.1870453540404,45.1833909121623,45.1785219129603,45.1722435929597,45.1642906334667,45.1542943961453,45.1417642173996,45.1261061121621,45.1067111413852,45.0831550268708,45.0555544482079,45.025108126668,44.9947821543236,44.9699387681944,44.9584384907971,44.9694595117437,45.0102999334944,45.0813039420494,45.1710480483752,45.25595609359,45.3077865293783,45.307067506897,45.2540230279948,45.1684833493101,45.0787829918513,45.0082484397948,44.9678553959632,44.9568987511803,44.9680016884043,44.9921727150824,45.0218417925569,45.0518718097056,45.0793664436671,45.1030414830888,45.1225979587848,45.1382587874483,45.1504801405688,45.1597930247709,45.1667240627315,45.171756599103,45.1753087932541,45.1777182470285,45.1792311769321,45.179998160502,45.1800788282445,45.1794557446112,45.1780545783543,45.1757649414998,45.1724550933847,45.1679746228114,45.162142188412,45.154719925777,45.145381638246,45.1336880903171,45.1190898428984,45.1009865911578,45.0788814957318,45.0526757053988,45.0231405072006,44.9925576832868,44.9653948546067,44.948650928764,44.9512089030929,44.9814002864902,45.0425030076627,45.1275142385995,45.2167680432399,45.2825285046819,45.3009218088673,45.2647512148858,45.1877392647132,45.0966858015752,45.0177596038755,44.9664815609372,44.9458145288666,44.9501445133857,44.9706396207328,44.9990572582683,45.0293930102903,45.0580209366758,45.0831597863648,45.1042200832355,45.1212776642176,45.1347263318294,45.1450785178393,45.1528628198019,45.1585746452244,45.1626511124583,45.165455250594,45.1672645384138,45.1682644457682,45.1685493889401,45.168132382176,45.1669619617298,45.1649420736511,45.1619487730634,45.157837567193,45.1524372669914,45.1455300157803,45.1368222282265,45.125917121193,45.1123063894785,45.0954067791267,45.0746768458435,45.0498576770565,45.0213803125219,44.9909522767384,44.9622421129754,44.9413868915804,44.9367604074471,44.9572128939898,45.0082309990673,45.0866966352363,45.1770928954464,45.253450130089,45.2891613950309,45.2704963559935,45.2045153408521,45.1150260898284,45.0297914729756,44.9684660190078,44.9379604124636,44.9349279261781,44.9510913983218,44.977730138903,45.00801571565,45.0375627447167,45.0640450813936,45.0865428360655,45.1049596307857,45.1196143966938,45.1309962742749,45.1396343239595,45.1460345221844,45.1506499326055,45.1538644161788,45.1559815290003,45.1572173330573,45.157698963134,45.1574707630212,45.1565077630667,45.1547335203084,45.1520371231988,45.1482834055422,45.1433115611677,45.1369203435631,45.1288424927212,45.1187165678729,45.1060708984014,45.0903422061695,45.0709608333323,45.0475440898142,45.0202430142397,44.9902703532287,44.9605694436667,44.9364259900146,44.9255612954871,44.9369673051637,44.9777675347596,45.0482442036132,45.1371185095541,45.2211577753458,45.2724933334323,45.2718126730447,45.2191792392525,45.1340859629603,45.0446097247278,44.9740376064278,44.9334717260129,44.9223636229031,44.933429508941,44.9576912903975,44.9875432225476,45.017800443995,45.0455301187972,45.0694299366473,45.0891977765461,45.1050605060249,45.1174776534057,45.1269779769246,45.1340788596353,45.139249393588,45.1428926977388,45.1453354191274,45.146820785601,45.1475060014512,45.1474658606799,45.1467031911289,45.1451643274266,45.1427554536543,45.1393543661436,45.1348125916992,45.1289449931558,45.1215077686508,45.1121707562431,45.1004960405872,45.0859422453753,45.0679229408803,45.0459577158699,45.0199616552756,44.9907115191557,44.9604803077535,44.9337084882263,44.9173491096516,44.9202264561693,44.9506133581315,45.0117451436794,45.0966021688685,45.1855233381116,45.2507892527529,45.2685602169487,45.2317175679441,45.1541177748416,45.0627111612497,44.9837613876734,44.9327829832932,44.9126445406042,44.9176014831901,44.9387051442582,44.9676365281913,44.9983587280252,45.0272479297058,45.0525464812599,45.0736976930577,45.090809601178,45.1043007605141,45.1146970975941,45.12252873001,45.1282827669462,45.1323825703428,45.1351773902717,45.1369360261906,45.1378438724123,45.1380049014742,45.1374497087343,45.1361487790431,45.1340278074079,45.1309802566854,45.1268720965212,45.1215351386399,45.1147484715075,45.1062119154069,45.0955209759427,45.0821596087693,45.0655356298092,45.0450937722058,45.0205508032447,44.9922973542531,44.961982560828,44.9332061387326,44.9120495298504,44.9068865100403,44.9266722660384,44.9771222014983,45.0554038739729,45.1461697556964,45.2233150597418,45.2597820869972,45.2413434547209,45.1748831657113,45.0844798753309,44.9983910460023,44.9366518689126,44.9062693532927,44.9037598777385,44.9206229104126,44.9479453290098,44.978784797344,45.0087169306601,45.0354272204456,45.0580328120179,45.0764809116211,45.0911287893958,45.1024925287874,45.1111148085226,45.1175031619705,45.1221037354533,45.1252899431763,45.1273565371288,45.1285166606918,45.128902800951,45.1285729992048,45.1275222422054,45.1256967620468,45.123007089264,45.1193349562346,45.1145299751494,45.1083944541662,45.1006585452721,45.0909529186514,45.0787923815163,45.063591700675,45.0447446654477,45.0218079854404,44.9948373575112,44.9649090907088,44.9347979676569,44.9096299400775,44.8970640091262,44.9062585434735,44.9448467826048,45.0139311875578,45.1030487102283,45.1892282613432,45.2439018417444,45.2463180660439,45.1952225516153,45.1097314953056,45.0185645335638,44.9460578237414,44.9040990444471,44.8924016981971,44.9035446128747,44.9282596108507,44.9586775543666,44.9894470276474,45.0175629986651,45.0417151474291,45.0616263080071,45.0775585782807,45.0900035619416,45.0995126582302,45.1066150696855,45.1117826483126,45.1154157915271,45.1178372042493,45.1192888829602,45.1199322853839,45.1198530484739,45.1190707765975,45.1175524373849,45.1152258666439,45.1119887063455,45.1077083484374,45.1022102950795,45.095255619656,45.0865126804271,45.0755338508815,45.0617551086604,45.0445453747793,45.0233432621155,44.9979280752635,44.9688689856363,44.9381580570846,44.9099211250894,44.8908778419912,44.8899103358572,44.9158982344288,44.9733612978728,45.0569587953687,45.1482590440217,45.2192861508824,45.2441316412523,45.2128031863166,45.1372154326202,45.0443247163205,44.9619088092841,44.9072741398768,44.8844339755395,44.8879556884959,44.9086619324247,44.9378274566623,44.9690577215465,44.9984971671395,45.0242733295538,45.0457936257338,45.0631723014837,45.0768504364964,45.0873780591562,45.0953043241105,45.1011287717744,45.1052818900963,45.1081173258721,45.1099083208539,45.1108470064279,45.1110476866064,45.1105550981509,45.1093569407317,45.1073978420495,45.1045903621144,45.1008183469432,45.0959292102472,45.0897144783205,45.0818819216572,45.0720276594696,45.0596229502899,45.0440385138144,45.0246394836114,45.0009949033414,44.9732502310966,44.942692277899,44.9124607656576,44.8881865441417,44.8780477171676,44.8914384038314,44.9355013514575,45.0097722008226,45.1013543895046,45.1851034882731,45.2321814708027,45.2242993413911,45.1642910319646,45.0745535271053,44.9845289566845,44.9169105249613,44.8810811876953,44.8747756095564,44.8896422411535,44.9163469935101,44.9473990713305,44.9779283994687,45.0053368111061,45.0285948015736,45.0475926220274,45.0626792739312,45.0743840298449,45.0832691539657,45.0898613410211,45.0946233727278,45.0979429371329,45.1001276509013,45.1014030797777,45.1019143586356,45.1017327324454,45.1008670431559,45.0992780342329,45.0968914302763,45.0936049181835,45.0892848563621,45.083750798693,45.0767494896181,45.0679246031179,45.0567941809404,45.0427549208621,45.0251417708247,45.0033823221511,44.9772943351263,44.9475693397081,44.9164398086075,44.8884011011764,44.8706160048987,44.8723059140592,44.9022659246824,44.9641540285622,45.050915897595,45.1421416588665,45.208854022052,45.2262069333866,45.1871222740428,45.1066031442041,45.0130514384798,44.9335623355909,44.8835581057501,44.8652342268521,44.8721095083024,44.8947494348904,44.9246519621481,44.9558088196617,44.9847224783346,45.0097789814968,45.0305434220545,45.0472125306546,45.0602631996485,45.0702564892123,45.0777413758404,45.0832127782919,45.0870944591106,45.0897313848634,45.0913858232578,45.0922368387055,45.0923846560149,45.0918606332674,45.090641508449,45.0886643541751,45.0858372942217,45.0820411324133,45.0771187888438,45.0708526233077,45.0629340052768,45.0529346968134,45.0402960099336,45.0243599219924,45.0044767030615,44.9802342592442,44.9518575853728,44.9208033175397,44.8904894076835,44.8669100641233,44.8585827966867,44.8749887705935,44.9228007611636,45.0003461837841,45.0930523138648,45.1745164668403,45.2161308214216,45.2016125855321,45.1365258177258,45.0450583014096,44.9566257972404,44.892535861004,44.8605265808198,44.8572305115475,44.8739146832669,44.9013636070993,44.9324093113513,44.9625073587463,44.9893020682529,45.0119122854073,45.0303037858669,45.0448557183609,45.0561043756669,45.0646101436713,45.0708960497345,45.0754215090133,45.0785704221666,45.0806445473373,45.0818602986765,45.0823502982797,45.0821710835991,45.08131653786,45.0797341436971,45.0773392257878,45.0740217814253,45.0696416567613,45.0640106030161,45.0568637587342,45.0478280123412,45.0364005278571,45.0219579754243,45.003826328108,44.9814519228181,44.9547222759622,44.924476490883,44.8931921381446,44.8656961640285,44.8494894240734,44.8539516535477,44.8875778501692,44.9530381209883,45.041712631369,45.1317428141665,45.1938852154365,45.2048097676108,45.1600807898201,45.0768690621799,44.9840549282649,44.9076229146146,44.8613261530859,44.8460899683024,44.8549012673907,44.8783717710019,44.9083123945555,44.9390576365157,44.9673716709778,44.991800242602,45.0119867679191,45.0281552586055,45.0407844301213,45.0504285393689,45.0576298433911,45.0628793436854,45.0665987435952,45.0691302769776,45.0707303226434,45.0715675395692,45.071727425658,45.0712238525281,45.0700155787594,45.0680233013242,45.0651415213965,45.061239965857,45.0561515781416,45.0496478234263,45.0414067818251,45.0309850126397,45.0178107400963,45.0012241955897,44.9806011485885,44.9556053767545,44.9266161040283,44.8953461439055,44.8655688647358,44.8436659223033,44.8383982187546,44.8590535404591,44.9113750722318,44.9920036775426,45.0845154535424,45.1616655459485,45.1960017168425,45.1741261668687,45.1045515402556,45.0127203340622,44.9272097533559,44.8673994040041,44.8392955289673,44.8386437710498,44.8566117594869,44.8843082452095,44.9149854666361,44.9444411058816,44.9705364962876,44.9925003301196,45.010337953206,45.0244312219994,45.0353052624185,45.043508161598,45.0495545060917,45.053899144051,45.0569227579576,45.0589221051587,45.0601044487709,45.0605882513316,45.0604116395045,45.0595477620362,45.0579233500313,45.0554347952424,45.0519557306561,45.0473317155768,45.0413609669467,45.033764636926,45.0241554996942,45.0120200864542,44.9967368059033,44.9776619196364,44.954325376673,44.9267836866412,44.8961616730382,44.8653487532871,44.8396565900859,44.8269721688746,44.8366394176559,44.876295021032,44.9467320611932,45.0368821701308,45.1231559334177,45.1768062904742,45.1775901399079,45.1251691897266,45.039347992945,44.9488799238229,44.8775908020614,44.8367463931663,44.8256725002745,44.8368738425608,44.8612163040385,44.891030973393,44.9211380078665,44.9486394289511,44.9722702998103,44.9917565079776,45.0073425639073,45.019499199065,45.0287644174081,45.0356656168437,45.0406830008051,45.0442303045322,45.0466418675979,45.0481636280806,45.0489497557813,45.0490671672194,45.0485082585388,45.0472092556382,45.0450689939869,45.0419617797983,45.0377388005258,45.0322153191701,45.0251451602609,45.0161892489411,45.0048909644455,44.99067808964,44.9729197296467,44.9510764711344,44.9249896745025,44.8953498579211,44.8643403103995,44.8363319856716,44.8182755517496,44.8191308595477,44.8475148086934,44.9072221982515,44.9918670584421,45.0821840181473,45.1502744008049,45.1714716167141,45.1375433492776,45.0615275619659,44.9702072733888,44.8902367637548,44.8377206491577,44.8160103221222,44.8196262106967,44.8397033199143,44.8679054263888,44.8981402236082,44.9267226575517,44.9518397003401,44.9728880733922,44.9899390295968,45.0033854418461,45.0137398642622,45.0215313688188,45.0272563796769,45.0313539505188,45.0341901435517,45.0360464202566,45.0371127476606,45.0374879609944,45.0371888122751,45.0361663953145,45.0343256942883,45.0315421023812,45.0276687028848,45.0225301200693,45.015902541184,45.0074845518037,44.9968693153049,44.9835353986659,44.9668816381537,44.9463409552231,44.9216168022459,44.8930858000952,44.8623818327193,44.833086674806,44.8112619343992,44.805269709833,44.8240903915082,44.873552044086,44.9510733206152,45.0416869451791,45.1196565835421,45.1580217729776,45.1421778862696,45.0782367424777,44.9894867220566,44.9037747746021,44.8412317860981,44.8092968645216,44.8049850158592,44.8201740281231,44.8461532853438,44.8760371870285,44.9053684802008,44.9317584501948,44.9542399991137,44.9726833921717,44.9873849663914,44.9988196460535,45.0075092107918,45.0139582694249,45.0186232656117,45.0218945862136,45.0240834654655,45.0254127152386,45.0260135412684,45.0259306215378,45.0251353990467,45.0235445516397,45.0210381737986,45.0174713392463,45.0126738811475,45.0064363515267,44.9984847645463,44.9884524264728,44.9758637596083,44.9601528105542,44.9407483318529,44.9172666519411,44.8898571127877,44.8597273922303,44.8298085236767,44.8053634274945,44.7940823981572,44.8049341273525,44.8450635698203,44.9148703616632,45.003317602116,45.087482319257,45.1397027641578,45.1405727159855,45.0897165634196,45.0060438272127,44.917213968373,44.8464412543703,44.8050484384391,44.7928212545458,44.8027651207798,44.8260776916379,44.8552211285061,44.885006935681,44.9124631089151,44.9362369944695,44.9559780884222,44.9718727766932,44.984350248343,44.9939195369484,45.0010883255073,45.0063244987239,45.0100360260693,45.0125573506021,45.0141391161594,45.014942626524,45.0150414739741,45.0144312986269,45.0130459041505,45.0107752785008,45.0074795648167,45.0029933757649,44.9971171922798,44.9895966542499,44.9800959028634,44.9681775208733,44.9533091627032,44.9349259241907,44.912587134121,44.8862722888136,44.8568512094788,44.8267134444814,44.8004147399457,44.7849671153477,44.789113308636,44.820825098212,44.8828257650109,44.9675633556852,45.0551858831321,45.1184225356929,45.1344083163035,45.0969360282877,45.0200933571268,44.9302881179067,44.8529292038217,44.8029084198896,44.7829266385871,44.7874185829957,44.8077398250424,44.8358368698301,44.8658369209864,44.8941844296288,44.9191252133588,44.9400722780207,44.9570917585516,44.9705619219672,44.9809767207782,44.9888450931223,44.9946435099486,44.9987931444851,45.001646240088,45.0034759846338,45.0044699478234,45.0047292887527,45.0042753261109,45.0030628006132,45.0009964963748,44.9979459755773,44.9937528377649,44.9882264864289,44.981127770123,44.9721447215423,44.9608706687181,44.9468022630511,44.9293836924193,44.9081331459175,44.8828954066164,44.8542607333462,44.8241540217249,44.7964955191856,44.777631851586,44.7759537753023,44.7999317516156,44.8541318416103,44.9341048980521,45.0231682184173,45.0952020374929,45.1249463408361,45.1009901232023,45.0323478415421,44.9433301659223,44.8607628062558,44.80279889508,44.7751640262121,44.7739895763934,44.7910155402982,44.8177948206559,44.8478078485343,44.8769091141139,44.9029230823795,44.9250084066533,44.94309986875,44.957519986794,44.9687467208327,44.9772907605121,44.9836371714083,44.9882188488482,44.9914027770725,44.9934807096142,44.9946626745362,44.995074883727,44.9947638849811,44.99370712279,44.9918276175721,44.9890083653966,44.9851011978652,44.9799257204706,44.9732566332514,44.964802005533,44.9541806752175,44.940913846439,44.9244543820508,44.9042871093588,44.8801425573596,44.8523675064927,44.8224710583903,44.7937836583646,44.7719921377035,44.7650441384178,44.7816736842224,44.8279416795098,44.9022233380771,44.9910913399939,45.0701896094817,45.1127371866998,45.102638358528,45.0435862084038,44.9570044477269,44.8704133031308,44.8049678896123,44.769573070086,44.7623577234429,44.7756860957572,44.8008342528283,44.830658206574,44.8603994333018,44.8874276853495,44.9106201082841,44.9297634303255,44.9451167635043,44.9571403529819,44.9663478277995,44.9732346297968,44.9782462966967,44.9817640011585,44.9840961583808,44.9854726525658,44.9860423535724,44.9858756948037,44.9849730378855,44.983277410699,44.9806880596601,44.977070035252,44.9722553333138,44.9660331477675,44.9581304445053,44.9481891373925,44.9357525892413,44.9202821772621,44.9012343338403,44.8782384495608,44.8514207228178,44.821904138538,44.7924527904066,44.7680822915648,44.7562081834587,44.765628081129,44.8036181871408,44.8711760989145,44.9582601975815,45.0428829022627,45.0975755947583,45.1020250981485,45.0542822299444,44.971997252929,44.8825896982726,44.8099629698183,44.7664351810793,44.7525313240599,44.7615464442735,44.784618999884,44.8139941923227,44.8442560224454,44.8722646425827,44.896572063744,44.9167894482648,44.933098534125,44.9459369672988,44.9558214808971,44.963260124046,44.9687134334551,44.9725781938645,44.9751796315055,44.9767665685191,44.9775091042226,44.9775002990265,44.976762918948,44.9752605261457,44.9729101123456,44.9695920092221,44.9651526484114,44.9593971982786,44.9520721670254,44.9428425786839,44.9312742434298,44.9168391479235,44.8989713169982,44.8772109353777,44.8514820945493,44.8225429213021,44.7926024255922,44.7659797625338,44.7494581485517,44.7516945474472,44.780904592557,44.8405157887166,44.924023499789,45.0124691400305,45.0786345079212,45.0985566559217,45.0643062049658,44.9886940162449,44.8980133842724,44.8185447477465,44.7663012408885,44.7447402716624,44.7485211599134,44.7688513939395,44.7973912133979,44.8280048625444,44.856961925803,44.882422780039,44.9037792741651,44.9211116835518,44.9348245064208,44.9454350234909,44.9534653014798,44.9593936540944,44.9636351100792,44.9665334612646,44.9683571725371,44.9692974348291,44.9694693730674,44.9689176341517,44.9676261945268,44.9655302444382,44.9625263753753,44.9584767526815,44.9532039022604,44.9464752567603,44.937980581541,44.9273107631522,44.9139533557898,44.8973290734175,44.8769038902212,44.8524209958667,44.8242970250234,44.7941982217366,44.7657208813674,44.7449089654815,44.7400547327252,44.7599934884702,44.8103197083835,44.8881526771667,44.9782475635468,45.0547624103516,45.0909438469796,45.0727150557127,45.006845872709,44.9171195340274,44.83151751288,44.7699602483638,44.7395008794789,44.7367754060253,44.7533935052296,44.7805069190994,44.8111957512305,44.8410335351598,44.8676953902342,44.8902886894239,44.9087538601031,44.9234431713002,44.9348672964214,44.9435616213993,44.9500244598683,44.9546921429924,44.9579298047968,44.9600275535261,44.9611987988433,44.961581127088,44.9612409960719,44.9601825444043,44.9583589601219,44.9556830929932,44.9520331156886,44.9472495309268,44.9411218406305,44.9333666629643,44.9236039080201,44.9113439114242,44.8960065387147,44.8770033883313,44.8539249229566,44.82687966168,44.7970171215205,44.7672006019054,44.7426401787885,44.7310308060713,44.7414498160868,44.781264494776,44.8511264401555,44.9400868081442,45.0249546073341,45.0774786138726,45.0777168941059,45.0252790259516,44.9396856328674,44.8494389252186,44.7782995006143,44.7376108411942,44.7267927595931,44.7383789832582,44.7631960873562,44.7935058499239,44.8240675970007,44.8519509747769,44.8758886471181,44.8956243914581,44.9114273786683,44.9237876728557,44.9332496621285,44.9403322597167,44.9454957670568,44.9491298226606,44.9515490306983,44.9529912004463,44.9536177771982,44.9535176749935,44.9527152010403,44.9511810699032,44.9488436337368,44.9455962607181,44.9412968573542,44.9357570884939,44.9287218602528,44.9198439669531,44.9086644909521,44.8946169086117,44.8770822966827,44.8555340236057,44.8298190201244,44.8006177707455,44.7700822585064,44.7425317945076,44.7248563467843,44.7259680786102,44.7544732839322,44.8141973024273,44.8987860799674,44.98893424285,45.0565983700721,45.0769568159231,45.0418016433591,44.9644751142465,44.8722137611483,44.7920085589858,44.740012594597,44.7193681538619,44.7242810357012,44.7456080569619,44.7748392509226,44.8058156965634,44.8348641229647,44.8602276140554,44.8813753399822,44.8984476150882,44.911890540119,44.9222477596605,44.9300564670426,44.9358022390389,44.9399020087102,44.942698011397,44.9444553335718,44.9453615617496,44.9455295497266,44.9450043468746,44.9437738434012,44.9417807218441,44.9389317953158,44.9351004475981,44.9301190013584,44.9237604335359,44.9157127715666,44.9055546673473,44.8927472831565,44.8766662135838,44.8567077845902,44.8325145837031,44.8043675820225,44.7737677371485,44.7441444329568,44.7214403143385,44.7140268025932,44.7311346564346,44.7791327925321,44.8561317845007,44.9476202077011,45.0276310509049,45.0682030783916,45.0535185356969,44.9891100136502,44.8986958572369,44.8111486634149,44.747483130717,44.7154545146791,44.7118823007299,44.7282286779585,44.7553999675776,44.7862721914132,44.8162967254136,44.8430956956766,44.8657656073254,44.8842556940117,44.8989333061515,44.9103243379254,44.9189775642107,44.9254026139634,44.9300451766766,44.9332777622151,44.9353957405851,44.9366156911677,44.937076695008,44.9368459136365,44.9359286012292,44.9342806697777,44.9318200990705,44.9284326653862,44.9239681099537,44.9182250574485,44.9109265522084,44.9016928275439,44.8900239419393,44.8753126370701,44.8569176066266,44.8343383982985,44.8075403135868,44.777466865665,44.7467202784732,44.7202458406437,44.7055955701156,44.7120344015491,44.7476727954314,44.8145108201295,44.903169769905,44.991377083262,45.0502551914683,45.0576308630799,45.0104220754793,44.9265587379807,44.8347514962153,44.7602030214416,44.7158434545138,44.7020985276195,44.7118180224357,44.7357003144494,44.7657179191649,44.7963546549037,44.8244824398056,44.8487146376003,44.8687327340984,44.8847787687559,44.8973355307888,44.9069510957385,44.9141542436393,44.9194184779858,44.9231477472977,44.9256699974608,44.9272336098808,44.9280066851884,44.9280807169715,44.9274794305056,44.9261715477183,44.9240841049269,44.9211116464231,44.9171167519088,44.9119191160886,44.9052736311873,44.8968423621178,44.8861708640918,44.872686267103,44.8557434642822,44.8347564550116,44.809461410043,44.7803564038979,44.7493275951826,44.7203654166158,44.7000581987229,44.6972401760209,44.7209515412741,44.7762003981118,44.8584521551673,44.9501225694233,45.0236053511147,45.0524515866948,45.0253223784874,44.9526849504259,44.8607294754064,44.7774026668548,44.7207712975355,44.6956707305632,44.6972203876422,44.7164699261942,44.7446957195068,44.7754015538315,44.8046096107766,44.830342745382,44.8519309721894,44.8694355911143,44.8832633423237,44.893943552246,44.9020149591954,44.9079746865551,44.9122568179847,44.915222424688,44.9171535252698,44.9182498582698,44.918630022676,44.9183383888113,44.9173573136489,44.9156218099515,44.9130320131622,44.9094583477591,44.9047355563974,44.8986446388758,44.8908859412275,44.88105189639,44.8686143500522,44.8529494807657,44.8334333214467,44.8096512427818,44.7817687019766,44.7510909637383,44.7207643214799,44.6963991399175,44.6861119542422,44.6991974592057,44.7427062393857,44.8161887505931,44.9069825931832,44.9904023090268,45.0380774956074,45.031830230604,44.974042338587,44.8862992302202,44.7973493778277,44.7296594555637,44.6928468419775,44.6850954889064,44.6984706822272,44.7239024636422,44.7540077316826,44.783917027375,44.8109788234185,44.8340932839682,44.8530834107296,44.8682427429119,44.8800596000338,44.8890697573334,44.8957864509455,44.9006696078298,44.9041113710608,44.9064272150027,44.9078499425044,44.9085278165273,44.9085287617646,44.9078510423336,44.9064383130699,44.9041946703944,44.9009942609659,44.8966806730998,44.8910537852559,44.8838456803074,44.8746922977115,44.8631135927559,44.8485224226778,44.8302916117722,44.8079189876839,44.7813371532399,44.7514055103728,44.7205701373414,44.6935430340408,44.6776066195967,44.681844969693,44.71449754888,44.778239066136,44.8649389214838,44.9537054443061,45.0162942235604,45.0296797154975,44.9886269433846,44.9087980261353,44.8177869014071,44.7411895893711,44.6932365644382,44.6756964790265,44.6822859245561,44.7040249497183,44.7328370491864,44.7629917900691,44.7911204617625,44.8156340641854,44.8360666903951,44.8525628881552,44.8655468516939,44.8755367560506,44.8830522715192,44.8885723459416,44.892515388882,44.8952274681667,44.8969736764798,44.8979331830323,44.898200205319,44.8977921753259,44.8966639411828,44.8947242253334,44.8918488791082,44.8878854654141,44.8826455936718,44.875885013437,44.867276343536,44.8563852128555,44.8426676450222,44.8255151355715,44.804383866133,44.7790529589601,44.7500539977137,44.7192787159828,44.6906681285915,44.6706783936464,44.6679235792432,44.6911926054605,44.7453633723819,44.8261061145751,44.9164916616605,44.9898086143756,45.0201743338061,44.9959482881414,44.9264652313318,44.8366341136036,44.7537223191562,44.6959491591033,44.6688214620923,44.6681856330602,44.6855861114463,44.7125078556395,44.7424554486159,44.7713475620257,44.7970750250674,44.818847310072,44.8366313459719,44.850767278259,44.8617422333111,44.8700726168911,44.8762485911346,44.8807082011704,44.8838228172416,44.8858864374853,44.8871081326277,44.8876097932576,44.8874311614377,44.8865420109533,44.8848585719315,44.8822591046427,44.8785928309669,44.8736776607383,44.8672852421013,44.8591164529352,44.8487761788241,44.8357630432599,44.81949795811,44.7994249903942,44.7752271872583,44.7472014382931,44.7168126975448,44.6873675234845,44.664572104508,44.6564660732587,44.6719716692229,44.7174259554686,44.7914977258603,44.8809355760503,44.9613053925264,45.005470905056,44.9968555169439,44.9387837191284,44.8525676346948,44.7658378488151,44.6999451470922,44.6639637736881,44.6561297258399,44.6688654691955,44.6934787934239,44.7228438251459,44.7522102416343,44.7789464437417,44.8019197473237,44.8209015028088,44.836134075709,44.8480638111056,44.8571963792534,44.8640264142277,44.8690049046218,44.8725220929897,44.874895511968,44.8763607489674,44.8770665758248,44.8770768194614,44.8763797707685,44.8749032533045,44.8725309610031,44.8691143718167,44.8644750724897,44.8583948089639,44.8505947444586,44.8407108916311,44.8282793156976,44.8127526406513,44.7935787429399,44.7703820080104,44.743291623403,44.7134457575053,44.6836376468257,44.6589224212821,44.6467541665549,44.6559504927622,44.6937757910517,44.7611952101717,44.8481634593398,44.9327804149289,44.9877562397643,44.9929289262864,44.9463019982232,44.8652270444065,44.776720610394,44.7044056821424,44.6605639080618,44.6458861048831,44.6539112886903,44.6759932695293,44.7045156541071,44.7341231899109,44.7616800227306,44.7857092071442,44.8057789247993,44.8220268317446,44.8348534525929,44.8447497388087,44.8522106705003,44.8576951942334,44.8616066283132,44.8642801599161,44.8659730173078,44.8668580068457,44.867022792839,44.8664764061784,44.865162105321,44.8629731046957,44.8597659397796,44.8553661216193,44.8495625466979,44.8420907532163,44.8326102344363,44.8206874104329,44.8058035765651,44.7874163035858,44.7651124775499,44.7388971244106,44.709652489146,44.6797524679732,44.6536929330597,44.6383730874763,44.6423855667143,44.6735753973288,44.7346713218658,44.818366965252,44.9052908098682,44.9686729183621,44.985819600248,44.950159342444,44.8750524655483,44.7862575455057,44.7089531152093,44.6582289432419,44.63718361988,44.640612791276,44.6600838643205,44.6876100838685,44.7172952588954,44.7455246788757,44.7704830739063,44.7915344327985,44.8087096911334,44.8223623379307,44.8329679014876,44.8410205721344,44.8469849045856,44.8512735039008,44.85423440486,44.8561415708995,44.8571879462234,44.8574830706425,44.8570571126939,44.8558712765886,44.8538320354981,44.850804646899,44.8466207710475,44.8410761902099,44.8339176486966,44.8248224808252,44.8133807503241,44.7990970890761,44.7814383997588,44.7599634626466,44.7345778627985,44.7059526104208,44.6761062326287,44.6490445141787,44.6311489400903,44.6307302548499,44.6560014978145,44.7110923460749,44.7910734564214,44.8790205096172,44.9490862808765,44.976789951303,44.9515943752138,44.8829404399372,44.7949054897384,44.7136849752856,44.6568457946145,44.6298316249536,44.6287872657679,44.6456166494766,44.6720531685682,44.7017081951898,44.73050739099,44.7563017914708,44.7782508949409,44.7962783132992,44.8106909581381,44.8219501697552,44.8305504712846,44.8369621651958,44.8416058045221,44.8448394919655,44.8469502577624,44.8481475213396,44.8485600006893,44.8482379921219,44.8471615699322,44.8452529956205,44.8423895482202,44.8384119849128,44.8331244696218,44.826284235364,44.8175833619727,44.8066306847096,44.7929489863574,44.7760113765233,44.7553507288137,44.7307845701143,44.7027966165618,44.6730866899163,44.6452117511145,44.6250586657366,44.620622085213,44.6403513612442,44.6895496915966,44.7654386990269,44.853503053872,44.9291079205627,44.9665035214437,44.9515920294402,44.8898969266569,44.8034596330646,44.7190838174802,44.6565964446431,44.623786763754,44.6182563862566,44.632354710898,44.6576014999829,44.6871414201481,44.7164431163552,44.743018232053,44.7658158112763,44.7846488096597,44.7997770424734,44.8116490475894,44.820761795641,44.8275931261814,44.8325722710816,44.8360667717565,44.838374892094,44.8397200305874,44.8402476810597,44.8400267024847,44.839055812876,44.8372742729647,44.8345736829184,44.8308065770419,44.8257876895521,44.8192856529322,44.8110064680826,44.8005752419605,44.7875294212313,44.7713451952644,44.7515286951392,44.7278130657499,44.7005046189124,44.6709999641819,44.6424223235179,44.6201637529077,44.6118639138928,44.6261110272438,44.6692395920034,44.7405156714696,44.8278942248682,44.9082546633503,44.9549932747451,44.9506805560488,44.8967630139864,44.8128175718817,44.7258796445997,44.6579201608924,44.6191837818709,44.6089102122685,44.6200301831818,44.6439092185063,44.6732293789206,44.7029821437229,44.7303163267546,44.7539528385756,44.7735837427145,44.7894175702631,44.8018898145004,44.8115017114455,44.8187410718128,44.8240478582849,44.8278001447439,44.8303073919901,44.8318060009451,44.8324567860786,44.8323458208994,44.831489760762,44.8298451254948,44.8273190792542,44.8237778625011,44.8190488737242,44.8129138179601,44.8050934067484,44.795228754303,44.7828708846364,44.7674978115517,44.7485884565641,44.7257928123132,44.6992427945765,44.6700343958961,44.6408527226994,44.6165711682735,44.6044152277349,44.6130113713154,44.6496133363288,44.7154972512498,44.8012519026147,44.8856663517376,44.941727307694,44.948825960768,44.9040027090948,44.8237608760471,44.7348998748827,44.6614544466035,44.6163508359788,44.6007667702232,44.6084222707164,44.6306085356707,44.6595370474257,44.6896781067738,44.7177714151095,44.7422750774377,44.7627391023393,44.779310213621,44.7924072956242,44.8025362228511,44.810196967536,44.8158428486661,44.8198646923233,44.8225845413814,44.8242522570318,44.8250436823671,44.8250614244038,44.8243394365368,44.8228512778492,44.820520098884,44.8172269270786,44.8128133893195,44.8070760238884,44.799751934576,44.7904997119601,44.7788853201691,44.7643902126268,44.7464684360159,44.7246900372179,44.6990155612618,44.6702394317158,44.6405951639054,44.6143971438921,44.5983732585038,44.6010590185507,44.6304930108886,44.689931279391,44.7728167932195,44.860364576914,44.9257428907081,44.9453902469935,44.9115228045444,44.8367332376028,44.746896314052,44.6679522747274,44.6158107104894,44.5940283709617,44.5974394843987,44.6173980618906,44.6456441343408,44.6760642258402,44.7049179082434,44.7303447423425,44.7517168093896,44.7690994312156,44.7828862324421,44.7935855323952,44.8017106241995,44.8077307413883,44.8120522501251,44.8150121321024,44.8168753198239,44.8178334931268,44.8180059354473,44.8174436427363,44.8161368783789,44.8140246578705,44.8110030949399,44.8069288635726,44.8016146876907,44.7948159476832,44.7862112034675,44.775384702888,44.7618259639761,44.7449705492751,44.7243167967354,44.6996626089327,44.6715053996881,44.6416169007934,44.613709135861,44.5939129137625,44.5905063731035,44.6121169150029,44.6638799099597,44.7422827206039,44.8315629421346,44.9058762745299,44.9391817641848,44.9185364113066,44.8516034932925,44.7623214928628,44.6781449948574,44.6182434729926,44.5891187009587,44.5871966348967,44.6041328612922,44.6312328458837,44.6617322509638,44.6913178677659,44.717732001008,44.7401150560285,44.7584195100933,44.7729980199276,44.7843553065003,44.7930172657871,44.7994709159169,44.8041410067971,44.8073823541817,44.8094773985926,44.8106353852826,44.8109932327038,44.8106192526775,44.8095201960146,44.807650498868,44.8049209757674,44.801203298018,44.7963269223896,44.7900669262373,44.7821244907409,44.7721065579524,44.7595176325839,44.7437851307224,44.7243500824469,44.700865524879,44.673548796928,44.6437146629216,44.6144433605677,44.5911724376438,44.5817313815978,44.5950661497023,44.6379618360227,44.7100020837365,44.7990101593283,44.8811238261595,44.9286758136095,44.9235515587666,44.8674596566185,44.7810535354565,44.6925178287298,44.6243679717008,44.5866643018383,44.5780618544036,44.5909020444019,44.6161722225953,44.6464111923816,44.6766295184006,44.7040727121939,44.7275763589136,44.7469344284251,44.7624337709543,44.774564106286,44.7838602985533,44.7908275947686,44.795911461359,44.7994875233788,44.8018586355951,44.8032540274777,44.8038299441292,44.8036728770927,44.8028061310109,44.8011989876368,44.7987760123925,44.7954229037198,44.790985286038,44.7852582761051,44.7779675536153,44.7687470094773,44.7571239318084,44.742530446741,44.7243698077391,44.7021771568768,44.6759218066167,44.6464889464661,44.616326750684,44.5901113484819,44.5750386568533,44.5800518825687,44.6132119396854,44.6770237952535,44.7632658003828,44.8510944911208,44.9124589268728,44.9246071348148,44.8825594438997,44.8021432478399,44.7110077582365,44.6347096328081,44.5873741789511,44.5706326014283,44.5780650834408,44.6005821303302,44.6300377759122,44.6606733146833,44.6891259635122,44.7138359510757,44.7343779878538,44.7509375256962,44.7639710032207,44.7740145050787,44.7815896151169,44.7871636253048,44.7911354498942,44.7938312805472,44.7955031252548,44.7963288272657,44.7964145260858,44.7958005832581,44.7944706491768,44.7923617379783,44.7893717755482,44.7853607457049,44.7801426315578,44.7734678998264,44.7650002371292,44.7542966366492,44.7408070180318,44.7239187266397,44.703082186855,44.678063604335,44.6493692187095,44.6188515899929,44.5904056897785,44.5704537057414,44.5676167926721,44.5907560756023,44.6448746255974,44.7257424921993,44.8163803680515,44.8898139757991,44.9198128657948,44.8945925579991,44.8237461334991,44.7327258284338,44.6492829213799,44.59179629331,44.5656002095059,44.5662074719032,44.5848470558217,44.612799387529,44.6434849539929,44.6728268488576,44.6987698155333,44.7205958126099,44.7383424704093,44.7524068919674,44.7633134913864,44.7715950132638,44.7777396253162,44.7821707826309,44.7852403294232,44.7872257417337,44.7883290186732,44.7886779424319,44.788331003383,44.7872861347607,44.7854915106349,44.7828549814627,44.7792480093119,44.7745006608137,44.7683864313621,44.7605993132504,44.7507305058458,44.73825865638,44.7225759173895,44.7030825178886,44.6793931870413,44.6517027049784,44.6213379559562,44.5914484282589,44.5676155814493,44.5578813835092,44.5714159312925,44.6151154514565,44.6884039294577,44.7786038760553,44.86118248337,44.9080503812242,44.901296864856,44.8434106589564,44.7558940695015,44.6673197352397,44.6000063951003,44.5635037654469,44.5559903168204,44.569548325619,44.595122120104,44.6253349910744,44.6553208622955,44.6824339882432,44.7055845172249,44.7246078314525,44.739808559506,44.7516811784725,44.7607605421135,44.767551956364,44.7725026606965,44.7759910893727,44.7783220823933,44.7797241190346,44.7803488726868,44.7802746193218,44.7795141720693,44.7780260864641,44.7757259189224,44.7724931986326,44.7681700496598,44.7625492632943,44.75535297362,44.7462077675244,44.7346280874841,44.7200274896356,44.7017870209835,44.6794207972064,44.6528860386816,44.6230751745838,44.5924744025492,44.5658367856671,44.5504701929352,44.5554369948342,44.5888661927034,44.653207720307,44.7400301472096,44.8282016265246,44.8894879143701,44.9012192104237,44.8587292616507,44.7781573335744,44.6872408478748,44.6113807848934,44.5644560644935,44.5479213620464,44.5553101743836,44.5775857573513,44.6066940758507,44.6369609922027,44.6650797543046,44.6895160861662,44.7098471900883,44.7262481223347,44.7391610657344,44.7491103814582,44.7566117919322,44.7621330426384,44.7660780052648,44.7687791900782,44.7704929012845,44.7713966506585,44.7715904940384,44.7711035247005,44.7699048834828,44.7679164324776,44.7650226826731,44.7610733666611,44.7558755060897,44.7491748822208,44.7406312546529,44.7297973757263,44.7161190128291,44.6989821894984,44.6778443720688,44.6524952002381,44.6234896128571,44.5927598201313,44.5643063204632,44.5446560548657,44.542477302103,44.5665418711942,44.6215716344321,44.7029139329884,44.7932388158485,44.8655862179872,44.8942229901512,44.8680853538207,44.7972220319386,44.7069868201735,44.6246258985322,44.567991445753,44.5421446852905,44.5426081330997,44.5607808224268,44.5881402997861,44.6182554608172,44.6471299107058,44.6727326767292,44.6943345501889,44.7119454539249,44.7259319084592,44.7367932634954,44.7450467081435,44.751174860734,44.7556035138233,44.7586909659123,44.7607209299518,44.7618976168321,44.7623445957619,44.7621091913183,44.7611724959807,44.7594626996901,44.7568674652913,44.7532403596965,44.7483973302265,44.7421019225266,44.7340421385,44.7238073093042,44.7108801545618,44.6946676293486,44.674604208743,44.6503708564375,44.6222745411081,44.5918088149034,44.562333548289,44.539633108294,44.5318334324731,44.5479057319439,44.594125899754,44.6689281334482,44.7586773033808,44.8385832322782,44.8814524062878,44.8710993025405,44.8115232864901,44.7246007552549,44.638112887948,44.5731540361674,44.5383693561676,44.5316298080816,44.5451625111448,44.5702352384245,44.5997738697931,44.6291127998891,44.6557028077909,44.6784766280953,44.697251370714,44.7122977102331,44.7240762654667,44.7330962675116,44.7398482930019,44.7447746870801,44.7482554711518,44.7505991606808,44.7520357137178,44.752712864174,44.7526979848125,44.7519863055152,44.7505139153209,44.7481716693886,44.7448148853985,44.7402641507831,44.7342948290228,44.7266167642509,44.7168509605214,44.7045165660061,44.6890495267756,44.6698838901515,44.6466365618123,44.6194406006317,44.5894561232817,44.5595234711474,44.534772703704,44.5227494329845,44.5323424444538,44.5708012302386,44.6389215432648,44.7263299576078,44.8107704877865,44.8648139915804,44.8685573689972,44.8205762360017,44.7387707759105,44.6503664184121,44.5788049462965,44.5359884808599,44.5222608469275,44.530966381808,44.5534152699559,44.5820400767414,44.6115681274215,44.6389431211317,44.6627494926795,44.6825964377588,44.6986455238386,44.7113085472857,44.7210790589519,44.728449108197,44.7338716633654,44.7377430449264,44.7403920736968,44.7420714637391,44.7429520325075,44.7431220117856,44.7425929424116,44.7413113968001,44.7391732759968,44.7360357445922,44.7317217454483,44.7260137829057,44.7186371890501,44.7092381185792,44.6973678761265,44.6824929526091,44.6640594444905,44.6416503961456,44.6152805295395,44.5858625405158,44.5558279990127,44.5297579395368,44.5146485524847,44.5191587985523,44.5510997267089,44.6129991384117,44.6971888971516,44.7839230967097,44.8463043971098,44.8619410268435,44.8248860060256,44.7490758713182,44.660460793199,44.5839887371642,44.5343224471919,44.5141938179991,44.5182144097328,44.5379349602017,44.5654452084981,44.5949504729224,44.6229238918326,44.6476113818715,44.6684127293808,44.6853757344553,44.6988586188384,44.7093348779378,44.7172935875112,44.7231934072683,44.7274415679054,44.7303818610938,44.732285276246,44.733342866556,44.7336629600657,44.7332746527981,44.7321376070322,44.7301556682364,44.7271898178934,44.7230653532521,44.7175693797145,44.7104377551563,44.7013353229011,44.6898394035629,44.6754440854603,44.6576119355947,44.6359096320299,44.61027103985,44.5814250106498,44.5514838772613,44.5245784388336,44.5072171500405,44.5077731520351,44.5343582964578,44.5907544546476,44.6714706660393,44.759044727489,44.8274963481031,44.8528586616387,44.8255608624736,44.7558913022509,44.6681654980199,44.588184370677,44.5328549286692,44.507087061688,44.5067861382892,44.5238671905261,44.5502005382336,44.5795556037287,44.6079834939166,44.6334146005117,44.6550484599046,44.6728220374354,44.6870404736823,44.6981565821987,44.7066548341263,44.7129967463539,44.7175964274764,44.7208078219605,44.72291536633,44.7241264347223,44.7245672304564,44.7242842495173,44.7232519672283,44.7213850419494,44.7185511829258,44.7145798099741,44.7092623080903,44.7023422190487,44.6934979934609,44.6823267654516,44.6683449662292,44.6510305072753,44.6299411692078,44.6049516816267,44.5766487742529,44.546889710501,44.5194337441554,44.5003662730239,44.4977691671472,44.519908292658,44.5714964968169,44.6488037030478,44.7363792110691,44.8093010883828,44.8426225392138,44.8238741676769,44.7600957026366,44.6738539967167,44.5913692801335,44.5313647193888,44.5006917184978,44.4965036826197,44.5111382878403,44.5363304594076,44.5654837240005,44.59427347768,44.6203412938801,44.6427006560843,44.6611851076817,44.6760507680199,44.6877320401996,44.6967096987353,44.7034476035061,44.7083647403091,44.7118219269684,44.7141130479417,44.7154578955171,44.7159976016355,44.7157947204045,44.7148390306183,44.7130580366396,44.7103289963221,44.70648802676,44.7013320779827,44.6946116030534,44.6860155735318,44.6751559637892,44.6615659152982,44.6447345298669,44.6242111729924,44.5998207149291,44.572030415622,44.5424815451417,44.5146144427735,44.4941419051424,44.4888681137588,44.5071407131393,44.5544119013994,44.6284378409706,44.7155642285661,44.7919604728473,44.8320473199598,44.8209426396491,44.762756918589,44.67829478322,44.593939482406,44.5299410508157,44.4949108641848,44.4871944124335,44.4995732988106,44.5236945636338,44.5526406890066,44.58174409224,44.6083785602884,44.6313842976652,44.6504992581979,44.6659356775571,44.6781131590168,44.6875112480077,44.6945974274044,44.6997955053726,44.7034717797986,44.7059271245982,44.7073907804979,44.708016047424,44.707879681842,44.7069862817655,44.7052771706059,44.7026412413419,44.6989238068853,44.6939294076402,44.6874161199772,44.6790822682038,44.6685515095692,44.655369025603,44.6390300707949,44.6190720598073,44.5952705428725,44.5679809039135,44.53864543489,44.5104114047029,44.4886462705205,44.4808873251315,44.4955320115041,44.53867815308,44.6094312298934,44.6958298405783,44.7751655166138,44.8214215863455,44.817556616762,44.7648950682918,44.6824367939058,44.5965716701877,44.5289287841035,44.4898045500095,44.4787264095025,44.4889396810765,44.5120274227274,44.5407692790604,44.5701666069351,44.5973331067615,44.6209410753036,44.6406370836141,44.6565931214712,44.6692172742545,44.6789907306639,44.6863868384158,44.6918355725066,44.6957089786315,44.6983141289487,44.699888125016,44.700594523352,44.7005226188104,44.699690925723,44.6980547479177,44.6955158307978,44.6919306199586,44.6871133127988,44.6808311067084,44.6727919746894,44.662629945015,44.6498992558301,44.6340969954364,44.6147437109189,44.5915611914445,44.5647901919292,44.5356738303899,44.5070682422579,44.4839965752282,44.4737230711774,44.4846747837157,44.5235624030497,44.5908170883122,44.6761967161237,44.7582176759441,44.8105657090605,44.8141130690872,44.7673282086873,44.68723611617,44.6000881634216,44.5288554773184,44.48557388279,44.4710313458058,44.478990569608,44.5009891881548,44.5294997475148,44.5591803985881,44.586873683643,44.611077035125,44.6313426512899,44.6478020946898,44.6608534152683,44.6709817202791,44.6786686544889,44.6843524724612,44.6884124214229,44.6911623892089,44.6928471385414,44.6936396854547,44.6936408417445,44.6928822231365,44.6913328743054,44.6889079266219,44.6854762272177,44.6808633612359,44.6748473941708,44.6671471990085,44.6574074647189,44.6451904772608,44.6299926654508,44.6113136375819,44.5888156232063,44.5626167754983,44.533749842682,44.5047635524991,44.4803131576082,44.4673585717259,44.4743244330458,44.5085236785356,44.5717632315236,44.6556660920048,44.7401940809023,44.7989134564863,44.8105874545639,44.7705586664695,44.6935134487525,44.6053390516734,44.5303654692467,44.4825476923679,44.4641300658718,44.4695131347468,44.490224140995,44.5184107135992,44.548352030408,44.5765864471187,44.601413490023,44.6222777743893,44.6392643927626,44.6527597718874,44.663253806877,44.6712384676172,44.6771626538606,44.6814149867016,44.68431781444,44.6861245165819,44.6870178474228,44.6871099121214,44.6864449944116,44.68500557135,44.6827202642545,44.679471001188,44.6750960059598,44.6693858677825,44.6620721344874,44.6528117080163,44.6411758985462,44.6266604972274,44.6087427211965,44.5870214005636,44.5614841554011,44.5329383984109,44.5035991419887,44.4777115875363,44.4618728640395,44.4644431688755,44.4933099366067,44.5517269538787,44.6334096201964,44.7201193538279,44.7856044988851,44.806515003344,44.7746631266716,44.7018104769807,44.6130825945531,44.5341550438316,44.4811738293429,44.4581650421374,44.4603842843911,44.4794257807213,44.5070952020941,44.5372380119915,44.566032739168,44.5915393774659,44.6130690196464,44.6306465095682,44.6446407811916,44.6555452355809,44.6638632957989,44.6700567250526,44.6745260335177,44.6776043494792,44.6795554908671,44.6805731280275,44.6807811986058,44.6802366998035,44.6789353425699,44.6768190918245,44.6737831371789,44.6696790449029,44.6643112419513,44.6574258551168,44.6486943905957,44.6376998945355,44.6239402896784,44.6068727215268,44.5860333975375,44.561276358176,44.5331725176637,44.5035769316245,44.4762745503812,44.4574195344921,44.4552064575521,44.4780181142205,44.5305863101482,44.6089612539027,44.6971671833059,44.7696203361767,44.80100543378,44.779189398451,44.7122274076636,44.6238359056867,44.5408819614431,44.4819958103948,44.4534282968918,44.4516276886517,44.4684049919079,44.4952289578691,44.5254479533373,44.5548052558303,44.5810603416724,44.6033502662232,44.6216163754146,44.6361986907037,44.6475898563206,44.6563044381989,44.6628187448938,44.6675477035758,44.6708379121572,44.6729660455992,44.6741385643491,44.6744924316441,44.6740978739452,44.6729638143553,44.6710452525486,44.6682503587121,44.6644441140156,44.6594455004852,44.6530168219735,44.6448468518839,44.6345342448766,44.6215842210289,44.6054402013862,44.5855826229678,44.5617372992542,44.5342378912449,44.5045638423843,44.475995614102,44.454156377051,44.4469394500086,44.4630733282748,44.5087028637522,44.5823832824223,44.6708986817435,44.7500093628621,44.7928573736244,44.7831161577465,44.7242657267656,44.6376861465529,44.5510196628658,44.4855814307672,44.4503577041264,44.4434542014154,44.4571512366475,44.4826363187023,44.5127064773563,44.5425825123848,44.5696451004953,44.5928015840824,44.6118757509095,44.6271604711021,44.6391394256272,44.648335897036,44.6552413988202,44.660287437811,44.6638368247592,44.6661818418197,44.6675441078798,44.6680753370083,44.6678599339226,44.6669202184585,44.6652238069871,44.6626911225659,44.6591999090282,44.6545835591664,44.6486213657717,44.6410215972009,44.6314026525745,44.6192836343724,44.6041037946312,44.5853005217679,44.5624863678201,44.5357713117698,44.5062624656831,44.4767119124403,44.4521361488338,44.4399776606188,44.4490966942666,44.4868589960144,44.5543376306721,44.6414879761197,44.7262033242417,44.7808342710759,44.7849689359732,44.736756568112,44.6541005918839,44.5646518713036,44.492374008043,44.449466322053,44.4362558961969,44.4458663819208,44.4693419529614,44.4989086295438,44.5291805267751,44.557070504635,44.581187209081,44.6011917532605,44.6173038911529,44.6299852468403,44.6397624899684,44.6471413547847,44.652571228165,44.6564335232988,44.6590388828472,44.6606267049275,44.6613655695379,44.6613554024505,44.6606323574627,44.6591762311339,44.6569185981961,44.6537485700456,44.6495127590327,44.6440070508793,44.6369602848635,44.6280139478562,44.6167076132794,44.602487390596,44.5847643347758,44.5630607975872,44.5372909119605,44.5082151170674,44.4780636671648,44.4512032426413,44.4344930143972,44.4366802688862,44.4660438566874,44.5259825085469,44.6098220725881,44.69833200922,44.7640825767955,44.783159548638,44.7479883647196,44.6718375752823,44.5812627855701,44.5024738615198,44.4511833068464,44.4305228200066,44.4349429970426,44.4555877427248,44.4841557611285,44.5145948570757,44.5432627599481,44.568392897039,44.5894295065969,44.606485720275,44.6199826285257,44.6304413842552,44.6383786534788,44.6442615382043,44.6484915542892,44.65140000524,44.6532465894186,44.6542190369178,44.6544344579937,44.6539435969168,44.652738144302,44.6507595581181,44.647906340202,44.6440361099772,44.6389595434387,44.6324254629971,44.6241000712405,44.6135485523992,44.6002342475208,44.5835596675982,44.5629844339831,44.5382649727607,44.5098603846678,44.4795180182247,44.4509564492717,44.43036569235,44.4261535623079,44.4471426164717,44.4986772927533,44.5773644602307,44.6673633215973,44.7425391973693,44.77649562928,44.7560966303153,44.6890857478908,44.5996451997754,44.5154264640927,44.4556334449172,44.426676523534,44.4248665987425,44.4417920384564,44.4687526876403,44.499018985403,44.5283255967067,44.5544571649534,44.576583044628,44.5946708905596,44.6090780104858,44.6203074446876,44.6288807691631,44.6352806161024,44.6399286172541,44.6431780014771,44.6453106805565,44.6465356171344,44.6469889071977,44.6467369883016,44.6457835281129,44.6440787839025,44.6415284837493,44.6379983530362,44.6333108114138,44.6272322995219,44.6194531422785,44.6095667711879,44.597061643873,44.5813476370466,44.5618490534769,44.5382068270702,44.510636179885,44.4804661613933,44.450813445842,44.4271754286867,44.417455611828,44.4306631418581,44.473598408882,44.5457857135739,44.6349348467133,44.7170990858503,44.7646478868995,44.7596228544042,44.7038778168116,44.6180539007323,44.5301507369232,44.4624501619734,44.4248684234843,44.4160548481247,44.4284447697784,44.4531517828089,44.4828235379816,44.5125416504642,44.5395852893119,44.5627957754451,44.5819558326781,44.597333275355,44.6093976840282,44.6186669918509,44.6256349486077,44.6307413804455,44.6343610901863,44.6367988949111,44.6382863287849,44.6389800436024,44.6389634983854,44.6382529459467,44.6368069486195,44.6345366843908,44.6313130256487,44.6269664058216,44.6212771106771,44.6139568312102,44.604626984455,44.5928054696954,44.5779214356759,44.5593874518737,44.5367690636118,44.510097941064,44.4803631253299,44.4501584245015,44.4243246038493,44.4101786295629,44.416633083667,44.451447023027,44.516521228011,44.6029190898984,44.6894102695809,44.7483155338574,44.7579884531701,44.7146466142901,44.6346182443534,44.54511274659,44.4707471410878,44.4248428600245,44.408695137192,44.4159670312323,44.437850968154,44.4664914559104,44.4963368857897,44.5241343055149,44.5483589332504,44.5685752344301,44.5849373681157,44.597865583822,44.607864223343,44.6154319730248,44.621023004713,44.6250314154136,44.6277838761123,44.6295344811736,44.6304612261171,44.6306657856258,44.6301780637655,44.6289652885285,44.6269432656715,44.6239857723069,44.6199276947471,44.6145587740611,44.6076077517133,44.5987211639284,44.5874469398498,44.5732404685886,44.5555201171491,44.5338096143552,44.5080124100446,44.4788570238278,44.4485093440825,44.4212318978966,44.4037505532371,44.4047007002521,44.4323780802739,44.4904696517917,44.5729384181452,44.6613912447879,44.7289881726919,44.7516316850198,44.7206570833078,44.6478509724757,44.5587151098992,44.4793103244687,44.4259588569364,44.4026659221928,44.4045954871028,44.4232805233723,44.450524628926,44.4802109191481,44.5085645336237,44.5336797751374,44.5548823512084,44.5721948682312,44.5859749415003,44.5967039456617,44.6048787704199,44.6109628321148,44.6153655510428,44.6184325258474,44.6204386356108,44.621582657287,44.6219849812684,44.6216903005662,44.6206756420353,44.6188618557873,44.6161247301981,44.6123011013009,44.6071861703578,44.6005208470262,44.5919721639049,44.5811155155372,44.5674347091919,44.5503647465792,44.5294124461518,44.5043984890964,44.4758621050838,44.445636308177,44.4175041872612,44.3976515942474,44.3943537114336,44.4161361748226,44.4679375505482,44.5460533773673,44.6347245058262,44.7084489149139,44.7417563582101,44.7221043447624,44.6570069398956,44.5697261502949,44.4869392842095,44.4273806042825,44.3975910648553,44.3943475686046,44.4097247928914,44.4353534105275,44.4646512638209,44.4933655280935,44.5192206099426,44.5412998159155,44.5594862451609,44.5740670192003,44.5854939009037,44.5942563295962,44.6008218420212,44.605610381166,44.6089821478772,44.6112293443497,44.6125693367376,44.6131405104988,44.6130029539448,44.6121449124726,44.6104937344029,44.6079278584626,44.6042852054832,44.5993637424853,44.5929122053443,44.5846129138927,44.5740641207734,44.5607763685665,44.5442059959136,44.5238589116349,44.499506646677,44.4715567754068,44.4415934066843,44.4130200780435,44.3915626069539,44.3851256435538,44.4022730602438,44.4487727162442,44.522697467235,44.6105369927145,44.6882804875111,44.7298669361972,44.7198788611468,44.66214415345,44.5775491190149,44.4927735385435,44.4283432785193,44.3929973136992,44.3850767177444,44.3973046872092,44.4212773774124,44.4500556401582,44.4789743917405,44.5054207509485,44.5282484600495,44.5472042005693,44.5625036456568,44.5745664786038,44.5838714847145,44.5908864762519,44.5960374858015,44.5996945885412,44.6021628385295,44.6036746344882,44.6043842554409,44.6043667568893,44.6036226320124,44.6020875833159,44.5996444846562,44.5961331219265,44.591353288192,44.5850586052712,44.5769420482821,44.5666194142851,44.5536238244995,44.537432829456,44.5175595204856,44.4937482031389,44.4663169262827,44.4366676711607,44.4079120626647,44.3854018698354,44.376703653286,44.3903200398185,44.4325507002164,44.5027799410804,44.5893140064649,44.6695567365939,44.717330143556,44.7151758253708,44.6639272239779,44.5822486344012,44.4964659001937,44.428365582932,44.388487483438,44.3765741437384,44.386010083618,44.4084456797358,44.4366796426437,44.4657063286564,44.4926205481975,44.5160712429291,44.5356809382838,44.551599286546,44.5642157383286,44.573998189126,44.5814129590038,44.5868891122651,44.5908025716256,44.5934667955428,44.5951250746323,44.5959444803491,44.5960134953883,44.5953450165003,44.593884627859,44.5915218142982,44.5881001046499,44.5834217733393,44.5772441099991,44.5692674870239,44.5591204218176,44.5463534674678,44.5304620864104,44.5109684050662,44.4876011104044,44.4606156968999,44.4312793714998,44.4024797822378,44.3792707326666,44.3689302550451,44.3798631726676,44.4187150590763,44.4858379969657,44.570970862915,44.6527494563382,44.7051082373159,44.7091454884436,44.663329273339,44.5843950428541,44.4981748217501,44.4273345742848,44.3838505513634,44.3686578451729,44.3757487345886,44.3968659135666,44.4246143585857,44.4537114614704,44.4810063076735,44.5049728170948,44.5251267977876,44.5415615275315,44.5546412859464,44.5648253596191,44.5725789060068,44.5783327543662,44.5824660860677,44.5852972724383,44.5870767192386,44.5879809537305,44.5881096468477,44.5874873577943,44.5860703176313,44.5837564797249,44.5803953159406,44.5757932214642,44.5697114065937,44.5618559857179,44.5518646037924,44.5393003251391,44.5236716597732,44.5045072772452,44.4815235231603,44.4549267900485,44.4258777188605,44.3970851665426,44.3733618197564,44.3617455424323,44.3705436894766,44.4066507327217,44.4711689793733,44.5549882526003,44.6377854631046,44.6936789550643,44.7026862131529,44.6613750774749,44.5848486514224,44.4984409411947,44.4254724641813,44.3790851950049,44.3612158845739,44.3663841668809,44.386425446177,44.413789504539,44.4429627888605,44.4705874020624,44.4949898747439,44.5155971790621,44.5324571632504,44.545915447787,44.5564264468381,44.564455994714,44.5704370132727,44.5747509581673,44.5777190638573,44.5795961448313,44.5805653845494,44.5807353623,44.5801410452195,44.578749330084,44.5764678298981,44.5731538729405,44.568619907048,44.5626322218242,44.5549023743662,44.5450749862354,44.5327216778909,44.5173588580676,44.4985166872103,44.4758963054613,44.4496572667658,44.4208645251659,44.3920704844805,44.3678799165251,44.3551260312706,44.3620359218373,44.3957216596788,44.4579335837476,44.5405562889449,44.6241740461521,44.683081284654,44.6963769052116,44.6589842672537,44.5845753985489,44.4980340203897,44.4232431535796,44.374363270036,44.3542082715242,44.3577561005561,44.376916253643,44.4039951623497,44.4332720277035,44.4612060235192,44.4859957487793,44.5069933055003,44.5242105044749,44.5379804630458,44.5487567408651,44.5570084009906,44.5631718537677,44.5676311821932,44.5707098840032,44.5726658212413,44.5736870511759,44.5738893104799,44.5733167198699,44.571946434323,44.569696289533,44.5664328430357,44.5619763481277,44.5560996931585,44.5485204988747,44.5388895125285,44.5267842315444,44.5117244103999,44.4932356118702,44.4709969460884,44.4451149238216,44.4165551976806,44.3877151085566,44.3630000206609,44.3490542717023,44.3540436792519,44.3853106960242,44.4452487809729,44.5267102193377,44.611149025606,44.6730121774375,44.6904892740321,44.656897161348,44.5845209914748,44.497823026566,44.4212534769701,44.3699751241361,44.3476518511439,44.3496929034869,44.3680628757288,44.3949163312284,44.4243253250549,44.4525712087688,44.4777315077827,44.4990900467601,44.51662809454,44.5306705744129,44.5416735240041,44.5501118095712,44.5564272524773,44.5610078317527,44.5641798861443,44.5662042280124,44.5672731478099,44.5675086147582,44.5669630370754,44.5656233616359,44.5634178192723,44.5602230626376,44.5558685413291,44.5501352821336,44.5427481356851,44.5333641834665,44.5215654818248,44.5068717800862,44.4887982299789,44.4669932917904,44.4414988197544,44.413166766824,44.3842233588309,44.3588597740967,44.343523742548,44.3463282053684,44.3748812382856,44.4322876699483,44.5124591372345,44.5977990746735,44.6629206798913,44.685016112545,44.6556333377753,44.5855234662208,44.4986787472293,44.4201756963706,44.3662861785032,44.3416110261819,44.3420288077657,44.359556680838,44.3861762386588,44.4157300098888,44.4443055666491,44.4698507097593,44.4915776999343,44.5094370950184,44.5237469675307,44.5349677858001,44.5435823369503,44.5500399027622,44.5547341696868,44.557995738691,44.5600892899753,44.5612117313018,44.5614912019604,44.5609880895222,44.5596988510853,44.5575621279987,44.5544651684283,44.5502476436484,44.5447001284407,44.5375561785344,44.528480280133,44.5170591154472,44.5028107570943,44.4852356093581,44.4639432784278,44.4388973800877,44.4108156158244,44.3817247360211,44.355567404331,44.338562254123,44.3387562505467,44.364057229355,44.4183908839127,44.4969145352456,44.5831849234267,44.6520808366852,44.6796797482258,44.6554407287729,44.5882300543269,44.5013916151638,44.420690075275,44.3637130601481,44.3362045886682,44.3346331704278,44.3510987243251,44.3773857397781,44.4070657518137,44.4359953167515,44.4619667479847,44.4841058613243,44.5023253473822,44.5169339419679,44.5283965964748,44.5372053478984,44.5438188488666,44.54863858035,44.5520013895473,44.5541774893626,44.5553696036614,44.555712726985,44.555275470578,44.554063789732,44.552026722135,44.5490623533763,44.5450212655559,44.5397047834756,44.5328567870319,44.5241509280741,44.5131799429142,44.4994605955751,44.4824767525174,44.4617935587222,44.4372845535302,44.4095119599555,44.3802692383932,44.3532031248436,44.3342480179374,44.331341831578,44.3527002023332,44.403179791343,44.4794239441156,44.5664598903145,44.6396599490465,44.6739253651857,44.6562233656842,44.5929951288761,44.5065801216391,44.4234290741336,44.3627090401987,44.3316245843194,44.3274505937851,44.3424503163574,44.3681968493074,44.3979366922079,44.4272388557202,44.4536970009995,44.47632298808,44.4949764732155,44.5099497823228,44.5217100128043,44.5307586840291,44.5375653682248,44.5425414980685,44.5460324956004,44.548316292282,44.5496032328667,44.550036439791,44.5496934533211,44.5485899610371,44.5466853728547,44.5438886149137,44.5400615044215,44.5350169973012,44.5285108571014,44.52022810431,44.5097701417208,44.4966549378351,44.4803512990183,44.4603787171731,44.4365140783047,44.4091480200499,44.3798096520165,44.3517987401638,44.3306946397856,44.3242504549416,44.3409498749486,44.386645694884,44.4597032402724,44.5470131151989,44.6248216598917,44.6669415498343,44.6574743975057,44.5997617404292,44.5145729359753,44.4288981916906,44.3637354597388,44.3281501415419,44.3205413600905,44.3334855593529,44.358357516108,44.388023056381,44.4176928987699,44.4447029512957,44.4679107757554,44.4870990949185,44.5025314464717,44.5146717960461,44.5240298952248,44.5310871462148,44.5362669372973,44.5399257333174,44.5423516934719,44.5437650121854,44.5443186496088,44.544100135166,44.543135306163,44.5413938733873,44.5387953221465,44.5352125673265,44.530470568119,44.5243381693093,44.5165139994328,44.5066114819711,44.4941541219617,44.4786004853016,44.4594285776354,44.4363198312639,44.4094872996166,44.3801757245178,44.3512948212911,44.3279949985053,44.317743080149,44.3291930548844,44.369174419439,44.4379368777237,44.5246325369268,44.6068974288902,44.6577679894719,44.6582753598184,44.6079647021256,44.5252711524154,44.4373558560788,44.3671914539425,44.3261297357828,44.3141022214612,44.3242332749034,44.3477610380251,44.377129739249,44.4071162061892,44.4347277101343,44.4586155447712,44.4784527465081,44.4944558286641,44.5070768204371,44.5168304816955,44.5242099304606,44.5296520527679,44.5335267062554,44.5361348911249,44.53770912314,44.5384142102536,44.5383489965372,44.5375500207606,44.5359971459064,44.5336198040215,44.5303013004757,44.5258782437767,44.5201330281118,44.5127796235397,44.5034468603364,44.4916691179185,44.4769021335601,44.4585916114559,44.43633320772,44.4101692758113,44.3810574924386,44.351493609043,44.3261383934847,44.3120629698533,44.3179444433867,44.3514664583916,44.4147906982716,44.4996393608576,44.5856132572252,44.6455259627026,44.6574320828575,44.6165274215736,44.5380363097411,44.4486631983374,44.3732871470887,44.3259061119442,44.3084421214419,44.3148887040249,44.3364773940498,44.3652249968066,44.3954082777474,44.4236311406776,44.4482785678775,44.4688734279891,44.4855611193552,44.4987689938004,44.5090111223319,44.5167907284804,44.5225588613819,44.5267006462316,44.5295323429368,44.5313012699565,44.5321862346927,44.5322989057728,44.5316871966912,44.5303409257683,44.5281985571931,44.5251524845987,44.5210497466583,44.5156857125234,44.5087903769299,44.5000105691366,44.4888967459073,44.474910376385,44.4574774444075,44.4361245567093,44.4107427368457,44.3820194353368,44.352038993695,44.3249402676414,44.307305457969,44.3076658177088,44.3343471967717,44.3912876950287,44.4729089855901,44.5612865342381,44.6297311559459,44.6537734357225,44.6240277088412,44.5516875212027,44.4621617174254,44.3818829455302,44.3276793136219,44.303894883478,44.3057744384207,44.3247490936341,44.3524567961372,44.3826352679627,44.4114185358979,44.4368639324645,44.4582991502945,44.4757697053818,44.4896617728472,44.5004803083799,44.5087351172662,44.5148907399883,44.5193485177871,44.522441785266,44.5244348180608,44.5255224811204,44.5258308475667,44.525420007437,44.52428959466,44.5223860458242,44.5196090899074,44.5158141685816,44.5108079005568,44.5043355826666,44.49606314881,44.4855610639784,44.4723045311199,44.4557134006799,44.4352659339159,44.4107302799645,44.3825574522767,44.3524501745565,44.3240300431053,44.3033349134563,44.2985964741575,44.3185247224963,44.3685556312874,44.4457149262513,44.5348683639281,44.610556160644,44.6465372198445,44.6290440354718,44.5646846177764,44.4766730942919,44.3923682888886,44.3313470602288,44.3006794311286,44.2972442257042,44.3129383867608,44.3391330050348,44.3690314125263,44.39825399261,44.4244777081122,44.4467913092981,44.4651099170487,44.479759527649,44.4912251802769,44.5000177199386,44.5066128343869,44.5114276572057,44.5148133290029,44.5170524620266,44.5183575895806,44.5188706321731,44.518664755828,44.5177494694767,44.5160782534682,44.5135563103888,44.5100449697786,44.5053594266927,44.4992581402301,44.491425434489,44.4814536486921,44.4688377156125,44.4530035708023,44.4334021908237,44.4097113169906,44.3821900469742,44.352210777521,44.3229182332418,44.2997989633933,44.2906779930746,44.304400248441,44.3475394363,44.4194258948277,44.5077612847292,44.5888858090792,44.635669885257,44.6305740312957,44.5754899356431,44.4906909435049,44.4036762542179,44.3364052675759,44.2987605385722,44.2895545887754,44.3014315371969,44.3256606470633,44.3549668315115,44.3844484388922,44.4113690563592,44.4345437135754,44.4537295997555,44.4691736220243,44.4813289994975,44.4907005514549,44.497771133218,44.5029716323713,44.5066702351793,44.5091680164345,44.510695887337,44.5114125839686,44.5114051976829,44.5106934514424,44.5092373728268,44.5069461354289,44.5036845001046,44.4992731359629,44.4934804878642,44.4860068658084,44.4764660325767,44.4643758157622,44.4491773813593,44.430312788742,44.4074008581573,44.3805566030892,44.3508852988154,44.3211215006618,44.2962388982666,44.2836097441205,44.2920177216726,44.328807493649,44.395185751057,44.4814744025011,44.5661071475451,44.6218741642575,44.6283313613492,44.5829764157058,44.5027325138051,44.4144819280639,44.3419905806068,44.297788159447,44.2827607627394,44.2905330467522,44.3124586642133,44.3408842032934,44.370418104381,44.3979058369849,44.4218705881629,44.4418926071051,44.458124478886,44.4709767503632,44.4809408373225,44.488501747041,44.4941006512069,44.4981204133607,44.5008791200382,44.5026254377667,44.5035349859914,44.5037092739959,44.5031787624,44.5019101274451,44.4998157907017,44.4967621614997,44.4925725630658,44.4870219048381,44.4798229440864,44.4706083990141,44.4589192164526,44.4442170987433,44.425949007737,44.4037017139151,44.3774909458888,44.3482201049633,44.3182934529535,44.2922425638475,44.2769976360104,44.2811580357408,44.3125249788797,44.3737170749075,44.4572777456343,44.543733866809,44.6063766060024,44.6227728286988,44.5866920743216,44.5117056300886,44.4235250171006,44.3470784076497,44.2971666080279,44.276694791452,44.2803971334984,44.2998758797587,44.3272218320494,44.3566204223067,44.3845247645585,44.40916945792,44.4299518663031,44.4469222016943,44.4604410053933,44.4709802737334,44.4790222262369,44.4850141122028,44.4893498478045,44.4923615563464,44.4943135120668,44.4953970321447,44.495727783634,44.4953473639386,44.4942296889518,44.4922906468543,44.4893976282048,44.4853747436302,44.4800003062116,44.4729956710211,44.4640087495668,44.4526013891692,44.4382573917186,44.4204372795978,44.3987161347612,44.3730480445295,44.3441941764496,44.314309207054,44.2875690012806,44.2705130582588,44.2715030085128,44.2985631978807,44.3552982843264,44.4359950601902,44.5230458696331,44.5905463111825,44.6148649530714,44.5868693022454,44.5171259205839,44.4299143072289,44.3507554482483,44.2962318695579,44.2710412975552,44.2710267628864,44.2881446933052,44.314347265017,44.3434836297933,44.3716654072223,44.3968629295422,44.4182994649598,44.4359240420894,44.4500452317703,44.4611124840139,44.4696016170791,44.4759620349772,44.4805946169589,44.4838415534848,44.4859792892861,44.4872123450012,44.4876692457909,44.4874025952835,44.486394250437,44.4845645141697,44.4817822634137,44.4778718477591,44.4726130283921,44.4657324413772,44.4568890661223,44.4456618846895,44.4315553421437,44.4140473610352,44.3927147621913,44.3674785553993,44.3390070479852,44.3092778020239,44.2821981811289,44.2639893230465,44.2627739868312,44.2866484626328,44.3398576898836,44.4179637269285,44.5048719314864,44.5755459234607,44.6057354749828,44.5842190464333,44.5191153801809,44.433287674358,44.3524432922374,44.2944512451077,44.2654683180752,44.2623301401683,44.2773788933691,44.3025173769571,44.3313469791707,44.3597028595136,44.3853311740157,44.4073026942875,44.4254754397286,44.4401098670971,44.4516333754296,44.4605139554007,44.4672004575483,44.4720971108405,44.4755520669779,44.4778498781537,44.4792048391101,44.4797560343644,44.4795661531129,44.4786253508956,44.4768595321079,44.4741403780322,44.4702931548026,44.4650984692613,44.4582860402571,44.4495222848616,44.4383990314791,44.4244379537255,44.4071343329227,44.386073778464,44.3611633885753,44.3330155938687,44.3034896152532,44.2763015933995,44.2574304881585,44.2547903880675,44.2764663859935,44.3270904585694,44.4030999148908,44.4895325247126,44.5621256663808,44.5963726756503,44.5796484407253,44.5182389351796,44.4337974324047,44.3519918697712,44.2915562201812,44.2597436595616,44.2541931192766,44.2675985846839,44.2918648731259,44.3204212816308,44.348893377955,44.3748507609482,44.3972413652508,44.4158489236857,44.4308943656331,44.4427868211006,44.4519873402688,44.4589431811571,44.4640594825765,44.4676869540708,44.4701144115623,44.4715622592401,44.4721772666328,44.4720305734713,44.4711203883343,44.4693791468839,44.4666828940392,44.4628592497541,44.4576902124162,44.4509076568613,44.4421828331255,44.4311164629704,44.4172431610362,44.4000728204126,44.3792015839043,44.3545330471632,44.3266479368466,44.297329585896,44.2701637080763,44.2509548370842,44.2474519455886,44.2676955730568,44.3165396331948,44.390993780774,44.4768897796817,44.5505713753666,44.5874596074415,44.5740316152033,44.5152943356447,44.4319812605484,44.349643502982,44.2875715998817,44.2537889640371,44.2465272404308,44.2587569391997,44.282400949087,44.3107712818081,44.339342359947,44.3655538153819,44.3882625535335,44.4071976283236,44.4225516353082,44.4347213400509,44.4441634950141,44.4513242693443,44.456608666309,44.4603677529133,44.4628916681541,44.4644037588079,44.4650556594016,44.4649250024897,44.4640172745658,44.4622718708585,44.4595705216549,44.4557448315621,44.4505794043629,44.4438083771879,44.4351063623089,44.4240798477569,44.4102720684287,44.3932031759117,44.372477502106,44.3479978932358,44.3203253033801,44.2911925768035,44.2640959988195,44.2447174644734,44.2406850195711,44.2599953354424,44.307637049111,44.3809965209368,44.4664458160557,44.5407601345033,44.5793435379611,44.5680904597725,44.5111456487024,44.4286051517355,44.3459239266066,44.2827623978486,44.2476683009119,44.2392794420246,44.2507545033084,44.2740248592031,44.302317085064,44.330997719213,44.3574149542014,44.3803631028675,44.3995352685977,44.415107130268,44.4274696511653,44.4370787944772,44.4443811815713,44.4497818292864,44.4536312397897,44.4562191542714,44.4577696839518,44.4584371213084,44.4583038094664,44.4573815271717,44.4556166203764,44.4528973896065,44.4490608489399,44.4438956109281,44.4371388068214,44.4284678800509,44.4174929071109,44.4037618786522,44.3868000887054,44.3662147496876,44.3419043148997,44.3144107736092,44.2854252870134,44.2583748199717,44.2388505246368,44.2343964175319,44.2529885691414,44.2997305337589,44.3722972835412,44.4574538600579,44.5322669015424,44.5720914298524,44.5623711313395,44.5066289984092,44.4245351407267,44.3415212955116,44.2775460799225,44.2415396564301,44.2324155276028,44.2434429840168,44.2665377165556,44.2948510181373,44.3236659779581,44.3502649416427,44.3734004406823,44.3927443845294,44.4084651360589,44.4209537767295,44.4306690092088,44.438059910371,44.4435324675327,44.4474367617682,44.4500616087035,44.4516308518159,44.4523001528764,44.4521553390397,44.4512136431186,44.4494281563294,44.4466942552251,44.4428554433267,44.4377056447031,44.4309859968369,44.4223769087271,44.4114907429184,44.3978770715423,44.3810610624285,44.3606455390938,44.3365158659983,44.3091862707094,44.2802997664911,44.253213638218,44.2334387120326,44.2284597220495,44.2462694250173,44.2921238590494,44.3640009288984,44.4490260578702,44.5244772156327,44.565571770492,44.5572662492638,44.5025100310929,44.4206505661132,44.3371878556023,44.2724104042747,44.2356029033656,44.2258992209527,44.2366289386041,44.2596623580601,44.2880663181375,44.3170445551028,44.3438233350337,44.3671237949978,44.3866052951508,44.4024352268279,44.4150091542028,44.4247914719212,44.4322357420858,44.4377503300213,44.4416858098439,44.4443305257778,44.4459080737903,44.4465751563285,44.4464205765298,44.4454665665831,44.4436727995722,44.4409420235068,44.4371250139966,44.4320221240684,44.4253796111678,44.416881461687,44.4061418180954,44.3927095142418,44.376104709884,44.3559176323505,44.332008369279,44.3048470187601,44.2760089171218,44.2487625068287,44.2285270733578,44.2227370022809,44.2394446410017,44.2841413937276,44.3552144378668,44.4402317042103,44.5166785973249,44.5595168702164,44.5530320284786,44.4994548061323,44.4177835432103,44.3336708956768,44.267856288467,44.2300660650457,44.219683896692,44.2300868880538,44.2530714143759,44.2815939888866,44.3107626329066,44.3377401291843,44.3612146350222,44.3808342271974,44.3967675443958,44.4094169023256,44.4192544269668,44.426739972168,44.432285903299,44.4362447243115,44.4389054995276,44.4404924456617,44.4411638116237,44.441011562002,44.4400629273324,44.4382841732133,44.4355856467191,44.4318259819756,44.4268129196614,44.4202990070849,44.4119728283657,44.4014506010851,44.3882791770794,44.3719698294018,44.3520922512092,44.3284675424067,44.3015005167616,44.272669588175,44.2451194571268,44.2241460645201,44.2171229869466,44.2322000427971,44.2752147399726,44.3451436068702,44.4301866449605,44.5081232743835,44.5535456997142,44.5497705076719,44.4979832843859,44.4166622287173,44.3316632286319,44.2643666945825,44.2251363746631,44.2137239031221,44.2235860358963,44.2464239166633,44.2750445210957,44.3044244595566,44.3316383189104,44.3553271091694,44.3751208788251,44.3911871321747,44.4039348102864,44.4138447189598,44.4213844595755,44.4269720996748,44.4309638625868,44.4336512579092,44.435260626943,44.4359529194085,44.4358240123974,44.4349065326696,44.4331735347704,44.4305431762468,44.4268823945676,44.4220071435831,44.4156774731939,44.4075879707095,44.3973580735622,44.3845327490482,44.3686122052668,44.3491393403686,44.3258834544761,44.2991617831191,44.2703215949407,44.2423381137313,44.2203343369307,44.2115900416205,44.2243720311377,44.264977674144,44.333197127475,44.4181420169099,44.4980759054214,44.5471572992484,44.5473762589093,44.498393760674,44.4178406223374,44.3317569598304,44.2623901354946,44.2210298740306,44.2080026129658,44.2169290566823,44.2394087843488,44.2680520164263,44.2976516870407,44.3251531843082,44.3491237376579,44.369160388234,44.3854222504551,44.3983221555653,44.4083493029456,44.4159800426137,44.4216398249043,44.425690609132,44.4284284514081,44.4300837776265,44.4308218618146,44.4307436548417,44.429887861981,44.4282346382502,44.4257101074369,44.4221897817155,44.4174984712932,44.4114049060173,44.4036113784631,44.3937425103205,44.3813429928272,44.3659020964979,44.3469327268682,44.3241430758572,44.2977436170095,44.2689172952259,44.2404203403184,44.2171410414592,44.2062092170214,44.2159963825793,44.2533460744879,44.3190883953867,44.4035829047864,44.4858754212022,44.5397311214817,44.5454760923326,44.5006690704035,44.4216081023244,44.3343833053222,44.2623194408059,44.2179833971322,44.2025659814768,44.2099961168264,44.2317913977439,44.2603187051276,44.2901236472907,44.3179676096271,44.3423058294992,44.3626792418105,44.379226267404,44.3923580526312,44.4025704668501,44.4103489923264,44.4161279819725,44.4202772391942,44.4230997004992,44.4248321408078,44.4256460992363,44.4256490312808,44.4248865660833,44.4233462834006,44.4209622791106,44.4176186319682,44.4131493289437,44.4073327316461,44.3998806034691,44.390425307077,44.3785142733741,44.3636285101671,44.3452517489365,44.3230274641387,44.2970473817784,44.2683045089127,44.2392915868128,44.2145974753453,44.201127423249,44.2073055818348,44.2405512615557,44.3029122311416,44.3863359193325,44.471038200148,44.5305826423113,44.5434126331714,44.5043990411897,44.427888336835,44.3397272911939,44.2644441217289,44.216246308699,44.1975434063476,44.2027818733351,44.2234562759653,44.251656741643,44.2816149715203,44.3098443597659,44.3346404120341,44.3554573813906,44.3723956395337,44.3858559949491,44.3963375426568,44.4043344028105,44.4102909650424,44.41458688106,44.4175343604546,44.4193789404291,44.4203005467985,44.4204147244082,44.419774937708,44.4183764408147,44.4161610622159,44.4130210312242,44.4087993192126,44.4032843685892,44.3961988652275,44.3871855995326,44.3757986857012,44.3615157538538,44.3437963073684,44.322222274474,44.2967646775459,44.2682140785112,44.2387692621072,44.2126639990099,44.1964975688384,44.1986581077154,44.2270962165387,44.285159243826,44.3666573897851,44.4534007771609,44.5191061190891,44.5403264393419,44.5087736217704,44.4361618416095,44.3476252406444,44.2688642240551,44.2160308205941,44.1931345565934,44.1954085973573,44.2144346538959,44.2420210478091,44.2720280417269,44.3006553264992,44.3259852905117,44.3473491022003,44.3647871400021,44.3786780644722,44.3895187487733,44.3978102481606,44.404007419736,44.408501378635,44.4116158131519,44.4136073829862,44.4146665493966,44.4149185803936,44.4144256908117,44.4131909474413,44.4111633887503,44.4082424962061,44.4042793686399,44.399072204685,44.3923553228524,44.3837841472852,44.3729235522948,44.3592539614384,44.342218835699,44.3213480283257,44.296500563929,44.268268064254,44.2385456579717,44.2111773993527,44.1923852087878,44.190412499754,44.2136262795933,44.2666327108908,44.3452479053967,44.433251464947,44.5049845370554,44.5353596192595,44.5127003724994,44.4454699079869,44.357484724601,44.2753803593224,44.2174160862586,44.1895475801611,44.1880989735221,44.2049030063934,44.231523212024,44.2614141000028,44.2904046267745,44.3163113334424,44.3383033373422,44.3563358933817,44.3707509489112,44.3820356254914,44.3906947182632,44.3971929237876,44.4019336833217,44.4052538459699,44.4074232169819,44.4086447576963,44.4090550165857,44.4087258375255,44.4076681559985,44.4058374796595,44.4031392156653,44.3994310571121,44.3945197234823,44.388150810327,44.3799935257812,44.3696268234646,44.3565401139867,44.3401705907083,44.320009878233,44.2958225790587,44.2680202022799,44.2382075453626,44.2098333375971,44.1886973232328,44.1827945931712,44.2007490356123,44.2482683597843,44.3231465198926,44.4113669564538,44.4883805964131,44.5279335620424,44.5150563777646,44.4545532794462,44.3682922398421,44.2834112445224,44.220233847189,44.1868961065659,44.1811036469949,44.1951424866493,44.2204158699899,44.249974049625,44.2792388191836,44.3057173478307,44.328380373058,44.3470724775215,44.3620828328112,44.3738796076955,44.3829666151639,44.3898164461809,44.3948446159868,44.3984018996694,44.4007725651757,44.4021735584153,44.4027540037836,44.4025961624525,44.4017188863398,44.4000833658915,44.3975993982677,44.3941292586555,44.3894861411011,44.3834254194693,44.3756298387737,44.3656942833362,44.3531221543288,44.3373538627482,44.31785832973,44.2943286623178,44.2670265092928,44.2372998255644,44.2082266370649,44.1851764082719,44.1758215285015,44.1888765762717,44.2309148852571,44.3015145609595,44.3888955832755,44.4699958455787,44.5179817214848,44.5150026333812,44.4621233316779,44.3787597482072,44.2920087898999,44.2239964386561,44.1850946206359,44.1746025516453,44.1854638706712,44.209044097472,44.2380320273476,44.2674365481283,44.2944303557848,44.317758735853,44.3371337544112,44.3527765467876,44.3651265895012,44.3746809010133,44.3819167334894,44.3872600994392,44.3910752066183,44.3936610065213,44.3952490706963,44.3960018660355,44.3960126510399,44.3953082905109,44.3938550483773,44.3915657117456,44.3883050432893,44.383890216662,44.378083977951,44.3705809765485,44.3609920847707,44.3488376858841,44.3335690555022,44.3146470207632,44.2917174793517,44.2649283424423,44.2354177914318,44.2059425274602,44.1814707986665,44.1693211443328,44.1781607271497,44.2151669942933,44.2813900938471,44.3671133080766,44.4509405708841,44.5060120699111,44.5122240516478,44.4671766925528,44.3875929615672,44.3000100525836,44.2279302419782,44.1838119985152,44.1686235099977,44.1761235092057,44.1977750918249,44.225983693811,44.2553742651933,44.2827853326426,44.306725301492,44.3267602679647,44.3430319176192,44.3559425755292,44.365976560739,44.3736117315516,44.3792818115517,44.3833625670002,44.3861664847363,44.3879392209329,44.388856506209,44.3890227577443,44.3884729582572,44.3871781734237,44.3850532653434,44.3819637941744,44.3777285136589,44.3721147344258,44.3648263589657,44.3554886281067,44.3436396117374,44.3287463709844,44.3102734804943,44.287841946607,44.2615225422519,44.232296530557,44.2026639556408,44.1772501096269,44.1630323771671,44.1685402705599,44.2013153129512,44.2635154349927,44.3471564124123,44.4324653230787,44.492959971482,44.5069786995382,44.4692162946291,44.3937821335786,44.3062895806824,44.2311304319984,44.1825254942764,44.1630241086602,44.1672675211469,44.1869309471235,44.2142328119953,44.2434732219979,44.2711840561978,44.2956449251723,44.3162746509314,44.3331308238976,44.3465734888086,44.3570696342273,44.3650937233841,44.3710837136418,44.3754239145826,44.3784378455531,44.3803833684899,44.381448300242,44.3817476979069,44.3813245995553,44.380154924673,44.3781553716949,44.37519140672,44.3710816100962,44.3655952767676,44.3584425038458,44.3492600934416,44.3376024627581,44.3229544736258,44.3047926250206,44.2827312788369,44.2567971114888,44.22786629895,44.1982521318318,44.1723121928886,44.1567294463463,44.1598557141976,44.1894056170741,44.2482879668094,44.3298367770786,44.4156767024114,44.4799089712596,44.4999451382346,44.4682868163551,44.3967920813091,44.3100100183228,44.232781473578,44.1806631860169,44.1575517142303,44.158929268359,44.1767489513812,44.2031350657612,44.2321401757027,44.2600398008003,44.2849120105446,44.3060405140734,44.3234026093632,44.3373157900313,44.3482276137901,44.3566062103917,44.3628904018693,44.3674694863217,44.3706745511409,44.3727726220636,44.3739612966067,44.3743648906614,44.3740340181483,44.3729496158178,44.3710305782566,44.3681423082731,44.3641024516988,44.3586804754627,44.3515898717398,44.3424757062223,44.3309059754745,44.3163828395463,44.2983991720848,44.2765759722268,44.2509229354222,44.222257166612,44.192772058092,44.1666374788214,44.1503083637656,44.1519590076154,44.1793422259784,44.2358064554758,44.3155770388845,44.4013413324925,44.467810676468,44.4919631105984,44.464839347147,44.3965887994379,44.3107705338703,44.2323486396754,44.1777702167161,44.1519502181257,44.1510734504833,44.1673766408218,44.1929618049372,44.2217149038756,44.2497190372442,44.2748925659494,44.2964079474673,44.3141741343384,44.3284710066147,44.3397277381548,44.3484049771859,44.3549399221914,44.3597235284407,44.3630907080377,44.3653139684551,44.3665975532631,44.3670728448379,44.3667969711124,44.3657558632439,44.3638712586802,44.3610092475574,44.3569867757851,44.3515726949492,44.3444818534921,44.3353644790122,44.3237987235093,44.3093017531766,44.2913840436461,44.2696815419003,44.2442071492219,44.2157562991999,44.1864605564214,44.1603770089936,44.1438046845471,44.1447659585571,44.170966648774,44.2259460563072,44.3044328226126,44.3898088126295,44.457300298396,44.4837926957924,44.4595222006407,44.3935331482625,44.3086181563128,44.2296696324157,44.17362488059,44.1460568983431,44.1436533312533,44.1588880092978,44.1838836983508,44.2124322203336,44.2404913225407,44.2658688633993,44.2876573674706,44.305715326417,44.3202941702968,44.3318086045767,44.3407125838189,44.3474405047076,44.3523824926803,44.3558739803618,44.3581893371853,44.3595360577662,44.3600499262925,44.3597930033146,44.358755812155,44.3568635025309,44.3539839158744,44.3499342197565,44.3444827933307,44.3373447477738,44.3281730328858,44.3165525652487,44.3020122387232,44.2840788958916,44.2624072629035,44.2370265694913,44.2087380073269,44.1796571155657,44.1537913150294,44.1373507804858,44.1382433511502,44.1640814061314,44.2184121094934,44.2961490570274,44.3810271043629,44.4486341875868,44.4759723219772,44.4530015428375,44.3882253500529,44.3039586377278,44.2249364871266,44.1682674346616,44.1398464616367,44.136646400509,44.1512996964883,44.1759660837681,44.2044001994787,44.2324956110863,44.2579986529263,44.2799553897867,44.2981943709966,44.3129500653933,44.3246284889084,44.3336791936814,44.3405338714927,44.3455804415693,44.349152480701,44.351523278881,44.3529005525365,44.3534218636893,44.3531524036284,44.3520865403536,44.3501531123692,44.3472227041848,44.3431138828167,44.3375952898209,44.330382021056,44.3211281161954,44.3094223219569,44.2948016338132,44.2768062955693,44.2551098043183,44.2297640537159,44.2015929558122,44.1727276694497,44.147173144654,44.1311056598407,44.1323579899131,44.1584320177147,44.2127637615585,44.2902191847534,44.3746104029577,44.441725661623,44.4687901632437,44.4458664865918,44.3813743189886,44.2974320983016,44.2186066301872,44.1619529608708,44.1334154843368,44.1300549394386,44.1445749851408,44.1691690806002,44.1975936876293,44.2257272463498,44.2512969861246,44.273333187076,44.291654227569,44.3064892954686,44.3182420732687,44.3273607653736,44.334275360956,44.3393712214171,44.3429787704674,44.345368295875,44.3467455301064,44.3472477090194,44.3469415289664,44.345824336556,44.3438286530975,44.3408285295818,44.3366450290096,44.3310480083828,44.3237527932433,44.3144135766829,44.302620582761,44.2879152931082,44.269847178693,44.2481052131578,44.2227638873595,44.1946762688237,44.1660057505528,44.140783961634,44.1251923848422,44.127025037492,44.1536803590047,44.2084266667194,44.2859433277438,44.3699308791846,44.4362378370042,44.4623372197691,44.4386158207639,44.3737213661431,44.2898024962673,44.2112931637261,44.1550664435269,44.1269298186155,44.1238813309356,44.138617838789,44.1633515719311,44.191861960438,44.220045651829,44.2456422478237,44.267690378364,44.2860145661736,44.3008488011657,44.3126002320977,44.3217188157198,44.3286342886108,44.3337298556314,44.3373324600722,44.339708530766,44.3410606217933,44.3415243460076,44.3411667760074,44.3399875289116,44.3379226838134,44.3348502236561,44.3305945826785,44.3249277606983,44.3175658128819,44.3081626444042,44.2963081306215,44.2815447678496,44.2634261838713,44.2416506701689,44.2163092506213,44.1882802676405,44.159760745393,44.1348193196507,44.1196644726159,44.1220826659616,44.1493983267963,44.204717865572,44.2824921906063,44.3662166507958,44.4316927693888,44.4565923639751,44.4316883166315,44.3660069632715,44.2818775491506,44.2036683069853,44.1480373737255,44.1205656704523,44.1180983071077,44.1332672509068,44.1582819955673,44.1869489283464,44.2151987811835,44.2408015636573,44.2628195562516,44.28109455508,44.2958726706009,44.3075690126776,44.3166379452503,44.3235104979779,44.3285685976404,44.3321361363487,44.3344757568395,44.3357866119743,44.3362022655671,44.3357896842294,44.3345504000855,44.3324239904079,44.3292926992541,44.3249850117557,44.3192759006681,44.3118827705802,44.3024591558542,44.2905932203099,44.2758252249011,44.2577072473202,44.2359383148887,44.2106144922725,44.182625792191,44.1541895156881,44.1294029937478,44.1145059896428,44.1173029268754,44.1450952760617,44.2008950980028,44.2789800093022,44.3626424290835,44.4275636629834,44.451492972267,44.4254915609165,44.3589515212122,44.2744527500483,44.1963928112161,44.1412764038841,44.1144671317415,44.1126312730988,44.1283014085847,44.1536584066031,44.182523002534,44.2108578956772,44.2364670951232,44.2584419839771,44.2766467686902,44.2913436834935,44.3029586424964,44.3119523995995,44.3187587365925,44.3237594738478,44.3272764406122,44.3295693012022,44.3308343954909,44.3312035873953,44.3307438876589,44.3294588023639,44.3272915242574,44.3241288733224,44.31980396393,44.3140955188578,44.3067230305221,44.2973399277089,44.2855318089134,44.2708338570263,44.2527906692962,44.2310917133321,44.20582220452,44.1778617872381,44.1494212873002,44.1246008178696,44.1096583504187,44.1124347644866,44.1402780612026,44.1962305734529,44.2745439486268,44.3584027620817,44.423329434848,44.4469613696748,44.4203973101611,44.3532247074951,44.2682663275954,44.1900707042985,44.1351416244967,44.1087303271052,44.1073610756891,44.1234560350245,44.149137778059,44.1782128267473,44.2066561087264,44.2322948658356,44.2542451044535,44.2723924574544,44.2870158673957,44.2985531824571,44.3074728173361,44.3142126269853,44.3191556999174,44.3226232106041,44.3248732097266,44.3261004340375,44.3264360042279,44.325947640762,44.3246412461675,44.322463934969,44.319307459777,44.3150101151404,44.3093551678881,44.3020651183257,44.2927939864939,44.2811246300679,44.2665850788416,44.2487069860093,44.2271594221473,44.2019982358528,44.1740645870522,44.145525318031,44.1204419407267,44.1050604066699,44.1072659667885,44.1345324830232,44.1901015763463,44.2684261896496,44.3527662572893,44.4184889561405,44.4428805877018,44.4166927211199,44.3493909038413,44.2639543674193,44.1852223829788,44.1299313667985,44.1034135324686,44.1021472214174,44.1184562101505,44.1443724828112,44.1736453787217,44.2022259949751,44.2279405555028,44.249915780337,44.2680518806323,44.2826417996709,44.2941348022333,44.3030075553376,44.3097031692413,44.3146075334916,44.318042900707,44.3202674886226,44.3214760912497,44.3218004737747,44.3213100913006,44.3200139123188,44.3178633991786,44.314755608676,44.3105345409072,44.3049888360338,44.2978451402978,44.2887592784357,44.2773120791197,44.2630235782449,44.2454084104459,44.224105498304,44.1991227557828,44.1712322797774,44.1425129664493,44.1169346490874,44.1006846795511,44.101684376008,44.1276076852081,44.1820858141695,44.2600574484413,44.3451212914013,44.4125530269133,44.4390372709721,44.414497985183,44.3478312923423,44.2619985699623,44.1822648519118,44.1258925080709,44.0985644427202,44.0968652670797,44.1130573865036,44.1390509108442,44.1684840238854,44.1972341027365,44.223090177688,44.2451672028685,44.2633676749218,44.2779927153499,44.2895008999106,44.2983770646457,44.3050705917382,44.309971808161,44.3134060161797,44.3156336792683,44.316851616456,44.3171939003244,44.3167329512203,44.3154815813956,44.3133960293154,44.3103789446075,44.3062804474865,44.3008953370067,44.2939556945834,44.2851208591538,44.2739713379081,44.2600199586099,44.2427625773587,44.2218011105442,44.1970800052768,44.1692739022889,44.1403293350266,44.1140657032419,44.0965516793993,44.0957146867691,44.1194789493932,44.1720440928556,44.2491402928685,44.3350316581713,44.4050483651924,44.4350697964888,44.413678797864,44.3486538672957,44.2626617447495,44.1814844159587,44.1232269069882,44.0942493418739,44.0914472275238,44.1070885387302,44.1329383788869,44.1624648797462,44.1914120996044,44.2174861724156,44.2397604514693,44.2581224960569,44.2728728173032,44.2844755893861,44.2934229755229,44.3001713769438,44.30511718788,44.3085908554678,44.3108573443741,44.3121176463033,44.3125099481587,44.3121109404785,44.3109380356878,44.3089525489166,44.3060627913218,44.3021251529236,44.2969411538393,44.2902495476418,44.281715192431,44.2709208524001,44.2573746601643,44.2405548362771,44.2200238076527,44.1956529731783,44.1679982045742,44.1388358623699,44.11177879108,44.0927098841387,44.0895097006333,44.1103620096788,44.1601656163203,44.2357211637278,44.3223141061842,44.3955689535787,44.4304689741494,44.4137957108886,44.351614916496,44.2659132345694,44.1829885926395,44.1220762050814,44.0905649777016,44.0859100362303,44.1004875760313,44.1259128993209,44.1554293515122,44.1845846255719,44.2109503792203,44.2335230034932,44.2521537159106,44.2671308457096,44.2789187695666,44.2880152022672,44.2948838428901,44.2999285842231,44.3034870622597,44.3058310196306,44.3071678123336,44.3076415745959,44.3073345424595,44.3062693656538,44.304412504368,44.3016776520468,44.297927181901,44.2929694398164,44.2865507270873,44.2783433420629,44.267935346287,44.2548340839319,44.2385041425515,44.2184709770846,44.1945311924572,44.1671115762556,44.1377937905015,44.1099401197281,44.089183999841,44.083289293972,44.100660444629,44.146948248386,44.2202236361311,44.3071245417276,44.3838865023943,44.4246669405561,44.4141359067328,44.3560895792346,44.2713629473514,44.1866367477528,44.1224721241055,44.0876158980058,44.0803560715566,44.0933168834449,44.1179879651224,44.147348662976,44.1766924198201,44.203404347148,44.2263658843785,44.2453676373013,44.2606718322903,44.2727359631817,44.2820603884567,44.2891156496853,44.294314097231,44.2980022953906,44.3004608450984,44.301905528772,44.3024881611211,44.3022976871502,44.3013624608015,44.2996538826609,44.2970903417532,44.2935393598907,44.2888155570684,44.2826729774105,44.2747927323035,44.2647710655977,44.2521190942917,44.2362938822253,44.2167909154227,44.1933383045546,44.1662361883688,44.1368647345129,44.1083120891606,44.0859143668695,44.0772458770539,44.0908522402151,44.1330994684858,44.2034077441857,44.2900082817239,44.3700865780579,44.4172094941685,44.4138533409353,44.3611338088407,44.2782434152935,44.1919736849964,44.1242595585611,44.0854525823336,44.074935519571,44.0857479876484,44.1093131032047,44.1383337274376,44.1678065646827,44.1948848608605,44.2182988456632,44.2377536589529,44.2534701519072,44.2658904465852,44.2755134279587,44.2828150444078,44.2882162784267,44.2920737370054,44.2946784719505,44.2962563901182,44.2969684607563,44.2969113123273,44.2961192966,44.294568323946,44.2921804445265,44.2888269714941,44.2843275298207,44.2784432200419,44.270864396209,44.2611975722118,44.2489619179031,44.2336139392203,44.2146291352795,44.1916799466742,44.164954116499,44.1356420963684,44.1065592640587,44.0827227998898,44.0714589192407,44.0813549973747,44.1193781110548,44.1862405024743,44.2718613176168,44.3546566289502,44.4079494673504,44.4121930824909,44.365656373187,44.28548456548,44.1982140104451,44.1270280460496,44.0839894416797,44.0697761681359,44.0780127750137,44.1001460210403,44.1286234829723,44.1581277164271,44.185549799094,44.2094399329166,44.2293957809749,44.2455820115208,44.2584162949048,44.2683909502588,44.2759848327932,44.2816266961062,44.2856833527436,44.2884570730775,44.2901849270553,44.2910380425097,44.2911214183674,44.2904755460615,44.2890803147452,44.2868602446698,44.2836887615169,44.2793886542217,44.2737265319387,44.2664012991559,44.2570305705931,44.2451447270411,44.2302061949968,44.2116814748176,44.1892040299134,44.1628721402578,44.133714066965,44.1042980844751,44.0793318560488,44.0658635265728,44.0724285038465,44.1064344265768,44.169709508088,44.2537856279038,44.3384558888635,44.397162909468,44.4087156865062,44.3686633436488,44.2918947192125,44.2043227887966,44.1301043393418,44.082945769592,44.0649081883297,44.0703347459891,44.090799989439,44.1185496431605,44.147965583389,44.1756686974576,44.2000138385351,44.2204762235376,44.2371525750427,44.2504278694501,44.2607824789317,44.2686948296415,44.2745994989355,44.2788725003142,44.2818269676312,44.2837112051824,44.2847067806829,44.2849273196496,44.2844194428581,44.2831665350567,44.281094510777,44.2780772517284,44.2739386440888,44.268448666314,44.2613130696696,44.2521600022272,44.2405325810689,44.2259040970698,44.2077422278089,44.1856591495892,44.159691155413,44.1307423612741,44.1011787318033,44.0754367010053,44.0602909831863,44.0641573590807,44.0947136229253,44.154650188084,44.23688360944,44.3225567806192,44.3855161086769,44.403416130427,44.3694820029086,44.2964006200544,44.2091956718079,44.1326420937727,44.0818559507783,44.0602247347697,44.062869128982,44.0815831526746,44.1084851155198,44.1376996065344,44.1655952285495,44.1903342552303,44.2112654311037,44.2284116148331,44.2421195031376,44.252852946606,44.2610863698579,44.2672574026481,44.271749116764,44.2748839039616,44.2769201905474,44.2780493088014,44.2783931552943,44.2780042505781,44.2768691244409,44.2749143685367,44.2720130614171,44.2679883451988,44.2626112900242,44.2555921507094,44.2465678417734,44.2350940225182,44.2206577222741,44.2027359217771,44.1809358792291,44.1552600499235,44.126531170078,44.0969693028669,44.0707993190765,44.0545587050982,44.0565108387056,44.0844516739142,44.1416497189925,44.2220724070809,44.308020721338,44.3738918979745,44.3966806348951,44.3678678945457,44.2982538658152,44.2118814459945,44.133793959054,44.0801645800166,44.0555073158957,44.0556811274249,44.0727528004649,44.0987911939941,44.1277288821172,44.1557242904733,44.180769267919,44.2020951937991,44.2196530665881,44.2337500168812,44.244830804887,44.253362885843,44.2597839123342,44.2644810788586,44.2677833382839,44.2699569486912,44.2712012710134,44.2716453521527,44.2713470311881,44.2702957215439,44.2684184286278,44.2655868190779,44.2616220705384,44.2562944197671,44.249316158857,44.2403304596408,44.2289039051027,44.2145380587191,44.1967247457438,44.175079933177,44.1495982128786,44.1210634818197,44.0916103762161,44.0653234927085,44.0485615060479,44.0494348100862,44.0757375433235,44.1310396487368,44.2099765049483,44.295697863507,44.3631567952902,44.3891131554267,44.3639615064454,44.2971249114399,44.2117602516565,44.1329009312645,44.0773730388842,44.0505089820061,44.0487709624242,44.0644991624072,44.0897778660727,44.118422616551,44.1464412314158,44.1716939074955,44.1933163642723,44.2111981298369,44.225610574709,44.2369796376005,44.2457642148174,44.2523993829863,44.257273317885,44.2607182049329,44.2630049703506,44.2643383436502,44.2648526193497,44.2646098994593,44.2636021533961,44.26175688529,44.2589444080121,44.2549835172647,44.2496423968695,44.2426332774218,44.2336028988597,44.2221262654578,44.207718585174,44.1898895440264,44.1682741290375,44.1428811785508,44.1144945536869,44.0852218379014,44.0590809431016,44.0423207836216,44.0429205700662,44.0685851514703,44.1229387164898,44.2009015024972,44.2861069086065,44.3539633666505,44.381323741885,44.3581422944624,44.2930710973041,44.2086179128929,44.1296241648772,44.0731733151787,44.045053327541,44.042125534759,44.0569543019119,44.0816817996919,44.1100795098006,44.1380722876879,44.1634380664941,44.1852479640352,44.2033473534379,44.2179802941411,44.2295570962404,44.2385282589742,44.2453246492855,44.2503326925269,44.2538844680629,44.2562520810845,44.2576424455774,44.2581926229285,44.2579674495559,44.2569608975174,44.2551011644049,44.2522577188152,44.2482472640974,44.2428355083256,44.2357331903675,44.2265882334527,44.214981272835,44.200439179238,44.1824904163905,44.1607959973237,44.1353964568417,44.1071084830705,44.0780644498217,44.0522839977959,44.0359753493358,44.0370190468349,44.0629691088237,44.1172953172672,44.1948541815551,44.2793993054119,44.3466422458319,44.3737680899055,44.3508674487665,44.2864286874079,44.2026161164735,44.1239807636596,44.0675154869608,44.0391002493859,44.0357620776565,44.0502073838105,44.0746561632797,44.1028988692353,44.1308439816617,44.1562398328407,44.1781284264643,44.1963322983493,44.2110797310288,44.2227708189764,44.2318494036898,44.2387416470689,44.2438303124016,44.2474445810319,44.2498545283868,44.2512660959014,44.2518164544463,44.2515713620243,44.2505259770395,44.2486092746862,44.245690525731,44.2415850424895,44.2360562630773,44.2288127080559,44.2195016672535,44.2077067883235,44.1929640964699,44.1748201750246,44.1529660317534,44.1274863855764,44.0992563416123,44.0704753851006,44.0452227805928,44.0297271275372,44.0318038942342,44.0588133637625,44.1139036202003,44.1915754553008,44.2753843621364,44.34119010869,44.3666827008363,44.3425655179206,44.277697820863,44.1942022746694,44.1162945068383,44.0605946330757,44.0327530534471,44.0297391745271,44.0443089929357,44.0687639814846,44.0969631291747,44.1248570536154,44.1502136299826,44.1720804941526,44.1902792202729,44.2050348325845,44.2167436549738,44.225845593848,44.2327625558935,44.2378726492622,44.2415002272711,44.2439108640577,44.245306906991,44.2458232636263,44.2455248407443,44.2444070326406,44.2423994880058,44.2393718206085,44.2351387415236,44.2294619545361,44.2220475629429,44.2125409859094,44.2005266467249,44.1855470473172,44.1671650440501,44.1451028032052,44.1194965779578,44.0912972986136,44.0628023366498,44.0381944744051,44.0237707813155,44.0273106784217,44.0559526065904,44.112399577379,44.1905755729165,44.2735922922705,44.3373319873317,44.3601122206508,44.3336083671765,44.2674647731049,44.1840083013729,44.1071004696724,44.0527793326249,44.0262142799788,44.0241338056137,44.0392604335361,44.0639721388823,44.0922318339498,44.1200782149667,44.145339197423,44.1670977847124,44.1851939753033,44.1998610526145,44.2114978237945,44.2205432454721,44.2274159764565,44.2324892487475,44.2360815664996,44.2384524719415,44.239798945621,44.2402519016479,44.2398739902334,44.2386599834261,44.2365399896957,44.2333843222702,44.2290077649279,44.2231708880971,44.2155774624938,44.2058702270507,44.1936325045138,44.1784105208946,44.1597805022673,44.137494158164,44.1117412155349,44.0835568777809,44.0553542039846,44.0314473653555,44.0182348438462,44.0234831575685,44.0540967185744,44.1122592626702,44.1911778790581,44.2733606137808,44.3346266825259,44.3539952037821,44.3243424763904,44.2563671850375,44.1727658408116,44.0970413920111,44.0445177713293,44.0197173112439,44.0190011344229,44.0349964671826,44.0601493654846,44.0885479890801,44.1163499860816,44.1414719870842,44.1630542734304,44.1809700626929,44.1954699936436,44.206960509204,44.215882287246,44.2226519327041,44.2276381185224,44.2311532644289,44.2334502740436,44.2347199213588,44.2350882065035,44.2346146980141,44.2332929885953,44.2310534769341,44.2277674091951,44.2232501566618,44.2172616918077,44.2095036436563,44.1996155157383,44.1871778851662,44.1717377956036,44.1528808114902,44.1303836307778,44.1044856025771,44.0763049867642,44.048374372552,44.0251502637991,44.0131503540174,44.0201476468495,44.0528214530935,44.1128188972124,44.1925781597203,44.2739311624107,44.3325818540426,44.3482633475406,44.3151393886828,44.2450814802851,44.1612415558957,44.0867781113991,44.0362515698039,44.0134619073588,44.0143378102053,44.0313736996252,44.0570731466149,44.0856565978008,44.1134153215479,44.1383700762542,44.1597311803118,44.1774142462101,44.1916932318815,44.2029858042905,44.2117364130785,44.2183607641105,44.2232236360016,44.226631746851,44.2288315443289,44.2300076080001,44.2302809010823,44.229707723906,44.228280345223,44.2259294610337,44.2225274769428,44.2178907757015,44.211779207408,44.2038925054897,44.1938665522644,44.1812776739079,44.1656705895982,44.1466349565258,44.123964824994,44.0979392535839,44.0697482444911,44.0420333306604,44.0193873170542,44.0084510409509,44.017023340539,44.0515950167972,44.1133235983541,44.1939177675327,44.2745415647809,44.3307472605946,44.3429132618128,44.3064263507219,44.2343066693754,44.1501850594618,44.0769226220782,44.0283546788211,44.0075721734095,44.0100632719599,44.0281729618694,44.0544478724426,44.0832328753819,44.1109511555059,44.1357296589182,44.1568522327501,44.1742803177076,44.1883139236675,44.1993838988963,44.2079398421486,44.214397610165,44.2191190005005,44.222405893796,44.2244990934248,44.2255776913763,44.2257581651453,44.2250939326562,44.2235762065757,44.2211362219322,44.2176478570602,44.2129289409441,44.2067397032143,44.1987783436455,44.1886769494517,44.176006277101,44.1603054221166,44.1411618048257,44.1183762919336,44.0922518892055,44.0640291568206,44.0364338625522,44.0141727398601,44.0040012963479,44.0137663583424,44.0498385808063,44.1130006690403,44.1943611166131,44.2744945326632,44.3287629538613,44.3380248380019,44.2986740158115,44.2247289470948,44.1402832877727,44.0679955651869,44.0211037243032,44.0020842016197,44.0060244294164,44.0251178595794,44.0519330210261,44.0809160480515,44.1086046277417,44.1332214598938,44.1541188412221,44.1713022032584,44.1850974061908,44.1959489876628,44.2043125030911,44.210604942447,44.2151862561133,44.2183547422116,44.2203468592016,44.2213374441249,44.2214395472237,44.2207045267042,44.2191231366066,44.2166276050358,44.2130937158477,44.208341262736,44.2021314804834,44.1941616281961,44.1840601802707,44.1713913989147,44.1556856277744,44.1365211562247,44.1136930110245,44.0875076103656,44.059226361321,44.0316219016138,44.0094774823306,43.999643110924,44.0100381346528,44.0470110209862,44.1111475774644,44.1931678265821,44.2731960070436,44.3263550683432,44.3337210298643,44.2923379677865,44.2169649779482,44.132119609653,44.0604065312869,44.0146782140486,43.9969617225354,44.002021733234,44.0219069198493,44.0491780716065,44.0783447046342,44.106027349892,44.1305229982767,44.15123986723,44.1682210164524,44.1818154771972,44.1924808021235,44.2006788875352,44.2068288348347,44.2112900977213,44.2143589731969,44.2162692460797,44.2171931046796,44.2172415706472,44.2164650439063,44.2148546186639,44.2123440975624,44.2088116849058,44.2040797487314,44.1979113273949,44.1900036605199,44.179982321453,44.1674048588559,44.1517904596858,44.1327017627777,44.1099146694394,44.0837158730724,44.0553522013536,44.027596188081,44.0052574125383,43.9952482257796,44.0055824229147,44.0427028245615,44.1072237897994,44.1897562285418,44.2701678540182,44.3232922021892,44.3300847274518,44.2877669086671,44.2114900745636,44.1261366392391,44.054450972637,44.0091822224745,43.9921315874205,43.9978498711354,44.0182542155194,44.0458603866236,44.0751908785117,44.102905471397,44.1273448025012,44.1479542947038,44.1648045210578,44.1782629594552,44.1887985426725,44.196879568169,44.202928248835,44.2073050841351,44.2103062116445,44.2121646833591,44.2130518874287,44.2130784066319,44.2122949092657,44.2106936850724,44.2082106940833,44.2047270563088,44.2000683399916,44.1940003156222,44.1862214604741,44.1763557915002,44.1639549191595,44.1485258213146,44.129610537486,44.106953977936,44.0808005365643,44.052345641247,44.0243100591322,44.0014705811719,43.9907574061045,44.0002894547275,44.036719409691,44.1009354634395,44.18376223179,44.2650556418911,44.3193340778929,44.327065176855,44.2851005990321,44.2085600070338,44.1225984338005,44.0503114880056,44.0046729776503,43.9875260408942,43.9933433124076,44.0139321162284,44.041722528657,44.0711913411273,44.0989853412559,44.1234511792893,44.1440478840806,44.1608603645178,44.1742680900811,44.1847488845294,44.1927771827951,44.1987792798708,44.2031183783494,44.2060924652489,44.2079359637923,44.2088214346294,44.2088606740934,44.2081058349221,44.2065511735071,44.2041352467854,44.2007424170532,44.1962019414506,44.1902832287176,44.1826874550947,44.173038998008,44.1608854127883,44.145722237944,44.1270686508329,44.1046302820127,44.0785908470359,44.0500615162785,44.0216615976078,43.9980731657352,43.9861890129873,43.994223800762,44.0291304311006,44.0922986744062,44.1750973562034,44.2576567800115,44.3142130198908,44.3244160343984,44.2841874743827,44.2081375433339,44.1215462993569,44.0480477815767,44.0011780057912,43.9831156639955,43.9884148883645,44.0088087995634,44.0366053016169,44.0661750399824,44.0940954545786,44.1186773244027,44.1393662562112,44.1562459141347,44.1696997886121,44.180211241786,44.1882601496648,44.1942776867232,44.198631382394,44.201623108221,44.2034907961818,44.2044101568907,44.2044958031324,44.2038024667053,44.2023269401281,44.2000105396327,44.1967408665327,44.1923510199356,44.1866146902383,44.1792371449635,44.1698453412802,44.1579855901843,44.143144662185,44.1248199278607,44.1026746596599,44.076820925964,44.0482620817903,44.0194757621703,43.9949929660996,43.9816085674932,43.9875994860453,44.0202630035548,44.0816607246515,44.1639973860351,44.2479803804666,44.3076790389886,44.3217049055075,44.2845563399824,44.2098424643779,44.1227496437985,44.0475644578475,43.9986847572697,43.9789172181269,43.9830748814099,44.0028720462228,44.0304717097695,44.0600847262602,44.0881647500777,44.11294418893,44.1338266800896,44.1508774998915,44.1644749217481,44.1751035816719,44.183247488334,44.1893430961784,44.1937636268488,44.1968166936483,44.1987457355911,44.1997314579391,44.1998927384997,44.199287780509,44.1979162085558,44.1957219000475,44.1925952436639,44.1883728200561,44.1828327237354,44.1756852859151,44.1665621278468,44.1550115735483,44.1405157831313,44.1225545678806,44.1007515327943,44.0751453955454,44.0466213730562,44.0174913876418,43.9920938858269,43.9770697677277,43.9807050855116,44.0106297585491,44.0696585453814,44.1510353802648,44.2363193932669,44.299606915155,44.3184128395334,44.2854723300731,44.2129540265656,44.125670253479,44.0485621881029,43.997098551408,43.9749673878858,43.9774207697928,43.9962309085056,44.0234157273562,44.0529889718573,44.0812353904118,44.1062706986895,44.127429202471,44.1447404010476,44.1585673434547,44.1693908209587,44.1776968950016,44.1839270498206,44.1884610257066,44.1916135895682,44.1936353181006,44.1947134506778,44.1949723149741,44.1944742250755,44.1932216514112,44.1911604797795,44.1881829709542,44.1841282373363,44.1787782028869,44.1718485022056,44.162976891768,44.1517167559414,44.1375504755449,44.1199468691356,44.0984976375704,44.0731756643477,44.0447523555837,44.0153700676179,43.9891558419939,43.9725565842226,43.97380732865,44.0008090001162,44.05710961485,44.1370684720446,44.2232869300556,44.2901193899727,44.3141000517949,44.2860831729657,44.2164938373349,44.1294744873485,44.0505005562766,43.9961856431224,43.9712685539684,43.9715966363133,43.9890907518496,44.0156504237165,44.0450795696795,44.0734660378732,44.0987804432898,44.1202651947203,44.1378983845272,44.1520180206763,44.1630954161488,44.1716158262208,44.17802467309,44.182708226044,44.1859890722843,44.1881259140985,44.1893135455311,44.1896825377824,44.1892996699994,44.1881700433947,44.1862407555826,44.183404686093,44.179502028148,44.1743172586174,44.1675706685952,44.1589066481263,44.1478858552142,44.1339954490239,44.1167008297927,44.095572980808,44.0705339018003,44.0422588038282,44.0127370321188,43.9858916838657,43.967961047126,43.9670779089645,43.9913216187037,44.0448630768889,44.123111904801,44.209770110349,44.2796538642414,44.3085688214747,44.2856174627051,44.219390556154,44.1331240718396,44.0526139339357,43.9955383281401,43.9677321067986,43.9657360106625,43.9817065574663,44.0074748528053,44.0366509480576,44.0651212126102,44.090698314803,44.1125190937914,44.1304989649125,44.1449427482401,44.1563068649924,44.1650723972631,44.171686761891,44.1765417777511,44.1799675175327,44.1822308802411,44.1835344806397,44.1840153846046,44.183744867802,44.1827303017708,44.1809191424304,44.1782035469407,44.1744230948752,44.1693630379439,44.1627468656087,44.1542250060764,44.1433663705166,44.1296663961498,44.1125943398518,44.0917130917191,44.0669133897881,44.0388017601803,44.0092482121386,43.9820042996968,43.9631141867918,43.96057874534,43.9825553495475,44.033664566012,44.1101749074145,44.1967952957661,44.2689193454467,44.3019412930725,44.2835575092579,44.2206822495848,44.1355423806685,44.0540071683638,43.9946007772102,43.9641555997631,43.9599150684444,43.9743309168574,43.9992275170075,44.0280634372798,44.0565449148682,44.082333270463,44.1044585317748,44.122769165657,44.1375320805741,44.1491846791371,44.1582005800878,44.1650266586699,44.1700583530472,44.1736317811367,44.1760210108941,44.177435790817,44.1780192339451,44.1778467567292,44.176927553517,44.1752087150813,44.1725805416737,44.1688804182152,44.1638924506554,44.1573413495268,44.1488820425966,44.1380913620445,44.1244750408283,44.1075122228867,44.0867700484958,44.0621294823891,44.0341616250325,44.0046625817812,43.9772642130411,43.9578573752768,43.9543077335996,43.9747603683728,44.0240815194679,44.0991163794899,44.1853495966349,44.2587496050696,44.2946097898174,44.2797122441303,44.2196814425454,44.1358072286236,44.0538163583447,43.9927674344671,43.9602584943629,43.9541423998069,43.9671780221218,43.9912407766069,44.0196982964524,44.0481213838476,44.074046570438,44.0964099260426,44.1149974685717,44.1300383672708,44.1419492618239,44.1511938603192,44.1582158733592,44.1634117802156,44.1671213397501,44.1696236783275,44.1711339698858,44.1718001253518,44.1717008759817,44.1708466926497,44.1691838041428,44.1665999444667,44.1629291641518,44.1579527599798,44.151394583217,44.1429119435746,44.1320881800311,44.1184398410578,44.1014603130649,44.080731935756,44.0561470618868,44.0282766054424,43.9988942125324,43.9715758262389,43.9521185342452,43.9482724504539,43.9680977834622,44.0164970452137,44.0905609885644,44.176222396897,44.249913082855,44.2870863516943,44.2741683965909,44.2160436635795,44.1333006806476,44.0513794475578,43.9895235991751,43.9557687043559,43.9483918095551,43.9604160342683,43.9838088490905,44.0119145778285,44.0402296471723,44.0662089282269,44.0887203893386,44.1075009527076,44.1227476748127,44.1348577520561,44.1442840377085,44.151464957357,44.1567953046977,44.1606155049579,44.1632068230293,44.164787276039,44.1655075551868,44.1654483639391,44.1646207309174,44.1629697117662,44.160380235771,44.1566824871395,44.1516538412491,44.1450155052049,44.1364249275807,44.1254698931651,44.1116771023719,44.0945569058995,44.073715923439,44.0490773531644,44.0212462998527,43.9920264302134,43.9650059036962,43.9459566713957,43.94254701911,43.9626956058169,44.0111406102912,44.0848747449144,44.1699065442218,44.2429508667892,44.279825680675,44.2671632945614,44.209734665093,44.1277706336668,44.0463542487694,43.9845711680239,43.9505203361425,43.9426574551264,43.9541816350337,43.9771718951447,44.0050142476761,44.0331991360849,44.0591531123306,44.0817111691158,44.1005814882907,44.1159393868968,44.1281669251672,44.1377069168851,44.1449913159639,44.1504108704063,44.154303657491,44.1569498330675,44.1585671755705,44.1593065968887,44.159248981532,44.1584049602597,44.1567181516939,44.1540707774984,44.150289176209,44.1451463232143,44.1383595366857,44.1295844276382,44.1184110044774,44.1043747584799,44.0870044377064,44.065938141165,44.0411469560183,44.0133017674587,43.9842859329629,43.9577658377862,43.9395567354072,43.9372823278149,43.9586719672781,44.0081129825058,44.0821708140344,44.166561478603,44.2380857052119,44.2730945669836,44.2589538357973,44.2009420572191,44.1193073124186,44.0387518220463,43.9778912690052,43.9445161625084,43.9369968713742,43.948596745562,43.9715083982258,43.9992162312597,44.0272719920194,44.0531300104799,44.0756314016888,44.0944796883822,44.1098417632438,44.1220909891245,44.1316624453436,44.1389814588361,44.1444330732097,44.14835044222,44.1510095722594,44.1526249241203,44.1533449180302,44.1532485987365,44.1523450376906,44.1505760709285,44.1478214241767,44.1439039416076,44.1385922218689,44.1315990156798,44.1225765980729,44.1111151917605,44.0967574820975,44.0790511775112,44.0576713507095,44.032651245108,44.0047549940139,43.9759896154031,43.9501585250958,43.9331809688018,43.932667752239,43.9561130160299,44.007382713509,44.082319460766,44.1660221129682,44.235210409859,44.2669266553724,44.2497411859156,44.189990007316,44.1082722304778,44.0288940064839,43.9697295947691,43.9379297973752,43.9315370740855,43.9437692665173,43.9669263125378,43.9946376640259,44.0225762282773,44.0482761906075,44.0706224381492,44.0893379190709,44.1045950477759,44.1167657437468,44.1262804834332,44.1335586104703,44.1389785725834,44.1428667402621,44.1454925495579,44.1470645333134,44.1477261869783,44.1475527844021,44.1465506238191,44.1446593055635,44.1417562119629,44.137661121979,44.1321385390472,44.1248963840581,44.1155825752914,44.1037859125814,44.0890547133987,44.0709556086646,44.049204520172,44.0239079833569,43.9959455923729,43.9674839957302,43.9425114530261,43.9270989244482,43.9288648228516,43.9550207292488,44.0087604211854,44.084957540554,44.1678409901471,44.2339441506739,44.2611633705124,44.2396709439004,44.1772922869908,44.0952190835555,44.0173269848983,43.9605228788903,43.9310536043984,43.9264422179884,43.9397739393346,43.9634502971812,43.9912825872819,44.0191132179045,44.0445992171902,44.0667010522556,44.0851819674054,44.100232347684,44.1122294239298,44.1216022637879,44.1287652714196,44.1340900310291,44.1378950355083,44.1404415464964,44.1419303235172,44.1424981187794,44.1422149015714,44.1410831496001,44.1390397565083,44.1359598060472,44.1316603582404,44.1259021424147,44.1183881930177,44.1087613833417,44.0966077705156,44.0814797865643,44.0629623301608,44.0408142296145,44.0152227213097,43.9871985968867,43.959094107852,43.9351165137179,43.9215205575412,43.9259403377026,43.9552585558954,44.0118741512475,44.0895096031023,44.1713594943339,44.2337370003418,44.2555550730362,44.228890503173,44.1633436778741,44.0808259228561,44.0047218556793,43.9507987511751,43.9242184861538,43.9218603755159,43.936623413053,43.9610101912125,43.9890407861638,44.016761500016,44.0419829880179,44.0637644587944,44.0819249747472,44.0966823761497,44.1084245135191,44.1175817100896,44.1245645108609,44.129737781322,44.133411712177,44.1358386082405,44.1372104690044,44.1376562620318,44.1372397139704,44.1359587928752,44.1337473396325,44.1304781393992,44.1259657684158,44.1199674347279,44.1121812767961,44.102244590259,44.0897395088472,44.0742209069314,44.0552903865108,44.032749405832,44.0068686849059,43.9787980792699,43.9510896282764,43.9281884621148,43.9165493175003,43.9238207766472,43.9565196174332,44.0161684059307,44.0952332952865,44.1758030667244,44.2339970723698,44.2498825710297,44.2176240550862,44.148725720377,44.065837534396,43.9917809172601,43.9410777751127,43.9177145297919,43.917872351359,43.9342443585648,43.9594382984827,43.9876990157815,44.0152958230766,44.0402102427106,44.061613564696,44.0793899267253,44.0937904945052,44.10521716631,44.1141033682072,44.1208566993171,44.1258357035988,44.1293423823692,44.1316200218403,44.1328516766859,44.1331582644252,44.1325969824038,44.1311610580098,44.1287811772162,44.1253278889749,44.1206134773427,44.1143918235824,44.1063561544244,44.0961376960454,44.0833134377591,44.06743859943,44.0481285878716,44.0252241991369,43.9990767495848,43.9709737481024,43.9436679585402,43.9218453548136,43.912162933814,43.9222798075871,43.9583311873369,44.0209377843429,44.1012905498811,44.1803863828547,44.2342092690753,44.2440571293442,44.2062245231948,44.1340993257989,44.0510097866026,43.9791586453731,43.9317965871793,43.9117333350329,43.9144595984661,43.93246943355,43.9584799380151,43.9869638916096,44.0144170328186,44.0389955457615,44.0599864950215,44.0773422045526,44.0913494821304,44.1024258477488,44.1110088616467,44.117503895211,44.1222637554037,44.1255828021845,44.1276958346986,44.1287774499741,44.1289409201513,44.1282372186244,44.1266550575413,44.1241221621613,44.1205070594055,44.1156199900215,44.1092117302679,44.1009706212954,44.0905213624631,44.0774344591565,44.0612627764699,44.0416309622531,44.018412285897,43.9920292645089,43.9638953236492,43.9369507837691,43.9161098712359,43.9082233676799,43.9209620521368,43.9600978394686,44.0253928699069,44.1068332789416,44.1844063862463,44.2340151812877,44.2381668075673,44.1951763334372,44.1201693778871,44.0370529416161,43.9674031708491,43.9232621594466,43.9063420828486,43.91149859534,43.9310485848315,43.9578168644026,43.9864927968925,44.0137867509388,44.0380210906165,44.0585938039636,44.0755231747292,44.0891309431729,44.0998502942497,44.1081233242583,44.1143537882785,44.1188895367758,44.1220182114954,44.1239671348803,44.1249034587184,44.1249337339249,44.1241034820145,44.1223975047761,44.1197410401497,44.1160009996598,44.1109859720007,44.104443987409,44.0960586845847,44.0854479179731,44.0721743342411,44.0557851893585,44.0359081379969,44.0124383970931,43.9858535940769,43.957670801359,43.9309907072979,43.9109287251661,43.9045134183814,43.919439730432,43.9611769614774,44.0287468759433,44.1110860417084,44.1873017806558,44.2332339513742,44.2324554662733,44.1850441289214,44.1076233917514,44.024579074551,43.956923154402,43.9156402124772,43.9014902154246,43.9087806675937,43.9296771322876,43.9570997626243,43.9859280350682,44.013061345871,44.0369693351077,44.0571491027062,44.0736784547504,44.0869110511451,44.0972946900273,44.1052760245283,44.1112578227491,44.1155839897548,44.1185367095333,44.1203372205173,44.1211466289312,44.121066051351,44.1201366462924,44.1183401703259,44.1156000555084,44.1117821820057,44.1066940604376,44.1000815614119,44.0916240972594,44.0809326844915,44.0675609537723,44.0510470943089,44.0310143524241,44.0073663749401,43.9806139959612,43.9523462453059,43.925784332254,43.9062049521383,43.9007927937461,43.9172925595303,43.9609743118209,44.0303086564866,44.1134115649795,44.1886691756382,44.2318225297641,44.2272419774265,44.176380535951,44.0970569449869,44.0140612126552,43.9479812608279,43.9089741101452,43.8970426866834,43.9060508322534,43.9280348572986,43.9559849504867,43.9849301526929,44.0119216903132,44.0355493388468,44.0553922252807,44.0715781640846,44.0844881137718,44.0945827354598,44.1023130886529,44.1080816959943,44.1122297760333,44.1150356118398,44.1167160448671,44.1174277985489,44.117268058468,44.1162748746187,44.1144279453939,44.1116496764031,44.1078056074114,44.1027029043772,44.0960861238626,44.0876313230157,44.076943217403,44.0635658495862,44.047025306965,44.0269328457675,44.0031855812659,43.9763020227939,43.9479048190966,43.9212861596269,43.9018334875147,43.8968601369381,43.9141946581555,43.9590433694492,44.0295700390004,44.1133559485555,44.1882446242346,44.2297950328061,44.2228047063872,44.169615381468,44.0888992365529,44.0058066196727,43.9407080998797,43.9032238062157,43.8928288560188,43.9030564896431,43.9258294362539,43.954170986479,43.9832079566321,44.010097491918,44.0335164015224,44.053105034636,44.0690295753047,44.0816925809354,44.0915653914394,44.0991032610975,44.1047093438613,44.1087236501096,44.1114223519647,44.1130197842691,44.1136700992957,44.1134681393188,44.1124501230896,44.1105946547741,44.1078238523821,44.1040035892706,44.0989414798631,44.0923818111478,44.0839985601125,44.073391343198,44.0600949901192,44.0436216259138,44.0235641407697,43.9997989809389,43.9728265582967,43.944262607128,43.9174158658997,43.8977266346039,43.8926020394269,43.9099867258637,43.955169691911,44.0262791701103,44.1106818972735,44.1858762912404,44.2271376504419,44.2192668201797,44.1649504332766,44.0833467944429,43.9999383585761,43.9351227771729,43.8983089776207,43.8886931348219,43.8995957548819,43.9228378057038,43.951431900993,43.9805442168449,44.0073867029294,44.0306864571668,44.050121894896,44.0658845279776,44.0783920595107,44.0881239925407,44.0955394912966,44.1010432872059,44.1049757913927,44.1076129893407,44.1091686981979,44.1097963484656,44.1095899919597,44.1085851870801,44.1067602437844,44.1040375372354,44.1002837656954,44.0953076713204,44.0888543468243,44.0805972372857,44.0701326994999,44.0569878715461,44.0406608598615,44.0207223888666,43.9970174338481,43.9700063372142,43.9412608598795,43.914053524383,43.8938173440241,43.8880101924518,43.9047106954921,43.9494201575152,44.0204916081011,44.1054010798335,44.1815191392456,44.2237608637572,44.2165208240319,44.1622830400096,44.0803100927532,43.9963753313556,43.9311430337551,43.8941385802134,43.8845326856201,43.8955551108349,43.9189393097212,43.9476442169002,43.9768165912215,44.0036711230332,44.0269473368026,44.0463375309999,44.0620446883319,44.0744946290013,44.0841721427905,44.0915398238846,44.0970048427629,44.1009095946179,44.1035317918697,44.1050866915861,44.1057287735908,44.1055527095805,44.1045943542797,44.1028322407908,44.100189210715,44.0965329210212,44.091673591751,44.0853579737567,44.0772605292958,44.0669765944748,44.0540281891628,44.0379014013309,44.0181444929223,43.994565574703,43.9675705164446,43.9386593638657,43.9110248879288,43.8900376995679,43.8831576220487,43.8985915362157,43.9421391686997,44.0125859710145,44.0978054156324,44.1752684749678,44.2195188206044,44.214224501219,44.161182142378,44.0793823751191,43.9948072058801,43.9285736362483,43.8906131318495,43.8803097798662,43.8909269609843,43.9141344571249,43.9428044103987,43.9720125998659,43.9989285811161,44.0222683463252,44.0417144184441,44.0574672380265,44.0699533073566,44.079659389299,44.0870506474052,44.0925372461794,44.0964649020009,44.0991147583549,44.1007052725281,44.1013935366891,44.1012760131531,44.1003895202677,44.0987129784851,44.0961694819655,44.0926272940031,44.0878979417903,44.0817301929385,44.0738007235582,44.0637060731628,44.0509663598533,44.0350594499694,44.0155145075816,43.9921038086577,43.9651744015128,43.9361408102273,43.908088798297,43.8862850627861,43.8781436391154,43.8919690260267,43.9338848674847,44.003228082984,44.0884778943503,44.1674186571508,44.2142950151287,44.2118807931577,44.1609364722455,44.0798494964764,43.9946763906737,43.9270772318172,43.8875978140961,43.8760336262501,43.8858010344668,43.9085438795146,43.9370327106526,43.9662359810616,43.9932403092193,44.0167077977699,44.0362901008199,44.0521719156497,44.0647729262963,44.0745781201155,44.0820538210158,44.0876131928319,44.0916061009742,44.0943183672345,44.0959730051361,44.0967309234913,44.0966912173773,44.0958920125239,44.0943124293342,44.0918751853721,44.0884482901129,44.08384379748,44.077812165285,44.070032804979,44.0601051981273,44.0475508093886,44.0318441792966,44.0125017577658,43.9892671451863,43.9624348435873,43.9333361828562,43.9049436474162,43.8823997946202,43.8730358207023,43.8852058480701,43.9253202320513,43.9932779628466,44.078254281935,44.1585038707555,44.2081138105473,44.2089798601955,44.1606775554322,44.0807616006333,43.995194336897,43.9261515164522,43.8848821669215,43.8717192765905,43.8803312544326,43.9023856479723,43.9305599300524,43.9597008871134,43.9867903481492,44.010415926655,44.0301824498074,44.0462478934401,44.0590182202582,44.068972671723,44.0765767298479,44.0822458275652,44.0863340456028,44.0891324094861,44.0908692060135,44.0917098351304,44.0917564515525,44.0910485106636,44.0895648705624,44.0872269483213,44.0839012527408,44.0793990462463,44.0734714370395,44.0658002413365,44.0559887638765,44.0435624853416,44.0279977315399,44.0088064815471,43.9857155955358,43.9589826470166,43.9298736182122,43.9012635374195,43.878176181602,43.8678422811857,43.8786128543618,43.9170968938199,43.9836589263442,44.0681228691651,44.149274452058,44.2012130248037,44.2051457792378,44.1595477641987,44.0810694853599,43.9954179947319,43.9251467365003,43.8821570131442,43.8673454549132,43.8746906520156,43.8959362436782,43.9236978385948,43.9527117389099,43.9798535260264,44.0036292849942,44.023588912748,44.0398566383272,44.0528193894437,44.0629469625589,44.0707015722296,44.0764994201023,44.0806979498033,44.0835929783426,44.0854179248936,44.0863426521152,44.0864722968601,44.0858473610427,44.0844458243766,44.0821867883352,44.0789338725068,44.0744959254035,44.0686231167869,44.0609985207014,44.0512291340541,44.0388461275732,44.0233321687854,44.0042036315326,43.9811855278052,43.9545210246865,43.9254412830088,43.8967593214552,43.8734106404823,43.8625314981629,43.8724237807229,43.9097747634992,43.9752300225617,44.0590830064981,44.1405938896506,44.1940269698784,44.2002198397574,44.1568545366289,44.0797948772368,43.9943866306008,43.9233450131687,43.8790381265793,43.86283879684,43.8690349142946,43.8894880192413,43.9167993862224,43.9456303254932,43.9727705273637,43.996653286071,44.0167753892528,44.0332258423269,44.0463699173309,44.0566652389274,44.0645683053672,44.0704939978974,44.0748013777738,44.0777896268151,44.0796961691804,44.0806944695585,44.0808919826853,44.0803296707188,44.0789839721464,44.0767707766761,44.0735495739101,44.0691251990009,44.0632450575166,44.0555917564567,44.0457749420701,44.0333320369695,44.0177556067893,43.9985749662708,43.9755294521214,43.948874561815,43.9198459448831,43.8912447842832,43.8679692014202,43.8570886918459,43.8668219398826,43.9037984646918,43.9686999119025,44.0520061434958,44.1332861913385,44.18707797322,44.1942435521174,44.1521535116439,44.0761797411851,43.9912835150914,43.9200897942017,43.8751431527982,43.8581001611817,43.8634917967943,43.883317550928,43.9102187120276,43.9388356724749,43.9659119432716,43.9898321034766,44.0100520920596,44.0266305793772,44.0399120571526,44.0503408972833,44.0583659302383,44.0643984153434,44.0687966405029,44.0718608459412,44.0738303907168,44.0748806314798,44.075120050375,44.0745891612259,44.0732621919073,44.0710511695666,44.0678105818814,44.0633399776294,44.0573822903668,44.049617717782,44.0396569087286,44.0270431666915,44.011281451985,43.9919217720916,43.9687340721756,43.942014858783,43.9130485014347,43.8846834539333,43.8618443633679,43.8515763419561,43.8619904978938,43.8995160677425,43.9645913440175,44.0475351539102,44.1279858892024,44.1808230368584,44.1873598097423,44.1452420425522,44.0697688473221,43.9855692500741,43.9149218924115,43.8701955538272,43.8530630539225,43.8581774434095,43.87767131166,43.9042786522492,43.932683362734,43.959636017128,43.9835085563614,44.0037372351297,44.020361179809,44.0337085636686,44.044211410239,44.0523098593706,44.0584094786088,44.062865157251,44.0659753537369,44.0679786052825,44.0690497555625,44.0692964571665,44.0687575366359,44.0674043027,44.0651445076857,44.0618271985576,44.0572458561108,44.0511376242034,44.0431784923483,44.0329782675981,44.0200852131146,44.0040183745025,43.9843553667063,43.9609125227073,43.934056354284,43.9051658528706,43.8771992242716,43.8551763725753,43.8461652690876,43.8581470414029,43.8972032858426,43.9632350276979,44.0460297391137,44.125031966898,44.1755185669738,44.1796912874064,44.13609326525,44.0604170965883,43.9770483339828,43.9076721562103,43.8641104567635,43.8477523769334,43.85322221177,43.872762570265,43.8992468121404,43.9274690062993,43.9542460272564,43.9779798248487,43.998113705319,44.0146821687063,44.0280043370835,44.0385025815411,44.0466083999727,44.0527201641044,44.0571869383036,44.0603024851352,44.0623014979629,44.0633555350212,44.0635691930705,44.0629781019922,44.0615498519563,44.0591876366544,44.0557349566097,44.0509789108002,44.0446500268478,44.0364186744211,44.0258921454291,44.012622628711,43.9961445455506,43.9760694082659,43.9522749707784,43.9252259522258,43.8964409415886,43.869048905568,43.848230881835,43.8411197426052,43.8555367084792,43.8970614341333,43.9647641534734,44.047545641884,44.1244218996349,44.1711492031346,44.1712579078864,44.1247848377901,44.0482486662662,43.9658640442859,43.898482773254,43.8570258068847,43.842310325053,43.8487824591549,43.8687666976602,43.8953163295389,43.9233982508994,43.9499534925611,43.9734571343924,43.9933876182803,44.0097912642019,44.0229867778223,44.0333906818412,44.0414267468592,44.0474853136562,44.0519076984367,44.0549804015308,44.0569314445558,44.0579263791084,44.0580644613126,44.0573765047972,44.0558254939455,44.0533097865261,44.0496673805414,44.0446789810169,44.0380680890892,44.0294984960676,44.0185736940551,44.0048489831457,43.9878754061151,43.9673042587223,43.9430888403874,43.9158185638262,43.887193452473,43.8605686379957,43.8413428258695,43.8367422872479,43.8543833545197,43.8991816516326,43.9690973059577,44.0518369134546,44.1258255326511,44.1674380321429,44.1619678657137,44.1114646585101,44.0336045346478,43.9524424884282,43.887760507552,43.8492696035793,43.8369751957334,43.8450252578923,43.865806487669,43.8925885231259,43.9205655457342,43.9468532478398,43.9700380408927,43.9896589191706,44.0057893363771,44.0187559631474,44.0289734780928,44.0368592682981,44.0427953589142,44.0471140045774,44.0500924893641,44.0519498875635,44.0528434564272,44.0528651039301,44.0520393279812,44.0503236228371,44.0476111905643,44.0437345661372,44.0384681515404,44.0315282540159,44.0225714916659,44.0111966831954,43.9969617599756,43.9794357152668,43.95831510015,43.9336415936051,43.9061529974141,43.8777673171542,43.8521120992988,43.83484601908,43.8332985238544,43.8548183634079,43.9034917954163,43.9759200198069,44.0583832897918,44.1286536204881,44.1639309797625,44.1516806932478,44.0963633690105,44.0169991353079,43.9374116008759,43.876085461174,43.8412801724468,43.832022884584,43.8420906862352,43.8639297576589,43.8910595119451,43.9189448367323,43.9449151226363,43.9676975486276,43.9869114343651,44.0026694879162,44.0153131479699,44.0252586480586,44.0329183064142,44.0386658762445,44.0428237972623,44.0456588793444,44.0473797102188,44.0481336437958,44.0480037688826,44.0470071118706,44.045094941428,44.0421549862543,44.0380142971676,44.0324410346308,44.0251442189532,44.0157729002244,44.0039206247674,43.9891476838931,43.9710422450663,43.9493507794958,43.9242140842801,43.8965377987887,43.8684868919712,43.8439954401749,43.8290072492833,43.8309450226163,43.8568134779219,43.9097127731739,43.9846863549906,44.0664512812603,44.1321717317654,44.1601302356667,44.1403121337076,44.0798327430767,43.9990841257268,43.9215117262826,43.8641028350031,43.8335083481766,43.8276949065324,43.8400482276554,43.8630891506937,43.890616060103,43.9183947640766,43.9439936053884,43.9662991722004,43.9850236650613,44.000326855482,44.0125694281132,44.022171484483,44.0295412547255,44.0350444019403,44.0389932491843,44.0416435306683,44.0431925694032,44.0437769684717,44.0434701894768,44.0422811215005,44.0401543574385,44.0369719345464,44.0325553753262,44.0266666001815,44.0190072283626,44.0092183945516,43.9968878359311,43.9815778372829,43.9628963844638,43.9406429470788,43.9150648285369,43.887248850865,43.8596260021657,43.8364566441358,43.8239771942555,43.8296777335868,43.8601395652336,43.9173469641251,43.9946569354486,44.0751905357061,44.1356403322029,44.1556391162418,44.1279367226355,44.0623753076214,43.9806051889556,43.9055054247971,43.8524199079439,43.8263285640723,43.8241370151075,43.8388646013862,43.8631341427573,43.8910445606907,43.9186779732275,43.9438524415119,43.965621463234,43.9837952314119,43.9985839047253,44.0103694322361,44.0195769072495,44.0266110322127,44.0318296168485,44.0355349310807,44.0379716031826,44.0393256028977,44.0397226545397,44.0392264468513,44.0378375991231,44.0354939416849,44.0320717955321,44.0273871719234,44.0211957419492,44.0131915798627,44.0030075152447,43.9902247993874,43.974406879728,43.9551809974562,43.9324000977596,43.9064205026587,43.878515425077,43.8513888408041,43.8296316264968,43.8197646138717,43.8293115218334,43.8643640396395,43.9257091742551,44.0049749533853,44.0837517404934,44.1384504168267,44.1502767970428,44.1148474271946,44.0446371164354,43.9623419439575,43.8900928134689,43.8415242166476,43.8199772859379,43.8213640921849,43.838393396152,43.8638199260453,43.8920529355926,43.9194906600472,43.944197837172,43.9653922048598,43.9829804190171,43.9972224085939,44.0085212807554,44.0173072465884,44.0239817155102,44.0288949575784,44.0323395816116,44.0345495689394,44.0357000291359,44.0359062897246,44.0352226970811,44.0336419582062,44.0310954257007,44.0274539278712,44.0225281279155,44.0160675159259,44.0077585067913,43.9972251855607,43.9840413783836,43.9677700947058,43.9480554768664,43.9248008461568,43.8984677388812,43.8705110415084,43.8439010492182,43.8235479629851,43.8162373086824,43.8294956886512,43.8688901465673,43.9339968969115,44.0147657977205,44.0913992393006,44.1402199267637,44.1441296112332,44.1015496720223,44.0273554269415,43.9450346354366,43.8758423720546,43.831733882774,43.8145275608779,43.8192566084306,43.8383882150671,43.8648317252665,43.8933015033472,43.9204965620533,43.9447132327381,43.9653224749739,43.9823206427296,43.9960138223071,44.0068246342357,44.0151878806355,44.021501774766,44.0261095173889,44.0292947742966,44.0312817613247,44.0322356905011,44.0322624509156,44.0314079253361,44.0296576591913,44.0269371364724,44.0231121739057,44.0179884560729,44.011309532268,44.0027541759418,43.9919373161782,43.9784241620714,43.9617747991376,43.9416458099814,43.9179836217712,43.8913439684467,43.8633477446819,43.8372107313582,43.818137146067,43.8131511225043,43.8297650914969,43.8730326882287,43.9413858908146,44.0232366402861,44.0975889894262,44.1408247117894,44.1375248786688,44.0886911559447,44.0112736558823,43.9293127120053,43.8631485456773,43.8231853321278,43.8098997303132,43.8175854896932,43.8385346184816,43.8658192480108,43.8944373499341,43.9213599040675,43.9450901680552,43.9651351395858,43.9815704646398,43.9947428175238,44.0050917796962,44.0130559273045,44.0190304298592,44.023352128118,44.0262967909012,44.0280801119214,44.0288587305076,44.028730396829,44.0277337164821,44.0258480947747,44.0229939963447,44.0190329325546,44.0137662091479,44.0069319240894,43.9982014814841,43.9871804255101,43.9734240769745,43.9564864017484,43.9360300126063,43.9120331256919,43.8851275583083,43.857073852406,43.8312990727717,43.8132641509964,43.8102038033367,43.8296199373777,43.8761175718121,43.9471321726483,44.0297536780798,44.1019932150911,44.1403573653441,44.1309364661405,44.0769484503899,43.9970467839988,43.9156418333268,43.8522225028893,43.8158561361037,43.8059012138084,43.816056936786,43.8384931117751,43.8664349779513,43.895127365699,43.9217736059604,43.945052348225,43.9645854160702,43.9805151597571,43.9932222231008,44.0031602130819,44.01077065605,44.0164460227809,44.0205177877713,44.0232551791535,44.024866907496,44.0255026223101,44.0252534455194,44.0241520589978,44.0221728859725,44.0192323504692,44.0151885172654,44.0098391205087,44.0029175824237,43.994088572924,43.9829484057869,43.9690414893293,43.951912266664,43.9312217678251,43.9069657039584,43.8798282323704,43.8516743987498,43.8260973053792,43.8087678174639,43.8071033567713,43.8286198916064,43.8775879729274,43.9506636861624,44.0338864438312,44.1044735042279,44.1390307303934,44.1248498901889,44.0668995639903,43.9851580435696,43.904297202746,43.8431124947195,43.8096127787977,43.8022833747264,43.8143665665757,43.8379452046692,43.8663710601909,43.8950869164378,43.9214813126374,43.9443725241141,43.9634737847813,43.9789805187521,43.9913003224889,44.0008978494292,44.0082169004735,44.0136478354984,44.0175180303281,44.0200917888629,44.0215725930555,44.0221048384795,44.0217746156765,44.02061006533,44.018581781455,44.0156031207076,44.0115295961461,44.0061563008796,43.9992130104745,43.9903587086869,43.9791812013632,43.965213611945,43.9479880053632,43.9271562956664,43.9027164300688,43.8753784284693,43.8470716326926,43.8215028800836,43.8044995621898,43.8036332973906,43.826472017079,43.8770985534387,43.9516518987583,44.0354247716083,44.1050254768376,44.1370616424929,44.1196237618291,44.0589089125521,43.9758570361456,43.8953585426204,43.8357402763461,43.8042673269456,43.7988012656031,43.8122523610438,43.8366358819815,43.8653913160149,43.8941030184683,43.9202936789334,43.9428836061628,43.9616532642319,43.9768372563853,43.9888630876223,43.9982035744828,44.0053042817737,44.0105542453776,44.0142782111897,44.016737347684,44.0181317796548,44.0186024282735,44.0182319145653,44.0170451159364,44.0150097992243,44.0120370662311,44.0079806497234,44.0026339023965,43.9957241096366,43.9869059710363,43.9757601562824,43.9618091300578,43.9445710810939,43.923682907386,43.8991312023338,43.8716266275618,43.8431228319985,43.8173867000835,43.800345799241,43.7996943471553,43.8230899302884,43.8745801027419,43.9500595692789,44.0343847576034,44.1037299828758,44.1345779565789,44.1153840460784,44.0530439356798,43.9691195110603,43.8887135425914,43.8299349846587,43.7996251786586,43.7952623667221,43.8095371880627,43.8344073167599,43.8633562856274,43.8920520297203,43.9181002908982,43.9404862424128,43.9590337917037,43.9740030690464,43.985834569189,43.9950064601793,44.0019656227101,44.0071006241888,44.0107351157533,44.0131289622811,44.0144807979919,44.0149297763706,44.0145564597049,44.0133835129591,44.011376590604,44.008445033999,44.0044412607545,43.9991575469898,43.9923197541624,43.9835798602498,43.9725133236903,43.9586337112581,43.9414457905797,43.9205685748269,43.8959680282399,43.8683358126473,43.8396162063674,43.8135880627619,43.7962250489639,43.7953077067374,43.8186060677759,43.8702594442944,43.9461607205868,44.0310169193433,44.1007399776527,44.1315844439984,44.1119803795076,44.0490376638152,43.9646274913168,43.8840580696745,43.8254489617391,43.7955093919807,43.7915531068655,43.806153397037,43.8312195522699,43.8602394884694,43.888911796086,43.9148783500906,43.9371547686939,43.9555861192464,43.9704450659546,43.9821783568308,43.9912666597828,43.9981576056496,44.0032400186762,44.0068378642018,44.0092114042173,44.0105594939964,44.0110210275883,44.0106756621904,44.0095445776428,44.0075916424325,44.0047244909287,44.0007942233477,43.9955922545864,43.988843733368,43.9801993376222,43.9692315049667,43.9554476353007,43.9383416439558,43.9175156398507,43.8929119494107,43.8651928094991,43.8362714443689,43.8099035206173,43.7920638256431,43.7905799400441,43.8133320378153,43.8646257238492,43.9405240055014,44.0258130094494,44.0963080911312,44.1280000162149,44.1090194203239,44.0463092946737,43.961775917024,43.8808934883369,43.8219519008791,43.7917561557389,43.7876375647395,43.802144689519,43.827154567483,43.8561325901577,43.8847670891506,43.9106979004219,43.9329420378541,43.9513462621819,43.9661839748062,43.9779017385974,43.9869797327503,43.9938654592595,43.9989483610614,44.0025537643172,44.004943681526,44.0063185653181,44.006818224669,44.0065222184011,44.0054505917818,44.0035653301038,44.0007719305255,43.9969196268729,43.9917985955508,43.9851333978917,43.9765743659145,43.9656929648208,43.9519936968938,43.934963980283,43.9141938698317,43.8896060784676,43.8618342752634,43.8327548884969,43.8060842113801,43.7877694989974,43.7856484383012,43.8076818601435,43.8583479444389,43.9339505788068,44.0194901546873,44.0908284817847,44.1237450618542,44.1059667763334,44.0440480918745,43.9597200553415,43.8785374953325,43.8190167651529,43.7881897898679,43.7835319534809,43.7976454804701,43.8224020777949,43.8512371317087,43.8798060102956,43.905721637528,43.9279816349,43.9464194395867,43.9612993973734,43.9730620569095,43.9821840105948,43.9891113094863,43.9942338017892,43.9978786145464,44.000310278161,44.0017316815734,44.0022842469781,44.0020478239716,44.0010412951545,43.9992242907663,43.9964993258536,43.9927127221605,43.9876524372375,43.9810418744802,43.9725312649535,43.9616926138011,43.9480307861651,43.9310321808183,43.9102828435965,43.8856964693037,43.8578904477565,43.8287159634179,43.801855948339,43.7832232567684,43.7806379921637,43.8020903318376,43.8521675450655,43.9273702825463,44.0129296458134,44.0848485685531,44.1188287252867,44.1022804722415,44.041347846207,43.9574740351347,43.8761723232897,43.8161239591893,43.7845991436621,43.7792694651051,43.7928454886021,43.8172297503463,43.8458423320188,43.8743051743847,43.9001963707807,43.9224843361535,43.9409803949901,43.9559331026402,43.9677723275666,43.9769680938623,43.9839632519242,43.9891471499124,43.9928483586188,43.9953338924643,43.9968091830027,43.9974173503458,43.9972384525062,43.9962898411204,43.9945280650902,43.991851571168,43.9881024114025,43.9830648887486,43.9764600438227,43.9679374717195,43.9570704472338,43.9433669851315,43.9263183407185,43.9055167768629,43.8808828479797,43.8530399485986,43.8238416347725,43.7969653678153,43.778306196866,43.7756530438471,43.7969606018996,43.8468015716402,43.9217196384537,44.0070682069621,44.0790178905998,44.1133823055935,44.097521242638,44.0373555059159,43.9540505760593,43.8729426455614,43.8127077939238,43.7807410523458,43.7748765987105,43.7879539853241,43.8119459474116,43.840292189598,43.8686035563952,43.894433931759,43.9167253890867,43.9352659999619,43.9502858896912,43.962201431372,43.9714736251985,43.978540142452,43.9837882784185,43.987546831285,43.9900843419368,43.9916080217566,43.9922620536956,43.9921261111186,43.9912153567003,43.9894824215083,43.9868205786629,43.9830662083337,43.9779983365922,43.9713340239599,43.9627210399905,43.951733853595,43.9378857098917,43.9206784674582,43.8997220687289,43.8749635664667,43.847062382673,43.8179150947118,43.7912399945338,43.7729515648072,43.7708080292397,43.792656039839,43.8428836519635,43.9178339493158,44.0027660180391,44.0739767669884,44.1076144610514,44.091395963265,44.031387420449,43.9486079238892,43.868088593896,43.8082478009061,43.7763835934063,43.7703768687989,43.7831780307732,43.806865583528,43.8349483365549,43.863067844428,43.8887815861007,43.911020681114,43.9295568650468,43.9446038695885,43.9565641660429,43.9658882584842,43.9730067689092,43.9783029602933,43.9821039020874,43.9846778198856,43.9862320606309,43.9869104846667,43.9867912637662,43.9858864600284,43.9841439471833,43.9814508857171,43.9776367917334,43.9724739053101,43.9656735872975,43.9568802164839,43.9456687734589,43.9315591612834,43.9140692671274,43.892838809888,43.867863465028,43.8398741209831,43.8108602733818,43.7846402944262,43.7671993945337,43.7662741281724,43.7895228367894,43.8409440043848,43.916373114244,44.0006855274413,44.0702203612583,44.1017087021634,44.0837287992469,44.0229837625874,43.9405629992987,43.8610758343946,43.8023788798639,43.771376955041,43.7658204254963,43.7787193066773,43.8022858198318,43.8301549536405,43.8580539750816,43.883584658982,43.9056926912571,43.9241473879142,43.9391525246236,43.9510987957445,43.9604260134359,43.9675563321485,43.9728669096375,43.9766806806716,43.9792630578651,43.9808191566461,43.9814904718084,43.9813520763251,43.9804117884808,43.9786119161954,43.9758328131036,43.9718962954671,43.9665666451176,43.959547995116,43.9504797329031,43.9389364084795,43.9244456494013,43.9065466110663,43.8849213225994,43.8596378546441,43.8315374469268,43.8027578756073,43.7772835221991,43.7612268451379,43.7623106288298,43.7879113761959,43.8414052513168,43.9177773641886,44.0012034689211,44.067982850183,44.0957137580759,44.0743950663235,44.0119064604419,43.9296471709119,43.8516826758171,43.7949788647254,43.7657193677216,43.7613194054737,43.7747803911792,43.7984701069474,43.8262085438724,43.8538694102335,43.8791461497667,43.901030450598,43.9193076636608,43.93418121229,43.9460341912227,43.9552967562908,43.9623818223705,43.9676585957358,43.9714433935437,43.9739960313428,43.9755166227911,43.9761418318079,43.9759416895646,43.9749184366708,43.9730080154181,43.9700834839203,43.9659584750338,43.9603885526448,43.953069468353,43.9436342760433,43.9316562736084,43.9166719300253,43.8982470628591,43.876119068727,43.8504533461193,43.8222422172768,43.7938290634542,43.7694305750078,43.7553386738656,43.7592577899494,43.7881676786666,43.8445661242957,43.9222363772522,44.0043619141249,44.0671742106052,44.0894779235452,44.0632688622081,43.9981124580152,43.915908156236,43.8400234516847,43.7862003880004,43.7595847021029,43.757062950806,43.7715642879528,43.7956333995969,43.8233320921037,43.8507399638615,43.8756894914234,43.8972507020475,43.9152447103294,43.9298854541572,43.9415536749439,43.9506717368787,43.9576431500886,43.9628277401223,43.9665329779946,43.9690104114865,43.9704523788888,43.9709881631073,43.9706806931252,43.9695252056235,43.9674504648755,43.9643218502603,43.9599445616503,43.95406502733,43.9463698701914,43.9364848911832,43.923981727639,43.9084072298989,43.8893597747784,43.866645842483,43.8405538462627,43.812268287557,43.7843941157678,43.7614409932634,43.7499192386101,43.7574875138551,43.7905860406665,43.8505613175091,43.9296625297565,44.0098587383214,44.0673849824301,44.0826572745106,44.0502213547871,43.9817349295533,43.8996773614312,43.8265114935263,43.7764379321047,43.7532967545203,43.7532971397547,43.7692564705255,43.79392320635,43.8216534148414,43.8487850797212,43.8733312345383,43.8944688433202,43.9120725766381,43.9263769980115,43.9377656418166,43.9466551705118,43.9534399001194,43.958469286595,43.9620401811202,43.9643936206125,43.9657117554328,43.9661142017066,43.9656548833234,43.9643206737789,43.9620323650433,43.9586473004366,43.953962087246,43.9477137954596,43.9395794888464,43.929177229116,43.9160771159724,43.8998385298992,43.880098954133,43.8567482377786,43.830223598363,43.8019414796499,43.7748196442897,43.7537102546198,43.7453603611396,43.7573258267288,43.7953358669371,43.8593086522956,43.9396766260083,44.0170823451183,44.0679610033974,44.0747996568404,44.0351754515821,43.9630842972455,43.8815192794172,43.811778965083,43.7662440018785,43.7472591302633,43.7502744383756,43.7679916938569,43.793398312257,43.8211904319052,43.8480057746066,43.8720694086212,43.8926866952414,43.9097992907743,43.9236701439461,43.9346896424504,43.9432704926136,43.9497981149741,43.9546109587772,43.957993996721,43.9601761100987,43.9613274515011,43.9615562160795,43.9609058218201,43.9593536663127,43.9568118800745,43.9531294278745,43.9480941632649,43.9414336336533,43.9328150902154,43.9218486908836,43.9081035729403,43.8911543134381,43.8706844832819,43.8466816129694,43.8197564477637,43.7915936363423,43.7654668142196,43.7466044132453,43.7419834844548,43.7589694533932,43.8023881463604,43.8704691058506,43.951625741591,44.0251970755185,44.0681374024523,44.0654807647159,44.0181921269429,43.9426561232163,43.8621677084118,43.7965728360374,43.7562200391531,43.7418650339213,43.7481914976813,43.7678181770302,43.7940128027797,43.8218478286013,43.8482881318242,43.8717899263494,43.8917995222518,43.9083333613383,43.9216873261742,43.93226107376,43.9404644059494,43.9466740272245,43.9512169894147,43.9543656178254,43.9563356340335,43.9572840840198,43.9573066569271,43.9564353199074,43.9546372712932,43.9518155020409,43.9478103207604,43.9424006509288,43.9353043373985,43.926178616399,43.9146257243176,43.9002146186746,43.8825378782226,43.8613319367632,43.836695247442,43.8094339444125,43.7815309772685,43.7566473548862,43.7404026955832,43.7399718725762,43.7624180177457,43.8114674830953,43.88344495495,43.9646488699779,44.0332758845406,44.0672056139388,44.0544504720246,43.9995470046782,43.9211206194965,43.8424464191155,43.7816437170914,43.7469084112216,43.7374136969242,43.7471367526856,43.7686734426732,43.7956130846259,43.8234278399674,43.8494218348296,43.872288667289,43.8916190451386,43.9075062542539,43.9202803572307,43.930350972354,43.9381252869938,43.9439712912624,43.9482044429398,43.9510840954025,43.9528124143113,43.9535329194036,43.9533283942785,43.9522190125224,43.9501615096184,43.9470495507326,43.9427146478709,43.9369266455469,43.9293934822442,43.9197621460607,43.9076268927258,43.8925571405302,43.8741658077372,43.8522477522896,43.8270229293717,43.7995095512926,43.7720098801201,43.7485894533643,43.7352543796108,43.7393243582126,43.7674381787341,43.8220476960003,43.8974290204701,43.9777893494763,44.0404587686808,44.0646732667554,44.0417423417221,43.9797588430734,43.899274813808,43.8231758064043,43.7676432510052,43.7387067168385,43.7340533491922,43.7470626332978,43.7703804657732,43.7979509754253,43.8256539036493,43.8511294903788,43.8733031115752,43.8919052702369,43.9071031941154,43.9192595700406,43.9287932411357,43.9361084714485,43.9415644371717,43.9454650149373,43.9480566760137,43.9495281812029,43.9500097202929,43.9495713914586,43.948221793854,43.9459073926644,43.9425126667304,43.9378603883241,43.9317112658537,43.9237631401026,43.91365245244,43.9009652130261,43.8852714199523,43.8662054855495,43.8436238308985,43.8178739847255,43.7901952714074,43.7632185032513,43.7414149729718,43.7311551162298,43.7398392541866,43.7735695321294,43.8333970216882,43.9115002026958,43.9901327222301,44.046099771324,44.0603734518187,44.0277105125756,43.9595517961297,43.877957612784,43.8050775848898,43.7550458508645,43.731818300957,43.73176026023,43.7477872076567,43.7726648767417,43.8007104316877,43.828202443103,43.8531004280604,43.8745462149348,43.8923992700513,43.9068941916742,43.9184227587091,43.9274113709099,43.9342607465482,43.9393211968012,43.9428852957127,43.9451871224745,43.946402664752,43.9466494954335,43.9459857588291,43.9444091678138,43.9418565087551,43.938203528794,43.933264549133,43.9267912402076,43.9184712279685,43.9079300556603,43.8947449125421,43.8784856561277,43.8588075049635,43.835628015674,43.8094221346896,43.7816495227563,43.7552651160212,43.7351313235816,43.7279481888891,43.7411342892378,43.7801745254815,43.8446658257663,43.9247439774124,44.0009348643421,44.0498623129199,44.0544921747648,44.0129826399931,43.9397602217293,43.8579474607024,43.7886971618498,43.7441078049382,43.7262442780407,43.7303533729579,43.7490214740637,43.775187910563,43.8035420388423,43.8307367443828,43.85502292315,43.8757365082624,43.8928509705784,43.90665946661,43.9175782510353,43.9260392082666,43.9324388732801,43.9371188440211,43.9403609933405,43.9423878834725,43.9433637708613,43.9433947330823,43.9425280789454,43.9407516749248,43.937993531254,43.9341213910543,43.9289416544163,43.9221972617661,43.9135656603205,43.9026611580533,43.8890512368445,43.872303905868,43.8520922622002,43.8283902553236,43.8017927439514,43.7739678785328,43.7481760203067,43.7296419055132,43.725354429496,43.7427032494091,43.7865256837062,43.854998569565,43.9363676574624,44.0097051088632,44.0517357195463,44.0475072465825,43.9983447938751,43.921205084198,43.8398707671976,43.7743613955734,43.7348691087778,43.7218134396436,43.7295365580359,43.7504134603001,43.7775871715924,43.8060987692634,43.8329377553632,43.8566106756407,43.8766209494743,43.8930389402889,43.9062065853623,43.916559681996,43.9245335604239,43.9305201542292,43.934852813036,43.9378036608988,43.9395849710263,43.940350641615,43.9401966724186,43.9391609123021,43.9372226457624,43.93430221588,43.9302602968492,43.9248961238349,43.9179444644948,43.9090728664673,43.8978842071402,43.8839352066137,43.8667894567635,43.8461328348852,43.8219866102048,43.7950506420273,43.7671787921706,43.7419048274321,43.7247757559569,43.723028676354,43.7440019613358,43.7919149621638,43.8636466325787,43.9457834330617,44.0162240430577,44.0519705465678,44.0400581798315,43.984592331426,43.9045759824337,43.8241433084224,43.7621785622006,43.7271929554752,43.7182390731236,43.7289565623986,43.7515989820584,43.7795177205876,43.8080680003577,43.8345287243706,43.857621801651,43.8769896569927,43.8927818610249,43.9053793431275,43.9152327310702,43.9227790776728,43.9284056488265,43.9324383670093,43.9351408961342,43.9367167436366,43.9373110619166,43.9370113688996,43.9358475537313,43.9337916737642,43.930757599638,43.9265999874505,43.9211118415745,43.9140205724969,43.9049844321733,43.8935949878162,43.879397269213,43.8619474739259,43.8409376578226,43.8164239627453,43.7891902796722,43.7612443555399,43.7363506090184,43.7203303637659,43.7206321069529,43.7445477225293,43.7957651595055,43.8700619536953,43.952646939918,44.0205000496644,44.0509564771872,44.0327842668333,43.9723836685874,43.8903429046046,43.8109512978083,43.7520733328178,43.7208287716268,43.7151877378875,43.7282642827836,43.7522503650568,43.7806882042219,43.8091971596288,43.8352928871212,43.8578707394451,43.8766836632928,43.8919432607771,43.9040602349001,43.9134958352953,43.9206875444925,43.9260182696638,43.9298076561237,43.9323124729838,43.9337291964535,43.9341959799212,43.9337935107654,43.9325452067457,43.9304172004074,43.9273180303634,43.9230973755602,43.9175430253091,43.9103760608478,43.9012464038973,43.889734919415,43.8753745331782,43.8577113923771,43.8364368636435,43.8116280844542,43.7841287741918,43.7560633992272,43.7313777211601,43.7161149530044,43.7179022739124,43.7440106241047,43.7977235201062,43.8739611023437,43.9568583082641,44.0226918099011,44.0490840756516,44.0261722297416,43.9621244269741,43.8787051319905,43.8002628351798,43.7438389808771,43.7154801316325,43.7123448005003,43.7271689511493,43.7521170731598,43.7808892767072,43.8093125070874,43.8350851543283,43.8572348981624,43.8755980302319,43.8904321454858,43.9021693234013,43.9112777889937,43.9181945587436,43.9232987910599,43.9269052404841,43.9292655213971,43.9305709149421,43.9309543384302,43.9304912272788,43.9291998657163,43.9270415623974,43.9239204527996,43.9196821094135,43.9141100513507,43.9069201482512,43.8977552673706,43.886186761199,43.8717359175054,43.8539373284101,43.8324761080924,43.8074377217954,43.7797022544,43.7514736317951,43.726828723062,43.7119794074272,43.7147005529266,43.7422748760828,43.7977214439242,43.8753585975699,43.9585454318346,44.0230349474447,44.0466348046274,44.0204481041309,43.9538964861921,43.8695718078293,43.7918520375388,43.7371860166186,43.7108596897591,43.7094640882431,43.7254776320819,43.751054532941,43.7800132676024,43.8083317087887,43.8338394934431,43.8556583629407,43.8736830047928,43.8882024219466,43.8996625201187,43.9085353163401,43.915256718868,43.9202028949451,43.9236851812198,43.925951809626,43.9271906690176,43.9275310903432,43.9270446356343,43.9257455125049,43.9235909652297,43.9204812876507,43.9162584704282,43.9107024427503,43.9035248729711,43.8943629970371,43.8827803747379,43.8682882006339,43.8504098395631,43.8288213995885,43.803607973915,43.7756676904363,43.7472526250987,43.7225262691108,43.7078196023739,43.7110229846032,43.7394544825884,43.7959893693721,43.8745708185181,43.9580472617575,44.0218034878554,44.0437318128612,44.0155355464645,43.9474379186688,43.862566342708,43.7853211267312,43.7317720426503,43.7067189568243,43.7063934004655,43.7231151767692,43.7490388142973,43.7780644750759,43.8062707218249,43.8315732782167,43.8531544291206,43.8709453179335,43.8852534286668,43.8965317273726,43.9052531323235,43.911851849724,43.9167017521927,43.9201121192281,43.9223294233273,43.9235397704406,43.9238703046831,43.9233897768356,43.9221089904535,43.9199814407769,43.9169036565033,43.9127140768959,43.9071892670076,43.9000373648977,43.8908912925897,43.8793088509689,43.8647937068427,43.8468604730866,43.8251773363154,43.7998264914631,43.7717147922621,43.7431228206383,43.7182687895453,43.7035622858731,43.7069748151066,43.7358605934669,43.793022794698,43.8721881834327,43.9558992274335,44.0193127913217,44.0403598598096,44.0110870037133,43.9421765017418,43.857054157149,43.7801183400606,43.7272102814247,43.7028504922189,43.7030737103152,43.72012278064,43.7461656979123,43.7751590675478,43.8032444576219,43.8283885394584,43.8498073076985,43.867450296306,43.8816324829188,43.8928079016658,43.9014476261212,43.9079834066579,43.9127872259838,43.91616732437,43.918369675457,43.9195798373509,43.919923778138,43.9194680896127,43.9182204042899,43.9161303061179,43.9130901143838,43.9089341874801,43.9034353758522,43.896298422837,43.8871528755623,43.8755528012582,43.8609976276107,43.8429977188716,43.8212185865712,43.7957443372177,43.7674927222115,43.7387690215665,43.7138324915543,43.699145440433,43.7027258450752,43.7319349247441,43.7895063668422,43.8690114207731,43.9528053450821,44.0159417625022,44.0364331487624,44.0065747196772,43.9373151568684,43.8522016631628,43.7755643034297,43.7230693325169,43.6990720514212,43.6995177566968,43.7166375528134,43.7426343033585,43.7715135400011,43.7994596724621,43.8244685032756,43.8457715316518,43.8633235176176,43.8774383513358,43.8885660607039,43.8971732341239,43.9036881070863,43.9084806807354,43.9118586020567,43.9140680212014,43.9152946211291,43.9156636850732,43.9152398262003,43.9140273039636,43.9119712050886,43.9089587483455,43.9048191788814,43.8993207076222,43.8921641964452,43.8829761797899,43.8713086926117,43.8566605259673,43.8385438921122,43.8166307153864,43.7910191929487,43.7626523640716,43.7338740391845,43.7089921314892,43.6945142955636,43.6984731016534,43.7281770698944,43.7862164151297,43.8659550904226,43.9495775474422,44.0121362197807,44.0318675439457,44.0014084314337,43.9319562074851,43.8470730856875,43.7709056948936,43.7188862905728,43.6952118291664,43.6957815035277,43.7128608872677,43.7387186051372,43.7674220543771,43.7951986346045,43.8200670274126,43.8412662406197,43.8587490161507,43.8728225870452,43.8839291347018,43.8925283433493,43.899043545463,43.9038420537572,43.9072306218414,43.9094554770361,43.9107023715344,43.9110957664294,43.9106979751629,43.9095093027118,43.9074694576689,43.9044593938681,43.9003018871563,43.894759151178,43.8875271200925,43.8782290504037,43.8664161321083,43.8515900891117,43.8332721614405,43.8111529520735,43.7853635197095,43.7568979999286,43.728169551088,43.7035633981039,43.6896441580233,43.694431424297,43.7250933758097,43.7839294550415,43.8639346449659,43.9470371652748,44.0083645822362,44.0266132919857,43.9950367576525,43.9252364334452,43.8407574663372,43.7654053547736,43.7142112939631,43.6911143468932,43.6919448803602,43.7090271599519,43.7347335722928,43.7632255392065,43.7907936675605,43.8154891862397,43.8365614238559,43.8539603952731,43.867984637288,43.8790662622118,43.8876560976079,43.8941709755191,43.8989742147834,43.9023705718595,43.9046053800337,43.9058635782065,43.9062679760541,43.90587776509,43.9046884147656,43.9026332378314,43.8995857046884,43.8953606922756,43.8897128701746,43.8823318383655,43.8728368020652,43.8607787857262,43.8456658380757,43.8270361401382,43.8046137728762,43.7785869380431,43.7500363801058,43.7214898605008,43.6974561917074,43.6845837497376,43.6908532281424,43.7231783282475,43.783356253936,43.8637595396834,43.9458944466776,44.0050260765625,44.0206297997353,43.9870008127254,43.916439510305,43.8325006543637,43.7584565499098,43.7086830243302,43.6866740504666,43.6881118171493,43.7053823727646,43.7310033971249,43.7592773074102,43.7865947728042,43.8110631028347,43.831954624002,43.849222204704,43.8631572878511,43.8741815596102,43.8827357688517,43.8892286633733,43.8940178252373,43.8974042054089,43.8996304492388,43.9008789921777,43.9012694852106,43.9008567085332,43.8996301905633,43.8975158234132,43.8943785082691,43.8900239552879,43.8841978202822,43.8765818759228,43.8667902493854,43.8543741767127,43.8388513593713,43.819785510005,43.7969511456088,43.770622436151,43.7420099474799,43.7138120982954,43.6907193885556,43.6794981651237,43.6880582858992,43.7229159387476,43.7851009606488,43.8660468208495,43.9466325570671,44.0023401121065,44.0138203958749,43.9769384356606,43.90506516084,43.8218111700794,43.7496906546493,43.702112274598,43.6818838845244,43.6844254317704,43.7021740862253,43.7278356729851,43.7559094782021,43.7829338794236,43.8071053695206,43.8277391949245,43.8448016001412,43.8585816365891,43.869491980939,43.8779629437708,43.8843938462667,43.8891346082776,43.8924801066729,43.8946678941438,43.8958755726819,43.8962175708554,43.8957425842243,43.8944329324368,43.8922061197529,43.8889176168936,43.8843630006351,43.8782777199354,43.8703344018854,43.8601411301793,43.8472497738072,43.831191286207,43.8115644151155,43.788213181748,43.7615304018297,43.7329054169573,43.7052700196254,43.6835590511445,43.6746878974765,43.686446101501,43.7247745871236,43.7896276424975,43.8711553111208,43.9494185184086,44.0002566077009,44.0059693872008,43.9645664878141,43.8908575560482,43.8085194909751,43.7390452844067,43.694539885275,43.6768722342906,43.681081540669,43.6996446457408,43.7254998627779,43.7534023028515,43.7800895895104,43.8038844208199,43.8241682915969,43.840934005758,43.8544748355992,43.865197131605,43.8735211639868,43.8798358524934,43.8844816024949,43.8877448069442,43.8898552412562,43.8909830032453,43.8912349123918,43.8906516719334,43.8892070302611,43.8868092020021,43.8833035772196,43.8784749446337,43.8720477071984,43.8636843779943,43.8529863791416,43.8395070658942,43.8227949614657,43.802494671197,43.7785410502562,43.7514815672998,43.7229371027422,43.696137772738,43.6763219025841,43.6705699696776,43.6864713000508,43.7291731028459,43.7972159504203,43.8791349275258,43.9540553308115,43.9984207041605,43.9967240118177,43.9496777865719,43.873811362896,43.7927877789753,43.7267739089978,43.6862433127224,43.6719039031087,43.6783222784268,43.6980169373258,43.7242059342827,43.7519572312871,43.778256497878,43.8015877973867,43.82142143303,43.837789939949,43.8509977823668,43.861448130873,43.8695520426353,43.8756874038407,43.8801834988117,43.8833159822749,43.8853042461079,43.8863082319928,43.8864247463093,43.8856845685249,43.8840515160431,43.8814236717038,43.8776358325844,43.872461569876,43.8656137144809,43.8567441035414,43.8454474129937,43.8312800868245,43.8138136592944,43.7927511105241,43.768141820387,43.7407266030212,43.7124122765915,43.6867896795972,43.66944789303,43.6676219635439,43.6885797327031,43.7364141060823,43.8079034056117,43.8896940695793,43.9599863922381,43.9962107526991,43.9856442735227,43.9321745254838,43.8541715875778,43.7750780834062,43.7133970829446,43.6776864103308,43.6673374218639,43.6764027871132,43.6974681893666,43.7240819718362,43.7516757086597,43.7775236889762,43.8002998133156,43.8195814026058,43.8354514915269,43.8482315894074,43.8583244531547,43.8661327619803,43.8720229419383,43.8763118582417,43.8792625323978,43.881081736985,43.8819169498887,43.8818528461883,43.8809085585852,43.8790367464387,43.8761245993349,43.8719958794104,43.8664126226018,43.8590757699968,43.8496262840966,43.8376525978712,43.8227167505769,43.8044200565871,43.7825381978758,43.7572608769242,43.7295625152618,43.7016891785013,43.6776470796246,43.6634034272603,43.6663013941822,43.6931192701938,43.7466006376163,43.8214317771322,43.9022011900108,43.9663625251673,43.9928510739566,43.9723152631722,43.9121325060826,43.8324278177336,43.7560878022621,43.6996092620963,43.6694269373926,43.6635505387551,43.6755393042027,43.6980974153079,43.7251549535673,43.7525476275882,43.7778667703923,43.7999947009499,43.8186272708691,43.8339047841037,43.8461695057789,43.8558255422349,43.863267690054,43.8688505401628,43.8728775384804,43.8755976363153,43.8772032990995,43.8778277995738,43.8775420774903,43.8763523009128,43.8741990110501,43.8709578788344,43.8664412381313,43.8603993043095,43.8525209138269,43.8424362207178,43.8297284341352,43.8139685403049,43.7947956125715,43.772073829029,43.74616025049,43.7183028733952,43.6911357975229,43.6691221439729,43.6586080685173,43.6669576274786,43.700248075458,43.7595638838195,43.8372259938789,43.9157408652813,43.972174112189,43.9875807177187,43.9564897436208,43.8898662292104,43.8092888275202,43.7366581948551,43.6861613786476,43.6620072763682,43.6608573255326,43.6758564558725,43.699898256247,43.7273416498001,43.7544532533863,43.7791555471466,43.8005466036563,43.8184447401355,43.8330497099311,43.8447257054068,43.8538786830891,43.860895553549,43.8661186659544,43.8698373216561,43.8722854500589,43.8736401385305,43.8740193801002,43.8734794073254,43.8720126291372,43.8695468756533,43.8659458760923,43.8610102134165,43.8544780042044,43.8460257975161,43.8352731534686,43.8217994157951,43.8051884293091,43.7851257135155,43.7615802916448,43.735103236,43.7072531045578,43.6810923169751,43.6615644611488,43.6553651534761,43.6697532046307,43.7098642482123,43.7748301558595,43.8544300603124,43.9292333094507,43.9764324492248,43.9798389637973,43.9382126819785,43.8659566008158,43.7856217617378,43.7176630574574,43.6737410179769,43.6558548235327,43.6594405617291,43.6773511091647,43.7027477961138,43.7304545608051,43.7571794924837,43.7811756338294,43.8017532593424,43.8188499495855,43.8327228180234,43.8437568054455,43.8523590564554,43.8589081422278,43.8637337532343,43.8671106018514,43.8692571269542,43.8703345802227,43.8704452693729,43.8696303944569,43.8678683639241,43.8650741140998,43.8610992601188,43.8557324222535,43.8486993608786,43.8396641503531,43.8282359985732,43.813991820273,43.7965322962223,43.7755979110551,43.7512779634482,43.7243414907435,43.6966883166618,43.6718369899341,43.6552139078294,43.6538051764715,43.6746096607553,43.7215766489969,43.791645849331,43.8720074654538,43.9416033690865,43.9783625166853,43.9694163267251,43.9178815444504,43.841215073013,43.7623531845277,43.6998917621151,43.6628714742935,43.6512126106703,43.6593151212177,43.679882522509,43.7064156166438,43.7342228538751,43.7604473969889,43.7836588899916,43.8033670602987,43.819619798477,43.8327261678998,43.8430889178349,43.851114903353,43.8571736503353,43.8615818666458,43.8645995508588,43.8664296567258,43.8672177133767,43.8670505468609,43.8659545872433,43.8638945132429,43.8607725823774,43.8564283910622,43.8506385315354,43.8431162008749,43.8335127899922,43.8214272992099,43.8064354065543,43.7881580190751,43.7663977724715,43.7413768672545,43.7141008150599,43.6868316990801,43.6635563824488,43.6501647470515,43.6538514579996,43.6811907318093,43.7347287148638,43.8090629457481,43.8888903440944,43.9519616618143,43.9775566709106,43.9565253605833,43.8962175802903,43.8165842662684,43.7403486527172,43.6839479923999,43.6538473558102,43.6481111862594,43.6603272193536,43.6831891142146,43.7105904096614,43.7383237121592,43.763945127691,43.786316178114,43.805126584998,43.8205217077191,43.8328550610473,43.842543260279,43.8499910259112,43.8555581359171,43.8595482185136,43.8622068021535,43.8637218194167,43.864223697316,43.8637845005638,43.8624166401251,43.8600717639619,43.8566400128277,43.8519493177525,43.8457643483577,43.8377856153381,43.8276515925129,43.8149510054197,43.7992589071173,43.7802185230465,43.7576992196718,43.7320639212953,43.7045649676941,43.6778350956269,43.6563245522752,43.6463487427486,43.6552179637585,43.6889312043514,43.7484751882534,43.8260687866043,43.9041413008653,43.9597487878679,43.97404473805,43.941769591067,43.8741553064744,43.7930016693006,43.7203007056858,43.67018566511,43.6467164987432,43.6463822220749,43.6621847484332,43.686925037345,43.7149170599046,43.7424174210577,43.7673602386448,43.7888667633362,43.8067832659683,43.8213377494584,43.8329198060816,43.8419557008653,43.8488462284395,43.8539409527736,43.8575306667057,43.8598470723967,43.8610639722552,43.8612977397528,43.8606068062495,43.8589906854207,43.8563890184965,43.8526806690678,43.8476824892342,43.8411475197657,43.8327635861202,43.8221560070792,43.808902884301,43.7925784098355,43.7728483137156,43.7496495610971,43.7234871257052,43.695860275678,43.6697665046658,43.6500980309421,43.6435453579727,43.6574456990482,43.6971109003796,43.7618977173996,43.8417286397312,43.9170835480963,43.9648007544495,43.9682603720084,43.9260217666476,43.8526850556408,43.7712664257641,43.7026544233808,43.6586945719656,43.6413070700313,43.6457052525762,43.6645079074363,43.6907065695943,43.7190361094558,43.7461800282551,43.770406649196,43.7910608003345,43.8081203562015,43.8218807762594,43.8327594668224,43.8411884213097,43.847563084621,43.8522227376397,43.8554459873841,43.8574517500769,43.8584009605736,43.858397321003,43.8574870463207,43.8556581210969,43.8528394184901,43.8488995640515,43.843645117441,43.8368179876588,43.8280934933148,43.8170836198498,43.8033552399099,43.7864805134545,43.7661456576638,43.742351793616,43.7157398774194,43.6880450471451,43.6626093339852,43.6447316462053,43.6414224486156,43.6599759264527,43.7049621341575,43.7741343435883,43.8553051819573,43.9273641249182,43.967318255174,43.9609159205899,43.9102492965363,43.8326943362494,43.7519441715325,43.6875861073707,43.6493342019325,43.6372886483928,43.6456736077835,43.666887617135,43.6941588149041,43.7226191372206,43.749329544279,43.772843995046,43.792693732259,43.8089637299418,43.8220025229834,43.832247839803,43.8401341295734,43.84605060573,43.8503266637195,43.8532297829332,43.8549674863048,43.8556893938744,43.8554881424294,43.8543993094386,43.8524008348973,43.8494121601329,43.8452928230926,43.8398400317472,43.8327852699797,43.8237917678752,43.8124581762004,43.7983394404479,43.7810037752803,43.7601538702848,43.7358474753688,43.7088484061739,43.6811061926147,43.6562746499764,43.6400141127188,43.6396021262587,43.662248112554,43.7117900491586,43.7844956047541,43.8663290125511,43.9349389065314,43.9677539260107,43.952824060031,43.8953341180534,43.8148451234845,43.7353262312962,43.6750319954454,43.6418015209377,43.634250255007,43.6458647695745,43.6689410315913,43.6969559974577,43.7253964402177,43.7516442292933,43.7744892949253,43.7936133884293,43.8091858061324,43.8215952613674,43.8312934150078,43.8387146895916,43.8442417676581,43.848195006831,43.8508321722137,43.8523510567248,43.8528917031339,43.8525373885619,43.8513146579162,43.84919286912,43.8460833360553,43.8418376629481,43.8362447286774,43.8290264874405,43.8198347907422,43.8082552839222,43.7938304929126,43.7761225389102,43.7548453779283,43.73010300716,43.7027637401407,43.6749621935137,43.650622186441,43.6357145044162,43.6377371738531,43.6638022988287,43.7170825462471,43.7925477887324,43.8746147452007,43.9399965796234,43.966656806827,43.9447144503233,43.8819255480176,43.7995036113663,43.7214379296992,43.6647489628108,43.6357118097998,43.6317777917439,43.6459030451678,43.6703570710434,43.6988520240141,43.7271761732075,43.7529736438406,43.7752224966334,43.7937218419236,43.8087049283636,43.8205894907314,43.8298358897582,43.8368767955532,43.8420885713728,43.8457837453401,43.8482120351202,43.8495633241267,43.8499698750817,43.8495072750776,43.848194523844,43.8459936905585,43.8428090891675,43.8384854125181,43.8328042018934,43.8254788950284,43.8161509716864,43.8043938714083,43.7897377832457,43.771737096416,43.7501119609528,43.7250015417657,43.6973582705525,43.6694690492197,43.6454818631612,43.6316253750372,43.6355779903515,43.6643629003256,43.7205903156456,43.7981567974532,43.8802375245537,43.9428587564784,43.9645228054896,43.9370875042405,43.8703466553819,43.7867187132652,43.710076368406,43.6563830716831,43.6306719441789,43.6295167744028,43.6455065593694,43.6709284445093,43.6997006140104,43.7278558883475,43.7532443064516,43.7749882242245,43.7929745998498,43.8074829064462,43.8189504417076,43.8278420531517,43.834587530793,43.8395574863978,43.8430580402649,43.8453326406956,43.8465650991627,43.8468816152065,43.8463515784272,43.8449876700214,43.8427456478404,43.8395236250497,43.8351601184136,43.8294301386658,43.8220396046378,43.8126208534915,43.8007364480996,43.7859052218849,43.7676734997422,43.745764256066,43.720342753047,43.692427299571,43.6644263531919,43.6406682177451,43.6275892415881,43.6330119347211,43.6638849538009,43.7223646809898,43.8014958881775,43.8834937005935,43.9438958306397,43.9616923738322,43.9301319922384,43.8605586241205,43.7762354654116,43.7008558352522,43.6495253493527,43.6263311856398,43.6272115396069,43.6445143978755,43.6705689491342,43.6994654671121,43.7274278508679,43.7524618194197,43.7737958580165,43.7913794186704,43.8055231123436,43.8166758473282,43.8253035266451,43.8318322998691,43.8366277395874,43.8399909999005,43.842160971396,43.8433170853262,43.8435809662488,43.8430169867057,43.8416323495497,43.8393770390943,43.8361433072442,43.8317637949767,43.8260074363998,43.8185734322449,43.8090862669589,43.7970994161073,43.7821223980534,43.763695069312,43.7415429900616,43.7158531279389,43.6876978665314,43.6595844836695,43.6359862357521,43.6235034762347,43.6300669286616,43.6625539836965,43.7227486463454,43.8030223133567,43.8848622555076,43.9434820450807,43.9583159772921,43.9237157369037,43.8521795139984,43.7675318997319,43.6932481873736,43.6437450440789,43.6224035871247,43.6247180387591,43.6428928323308,43.6693159269712,43.6982208379999,43.7259787955938,43.7507103522771,43.7717190297407,43.7889959898816,43.802870501619,43.8137964351743,43.8222378509807,43.8286166143926,43.8332938752276,43.8365670572527,43.8386719326281,43.8397849188597,43.8400241779957,43.8394498205974,43.8380639400861,43.8358107762733,43.8325765277972,43.8281877299364,43.8224072053105,43.8149278583168,43.8053674580442,43.7932724516133,43.7781460889021,43.7595255721408,43.737142894546,43.7112090622362,43.682848726181,43.6546584056592,43.631235358393,43.6193109085205,43.6268861192057,43.6607448735359,43.7223246719967,43.8034244656616,43.8849664544951,43.9419864896241,43.95438116809,43.9174418431445,43.8445514468317,43.7598773382402,43.6866202305168,43.6386047287619,43.6186666257555,43.6219937162756,43.640722616611,43.6673186004259,43.6961424333149,43.7236836590543,43.7481489300721,43.768894048691,43.7859361351617,43.7996133140749,43.8103789677863,43.8186927677012,43.8249715505602,43.829572330404,43.8327895962674,43.83485695074,43.8359486556182,43.8361800140126,43.835607128025,43.8342268556009,43.8319772247107,43.8287376795444,43.8243278909237,43.8185039971722,43.810952528672,43.8012853292816,43.7890439036976,43.7737290694713,43.7548813596121,43.7322474906003,43.7060726526999,43.6775441167716,43.6493546106089,43.6262229847793,43.6149923040457,43.6236930573628,43.6589587308471,43.7218320173289,43.803540372138,43.8845216429502,43.9397738060639,43.9497713987009,43.910747352917,43.8368466856025,43.7524164200156,43.6802813263496,43.6336730932866,43.6149498708865,43.6190742012562,43.6381729431319,43.6648146334289,43.693488826977,43.7207922380118,43.7450028501236,43.7655153177165,43.7823624829863,43.7958844012701,43.8065297546914,43.8147515681572,43.8209606717954,43.8255097207308,43.8286904206364,43.830734464323,43.8318141437892,43.832041893911,43.8314695300079,43.8300880960056,43.8278285429686,43.8245624757269,43.8201015286458,43.8141941139054,43.8065198030329,43.7966848569073,43.7842277612706,43.7686512800829,43.7495071978208,43.7265695777163,43.7001359223524,43.6714792362243,43.6434130382673,43.6207951633481,43.6105756151815,43.6207689988435,43.657762339162,43.7220738448142,43.8042542112264,43.8842560880495,43.9371832401423,43.9443172120513,43.9030109295389,43.8281951992582,43.7442791567866,43.6735540829367,43.6285534147368,43.6111308833467,43.6160501184923,43.635470735619,43.6620995360582,43.6905749701683,43.7176082894708,43.7415484388378,43.7618251609012,43.778482572922,43.791858824742,43.8023950623662,43.8105357561021,43.8166845015217,43.8211887809859,43.824336902111,43.8263580863565,43.8274220604271,43.8276377121826,43.827051775442,43.8256485412576,43.8233507785803,43.8200209821516,43.8154613693966,43.8094112920393,43.8015423892603,43.7914552739673,43.7786871289568,43.7627474581995,43.743208949708,43.7198896840585,43.6931651731999,43.6644293586433,43.6366575570927,43.6148816884075,43.6061650539959,43.6184526422656,43.6577469920218,43.7238331209953,43.806384746175,43.8848059506817,43.9344708746926,43.9378121104572,43.8936387011245,43.8178094605325,43.7347047816931,43.6658676872742,43.6229352281403,43.6071492324433,43.6130547370804,43.6328738763788,43.6594947299914,43.6877409466907,43.7144620103228,43.7380903995192,43.75809609287,43.7745355597777,43.7877442997621,43.7981545755221,43.8062008706296,43.8122781623762,43.8167274031023,43.8198321281783,43.8218176889909,43.8228498560162,43.8230326336181,43.8224064195303,43.8209475639203,43.8185694729717,43.8151242815817,43.8104034313299,43.8041358185456,43.7959840024152,43.7855426594856,43.7723493231662,43.7559255406571,43.7358762955343,43.7120842245878,43.685035517308,43.6562908891892,43.6290418938682,43.60854208221,43.6019778965844,43.6171542484756,43.6595054426012,43.7278044338214,43.810579957545,43.8866008962549,43.9317263798261,43.9299929779603,43.8821152282735,43.8050847907453,43.723156272955,43.6568555239769,43.6166584266176,43.6030350049306,43.6102637591175,43.6306520943319,43.6573184766354,43.6853194797116,43.7116781882146,43.7349327372623,43.7546053468122,43.770770392726,43.7837626555456,43.7940055852139,43.8019228136655,43.8078993123964,43.8122677651171,43.8153049512456,43.8172302469614,43.8182033925395,43.8183216145352,43.8176173564564,43.8160576938168,43.8135455349378,43.8099215733351,43.8049653166014,43.7983939641581,43.7898599237189,43.7789517112169,43.7652091244591,43.7481719072037,43.7274907645196,43.7031373687747,43.6757476874349,43.6471038053527,43.6206770763037,43.6019947741473,43.5983681770122,43.617362494708,43.6636091410218,43.7345339863984,43.8172255163583,43.8897636067296,43.9287957133887,43.9205117764487,43.8680301974497,43.7896662208047,43.709402099064,43.64642863306,43.6097645755515,43.5989340685543,43.6078974616385,43.6290719896933,43.6558601145253,43.6836046202439,43.7095430679416,43.7323461377442,43.7516040242522,43.7674172470333,43.7801235819273,43.7901388071861,43.7978753679296,43.8037069703217,43.8079561300321,43.8108905370609,43.8127210441583,43.8135988431005,43.8136121242376,43.8127835345434,43.8110694844078,43.8083613508017,43.8044875230138,43.7992146945155,43.7922474155886,43.7832271688069,43.7717364761925,43.7573200121581,43.7395432472271,43.7181185912447,43.6931354491263,43.6654246018057,43.637050621069,43.6118319534306,43.5956162835248,43.5958188886194,43.6196219639449,43.6705644447785,43.7443547086215,43.8263701203011,43.8940455212183,43.9252459588846,43.9089355665511,43.8511049799873,43.7714859468348,43.6935511426508,43.6348007255468,43.6025096222404,43.5951087548117,43.6062108361233,43.6283786748767,43.655355461838,43.6828230974271,43.708273534191,43.7305364434394,43.7492858817532,43.7646572408594,43.776995575692,43.7867106217454,43.7942036405644,43.7998359939195,43.8039181752979,43.8067063987261,43.8084003358358,43.8091399879176,43.8090021512398,43.8079977894023,43.8060712870096,43.8031015665029,43.7989040358844,43.7932319478077,43.7857765784893,43.7761681594382,43.7639840742806,43.7487776426971,43.7301495540609,43.7078930479108,43.6822484416578,43.6542915893472,43.6264343611123,43.6029068170618,43.5899069257949,43.5948952928864,43.6244711032108,43.6807383719518,43.7573132226113,43.8376755338055,43.8988187119576,43.9203995790607,43.8948013323038,43.8312375191329,43.7507786375798,43.6760378402639,43.6224550757465,43.5953257422202,43.5919025732636,43.6054633467002,43.6287694811173,43.6559625201361,43.6831104973851,43.7079929973277,43.7296200844642,43.7477624889813,43.7625976306635,43.7744814782834,43.7838191892691,43.7910009029052,43.7963747073777,43.8002374072293,43.8028315582197,43.8043432026987,43.8048987119521,43.8045613127586,43.8033285520731,43.8011315529455,43.7978359689639,43.7932436692781,43.7870940122076,43.7790646681408,43.7687748088091,43.7557984389133,43.7397028189382,43.7201357836604,43.6969940685742,43.6707064922687,43.642648150454,43.6156429464507,43.5943866713159,43.5854286345283,43.5961645904396,43.6323472367874,43.6942641493852,43.7731039428873,43.850409848835,43.9031404194035,43.9134473496935,43.8777268870557,43.8085632919698,43.7280742666229,43.6575613641706,43.6100598994312,43.5887391679927,43.5896744441578,43.6058722799068,43.6303628926002,43.6577406757474,43.6844960913614,43.7087186764966,43.7296120181521,43.7470510098915,43.7612592178727,43.7726056072686,43.7814915403144,43.7882959004088,43.7933526582831,43.7969435249455,43.799295595431,43.8005792819544,43.8009053468064,43.8003216902724,43.7988110406645,43.7962902459192,43.7926109996369,43.7875611438945,43.7808657841278,43.7721888867672,43.7611392772887,43.7472903441372,43.7302302950075,43.709668652285,43.6856318009385,43.6587782920108,43.6308382445998,43.6051073214291,43.5867823290192,43.5827250950461,43.6000961389607,43.6434790063224,43.7109536442885,43.7910401914117,43.8635072332217,43.9058961778697,43.903624924969,43.8575502372135,43.7835077046258,43.7041588148949,43.6389862319147,43.5983506928928,43.5832655525129,43.5887213977769,43.6075637780009,43.6331721542487,43.6606394862336,43.6869004377322,43.7103635115438,43.7304291761607,43.7470776967251,43.7605792429784,43.7713159065098,43.7796851122033,43.7860540327342,43.7907417279507,43.794013711208,43.7960802892762,43.7970948244177,43.7971511027777,43.7962805057499,43.7944499922406,43.7915614218907,43.7874519903086,43.7818950799048,43.7746012369081,43.7652208077471,43.7533534636521,43.7385757038953,43.7205053179943,43.6989304091541,43.6740359144896,43.6467532640343,43.6192215323598,43.5952569371516,43.5805655292526,43.5822352087097,43.6069607652368,43.6577938149929,43.7302505174344,43.8100927954695,43.8757067742619,43.9060057386692,43.8904122187919,43.8344493549659,43.7567953995636,43.6799927887388,43.6212164972435,43.5880040684184,43.5793096885835,43.5892124239642,43.6105376994417,43.6370934163173,43.6645020625002,43.6901475243851,43.7127525557146,43.7319082881925,43.7476955577933,43.76042812659,43.7704994970951,43.7783021452701,43.784190791772,43.7884688739575,43.7913849389361,43.7931316927039,43.7938446531062,43.7935999218079,43.7924117811354,43.7902309664987,43.7869439758847,43.7823731508888,43.7762770504294,43.768351398647,43.7582331469273,43.7455143870484,43.7297792204696,43.7106848729659,43.6881164593917,43.6624475698588,43.6349248099919,43.608143826871,43.5864730929863,43.5761028231307,43.5842114453098,43.6167495083525,43.6748681929656,43.7512521691384,43.8290105700582,43.8857574602394,43.9026491600583,43.8736979368563,43.8089929962065,43.7293919838038,43.656589635367,43.6050629691404,43.5795284202073,43.5770926598313,43.5911505543635,43.6146568013571,43.6419132871489,43.66908373152,43.6939893080035,43.7156499534063,43.7338332046124,43.7487108505942,43.7606345529566,43.7700061417353,43.7772115426223,43.782592158874,43.7864352671508,43.7889720592845,43.7903773517621,43.7907686322293,43.7902042376717,43.7886813515439,43.7861345070157,43.7824348031862,43.7773895669855,43.7707422588058,43.7621735654716,43.7513073594629,43.7377299447689,43.7210378979367,43.7009381941614,43.6774315439018,43.6511091544761,43.6235706504687,43.5979046830843,43.579041484422,43.5735949697097,43.5886568596571,43.6291320211403,43.6939422844961,43.772811106495,43.8465092649149,43.8926466088557,43.8954526305401,43.8538549983331,43.7820944585033,43.7023797073284,43.6348744352992,43.5911286754765,43.5731923123081,43.5766199100653,43.5943698350714,43.6196618323667,43.6473339827323,43.674081996996,43.6981373244079,43.7187903838612,43.7359651754953,43.7499116863964,43.7610121813516,43.7696730184216,43.7762717647281,43.7811357363036,43.7845358005043,43.7866858274554,43.7877429660749,43.7878070422601,43.7869190980822,43.7850597171633,43.7821476616672,43.7780388949826,43.7725257602866,43.7653364477623,43.7561364385059,43.7445368573162,43.7301199823557,43.7124995587873,43.6914420028648,43.6670804977343,43.6402488069796,43.6129290226225,43.5887237321822,43.5731097627565,43.5730328817658,43.5952964122098,43.643470512223,43.714005154732,43.7937011734758,43.8614867104133,43.895790572883,43.8845777734998,43.8316992506475,43.7548757941998,43.6767969591922,43.6155560287962,43.5797363799678,43.5690020025766,43.577692044484,43.5985635292712,43.6252065224928,43.6530094152248,43.6791712022679,43.7022950312133,43.7219088912697,43.7380702277971,43.7510930836501,43.7613825135406,43.7693455323163,43.7753497048316,43.7797077916816,43.7826743914301,43.7844465316727,43.7851643904109,43.7849109754688,43.78371095083,43.7815291935512,43.7782694511382,43.7737730649229,43.7678176046347,43.7601159320209,43.7503181930825,43.7380230129384,43.722810072046,43.7043141206455,43.6823688164932,43.6572528971361,43.630060594201,43.6031739689901,43.580712286795,43.5686604999037,43.5741836168997,43.6035955632526,43.6588939985313,43.7339371197504,43.8128094115323,43.8732053381153,43.8951311249055,43.870686477713,43.8083436228875,43.7284830016785,43.6534869065166,43.5990445854057,43.5709116477651,43.5667272422434,43.5799499767861,43.6033329856033,43.6309025894291,43.6585840042795,43.6840353358744,43.7061856184197,43.7247647411152,43.7399398807845,43.7520751094707,43.7615908371977,43.7688913052902,43.7743328802,43.7782137447136,43.7807728121555,43.7821911807292,43.7825931670675,43.7820461827422,43.7805597632885,43.7780842560042,43.7745093880069,43.7696625930813,43.7633070476507,43.7551403555624,43.7447972377041,43.7318638965534,43.7159182178241,43.6966182788849,43.6738696730496,43.6481040610351,43.6206845085522,43.5943962210723,43.573859400396,43.5655107429516,43.5766167741684,43.6128297232574,43.6744212547232,43.7526757003167,43.8293013354481,43.8813887954719,43.8911092061744,43.8547940141861,43.7849940860926,43.7039072828827,43.6329959148834,43.5854320163087,43.5644197756795,43.5659635370185,43.5829400128289,43.6082443339225,43.6363649160534,43.663727279281,43.6883943237541,43.7095722142552,43.7271572573453,43.7414037946838,43.7527130988447,43.7615144851248,43.7682067563605,43.7731344931589,43.7765817867829,43.7787728893106,43.779874265588,43.7799958056168,43.7791908130487,43.7774551575574,43.7747260067367,43.7708802158556,43.7657321819436,43.7590312360184,43.7504599532353,43.7396376103421,43.7261378696102,43.7095368306993,43.6895162695134,43.6660544752474,43.6397364371573,43.6121914755584,43.5865961863174,43.5680397199089,43.563344426575,43.5797724174449,43.6221944715658,43.689105759417,43.7693628228905,43.8427143177536,43.8862067488147,43.8845275289586,43.8380571972383,43.762746821655,43.6818583887364,43.6155418137842,43.5745325192398,43.5598415936533,43.5662130775738,43.5861835797631,43.612881919588,43.6412497592704,43.6681601483493,43.6920217420525,43.7122697278187,43.7289336728942,43.7423348482992,43.7529007155712,43.7610643346094,43.7672173049339,43.7716924835825,43.7747608493981,43.7766334017858,43.7774635640893,43.7773484489934,43.7763288827375,43.774388619209,43.7714530573415,43.7673873983718,43.7619939834673,43.7550090133021,43.7461004669183,43.7348723088264,43.7208854412005,43.7037134593962,43.6830602559666,43.6589735476688,43.6321849895233,43.6045768684579,43.5796919257673,43.5630441795282,43.5617744507114,43.5830595435678,43.6309344929551,43.7021700329096,43.7834386952555,43.8529594112919,43.8881594566645,43.8763465813765,43.8215568625801,43.742434463425,43.662710793078,43.6010471177771,43.5659642902997,43.5566665475473,43.5669665939962,43.5892395255189,43.6168914137491,43.645282543396,43.6716717168313,43.6947542303434,43.7141494053184,43.7299905082498,43.7426483950564,43.752567731152,43.7601814981224,43.7658732041433,43.7699646365326,43.7727150532919,43.7743238951725,43.7749333156349,43.774629384693,43.7734420879666,43.7713445675306,43.7682518047746,43.7640185366722,43.7584360769106,43.7512283619855,43.7420494552109,43.730488414867,43.7160932883846,43.698434091535,43.6772338701818,43.6526033459676,43.6254084626671,43.597762614062,43.5735393166986,43.5586262973402,43.5604209588182,43.5859642518815,43.6384644858386,43.7131033794164,43.7946695310793,43.8602449306226,43.8879046066902,43.8674717156094,43.8061231756347,43.7245427762985,43.6465158878991,43.5892140200264,43.5592463472289,43.5543822461526,43.5677727568821,43.5917519367502,43.6200098452017,43.6482750339332,43.6741278310699,43.6964944778529,43.7151383045875,43.7302708331283,43.7422981188248,43.7516749748825,43.7588316804606,43.7641435024697,43.7679222723223,43.7704172021903,43.771818021687,43.7722574281977,43.7718121264251,43.7705027599269,43.7682931750729,43.7650890934448,43.7607358310846,43.7550146563717,43.7476382057989,43.7382475704432,43.7264177138961,43.7116841853698,43.6936126306008,43.6719420369908,43.6468384067912,43.6192867030779,43.5916049498678,43.5679568638043,43.5545505619399,43.5589858932892,43.5881432395879,43.6444591810661,43.721711908276,43.8031207159965,43.8649600670768,43.8860812916392,43.8585811172448,43.7922287043427,43.7091928803254,43.6330555756455,43.579611681658,43.5538864317041,43.5525452338648,43.5682875405811,43.5934809847505,43.6220829067415,43.6501336245395,43.6754736661519,43.6972103130182,43.715216276218,43.7297600053271,43.741271077556,43.7502090382148,43.7569997828636,43.7620107111576,43.7655450889315,43.7678438753759,43.7690889334465,43.7694052087677,43.76886151277,43.7674703627674,43.7651872963608,43.7619096009149,43.7574739327067,43.7516523231957,43.7441470673612,43.7345874464639,43.7225356309186,43.7075158131023,43.6890895383606,43.6670097689271,43.6414913153771,43.6136239198348,43.5859044525976,43.5627469943627,43.5506289352892,43.557304729028,43.589482297007,43.6488987646584,43.7281236526292,43.8091010822719,43.8675628711434,43.8831779449025,43.8500243898073,43.7799519892767,43.6961698034793,43.6219095657865,43.571751378372,43.5494439012401,43.5508249048591,43.5683009225499,43.5943171449257,43.6230712116553,43.650860888235,43.6757326237169,43.6969321623397,43.7144126992007,43.7284821251691,43.7395841713303,43.7481789670868,43.7546869746019,43.7594683667628,43.7628192912719,43.7649741713474,43.766108670549,43.7663414207738,43.7657344663406,43.7642930041476,43.7619648008927,43.7586390822047,43.7541441933043,43.7482434204843,43.7406295241098,43.7309212418359,43.7186697331077,43.7033899957062,43.6846415153643,43.6621920294376,43.6363026827782,43.6081591080372,43.5804177734129,43.5577102967175,43.5467381889106,43.5553650653072,43.5901097500374,43.6520659041633,43.7327575022135,43.8131012038068,43.868502890795,43.8794687630836,43.8417997129657,43.7690021386951,43.6849786509077,43.6125182419404,43.5651373971558,43.5455619570869,43.5490192736902,43.5677417530769,43.5942802991115,43.6230470372799,43.6505517868743,43.6750028192636,43.6957501154592,43.7128042193218,43.7264984871815,43.7372833454017,43.7456162600356,43.751911525938,43.7565227235193,43.7597401464807,43.7617931108175,43.7628523879593,43.7630313182131,43.762385843551,43.7609141500243,43.7585562535382,43.75519316922,43.7506447812787,43.7446656874513,43.7369396165634,43.7270759699809,43.7146170510418,43.6990719230237,43.6800023088248,43.6571955134972,43.6309629201827,43.6025864023836,43.5748746424308,43.5526566283364,43.5428218372173,43.5532954418166,43.590368319747,43.6544991600757,43.7362628603586,43.8157334018967,43.8681829551892,43.8750159046599,43.8335996134945,43.758791983632,43.6749193151056,43.604238264719,43.5592960717334,43.5419739879084,43.5470473223197,43.5666642469237,43.5935057272459,43.6221824471678,43.6493847520878,43.6734510466625,43.6938103805985,43.7105132800069,43.7239078562351,43.7344453804174,43.7425780158926,43.7487131990783,43.7531982893176,43.7563185675467,43.758299168737,43.7593067431439,43.759449818914,43.7587783665693,43.7572833510644,43.7548965489227,43.7514901117076,43.7468748107111,43.7407961284133,43.7329288555401,43.7228740517935,43.7101675361421,43.6943167385148,43.6748923910543,43.6517109123171,43.6251458357506,43.5965876295582,43.5690054770075,43.5474221154541,43.5388894155982,43.5513398364626,43.5907611151219,43.6569148793574,43.7394339743633,43.8176658622937,43.8669410834552,43.8697121523872,43.8249023843707,43.7485468670567,43.6651794254271,43.5964002671638,43.5537964287964,43.5384968303566,43.5449275382211,43.565222035705,43.5922198696168,43.6207295529178,43.6476071117674,43.6713029984778,43.6913095728516,43.7077057383699,43.7208467865642,43.7311804274093,43.7391513137896,43.7451591854506,43.7495450869344,43.7525895006865,43.7545136177682,43.755480055676,43.7555923804083,43.7548941702632,43.7533684859618,43.7509379610115,43.7474648378617,43.7427497178434,43.7365281097633,43.728465537196,43.7181554227934,43.7051295760974,43.6888990518326,43.6690528962273,43.6454512944282,43.6185506630349,43.5898757576183,43.5625818317394,43.5418993387226,43.5350264022509,43.5498365205177,43.5918925566746,43.6601143395558,43.7431041801234,43.8195393609524,43.8650253535656,43.8633296757458,43.8150795823203,43.7374332849233,43.6549453935627,43.5883797709039,43.5482782634763,43.5350261411227,43.5427544367356,43.5636375128019,43.5907100331272,43.6189944194609,43.6455145454471,43.6688282578433,43.6884846253525,43.7045849021535,43.7174870171591,43.7276320968603,43.7354554492661,43.7413480517778,43.7456439674951,43.7486183438607,43.7504878586057,43.7514104174494,43.7514838149173,43.7507443021297,43.7491659832875,43.7466611853022,43.7430809845933,43.7382145276727,43.7317862060282,43.723451623168,43.7127970290493,43.699352821528,43.682639922716,43.6622776139839,43.6381897771998,43.6109454718147,43.5822427734533,43.5554650836965,43.5360796296484,43.5314188713239,43.5492112544627,43.5944188100497,43.6648912240804,43.7480293772526,43.8218643067079,43.8625459928828,43.8555498286299,43.803493499529,43.7246881395517,43.6435229312925,43.5796823832233,43.5424948080073,43.5315433085013,43.5406820041117,43.5621734859105,43.5892927068293,43.617307069999,43.6434251945405,43.6663192788136,43.6855965026261,43.7013794207936,43.7140268436174,43.7239716175165,43.7316382603644,43.7374077208549,43.7416058533535,43.7445011797265,43.7463044823,43.7471675176542,43.7471808813563,43.7463721324267,43.744705126743,43.7420806296871,43.7383372777641,43.7332514544581,43.7265352066239,43.7178334347331,43.7067256333134,43.6927437202758,43.675425962193,43.6544366972605,43.6297889412913,43.6022030815821,43.5736018465458,43.5476523638112,43.5300965537039,43.5283835094471,43.5499789590063,43.599007271241,43.6719452812237,43.7547716205905,43.8249099829192,43.8594118729683,43.8459719593024,43.7895728172035,43.7097307418259,43.630448703493,43.5700289880132,43.5363616648816,43.5281310643703,43.5389149895386,43.5611099247823,43.5882836395219,43.6159901920434,43.6416500556515,43.6640649218322,43.6829073178541,43.6983238434889,43.7106746820706,43.7203838569503,43.727864053569,43.7334848209142,43.7375621422601,43.7403560008249,43.7420692176381,43.7428453286842,43.7427658057671,43.7418478410964,43.7400436342815,43.7372411743187,43.7332655124112,43.7278791046558,43.7207805419803,43.7116033567411,43.6999209762159,43.6852705161774,43.667216814472,43.6454875564363,43.620216255018,43.592321999904,43.564013924944,43.5393069135576,43.524254555835,43.5263844431103,43.5527350864236,43.606290463973,43.6817972922043,43.7635919204023,43.8286080965656,43.8552787474605,43.834122286213,43.7728724250243,43.6922471043564,43.6155716980885,43.5594165776181,43.5299911060275,43.5249833586403,43.5377001531141,43.5607229627858,43.5879700085392,43.6153284448518,43.6404620316964,43.6623207683451,43.6806526514276,43.6956331611554,43.7076257296503,43.7170458161847,43.7242935767437,43.7297257913239,43.7336466705134,43.7363053627129,43.7378942277115,43.7385461085702,43.7383311273553,43.7372542728718,43.7352546650832,43.7322064094647,43.7279200151899,43.7221430768526,43.7145598851084,43.7047923125624,43.6924090774224,43.6769574892256,43.6580406732577,43.6354722257945,43.609543992878,43.5814293803699,43.5536932970126,43.5307637796335,43.5190290900116,43.5260186435331,43.55811612945,43.6167967400794,43.6946982114184,43.774361804633,43.8324968991254,43.849543884368,43.8194928903124,43.7531324437753,43.6722436964392,43.5990879186387,43.5481322632559,43.5236899600785,43.5223924578605,43.5373064893356,43.5612607218791,43.5885834768208,43.6155399640603,43.6400668536519,43.6612802119902,43.6790133417734,43.6934756128163,43.7050359167036,43.7141017160347,43.7210601372893,43.7262538920601,43.7299734824054,43.7324548275527,43.7338772075606,43.7343601995546,43.7339602945697,43.7326684457585,43.7304093358309,43.72704220058,43.7223622219845,43.7161014342869,43.7079293376171,43.6974564561311,43.6842492513173,43.6678721886715,43.6479817284398,43.6245050791264,43.5979371480262,43.5697685044436,43.5429927253892,43.5225084932633,43.5150321339182,43.5279604140174,43.5667189086495,43.6308515984114,43.7105363199372,43.7865103540476,43.8357320444806,43.8414141149626,43.8016302608063,43.7303446928806,43.6500691416404,43.5815208143799,43.5367103870693,43.5179111567237,43.5207051912239,43.5379891124321,43.5629136484691,43.5902745769219,43.6167527346064,43.640580181647,43.6610517288776,43.6780928129714,43.6919501776304,43.7029997384174,43.7116413311575,43.7182485568208,43.7231488484201,43.7266171954753,43.7288740564144,43.7300832002793,43.7303485649061,43.7297109231848,43.7281455311134,43.7255614142914,43.7218020648955,43.7166466724398,43.7098112091499,43.7009502908229,43.689664197363,43.6755210717537,43.6581120742096,43.6371661356141,43.6127575541404,43.5856358078375,43.5576766435799,43.5323728751604,43.5151319492942,43.5129450986508,43.5328674412063,43.5789849280866,43.6484634992027,43.7287648634709,43.7990328504575,43.837184318236,43.8300538319098,43.7802672844608,43.7048162242823,43.6263976552994,43.5636484183836,43.5258388272783,43.5131665831508,43.5202551725774,43.5399421494804,43.5657836517949,43.5930923886066,43.6189900506698,43.64201565212,43.6616476999419,43.6779058317462,43.6910750153572,43.7015384419077,43.7096881272667,43.7158834998096,43.7204355916244,43.7236023203282,43.7255868066849,43.7265352988155,43.7265341584516,43.725606749731,43.7237112804609,43.7207401019794,43.7165201992773,43.7108141838199,43.7033216283017,43.6936825966703,43.6814891695729,43.6663168983402,43.6477961950401,43.625752129635,43.600445412911,43.5729372843191,43.5455582299683,43.5223606933501,43.5092665930375,43.5134265927228,43.5412615360783,43.5950722559841,43.6692267364566,43.7483865519507,43.810587447803,43.8356270236265,43.8147901236348,43.7554636190017,43.6772017860788,43.6021648419153,43.5463862717933,43.5162341720199,43.5099230079884,43.5212895270446,43.5432541944022,43.5698611149509,43.5969754391726,43.622169185459,43.6442871724475,43.6629878609756,43.6783818323447,43.6907901421162,43.7006019722388,43.708200634061,43.7139305357255,43.7180852920293,43.7209045079557,43.7225725594011,43.7232167223658,43.722904421364,43.7216404390332,43.7193649829592,43.7159529647561,43.7112142224316,43.7048942767771,43.6966761260088,43.6861860747657,43.6730110839805,43.6567417800384,43.6370635383866,43.6139256681184,43.5878196275403,43.5601788195752,43.5338541707936,43.5134984739113,43.5055085203982,43.5170058892451,43.5534052380453,43.6147484363038,43.6922824540887,43.7680292062588,43.819688458569,43.8299861585125,43.7953227868173,43.7277015225221,43.6484736820693,43.5784526232007,43.5306441895856,43.5085130484401,43.5085078143576,43.5239112562115,43.5478806537392,43.5750182179359,43.6017579884446,43.626114699976,43.6472253424727,43.6649164999887,43.6793816373237,43.6909731154915,43.7000834828514,43.7070858828158,43.7123087288164,43.7160273679616,43.7184622266491,43.7197780520423,43.7200823047501,43.7194227292538,43.7177849067461,43.7150905193338,43.711196547446,43.7058951856375,43.6989144443658,43.6899207577898,43.6785279465563,43.6643219693386,43.6469180578598,43.6260751121747,43.6018983637397,43.5751573939785,43.5477174071043,43.5230046942768,43.5062835681542,43.5043309912703,43.5239770047087,43.5692013417974,43.6373410714169,43.7163720072724,43.7861246521204,43.8249709268805,43.8195945887868,43.7718716794146,43.6978893224406,43.6198142356983,43.5563361979137,43.5171833828285,43.5030873289701,43.5090467781758,43.5280521251919,43.5536412207165,43.5810217349785,43.6071913609511,43.6305838213093,43.6506041185933,43.6672288215341,43.6807226911439,43.6914627749125,43.6998415043763,43.7062200921238,43.7109100186647,43.7141677728858,43.7161941587125,43.7171339459489,43.7170745298463,43.7160438198121,43.714008094703,43.7108703880332,43.7064695248269,43.7005797161248,43.6929111608791,43.6831139431419,43.6707911303716,43.655532692118,43.6369894750794,43.6150144600397,43.5899023550006,43.5627481364338,43.5359024662406,43.5134036953994,43.5011012546446,43.5059995276807,43.5343137543674,43.5881446097952,43.6617749859142,43.739993518108,43.8011662815285,43.8254653230034,43.8043751330842,43.7452052780078,43.6672544501305,43.5924462307701,43.5367237598932,43.5065036671275,43.5001041694764,43.5114453222293,43.5334802624211,43.5602420206166,43.5875621090449,43.6129755701884,43.6352982659294,43.6541716324068,43.6697001788857,43.682206461422,43.6920847555428,43.6997236224447,43.7054706216622,43.7096195912025,43.7124079300273,43.7140168302669,43.7145712524701,43.714138814496,43.7127279483285,43.7102859733927,43.7066974963523,43.7017832019993,43.6952991352905,43.6869375134569,43.6763324715028,43.6630783928798,43.646774830455,43.6271199898626,43.6040820409572,43.5781780548785,43.5508715099438,43.5250404885325,43.5053475032233,43.498159716869,43.5105053889019,43.5476294737388,43.6093491062793,43.686704233666,43.7616376660934,43.8119841989786,43.8208032809962,43.7848910155703,43.7165324857932,43.6371498363429,43.5674441722014,43.5202277216516,43.4987843417607,43.4994395328581,43.5154120901903,43.5398365751114,43.567315013252,43.5942913855068,43.618794299377,43.6399760852387,43.6576791498107,43.6721124646608,43.6836425364046,43.6926735106069,43.6995865970172,43.7047143265158,43.7083325779045,43.7106598597888,43.7118582235541,43.7120334603017,43.7112341562272,43.7094500398797,43.7066101663476,43.7025812136295,43.6971659455483,43.6901022084815,43.6810641917665,43.66967060517,43.6555093338158,43.6381951083896,43.6174848874044,43.5934817531872,43.5669542501477,43.5397689050071,43.5153564288408,43.4989876136166,43.4974425205357,43.517537641152,43.5632007334881,43.6316574496617,43.7107169029338,43.7800451428738,43.8179591441736,43.8112891550264,43.7622443846733,43.6872886583654,43.6088305958492,43.5455787268597,43.5070983575739,43.4938876910451,43.5007399423111,43.5205135586685,43.546687944459,43.5744642063002,43.6008616717957,43.6243467340561,43.644358363321,43.6609038928602,43.6742739561708,43.6848660864031,43.6930877643938,43.6993100397311,43.703849598055,43.706964534974,43.7088551250449,43.7096651812332,43.7094823670834,43.7083373455575,43.7062022296312,43.7029887665427,43.6985464167302,43.6926604163189,43.6850505238013,43.675372960049,43.6632315567212,43.6482097055756,43.6299422596712,43.6082546882258,43.5834011610262,43.5564238422495,43.5296143994315,43.5069614634766,43.4943012702762,43.4986956703624,43.5265095141352,43.5800597670159,43.6538128978714,43.7325618905009,43.7944124417522,43.8191098776435,43.7978152973424,43.737855979744,43.658882685181,43.5832659929783,43.5272338164588,43.4972307853532,43.4914170017497,43.5034965596762,43.5262434611218,43.5535839494084,43.5813090352102,43.6069575364666,43.629371875003,43.6482278611112,43.6636637348401,43.6760311798016,43.6857475853312,43.6932184969874,43.6988028896909,43.7028014447649,43.705455167332,43.7069471840819,43.7074043385823,43.7068975197376,43.7054408342353,43.7029900797643,43.6994408308894,43.6946262027029,43.6883144529844,43.6802075097117,43.6699437793731,43.6571126913248,43.6412946757892,43.6221483467924,43.5995745836689,43.573989317736,43.5467209128684,43.5204933044107,43.4998380462864,43.4910927160834,43.5014605241771,43.5366416366837,43.5971395266104,43.6746521016082,43.7513344369005,43.804485694627,43.8160301929489,43.7816517131872,43.7131961088791,43.6324781867573,43.5610328828452,43.5124087758085,43.4902342346136,43.4908086901623,43.507131536114,43.5320914571886,43.5601065892123,43.5875184706156,43.6123187714304,43.63366359159,43.6514189787932,43.6658237856976,43.6772731750112,43.6861953751861,43.6929901603173,43.6980034654706,43.7015204598065,43.7037662226781,43.7049081758124,43.7050577341377,43.7042705672587,43.7025457399283,43.6998241467678,43.6959864267298,43.6908503394711,43.6841678624561,43.6756235166876,43.6648381625046,43.6513871985829,43.6348489817847,43.6149077937936,43.5915431618835,43.5653367416196,43.5379047759782,43.5123951608366,43.4938496432113,43.4890307278961,43.5051516553066,43.5470878136227,43.6134378314654,43.6932681307087,43.7665701553355,43.8105204748108,43.8097020620571,43.7641777723319,43.6895425784942,43.6088588940395,43.5423034321451,43.5007908714496,43.4855381004004,43.491434433532,43.5110789617742,43.5376000712156,43.5659071260044,43.592833298552,43.6167529383793,43.6370769402876,43.6538201493075,43.6672962816707,43.6779297209756,43.6861527115499,43.6923568085649,43.6968748165058,43.6999774486116,43.7018753977617,43.7027220717428,43.7026151509372,43.7015967203621,43.6996523453232,43.6967094364712,43.692634955689,43.6872323679056,43.6802382091902,43.6713202151905,43.6600821473099,43.6460857216502,43.6289075339515,43.6082577296024,43.5841940282301,43.5574610809226,43.5299542464164,43.5052234495137,43.4887749273716,43.4877169229083,43.5091648818028,43.5570759590287,43.6281622004069,43.70910582377,43.7782310529596,43.8131311909984,43.8012471106971,43.7466298667347,43.6678172223335,43.5883911976998,43.5269088780621,43.4918671780292,43.4825060218565,43.4926931977599,43.5148490325378,43.5424048180771,43.5707287444562,43.5970772623168,43.620139331251,43.6395277795857,43.6553708389425,43.668035993211,43.6779657421631,43.6855915045393,43.6912953652118,43.6953976193045,43.6981560023439,43.6997686007764,43.7003766141327,43.7000657002492,43.6988659385865,43.6967508364177,43.6936356300816,43.6893747888335,43.6837585481789,43.6765089563465,43.6672778115441,43.6556525064858,43.6411816113092,43.6234400658048,43.6021629668875,43.5774830394647,43.5503000445277,43.5227717068989,43.4988182959136,43.4843575844432,43.4867687793661,43.5129910170834,43.5660335152145,43.6408270107043,43.7219786709971,43.7866053909962,43.8130860492754,43.7916864157114,43.7299175909242,43.6485159780436,43.571064438824,43.5144439933657,43.4850423086057,43.4805348661406,43.4940808874313,43.5180708937834,43.5462573535664,43.5744169029525,43.6001596870914,43.6224271333441,43.6409884028955,43.6560557731209,43.6680336812977,43.677374365448,43.6845051986713,43.6897984624965,43.693563060947,43.6960454750833,43.6974330478342,43.6978565411123,43.6973911742218,43.6960564021255,43.6938148775514,43.6905707341203,43.6861669424267,43.6803814816049,43.6729229173944,43.6634281838817,43.6514694296879,43.6365831119269,43.6183430491628,43.596508427827,43.5712829951352,43.5437115777625,43.5161937952978,43.4929842094085,43.4803574134349,43.4858961450644,43.516309366661,43.5736734668934,43.6512929995629,43.7320236944395,43.7921680074762,43.8111108662974,43.781761711396,43.7145287233673,43.6317172740152,43.5565736921984,43.5043761486994,43.4797362473557,43.4791250520686,43.4952330527807,43.5205146138257,43.5490342485591,43.5769205684126,43.6020727217731,43.6236306656122,43.6414818603161,43.6558988982482,43.6673100157933,43.6761709888866,43.6829031221386,43.6878691621555,43.6913679937063,43.6936366126306,43.6948533906954,43.6951402299707,43.6945632204567,43.693132237426,43.6907999123208,43.687459980224,43.6829445882388,43.6770202156127,43.6693828967866,43.6596559484306,43.647397866892,43.6321348484223,43.6134413278497,43.5911012817148,43.5653873103875,43.5374811352771,43.5100055595458,43.487515174023,43.4765894453877,43.4849530229869,43.5190418465242,43.5800291395963,43.6597550064087,43.7396241763651,43.7954492083665,43.8077491487542,43.7718431906056,43.7005171736589,43.6171407980535,43.5444121662301,43.4961339477744,43.4754488604072,43.4779179669109,43.495941527308,43.522095159221,43.5507345846782,43.5782872269107,43.602885683741,43.6238238973631,43.641076947382,43.6549589570549,43.665911785937,43.6743901658576,43.6808080811329,43.6855192889817,43.6888140237805,43.6909213988318,43.6920123152888,43.6922010448304,43.6915454498145,43.6900464198145,43.6876469240492,43.6842305321575,43.679618810617,43.6735671507186,43.6657598192003,43.6558078312252,43.6432580925294,43.6276294625811,43.6085006695204,43.5856843017529,43.5595242445745,43.5313371583336,43.5039578608937,43.4822145287609,43.4729455519888,43.4839569061552,43.5213610159856,43.5854377618753,43.6666901675983,43.7453250708582,43.7969412265201,43.8032975021854,43.7619232934756,43.6875559361349,43.6042328760638,43.5339547525338,43.4891665986123,43.4717901268994,43.4767035378585,43.4961490014931,43.5228617978243,43.5514688368644,43.5786533309483,43.6027376538516,43.6231351006679,43.6398846344473,43.6533274224841,43.6639111434542,43.6720860318018,43.6782578878597,43.6827719954283,43.6859110494997,43.6878975018481,43.6888958340834,43.6890134300411,43.6883003188975,43.6867484811729,43.68429106251,43.680801185078,43.676089584217,43.6699005387271,43.6619070014646,43.651708945913,43.638844161006,43.6228283116866,43.6032506116069,43.579960531994,43.5533827328818,43.5249769224107,43.4977913193544,43.4769138916126,43.4694035261013,43.4830813570361,43.5236589019427,43.590481528518,43.672776772298,43.74974969994,43.7970437971806,43.7978069148276,43.75167816883,43.6750359156184,43.5922666896434,43.5245312165834,43.4829801338341,43.4684851074751,43.4754062207383,43.4959274227324,43.5229763554326,43.5514405939339,43.5782305505325,43.6018280463464,43.6217410752121,43.6380552488892,43.6511280633246,43.6614071257118,43.6693354782449,43.6753099575427,43.6796675985903,43.6826841793708,43.684576131463,43.6855019626597,43.6855623205317,43.6847992396668,43.6831953512473,43.6806733283606,43.6770950894452,43.6722598174655,43.665900201223,43.6576779615198,43.6471831446625,43.63394724994,43.617488192308,43.5974147868586,43.5736270879815,43.5466488866442,43.5181038484832,43.4912708069862,43.4714988256048,43.4660353476402,43.4826369420553,43.5264930680508,43.5959002101115,43.6787903806852,43.7535122161515,43.7960298292288,43.7911218870848,43.7405693730252,43.6621934437478,43.5804545507839,43.5154979937723,43.4771649923874,43.4653680526031,43.4740605757285,43.4954473990165,43.5226840746365,43.5509224102115,43.5772875571382,43.6004039660217,43.6198592463814,43.6357744299803,43.6485159877333,43.6585271732977,43.6662416666573,43.6720464461245,43.6762700461103,43.6791812879767,43.6809904947804,43.6818499320127,43.6818530193977,43.6810330909606,43.6793625407274,43.6767525426921,43.6730527060758,43.6680495817641,43.6614634157947,43.6529444424537,43.6420737591568,43.6283797852651,43.6113895662176,43.5907439160787,43.5664133126322,43.5390490199253,43.5104737154049,43.4842307695804,43.4659457430585,43.4630243219137,43.4830551577474,43.5305271519924,43.6024902426591,43.6854834147394,43.7571180849445,43.7940090589319,43.7829271566931,43.7279578219928,43.6482496093378,43.5680692692472,43.5063163887231,43.4714278403511,43.4623787241146,43.4727869773585,43.4949458060905,43.5222811906361,43.5502274791596,43.5761272863912,43.5987431014175,43.6177355802979,43.6332552547605,43.6456731804491,43.6554253746541,43.6629343943925,43.6685762668793,43.6726702187095,43.6754773350328,43.6772009476699,43.6779860635384,43.6779177529341,43.6770194662692,43.6752521437787,43.6725142130804,43.6686416948817,43.663407243926,43.6565175950352,43.6476110509221,43.6362607546156,43.6219958404298,43.6043611146051,43.5830455498349,43.5581166630732,43.5303921097534,43.5019427426069,43.4766252941454,43.4603661181752,43.4606906026936,43.4848791830293,43.536473790503,43.6110002864794,43.693456401768,43.7608543413489,43.7908820485654,43.7727859601919,43.7132104290017,43.6325444028479,43.5545641289071,43.4966337906096,43.4656295411203,43.4595656296732,43.4717728491997,43.4946963507661,43.5220826972939,43.5496791475398,43.5750603299124,43.5971316404585,43.6156268722726,43.6307243797123,43.6427978504664,43.6522743719872,43.6595639762317,43.6650304646808,43.6689824313981,43.6716717499248,43.6732931346348,43.6739826343665,43.6738153037741,43.6728031596306,43.670894277376,43.6679730251797,43.663860552818,43.6583143549508,43.6510265748859,43.641623189192,43.629670709043,43.6147037930324,43.5962959782332,43.5742050597316,43.5486297158128,43.5206037110487,43.4925080070806,43.4685718126521,43.4550456753077,43.4595125475817,43.4887506360497,43.5450337204653,43.6220245755634,43.7030307089195,43.7646850025073,43.7862987239758,43.7601757846585,43.6957940376952,43.614651201774,43.5396733397667,43.4863513417499,43.459817295486,43.4570893832349,43.4712568818321,43.4949832748266,43.5223917898358,43.5495800231991,43.5743758637315,43.5958379942008,43.6137775186118,43.6284017029672,43.6400866145933,43.6492496124014,43.6562871088725,43.6615492980387,43.6653324356734,43.6678771766724,43.6693674208381,43.6699280444158,43.6696220305085,43.6684481821471,43.6663402243192,43.663167197126,43.6587342098338,43.6527824779126,43.6449886660415,43.6349663871518,43.6222776298231,43.6064690631745,43.5871571540539,43.5641947226995,43.5379540819955,43.5097454485793,43.4823318339778,43.4603767099126,43.4504628730434,43.4601247973262,43.4953724685924,43.5568158273382,43.6358903338391,43.7141350791327,43.7681777460407,43.779651597647,43.7445434983829,43.6753625407228,43.5944616246787,43.5234730704369,43.475655596158,43.4542314181327,43.4552121870814,43.4715079862352,43.496074621306,43.5234705873156,43.5501821132752,43.5743123903159,43.5950848208228,43.6123931497619,43.6264756867966,43.6377114200049,43.6465076772791,43.6532463692533,43.658262677149,43.6618386205677,43.6642013429844,43.6655214261417,43.6659100939946,43.6654160206174,43.6640229355575,43.661648745186,43.6581459881199,43.6533027193337,43.6468429833936,43.638427452324,43.6276580370978,43.6140956704693,43.597308046371,43.5769731109999,43.5530716653332,43.5262012394871,43.4980185708495,43.4717460405942,43.4525348676314,43.4472740258101,43.4632763854164,43.50543074074,43.5722269477089,43.6525416077136,43.7262251988912,43.770493064728,43.7701353117683,43.7254007336143,43.6518426489551,43.5722331497507,43.5063880632078,43.4649972642846,43.4492716934203,43.4542621359911,43.4727919447844,43.4981919087811,43.5255120634143,43.5516601148458,43.5750318254067,43.5950236911809,43.6116158699723,43.6250792478246,43.6357961585196,43.6441636551799,43.6505483396317,43.6552690105971,43.6585915498151,43.6607272769721,43.6618309427158,43.6619976560383,43.6612595918591,43.6595836179827,43.6568704411715,43.6529550290772,43.6476075157873,43.6405341470652,43.6313796178749,43.6197358553218,43.6051681926575,43.5872778366877,43.5658283068093,43.5409692193994,43.5135842621719,43.4857542579946,43.4612364869235,43.445700481314,43.4462592319084,43.4697418038287,43.5194716470094,43.5913375346412,43.6714391248853,43.7382658077777,43.7704643549474,43.756888886224,43.7024609318007,43.6255105043827,43.5485903845535,43.4891377927027,43.4550143781639,43.4454226422682,43.4545725945236,43.475326640998,43.5014778888942,43.5286158632505,43.5540915970496,43.576601628476,43.5957178581623,43.6115071081104,43.624272563826,43.6343995132667,43.6422741888745,43.6482470222904,43.6526191300351,43.6556385025608,43.6574985327845,43.658335881179,43.6582273508362,43.6571866823299,43.6551623001192,43.6520364751952,43.6476256377568,43.6416812648713,43.6338914699187,43.6238856706121,43.6112489440584,43.5955590987479,43.5764677182538,43.5538545533248,43.5280873896206,43.5004055192731,43.4733946126915,43.4514102816162,43.4406301060851,43.4482303886198,43.4801906596956,43.5377494243969,43.6137523615851,43.6915146566461,43.7488091136718,43.766781837348,43.7392075925506,43.6757900304443,43.5970341712448,43.5244697377967,43.4726271035255,43.446413600443,43.4431532971165,43.4564100153558,43.4792358436862,43.5059695191061,43.5327733833437,43.5574486705936,43.5789894328002,43.5971377700458,43.6120430041638,43.6240379763086,43.6335093823489,43.6408316025287,43.6463379183239,43.6503105666152,43.6529781499214,43.6545144021375,43.6550360747002,43.6545999268815,43.653199734278,43.6507642037232,43.6471561282044,43.642172549884,43.6355456938529,43.6269455609919,43.6159878451799,43.6022556634969,43.5853505349852,43.5649963409755,43.5412268229364,43.5146854862054,43.4870426004274,43.4614656744912,43.4429465275145,43.4381001599682,43.4539087989842,43.4950344938023,43.5600793629063,43.6385333118763,43.7112246719842,43.7561895435908,43.7582618399921,43.716776121905,43.645918605597,43.5674499380714,43.5010034481524,43.457798424023,43.4398358245791,43.44281705281,43.4599104185608,43.4845154974494,43.5115848959786,43.537867278598,43.561604185202,43.5820721426007,43.5991708720554,43.6131237960155,43.6242885126989,43.6330504774188,43.6397707295037,43.6447643351097,43.6482936100207,43.6505666055712,43.6517361282787,43.6518977403482,43.6510869637954,43.6492765578814,43.6463745984638,43.6422235879664,43.6366004759574,43.6292178280527,43.6197279985665,43.6077355366764,43.5928285178626,43.5746469100943,43.553014120755,43.5281624588972,43.5010751511072,43.4739299724663,43.4505397721704,43.4365294151638,43.4388027774195,43.463786936229,43.5142814370879,43.5857423730819,43.6642237483011,43.7287312072574,43.7588192704861,43.7441432173753,43.6898494287772,43.6138603079509,43.538053013327,43.4793549710192,43.4454739019521,43.4357368609751,43.4445770409612,43.4650422511236,43.4910231412218,43.5181293801501,43.5436869863636,43.5663518044615,43.5856575937241,43.6016431769618,43.6145944495828,43.6248872322641,43.6329023428986,43.6389857339203,43.643433225849,43.6464864079296,43.6483320077764,43.6491011402406,43.6488674616825,43.6476446203746,43.6453837926248,43.6419718772189,43.6372305194847,43.6309160536174,43.6227212294437,43.6122817639908,43.5991947927353,43.5830624158369,43.563581290319,43.5407064791227,43.5149188447999,43.4876083198489,43.4615308791273,43.4411831084153,43.4327639217155,43.4432294447683,43.477998270789,43.5374384506822,43.6134873815187,43.6890044420171,43.7421976361303,43.7555227108912,43.7243239947048,43.6593098096955,43.5810070327367,43.5102131950359,43.4605373984848,43.4362214686491,43.4343095593604,43.4483735560462,43.4716039743859,43.4984931041165,43.525319936156,43.5499570956492,43.5714355085352,43.5895136268958,43.6043471140032,43.6162709275104,43.6256718124471,43.6329223066039,43.6383515579003,43.6422353088249,43.6447939429704,43.6461925230678,43.6465402145789,43.6458885889488,43.6442292988216,43.6414918120407,43.6375416418019,43.6321792518863,43.6251400465792,43.6160971057447,43.6046711155116,43.5904566880978,43.5730810213524,43.5523187051413,43.5282922334583,43.5017837120127,43.4746545946031,43.4502953857169,43.433888213639,43.4320812460342,43.4515614410333,43.4962279162308,43.563501118734,43.6416594325707,43.7109704994018,43.7501369871556,43.7458149091032,43.6994549315758,43.6265651288885,43.5489167677101,43.4851584637757,43.4452581582244,43.430274306873,43.4354615724059,43.4539368375058,43.4792536752344,43.5065721069007,43.5328213951774,43.5563720845896,43.57658210747,43.5933982749735,43.6070694869797,43.6179660651353,43.6264784959608,43.6329676485204,43.6377444578029,43.6410641082087,43.6431256999655,43.6440727391525,43.6439926645854,43.6429152638715,43.640810514253,43.6375864216111,43.6330871936676,43.6270920110701,43.6193152490011,43.6094107759325,43.5969864132824,43.5816401183462,43.5630367697443,43.5410520331321,43.5160130725363,43.489054712746,43.4625662754454,43.4406061768654,43.4289989826782,43.4346510205192,43.4635949274554,43.5176979938542,43.5910554233407,43.6684443620382,43.7284696571878,43.7517148489188,43.7300316244685,43.6708494110207,43.5933105428296,43.5190530809597,43.4637857317374,43.433828131339,43.4275183429795,43.4388473371322,43.4608362325225,43.4875598369472,43.5148651822205,43.5402860957785,43.5626303162,43.5815307262724,43.5970857487355,43.609614698509,43.619510527643,43.6271611037373,43.6329128823106,43.6370576968351,43.639830152307,43.6414084279307,43.6419150192394,43.6414162917712,43.6399209555674,43.6373779911721,43.6336744861864,43.6286336592473,43.6220135026965,43.6135074639328,43.6027509268612,43.5893414188228,43.5728866815587,43.5531024818827,43.5299888968414,43.5041134834573,43.4770093595784,43.4516352181737,43.4327212842672,43.4266446242704,43.4403245848842,43.478729162016,43.5412482126312,43.6184836351434,43.692176139241,43.7404074081106,43.7469106354447,43.7092642601954,43.6402343700973,43.5612266595257,43.4925531487286,43.446548857572,43.4261528915471,43.4275429711662,43.4439394489303,43.4685493920273,43.4960593190904,43.5229813057185,43.5473892299151,43.5684617731242,43.5860551747407,43.6003850330914,43.6118206001796,43.6207665423461,43.6276030203572,43.6326602056196,43.6362105720984,43.6384686233664,43.63959241298,43.6396843668226,43.6387907917419,43.6369003481368,43.6339419740736,43.6297826116154,43.6242249982553,43.6170062039624,43.6077990191371,43.596221243884,43.581862823858,43.5643476928067,43.5434551389653,43.5193310521873,43.4928142110707,43.4658710358686,43.4420512144184,43.4267287846341,43.4267031335336,43.448632348857,43.4960338796276,43.5655044714299,43.6442277675567,43.7116213455569,43.7464252346897,43.7364855654516,43.6851217538324,43.6094228008147,43.531705422755,43.4700861066934,43.4334452687547,43.4217982331841,43.4297345134132,43.4501178832752,43.4765340892281,43.5043102620499,43.5305707574022,43.5538549803721,43.573646609772,43.5899774996402,43.6031501069758,43.6135663899399,43.6216340570016,43.6277219348967,43.6321429864832,43.6351507110632,43.6369404642369,43.6376513517975,43.6373669942691,43.6361149308891,43.6338650346171,43.6305273532397,43.6259496281694,43.6199147830215,43.6121393855542,43.6022759763941,43.5899257319212,43.5746735597403,43.556165277493,43.5342544557796,43.5092500969704,43.4822849989614,43.4557796846921,43.4338741934419,43.4225293811319,43.4288112667118,43.4588462469838,43.5143885922221,43.5890967056505,43.6670378675493,43.7261561548578,43.7468995122231,43.721773797646,43.6593999773124,43.5800074039047,43.5056747092857,43.4518260683845,43.4240897961482,43.4201032726097,43.4333855171886,43.456756524065,43.4842892699317,43.5119321457445,43.5373501991127,43.5594717233811,43.5780241080005,43.5931730256424,43.6052824737171,43.6147734372034,43.6220503012599,43.6274683657359,43.6313233512016,43.6338507434772,43.6352281036132,43.6355770644472,43.6349639345726,43.6333989559111,43.630834619386,43.6271633583365,43.6222147815204,43.6157528038333,43.6074740618274,43.5970113756757,43.5839502334711,43.5678726261954,43.5484506611549,43.5256200155822,43.4998643219656,43.472623023286,43.4467756108012,43.4270305049418,43.4198570908322,43.4324263149584,43.4700990776523,43.53266223233,43.6108677780147,43.6861347685906,43.7357880245845,43.7427718435898,43.7043709698163,43.6337593458912,43.5531520700747,43.4835484660764,43.4375247998415,43.4178422617081,43.4203083408543,43.4377961547286,43.4632928828564,43.4913983190767,43.5186303402674,43.5431151731355,43.5640971773166,43.5814934547752,43.5955685257975,43.6067277209442,43.6154007746895,43.6219844937224,43.6268197192836,43.6301856455047,43.6323011621843,43.6333276773607,43.6333710110651,43.6324817697603,43.6306544377578,43.6278255735402,43.6238713164477,43.618604282683,43.6117703026076,43.6030468135421,43.5920475906104,43.5783433489872,43.5615147903055,43.5412632043501,43.5176108112449,43.4912209673238,43.4638417326031,43.4388012018141,43.4213368551067,43.4183372834537,43.4369292789883,43.4815344145418,43.5498884452466,43.6300194500429,43.7012490039599,43.741029945978,43.7352756133281,43.6858155882264,43.6094890778562,43.5295104996786,43.4652850696507,43.4266443281546,43.4139497912453,43.4216703180862,43.4423528223233,43.4692749872726,43.4975535564196,43.5242065300444,43.5477423006766,43.5676559922804,43.5840087943021,43.5971358662145,43.607468356188,43.6154374363161,43.6214298411446,43.625772026803,43.6287279368051,43.6305015864866,43.6312400247845,43.631034973794,43.6299229354282,43.6278841217052,43.6248405397185,43.6206533061552,43.6151191907168,43.6079669525865,43.5988557380629,43.5873811680228,43.5731002125343,43.5555936241471,43.5345935600537,43.5102102988767,43.4832863945627,43.4558713931003,43.4317194977595,43.4165464266304,43.4175691831665,43.441745902764,43.4924521363555,43.5653966028252,43.6461677195886,43.7125435314203,43.7426824202859,43.7256450637294,43.6673402327723,43.5873906007886,43.5092553955556,43.4505102469532,43.4185047852437,43.4116724792687,43.4235492126654,43.4465786357727,43.4743860423103,43.5025649994529,43.5285586490119,43.5511846649281,43.5701329135386,43.5855713617827,43.5978836956322,43.6075153403859,43.6148939826187,43.620395137156,43.6243316625944,43.6269538750407,43.6284527707073,43.6289628344782,43.6285633160591,43.6272780574494,43.6250742929336,43.621860662545,43.6174843683961,43.6117273940988,43.6043024747852,43.59485155372,43.5829533039093,43.5681523479381,43.5500310509469,43.5283538143796,43.5033190629023,43.4759447584288,43.4485692385511,43.4253431602063,43.4124043645378,43.4172119612004,43.4464570142112,43.5024185785385,43.5788774780186,43.6593135980597,43.720464871693,43.7415975540197,43.7148797569984,43.6497294473867,43.5677691457329,43.4921756459354,43.4386569103771,43.412412640336,43.4103744615292,43.4254607730867,43.450157489728,43.4784511363809,43.5063580263927,43.5316744707213,43.5534638853441,43.5715645031155,43.5862213278693,43.5978495943589,43.6069006159236,43.6137954503045,43.6188981661394,43.6225092279569,43.6248670731221,43.626151487133,43.6264860269452,43.6259388564116,43.6245223056924,43.6221915961136,43.6188428536617,43.6143101822238,43.6083616379705,43.6006949249768,43.5909360251784,43.5786482845057,43.5633660773208,43.5446759002534,43.5223768550147,43.496756525711,43.4690048648828,43.4417357868938,43.4194655811381,43.4086980710538,43.417053551754,43.4508743927254,43.5113231742182,43.5903839351827,43.6697589211514,43.7255794155927,43.7384883646375,43.7036040645287,43.6332832077757,43.5504991546325,43.4777968163257,43.4290866978306,43.4077506141144,43.4095752476479,43.4270974756682,43.4529366777035,43.4814310690094,43.5089641879926,43.5336222038368,43.5546615542261,43.5720316590516,43.586031350383,43.5970945544692,43.6056724382416,43.6121774950145,43.6169626397681,43.6203172710183,43.6224695967938,43.6235897681171,43.6237917311742,43.6231335695269,43.6216168244367,43.6191852190009,43.6157227689719,43.6110508842511,43.6049242282868,43.5970263027055,43.586968463056,43.5743008306901,43.5585506668036,43.5393128993602,43.5164264957941,43.4902729539679,43.4622154742261,43.4351355013369,43.4138889615599,43.4052929840405,43.4170495854821,43.4550703163501,43.519378135076,43.6002801060374,43.6780003168652,43.7284380491484,43.7338163358543,43.6920272866566,43.6178634151417,43.5351282297658,43.4654949494283,43.421177308918,43.4040261818245,43.4089653653114,43.4283240343976,43.4549135964253,43.4834073758715,43.510507923759,43.5345399396474,43.5549113554651,43.571653988617,43.5851027757824,43.5957006880462,43.6038943793128,43.6100865559819,43.6146194304167,43.6177725125038,43.6197651105124,43.6207589044096,43.6208590814833,43.6201141545825,43.6185150849712,43.6159940899385,43.6124229610396,43.6076103285131,43.601297579989,43.5931545770205,43.5827794027446,43.5697115720574,43.5534756933355,43.5336819876721,43.5102187634438,43.4835727117298,43.4552903980613,43.4285231801985,43.4084502854178,43.4021540389562,43.417332548665,43.4593629881087,43.5270688563526,43.6091544122964,43.6846214937896,43.7294846653301,43.7277574559292,43.6799865200232,43.6029963037431,43.5209969127331,43.454593601251,43.4143776247907,43.4008871422512,43.408395825581,43.4291549838608,43.4562113902849,43.4845611517602,43.5111902803976,43.5346241944974,43.5543916863087,43.5705856769982,43.5835640641163,43.5937717030129,43.6016475016941,43.6075834774865,43.6119114472398,43.6149018136458,43.6167657928531,43.6176571843148,43.6176726885842,43.6168511937846,43.6151727495781,43.6125575386017,43.6088645056929,43.603888923219,43.5973585743267,43.5889299265955,43.5781891225858,43.564668247048,43.5478953037863,43.5275059241535,43.5034529398218,43.4763483980919,43.447944558205,43.4216792568245,43.4030507702279,43.3993609993539,43.4182019066081,43.464270671518,43.5350685953079,43.6177075462458,43.6901872883705,43.7289991552175,43.7202240375614,43.6670435527712,43.5880076295311,43.5073649400527,43.4444487352183,43.4082434613107,43.3981186951314,43.4078532366325,43.4297221782145,43.4570477801894,43.4851473190696,43.5112696484907,43.5341166335697,43.5533173734872,43.5690111832722,43.5815696191175,43.5914342168513,43.5990336678602,43.6047484424477,43.6088999009639,43.6117495329632,43.6135005892641,43.6142988898667,43.6142322773762,43.6133293911929,43.6115585424225,43.6088269098918,43.6049795551486,43.5997974075941,43.5929939339188,43.5842121791375,43.5730277060899,43.5589690333021,43.5415755192546,43.5205222529584,43.4958486676769,43.4683229698688,43.4399396928806,43.4144552671496,43.3976936296445,43.3971267377658,43.4201083199041,43.4704500216543,43.5441316210495,43.6266229183009,43.6951348068838,43.7270558583458,43.7109132502361,43.6526067718648,43.5721719499518,43.4935399874962,43.4345294604459,43.4024676556703,43.3956358380589,43.4074314322878,43.4302393484004,43.4577009513219,43.4854657849358,43.5110393058885,43.5332876880742,43.5519285024233,43.5671383244606,43.5792962633733,43.5888369052999,43.5961767863595,43.6016838601086,43.6056684765104,43.6083827116032,43.6100212129292,43.6107209853244,43.6105600005005,43.6095555108045,43.6076628712865,43.6047749876687,43.6007217446367,43.5952684938737,43.5881134407794,43.5788860593099,43.5671529185957,43.5524438275758,43.5343198772834,43.5125143929121,43.487183486527,43.4592941363353,43.4311344840813,43.4068255705065,43.3925285454508,43.3958201261813,43.4236373821323,43.4786273307964,43.5549747889083,43.6364268889863,43.6996616124399,43.7234871027267,43.6993633700396,43.6360568058957,43.55485963823,43.4790012560111,43.424494981348,43.3969096800592,43.3934778590647,43.4073058630437,43.4309684822686,43.4584755647389,43.4858309866689,43.510801957248,43.5324162121653,43.5504746992971,43.5651864747795,43.576934625305,43.5861444096764,43.5932186664294,43.5985117010365,43.6023217916686,43.6048904084856,43.6064022124588,43.6069838639554,43.6067018825331,43.6055605865501,43.6035009017978,43.6004000486842,43.5960713575631,43.5902633059979,43.5826578740326,43.572870964233,43.5604623371874,43.5449694935604,43.5259888554897,43.5033365580538,43.4773246139888,43.4491738217399,43.4215308195856,43.398936027878,43.3878928936789,43.3959837971202,43.4294850443803,43.4895192221543,43.5681507050015,43.6473486080989,43.7036235781359,43.7178606710918,43.6850176051187,43.6168664501092,43.5356669135976,43.4635030110088,43.4142561081755,43.3916174813145,43.3918015103875,43.4077100864444,43.4321889103144,43.4596703393166,43.4865411681429,43.5108421343597,43.5317654160368,43.5491944704211,43.5633689299309,43.5746740453896,43.5835242856528,43.5903075462307,43.5953632149915,43.598976014235,43.6013750400096,43.602732970653,43.603164039438,43.6027213054887,43.6013943350196,43.5991080275365,43.5957224934105,43.5910331883279,43.5847705320932,43.5765995403864,43.5661230597269,43.5528973878199,43.5364764953112,43.5165101017643,43.4929288944049,43.4662503361144,43.4380164767379,43.4113076393222,43.3911379406293,43.384334415984,43.3983285859846,43.4384066632314,43.5037305001159,43.5839124184925,43.6591945723289,43.7064682106332,43.7094968295926,43.6673101994178,43.5947142678711,43.5145158456855,43.4471390159595,43.4040022255209,43.3868260537434,43.390862288289,43.4089084129414,43.43416672525,43.4615471773454,43.4878486489595,43.5113982464925,43.531556922196,43.5482912650065,43.5618708420551,43.5726821638738,43.5811279782949,43.5875801826323,43.5923618945411,43.5957425240402,43.5979366529348,43.5991025941743,43.5993397388637,43.5986854434692,43.5971125839645,43.594528421168,43.5907745987543,43.5856275191657,43.578798610822,43.5699356655135,43.5586299558039,43.5444395589959,43.5269471673293,43.5058795838879,43.4813225352821,43.4540597885428,43.4260332623114,43.4008364461367,43.383997077282,43.3826002024721,43.4036857947687,43.4511216887795,43.5216198887835,43.6020766540195,43.6712624586501,43.7072371684025,43.6975540349684,43.6457891599414,43.5695901093183,43.4917117360275,43.4303510403303,43.3941774380528,43.3829194809231,43.3909744502951,43.4111591786522,43.4371222896544,43.464302105016,43.4899331044034,43.5126373923033,43.5319466624041,43.547910261846,43.5608268242199,43.571083305583,43.5790699420045,43.585141646789,43.5896038864185,43.592708900873,43.5946544878883,43.5955820973298,43.5955737916775,43.5946489646641,43.592761894042,43.5898006570083,43.5855871800682,43.5798778155697,43.5723644271574,43.5626780699736,43.5504014153191,43.5351023374709,43.5164092620853,43.4941572876997,43.4686378987385,43.440973570282,43.4135927344379,43.3906760800098,43.3782713086214,43.3835816151158,43.4129059771561,43.4681683058786,43.5431415959997,43.6219107182143,43.6823299649718,43.7046693368903,43.6811975571117,43.620271515747,43.541878927372,43.4679445398767,43.4138730074386,43.3854021018257,43.3803553459797,43.392449917456,43.414669544046,43.4411975196084,43.4680406357743,43.4928814056407,43.5146373172424,43.5330076539596,43.5481213810268,43.5603040226332,43.5699416359756,43.5774109796316,43.5830489605227,43.5871420299542,43.5899234541749,43.5915720748382,43.5922101250015,43.5919000293004,43.5906411431235,43.5883674023336,43.5849462888777,43.5801788908907,43.5738007279801,43.5654840042484,43.5548445725203,43.5414615535261,43.5249243727572,43.5049303006889,43.481462857286,43.4550811438217,43.4273290293785,43.4012099636345,43.3815460280108,43.3748535824001,43.388211691406,43.4267062884177,43.4897234581819,43.5676961678608,43.6420884067795,43.6907574125399,43.697417262203,43.6598337033085,43.5909983430826,43.5123951389602,43.4442230884251,43.398615186941,43.3783525465589,43.3795657917647,43.3955280804712,43.4195507125082,43.4464293625715,43.4727625403741,43.4966784389476,43.5173799122015,43.5347242829598,43.5489134439763,43.5602958358664,43.5692544418693,43.5761512408331,43.5813040257017,43.5849789325866,43.587388628852,43.5886911035316,43.5889873637232,43.5883182556813,43.58666136041,43.5839287963874,43.5799662281153,43.574552947624,43.567403135055,43.5581698799095,43.5464567633576,43.531847111183,43.5139683432303,43.4926169685691,43.4679749484976,43.4409416875615,43.4135717208414,43.3895237492749,43.3742763776414,43.374678970729,43.3973196948174,43.4454850823702,43.5154273383813,43.5940461823421,43.6607669769338,43.6947250089807,43.6843526964159,43.6333540987759,43.5587339723862,43.4823366722875,43.4217411656411,43.3855077719858,43.3736255636489,43.3808598749795,43.4003153237684,43.4257862773241,43.4527374167493,43.4783608596017,43.5012119915689,43.5207585213772,43.5370000896604,43.5502014763089,43.56072837232,43.5689577217874,43.5752351050272,43.579858041628,43.5830711804541,43.5850652393499,43.5859758517068,43.5858812579884,43.5847992670882,43.5826843787492,43.5794257500369,43.5748462419899,43.568702611424,43.5606875732364,43.5504364988701,43.5375454087419,43.5216128990272,43.5023263113126,43.4796198108166,43.4539337022749,43.4265889651475,43.4002397413085,43.3792575233011,43.3697308543882,43.3785978395567,43.4114582991622,43.4691404350607,43.5442697410379,43.6203573565821,43.6758169345291,43.6925825664792,43.6648911364295,43.6023082227489,43.5247540537356,43.4531446809249,43.4016935808409,43.3753361218079,43.3716198179951,43.3843523892834,43.4067511215432,43.4332235286025,43.459930492066,43.4846367205303,43.5062913594088,43.5245977004209,43.5396772324761,43.5518451763271,43.5614776682554,43.5689421604442,43.5745660672712,43.5786255310406,43.5813427535609,43.5828855018684,43.583366010003,43.5828387324627,43.5812975009584,43.5786728811941,43.5748302775296,43.5695690311682,43.5626229118718,43.5536635582775,43.5423111051703,43.5281608624147,43.5108415389435,43.4901282392167,43.4661391786784,43.4396412805034,43.4124622079123,43.3879339078321,43.3711577494085,43.3687015818096,43.3872255196843,43.4307334331597,43.4969445115404,43.5745988896848,43.6444029923617,43.6851870534785,43.6832342460247,43.639233782304,43.5679281297496,43.4906979951384,43.4262880361593,43.385080686661,43.3686051676179,43.3724615619267,43.3899355333076,43.4146086071767,43.4415900482802,43.4677310675536,43.4913269621611,43.5116755986747,43.5286807811588,43.542562732717,43.553673583859,43.5623927402264,43.5690746517787,43.5740268941067,43.5775033292516,43.5797030562761,43.5807702950992,43.5807933211492,43.5798023038012,43.5777666573765,43.574592589962,43.5701213013254,43.5641281829342,43.5563239178117,43.5463600993553,43.533845385306,43.518383597029,43.4996523406454,43.4775480473341,43.4524261631094,43.4254534814264,43.3990458802177,43.3772673832815,43.3659075551816,43.3717830581331,43.400792728341,43.4546812372559,43.527529372452,43.6042918476884,43.6639185127175,43.6873247644085,43.6664423818996,43.608433220811,43.5319737879842,43.458312087296,43.4030246517752,43.3725493084343,43.3654637324913,43.3759885991523,43.3972961891664,43.4235265614766,43.4505301160086,43.4758114233988,43.4981382670735,43.5171052336753,43.532779203204,43.5454556045888,43.5555101973788,43.5633188694494,43.5692199246206,43.5734997616261,43.5763893999995,43.5780645626854,43.5786457631513,43.5781972364182,43.5767248500968,43.5741736054059,43.5704253035372,43.5652967914618,43.5585393666919,43.549840919653,43.5388347481679,43.5251231466557,43.5083300244346,43.4882042913589,43.4648019385387,43.438773027717,43.4117571022737,43.3868267005614,43.3687943799411,43.3640232330646,43.3792465449663,43.4190348739918,43.4822411481099,43.5590214927889,43.6310773232659,43.6770287848471,43.6815280595507,43.6429414940354,43.5742434952384,43.4964341792442,43.4291548593394,43.3842052093654,43.364309122752,43.3657019725366,43.3817895388859,43.4059689156975,43.4330615969334,43.4596507876466,43.4838329587442,43.5047807494135,43.5223314106271,43.5366782912148,43.5481699956866,43.5571939647866,43.56411676368,43.5692580964045,43.572882361562,43.5751976140267,43.5763563553813,43.5764556730537,43.575536123745,43.5735796789906,43.5705073035023,43.5661766497663,43.5603803213906,43.5528456453874,43.5432384088633,43.5311760671271,43.5162609049437,43.4981504731052,43.47669006697,43.4521360925356,43.4254908556537,43.398932322291,43.3762349586728,43.3629272348557,43.3657535149475,43.3909479644421,43.4411622753216,43.5118584114283,43.5893190162108,43.652940517322,43.6826247197675,43.6681097686659,43.6143134385772,43.5387945191506,43.463174851699,43.4043512249634,43.3701704678273,43.3601392023657,43.3688139032539,43.3892814606169,43.4154073957875,43.4427463308927,43.4685670324491,43.491481044855,43.5109954453468,43.5271383050259,43.5401961269827,43.5505514967119,43.5585936179578,43.5646752660623,43.5690959640954,43.5720978955225,43.5738665105817,43.5745316767274,43.5741677473262,43.5727923516329,43.5703643208549,43.5667812561911,43.5618771613712,43.5554207164955,43.5471156354437,43.5366066373227,43.5234983592947,43.5074003248889,43.4880184703895,43.4653206342396,43.4398041598754,43.4128765298408,43.3873053672101,43.3675807670144,43.3598605793189,43.3710099980825,43.4063039952567,43.4659388403014,43.5417115047371,43.61645062368,43.6684947304074,43.6805675103826,43.6483157032189,43.5826621697648,43.5041950243627,43.433638131197,43.3844597657704,43.3607591576864,43.3594716068956,43.3741009655535,43.3978027762015,43.4250564101282,43.4521412292799,43.4769380161732,43.4984905128223,43.5165727056586,43.5313569210894,43.5431943134526,43.5524857890257,43.5596147262357,43.5649171018636,43.568671592655,43.5710985679273,43.5723617002413,43.5725692063851,43.5717737530452,43.5699711103854,43.567097997872,43.5630295509163,43.5575768092396,43.5504850176785,43.5414348234714,43.5300511636123,43.5159292109269,43.4986933152121,43.4781125971683,43.4543025793232,43.42803825303,43.4011754148323,43.3771020571691,43.361001798417,43.3595258256689,43.3793557655523,43.4243570793498,43.4918643810084,43.5700128930583,43.6389146081224,43.677204202162,43.6716559827988,43.6240281987825,43.5501972646993,43.4721850270627,43.4086725885027,43.3694723935839,43.3554076024098,43.3615200229357,43.3807872253633,43.4067000085323,43.4344109604295,43.4608725339997,43.484490634251,43.5046600483782,43.5213609706223,43.5348704088302,43.5455810875941,43.5539002486029,43.5602001608661,43.564798386195,43.5679529394784,43.5698633317306,43.5706726891212,43.5704688872647,43.5692842299126,43.5670939306398,43.5638138197289,43.5592976244284,43.5533342445206,43.5456461143192,43.5358915055455,43.5236769928967,43.5085916691124,43.4902819752491,43.4685937859855,43.4438122182839,43.4170194616989,43.3905487858947,43.3684153402045,43.3564398659115,43.3615951926151,43.3900657875964,43.4439231860724,43.5174179725252,43.5952986949042,43.6558962167741,43.6793934582424,43.6573789512529,43.5973600260986,43.5188545526392,43.443924519715,43.3885136648638,43.3589217906462,43.3533003747866,43.3654172742771,43.3881216369563,43.4153946041327,43.4430559551091,43.4686539065255,43.4910301054468,43.5098563282286,43.5252671975901,43.5376123285921,43.5473082511561,43.5547599687731,43.5603254146466,43.5643033236094,43.5669319452588,43.5683913344686,43.5688056090875,43.5682438422652,43.5667194770062,43.5641886127954,43.5605475255544,43.5556296912905,43.5492027976429,43.5409672120813,43.5305596408245,43.5175697591685,43.5015837369995,43.4822764684069,43.4595818173252,43.4339713749998,43.406854501397,43.3810548762425,43.3611978655769,43.3536577497927,43.3655417988876,43.4022510425125,43.4637876755375,43.541295710417,43.6166239506338,43.6673049594111,43.676056295738,43.6395460567216,43.5702655683574,43.4900471015238,43.4199440005095,43.3728866928543,43.3520474884452,43.3535285632403,43.3703335865569,43.395453200619,43.4234246798348,43.4506861049362,43.4752934686387,43.4964399561234,43.5140102896626,43.5282512018095,43.5395599653252,43.5483638929819,43.5550600883753,43.5599906150185,43.563435922233,43.5656159262548,43.566692936371,43.5667737844476,43.5659103908244,43.5640989030889,43.5612777822528,43.5573251073739,43.5520552960931,43.5452158239131,43.5364858524096,43.5254814642432,43.5117769333122,43.4949583440591,43.4747342323933,43.4511348121241,43.4248291859898,43.3975635098503,43.3726489011513,43.3552839310805,43.3522962014494,43.3707452705256,43.4150176956587,43.4828986099147,43.5625796112792,43.6336167889253,43.6736399260029,43.6685429568734,43.6199145684049,43.544264270603,43.4645769238093,43.4002271339098,43.361176584087,43.347970056062,43.3552235567632,43.3755609241918,43.4022754825441,43.4304635788246,43.457109768477,43.4806901634752,43.5006749110772,43.5171085552102,43.5303165295762,43.5407250337736,43.5487630728964,43.554816502708,43.5592112696779,43.562210760404,43.564018331117,43.5647804086832,43.5645883044936,43.5634784103088,43.5614310747552,43.5583685070457,43.5541518661533,43.5485776652841,43.54137420327,43.5322004239405,43.5206529233006,43.5062922263779,43.4887070264771,43.4676437581792,43.443234819732,43.4163526317328,43.3890807182313,43.3652016236516,43.3504359701893,43.3519583434643,43.3766179899636,43.427622617261,43.50051131697,43.5808035687129,43.646397884889,43.6757468584013,43.6582284641628,43.5999041387065,43.5203121550664,43.4426812560821,43.3843670712701,43.3526078954654,43.3458370570386,43.3576505278049,43.3805610047617,43.4082443787901,43.436320902617,43.4622421420106,43.4848239424233,43.5037503283649,43.5191829989171,43.531500423855,43.5411440811358,43.5485386366453,43.5540570617866,43.5580098259185,43.5606448863138,43.5621509537659,43.5626604212835,43.5622507340522,43.5609442046023,43.5587066656286,43.5554452370905,43.5510052353435,43.5451662920304,43.5376385486996,43.5280618573674,43.516014765845,43.5010461130488,43.4827502388432,43.4609156418704,43.4357815898815,43.4084265704436,43.381266312663,43.3585305715063,43.3464031737348,43.3523002956544,43.382721707267,43.4395907689979,43.5162590054187,43.5959207319367,43.6554142423955,43.6745523399713,43.6462468193764,43.5804407494444,43.4988040234867,43.4241583290114,43.3717378837216,43.3463954274374,43.3449232776006,43.3602596188628,43.3849822810113,43.4131762427588,43.4409324745984,43.4660929161816,43.4877436934564,43.5057312309788,43.5203009652481,43.5318650835731,43.5408706247931,43.5477341178734,43.5528151696023,43.556409928284,43.5587527047718,43.5600194181387,43.5603300883326,43.5597496780219,43.5582875435937,43.5558959269405,43.5524676609424,43.547832972941,43.5417553996411,43.5339278592911,43.5239723751757,43.5114513150969,43.4959046637323,43.4769365383465,43.4543829466875,43.4285958466558,43.4008629777699,43.3739262059726,43.3524358643862,43.3429777383605,43.3531066695923,43.3888494212159,43.4507745195373,43.5301489553363,43.6082042956752,43.6612506732935,43.6708463390744,43.6333346607125,43.5619246492474,43.4796619173875,43.4085180341868,43.3616408177601,43.3418469069175,43.3446834077605,43.3627010899558,43.3886539907866,43.4170333998499,43.4443444677027,43.4687520967496,43.4895555641869,43.5067229700974,43.520557845859,43.5314917612916,43.5399704938414,43.5464001515233,43.5511271654805,43.5544346975306,43.5565450946663,43.5576230771246,43.5577775947707,43.5570620914614,43.5554736308495,43.5529513100276,43.5493740035019,43.544557171577,43.5382487066871,43.5301250762179,43.5197918617063,43.5067976771926,43.4906776618292,43.4710518379819,43.4478121478191,43.4214330379483,43.3934193504738,43.3668375594301,43.3467350581309,43.3400388321587,43.3543375579493,43.3950599722556,43.4613515464468,43.5424998719481,43.6181196352822,43.6644682481782,43.6651498409304,43.6197877230148,43.5442918209112,43.4624653842803,43.3951217336771,43.3534087199405,43.3384174243799,43.344765078513,43.3648138554621,43.3915649400354,43.4199022330016,43.446694854441,43.4703758337072,43.4904127933084,43.5068642789829,43.5200726237344,43.5304782510319,43.5385208943734,43.5445948783308,43.5490339034607,43.5521093556925,43.5540329655817,43.5549593977496,43.5549873254794,43.5541590992131,43.5524596040213,43.5498146902411,43.5460890702451,43.5410832681151,43.5345295830505,43.5260885870326,43.5153509248111,43.5018545719717,43.4851354296967,43.4648385002291,43.4409248564913,43.4140081536992,43.3858270510718,43.3597805758913,43.3412967239435,43.3375829744093,43.3561456296513,43.4016667663455,43.4717700121023,43.5538393760444,43.6261936150731,43.6654903697344,43.6576688143615,43.6055077450772,43.5271342255849,43.4465942497792,43.3832983451094,43.3464714796712,43.3357268062166,43.3449945748554,43.3665970125536,43.3938330475789,43.4219669521947,43.4481933915395,43.4711724095753,43.4905066830552,43.506322128612,43.5189857087327,43.5289390455278,43.5366124298584,43.5423875034523,43.5465856025452,43.5494671642745,43.5512341079068,43.5520315752855,43.5519481340399,43.5510148631233,43.5492040111719,43.5464275389938,43.5425352804293,43.5373121789894,43.5304745962152,43.5216675502287,43.5104684162101,43.4964085106516,43.4790321608991,43.4580223305798,43.4334289068992,43.4060310428558,43.3778302107701,43.3525786731646,43.336076599524,43.3357466250032,43.3588714666457,43.4091916478513,43.4826549011521,43.5647760614239,43.6328899275293,43.6645317923759,43.6483129299822,43.5901080307579,43.5098506752317,43.4313705390685,43.3724397321395,43.340395705356,43.3335555177571,43.3453481204049,43.3681728733873,43.3956702044426,43.4234807865338,43.4491001467297,43.4713874293206,43.4900572486146,43.5052866545082,43.5174571752056,43.5270061521008,43.5343519508212,43.5398627675296,43.5438476146741,43.5465562260797,43.5481808162403,43.5488568174989,43.5486621857743,43.547615949541,43.545676743874,43.5427415440024,43.5386441787049,43.5331529913796,43.525967757102,43.5167181649514,43.5049703009176,43.4902539612684,43.4721321985145,43.4503438554423,43.4250554144693,43.3972495006056,43.3692337234077,43.3451475380894,43.331159483762,43.3348273608013,43.3630268685305,43.4182963748565,43.4946886234019,43.5758555756582,43.6384902286414,43.6615561822631,43.6367523773426,43.5730482813407,43.4918077674798,43.416193748443,43.3620822891614,43.3349117504197,43.3318324548267,43.3459191075997,43.3697481481212,43.397345918967,43.4247357871579,43.4497022512286,43.4712869368193,43.4893016527794,43.5039638466205,43.5156627902403,43.5248277174035,43.5318631882865,43.5371231251394,43.5409037851705,43.5434437513326,43.5449248645837,43.5454719083417,43.5451510619773,43.543967994212,43.5418663456868,43.5387267030115,43.5343655146296,43.5285332957472,43.5209124583626,43.5111176854681,43.4987063808692,43.483213626507,43.464234953699,43.4415891615337,43.4155967734318,43.3874950160314,43.3599555116154,43.3375490309781,43.3268042354388,43.3353030843991,43.3692684097593,43.4296973642803,43.5084744042431,43.5874092499465,43.6429843412556,43.6562554343759,43.6224960275208,43.5537781440712,43.4724945487375,43.4006617798655,43.3519749852084,43.3299328665844,43.3306205988395,43.3468865064588,43.37157706476,43.3991520518237,43.4260322684038,43.4502888693994,43.4711376245816,43.488478940071,43.502564002891,43.5137854320506,43.5225617517295,43.5292822305704,43.534285527105,43.5378542008608,43.540214539302,43.5415365927747,43.5419328636295,43.5414560249465,43.5400966705654,43.5377818100382,43.5343740953043,43.5296711475173,43.5234044151918,43.5152382879883,43.5047732070503,43.4915616487298,43.4751532548623,43.455194415149,43.4316156463547,43.4049401855582,43.3767248159276,43.3500754995683,43.3300409412203,43.3234814578176,43.337838198446,43.378351695104,43.4440592597168,43.5243865277075,43.5994078425943,43.6459850637084,43.6480607100421,43.604989825595,43.5318784884534,43.451655754523,43.3846636601304,43.3421238564583,43.3255605024911,43.3300976830894,43.348483675907,43.3739268332006,43.4013695498821,43.4276488184245,43.4511250418326,43.4711843711521,43.4878108465497,43.5012852991532,43.5120009006147,43.5203636922439,43.526746406947,43.5314712707072,43.5348057507305,43.5369621030378,43.5380965581032,43.5383071662704,43.5376309594938,43.5360414912802,43.5334473936747,43.5296918351499,43.5245522422463,43.5177399441015,43.5089010624052,43.4976234780946,43.4834604008098,43.4659889196781,43.4449308612464,43.4203697342927,43.3930928080127,43.3650546628108,43.3398731746891,43.3231108475315,43.3218879536028,43.343257836484,43.3910486145035,43.4618579565949,43.5424131464275,43.6113418662066,43.6466963755221,43.6362081411602,43.5837435007983,43.5071935781521,43.4293879808048,43.3684262892551,43.3327973142772,43.3220639413478,43.3305240726079,43.3509632494949,43.3770437743836,43.4042372941719,43.4298140471442,43.4524260639193,43.4716268961179,43.487480400799,43.5002940360619,43.510459526365,43.5183691007609,43.5243778252446,43.5287901738929,43.5318568035724,43.533773803322,43.5346811660051,43.5346600066417,43.5337293795628,43.5318437456094,43.5288916241888,43.5246952442129,43.519010658493,43.5115283937356,43.5018768169867,43.4896344637667,43.4743638499632,43.455687499478,43.4334353741079,43.407896710225,43.3801976101906,43.3527794064806,43.3298472196722,43.3174826237034,43.322921246322,43.3524708014805,43.4080124198832,43.4832115328544,43.5620098660411,43.6221623582713,43.6439701201684,43.6198803508445,43.5584874879376,43.4799422770431,43.4061822206121,43.3525000976793,43.3244806993886,43.319826190807,43.3321926899888,43.3545553714147,43.3811194352758,43.4079240192867,43.4326822429129,43.4543353929363,43.4725990274572,43.4876120839183,43.4997054641184,43.5092675444274,43.5166755147271,43.5222656465951,43.5263232421368,43.5290802679022,43.5307143441914,43.5313466853983,43.5310389327813,43.5297898397175,43.5275327873789,43.5241345498452,43.5193951114728,43.5130482430882,43.5047635478808,43.4941533241307,43.4807922746893,43.4642649454725,43.4442641385326,43.4207708418532,43.3943458515278,43.3665418289656,43.3403806628741,43.3207126144782,43.3140861368216,43.3276012098946,43.3663301912003,43.4295909781016,43.5076993958307,43.5820034032065,43.6303254098576,43.6364778380545,43.5984236145788,43.5293403837254,43.4507851168207,43.3828975342617,43.3376784415704,43.3177814336216,43.3192598750197,43.3353648010684,43.3594225566159,43.3862596781543,43.4125064274262,43.436316475168,43.456910127228,43.474155093307,43.4882584322086,43.4995703371862,43.5084735655572,43.5153289045982,43.5204526377612,43.5241094356665,43.5265106937142,43.5278133222061,43.5281173459867,43.5274625775892,43.5258253502343,43.523116170201,43.5191786053465,43.5137892905127,43.5066591735181,43.4974376170527,43.4857242209551,43.471098581216,43.4531855625839,43.4317818007565,43.4070742437516,43.3799747851499,43.3525601766037,43.3285208501662,43.3133706973425,43.3139827769407,43.3369331460954,43.3854368226678,43.4556142349605,43.5342186130566,43.6006022783138,43.6339777702757,43.6229953765066,43.5716038559055,43.4969411563253,43.4208165964551,43.3606585514106,43.3248609124172,43.313302200794,43.3207101893119,43.3402050144534,43.3656205288277,43.3924631330637,43.4179581592259,43.4406830384838,43.4601177771474,43.4762672753684,43.4893971376596,43.4998714621065,43.5080645711974,43.5143192589302,43.5189305546249,43.5221410731889,43.524139899247,43.5250612378904,43.5249818414277,43.5239177023216,43.5218209575983,43.5185777261859,43.5140071390468,43.5078616446327,43.4998293426451,43.4895411707069,43.4765897116746,43.4605724285031,43.4411798260047,43.4183563079098,43.3925628175579,43.3651542046584,43.3388316127059,43.3180194543715,43.3088458571262,43.3182422197495,43.3517180178187,43.4099127891928,43.4852105212998,43.5609474040772,43.6155679770155,43.6312878349533,43.6027507358659,43.5398277418624,43.4624875006792,43.39146001495,43.3406864624726,43.3148871553682,43.3115115133853,43.3243692908653,43.3467327301345,43.3730759754796,43.3996154573398,43.4241532839165,43.4456593923247,43.4638457924384,43.4788351656903,43.4909398945826,43.500531582773,43.5079728609814,43.5135867725239,43.5176458195531,43.5203692634851,43.5219223970998,43.5224151016195,43.5218992271599,43.5203654220962,43.5177402691118,43.5138843224449,43.5085913302559,43.5015890879157,43.4925435551994,43.4810706129188,43.4667645358941,43.4492589392397,43.4283436255801,43.4041661276143,43.3775420433697,43.3503688932991,43.3260631874789,43.3098032236023,43.3081820505422,43.327772774712,43.372332798844,43.4391974099699,43.5167264016639,43.5854819609868,43.6245621965674,43.6208682101443,43.5757381802251,43.504240626646,43.4276373381258,43.3642691381679,43.3240951604387,43.3083789844427,43.3126433298171,43.3302240356823,43.3548031751765,43.3815879724171,43.4075020211953,43.4308844618128,43.4510543869578,43.4679219562964,43.4817053560769,43.4927507579773,43.5014304027305,43.5080918245918,43.513036561823,43.5165134287803,43.5187172640433,43.5197884379401,43.5198113426249,43.5188118046571,43.5167541028357,43.5135383402865,43.5089986824277,43.5029028865033,43.4949541315454,43.4847979504597,43.4720405622054,43.4562903897377,43.4372417136674,43.4148264427253,43.3894619006296,43.3624087968369,43.336206446592,43.3150509264057,43.3048215206873,43.3122980752306,43.3431224197558,43.3985262220794,43.4719370494144,43.5478214475026,43.6051721357479,43.6256175546756,43.6021759751602,43.5428833843774,43.4666390237193,43.3942750279727,43.3406771096335,43.3117006880648,43.3056285546075,43.3166487975615,43.3380482577489,43.3641216241872,43.3908524258816,43.4158361709895,43.4378918486261,43.4566363360463,43.4721409951999,43.4846963601384,43.4946693566116,43.5024261814619,43.5082960836142,43.5125575580052,43.5154348220021,43.5170975478564,43.5176604674909,43.5171818029779,43.5156607430376,43.5130346457677,43.5091766136522,43.5038939460011,43.4969281891455,43.4879585923448,43.4766132617736,43.4624966193466,43.4452480115107,43.424653637262,43.4008393793389,43.3745684265036,43.3476410279252,43.3233241717106,43.306609503601,43.3039250192713,43.3218150401039,43.3642888922158,43.4292945092067,43.5060393522936,43.5757703082238,43.6176082873961,43.6176077684612,43.5757517150975,43.5059780372385,43.4291988832572,43.3641982268,43.3217587199438,43.3038923372352,43.3065572758948,43.323207168909,43.3474370489873,43.374284405638,43.4005022573492,43.4242960812595,43.4448963045046,43.4621629897628,43.4762918244875,43.487623555559,43.4965338571655,43.5033769786189,43.5084612379525,43.5120409579167,43.5143152229422,43.5154281954837,43.5154687000102,43.5144685840067,43.5124002503803,43.5091740010493,43.5046357673149,43.4985658316722,43.4906797400108,43.4806342779769,43.4680446390243,43.4525240749168,43.4337641746828,43.4116808473675,43.3866534625034,43.3598724660149,43.333767097209,43.3123888081706,43.3014708840858,43.3077204288566,43.3368894826319,43.3905957914535,43.4629029258958,43.5389278452761,43.5979321954128,43.6211336538628,43.6005607178105,43.543195734251,43.4673826457825,43.3940936791716,43.3388161859187,43.3080713390413,43.3005949516537,43.3107486928994,43.3317860449372,43.3578694946735,43.384834019444,43.4101529416271,43.4325620195263,43.4516304061491,43.4674080342602,43.480180773449,43.4903199430156,43.4981997713922,43.5041578456503,43.5084796755319,43.5113948238104,43.513077157581,43.5136454230858,43.5131627129603,43.5116347336159,43.5090073552911,43.5051640290977,43.4999236329102,43.4930395810317,43.4842020837629,43.473047784178,43.4591850838862,43.4422494596006,43.4220102757455,43.3985562938435,43.3725845177284,43.345793034244,43.3213132628752,43.3039924564315,43.3001654430199,43.3164312643233,43.3571014544471,43.4206930531587,43.4970889068213,43.5679656804001,43.6122689860039,43.6152177550139,43.5756947304322,43.5068726092438,43.4295859679987,43.3631194657706,43.3189458053451,43.299611696805,43.3013225340915,43.3175378049351,43.3417297698275,43.3687815858257,43.3953146677546,43.4194437758598,43.440347377743,43.4578625758861,43.4721806455294,43.4836480439919,43.4926504037907,43.4995525423087,43.5046720563097,43.5082706382534,43.5105530985822,43.5116684784439,43.511710633702,43.5107175106502,43.5086692850602,43.5054858718669,43.5010243406728,43.4950768617499,43.4873703966904,43.477570930885,43.4652981232122,43.4501611980186,43.4318336266673,43.4101912637452,43.3855419145741,43.3589644537845,43.3327360554839,43.3107355355699,43.2985590224647,43.3029124678819,43.3298062153184,43.3814464193582,43.4527134522544,43.5294225762661,43.5909425309044,43.6177508447222,43.6005592644499,43.5451573878645,43.4694389867875,43.3947610307671,43.3374350803475,43.3047515189207,43.2958853075064,43.3052970506216,43.3261274504855,43.3523521707997,43.379632788285,43.4053176995344,43.4280685413126,43.4474197450435,43.463412149255,43.4763367991484,43.4865765892361,43.4945189008069,43.5005134855133,43.5048560140939,43.5077842086435,43.5094787125982,43.5100645812989,43.5096116953521,43.5081337888476,43.5055864192024,43.5018643689332,43.4967989894346,43.4901562647851,43.4816373477366,43.4708855034949,43.4575072680778,43.4411214399011,43.4214567949667,43.3985258371991,43.3729013824655,43.3461029502494,43.3210411322933,43.3023499931211,43.2962645192658,43.3095536914515,43.3471134748217,43.4084557328386,43.4845652856176,43.5577341203011,43.606476885933,43.6145152386473,43.5788847041431,43.5115586931607,43.4333494959216,43.3644458770756,43.3174731538459,43.2958222806238,43.2960525756435,43.3115938097188,43.3357022570925,43.3630148289659,43.3899556504983,43.4145115771924,43.4357931630481,43.4536112312365,43.468155406007,43.4797827538425,43.4888940040471,43.4958692780969,43.501039748895,43.5046784835784,43.5069998407212,43.5081613860749,43.5082654098436,43.507359048611,43.5054330269149,43.5024194161569,43.4981888607574,43.4925477932169,43.4852366668818,43.4759316555906,43.464255111385,43.4498047705404,43.4322183234142,43.4112975095039,43.3872208508591,43.360868147749,43.3342473085726,43.3109329443717,43.2962805573108,43.2969969487757,43.3195578385664,43.3672378475078,43.4364279709678,43.5142863673462,43.5804804611507,43.6142071942469,43.6037355946415,43.5525233314774,43.4774574440392,43.4004841661588,43.339414975424,43.3030127944889,43.2913393887037,43.2991026698022,43.3192777403333,43.3455193432812,43.3731808524119,43.399384719369,43.4226557984402,43.4424611900425,43.4588193782425,43.4720240321881,43.4824721585194,43.4905688130135,43.4966809743234,43.5011195454247,43.5041353537183,43.5059206133748,43.5066112941454,43.5062884240719,43.504977847594,43.5026486576943,43.4992107076365,43.4945116023077,43.4883337460506,43.4803928236201,43.4703410097757,43.4577817472569,43.4423084685852,43.423586978371,43.401508674155,43.3764443781292,43.3496153559108,43.3235502617082,43.3024912357013,43.2924421218214,43.3003740761515,43.3321053306608,43.3888639043902,43.4637109579863,43.5403554190582,43.5969408895702,43.6147239754699,43.5872636056356,43.5239092235366,43.4449517027165,43.3719734848441,43.3197325935446,43.2933588016469,43.2902756790981,43.3040127714395,43.3275077366593,43.3549667841368,43.3824426723525,43.407666508703,43.4296014930349,43.4479898375228,43.4630011239455,43.474998172724,43.4843986962536,43.4916028946456,43.4969612745852,43.50076421495,43.5032414564127,43.5045647260047,43.5048501359481,43.5041591175785,43.5024977831151,43.4998150436531,43.4959998504838,43.4908779094919,43.4842085461503,43.4756835358607,43.4649321725053,43.4515411204712,43.435103947611,43.4153231509812,43.3921944443796,43.3663023787905,43.3392343107912,43.3140545363671,43.2956498750092,43.2905686217702,43.3058213007043,43.3462367873652,43.4106979460229,43.4889543941895,43.5618721240747,43.6071967792712,43.6092903354702,43.5671787293374,43.4951592084397,43.4154577659871,43.3482165926745,43.3049276793431,43.2875584816174,43.2915766739902,43.3098675051257,43.3356011706613,43.3635909020453,43.3905282211147,43.4146553386235,43.4352829235998,43.4523600422734,43.4661626165865,43.4770964106125,43.4855863045965,43.4920219052136,43.4967358701781,43.4999988460674,43.5020211710162,43.5029559950668,43.5029014171295,43.5019009634444,43.4999425548844,43.4969563277408,43.4928116026697,43.4873133062502,43.4801986668208,43.4711365168847,43.4597345596722,43.44556496452,43.4282257753683,43.4074639232766,43.3833916338304,43.3568231183586,43.3297260838533,43.3056986395946,43.2902274670521,43.2902824050186,43.3126930268164,43.3610281765484,43.4316695046624,43.5112669065309,43.5785695227116,43.6119297450386,43.5994620101238,43.5453820785432,43.4678154100447,43.3896808051795,43.329032192454,43.294214675116,43.2845998833735,43.2942955119301,43.3159312804624,43.3430620218863,43.3710993419831,43.3972923984464,43.4203007116142,43.4397042428316,43.4556038667728,43.4683475337687,43.4783649096615,43.4860789734623,43.4918655829448,43.4960395564922,43.4988532797722,43.5004996542044,43.5011152267003,43.5007818712818,43.4995267781229,43.4973210598109,43.494077317915,43.4896463670556,43.483813383809,43.4762944868378,43.4667366662516,43.4547275880417,43.4398275284351,43.4216435038149,43.3999741487188,43.3750584707003,43.3479516596156,43.3210073257278,43.2983421664444,43.2859823846981,43.2911883980012,43.320407602653,43.3757489591226,43.4510649851033,43.5302509436011,43.5906838242604,43.6121263395447,43.5867262744091,43.5233230297359,43.4427656383452,43.3677232861737,43.3138648274506,43.2866987358781,43.2835597325795,43.2976741065215,43.3216787453355,43.3495817959968,43.3773486409194,43.4027006713884,43.4246312376277,43.4429251618219,43.4577920322544,43.4696261729019,43.4788677093514,43.4859319705072,43.491179720437,43.4949088332697,43.4973552525772,43.4986964529807,43.499054226319,43.498495787927,43.497033284605,43.4946221031257,43.4911582547617,43.4864749176258,43.4803383786892,43.4724446064338,43.4624200189015,43.4498342069673,43.4342387935644,43.4152550097819,43.3927409939766,43.3670724917166,43.3395548491661,43.3129280544828,43.2918038004219,43.2826782719997,43.2929697784273,43.3285636015779,43.3899689305578,43.468573443302,43.5459319711488,43.5987469601132,43.6087865046427,43.5722423059011,43.501882301933,43.4203008206705,43.3492591010446,43.3019832227809,43.2815304859376,43.2836923883661,43.3011766102234,43.3267941004262,43.3550232587109,43.3823238831297,43.4068100734251,43.4277387074277,43.4450481009993,43.4590235814239,43.4700870239704,43.4786797471286,43.4852060080281,43.4900112858447,43.4933778572356,43.4955270900081,43.4966228608228,43.4967737443388,43.4960334806273,43.4944000453585,43.4918137509319,43.488154549776,43.4832384956698,43.4768135974359,43.4685565652126,43.4580747233579,43.4449221437429,43.4286461215473,43.4088889776747,43.3855782537579,43.3592386070429,43.3314363030579,43.3052979974766,43.2859038365175,43.2801454264639,43.295464063375,43.3370138072126,43.4035978217623,43.4842515975004,43.5586238661984,43.6033725965239,43.6027052704585,43.5567134208175,43.4813873593134,43.4002502046936,43.3337142662137,43.2926351471359,43.2780007786878,43.2844663968578,43.3044871442282,43.331150308838,43.3593949888441,43.3861155740689,43.4097507301471,43.429764260364,43.4462081592616,43.4594187278896,43.4698317702252,43.477883510396,43.4839652247606,43.4884075256931,43.491478517629,43.493386635605,43.4942835972076,43.4942658199648,43.4933742326836,43.4915929797694,43.4888474263317,43.4850015032719,43.4798542216097,43.4731356125316,43.4645039205836,43.453549109447,43.4398130981759,43.4228448050894,43.4023172420466,43.3782412948549,43.3513080043067,43.3233612146986,43.2979194295067,43.2805060659452,43.2783290839919,43.2987080192758,43.3458875165114,43.4168592995146,43.4984298303578,43.568773127377,43.605083886335,43.5943552642029,43.5403799005348,43.4617167199795,43.3821446624337,43.3204216364251,43.2851499832761,43.2755831836186,43.2855623149946,43.307484299345,43.334776925096,43.3628218404133,43.3888962863923,43.4117090005877,43.4308870116324,43.4465659629469,43.4591148512415,43.4689736459702,43.4765692256338,43.4822788485886,43.4864188467861,43.4892443391162,43.490952009443,43.4916822843528,43.4915198736793,43.4904929495142,43.4885715779733,43.4856657496025,43.4816228984068,43.4762246261894,43.4691829597181,43.4601383770231,43.4486655509617,43.4342986891481,43.4165965305539,43.3952763267119,43.3704523903825,43.3430080831944,43.3150914411779,43.2906268513798,43.2755588012816,43.2773237746605,43.3029511888026,43.3555648430689,43.4302114249316,43.5115815885706,43.5768087818716,43.6041997398155,43.583862518612,43.5231002263164,43.4424525507151,43.3653791286365,43.3087416281005,43.2789978953555,43.2739401356917,43.286846825158,43.3102030159976,43.3378225674738,43.3655139686678,43.3908976993244,43.4129117973014,43.4313142205515,43.44630228185,43.4582644457703,43.4676379072383,43.4748372781318,43.4802251521709,43.48410399357,43.4867166292482,43.4882485215099,43.488828969923,43.4885307386445,43.4873686646488,43.4852979221663,43.4822121941297,43.4779414887358,43.4722492408089,43.46482917382,43.4553046843056,43.4432377291096,43.4281606930173,43.4096533292673,43.3874959663983,43.3619346795085,43.3340823893937,43.3064308478317,43.2833347162399,43.2711376433434,43.277398035026,43.3086447337672,43.366613335736,43.4442280681348,43.5241722387559,43.5830079435914,43.600773777206,43.5710506012676,43.5044854668686,43.4230521538386,43.3493621319988,43.2981544414339,43.2738208438635,43.2729092830129,43.2883360387842,43.312791876061,43.3405160008571,43.3677356542933,43.392387657988,43.4136108412923,43.4312712972494,43.4456124521458,43.4570328897159,43.4659621383962,43.472800450933,43.4778951646899,43.481534876639,43.483950147756,43.4853149768434,43.4857469334207,43.4853059064831,43.4839922374635,43.481744922803,43.4784400194311,43.4738888570376,43.4678356851289,43.4599554945425,43.4498554627948,43.437088230219,43.4211922660436,43.4017835084502,43.3787310193787,43.3524512911114,43.3243375188329,43.2972786758853,43.2760921350351,43.2674904604848,43.2790119577634,43.316410807513,43.3796956248303,43.4594530713206,43.5364986290807,43.5873805253,43.5945750797227,43.5555284478445,43.4840582776221,43.4030181644045,43.3336466531521,43.2883300219777,43.269447145843,43.2724815349175,43.2901565464536,43.3154710096244,43.3431283396742,43.369774583794,43.3936467192307,43.4140655528871,43.4309898332368,43.444698418023,43.4555935568617,43.4640936824165,43.4705830823613,43.4753930958479,43.4787979140269,43.4810151174555,43.4822062037189,43.4824756678339,43.4818689769312,43.4803703504761,43.4779009944888,43.4743177981235,43.469412006904,43.4629075922082,43.4544604832839,43.44366301553,43.4300632791337,43.4132166317207,43.3927956833003,43.3687925218956,43.3418450202298,43.3136920234382,43.2876855746268,43.2691387592956,43.2650784402109,43.2828218126473,43.3269889147674,43.3954495728549,43.4762354567804,43.5485321283079,43.5895829337265,43.5851096323,43.53680825963,43.4614169032303,43.3820509042701,43.3180336729194,43.2791743675741,43.2658921373056,43.2727743957313,43.2925073086137,43.3184927749148,43.3459376252451,43.3719120780661,43.3949440369753,43.4145238852488,43.4306924938826,43.4437568357188,43.4541183944931,43.4621820733377,43.4683148467214,43.472831069554,43.475989435537,43.4779931307975,43.4789894024827,43.4790677042844,43.4782570613614,43.4765236358142,43.4737690644707,43.4698294652338,43.4644746146626,43.4574072561123,43.4482643484091,43.4366257900167,43.4220420853335,43.4041004607759,43.3825577946415,43.3575742633397,43.3300741374872,43.302221595059,43.2779045174052,43.2629511629776,43.2645993204422,43.2896560022814,43.3411458756866,43.414336391214,43.4945549979425,43.5597863984232,43.5888836676423,43.571694841091,43.5144502696845,43.436389876391,43.3601657683305,43.3026342453002,43.2708425924989,43.2633391759032,43.2739974451205,43.2956209639518,43.3221048941389,43.3491961102395,43.3743948886763,43.3965132225652,43.4152015800334,43.430575015391,43.4429632355366,43.4527637531115,43.4603661078915,43.4661187156395,43.4703177077928,43.4732047204453,43.4749665781162,43.475734000605,43.4755790092789,43.4745118849169,43.4724786563043,43.4693595880118,43.4649684904251,43.4590524593867,43.4512924419072,43.4413073567614,43.4286688234948,43.4129400964519,43.393761162382,43.3710101237428,43.3450733743043,43.3172416820296,43.2901956759735,43.2684280620157,43.2582660407087,43.2669737999712,43.3004410877086,43.3595333980479,43.4364558707127,43.5138578826656,43.5692442324694,43.5842136469911,43.5536034411679,43.4882307482656,43.4091653393431,43.3377569630363,43.2878745698149,43.2637076731216,43.2620936259068,43.2764053852579,43.2997221069631,43.3265152641534,43.35310071715,43.3774098775343,43.3985299997495,43.4162619100859,43.4307874523153,43.4424543885951,43.4516535977323,43.4587576906932,43.4640952770822,43.4679428199325,43.4705230210679,43.4720040419311,43.4724975195366,43.472055471171,43.4706670559117,43.4682561074022,43.464679797226,43.4597282495876,43.4531249776389,43.4445292237087,43.4335441842312,43.4197400819173,43.4027081702725,43.3821701654282,43.3581742564534,43.3314062639275,43.3036180070593,43.2781021783645,43.2600036836322,43.2560657563868,43.2732758636071,43.3160601277628,43.3824881033289,43.4613463290839,43.5329421224905,43.5753889332001,43.5743303711224,43.5302785239983,43.4583146018782,43.3803714466337,43.3155901883689,43.274435166697,43.2582818172904,43.2625094156589,43.2802391260324,43.3049834025254,43.331859783558,43.3577686244289,43.3810641692481,43.4010947951914,43.4177994701075,43.4314185290618,43.4423129282232,43.4508642894039,43.4574267546464,43.4623078202036,43.4657627103239,43.4679931803032,43.4691463359996,43.4693121613702,43.4685201601071,43.4667361079849,43.4638597216976,43.4597235178958,43.4540927890708,43.4466670326869,43.4370849019301,43.4249382975972,43.4098068969239,43.3913320030389,43.3693565630774,43.3441620738114,43.3168229654147,43.2896573627074,43.2666571016329,43.2536184623755,43.257512449596,43.2845931044373,43.3371400928297,43.4097942171402,43.4878168590078,43.5499525088299,43.5763827960608,43.5580995462263,43.5015886941746,43.4253912050967,43.3510787566084,43.2947149423036,43.2631294973966,43.2551018304377,43.2648994512086,43.2856636623159,43.3114857244313,43.3381776937791,43.3632216995926,43.3853743437256,43.4042240072109,43.4198320489414,43.4324874187075,43.4425587881269,43.4504156760951,43.4563921174477,43.4607731242566,43.4637910842465,43.4656248344245,43.4663981628846,43.4661770439141,43.4649662200726,43.462706085153,43.459270549764,43.4544661379736,43.4480324984803,43.4396453833024,43.4289254995117,43.4154609219981,43.3988571163308,43.3788364128768,43.3554154531417,43.3291882860186,43.3017216070156,43.2760070143293,43.2567929321566,43.2504424298106,43.2638193809354,43.3018152192093,43.3637904244014,43.4404635620055,43.5138875227301,43.5625470576431,43.5704049619096,43.5348507905394,43.4680542238621,43.3907177373999,43.3227023677621,43.2763040411918,43.2547448839814,43.2546036159747,43.2694505239457,43.2927172420803,43.3191916520001,43.3454003012866,43.3693836853091,43.3902676617395,43.4078526537078,43.4223033074295,43.433945819604,43.4431504910523,43.450271653688,43.455621504313,43.4594611898984,43.46199874426,43.4633883052358,43.4637283808927,43.4630589541295,43.4613581510938,43.4585393384164,43.4544492277289,43.4488673137803,43.4415072841937,43.4320224706302,43.4200204822313,43.4050972289952,43.3869074859955,43.3652966415935,43.3405223209332,43.313586245979,43.2866599863768,43.2635019313599,43.2496147907567,43.2517186159742,43.2760556895122,43.3253698527926,43.3953477279409,43.472618211189,43.5369184586434,43.5682628388373,43.5561007566167,43.5047111943649,43.4309545221249,43.3560250876869,43.2968061146136,43.2614502730988,43.2498823165183,43.2570169231616,43.2761646353503,43.3012854207563,43.3279399034966,43.3533568562994,43.3760917481274,43.3955958303431,43.4118484334553,43.4250961652288,43.435690264802,43.4439963096308,43.4503502981365,43.4550408763581,43.4583040354761,43.4603221279653,43.4612231182525,43.4610786799127,43.4599012831612,43.4576410316183,43.4541830098945,43.4493456788549,43.4428808722886,43.4344767350061,43.4237670389136,43.4103541883625,43.393859074439,43.3740181987091,43.3508548034065,43.3249501220167,43.2978212973151,43.2723551303854,43.2531323801875,43.2463105668984,43.2585926255575,43.2948980164851,43.3549549917173,43.4302125659808,43.5035686574611,43.5539721098353,43.5650360324703,43.5330248224761,43.4687926279227,43.3922462563178,43.323282248122,43.2748465172289,43.2509682355746,43.2488347343896,43.2623062485658,43.2848409580051,43.3111063494747,43.3374623978285,43.3617967389342,43.3831202376756,43.4011585370997,43.416034181016,43.4280538253156,43.4375816407914,43.4449723635106,43.4505407215874,43.4545502818229,43.4572108013348,43.45867791396,43.4590523216219,43.4583777670391,43.4566381663765,43.4537546409168,43.4495831268472,43.4439131629237,43.436468834196,43.4269142110898,43.4148684821017,43.3999407109356,43.3818006743562,43.3603092948981,43.3357359226973,43.3090815304474,43.2824913938857,43.2596577090951,43.2459703390144,43.2480062611623,43.2718905395567,43.3203706760469,43.3893483226508,43.4658749743612,43.5301446734248,43.5623709273432,43.5517440440763,43.5019213958957,43.4291348645882,43.3542832342515,43.29437079141,43.2579224757753,43.2452523956006,43.2515326493462,43.2701694174883,43.2950998596749,43.3218040155747,43.3474189413654,43.3704225595665,43.3902113442399,43.4067316353046,43.4202137911201,43.4310036852585,43.4394673220565,43.4459432047587,43.4507223360468,43.45404202583,43.4560850449481,43.4569796384575,43.4567985824853,43.4555570535926,43.4532098240923,43.4496484784963,43.4446993056731,43.4381226762064,43.4296155506884,43.4188208007284,43.4053507286843,43.3888377575779,43.3690321958271,43.3459729462813,43.3202561177314,43.2934069182122,43.2683035356996,43.2494893825335,43.2430473210967,43.2555737489743,43.2918808582559,43.3516469016513,43.426387753383,43.4991942056147,43.5492520564523,43.5603129343266,43.528585536589,43.4647145028386,43.3883891398429,43.319408240098,43.2707620078894,43.2466001829492,43.2442258891542,43.2575651477575,43.2800880416542,43.3064384423599,43.3329387382727,43.3574402897909,43.3789265207477,43.3971062577241,43.4120944436123,43.424196633276,43.4337795183414,43.4412015533094,43.4467807090058,43.4507824913474,43.4534172509276,43.4548404261723,43.4551526130109,43.4543984282582,43.4525642755103,43.4495755878264,43.445294206018,43.4395166165282,43.4319742544648,43.4223384695269,43.4102355581072,43.3952818661153,43.3771553022356,43.3557264318241,43.3312758189418,43.3048158737079,43.2784998786754,43.2560180350087,43.2427392165598,43.2451918493338,43.2694228655243,43.3180846763182,43.3869984030765,43.463191428559,43.5269177668794,43.5585222219861,43.5473434563244,43.4971423553629,43.4241809412556,43.3493297551169,43.2895411696611,43.2532911487607,43.2408570970565,43.2473851110455,43.2662621785617,43.2914108170333,43.3183004382942,43.3440615984542,43.3671698346865,43.3870229397453,43.4035714829018,43.4170519064757,43.4278168600434,43.4362387221221,43.4426611197704,43.4473784707621,43.4506297971549,43.4525983240847,43.4534122510149,43.4531446781089,43.4518122308106,43.4493727052702,43.4457223246917,43.4406932676318,43.434052388391,43.4255029516936,43.4146932483916,43.4012396136725,43.3847768655157,43.3650560178709,43.3421150221716,43.316547376624,43.2898739345225,43.2649666780835,43.2463609302751,43.2401294928268,43.252855862266,43.2893335470695,43.3492109010991,43.4239583721393,43.4966120222904,43.5463193529799,43.5568488497755,43.5245039483467,43.4600789499032,43.3834041766206,43.314349348046,43.2658865121841,43.2420845035959,43.2401470066101,43.2539164730542,43.2768096187735,43.3034457828594,43.3301433557308,43.354761473562,43.3762966550621,43.3944722640021,43.4094171972453,43.4214493970637,43.4309458922978,43.4382731923529,43.4437550098418,43.4476604826065,43.450201946283,43.4515358673879,43.4517637263719,43.4509316633248,43.4490288290488,43.4459848818099,43.4416672193748,43.4358786761118,43.4283569556544,43.4187784845129,43.4067721579844,43.3919530056218,43.3739921122344,43.3527460294374,43.3284726762551,43.3021528762375,43.2759019284916,43.2533735130427,43.2399166486248,43.2420777116012,43.2659771891663,43.3143921514839,43.3832731473811,43.459697988155,43.5238216732336,43.5557593233647,43.5446203728608,43.4940938301145,43.4205776534788,43.3451898715856,43.285089878979,43.2488294887101,43.2366378757079,43.243551177131,43.262845871824,43.2883661477117,43.3155411233475,43.3414907487234,43.3646979644601,43.3845764124559,43.4010948256866,43.4145068334042,43.4251798192935,43.4334979635319,43.4398137966954,43.4444280665721,43.4475840807162,43.4494679923186,43.4502103535414,43.4498868211739,43.4485174351877,43.4460646698837,43.4424307487197,43.4374548213898,43.430910891011,43.4225082862789,43.4118984882271,43.3986957227255,43.3825241963926,43.3631117864327,43.3404562936019,43.3150904036665,43.288453708064,43.2633258760326,43.2441643819635,43.23702475991,43.248593331242,43.2839287423636,43.3430767844575,43.4178889831139,43.491529972551,43.5428512548746,43.5549780346851,43.5235669774201,43.4591332950543,43.3817045199418,43.3116209742501,43.2622938063654,43.2380165489452,43.2359986018803,43.2499634286134,43.2731820889593,43.3001585381949,43.3271424298153,43.3519642829497,43.3736184220363,43.3918399691167,43.4067749284008,43.4187587395345,43.428183921199,43.4354296103571,43.4408292779696,43.4446593905895,43.4471378536351,43.4484257204024,43.4486288592283,43.4477982965502,43.4459290814679,43.4429580179108,43.4387607652406,43.4331489449466,43.4258684045585,43.4166011421687,43.4049760865654,43.3905983957403,43.3731132670971,43.3523274993031,43.3284168536771,43.3022416483912,43.2757620215741,43.2524667427223,43.2375897236706,43.2377109696067,43.2592469485551,43.3055865780695,43.3734898317049,43.4506905846618,43.5173891937682,43.5529089541516,43.5450305506247,43.4962918065857,43.4227214879307,43.345902170019,43.2838530268355,43.2458709536187,43.2325598830322,43.2389851180621,43.2582617023313,43.2840278342215,43.3115440180058,43.3378232942839,43.3612961658796,43.381360940949,43.3979918356911,43.4114572319115,43.422141656101,43.430445348225,43.4367344701275,43.4413208208488,43.4444566347119,43.4463355880772,43.4470951423073,43.4468179865595,43.4455319142639,43.4432082576505,43.4397592902023,43.4350350873923,43.4288205671259,43.4208342375137,43.4107320473218,43.3981231646125,43.3826098626711,43.3638707756959,43.3418139140519,43.3168280613079,43.2901477826568,43.2642998962706,43.243495744966,43.2336678435701,43.241678355221,43.2732323443676,43.3295114726582,43.4036801083408,43.4797252794277,43.5361398563367,43.5543862766909,43.5279112161696,43.4656661433958,43.3874935821317,43.3147255038311,43.2621493602345,43.2351112071447,43.2312863736406,43.2443873326878,43.267436741215,43.2946482190879,43.3220393958207,43.3472927062849,43.3693261383189,43.387847085167,43.4030015254628,43.4151379055698,43.4246660333061,43.4319821589129,43.4374349144612,43.4413136922006,43.4438475339333,43.4452075667278,43.4455094312947,43.4448142925188,43.4431282075299,43.4404001396081,43.436519031507,43.4313104131932,43.4245334023297,43.415880115201,43.4049819474263,43.3914313943179,43.3748343031984,43.3549151092053,43.3317040756118,43.3058340057447,43.2789505717888,43.2541739159401,43.2364187179483,43.2321948612845,43.2483692260239,43.2895126757276,43.3541977434393,43.4319605905523,43.5037253551139,43.5476265694904,43.548581134866,43.506022531495,43.434285547084,43.3553035595111,43.288828679542,43.2460822604437,43.2289520974725,43.232964844657,43.2511148815536,43.2766687730086,43.3044994673913,43.3313236552187,43.3553859985228,43.3759885404555,43.3930685295711,43.4068909594593,43.4178529858392,43.4263731794105,43.4328365312694,43.4375721044519,43.4408474748834,43.4428701747414,43.4437907409931,43.4437048648941,43.4426538606244,43.440623531366,43.4375417956065,43.4332754481583,43.4276265211626,43.4203292969749,43.4110505885842,43.3993989631819,43.3849535939229,43.3673304606407,43.3463116183507,43.3220684499174,43.2955032275015,43.2686980679098,43.2453727905817,43.2310967419755,43.232805374191,43.2570860158628,43.3070136243427,43.3783192632937,43.4571312727673,43.5221803226368,43.5524860822262,43.5372624667143,43.4816663602423,43.4041174531248,43.3271528948551,43.2681324288976,43.2348021063675,43.2262264559478,43.236474427454,43.2582846574831,43.2853579276628,43.313227808566,43.3392233258886,43.3620465619854,43.3812946604167,43.3970713377227,43.4097206753887,43.4196661128327,43.4273240937116,43.4330643511739,43.437196091207,43.4399665071056,43.4415636388434,43.4421194597988,43.4417115201011,43.4403628373767,43.4380403063918,43.4346519950724,43.4300436325172,43.4239947575879,43.4162158311164,43.4063496246819,43.3939839064119,43.378688246552,43.3600955207819,43.3380567375618,43.312901080958,43.2858202113078,43.2593470210277,43.237789337777,43.2272995541385,43.2350702968808,43.2671407756639,43.3248120946369,43.4009080608438,43.4785579771412,43.5352216318817,43.5518152072874,43.5222274675647,43.4566834092628,43.3763728862158,43.3033045512086,43.2520730525206,43.2272931301088,43.225848081895,43.2409047819221,43.2652555096159,43.2931211915441,43.3206501902006,43.3456893477428,43.3673043506588,43.3853144644012,43.3999407763738,43.4115770580361,43.4206575045414,43.4275896721692,43.4327263030513,43.4363575673097,43.4387121442625,43.4399606620237,43.440218426116,43.4395464301114,43.4379506884043,43.4353802682203,43.4317243383735,43.4268084523169,43.4203905571307,43.4121583417929,43.4017320274157,43.3886810718142,43.3725698256666,43.3530555213171,43.330069737373,43.3041151200132,43.2766888757064,43.2507807590269,43.2312613609154,43.2247786101728,43.2386072936486,43.2779954512461,43.3422748527008,43.4214305951334,43.4961129601538,43.5433896509557,43.5468156359096,43.5049653834713,43.432284230936,43.3515583431616,43.2834910803902,43.2398494578834,43.2225691121686,43.2269241975926,43.245597020263,43.2716250238592,43.2997693969338,43.3267266506966,43.3507719159061,43.3712553325711,43.3881604692787,43.4017886769911,43.4125622360922,43.4209156560829,43.4272437159023,43.4318818768098,43.4351026770517,43.4371182410664,43.4380836877977,43.4380992359744,43.4372105303083,43.4354074793902,43.4326220169808,43.4287250119544,43.4235224475781,43.4167514134418,43.40807789878,43.397101371694,43.3833761628695,43.3664669466755,43.3460643750742,43.3221940027877,43.2955489020874,43.2679475447101,43.2428387438918,43.225622114624,43.2233425529258,43.2431776067801,43.2893612974665,43.3591217324522,43.4397627029675,43.5100233997408,43.5473716779011,43.5385107671708,43.48647677253,43.4090476487921,43.3296324109,43.267137532062,43.2306192036921,43.2197953449836,43.2288034005275,43.2501415662838,43.2772032695171,43.3052748503001,43.3315309467823,43.354597144927,43.3740441356467,43.3899752072491,43.4027444464913,43.4127876242483,43.4205327119865,43.4263596836679,43.4305872169232,43.4334717753646,43.4352106853042,43.4359450695427,43.4357611633607,43.4346899618935,43.4327056591107,43.4297232664264,43.4255955134419,43.4201090585888,43.4129806471412,43.4038556595725,43.3923150192785,43.3779021198778,43.3601893402438,43.3389126800218,43.314208975875,43.2869831742701,43.2593945433234,43.2353540493436,43.2207519821717,43.2229209483152,43.2487506773358,43.3012406125971,43.3754106376345,43.456088392364,43.5206845592229,43.5477806991367,43.5275801606575,43.4672409136333,43.3870316233249,43.3101990737915,43.2535519557113,43.2236284689753,43.2183451650762,43.2310763935955,43.2543491980646,43.2819749222121,43.3097362546713,43.3352227833693,43.3573470208382,43.375850457427,43.3909225001902,43.4029498503685,43.4123712317416,43.4196036420422,43.425011305663,43.4288968858538,43.4315021327862,43.4330108831547,43.4335512095824,43.4331958619505,43.4319612871514,43.4298057875154,43.426627135056,43.4222596044119,43.4164703808739,43.4089561390204,43.3993427921637,43.3871954929021,43.372052298671,43.3535033561872,43.3313463433594,43.3058530693778,43.2781698236854,43.2508242557839,43.2281972066126,43.2166274770427,43.2236099151592,43.2555298253143,43.3139094233183,43.3914566147168,43.4707534916833,43.5284805310564,43.5450082680051,43.5143120199574,43.4472941305075,43.3659423032649,43.2926952518901,43.2420680223784,43.2182837365942,43.2178094089377,43.233547615193,43.2582082276095,43.2860571302004,43.3133442057519,43.3380225261154,43.359242343421,43.3768784662973,43.3911816315028,43.4025566389151,43.4114378098207,43.4182282726165,43.4232760588051,43.4268684651052,43.4292334192031,43.4305419361134,43.4309092891176,43.430394562277,43.4289991302598,43.4266646646272,43.4232708774322,43.418632826492,43.4124977135676,43.4045422238233,43.3943741028024,43.3815463268464,43.3655991757246,43.3461543500815,43.3230936999254,43.296856708452,43.2688718158618,43.2420738300706,43.2213268073927,43.2133678976377,43.2257002356374,43.2639416116594,43.3278493138972,43.4077021238391,43.4840986271097,43.5336337882518,43.5391536221374,43.498648463029,43.4263760327662,43.3453222532584,43.2765544313157,43.2321441769696,43.2141825811466,43.2179781950505,43.2361927817602,43.2618368963512,43.2896573632564,43.3163483995964,43.3401878513034,43.36052731628,43.3773475150624,43.3909425973418,43.4017251215227,43.4101198702163,43.4165141205053,43.4212393576223,43.4245677594605,43.4267136610148,43.4278351608509,43.4280342285138,43.4273554202978,43.4257839342127,43.4232435882762,43.4195948063104,43.4146323226135,43.4080825912908,43.3996023375094,43.3887828290239,43.3751697120946,43.3583157892294,43.337893145598,43.3138984572182,43.2869831756785,43.258912564645,43.233079427023,43.2148464656244,43.211280000583,43.2296896054348,43.2745933645613,43.3436379673486,43.4245539027416,43.4962883145671,43.5360912468715,43.5300175199291,43.4802931797109,43.4041078392481,43.3247333267554,43.2613409577547,43.2234291531635,43.2111195460052,43.218809747732,43.2391125509489,43.2654366025593,43.2930334800157,43.3190266970393,43.3419913083181,43.3614541262566,43.3774821457338,43.3904001761648,43.4006212405065,43.4085569647657,43.4145772804411,43.418996601223,43.4220716716659,43.4240027106106,43.4249340099967,43.4249529984524,43.4240882325636,43.4223071585138,43.4195141681882,43.4155489071499,43.4101844905981,43.4031257900785,43.3940098044854,43.3824138186082,43.3678829468458,43.3499967022493,43.3285031550942,43.3035548962337,43.2760735832478,43.2482309365302,43.2239379536744,43.2090635861944,43.2108956636991,43.2362744871183,43.2881974128983,43.361803577346,43.4421995383608,43.5071523784793,43.5354554255044,43.5171528087863,43.4588584647348,43.3801764020169,43.3039165258322,43.2468502657822,43.2157985126013,43.2090751885356,43.220393542397,43.2424872095947,43.2692485740141,43.2964569677876,43.321655924333,43.3436979801022,43.3622662146502,43.3774997190447,43.3897448511876,43.3994099348284,43.4068908241135,43.4125388245949,43.4166504491735,43.4194660881784,43.4211705858519,43.4218928099167,43.421703785764,43.420614123835,43.4185716230671,43.4154594826085,43.4110949791851,43.4052283086329,43.3975421049068,43.3876544733721,43.3751326716135,43.3595311012396,43.3404756907429,43.3178250944676,43.2919418638584,43.264091814252,43.236936476696,43.2149667523179,43.2045394007792,43.2129889165139,43.2463070473393,43.3054520170699,43.3826446023423,43.460419854028,43.516064278491,43.5309798589188,43.4999740255236,43.4340372466464,43.3545028776759,43.2829114186132,43.2331652917712,43.2093586574334,43.208187837617,43.2229082272948,43.2465328647614,43.2735143167156,43.3001795600747,43.3244844895177,43.3455431537525,43.363179939195,43.3775951330411,43.3891498266986,43.3982438496334,43.4052552811314,43.4105155693638,43.4143021666883,43.416837645251,43.418289605184,43.4187693069842,43.4183290640943,43.4169592958287,43.4145860981634,43.4110696605337,43.4062033464746,43.3997133232418,43.3912598352247,43.3804440928708,43.3668297063886,43.3499947305592,43.3296389253349,43.3057778493208,43.2790535339462,43.2511660781498,43.225358890326,43.2067509519048,43.2021142230924,43.2185511039311,43.2606955482265,43.3268665529889,43.4060217676997,43.4784253977141,43.5218941837296,43.5216566171702,43.4779313807656,43.4057857627693,43.327374200444,43.262116205618,43.2206566876299,43.2044112662911,43.2087041034725,43.2265720119083,43.2514578998618,43.2784394670693,43.3044035617158,43.3277076443089,43.3477111217521,43.3643658683456,43.3779238855741,43.3887553594762,43.3972485793638,43.4037621618164,43.4086064257379,43.4120383220458,43.4142607413995,43.4154217618459,43.4156125156498,43.4148640689738,43.4131442933065,43.4103555094741,43.4063331438606,43.40084527595,43.393593344816,43.3842159829643,43.3723014606584,43.357419880291,43.3391939015595,43.3174349844017,43.2923766299077,43.2650272089587,43.2376252151888,43.2140858157274,43.2001662034437,43.202888355406,43.2287002677267,43.28022911052,43.3525303197919,43.4311493609896,43.4947653378644,43.5230835331928,43.506417699127,43.4507402415277,43.3744905968648,43.2995113022158,43.2422719303819,43.2099197510404,43.2013764133304,43.2109082978088,43.2315860492007,43.2574203661782,43.2841620736509,43.3092574404863,43.3314475060974,43.3503176966767,43.3659326334242,43.3785866362155,43.3886537133537,43.3965078648476,43.4024866639411,43.4068779542671,43.4099165578744,43.4117836064411,43.4126052065253,43.4124497512415,43.4113245191241,43.4091725356179,43.4058703743853,43.4012271014437,43.3949844499154,43.3868191269448,43.3763504491397,43.3631607354617,43.3468422378289,43.3270922958264,43.303885493183,43.2777517463273,43.2501699794376,43.2240282692976,43.2039817843118,43.1963623287616,43.2081382044709,43.2445060855626,43.3053245706427,43.3818533704865,43.4564445539858,43.5073741560942,43.5178786944234,43.4844426062537,43.4186261661009,43.3410766599682,43.2720477377003,43.2243647455948,43.2016546543582,43.2006849365271,43.2150402234106,43.2380776745418,43.2644910185583,43.2907288300524,43.3147798266492,43.3357410784792,43.3533999771135,43.3679172113073,43.3796194332085,43.3888791311166,43.396053307312,43.4014569081983,43.4053538951896,43.4079552620218,43.4094182772314,43.4098446795132,43.4092776442165,43.4076983036136,43.4050227322839,43.4010999789257,43.3957114075799,43.388571844561,43.3793343769588,43.3676036414981,43.352967451754,43.3350635669705,43.3137061012748,43.2891007585398,43.2621712001274,43.2349847736537,43.2111830912104,43.1961774332425,43.1966907061552,43.2191505147245,43.2667277908669,43.3357252958069,43.4133481233614,43.4795212016391,43.513815834089,43.5047217289104,43.4555142315411,43.3825118475544,43.3070056159374,43.2464045330053,43.209459033748,43.1965137893511,43.2026632983152,43.2212190929307,43.2460553854036,43.2726294870299,43.298084093309,43.3209154377301,43.3405393124759,43.356916379738,43.3702848176466,43.3809929982906,43.3894064057907,43.3958623177766,43.4006514566958,43.4040124883854,43.4061309242338,43.4071382005689,43.4071095223792,43.4060606644947,43.4039445652604,43.4006485311832,43.3959925894879,43.3897294600266,43.3815473091587,43.3710784472191,43.3579209167009,43.341685710148,43.3220896628285,43.2991206916018,43.2733023110451,43.2460666815853,43.2201912531894,43.2001434509149,43.19201238209,43.2025577457403,43.2369694378829,43.2954921217595,43.3702245634493,43.4445552562721,43.4974131790588,43.5117380723907,43.4827275943804,43.4203143985088,43.3440600786902,43.2741321118864,43.2240743653788,43.1984962967281,43.194952924897,43.2074398039722,43.2293928577665,43.2553870779564,43.2816799093921,43.3060749661409,43.3275246213559,43.3457181995159,43.3607577111645,43.3729392025454,43.3826219704616,43.3901590718453,43.3958654097328,43.4000059424954,43.4027927064184,43.4043842315464,43.404884410473,43.4043400954074,43.4027378677978,43.4000008041382,43.3959859749427,43.3904832713877,43.3832164456231,43.3738485136408,43.3619964287376,43.347264575989,43.3293131122152,43.3079843036986,43.2835141340348,43.2568492941064,43.2300562866169,43.2067295971236,43.1921670512635,43.1929123412678,43.2151949524814,43.262076947637,43.3299801263498,43.4065247244852,43.4722200985555,43.5070592793022,43.4994611959578,43.4521059918238,43.3805327289222,43.3055163870775,43.2444298276509,43.2063618827334,43.1921099423866,43.1971242608082,43.2148958350072,43.2393254369412,43.2658069355867,43.291387416013,43.3144717587887,43.3344048417214,43.3510998081077,43.3647670730839,43.3757411677775,43.384382014352,43.3910252211756,43.395960922023,43.3994269443743,43.4016075399801,43.402633007075,43.4025783211191,43.4014605669373,43.3992357624121,43.3957958559282,43.3909666103086,43.384507182042,43.3761129636339,43.3654252071003,43.3520545616146,43.3356311557914,43.3159007213171,43.2928922425943,43.2671819897255,43.2402600763096,43.2149508615131,43.1957291543457,43.1886143692456,43.2001881139225,43.2353595221929,43.2940675213063,43.368233012285,43.4413514737395,43.4927712308725,43.5059773376346,43.4765320840442,43.4143588635465,43.3387053647459,43.2693645923997,43.2196528520954,43.1941494581977,43.1905047579322,43.2028371719035,43.2246716859061,43.2506225787386,43.27694776518,43.301430889934,43.3229989764909,43.3413193530422,43.3564786907077,43.3687642075474,43.3785310748276,43.3861307094814,43.3918769928073,43.3960333356782,43.3988093621398,43.40036065567,43.4007883502951,43.4001375106335,43.3983944550029,43.3954836802902,43.3912651389699,43.3855326631753,43.378014772474,43.3683804439393,43.3562551712458,43.341257168646,43.3230698036475,43.3015730048253,43.2770596565729,43.2505543685787,43.2242165048854,43.2017274771177,43.1884237609594,43.1907763070307,43.2147666838863,43.2630183476532,43.3314208040078,43.4072012479787,43.470891860703,43.5030391269094,43.4929392043137,43.4440322934445,43.372138091377,43.2977979452973,43.2378872212846,43.2010305807182,43.1877537741941,43.1934298889156,43.2115911129108,43.236220003063,43.2627860029749,43.2883887836754,43.3114634671327,43.3313697314262,43.3480270311669,43.3616483468641,43.3725694267321,43.381150788675,43.3877278775389,43.3925895573887,43.3959711410876,43.3980533636753,43.3989625946966,43.3987702292468,43.3974908146613,43.3950792977591,43.3914280773487,43.3863646331445,43.3796507648053,43.3709853753247,43.3600147741107,43.3463581135535,43.3296610005859,43.3096969554507,43.2865418040137,43.2608442406347,43.2341948381865,43.2095376372826,43.1914559132272,43.1860049108363,43.1996403051546,43.2369008798287,43.2971098397783,43.3714938951762,43.4431171665562,43.4915092927006,43.501020583179,43.468400721163,43.404488675747,43.3287737287125,43.2606541403505,43.2127663977294,43.1890851610201,43.1869075408653,43.20024380084,43.2226639821786,43.2488876631209,43.2752794973591,43.2997064511555,43.3211516936581,43.3393168410138,43.354308130094,43.3664234245926,43.3760233542422,43.3834616134879,43.3890521128367,43.3930565052999,43.3956812723237,43.3970780084866,43.3973436935423,43.3965197747977,43.3945900435047,43.391477823861,43.3870431813151,43.3810810384117,43.3733216761649,43.3634365743307,43.3510553933426,43.3358044812233,43.3173834737617,43.2957029590754,43.2711087005126,43.2447076234699,43.2187722251973,43.1971139204291,43.1851739999284,43.1894238787348,43.2156365211153,43.265941118122,43.335496085478,43.4108176039859,43.4721610203728,43.5005488368959,43.4864215034035,43.434498999607,43.3613842625183,43.287619554291,43.2294868153927,43.1948433610551,43.1836132672626,43.19085766259,43.2100428589932,43.2352267104824,43.2620031206249,43.2875910065094,43.3105178699937,43.3302065419202,43.3466160900712,43.3599827754482,43.3706552293581,43.3790004686739,43.3853564431519,43.3900118665581,43.3932000597525,43.3950985706631,43.3958300361441,43.3954622365491,43.3940068089026,43.391416878624,43.3875842019377,43.3823365827353,43.375436707425,43.3665845698385,43.3554278224535,43.3415881365193,43.3247171558881,43.3046022406238,43.2813473336623,43.2556515619674,43.2291852337037,43.2050011924827,43.187802338033,43.1837248651748,43.1991801944549,43.2384357324173,43.3002675193542,43.3751855575575,43.4456802991597,43.4912517820562,43.4969612322508,43.4607613403993,43.3945940526229,43.3184316348921,43.2514328163133,43.2055624750882,43.1840874339875,43.1838146451679,43.1985371678232,43.2218125989367,43.2484542338825,43.2749503351624,43.2992797104253,43.320510650402,43.3384029905761,43.3530998817318,43.3649212121776,43.3742399542961,43.3814160485858,43.386765799679,43.3905507726308,43.3929757867863,43.3941899191829,43.3942874280084,43.3933074188104,43.3912321624656,43.3879844888187,43.3834248983321,43.377349284357,43.3694888402157,43.359515302974,43.3470576425094,43.3317409974684,43.3132649529435,43.2915447061067,43.2669410110709,43.2405937452106,43.2148334921141,43.1935558758452,43.1822970025604,43.1875893265004,43.215155979037,43.2668800269221,43.3374516335123,43.4128181023777,43.4728542066469,43.4987043628844,43.4815132200305,43.4269911563457,43.3525183180709,43.2788574829606,43.2219721975093,43.1891411179089,43.1797471684949,43.18850772819,43.2087562316955,43.2345644861964,43.2616116732624,43.287218779873,43.3100035996089,43.3294577618172,43.3455880628827,43.3586617374575,43.3690464592174,43.3771203144047,43.3832271641246,43.3876583405719,43.3906477229119,43.3923722356481,43.3929534120174,43.3924580439515,43.3908973696603,43.3882249927809,43.384334045399,43.3790542977861,43.3721503396992,43.3633230427488,43.3522187442239,43.3384544247706,43.3216727812413,43.3016479018567,43.2784676511253,43.2528163856061,43.2263585654932,43.2021610192072,43.1849714309776,43.1810039965732,43.1967611330604,43.2365592580093,43.2991005307815,43.3746419364554,43.4452916118068,43.4902328999698,43.4945219415446,43.4565126205418,43.3887753809078,43.3118005891971,43.2449129664209,43.1998907055545,43.1796361344167,43.1806056311572,43.1963620463205,43.2203670083986,43.2474351596098,43.2741067106463,43.2984275922596,43.3195285345432,43.3372192568406,43.3516792782064,43.3632534018085,43.3723308863546,43.3792818897763,43.3844288522016,43.388036839375,43.3903125900261,43.3914063225191,43.3914133029348,43.3903740257105,43.3882728892833,43.3850357260402,43.3805267443136,43.3745456842908,43.3668266725817,43.3570418434587,43.3448157700109,43.329761505375,43.3115555074093,43.2900755853811,43.2656291456889,43.2392892092134,43.2133166416474,43.1915578146724,43.179557437663,43.1839571503568,43.2107113510022,43.2620146417377,43.3328148936361,43.4090751275984,43.4703344767987,43.4971660556948,43.4802357112979,43.4251731799389,43.3497034580327,43.2751017220851,43.217704214741,43.1848846668119,43.175899128096,43.1852530314045,43.2060933151123,43.2323776298246,43.2597414091352,43.2855096104519,43.3083279356724,43.327723001485,43.3437344202867,43.3566563225912,43.3668767541317,43.3747884846707,43.3807456582299,43.3850467626916,43.3879307991554,43.3895786731034,43.3901154783456,43.3896117218242,43.3880829408636,43.3854878717871,43.3817256082947,43.3766323366638,43.3699786086591,43.3614691398165,43.3507492883702,43.3374261607884,43.3211179768468,43.3015524578913,43.2787412918837,43.2532571110309,43.2266195261628,43.201737955897,43.1832410242451,43.177349746999,43.1908063435246,43.228465884051,43.2897911284708,43.3657261728995,43.4385554176291,43.486839623311,43.4943986939414,43.4583864758894,43.3908665570105,43.3126786073537,43.2439749196424,43.1973075619636,43.1759910045715,43.1765270144763,43.1923131631727,43.2165947527081,43.2440112897285,43.2709963083785,43.2955484959997,43.3167903618912,43.3345437953433,43.3490081708353,43.3605487423495,43.3695726567991,43.376464541965,43.381558180364,43.3851275976402,43.3873869469361,43.3884930834416,43.3885477759358,43.3875983935099,43.3856369370851,43.3825977317148,43.3783542380028,43.3727156035884,43.3654241490129,43.3561564276283,43.3445333228539,43.3301492966915,43.3126374728374,43.2917947400077,43.2677959780878,43.2415204435242,43.2149805614409,43.1917616718464,43.177234742901,43.1781199951938,43.2008904313494,43.2487830810458,43.3181052329297,43.3959018022755,43.4617539242128,43.4948735999108,43.4836799984169,43.4318621557318,43.35650257567,43.2796118926368,43.218925860316,43.1830562496599,43.1719169875879,43.180118218598,43.2005947612584,43.22700308031,43.2547200172682,43.2808978894247,43.3040893677505,43.3237840870212,43.3400174178288,43.3530950393007,43.363422069574,43.37140861449,43.3774243047292,43.3817808716824,43.3847287177374,43.3864589747594,43.3871064597479,43.3867514722188,43.3854198577512,43.3830814818108,43.3796474960523,43.3749668374379,43.3688226347805,43.3609300331687,43.3509388749545,43.3384482097448,43.3230451290973,43.3043877694392,43.2823598214747,43.2573265056975,43.2305086845908,43.2044435067864,43.1833933912347,43.1733931330861,43.1814456415989,43.2133796627636,43.2703831144446,43.3454099481564,43.4220216635016,43.4782563884898,43.4954028451962,43.4672151730867,43.4033109847428,43.3241742520355,43.2514130303999,43.1996630312857,43.1738745189617,43.1713200768709,43.1854455236312,43.209167925817,43.2367126908136,43.2641682420651,43.2893024892122,43.3111093515364,43.3293537947233,43.3442209041932,43.3560833031809,43.3653643335618,43.3724668800082,43.3777421193253,43.3814798084317,43.3839083691202,43.3851980158202,43.3854635543762,43.3847655729625,43.3831098751102,43.3804454607824,43.3766614354512,43.3715832482089,43.3649690183878,43.356507864453,43.3458246128284,43.3324995423105,43.316118193942,43.2963742415047,43.2732554435357,43.2473420172659,43.2202245141973,43.1949823606065,43.1765321675613,43.1714633939855,43.1868242793691,43.2274496281356,43.2921647593882,43.370590740285,43.4434415598804,43.4883862280295,43.4898701587405,43.4471480342068,43.374765944628,43.2950774746557,43.2281812958315,43.1854130238013,43.168569268392,43.1730006306037,43.1915458666134,43.2173820564033,43.2453563723705,43.2722006757351,43.2961926105483,43.3166693948542,43.3335978649508,43.3472646568435,43.3580811724797,43.3664745344918,43.3728344577801,43.3774924736155,43.3807175012035,43.3827179939664,43.3836453540203,43.3835962264368,43.3826129975532,43.3806826459015,43.3777343246088,43.3736360023073,43.3681905170415,43.361131928996,43.3521245803141,43.3407703112365,43.3266343176037,43.3093073026835,43.2885299410846,43.2644116905905,43.2377709379454,43.2105905691273,43.1864978904185,43.1710212264786,43.1711731961056,43.1938025712177,43.2424407085535,43.3133550177562,43.3930306484748,43.4600892629771,43.492899954156,43.4797720747541,43.4251998870039,43.3475074945182,43.2696296892817,43.2094789941389,43.175207315969,43.166036669709,43.17600600234,43.1977450105141,43.2248461705997,43.2527690753484,43.2788053865152,43.3016458168639,43.3208902037848,43.3366503405573,43.3492788890293,43.3592063388885,43.3668543024068,43.3725962227405,43.3767441754978,43.3795478885643,43.3811978804812,43.3818286131517,43.3815200705072,43.3802975541746,43.3781300415915,43.3749274877779,43.3705373095637,43.3647403670229,43.3572475080235,43.347699677611,43.3356782434636,43.3207379761762,43.3024829908774,43.2807144406298,43.2556831346069,43.2284696883587,43.20146969217,43.1788559220274,43.1667109361503,43.1723214936334,43.2020880478837,43.2579656599602,43.3335644469505,43.4125532503816,43.4722586727829,43.4926674997211,43.4663447745125,43.402503995404,43.322114526777,43.2476870200071,43.1945965992371,43.1680937712629,43.1653791233361,43.1796638800091,43.2036395164229,43.2313895923271,43.258946333029,43.2840785956811,43.3058080325637,43.3239331438205,43.3386676295894,43.3504044296894,43.3595796024968,43.3666034867567,43.3718319325681,43.3755584542957,43.3780153136359,43.379376864438,43.3797620671024,43.3792352411309,43.3778052040191,43.3754232553752,43.3719803343803,43.3673034811902,43.3611519009307,43.3532139474939,43.3431087367583,43.3304003809387,43.3146393503229,43.2954539017219,43.2727227569114,43.2468622052157,43.2192434285738,43.1926968974149,43.1719343932617,43.1635225334947,43.1748541709039,43.2116205532619,43.2739464499281,43.3527498717539,43.4292819992136,43.480377468006,43.4884202918667,43.4504012455118,43.3796096675387,43.29862629014,43.228778677551,43.1827618591893,43.1632649640163,43.1659492603239,43.1835681709465,43.2090553235746,43.2370153638088,43.2640038421532,43.2881940058294,43.3088721513509,43.3259862115037,43.3398198226897,43.3507877754216,43.3593225294936,43.3658196820157,43.3706171494857,43.373990968595,43.3761573993625,43.3772759063687,43.3774507911986,43.3767310868223,43.3751091273142,43.3725182953071,43.3688301811624,43.3638511743925,43.3573188158937,43.3488995763744,43.3381926192799,43.3247490399918,43.3081232704298,43.2879821504847,43.2643047001634,43.2377042691666,43.2098789975759,43.184122011057,43.1656756518789,43.1615054533832,43.178914042354,43.2225933573122,43.2905795705429,43.3711039097264,43.4434599459475,43.4848036341701,43.4806034122496,43.4323099224343,43.3566017713677,43.2767481304644,43.2123131301087,43.1732820428721,43.1601180535304,43.1673446974528,43.1875382717404,43.2139965866638,43.2418533976404,43.2681407999876,43.291376890697,43.3110611613241,43.3272539737556,43.3402855088464,43.3505793401911,43.3585581444794,43.3646007013411,43.3690270477125,43.3720966291968,43.3740106478674,43.3749142846056,43.3748973175844,43.3739931918525,43.3721771374164,43.3693638231351,43.3654046617296,43.3600846980247,43.3531195153108,43.3441543061888,43.3327706942605,43.3185124917367,43.3009493881009,43.2798064952552,43.2551938542417,43.2279640400707,43.2001899284765,43.1756626808733,43.1601428296841,43.1608858178573,43.1848624380087,43.2354244566472,43.3082397427264,43.3888952823608,43.4552637585823,43.4856778704185,43.4693308612775,43.4120790037419,43.3332820483489,43.2560577842876,43.1977404974752,43.1656293108215,43.1582683273294,43.1693753357841,43.1915671235102,43.2185931737031,43.2461166305347,43.2716072592209,43.293881759503,43.3126140330422,43.327949561231,43.3402481564831,43.3499329675256,43.3574126939434,43.363047977037,43.3671410108118,43.3699350676387,43.3716165369391,43.3723161465435,43.372108536288,43.3710105924124,43.3689792493895,43.3659091849245,43.3616304014945,43.3559055910368,43.3484279406135,43.3388221863774,43.3266557597267,43.311473138262,43.2928748245372,43.2706710441565,43.2451441815643,43.21744168176,43.1900722421245,43.1673665456766,43.1555787892226,43.1621042671109,43.1932715519678,43.2506816248283,43.3273342306735,43.4062814889441,43.4646349149321,43.482840410061,43.4544262830352,43.3895071728431,43.3093710693803,43.236188564558,43.184670592614,43.159484109027,43.1575354428224,43.1720187408293,43.1957676760916,43.2230513177093,43.2500612979253,43.27467476432,43.2959719647227,43.3137723395336,43.3282864942522,43.3398917155541,43.3490042495046,43.3560159132065,43.3612682146263,43.3650452604158,43.3675739399332,43.3690252939324,43.3695146337023,43.3691001318871,43.3677805574346,43.3654929012834,43.3621102262273,43.3574396374402,43.3512203280649,43.3431227478685,43.3327526011145,43.3196680626227,43.3034255238874,43.2836778045137,43.2603566002526,43.233971325411,43.2060355752166,43.1795675947533,43.1594781931047,43.152461761839,43.1658359810277,43.2048814157175,43.2689608933354,43.3481182318988,43.4231146123433,43.4711490411947,43.4758181955473,43.4355322482323,43.3643687829342,43.2847010527592,43.2169744522946,43.1729473548614,43.1547461162092,43.1579132127417,43.1753716986194,43.2003223040215,43.2276092045593,43.2539514098786,43.2776094224096,43.2978999090067,43.314765962543,43.328468471211,43.3393933779355,43.3479454204665,43.3544974243712,43.3593708256511,43.3628309840464,43.3650875236028,43.366294840608,43.3665511464222,43.3658962178273,43.3643087001966,43.3617036891918,43.3579308234234,43.3527727492388,43.3459441127885,43.337092745007,43.3258079484742,43.3116461667499,43.2941918339594,43.2731798193196,43.2487120101173,43.2215955753141,43.1937977883532,43.1689279295938,43.1525018594963,43.1515444772949,43.1729764942145,43.2205066050678,43.290713413402,43.3704834142295,43.4387677219386,43.4739522406557,43.4638948712288,43.4122771593294,43.3366080013701,43.259374805552,43.1985426481357,43.1626756649515,43.1515144064073,43.1595258424954,43.1796000103941,43.2054360934371,43.2324976589178,43.2580272256967,43.2806470445373,43.2998873773092,43.3157972870466,43.3286763766396,43.3389126068131,43.3468958110302,43.3529781641106,43.3574599972999,43.3605868240443,43.3625495097477,43.36348387224,43.3634687787854,43.3625232564638,43.3606035446306,43.3576007482268,43.3533392447932,43.3475757775199,43.3399997910172,43.3302375881755,43.3178667932882,43.3024536870929,43.2836339445891,43.2612653723457,43.2356843215212,43.2080844478954,43.1809881559186,43.158673627234,43.1472458558931,43.153855943318,43.1845687245132,43.2408733954897,43.3160194419141,43.3937439634701,43.4520242674125,43.4718029626138,43.4462778764649,43.3844867022954,43.3065150040616,43.2338661042318,43.1813386998914,43.1541943780795,43.1500351618845,43.1625702628932,43.1848862373986,43.2112937085207,43.2379058684611,43.2624780328058,43.2839710050407,43.3021068768917,43.3170248861937,43.3290535481072,43.3385774725786,43.3459688968983,43.3515578945381,43.3556225004162,43.3583869010931,43.3600212435486,43.3606403922445,43.3603012820645,43.3589996171186,43.356666847304,43.3531679927464,43.3483004500764,43.3417939433288,43.3333128428591,43.3224647100157,43.3088235661598,43.2919831421357,43.2716634730707,43.2479008067174,43.2213487962425,43.1936943535242,43.1681228940692,43.1496348719871,43.1448300516213,43.160639836091,43.2016454349044,43.2663766301997,43.3443284945355,43.4164696591455,43.4610891714449,43.4632561310465,43.4223610494132,43.3524098206973,43.2748488756246,43.2090375248737,43.1660746230838,43.1479951766014,43.1506197272971,43.1672472291749,43.1913771448474,43.2180210378793,43.2439533514775,43.2674207799612,43.2876948137939,43.3046663790413,43.3185493921202,43.329692207086,43.3384713474561,43.3452391103658,43.3503020712337,43.3539146148633,43.3562778504897,43.3575389716157,43.3577893059355,43.3570611575438,43.3553243178919,43.3524831206445,43.3483745356312,43.3427675263363,43.3353642835945,43.3258055599608,43.3136856785888,43.2985882083167,43.2801605944502,43.2582537091209,43.2331559457427,43.2059414407221,43.1789111738533,43.1560120623957,43.1429622389117,43.1466335875782,43.1732035432008,43.2249727388493,43.2967728185793,43.3742220381691,43.4364445768204,43.4637821451068,43.4469990908034,43.3920435900827,43.3169030733605,43.2428656769148,43.1860602437257,43.1536043854085,43.144599949976,43.1535457587708,43.1736906739875,43.1991370083323,43.2256556117216,43.2506711585411,43.2728873412801,43.2918523626967,43.3076007469611,43.3204051611383,43.330624933655,43.3386240489673,43.3447326636624,43.3492324379075,43.3523526312505,43.3542693903297,43.3551046431087,43.3549236118577,43.3537313718639,43.3514693679335,43.3480126798617,43.343168517549,43.3366764280011,43.3282115631719,43.3173946402045,43.3038163797511,43.2870903799607,43.266955890045,43.2434581624187,43.2172324717476,43.1898956724992,43.1644866302147,43.1457751194594,43.1400866942459,43.1541579381734,43.1926615059799,43.2547088294071,43.3308710216299,43.4032970966822,43.4508408120843,43.4579410329379,43.4222916412006,43.3560187893134,43.2795000051228,43.2122194036119,43.1662409261063,43.1447509728855,43.1444238213685,43.1589632959121,43.1819101036989,43.2081158791708,43.2341312557134,43.2579958597936,43.2788231718981,43.2963984390311,43.3108725633252,43.3225606654245,43.331824337449,43.3390107655838,43.3444258461714,43.3483248858006,43.3509104950771,43.3523319741962,43.3526837707726,43.3520026279824,43.3502640536318,43.3473789950625,43.3431914442411,43.3374775565266,43.3299472569254,43.3202507782733,43.3079956446903,43.2927846228599,43.2742919327428,43.2524020557908,43.2274385240999,43.2004998138384,43.1738797405248,43.1514601662599,43.138815531859,43.1426037608283,43.1687857571832,43.219581774331,43.2900387309696,43.366333514741,43.4282891081271,43.4566613872253,43.4419867016362,43.3893912070731,43.3159166266964,43.242305282886,43.1847355072535,43.1507898349037,43.1401269063822,43.1476585671243,43.1668293994587,43.1917601397259,43.2181404134346,43.2432807594669,43.26577810161,43.2850982436065,43.3012200947455,43.3143829389879,43.3249283059579,43.3332117625497,43.3395597280015,43.3442518445304,43.3475156630154,43.3495256654631,43.3504025461383,43.3502112881763,43.3489580990123,43.3465869389072,43.3429764770167,43.3379382038476,43.3312165692113,43.3224929184034,43.3113972006812,43.2975353731623,43.2805462493718,43.2602085066053,43.2366239440723,43.2105002772538,43.1835330991539,43.1588233075596,43.141146599013,43.1367279894788,43.1520585541635,43.191437154212,43.2535897799896,43.3289010047739,43.3997265767032,43.4455172300517,43.4514120945946,43.4155020089833,43.3497990965208,43.2742042922214,43.207705303148,43.1621031615081,43.1405891318521,43.1399958190772,43.1542066709683,43.1768873645508,43.2029441115782,43.2289291559421,43.2528559765318,43.2738040519072,43.2915281658689,43.3061566833914,43.3179901634294,43.3273816134118,43.3346731129946,43.3401668212947,43.3441143618054,43.3467142537941,43.3481115130345,43.3483966934294,43.347603648639,43.3457063766928,43.3426157185166,43.3381767198354,43.3321675228704,43.3243011972549,43.3142334666299,43.3015823369616,43.2859705005446,43.2671078240684,43.2449375806011,43.2198717853478,43.1931284153031,43.1671403108319,43.1459131184116,43.1350629597641,43.1411129819747,43.1696272567913,43.2221682360779,43.2930412071861,43.3679589719029,43.4269310310218,43.4516275587646,43.4338338372633,43.3796105615265,43.3061892063828,43.2338272345547,43.1779602015999,43.1455705665099,43.1360260298149,43.144211268205,43.1636804586768,43.1886926880633,43.215048434374,43.2401272377744,43.2625601092528,43.281824781808,43.2979009009803,43.3110242751479,43.3215321408115,43.3297759665694,43.3360780838516,43.3407135551861,43.3439045617934,43.3458195362451,43.3465729204693,43.3462238913934,43.344773874449,43.3421633902077,43.3382690175087,43.3329013388392,43.3258050720883,43.316663668526,43.3051129767008,43.2907725563552,43.2733089392262,43.2525516732028,43.2286872900543,43.2025512742499,43.1760104969373,43.152359869847,43.1365333070192,43.1347705230993,43.153291717544,43.1957319522175,43.259815399642,43.3349194526316,43.4029465174061,43.4439091196685,43.4444562385777,43.4044342196677,43.3369671072185,43.2619881893648,43.1976802000095,43.1547980990455,43.1357334444079,43.1369354492627,43.1522439097969,43.1754604412478,43.2016743139339,43.2275962345131,43.2513507295837,43.2720843228735,43.2895871954884,43.3040036722072,43.315639673314,43.3248482291939,43.331968708159,43.337298868507,43.3410846135377,43.3435176834178,43.3447356658895,43.3448216165128,43.3438024383727,43.3416462093177,43.3382591059696,43.3334827460676,43.3270930129872,43.3188021740957,43.308267847324,43.2951155779832,43.2789867240955,43.2596296303131,43.2370577493507,43.2117983208667,43.1852390393693,43.1600312121411,43.1404084116974,43.132130498282,43.1416260907487,43.1739531442936,43.2296822496623,43.3018358764915,43.375099624004,43.4294079640211,43.4476537158176,43.4237151321945,43.3655776543226,43.2913065526757,43.2207211556346,43.1680747151256,43.1391365309045,43.1324738253796,43.1426592651876,43.1632805916623,43.1887909010715,43.2152117823255,43.2401055069149,43.2622300915181,43.2811411263437,43.2968608847252,43.3096456216946,43.319840287244,43.3277971528066,43.3338355848397,43.3382254394484,43.3411822028335,43.3428666388901,43.3433850741777,43.342788695593,43.3410715871681,43.3381679275871,43.3339490695961,43.3282214411703,43.3207267346057,43.3111471411248,43.2991209281582,43.2842778276155,43.2663094784847,43.2450964182603,43.2209163093927,43.1947502988463,43.168671555282,43.146223529133,43.1325646766395,43.134001248237,43.1564714962839,43.2028159596449,43.2694826791477,43.3444881123314,43.4090183244747,43.4436741483315,43.437003901647,43.3912111519553,43.3210496666234,43.246683366279,43.1853385723287,43.1463702954642,43.1310042675639,43.1350510395174,43.1521922442308,43.1763607172404,43.202884659615,43.2287087483871,43.2521391548506,43.2724447246094,43.2894893896011,43.3034574467137,43.3146736971188,43.3234978619722,43.3302692759017,43.3352819604669,43.3387759417339,43.3409357890101,43.3418912123659,43.3417172137319,43.3404329642374,43.3379995218341,43.3343169553905,43.3292216862191,43.3224852408445,43.3138165487579,43.3028718884301,43.2892800311506,43.2726952643525,43.2528972639224,43.229961936767,43.2045255872183,43.1781447025739,43.1536978979533,43.1356683419601,43.129991361115,43.1430292684921,43.1793335615762,43.2384281948204,43.3119408517754,43.3834035427214,43.4326148782789,43.4437602767862,43.413002855821,43.3504775975657,43.2752322058274,43.2066626970749,43.1577385715499,43.1328621657123,43.1296589405333,43.1422979480297,43.1643645590331,43.1905121967054,43.2170131017664,43.2416491088307,43.2633394565576,43.2817447184573,43.2969489749526,43.3092412010578,43.3189811739764,43.3265256921736,43.3321929584598,43.3362485483061,43.3389019333216,43.3403069245872,43.3405625181669,43.3397126631314,43.3377446826381,43.3345867078964,43.3301047943849,43.3241006888553,43.3163118838221,43.3064170809167,43.2940529573305,43.2788525485355,43.2605215200352,43.2389747647551,43.2145581364986,43.1883699838661,43.1626593757773,43.1411935778537,43.1293484378011,43.1335211620739,43.1594341223943,43.2092378538758,43.2782225739777,43.3531309320314,43.4144407176764,43.4432496641916,43.4298461129239,43.3786395727668,43.3059439739361,43.232185633765,43.1737247142158,43.1386009222037,43.1269144776464,43.1338331759364,43.1528536713979,43.1780122948456,43.2048590479597,43.2305677022192,43.2536299621156,43.2734451102032,43.2899596699954,43.3034055196723,43.3141320406525,43.3225095596935,43.3288800102596,43.333535604506,43.336712186439,43.3385889073293,43.339289511799,43.3388829773448,43.3373827683459,43.334744804124,43.3308646519249,43.3255747219181,43.3186427046905,43.3097735668873,43.2986195765801,43.2848065077662,43.2679895554999,43.2479589550294,43.224820296064,43.1992717400766,43.172977533634,43.1489760193951,43.1319442452165,43.1279814961669,43.1434585060667,43.1826147375711,43.2442327494567,43.3188767332053,43.3891259953076,43.4345610564942,43.4402672007388,43.4041514912979,43.3380765176486,43.2619561223567,43.194940621901,43.1490257323897,43.1275181318329,43.1272501537863,43.1420192155871,43.1653718865566,43.1921041824965,43.2186879566668,43.2430901234674,43.2643724847533,43.2822931254194,43.2969968852458,43.3088073770556,43.3181020820424,43.3252452592345,43.3305567071476,43.3343003898724,43.3366825039093,43.3378528248513,43.3379061252386,43.3368823421819,43.3347652671332,43.3314800859426,43.326890380049,43.3207955195767,43.3129301151406,43.3029687955722,43.2905425193059,43.2752772698157,43.2568722105169,43.2352407648465,43.2107404083216,43.1845059537643,43.1588607942146,43.1376911073741,43.126521813448,43.1318739494749,43.1594612516888,43.2111611864896,43.2816618118685,43.3569095989597,43.4167792444461,43.442421429032,43.425003096717,43.3702761203624,43.2956692316101,43.2219790603681,43.1651728473677,43.1325040156204,43.123315345766,43.1322849341663,43.1527174887516,43.1786690422554,43.2058137638775,43.2314747342835,43.2542756975626,43.2737158491445,43.2898098273525,43.3028322292076,43.313157171572,43.3211679963892,43.3272124962935,43.3315846202342,43.3345197242272,43.3361954008954,43.3367334796269,43.3362011330416,43.3346104404246,43.3319165137008,43.3280146453046,43.3227371756553,43.3158512451225,43.3070597085448,43.2960097254409,43.2823173537989,43.2656220811792,43.2456920320636,43.2226060494076,43.1970365127846,43.1706339376501,43.1464518071997,43.1292297767202,43.1251857551708,43.140842968498,43.180554276317,43.2430595475365,43.3186286150156,43.3893357584134,43.4342914865503,43.438486165461,43.4002693841071,43.3322827286442,43.2551207033024,43.1881827402707,43.1432585672879,43.1232084355741,43.124425422802,43.140416702131,43.1646092330868,43.1918040412956,43.2185425526911,43.2428798439262,43.2639586343219,43.2816005321732,43.2959954800349,43.3074967797735,43.3165002328046,43.3233807292272,43.3284638591528,43.3320165510554,43.334246481362,43.3353042945423,43.3352855925312,43.3342314807398,43.332127484943,43.328901143828,43.3244188066507,43.3184824383594,43.3108279377623,43.30112806192,43.289006014059,43.2740704960116,43.2559895146388,43.2346271916082,43.2102712058588,43.1839691371247,43.157953548441,43.1360468508573,43.1237869145899,43.1278422391493,43.1542401411246,43.2052873710993,43.2760432610206,43.3525147502623,43.4141646201583,43.4413867643028,43.4246643785201,43.3695547114925,43.2938549235441,43.2189905885581,43.1614262797148,43.1285850512708,43.1196991969523,43.1292158985743,43.1502251793187,43.1766469061807,43.2040999071858,43.2299080961067,43.2527247650821,43.2720874268981,43.2880466991307,43.300906284356,43.3110618342841,43.3189117477716,43.3248140499731,43.3290696963717,43.3319191262911,43.3335440591405,43.3340701746437,43.333568685768,43.3320562104992,43.3294930586342,43.3257803397308,43.3207564597228,43.3141939547043,43.30579863209,43.2952151378928,43.2820468349031,43.2659035591437,43.2464980219323,43.2238181483497,43.1984025462064,43.1717273131616,43.1466547530175,43.1277773125337,43.121315925547,43.1340800245347,43.1710792776619,43.2319980737823,43.3079854673433,43.3813874236399,43.4305964592284,43.4390837306464,43.4036594446651,43.3362389622168,43.2577572311952,43.1885966101319,43.1415215345677,43.1199548662813,43.1204042130106,43.1362168217838,43.1605769989714,43.1880776017585,43.2151261313597,43.2397121866847,43.2609597421131,43.2786972030027,43.2931318900397,43.3046364751986,43.3136241621378,43.3204840945218,43.3255531886268,43.329107535914,43.3313626565403,43.3324764396649,43.3325516774027,43.3316369986033,43.3297260452019,43.326755184849,43.3226001980573,43.3170725361874,43.3099163038647,43.300808534247,43.2893681074531,43.2751832762449,43.2578743424215,43.2372156727288,43.2133465864911,43.1870954950491,43.1604104291095,43.1368092897944,43.1216174777325,43.1215730289173,43.143278299356,43.1902348844532,43.2591014700861,43.337213151539,43.4041833218812,43.4388957476061,43.4292017123526,43.3782841378358,43.3030421737968,43.2256560995742,43.1642065541838,43.1276141733334,43.1159574001833,43.1238728918985,43.1442439984348,43.170655066213,43.1984225874867,43.2246602872721,43.2479017111554,43.2676305651699,43.2838835540081,43.2969707670306,43.3073023579513,43.3152929120012,43.3213155906379,43.3256847455888,43.3286527254087,43.3304122291283,43.3310995375481,43.3307965258676,43.3295308635647,43.3272745383337,43.3239410799862,43.3193819079968,43.313382436871,43.3056593702508,43.2958624886032,43.2835877065005,43.2684136518105,43.2499813965826,43.2281446989851,43.203221402252,43.1763647426474,43.1500273399127,43.1283867067493,43.1174297296593,43.1242078460061,43.15475800282,43.21065437283,43.2853234905227,43.3626621787687,43.4206500790473,43.4400404939494,43.4138031659913,43.3509400375466,43.2717831158354,43.1982258728345,43.1453689571449,43.1185505138484,43.1152416903889,43.1289191006413,43.1524384719191,43.1799388642063,43.2074345131488,43.2326431191566,43.2545304794179,43.2728490153549,43.2877804474435,43.299698552605,43.3090295104075,43.3161792752274,43.3215017549849,43.3252890127364,43.3277714800927,43.3291212664594,43.3294551083568,43.328835649342,43.3272709013047,43.3247122055143,43.3210510787056,43.3161153255023,43.3096651146296,43.3013908117409,43.2909167520401,43.2778193347421,43.2616741415241,43.2421547976746,43.2192136496128,43.1933745610761,43.1661477456889,43.1405136436979,43.1212940123428,43.1150368494342,43.1288769278717,43.1679353163688,43.2315265432331,43.3098221921029,43.3838582886082,43.4311126752061,43.435299100542,43.3947404437121,43.3233452632297,43.2434010144925,43.1754083598518,43.1312529777505,43.1131576315807,43.1166774068539,43.1346737576417,43.1602510882582,43.1881596084978,43.215047921545,43.239135913239,43.2597265300235,43.2767691898072,43.2905434190239,43.3014589983779,43.3099439322503,43.3163897381636,43.3211299847295,43.3244356607449,43.3265173209344,43.327528537447,43.3275681954015,43.3266809460685,43.3248559899676,43.3220245996581,43.3180567225812,43.3127569928673,43.3058609558298,43.2970337596855,43.2858765256418,43.27195055517,43.2548366428019,43.2342551919099,43.2102792400977,43.1836685255212,43.1563220304747,43.1317647260438,43.1154310843869,43.1143046834398,43.1353517809698,43.1824385543864,43.2523684664622,43.3321845048783,43.4007664528147,43.4361711231384,43.4258668981447,43.3733902476019,43.2964921982203,43.2181377536368,43.1567076254259,43.1209219267458,43.1104176900402,43.1194218708083,43.1405765522324,43.1673977040592,43.1952470438625,43.221332174136,43.2442843213699,43.2636665020484,43.2795702089779,43.2923382318796,43.3023970852201,43.3101674528277,43.3160233375982,43.3202781231545,43.3231832822092,43.324931367277,43.3256590343445,43.325448461446,43.3243269683035,43.3222652294583,43.3191745091083,43.3149031761162,43.3092327855402,43.3018747018355,43.2924701017355,43.2805997618636,43.2658157367912,43.2477148376382,43.2260823528901,43.2011391960199,43.1739161324748,43.1467357749223,43.1236809745367,43.1107528752549,43.1152187546729,43.1435977576815,43.1981637252034,43.273019677497,43.352321118906,43.4135761848143,43.4364243208422,43.4126353856319,43.3505785802946,43.2707639885429,43.1957811844561,43.1414467448769,43.113516222033,43.1095503216386,43.1229219092462,43.1463334708725,43.173802987587,43.2012774219032,43.2264506790887,43.2482895248766,43.2665567114873,43.281444614328,43.2933343649202,43.3026559719654,43.3098170481706,43.3151726432532,43.3190166530784,43.3215824877664,43.3230461123391,43.3235282593192,43.3230948635359,43.3217559089314,43.3194632136231,43.3161075420116,43.3115152028549,43.3054444119126,43.2975826607157,43.2875486666124,43.2749066968452,43.2592074987549,43.2400784217481,43.2173935249383,43.1915566036838,43.163913313324,43.1372511377185,43.1162223670676,43.1073317689432,43.1179436065359,43.1538103371294,43.2152606807786,43.2935535425016,43.370297600376,43.4224839759915,43.4322761602576,43.3961078125475,43.3266522935934,43.2461326801856,43.1759029107938,43.1289583242959,43.1083543185211,43.1100297575537,43.1268778569292,43.1518595209135,43.1795433418894,43.2064267682335,43.2306269283388,43.2513856551434,43.2686193702896,43.2825909010054,43.2937019220754,43.3023769185124,43.3090068641675,43.3139272709945,43.3174132795053,43.3196812538348,43.3208913096558,43.3211484867791,43.320502190744,43.3189443801137,43.316407084489,43.3127595610572,43.3078051558708,43.3012782085075,43.292842643083,43.2820967552583,43.2685936088008,43.2518935937099,43.2316743803158,43.2079307908888,43.1812953868683,43.1534844717099,43.1277997978453,43.1094706110525,43.1054160550217,43.1228588679471,43.1664039761146,43.2340532353369,43.3141254269494,43.3861387253028,43.4275132796753,43.4238419115744,43.3764380695638,43.3016409886734,43.2223802734314,43.1580579664598,43.1187093256185,43.1049732102716,43.1115629455599,43.1311902593003,43.1572187294067,43.1847940969316,43.2109303234172,43.2341161328046,43.2538214682505,43.2700817743231,43.2832080586291,43.2936099086519,43.3017001604216,43.3078509035024,43.3123778311456,43.3155377422071,43.3175303096554,43.3184997305343,43.3185347657495,43.317667263008,43.3158698360338,43.3130532798047,43.309063927994,43.303680965331,43.2966142045683,43.2875045590239,43.2759329074089,43.2614486648582,43.2436371300799,43.22225335098,43.1974557562986,43.1701654881628,43.142539207908,43.1184489820021,43.1036958783547,43.1054797623683,43.130566441541,43.1819510341882,43.2549004336833,43.3347792040809,43.3996371891943,43.4283957801115,43.4109516189579,43.353557993926,43.2754600468302,43.1993049920916,43.141934676227,43.1103710309647,43.1031290815707,43.1140478318134,43.1359020878227,43.1625677956464,43.189782862927,43.2150475679361,43.2371807406063,43.255844146513,43.271166214109,43.2834898333195,43.2932235411061,43.3007643308924,43.3064638893215,43.3106177490885,43.3134642453237,43.3151859391199,43.3159101997129,43.3157081406654,43.3145923683861,43.3125143263814,43.3093617603175,43.3049564161315,43.2990520119833,43.2913333301414,43.2814194973128,43.2688786535915,43.2532675471978,43.2342178088998,43.2115987900323,43.1857893113588,43.1580753932351,43.1311373945462,43.1094733945284,43.0994208060103,43.1082534189903,43.1418574809259,43.2010646046252,43.2780059863363,43.355235531562,43.4101976527135,43.4245331844952,43.3932425259904,43.3273604197147,43.2481163777121,43.1768878710874,43.1274496599994,43.1038429072529,43.1027709982379,43.117522336777,43.141142625767,43.1681058605099,43.1947492261317,43.2190318762682,43.2400684044728,43.2576836005516,43.2720788753375,43.28361687829,43.2926986500118,43.2997023858196,43.3049581780546,43.3087407824431,43.3112693230291,43.3127080541201,43.3131658393142,43.312694116605,43.3112840667666,43.3088637998062,43.3052960022164,43.3003761088382,43.2938312026183,43.2853210552394,43.2744455363448,43.2607674768485,43.2438670907178,43.2234524456239,43.1995572148688,43.1728545163621,43.1450891898165,43.1195577073015,43.1014242500522,43.0974673990534,43.1147161923761,43.1576194023012,43.2242155262007,43.3031868218823,43.3746944715533,43.4167551597601,43.4150617080779,43.3703328550973,43.2979080876337,43.2198843480431,43.1553993551314,43.114782363368,43.0992336023145,43.1039930480342,43.1221079888214,43.1470748357628,43.1740306952273,43.1999103828431,43.2231041942836,43.2429917917218,43.2595366889958,43.2729971321726,43.2837461453058,43.2921724659698,43.2986332732991,43.3034359461584,43.306833481177,43.3090244432295,43.3101529188403,43.3103069830715,43.3095159013301,43.3077469367023,43.3049025448902,43.300818321019,43.2952618074131,43.2879327253754,43.2784669152407,43.2664497696954,43.251450566683,43.2330966824531,43.2112146958927,43.1860694129499,43.1587218507488,43.13148541247,43.1083626397458,43.0951814964381,43.0989644564465,43.1260214067913,43.1786594210933,43.2514801225471,43.3296281837708,43.3917036360686,43.4178166413474,43.3990385452583,43.3420607301591,43.2656333045482,43.1914198068432,43.1354281432611,43.1043444256726,43.0968008904475,43.1069678638272,43.1279500150503,43.1538467977195,43.1805013432835,43.2054327579256,43.227431063394,43.2461108699858,43.2615522251302,43.2740562487614,43.2839986148992,43.2917519418329,43.2976505590178,43.3019779384903,43.3049639736713,43.3067848355233,43.3075621040151,43.3073604028042,43.3061840845824,43.3039738947035,43.3006043243324,43.2958819858556,43.289545317237,43.2812668069548,43.2706612789434,43.2573080492584,43.2408011342655,43.2208495271996,43.1974563225873,43.1712046911409,43.1436574171277,43.1178145217157,43.098449895723,43.0919692635256,43.1052862638978,43.1433252262628,43.205430875849,43.2822400085407,43.3556842992674,43.4041637091408,43.4116709324192,43.3757470964352,43.3087479239036,43.2314812974711,43.163781362025,43.1178222158599,43.0966871607068,43.0968581275821,43.1118680712608,43.1351579789594,43.1615494325057,43.1876085817685,43.2114108868489,43.2321085591077,43.2495196253324,43.2638190791993,43.2753380721078,43.2844481541123,43.2915025618954,43.2968110990565,43.3006320016297,43.3031704242141,43.3045779910972,43.3049511864039,43.3043283825771,43.302686257688,43.2999365112984,43.2959235204073,43.2904233387538,43.2831447645885,43.2737346446975,43.2617926724591,43.2469060370091,43.2287212658088,43.2070781166774,43.1822343439957,43.155201495944,43.1281743731204,43.1049490080304,43.0910742883386,43.0933076453048,43.1178907534995,43.1674990485352,43.237679208793,43.3148999085848,43.378820033328,43.409546647622,43.3967795678176,43.3450709028305,43.2714158010077,43.1969432455255,43.138339106916,43.1035486606914,43.092364946762,43.0996649558201,43.1187886991309,43.1437550980883,43.1701852662141,43.1953562034132,43.2178559450788,43.2371545306489,43.2532398625788,43.2663603502564,43.2768649872211,43.2851150168011,43.2914413460534,43.2961276188887,43.2994053759796,43.3014532163208,43.3023959325495,43.302302295266,43.3011817070707,43.2989805730483,43.2955792402948,43.2907901322145,43.2843577202869,43.2759617755574,43.2652274742932,43.2517498653504,43.2351461149313,43.2151562025679,43.1918188561314,43.16574825079,43.1385160474647,43.1130836909439,43.094112919482,43.0878153771494,43.1008685111068,43.1380331751574,43.1987371294103,43.2740770996003,43.3467408316829,43.3958037581545,43.4053630816704,43.3722909132612,43.3078291180753,43.2318620305437,43.1639387412207,43.1165770010943,43.0935018161978,43.0917871515858,43.1053280169232,43.1276875093567,43.1536461914862,43.1796537532448,43.2036562950796,43.2246961028385,43.2425110610406,43.2572240957131,43.2691358310824,43.2786015913672,43.2859666467352,43.2915368654684,43.2955681201466,43.2982637228856,43.2997738458973,43.300194204906,43.2995633940932,43.2978593737175,43.2949959769223,43.2908202414763,43.2851112955383,43.2775819260608,43.2678853734073,43.2556328441761,43.2404320653538,43.221963749367,43.2001196476861,43.1752287408673,43.1483879398021,43.1218746996643,43.0995313721859,43.0868664715199,43.0904572848596,43.1162063316957,43.1663588107171,43.2361259885329,43.3119806324851,43.3740530243741,43.4032207452318,43.3898225647719,43.3385334972113,43.2659329388546,43.1925264523727,43.1345491543958,43.0998307313346,43.0883089150453,43.0950978214064,43.1137371516892,43.1383575565662,43.164611335605,43.1897561951524,43.2123395648313,43.2317889330298,43.2480571428247,43.2613675627925,43.2720529450396,43.2804644335007,43.2869262790083,43.2917168766031,43.295062785409,43.2971375699314,43.298061174397,43.2978981707065,43.2966547966453,43.2942754487554,43.2906394837969,43.2855591596436,43.278779743254,43.2699837332817,43.2588033146337,43.24484902722,43.2277683105022,43.207354315765,43.1837303924357,43.1576323307154,43.130786205836,43.1063160952193,43.0889973023095,43.0850109120216,43.1007471383444,43.1403585397046,43.2024327231792,43.2773120151047,43.3474778588043,43.3926541737095,43.3982618609364,43.3625086905035,43.2972905094113,43.2222503396332,43.1561411211105,43.110660892876,43.0890318144171,43.0881873946248,43.1021152880001,43.1245524329184,43.1504373380716,43.176325597317,43.2002184990585,43.2211782392395,43.2389432714644,43.2536290675841,43.2655270275635,43.2749839885298,43.2823378104254,43.2878874653301,43.2918818012361,43.2945166723336,43.2959344889236,43.2962233433329,43.2954148723587,43.2934811344703,43.2903312504282,43.2858086723616,43.2796900810003,43.2716875170703,43.2614569379147,43.248619442144,43.2328062184621,43.2137445467707,43.1914081551623,43.1662561776227,43.1395710633148,43.113860996478,43.0931984716157,43.0832212166583,43.0903780925869,43.1200196883195,43.1733629732196,43.2443392881344,43.3184553874745,43.3758695067473,43.3987681294312,43.3795839504137,43.3248091668026,43.2516913843586,43.1801653814027,43.1252489627822,43.0936215322666,43.0845329046546,43.0928927200731,43.1123447013133,43.1372415253911,43.1634528006774,43.1883980309636,43.2107254508568,43.2299160338776,43.2459457533749,43.2590442777669,43.2695424788003,43.2777860464613,43.284092179638,43.2887312347038,43.2919208831333,43.2938251164469,43.2945539852327,43.2941623633158,43.2926474932929,43.2899458215805,43.2859299274871,43.2804065120444,43.2731168385926,43.2637421792937,43.2519192146097,43.2372743526871,43.2194915861808,43.1984347489653,43.1743485606383,43.1481561614856,43.1218404754712,43.0988245378372,43.0841402908049,43.0840218257708,43.1044893645019,43.1487267051137,43.2138165589863,43.2885459584605,43.3546381324324,43.3925847320104,43.3900482467889,43.3479226439173,43.2798753279396,43.2056913221712,43.1429483434601,43.1017392915793,43.0840141865316,43.0860624964258,43.1017652771955,43.1250534961064,43.151152388182,43.1768773140394,43.2004188475372,43.2209580394402,43.2382986670291,43.25258676484,43.2641242060959,43.2732577355948,43.2803198965419,43.285601715297,43.289342571619,43.291727824285,43.2928887405322,43.2929020711801,43.2917884101515,43.2895095015799,43.2859651484696,43.2809906152113,43.2743557532255,43.2657679422521,43.2548828084951,43.2413300027634,43.2247663018928,43.2049744111679,43.1820308585473,43.1565646805457,43.130109235259,43.1054956829583,43.0871322669426,43.0808649685934,43.0929948499011,43.1281163551678,43.1859843075868,43.258666346573,43.3302172017925,43.3807594366179,43.3943197824891,43.3663784004248,43.3061652965951,43.2320555884595,43.1632869763368,43.1131411038889,43.0865464438118,43.0816113305776,43.0928113973328,43.1138534922753,43.1393829030118,43.1655989945057,43.1901934343323,43.2120036492519,43.2306262221514,43.2460995039998,43.2586817048702,43.2687127575627,43.2765370551911,43.2824652642587,43.2867585377428,43.28962385618,43.2912136263289,43.2916258567097,43.2909033572987,43.2890317029103,43.285936389604,43.2814799565581,43.2754601525555,43.2676108805455,43.2576091066132,43.2450936370145,43.2297059815275,43.2111692739802,43.189426993892,43.1648649575513,43.1386290342485,43.1130125845478,43.0918038951454,43.080348893188,43.0849394025895,43.1111191447118,43.160844726971,43.2293175442893,43.3034244105884,43.36403850605,43.3927244009091,43.3800045848222,43.3300959774218,43.2587902653694,43.1859755294258,43.1277343289841,43.0921541547737,43.0795894259409,43.0855019646189,43.1036111756512,43.1280715074836,43.1544637276751,43.1799390621269,43.2029435106633,43.2228269383489,43.2394923734261,43.2531372724916,43.264085422751,43.2726887942739,43.2792763683208,43.2841311940763,43.2874824542677,43.2895041366155,43.2903155171937,43.2899811383754,43.2885095312446,43.285850827225,43.2818938691411,43.2764637475057,43.2693211976673,43.2601664143139,43.2486520338478,43.2344137108953,43.2171319696086,43.1966450452829,43.173136417308,43.1474160063717,43.1212881798022,43.0979352296416,43.0821283201647,43.0799265258216,43.0974338379423,43.1383596156742,43.2008018581068,43.2747863763908,43.3428845812391,43.3853845400482,43.3885269309513,43.3511917357418,43.2854961145894,43.2108553158566,43.1455898976666,43.1010219358789,43.0801739367452,43.0799357872056,43.0943305444285,43.1171445636931,43.1433490026201,43.1695110621522,43.1936301674818,43.2147623127637,43.2326416630482,43.2473839470814,43.2592852076872,43.268699557112,43.2759724983068,43.2814090614974,43.28526144847,43.2877260864319,43.2889440565875,43.2890017238158,43.2879302590657,43.285703860595,43.2822370848645,43.2773820517748,43.2709267022561,43.2625961401206,43.2520608288498,43.2389584844577,43.2229411789403,43.2037651103216,43.1814458678083,43.1565019201394,43.1302934731262,43.1054167205943,43.0860174907834,43.0777437064087,43.0869215424127,43.1185794860497,43.1734052992573,43.2447142357445,43.3175776433097,43.3722063049752,43.391450923091,43.3687937226242,43.311678722939,43.2377917216171,43.1669083025917,43.1135188195288,43.0837241107765,43.0763527232009,43.0861020918347,43.1065654346606,43.1321332828098,43.1587439708098,43.1838849266036,43.2062596979658,43.2253909130027,43.2412854591577,43.2541964065736,43.2644726865435,43.2724737214228,43.2785264211517,43.2829069848907,43.2858354922254,43.2874758257972,43.2879367672594,43.2872723131248,43.2854806189648,43.2825017469656,43.2782148115641,43.2724354742884,43.2649153789173,43.2553464595684,43.2433755551256,43.2286388056867,43.2108308929698,43.1898302604741,43.1659046041301,43.1400134463467,43.1141926807707,43.0919312103955,43.0783212031914,43.0796093737728,43.1017147945853,43.1475380284358,43.2136826343059,43.2883746218886,43.3529573754414,43.3880222196782,43.3819160542191,43.3365592851875,43.2665116393677,43.1919302873396,43.1301873162259,43.0908241633949,43.0751983841517,43.0791653995391,43.0963832473162,43.1207286207362,43.147470563556,43.1735073329262,43.1971158875492,43.2175513055266,43.2346751469477,43.2486765331572,43.2598887787509,43.2686811870063,43.2754019780182,43.2803523746011,43.2837776254666,43.2858658302112,43.2867492402844,43.2865053162355,43.2851564754525,43.2826684263578,43.2789475022151,43.2738377450412,43.2671189637451,43.2585079875776,43.2476673054147,43.2342286668814,43.2178442585128,43.1982842948258,43.175605109325,43.1504104871912,43.1242098675577,43.0998227804824,43.0816721557993,43.0756552566459,43.0881531907729,43.123825500874,43.1823939869967,43.2557110267274,43.3274368777976,43.3772884625835,43.3891618395831,43.358877845229,43.2963808398655,43.2207734632134,43.15167724792,43.1023015844637,43.0771893008339,43.0739852722818,43.0867981948425,43.1091272521945,43.1355505104358,43.1622901913141,43.1871032145512,43.2089026163746,43.2273543288066,43.2425536586329,43.2548028108161,43.2644744222018,43.2719364614071,43.2775160285374,43.2814852839729,43.2840583514676,43.2853924429472,43.2855895447021,43.2846970160777,43.282706657223,43.2795524577707,43.2751075981511,43.2691816301191,43.2615194679802,43.2518053040125,43.2396772875191,43.2247631593978,43.2067529796598,43.1855314287237,43.1613951340199,43.1353716096367,43.1096207049383,43.0878174422909,43.0752766259579,43.0784195291954,43.1031350582694,43.1519012126871,43.2204195982575,43.295735615954,43.3582957760954,43.3887530322024,43.3767316789554,43.3261296646857,43.2531714841346,43.1785891618078,43.1191926256741,43.0833647761949,43.0713400869391,43.0782489089747,43.0974697108248,43.1229154682432,43.1500452531892,43.17598159177,43.1991968438316,43.2190913567423,43.2356233474201,43.2490403702789,43.2597075792615,43.268009211038,43.2742984959555,43.2788763102252,43.2819849546902,43.2838085223543,43.2844750033974,43.2840577360106,43.2825753290947,43.2799900307025,43.2762049483531,43.2710608158629,43.2643334707611,43.255734253872,43.2449176303369,43.2315039195238,43.2151303613105,43.1955503676774,43.1728064465424,43.1475010298389,43.1211694211205,43.096701759465,43.078647757927,43.0730748786925,43.0865168243922,43.1236468353516,43.1839154456323,43.258558656769,43.3304448465359,43.3787507181063,43.3875359863397,43.3535752204785,43.2881068721135,43.2111810677481,43.1426039814219,43.0950909417757,43.0724085187024,43.071522796001,43.0861422948968,43.109639826666,43.1366474492003,43.1635222687323,43.1881683662093,43.2096237626027,43.2276466369229,43.2423938279221,43.2542051133504,43.2634740179063,43.2705787597865,43.2758504525999,43.2795619573076,43.2819265799563,43.283100218406,43.283183589069,43.2822230889055,43.2802099617058,43.2770780053057,43.2727003398377,43.266886055281,43.2593782339691,43.2498563394769,43.2379487633235,43.2232658420902,43.205469923813,43.1844059546794,43.1603198535825,43.1341840641749,43.1081145547169,43.0857802425378,43.0725617795877,43.0750447141389,43.0993688172994,43.1482645684852,43.2175275040809,43.2939815153778,43.3575350316111,43.3882422166806,43.3754626364812,43.3233834844406,43.2489046281475,43.1733987476495,43.1139509137148,43.078815196679,43.0678759831435,43.0759068856778,43.0960468925564,43.1221082581853,43.1495520781427,43.1755569962232,43.1986677756531,43.2183518066553,43.234620174027,43.2477579623904,43.258154892749,43.2662102186112,43.2722858496937,43.2766875456653,43.2796604926481,43.2813908296722,43.2820084384461,43.2815887665793,43.28015293273,43.2776661463025,43.2740348270711,43.2691030118543,43.2626490197995,43.2543843219324,43.243958600968,43.2309785854176,43.2150537202626,43.1958887699033,43.173450022344,43.1482322916001,43.1216367095058,43.0964152231048,43.0770256786853,43.0695714591282,43.0808433678531,43.1160398060703,43.1753138547412,43.2504939908109,43.3245330223588,43.3759524408022,43.3876371937753,43.3552974958177,43.2898067728995,43.2116418819893,43.141422080692,43.092554675893,43.0691187915956,43.0680498287493,43.082854870023,43.1066892818472,43.1340297014121,43.1611533792342,43.1859421017399,43.2074446521611,43.2254436436832,43.2401222822935,43.2518431222017,43.2610172727766,43.2680357682979,43.2732389755222,43.276906742204,43.2792581646215,43.2804544870026,43.2806017970388,43.279752155191,43.2779029016242,43.2749943987893,43.2709066615944,43.2654555092259,43.2583894162737,43.2493895943258,43.238078503608,43.224046448517,43.2069123140615,43.1864420342522,43.162753866695,43.1366351425813,43.1099658024213,43.0861676922215,43.0704574005486,43.0694950504668,43.0899124579292,43.1354345059244,43.203167429605,43.2810046242522,43.3489471356813,43.3857846237814,43.3787126428696,43.3299921441667,43.2558257032374,43.1782423418715,43.1156680470731,43.0775720182552,43.0645004656873,43.0713480217365,43.091060338163,43.1171652531048,43.1448785437482,43.1712157261256,43.1946345077386,43.2145682232206,43.2310242393949,43.2442980218615,43.2547941969057,43.2629267933184,43.2690707222141,43.2735428761938,43.2765982233412,43.2784319482988,43.2791827322425,43.2789349005464,43.2777187314593,43.2755090101759,43.2722222050081,43.2677127275635,43.2617689605266,43.2541105092116,43.244389941722,43.2322056467568,43.2171377740657,43.198826454688,43.1771191521885,43.1523174450256,43.1255423600904,43.0991931062637,43.0773731032462,43.0659893182717,43.0720458664501,43.1016272078767,43.15651122901,43.230487013779,43.3078540777015,43.3668036159675,43.3879044023511,43.3635605051016,43.302108922921,43.2234704612474,43.1495431435606,43.0957441855921,43.0678109147307,43.0635167898808,43.076483943175,43.0995854490521,43.126907652272,43.154390852987,43.1796854963407,43.201707279833,43.2201761199588,43.2352551415131,43.2473089912154,43.2567604311976,43.2640150357832,43.2694276921307,43.2732918904085,43.2758395464729,43.2772442263984,43.2776241472038,43.2770435238704,43.2755120453246,43.2729827813916,43.2693489339433,43.2644398695694,43.2580171909605,43.2497726734518,43.2393322255116,43.2262741421073,43.2101761259897,43.1907134455894,43.1678378678906,43.1420672994441,43.1148961303368,43.0892745382376,43.0699783359695,43.0635020830601,43.0769441439577,43.1154478554257,43.17845061712,43.2563497578234,43.3304309538672,43.3782954875668,43.3835296093691,43.3441003799854,43.2735170309564,43.1938360817724,43.1255787548478,43.0808286823903,43.0620460300875,43.0649615871922,43.0825202016791,43.1078358123819,43.1356279537597,43.1625021315566,43.1866386246732,43.2073103942279,43.2244469336814,43.238315925644,43.2493208882762,43.257886982714,43.2644047384478,43.2692076071484,43.2725668043881,43.2746932363456,43.2757409013441,43.2758091910924,43.2749433282982,43.2731330792524,43.270310161652,43.2663447359359,43.2610413800878,43.2541354262565,43.2452919705382,43.2341127851094,43.220161249533,43.2030224410546,43.1824238277105,43.1584482414081,43.131866621922,43.1045871902057,43.0801362366929,43.0639337335781,43.0629264413553,43.0840235492722,43.1310334188289,43.200739778678,43.2802441831182,43.3485660903908,43.3839191494038,43.3738418809746,43.3217932413581,43.2453417541579,43.1672777727346,43.1059048657659,43.0699739777862,43.0592118586538,43.0679371989068,43.0888537758112,43.1155041894,43.1432512895532,43.1692906790618,43.1922377690528,43.2116410856596,43.2275809079613,43.2403922105099,43.2504964222319,43.2583110264355,43.264207985103,43.2684992929814,43.2714353885121,43.2732079987924,43.2739530943863,43.2737522482737,43.2726321615229,43.2705627393434,43.2674541752159,43.2631533652433,43.2574400272818,43.2500236008927,43.240543869031,43.2285818017958,43.2136927991518,43.1954822460572,43.1737516494101,43.1487479753797,43.1215385310627,43.0944896582864,43.0717243838901,43.059259197298,43.0643214768167,43.0933081179483,43.1482917053256,43.223159060754,43.3019577908217,43.3623104829199,43.3841885221761,43.3597445796887,43.2975603398189,43.2180880283528,43.1436744882819,43.0898797358763,43.0623081132595,43.05849212557,43.071853200439,43.095164663902,43.1225040032346,43.1498554229566,43.1749301663641,43.1966991833817,43.2149225404408,43.2297873053518,43.2416689826162,43.2509925997085,43.2581616558686,43.2635278509535,43.267382303101,43.2699560442219,43.2714229292706,43.2719017378606,43.2714564860349,43.2700951175595,43.2677671082323,43.2643604146833,43.2596980058857,43.2535343695808,43.2455533813964,43.2353712919875,43.2225528390153,43.2066549431022,43.1873207262517,43.1644544902082,43.1385096298133,43.1109030877294,43.08450999742,43.0640659931173,43.0561116031966,43.067935452422,43.1050443937396,43.1673555981316,43.245680565623,43.3213962789366,43.371708932883,43.3794354113836,43.3417765083536,43.2718599181627,43.1918524325879,43.1226855153417,43.0768712087685,43.0571443783133,43.0593370178466,43.0763845635059,43.1013503983161,43.1289043630775,43.1556177573226,43.179651348828,43.2002674938955,43.2173887127953,43.2312763534142,43.242327395119,43.2509607686886,43.2575620924916,43.2624620616753,43.2659315445671,43.2681830618286,43.2693731688701,43.2696034750711,43.2689199156923,43.2673107456953,43.2647038561808,43.2609637746784,43.2558885156747,43.249206774536,43.2405773267843,43.2295954390264,43.2158160838442,43.1988109294216,43.1782846252315,43.1542826136172,43.1275194894492,43.0998279157247,43.074649314998,43.0573379375512,43.0548476153942,43.0742402927063,43.1196805757717,43.1884867444337,43.268298775736,43.3383759329747,43.3766167501585,43.3697196189216,43.3201588029247,43.2448602345396,43.1665573231265,43.1039621584169,43.0663889549109,43.0540231525461,43.0614376971096,43.081412247388,43.1074596538039,43.1348718986809,43.1607708860821,43.1837111710208,43.2031958762564,43.219272694759,43.2322533518607,43.2425427776562,43.2505472455983,43.2566320499175,43.2611064896185,43.2642214852842,43.266171247916,43.2670947631101,43.267075650255,43.2661404938775,43.2642563163253,43.2613277908997,43.2571944681567,43.2516281612804,43.2443312194278,43.2349382480166,43.2230274320122,43.2081533652452,43.189921082424,43.1681293793783,43.143015950321,43.1156270061588,43.0882911442169,43.0650765623828,43.0519392692932,43.056073509825,43.0839292281324,43.1377856627017,43.2119122539272,43.2908181834338,43.3524279917756,43.376591479232,43.354849849748,43.2949384503672,43.216653853992,43.1421633995551,43.0872995954336,43.0581526794827,43.0527080551643,43.0646788429669,43.0869598692887,43.1136314223056,43.1406209594137,43.1655656316373,43.1873671422238,43.2057292253744,43.2207962384523,43.2329126004871,43.2424815449198,43.2498921977818,43.2554878844359,43.2595560783263,43.2623275145633,43.2639775091478,43.2646263630934,43.2643381133793,43.263118093707,43.2609100811708,43.2575935767598,43.2529814205253,43.2468179686442,43.2387789953126,43.2284768698951,43.2154788822144,43.1993530892889,43.1797642460931,43.1566499153176,43.1305074413467,43.1028030578365,43.0764536755051,43.0562067866181,43.048556322363,43.0606664015946,43.0978603686079,43.1598986834694,43.2376030349794,43.312629081205,43.3626563782844,43.3708863163597,43.3345082524056,43.2661909439588,43.1874683447883,43.1188313472197,43.0727225480634,43.0521058839762,43.053150670486,43.0690806617477,43.0931328098928,43.1200419289068,43.1463718949666,43.1702401980889,43.1908552737651,43.2080885799139,43.222158729038,43.2334294587961,43.242295292548,43.2491250315271,43.2542387514118,43.2579014098763,43.2603227008059,43.2616576989123,43.262006162486,43.2614103306606,43.2598519287513,43.2572491835011,43.2534543236889,43.2482517577397,43.2413574009053,43.2324210220175,43.2210365257935,43.20677019167,43.189224067373,43.1681598898378,43.143714467997,43.116731867643,43.0892049098904,43.064735528335,43.0487734138463,43.0482016705962,43.069741205855,43.1169215888589,43.1862988421928,43.2650131165343,43.3325175663772,43.367698971812,43.3585698605053,43.3084647538661,43.2342428307474,43.1578339276019,43.097009991613,43.0605004899011,43.0483811066319,43.0554315961967,43.074735648781,43.1000619740321,43.1268594619934,43.1523166973573,43.1749945499602,43.1943708228132,43.210456225762,43.223525160491,43.2339501550887,43.2421117267407,43.2483559540383,43.252978473119,43.2562206820514,43.2582697959267,43.2592586681685,43.259264096048,43.2583038874396,43.2563335429557,43.2532433214333,43.2488561106854,43.2429264067177,43.2351413566901,43.2251267993313,43.2124650390697,43.196736994386,43.177609004918,43.1549920046479,43.1293025980871,43.1018404528687,43.0752453126789,43.0538877164086,43.043876577551,43.0521983141334,43.0845295144249,43.1417927868036,43.2167025354502,43.2928254479948,43.3485786461306,43.3658475396833,43.3387834198529,43.2768494368238,43.1998659695391,43.1286705703275,43.0774346328538,43.0510924856334,43.0472234828499,43.0596844573846,43.0817440392029,43.1078537297742,43.1342073873569,43.1585919850802,43.1799702167164,43.1980524142635,43.2129623916595,43.2250142819465,43.2345806892126,43.2420239011578,43.2476652946821,43.2517748149694,43.25456890696,43.2562104070297,43.2568075285042,43.2564113576529,43.2550124432247,43.252537380127,43.2488460966882,43.2437302863326,43.2369135892671,43.2280552827028,43.216761921601,43.2026160087448,43.1852374042869,43.1644008412833,43.1402383133604,43.1135504885929,43.0862220679293,43.0616611245369,43.0450454229868,43.0429805984842,43.0620723255407,43.1061375397051,43.1726006821816,43.249930736017,43.318789578499,43.3583186588893,43.355364387262,43.3111097967383,43.2404198874316,43.1643847185659,43.1012636998106,43.0610320660983,43.0450328183132,43.0488865490217,43.0660135607337,43.0901542933772,43.1165492552316,43.1421370320752,43.1652606034886,43.1852369759014,43.20197138145,43.2156757747775,43.2266894837911,43.2353776553753,43.2420807877384,43.247093775068,43.2506594970999,43.2529677713128,43.2541548579861,43.2543016920545,43.253430797254,43.2515026471885,43.2484123565865,43.2439873789064,43.2379868097969,43.230103476922,43.2199717890609,43.2071878224617,43.191353614893,43.1721647467711,43.1495670777982,43.1240097822856,43.0968067895984,43.0705695922608,43.0495709151487,43.0397386654489,43.0478240015591,43.0793161118724,43.1351698012421,43.2085067260798,43.2836471504587,43.3397716046981,43.3590191133178,43.3349782806652,43.2759683072043,43.200730167027,43.1296400993866,43.0771179179232,43.0487502704901,43.042784000992,43.0535233541961,43.0744208823372,43.0999177960294,43.1260982633466,43.1506132774914,43.172303914995,43.1907884474627,43.206128621063,43.2186005309509,43.2285553731548,43.2363441927556,43.2422825881297,43.2466372811786,43.2496225945978,43.251399868043,43.252076464496,43.2517033859256,43.2502718359984,43.2477095765095,43.2438779258262,43.2385701325022,43.2315121027287,43.2223676016905,43.2107526198969,43.1962680051365,43.1785657048231,43.1574709718036,43.1331872320582,43.1066041652857,43.079698624034,43.055942652034,43.0404996410982,43.0398240612784,43.060200219608,43.1050004199907,43.1712527905385,43.2473381682804,43.314321073236,43.3521307997648,43.348362870648,43.3044512321669,43.2348952165334,43.160105751058,43.097785446467,43.057712968821,43.0413549309997,43.0445958993774,43.0611003315286,43.0847589254984,43.110866617521,43.1363514874748,43.1595150630727,43.1796261474632,43.1965478219293,43.2104603365331,43.2216813488526,43.2305619016836,43.2374331303515,43.2425830027277,43.2462484495552,43.2486136795914,43.2498096448972,43.2499125208418,43.248940866072,43.2468520443811,43.2435387785632,43.2388266935043,43.232473808171,43.2241736478577,43.2135655000515,43.2002588080839,43.1838840074988,43.1641887533941,43.1412042494585,43.1155056538666,43.0885721342684,43.063198629161,43.0438050272689,43.0363334735369,43.0472920200258,43.0815781146742,43.1392589263225,43.2125697889322,43.2854425869617,43.3375745179259,43.3524535072901,43.3251967248705,43.2650193105457,43.1905598436723,43.1213762101663,43.0709450134718,43.0442239762121,43.039249956457,43.0504102957218,43.0713562742707,43.0967201518447,43.1227184293656,43.1470727890355,43.1686503333598,43.1870699438886,43.2023828862881,43.214852004063,43.2248161459793,43.2326157723509,43.2385572072256,43.2428984494499,43.2458451229374,43.2475497762985,43.2481111151249,43.2475719886136,43.2459162563,43.2430652580125,43.2388747782709,43.2331334909334,43.2255643316924,43.2158315785189,43.2035591266354,43.1883698798437,43.1699622052935,43.1482456392616,43.1235604983495,43.0969961359837,43.0707854903555,43.0486708302267,43.035999440373,43.0391565870377,43.0639109218403,43.1125742008934,43.1807501630236,43.2556028146027,43.3179668161934,43.3489824397827,43.3385109023777,43.290174203641,43.2194898248722,43.1464369222845,43.0874082141396,43.0508270550468,43.037288413901,43.042374448289,43.0598363536442,43.0838149462,43.1098631189064,43.1351054227503,43.1579669119804,43.1777815822767,43.1944396525708,43.2081272659925,43.2191577870297,43.2278738501748,43.2345967742838,43.239604161285,43.2431221327864,43.245323647158,43.2463281375512,43.2462003470729,43.244947896042,43.2425180133749,43.2387942443848,43.233594115383,43.2266690771015,43.2177090260168,43.2063558130117,43.1922338197636,43.1750110166259,43.1545101216567,43.1308937696908,43.1049434096968,43.0784267393567,43.0544853668898,43.0378591024085,43.0346117340028,43.050927501117,43.0907100869658,43.1523708789623,43.2262979218435,43.2953154449096,43.3396715950439,43.3451983410987,43.310128935208,43.24598130866,43.1718726597247,43.1061917190718,43.0605733672865,43.038411413549,43.0368902247242,43.0502032231782,43.0721991540704,43.0978432755186,43.1236650452649,43.1476179173832,43.1687152813051,43.1866558970457,43.2015273383789,43.2136035681992,43.2232215312757,43.2307136912576,43.2363756742987,43.2404534686156,43.2431398647079,43.2445740036665,43.2448409075588,43.2439698515006,43.2419316136955,43.2386352354975,43.2339252060278,43.227580291404,43.2193159726987,43.2087941134387,43.1956465058124,43.1795236009599,43.1601856339983,43.1376586106165,43.11247728478,43.0860213800479,43.0609041375055,43.0412771416522,43.0327735827015,43.0416825507052,43.0729907326438,43.127384698598,43.1982783031782,43.2709651410478,43.3259291981962,43.3461737270237,43.3250505606293,43.2695882699954,43.1969659988447,43.1266135151974,43.0729677598091,43.0423234276861,43.0338075884224,43.0423896598138,43.0618429018263,43.0866410971743,43.1127349947871,43.1375847742808,43.1598509457405,43.1790114316533,43.1950332868543,43.2081366572975,43.2186443734234,43.2268957644672,43.2332027185763,43.2378305752662,43.2409917843742,43.2428447978843,43.2434940270521,43.2429889956417,43.2413222595313,43.2384264670284,43.2341713474638,43.2283617347836,43.2207383287116,43.2109842096691,43.1987426193395,43.1836555482998,43.1654381469777,43.1440096664501,43.119703882281,43.0935728043764,43.0677631959741,43.0458687048685,43.0330332862509,43.0354375611692,43.0587605511394,43.1054968777528,43.1718099776809,43.2457027964073,43.3087479849008,43.3422154936437,43.335237624802,43.2901473151767,43.2213053619402,43.1482408987318,43.0876809594955,43.0488163677085,43.0330029352851,43.0363132278833,43.0526763604357,43.0761870069875,43.1022437938997,43.127796264447,43.1511205844935,43.1714438087491,43.1885895377437,43.2027088096178,43.2141012622133,43.2231083859194,43.2300563701745,43.2352294250042,43.2388597518593,43.2411251822805,43.2421492298277,43.2420009135519,43.2406934076318,43.2381815779125,43.2343590155449,43.2290555387504,43.2220366374765,43.2130073873477,43.2016254121313,43.1875309348528,43.1704069425484,43.150088274089,43.1267423928572,43.1011404881123,43.0750136997028,43.0514289728933,43.035008820295,43.0316736189769,43.0474905563181,43.0863618613242,43.1469029855357,43.2199217700501,43.2887298153222,43.3338469823016,43.3409241936012,43.3075912218585,43.2446656360315,43.1708510371205,43.1045714268922,43.0578236200651,43.0344405691477,43.0319303700594,43.0446307311083,43.0663876293732,43.0920828453006,43.1181392016821,43.1424147233159,43.1638524117401,43.1821068200782,43.197242761689,43.2095265003967,43.2192963913372,43.2268907146182,43.2326120646734,43.236712678553,43.2393901942742,43.2407874281782,43.2409927045501,43.2400392320789,43.2379032312054,43.23450120615,43.2296871750084,43.2232511201101,43.21492076859,43.2043704924461,43.1912440623905,43.1752024582078,43.1560135893168,43.1337058066199,43.1088067244296,43.0826734753445,43.0578747467006,43.038492400354,43.0300718947538,43.0388224005638,43.0697053104153,43.1234887358279,43.1937924236202,43.2661771490819,43.3213108956048,43.3421563178525,43.3217866977035,43.2668690750166,43.1943507584442,43.1236675654565,43.0694469346122,43.0382206632758,43.0292866526589,43.0376803761452,43.0571565270714,43.0821266972709,43.1084708054297,43.1335895843788,43.1561025851202,43.1754646911474,43.1916339950468,43.2048312241406,43.2153852865662,43.223643923275,43.2299275605045,43.2345089058554,43.2376061303398,43.2393819612465,43.2399443174631,43.2393463683483,43.2375853225881,43.2346000921634,43.2302684688907,43.2244048716812,43.2167604089781,43.2070283596337,43.1948606483277,43.1799048310876,43.1618764606075,43.1406873267855,43.1166524588653,43.0907901978985,43.0651965865499,43.0434004304049,43.0304798530562,43.0325761346014,43.0553941468254,43.1015510298894,43.1674194184634,43.2412178897262,43.3046092314402,43.3387316780451,43.3324034089766,43.2876390702648,43.218665323683,43.1451153129554,43.083958342092,43.0446150754643,43.0285645476035,43.0318874443593,43.0484487623936,43.0722565321378,43.0986330462855,43.1244750246831,43.1480296105362,43.1685133338953,43.1857514838072,43.1999037227638,43.2112814252955,43.2202383848924,43.2271120977919,43.2321962765375,43.2357306189075,43.2378987350535,43.2388288483911,43.2385944623461,43.2372138523114,43.2346482469815,43.230799144706,43.2255056260835,43.2185430825925,43.2096258612459,43.1984183618865,43.1845625278209,43.1677346025496,43.1477498691277,43.1247384061002,43.0994117209203,43.0734180427603,43.049726219338,43.0328697674443,43.0287348072824,43.0434696944282,43.081219482245,43.1409820739734,43.2139501715437,43.2835958383568,43.3301984687943,43.338818285982,43.3064515394345,43.2435966038574,43.1690879010346,43.1017738394972,43.0540902058302,43.030130537807,43.0274521609269,43.0403025518555,43.0623895049337,43.0884707494394,43.1148842884568,43.1394430608162,43.1610748239914,43.1794374242644,43.1946085467373,43.2068709669851,43.2165797113196,43.2240880879402,43.2297113402212,43.233711917973,43.2362956278776,43.2376120960409,43.2377559350373,43.2367669587026,43.2346289876495,43.2312674819713,43.2265466724371,43.2202673229375,43.2121670949505,43.2019271172501,43.1891912313642,43.1736087946191,43.1549176695334,43.1330895610112,43.1085608158524,43.0825589732726,43.0574934607322,43.0372900850163,43.0274096521096,43.0341492023278,43.0628283024833,43.1148555763476,43.1846021015222,43.2581210367845,43.3159221534421,43.3400686489092,43.3223922161895,43.2686474640073,43.1956458958207,43.1233860128134,43.0673090704085,43.0345800473257,43.0247717000882,43.0328926961552,43.0525184741858,43.0778569928971,43.1046279703363,43.1301329941878,43.1529446782054,43.172506349142,43.1887845663519,43.2020176440691,43.2125545802973,43.2207622259388,43.2269776531118,43.2314874461441,43.2345212436855,43.2362515479338,43.2367952325814,43.2362144756681,43.2345162816354,43.2316505952581,43.2275074940181,43.2219143420888,43.2146344208813,43.2053698120478,43.1937736455713,43.1794806419065,43.1621702657859,43.1416829342802,43.1182136127202,43.0926017825125,43.0667091744761,43.0438085641403,43.0287847941934,43.0277932068864,43.0469340865582,43.0897024661997,43.1536968815622,43.2282299737671,43.2952398000417,43.3348855439473,43.3340451914202,43.2928170191391,43.2245316306258,43.1492312836075,43.085092616268,43.0427703624395,43.0245069399373,43.026600290411,43.0427682010409,43.0667313075169,43.0935363345295,43.119880764967,43.1438953934677,43.1647446106212,43.182242513704,43.1965596067175,43.2080275364692,43.2170225439181,43.2239031880858,43.2289815664611,43.2325130618026,43.234694894621,43.2356677223644,43.235517246124,43.2342745240432,43.2319147203436,43.2283545907359,43.2234493746235,43.2169902298421,43.2087042727881,43.1982611109834,43.1852929295231,43.1694400160269,43.1504397889944,43.1282831228769,43.1034620698343,43.0773176426846,43.0524483283003,43.0330408203649,43.0248333248475,43.0342786512804,43.0665106878473,43.1221968002287,43.1944021973223,43.2677204717431,43.3218564373263,43.3394683243233,43.3143977642262,43.2548914228589,43.1794592787997,43.1083037753746,43.0558164158799,43.0276469788068,43.0220996524577,43.0334742962454,43.055158053281,43.0814963114654,43.10847908703,43.1336850623738,43.1559121547591,43.1747631522576,43.1903060053855,43.2028371242085,43.2127346704928,43.2203769749577,43.226102698506,43.2301950441504,43.232878140685,43.2343183273622,43.2346263194256,43.2338583576963,43.2320157307642,43.2290427699268,43.2248238068179,43.2191799296977,43.2118670139971,43.202577847797,43.190953690156,43.17661471164,43.1592245648296,43.138610916727,43.1149679408591,43.0891609349518,43.0631233197712,43.0402625725353,43.0256599917363,43.0256831264544,43.0465445691951,43.0915756037924,43.1577859577634,43.2335227582987,43.2997667524431,43.3363454319133,43.3308551215166,43.2849549536183,43.2135792007802,43.1376023179475,43.0750013525356,43.0355426023922,43.0204529841582,43.0252877420945,43.0434129404403,43.0685116969657,43.0957683886519,43.1220761588194,43.1457499927087,43.1660982426068,43.1830346563086,43.1967921801791,43.2077378092937,43.2162652951981,43.2227399688955,43.2274748408422,43.2307234118351,43.2326799746757,43.2334820969672,43.2332125960832,43.2318999455186,43.2295169721246,43.2259781735865,43.2211362698453,43.214779011849,43.2066281880589,43.1963446482667,43.1835464847651,43.1678526081224,43.1489705808086,43.126853937182,43.1019552543292,43.0755862091801,43.0503469211375,43.0304836284181,43.0218736229588,43.0311805009222,43.0637523662169,43.1203346383646,43.1937772014965,43.2681255076405,43.3224151507348,43.3389327130845,43.3117763873787,43.2500031111023,43.1730209268473,43.1015289717434,43.0498497664153,43.0231810107969,43.0192962223827,43.0321020901331,43.054795839399,43.0816988797322,43.1088721300312,43.1339988956763,43.1559780576315,43.1744932554843,43.1896698886647,43.2018414866214,43.2114081314777,43.2187598765649,43.2242409210037,43.2281366784769,43.2306719963384,43.2320134940674,43.2322722510609,43.2315051606347,43.229714487448,43.2268457922266,43.2227846813372,43.2173530890131,43.2103063579925,43.2013336776515,43.1900669563132,43.1761074091523,43.1590852085488,43.1387747127807,43.1152930642713,43.0894059248772,43.0629365321556,43.0392021680327,43.0232681040237,43.0216312337129,43.0408352495139,43.0847234550157,43.1508354703068,43.2277700811772,43.2962118026884,43.3351574320199,43.3312462371733,43.2856125473266,43.2133662766521,43.1360405100677,43.0722890460486,43.0322403416776,43.017127403786,43.0223048157302,43.0409018946794,43.0664282516593,43.0939816962702,43.1204373420601,43.1441313332067,43.1644082386074,43.1812183914953,43.1948249708286,43.2056171874276,43.2140038999305,43.2203602904934,43.2250058642711,43.2281987978147,43.230137299512,43.2309627161639,43.2307618147446,43.2295673084029,43.2273565776447,43.2240489284611,43.2195019050873,43.2135074597513,43.2057895702259,43.1960066580578,43.1837654040768,43.1686576895516,43.1503393276974,43.1286765267953,43.1039890954672,43.0774080992678,43.0513221455232,43.0297881292842,43.0186198186062,43.0246899590555,43.0539592624777,43.1081772022079,43.1812936607044,43.2579728794024,43.3168297922737,43.3386470079188,43.3156335128619,43.2555915858345,43.1778803562922,43.1041155943238,43.0497935990668,43.0209548342597,43.015701148593,43.0278802379811,43.050459364695,43.0775203909868,43.1049484539268,43.1303257051003,43.1525073345867,43.1711682962384,43.1864424385459,43.198677666245,43.2082886284546,43.2156779596268,43.2212001999252,43.2251494203875,43.2277581618231,43.2292003510633,43.2295943434879,43.2290044534206,43.2274405964749,43.2248562646756,43.2211452587492,43.2161377152537,43.2095963530392,43.2012149624948,43.1906234759906,43.177407994269,43.1611601987761,43.1415781978009,43.1186476393404,43.092931432173,43.0659754114271,43.0407746345069,43.0221188938376,43.0164517511648,43.0307244918381,43.0698375816765,43.1329563937772,43.2103172287839,43.2833046727799,43.3299074198271,43.334211903982,43.2945088885475,43.2242782292565,43.1452678621726,43.0776434707954,43.0332756062778,43.0145949907564,43.0174184151061,43.0348038630604,43.059951149415,43.0876237196908,43.1144372922003,43.1385632902511,43.1592589053138,43.1764382226804,43.1903569941103,43.2014107737838,43.2100199267255,43.2165721636892,43.221399020903,43.2247699735937,43.226894023894,43.2279230783789,43.2279544025233,43.2270312390842,43.2251416140293,43.2222157070204,43.2181222240402,43.2126643157415,43.2055761430083,43.1965226789042,43.1851082787283,43.1709044204522,43.1535139384842,43.1326970765184,43.1085901951209,43.0820423134973,43.0550613747414,43.0312776359522,43.0161783097937,43.0166728290114,43.0394505909335,43.0878816150712,43.158177226176,43.2369817828259,43.3032980154752,43.3359229921596,43.3233602433641,43.2699019286082,43.1933890872916,43.1162926450518,43.0563172561695,43.0216906188201,43.0118659215173,43.021120188423,43.0422441828041,43.0689008205992,43.096553944621,43.1224652094677,43.1452852463084,43.1645771413939,43.1804243728252,43.1931600240282,43.2032019422593,43.2109637564674,43.2168136318441,43.2210597245169,43.2239484562534,43.2256673571672,43.2263481629786,43.2260683773667,43.2248509480464,43.222662353737,43.2194095450696,43.2149361448168,43.2090184705722,43.2013627441184,43.1916068054062,43.1793332837781,43.1641068966454,43.1455562079857,43.1235281375926,43.0983467351826,43.0711950118736,43.0445903227973,43.0228154117846,43.0119899886553,43.0192791998875,43.0507290765349,43.1077230640999,43.1832709765478,43.2607624099974,43.3178764745661,43.3355502951245,43.3074157768572,43.2432570199146,43.1638589391247,43.0910460044228,43.0394810752999,43.0139987920955,43.0117229008032,43.0259977338057,43.049708831913,43.0771034397013,43.1043173326883,43.1291689547402,43.1506936485361,43.1686845888015,43.1833425792339,43.1950463162456,43.2042188959223,43.2112596080534,43.2165149353594,43.2202702619306,43.2227505872187,43.2241236314768,43.2245021709497,43.2239445663551,43.222453560247,43.2199738090196,43.2163885893955,43.2115160331927,43.2051055194776,43.1968359747722,43.1863203289414,43.1731247546877,43.1568178605634,43.1370732010739,43.1138557745343,43.0877227974779,43.0602469690401,43.0345042614588,43.0154349041511,43.0096916980448,43.0244306476123,43.0646243900083,43.1292258435341,43.2079169575139,43.281365198342,43.3270964411176,43.3293806112948,43.2873370902774,43.2154465340544,43.1360486870936,43.069249841266,43.0264016580904,43.0093274198409,43.0134173216515,43.03155788031,43.0569733478764,43.0845500505078,43.1110473657555,43.1347586239031,43.1550266872919,43.1718165236202,43.1854079624385,43.1962029861392,43.2046186347951,43.2110353639139,43.2157772039002,43.2191076602495,43.2212315996043,43.222297930912,43.2224008973807,43.2215795542443,43.21981581851,43.2170316368478,43.2130856614126,43.2077697480877,43.2008060598178,43.1918470837228,43.180483988435,43.16627391281,43.148804071646,43.1278189560389,43.1034426988975,43.0765229404583,43.0490883020158,43.0248245663761,43.0093167867948,43.009604297517,43.0324969034539,43.0814019201147,43.1524113608698,43.2318885094304,43.2985135153003,43.3309257208044,43.3177714276395,43.2637089524767,43.1869234997472,43.1100008563632,43.0505133837182,43.0164443666343,43.0070400983739,43.0164802014192,43.0375601519272,43.0640059730359,43.0913603277064,43.1169530680128,43.1394820268939,43.1585362275723,43.1742082033682,43.1868288518793,43.19680782146,43.2045486608999,43.2104103837941,43.2146943951039,43.2176430235344,43.2194416645494,43.2202205941544,43.2200550999455,43.2189639897916,43.2169070703698,43.2137821509531,43.2094218932373,43.2035908353502,43.1959836660613,43.1862278471957,43.1738974967493,43.1585514092445,43.1398159876104,43.1175419292226,43.092066546757,43.0646001668002,43.0377052632009,43.0157263914045,43.0048498582977,43.0122848805161,43.0440606151043,43.1014551080761,43.177304261874,43.2548444863159,43.3117415141388,43.3291057779718,43.3008301128689,43.2368622044514,43.1579401915065,43.0856799060217,43.0345190475388,43.0091662671428,43.0067430838809,43.0206731270079,43.0439458934107,43.0708982586378,43.0977258771313,43.1222776577875,43.1435969871581,43.161470633607,43.1760851840886,43.1878021919276,43.1970280502393,43.2041479234153,43.2094978251273,43.21335644442,43.2159451405433,43.2174297128245,43.2179211086652,43.2174744126747,43.2160865432029,43.2136933604645,43.2101667016033,43.2053116125379,43.198864223633,43.190491843191,43.1797994587807,43.1663514159048,43.1497237774104,43.1296110890193,43.1060182013519,43.0795662844037,43.0519178888499,43.0262565721312,43.0076206788155,43.0026987079297,43.018548862479,43.0598608068062,43.1251554882761,43.2037132379213,43.2761055144245,43.3202434810225,43.3211261470228,43.2785186685774,43.2070707969705,43.1287732809789,43.0631602605039,43.0211327088665,43.0043438705154,43.0082525473622,43.0259253960564,43.0507698945767,43.0778051698482,43.1038638435817,43.1272653783638,43.1473489204203,43.1640602532775,43.1776542867234,43.1885081717708,43.1970173499022,43.2035453198108,43.2084040255933,43.211849113493,43.2140805307633,43.2152435310224,43.2154282118821,43.214667491665,43.2129342016274,43.2101380303085,43.2061227768615,43.2006641991905,43.1934691933499,43.184178658261,43.1723797106111,43.1576383054225,43.1395707074305,43.1179803042364,43.0930907468124,43.0658977451883,43.0386226305236,43.0151577041772,43.001233060234,43.0038461725342,43.0294365384001,43.0806551360565,43.1526217268459,43.2309727401689,43.2944658185887,43.3228288046945,43.3063287739615,43.2508541740787,43.1747749396091,43.0999089574504,43.0427394966705,43.0104399387578,43.0019495129869,43.0115374938908,43.032267151911,43.058138790095,43.0848952158694,43.1099795282805,43.1321346551945,43.150951878538,43.1665039555121,43.1790937899364,43.1891027653871,43.1969098307989,43.2028545030553,43.2072237142536,43.2102493379929,43.2121087889118,43.2129250724733,43.2127652288335,43.2116375061982,43.2094880818815,43.2061980443177,43.2015810591172,43.1953821500787,43.1872788698198,43.1768883641423,43.1637879336196,43.1475628920999,43.1279032949478,43.1047781075713,43.0787154503033,43.0511981055122,43.0251243186617,43.0051637577478,42.9976605316401,43.0095809184251,43.0460903150566,43.1069791746353,43.1834177669923,43.2576947952426,43.3081093244085,43.3180323163707,43.2841450564237,43.2181651558977,43.1407772022841,43.0721495860991,43.0249629308096,43.0027126234092,43.002087366198,43.0166477849345,43.039763687724,43.0661578140036,43.0923102369974,43.1162370356453,43.1370567018442,43.1545725236204,43.1689565210089,43.1805428938823,43.1897083815123,43.1968112937057,43.2021653726512,43.2060315087277,43.2086166220285,43.2100738702991,43.2105017133524,43.2099414420681,43.2083738017572,43.2057155787694,43.2018168215852,43.1964591679917,43.1893560594088,43.1801569939925,43.1684609356761,43.1538489498677,43.1359530240828,43.1145856311436,43.0899590680374,43.0630162147108,43.0358592166675,43.0121781420114,42.9974343962084,42.9983758337989,43.0213899712227,43.0695075665543,43.1387979994976,43.2162250497667,43.2816160612452,43.3147122269021,43.3044122465554,43.2544358272787,43.1813407216528,43.1063546883707,43.0466129728654,43.010557134495,42.9983171771853,43.0049022342776,43.0236366294535,43.0484557345598,43.0748876426283,43.1001352054604,43.1227380776663,43.1421400180327,43.1583179369605,43.1715182087439,43.1820920967842,43.190404496303,43.1967898069626,43.2015344382483,43.2048720161425,43.2069829137671,43.2079938481384,43.2079760482636,43.2069421074956,43.2048423214599,43.2015613718748,43.1969160200494,43.1906544853626,43.1824589343378,43.1719545461087,43.1587324337973,43.1423995031751,43.1226755822561,43.0995645329622,43.0736256089467,43.0463521027707,43.0206074835472,43.0009553956748,42.9935533053824,43.0051376076262,43.0407128597099,43.1001522633837,43.1750899568382,43.2485891570859,43.2996579224746,43.311799627375,43.2810167438879,43.2178531487236,43.1419860340385,43.0732361870264,43.0246143591095,43.0002879278946,42.9975871255067,43.010480275611,43.0324898373179,43.0583122627476,43.0843143914233,43.1083795956426,43.1295101783359,43.147422272025,43.162229180611,43.1742288314552,43.1837771590646,43.1912212072979,43.1968687448421,43.2009773568377,43.2037519641658,43.2053444807241,43.2058527159582,43.2053178113632,43.2037206742811,43.2009782857238,43.19694072402,43.1913896655131,43.1840394849251,43.1745434211112,43.1625101247677,43.1475406338759,43.1293023121465,43.1076631862715,43.0829134260658,43.0560916241884,43.0293965953476,43.0065807124268,42.9930783877492,42.9954601361327,43.0197572949475,43.0685296456382,43.1374579225123,43.2134746677813,43.2768962839343,43.3083122972661,43.2973559359503,43.2479153946671,43.1760930457594,43.1023968388324,43.0434210653009,43.0074523301666,42.9947798090865,43.000693793527,43.0187652166312,43.0430756552152,43.0692029074442,43.0943361766728,43.116972128828,43.1365056605798,43.1528710785261,43.1662824438912,43.1770685138455,43.1855791243075,43.1921384119667,43.1970251662722,43.2004666471065,43.2026374436083,43.2036589005365,43.2035973455669,43.2024609963932,43.2001962278439,43.1966840996485,43.1917380255378,43.1851036346298,43.1764627416178,43.1654454353656,43.151658072098,43.1347405608277,43.1144730412004,43.0909572163361,43.0648947863099,43.0379623307863,43.0132203830412,42.9953782142323,42.9905769982654,43.0052409376861,43.0436840820114,43.104804248312,43.1793382955307,43.2500743287442,43.2967442361803,43.304384347563,43.2705659641363,43.2066077771046,43.1318988651524,43.0653078412751,43.018867502857,42.9961542277149,42.9943487262642,43.0075514566265,43.0295112137352,43.0551257086498,43.080894431832,43.1047676947808,43.1257692004173,43.1436114814212,43.1583938759179,43.1703982363084,43.1799658582883,43.1874313488323,43.193091741472,43.1971947934109,43.1999359200861,43.201457634479,43.2018485306934,43.2011409255588,43.199307449535,43.1962573896749,43.1918337206465,43.1858118857285,43.1779019640977,43.1677573955096,43.1549964216036,43.1392471437001,43.120233294224,43.0979237402015,43.072769708554,43.0460400842198,43.0202210555966,42.9993538781785,42.9890410407098,42.9957087657482,43.0247280728441,43.0774153783597,43.1478953986689,43.2219190621811,43.279825140519,43.3037825674774,43.2859585150052,43.2324338109279,43.1600981459101,43.0887381607489,43.0334521086337,43.0011329334154,42.9912571545928,42.9988984329987,43.0177832652265,43.0422830652214,43.0682495162348,43.0930701133462,43.1153605348818,43.1345745866115,43.1506677581979,43.1638550624862,43.1744570735331,43.1828122004844,43.1892324101975,43.1939842655515,43.1972827114956,43.1992898131082,43.200114230057,43.1998096683698,43.1983720712138,43.1957361095775,43.1917718617063,43.1862827447569,43.1790061854407,43.1696196634705,43.1577571292426,43.1430447749189,43.125170705768,43.104009132716,43.0798229081535,43.0535610178631,43.0272366365471,43.0042988242557,42.9897863139541,42.9899021808298,43.0105859242495,43.0549035358192,43.1198350971669,43.1941615195254,43.2597533539818,43.297364909621,43.2948910291365,43.2532689769038,43.1859811229231,43.1125140924888,43.0502034941137,43.0090555473946,42.9910785941751,42.992692604767,43.0079097780717,43.0307543220802,43.0564999207123,43.0819756617104,43.1053651835243,43.1258333475862,43.1431655838849,43.1574909345148,43.1690968887101,43.1783185207278,43.185479073122,43.1908621994649,43.194701417691,43.1971773506736,43.1984172695977,43.1984942569102,43.197425134918,43.1951673716036,43.1916157056272,43.1865995047006,43.1798822373369,43.1711653284451,43.1601005640833,43.1463185447613,43.1294856205372,43.1094076499147,43.0862033912134,43.0605675066113,43.0341218785781,43.0097977280687,42.9920852487467,42.986842306381,43.000246981162,43.036593087006,43.0951955333286,43.1677089103222,43.2380578635946,43.2867011158676,43.2983841047932,43.2693193106329,43.2090762621748,43.1358405931867,43.0683323855038,43.0193179270714,42.9934305801236,42.9887315324873,42.9998062810128,43.0205204527458,43.0456570818729,43.0715064333051,43.0958062882473,43.1174082297,43.135904371056,43.1513198518179,43.1638969672631,43.1739601583209,43.181840055251,43.1878356045022,43.1921981124583,43.1951262012362,43.1967649276041,43.1972054376811,43.1964836422567,43.194577705822,43.1914048664893,43.1868184932508,43.1806066512469,43.1724941718891,43.1621517640986,43.1492185063124,43.1333484032644,43.1142972795804,43.0920714214597,43.0671595539436,43.0408557499043,43.0156378848684,42.9954779384752,42.9858257694082,42.992877727843,43.0217620682699,43.0736734734134,43.1428920711396,43.2156569244628,43.2729557710034,43.2973916619592,43.28102205514,43.2292872097042,43.1582863430536,43.0873135047986,43.0314616867941,42.9979794692982,42.9867973682597,42.9933375814575,43.0114968747007,43.0356645437222,43.0616208568278,43.0866502776751,43.1092704721194,43.1288588911848,43.1453197002625,43.1588381701108,43.1697207961696,43.1783015993648,43.1848929627528,43.1897632893132,43.1931289326014,43.1951523864395,43.1959421500424,43.1955520676679,43.1939794762845,43.1911624001523,43.1869765413437,43.1812332079294,43.1736799439866,43.1640068961263,43.1518643181358,43.13690042842,43.1188340330142,43.0975817710412,43.0734620901007,43.0474895997812,43.0217412370101,42.9997030705524,42.9863852538894,42.9878525983438,43.009772447403,43.0548405001429,43.1196954244861,43.1929990941042,43.2568725873119,43.2926442849499,43.2888324808521,43.2467145245251,43.179688872187,43.1068728060213,43.0452148323534,43.0045026169666,42.9867182765124,42.9883676319334,43.0035692750353,43.0264215963845,43.0522284453611,43.0778158926406,43.101347805378,43.1219656567049,43.1394353967231,43.1538732697225,43.1655603808279,43.1748300561305,43.1820062353157,43.18737380416,43.1911667938652,43.1935651480018,43.1946944949238,43.1946260177365,43.1933752688124,43.190899854214,43.1870965429052,43.1817987919125,43.1747762353207,43.1657387473507,43.1543496927436,43.1402563141742,43.1231499863671,43.1028745798553,43.0796048583058,43.0541126267448,43.0281149842324,43.0046404435731,42.9882419806374,42.9847453948334,43.0001298910685,43.0382796156037,43.0979379529751,43.1702188400538,43.2388347619449,43.2845904728704,43.2930825337565,43.2614994912313,43.2000396813818,43.1269356763406,43.0604945634055,43.0129236896808,42.988414939679,42.9848032809627,42.9966283597888,43.0178080440409,43.0432062086705,43.069184622916,43.0935310829231,43.1151273580495,43.1335821612939,43.1489296227524,43.1614174488798,43.1713739473047,43.1791326865284,43.1849944996144,43.1892112288692,43.1919805760114,43.1934454716918,43.1936943173688,43.1927604343717,43.1906203059451,43.1871909467563,43.1823272227466,43.175820459239,43.1674005710322,43.1567456405041,43.1435057738691,43.1273524153707,43.1080697198296,43.0857092291664,43.0608281854758,43.0348157953461,43.0102656855669,42.9912611815969,42.9833050581024,42.9925042943809,43.0236667078686,43.0774060623163,43.1472783782857,43.2189572491895,43.2733993376789,43.2938979143654,43.2736981423604,43.2193673164728,43.1475531973315,43.0773838147738,43.0233272046032,42.9919345144817,42.9826322121895,42.9906028560555,43.0097090663589,43.0344156424957,43.0606115588868,43.0856809570857,43.108216988327,43.1276482256705,43.1439111523852,43.157210741877,43.167865360544,43.1762160973602,43.1825792438969,43.1872247643083,43.1903686952155,43.1921717865267,43.1927399429948,43.1921242538701,43.1903198310657,43.1872635490802,43.1828313280993,43.1768360918882,43.1690282905592,43.1591022982815,43.1467145006474,43.131522797136,43.1132624495792,43.0918784570975,43.0677362628551,43.041922702065,43.0166142206332,42.9954129416294,42.9834265176897,42.9867299029351,43.0108176608828,43.0579503731569,43.124090834642,43.1971909324259,43.2590010343549,43.2911578582427,43.2831814794913,43.2376223794349,43.1688130887582,43.0960877223663,43.0359572727599,42.9974759126942,42.9819579727473,42.985492750442,43.0020413387041,43.0257208230408,43.0519367634205,43.0776344673299,43.1010814119571,43.1214966900966,43.1386993378001,43.1528398056306,43.1642203852682,43.1731871163295,43.1800712057866,43.1851612026553,43.188692313055,43.1908439424488,43.191740145462,43.1914501685866,43.1899879069961,43.1873101062675,43.1833137584427,43.1778336219958,43.1706414388591,43.16144959797,43.1499241238058,43.1357153306355,43.118519371226,43.0981894642422,43.0749191132972,43.0495148013706,43.0237507358264,43.0007367055618,42.9851193340075,42.9827934756543,42.9997136184782,43.0395578908612,43.1006293901345,43.1734348795584,43.2411564801552,43.2844899901748,43.2895572934097,43.2545616899894,43.190732974155,43.1168683586467,43.0512005947697,43.0054084223559,42.9830353623869,42.9814062496327,42.9947833482167,43.0170096949098,43.0429984491731,43.0692122236638,43.0935446735427,43.1149666048595,43.1331531719287,43.1481844790315,43.1603384713635,43.1699626295451,43.1774022703911,43.1829650736993,43.1869064921876,43.1894257339497,43.1906659896104,43.1907154039887,43.1896071643509,43.1873182459944,43.1837670615436,43.1788107469823,43.172243366531,43.1637972749058,43.1531516475346,43.1399551928774,43.1238745414027,43.1046854051998,43.0824284696766,43.0576512447272,43.0317409473587,43.0073063904506,42.9884725323756,42.9808115740752,42.9905083031673,43.0224047822081,43.0770269238018,43.1476599903451,43.2195599725061,43.2733049941612,43.2921171143381,43.2696301868681,43.2131287747016,43.1399480867879,43.0695461617347,43.0162806983109,42.9863074359359,42.9786040852612,42.9880140536393,43.0082221076249,43.0336505338501,43.0602278312946,43.0854119971687,43.1078737722117,43.1271083153345,43.1431033537267,43.156100717012,43.1664441221061,43.1744915604008,43.1805703234833,43.1849573875282,43.1878732142491,43.1894814487267,43.1898902049659,43.1891527870111,43.1872670554967,43.1841734671327,43.1797523292371,43.1738212881701,43.166134830431,43.156389008271,43.1442371389535,43.1293262209564,43.1113692185323,43.0902740494865,43.0663525320695,43.0406238518485,43.0151935179508,42.9936125499782,42.9809937311304,42.9835140836272,43.0068864098858,43.0536636918322,43.1200454289683,43.1939837745705,43.2568880866086,43.2898264821814,43.2818497655312,43.2354531497198,43.1653660329466,43.0915046739152,43.0308087131082,42.992440260321,42.9775529880797,42.9819644036438,42.9993894751008,43.0237886115717,43.0505024342971,43.0764763236414,43.1000123627107,43.1203760512904,43.1374315184507,43.1513672368255,43.1625150963129,43.171243087246,43.1778982518093,43.1827804661325,43.186133178283,43.1881421377345,43.1889368208242,43.1885917642407,43.18712662311,43.1845047359573,43.1806305506103,43.1753466967337,43.1684320808893,43.1596034959486,43.1485253074862,43.1348352248774,43.1181991751074,43.098414312124,43.0755838456672,43.0503847335995,43.0244278195273,43.0006523727279,42.9835873008335,42.9791591205477,42.9936127969821,43.0312289030104,43.0911178747262,43.1644686388978,43.2345708418358,43.281394683813,43.289745493395,43.2566125662024,43.1927728711921,43.1174613686101,43.0498189725903,43.0023418862991,42.9789849976447,42.9770848479811,42.9906917156492,43.0133899633496,43.039888851986,43.0665305172719,43.0911593573376,43.1127432565066,43.1309782892758,43.1459740030869,43.1580377630412,43.1675426515017,43.174854767334,43.1802981573052,43.1841412070289,43.1865937448352,43.1878083277535,43.1878821230676,43.1868577133785,43.1847223173323,43.1814055870403,43.1767765649767,43.1706408372249,43.1627397482138,43.1527551585349,43.1403260830202,43.1250879902455,43.1067514579528,43.0852428687688,43.0609317472223,43.0349581540366,43.0096337815087,42.9888030266856,42.9779085470344,42.9833528782339,43.0107293077117,43.0618636060689,43.131543874879,43.2059985176004,43.2654729799859,43.2913699214045,43.2748026705881,43.2211649062941,43.1474326532101,43.0741086136806,43.0171361224491,42.9839482360268,42.9741268023936,42.9825361831429,43.0025744333706,43.0283116494488,43.0553901356704,43.0810852090177,43.1039755859311,43.1235262898484,43.1397299871696,43.1528495052303,43.1632542968676,43.171327150442,43.1774170564333,43.1818193587794,43.184770228385,43.1864473509237,43.1869722101871,43.1864116626997,43.1847779308225,43.1820269614184,43.1780555552258,43.1726980332368,43.1657237871924,43.1568382517112,43.1456920897181,43.1319071417362,43.115133143786,43.0951557354746,43.0720812397152,43.0466205601703,43.0204706245245,42.996728175343,42.980150635376,42.9769150234064,42.9934116629359,43.0337609437138,43.0964238401717,43.1714729051589,43.2410204918288,43.2845134164524,43.2874515986531,43.2486014751514,43.1807129459456,43.1041742778379,43.0380403753063,42.9938149657515,42.9742235470972,42.9756579905363,42.9916923253179,43.0158309743254,43.0429337277106,43.0695760149383,43.0938275514796,43.114834312247,43.1324161653677,43.1467601144957,43.1582169649913,43.167180750695,43.1740249692979,43.1790737012912,43.1825919078363,43.1847847666121,43.1858000656348,43.1857305059974,43.1846145551478,43.1824355350589,43.1791191842949,43.1745302564,43.1684691034104,43.1606700040796,43.1508046690258,43.1384973682222,43.123362861865,43.1050846833511,43.0835579180298,43.0591231433424,43.0329071375893,43.0072447819567,42.9860645788766,42.9749691681581,42.9805773103856,43.0086712234707,43.0610862095435,43.1322844713002,43.207820083596,43.2671815322646,43.2914130014875,43.272026794237,43.2154541857455,43.1397758265383,43.0660789641487,43.0101841936643,42.9789321451808,42.9712269953185,42.9814397044772,43.002737267501,43.0291691534465,43.0564746098821,43.0820651231937,43.1046479299899,43.1237890880123,43.1395516118408,43.1522425731789,43.1622564571811,43.1699883818812,43.1757920950391,43.179963729482,43.1827385603538,43.1842929711384,43.1847473266101,43.1841677206512,43.1825659271643,43.1798976115115,43.1760592154167,43.1708841873024,43.1641397258687,43.1555263467539,43.1446848485729,43.1312191228863,43.1147489765818,43.0950141865613,43.0720569024865,43.0465077964896,43.019979103584,42.9955048844656,42.9778461097739,42.973304215675,42.9885523769853,43.0281227180615,43.0908724105885,43.1670122702993,43.2383337746893,43.283553374783,43.2874064080958,43.2483314736287,43.1793707274943,43.1015745618836,43.034589701783,42.9901623111125,42.9709187083952,42.9729853399495,42.9896772014827,43.0143331535906,43.0417491884684,43.0685084008053,43.0927236799296,43.1135932168548,43.1309836082364,43.1451175833467,43.1563704041844,43.1651514061481,43.17184299002,43.1767742560562,43.1802132188216,43.1823673996964,43.1833869086359,43.1833670265269,43.1823490997493,43.1803195622791,43.1772073756307,43.1728803911863,43.1671414021382,43.1597253414491,43.1503006533305,43.1384808242789,43.1238568441281,43.1060680135484,43.0849358648937,43.0606901161586,43.0343074668283,43.0079471249863,42.9853788958266,42.9721470814089,42.975031908399,43.0003069900851,43.0506292730115,43.1213857052484,43.1986911699129,43.2617523609113,43.290408291057,43.2745850218472,43.2196051079307,43.1434451225277,43.0679336554245,43.0098846847379,42.9768646727602,42.9680615948923,42.9777926080908,42.9990230160579,43.0255956543078,43.0531023002907,43.0788740119857,43.1015877415459,43.1208084672435,43.1366111685662,43.1493181731718,43.1593378651838,43.1670764754971,43.1728963081145,43.177100340563,43.1799298472417,43.1815669844949,43.1821379833742,43.1817149896874,43.1803159954125,43.1779030083645,43.1743788764473,43.1695833105501,43.1632889853882,43.15519956448,43.1449535884222,43.1321418965258,43.1163519692768,43.0972599865465,43.0747984833031,43.0494285680798,43.0225286979408,42.9968569836293,42.9769284048186,42.9689709347167,42.9799583303344,43.0152717383299,43.0751338469724,43.151210951755,43.2260460832829,43.2776821290516,43.2887697540902,43.2552379376365,43.1885259003877,43.1096681322966,43.0395219828456,42.9913609188977,42.9689260251328,42.9688190354686,42.9843379504331,43.0085693263493,43.0360190523707,43.0630392980693,43.0875940387547,43.1088014000255,43.1264939625268,43.1408865065633,43.1523587920281,43.1613293112849,43.168190582768,43.1732814847571,43.1768793221016,43.1792006489515,43.1804045664463,43.1805953825202,43.1798234809512,43.178084309871,43.1753158444498,43.1713949865298,43.1661334614309,43.1592742524503,43.150490943847,43.1393950444487,43.1255609251479,43.1085846159497,43.0882006010604,43.0644867987584,43.0381842837614,43.0111297236725,42.9867221941415,42.9702025490674,42.9683314247275,42.9879313448827,43.0329785097645,43.1007973225776,43.1793307948556,43.2483714188409,43.2863027652048,43.2799331865788,43.2313775719725,43.1569803000381,43.0790496870486,43.0162321855022,42.9780658869612,42.9650448944064,42.971971134208,42.9917181615262,43.0177833753888,43.0453869267365,43.0715673228183,43.0948097844054,43.114571302325,43.1308757488316,43.1440278817657,43.1544359230668,43.1625137984686,43.1686344720477,43.1731124466408,43.1762006930581,43.1780930803964,43.1789275127799,43.1787876724757,43.1777028493963,43.1756460977869,43.1725311831577,43.1682087746721,43.1624624672948,43.1550059218364,43.1454841923916,43.1334856993809,43.1185767276925,43.1003777287385,43.0787086581412,43.0538345444227,43.0268321130221,43.0000550440693,42.9775751627545,42.9653077869195,42.9703388351136,42.998933985566,43.0531412937907,43.1270325693622,43.2050645447145,43.2653302615417,43.2880332366301,43.2651008608447,43.2045141055903,43.1261003381085,43.0518962989168,42.9975523199052,42.9690073234063,42.964152720067,42.9766544027882,42.9993868922311,43.026422765316,43.0536877757489,43.078821596516,43.100732581563,43.1191350268756,43.1341867776886,43.1462469569381,43.1557326661262,43.1630441768732,43.1685319916532,43.1724865053682,43.1751378647911,43.176658870564,43.1771673815125,43.1767269523858,43.1753456732394,43.1729736674284,43.1694997416776,43.1647476102242,43.1584723470132,43.1503587337441,43.1400254942698,43.1270435510551,43.1109827132849,43.0915091880559,43.0685636874398,43.0426503688694,43.0152472068443,42.9892871559583,42.9695334358101,42.9624837261959,42.9752727711931,43.0131335999869,43.0756561369655,43.1534304530966,43.227904547876,43.2767101423252,43.2832631515264,43.2451939954135,43.1756498838272,43.096458832864,43.0281193741618,42.9828565373251,42.9633360341916,42.9654716508706,42.9823284668783,43.0070776440231,43.0344513612598,43.0610434095807,43.0850125676694,43.105608632941,43.1227398152569,43.1366554853485,43.147743936868,43.1564180817346,43.163059067764,43.1679936876768,43.1714889125349,43.1737532554364,43.1749393575474,43.1751453242933,43.1744142213643,43.1727320602188,43.1700248485167,43.1661551751537,43.160918728402,43.1540415640215,43.145180359774,43.1339308488793,43.1198545801996,43.1025412155866,43.0817317914508,43.0575342489159,43.0307575734087,43.0033588199923,42.9789145609728,42.9628764495742,42.9621743890869,42.9836244681645,43.0308680064558,43.1005120059422,43.1795963801257,43.2473042493987,43.2822112124574,43.2722072044124,43.2208389206284,43.1454222631028,43.0683224710448,43.007501288855,42.971596189078,42.9604271297932,42.9685026480024,42.9887109927062,43.0147226340461,43.0419651829083,43.0676514235073,43.0903859365744,43.1096936840699,43.125628064179,43.1384987148469,43.148705365316,43.1566480896201,43.1626856805019,43.1671207574074,43.1701974291039,43.1721031288931,43.172970376499,43.1728769031545,43.1718440901202,43.1698342963731,43.1667476893591,43.1624190011873,43.1566146411291,43.1490312976943,43.1392990940225,43.1269960402698,43.111686316795,43.0930026169,43.0708006567224,43.045416952314,43.0180479332386,42.9912200908641,42.9692133431795,42.958125359004,42.9650811387116,42.996090363306,43.0525542640434,43.127616073073,43.2049303251557,43.2624758782084,43.2813227914897,43.2549001304496,43.1924881781572,43.1143183520849,43.0418918121909,42.9898867876891,42.9634001602132,42.9598906631092,42.9729761626665,42.9957031993386,43.0223784791833,43.0491310221252,43.0737401207154,43.0951922811891,43.1132340304653,43.1280264017849,43.1399162053252,43.1493021073339,43.1565656240563,43.1620412492286,43.166007166497,43.1686847233006,43.1702400230298,43.1707845878726,43.1703742891386,43.1690069038168,43.1666190146221,43.1630828500264,43.1582034576281,43.1517167895886,43.1432903777532,43.1325308299584,43.1190068625799,43.1023031783379,43.0821285100369,43.0585077606208,43.0320862353566,43.004549299518,42.979091596617,42.9607356824519,42.9561121870878,42.972175964603,43.0134935907986,43.0785078789606,43.1565480555172,43.2283964886657,43.2722576778309,43.2733275148199,43.2313237765092,43.1606236101613,43.0828954024951,43.0174831338068,42.9752897611403,42.9581007034176,42.9615365195643,42.9787858513966,43.0033176001805,43.0301627699424,43.0561373177932,43.0795334491636,43.0996633907363,43.1164511528605,43.1301359780902,43.1410845557045,43.1496855940027,43.1562982067941,43.1612312878086,43.1647381568831,43.1670168674424,43.1682111061853,43.168409677075,43.1676443788027,43.1658869151436,43.16304560927,43.158962480697,43.1534111233263,43.1460963012633,43.1366578004139,43.1246843650463,43.1097488851538,43.0914832590972,43.0697190946555,43.0447242552374,43.0175554173004,42.9905058745352,42.967533187906,42.9543917532794,42.9580141243484,42.9846429564969,43.036605154414,43.1086677856808,43.186277483954,43.2483477084064,43.2751137989125,43.2574565579228,43.2016377871865,43.1259820884673,43.0519517169742,42.9956242585064,42.9639157453918,42.9557003120978,42.9653106933409,42.9859169509331,43.0116131442093,43.0382022389381,43.0631558376749,43.0852239105584,43.1039934214654,43.1195284679177,43.1321227969091,43.1421497250717,43.1499815342785,43.1559522305775,43.1603440269192,43.1633845863373,43.165247466012,43.1660520958397,43.1658621586372,43.1646826436591,43.162456375622,43.1590607850467,43.1543054707568,43.1479311839335,43.139611767815,43.1289628662651,43.1155653442031,43.0990175321129,43.0790379880435,43.0556468846598,43.0294528503232,43.0020501400585,42.9764682466357,42.9574928011446,42.9515009015827,42.9653156500733,43.0037068785681,43.0658417268741,43.1422468617871,43.214912257566,43.2624923592282,43.2693243061098,43.2331920500633,43.1664597690977,43.0897377229777,43.0226029806875,42.9770503515054,42.956108189979,42.956295287598,42.9712162351937,42.9943768704938,43.0206404359093,43.0465924593935,43.0703131447977,43.0909524685239,43.1083243351993,43.1226001272339,43.1341083999221,43.1432186476275,43.150281858751,43.1556048626139,43.1594420723173,43.1619942651291,43.1634087010579,43.1637781282067,43.1631382437205,43.1614641984466,43.1586670149183,43.1545906650847,43.1490104484526,43.1416337247258,43.1321055343481,43.120024712057,43.1049811259042,43.0866315092451,43.0648385487267,43.0399011824633,43.0128940821408,42.9860946447451,42.963385593923,42.9503709005065,42.9537738504307,42.9796495570524,43.0303109373038,43.1008457336257,43.17737763308,43.2395918036877,43.268100195542,43.2533889969596,43.2006634417747,43.1271092586354,43.0535721734639,42.9962348272842,42.9626033666475,42.9522374678639,42.9599757362777,42.9792326746627,43.0041352749112,43.0303998394197,43.0553697143552,43.0776719082202,43.0967957362998,43.1127363936569,43.1257431340966,43.1361625772072,43.1443519427282,43.1506371088585,43.1552959692383,43.1585538452359,43.1605829865537,43.1615020974087,43.1613744466934,43.1602046567385,43.1579349460529,43.1544417077056,43.1495332001276,43.1429492643685,43.1343648838664,43.1234016120385,43.1096548691621,43.092750991219,43.072454963062,43.0488552411577,43.0226493038017,42.9955297469845,42.9706068015515,42.9526821617672,42.9480235717987,42.9631727752019,43.0024673972659,43.0646356222082,43.1400160752992,43.2108919630681,43.2566676958344,43.2625080517032,43.2265927584769,43.1610205259515,43.0857092467759,43.0195809597592,42.9743312577169,42.9530621844095,42.9525645599484,42.9667270001305,42.9892493638901,43.0150815434886,43.0408158589846,43.0644964046275,43.0852228968795,43.1027614691992,43.1172451653743,43.1289746825469,43.1383003889198,43.1455603042867,43.151052087527,43.1550230567779,43.1576679350957,43.1591284744408,43.159492279535,43.1587901852771,43.1569926434094,43.1540059868742,43.1496694702918,43.1437540272468,43.1359642192412,43.1259464079304,43.1133092672926,43.0976676745851,43.0787274923412,43.0564350482456,43.0312165188697,43.0043190864223,42.978221366665,42.9569863376764,42.9462822660296,42.9526481864388,42.9815897909445,43.0345166060722,43.1055208128334,43.1801492710776,43.2384284013179,43.2622832815414,43.2438823473917,43.1895748971079,43.1166201341807,43.0450562963886,42.9900084126903,42.9582180690292,42.9489529016494,42.9571195444583,42.9763583727189,43.0010267281428,43.0270060126103,43.0517302523644,43.0738608371091,43.0928881313488,43.10879301986,43.121806062318,43.1322561016251,43.1404851933047,43.1468065117695,43.1514868994905,43.1547414877763,43.1567327031399,43.1575696171531,43.1573060776042,43.1559375614732,43.1533974316106,43.1495535200139,43.1442060385192,43.1370881585013,43.1278717027606,43.116182770773,43.101636178963,43.0839033423951,43.0628346062037,43.0386607233678,43.0122916505797,42.9857005684075,42.9623087484952,42.9471607868002,42.9465251030907,42.9664831748591,43.0103056120036,43.0751745881053,43.1499631045759,43.2164330858384,43.2550402113537,43.2533323904785,43.2120388384805,43.1446640123639,43.0708827429782,43.0082406682575,42.9668687805643,42.9487958137977,42.9503983960594,42.9656313921493,42.988477601125,43.0141928558408,43.0396067883075,43.0629133194164,43.0832901865383,43.1005340690795,43.1147819560058,43.1263259590235,43.1355032660195,43.1426377905822,43.1480133634025,43.151863820255,43.1543704995054,43.1556617036267,43.1558115518215,43.1548375134518,43.1526969673706,43.1492836112919,43.1444247366864,43.1378806592867,43.1293484062046,43.1184736083046,43.1048778845471,43.0882140176161,43.0682673242768,43.0451264782121,43.0194449001066,42.9927935982523,42.9680513554807,42.9496729170895,42.9435285268062,42.955893778171,42.9912691527046,43.049262977732,43.1218140984095,43.1929704291341,43.2430317372445,43.2563225767555,43.2285612427052,43.1689902040633,43.0957585551431,43.0277828521054,42.9781021470156,42.9515663495358,42.9463477043121,42.9570546803422,42.9775286749731,43.0025154180241,43.0282730167599,43.0525177050953,43.0740889312727,43.0925728224611,43.1079916985048,43.1205862720287,43.1306797350915,43.1386016096917,43.1446500367204,43.1490760478927,43.1520786278721,43.1538037361506,43.1543436739507,43.153735361179,43.1519574268226,43.1489267283131,43.1444952547261,43.1384486574483,43.1305082947738,43.1203401438365,43.1075766925546,43.0918622721618,43.0729379624878,43.0507875698063,43.0258668416681,42.9994249893892,42.9738859748368,42.9531701782247,42.942702587818,42.9487194662211,42.9764947439347,43.0274900276968,43.0963238599826,43.1695106714156,43.2280770563728,43.2543330503184,43.2397995702769,43.1893846205711,43.118902606956,43.0476882212748,42.9910974279876,42.9566917301506,42.944638953815,42.9504836068161,42.9681511548121,42.9920069676956,43.0177890204202,43.0427408282436,43.0653481109954,43.084966115019,43.1014844875671,43.115079168628,43.1260505494885,43.1347285545981,43.1414228547902,43.146400248093,43.1498764311315,43.1520139924102,43.1529219777288,43.1526548405708,43.1512101795679,43.1485255907788,43.1444754563227,43.1388688366451,43.1314501906021,43.1219058485967,43.1098814710676,43.0950194994178,43.0770308033452,43.0558202420223,43.0316883213087,43.0056231617408,42.9796657126663,42.9572599571244,42.943379924222,42.9440849528947,42.965103642838,43.0092930627833,43.0735531072309,43.1468377468413,43.2114509121574,43.2486498752712,43.2465926120958,43.2060445040361,43.1399785686373,43.0673508669834,43.0052254347034,42.9636609905138,42.944919435654,42.9457045322043,42.9602312346771,42.9826162469907,43.0081384698621,43.0335835658467,43.057075638941,43.0777237020934,43.0952696652104,43.1098128552789,43.1216227140892,43.1310245477973,43.1383367923626,43.1438406362798,43.1477677640754,43.15029676446,43.1515525389149,43.1516057694171,43.1504713196551,43.1481055615927,43.1444032600026,43.1391950680904,43.1322472081365,43.1232659273971,43.1119112751484,43.0978280381668,43.0807064054397,43.0603903915128,43.0370556702134,43.011474246483,42.9853601851087,42.9617326004842,42.9451267016151,42.9413449707279,42.9563505230526,42.9940442368566,43.053250254929,43.125240071594,43.1939218624444,43.2402344638391,43.2497348241392,43.2193648747073,43.1589658596999,43.0864737372139,43.0200854041427,42.9720926629776,42.9468821829232,42.9424924838773,42.953611665347,42.9742347569438,42.9992454019698,43.0249908201374,43.0492296405843,43.0708122508417,43.0893197334984,43.1047641744814,43.1173765844825,43.1274729440158,43.1353778189289,43.1413855032409,43.1457431062806,43.1486448794926,43.1502311202088,43.1505879620206,43.1497463895646,43.147680108389,43.1443026770484,43.1394648078991,43.1329532551957,43.1244935943488,43.1137608749378,43.1004050137932,43.0841020954588,43.0646480430218,43.0421154884009,43.0170932377339,42.9910109314957,42.9665046344165,42.9476875003373,42.9400571195031,42.9496567270318,42.9811641580774,43.0350287577603,43.1046899391703,43.1758540397366,43.22970120786,43.249848800981,43.229773270856,43.1760249577486,43.1049986160917,43.0354968136009,42.9817661339478,42.9503130283744,42.9406575431301,42.9481296719496,42.9667244580328,42.990993055197,43.0168638494978,43.0417265390003,43.0641609071124,43.0835745383315,43.0998820506318,43.113268880263,43.1240372232816,43.1325153103547,43.1390093926939,43.1437816033684,43.1470417573673,43.1489454282364,43.1495938599878,43.1490335107791,43.1472544847403,43.1441880115892,43.1397037104457,43.133607891623,43.125644938157,43.1155052627119,43.1028458696057,43.0873334524604,43.0687250301847,43.0470059585754,43.0226058437968,42.9967012880421,42.9715770947117,42.9509389460892,42.9399469147556,42.9446106116118,42.9701791596092,43.0184831822293,43.084987081215,43.1573213025654,43.217351631467,43.2473285055295,43.2376160282814,43.191379568289,43.1230239542736,43.0514654560978,42.9926270340089,42.9551181203365,42.9400791962118,42.9436487128729,42.9599429994612,42.9832421473025,43.0090728107469,43.0344494991524,43.0576670994458,43.0779455055587,43.0950908421535,43.1092355282412,43.1206634927358,43.1297042643145,43.1366750490601,43.1418527809851,43.145462964672,43.1476766217928,43.1486101304616,43.1483252012782,43.1468278616467,43.1440663465285,43.1399284464361,43.1342393932552,43.1267620760025,43.1172026425634,43.1052267693345,43.090495406608,43.0727336165665,43.0518512284092,43.0281363594901,43.0025355503477,42.9770052890342,42.9548532868749,42.940874876299,42.9409547890223,42.9607473179707,43.0032629952215,43.0658668032051,43.1382121025714,43.2032315659118,43.2423248811859,43.2430839607801,43.2052194343972,43.1407228256236,43.0681370749033,43.004776947103,42.9613382757572,42.940731804407,42.9400850845911,42.9537662625466,42.9758478162366,43.0014685675001,43.0272563248914,43.0512017888234,43.0723192547819,43.0902930136931,43.1051938096642,43.1172823209149,43.1268869044956,43.1343348103116,43.1399177304084,43.1438772143442,43.1464001774736,43.1476184778485,43.1476092269293,43.1463943051735,43.1439387069834,43.140148069439,43.1348662865467,43.1278747592176,43.1188959282687,43.1076056831657,43.0936624060838,43.0767649231095,43.0567568620458,43.0337984973052,43.0086234493327,42.9828759878419,42.9594698215077,42.9428082404263,42.9385698155256,42.9526691892439,42.989121258289,43.0470827134011,43.1183217613405,43.1871960298681,43.2347546424269,43.2461629930474,43.2176178475569,43.1582622877167,43.0857437678737,43.0184537682178,42.9691559605089,42.9427057072019,42.9374324478533,42.9481100206963,42.968676070573,42.9938939928823,43.0199866986465,43.0446139074071,43.0665602954637,43.0853708413752,43.1010435451966,43.1138096592908,43.1239934526057,43.1319312619751,43.1379296405548,43.1422467689876,43.1450861740062,43.1465958415969,43.146868763443,43.145942959667,43.1438003127215,43.1403643609642,43.1354977715183,43.1290008077344,43.1206130527194,43.1100223333671,43.0968876039741,43.0808867292205,43.0618053201257,43.0396872937497,43.0150671082845,42.9892885360768,42.9648709412659,42.9457960494475,42.9374571040831,42.9458911291772,42.9759497555641,43.028475034341,43.0974377814137,43.1689799354602,43.224324686808,43.2466003288653,43.2284556746989,43.1757186882027,43.1045408667783,43.0340033713075,42.9788977282979,42.9462278132183,42.9357880812274,42.9429538010676,42.9616218920254,42.9861960563617,43.0124694250119,43.0377342509848,43.0605128534393,43.0801870978291,43.0966672253089,43.1101467483353,43.120941967859,43.1293970637335,43.1358336119533,43.1405272240245,43.1436990299067,43.1455140881176,43.1460820583905,43.1454577061724,43.1436402593023,43.1405715476815,43.1361334613453,43.130145815694,43.1223665205954,43.1124973828497,43.1002013344031,43.0851406899425,43.0670511105731,43.0458711088688,43.0219486611648,42.9963371637909,42.971159456944,42.9499445302624,42.9377195641631,42.9405026564606,42.9638054853385,43.0100319519474,43.0754261259403,43.1482809905269,43.2105755411226,43.243885674072,43.2373471765495,43.1929810590691,43.1247260297654,43.0518368275644,42.9910302488009,42.9516831959803,42.9353842386607,42.9383706892343,42.9546321743933,42.9782409935998,43.0045311407515,43.0303796560545,43.0540022469178,43.0745848974106,43.0919291422843,43.1061790062163,43.117637228434,43.1266539174907,43.1335657279896,43.1386666642998,43.1421967197318,43.1443392676113,43.1452217216664,43.1449164903236,43.1434408913496,43.140755721888,43.1367628324147,43.1313025773762,43.1241526980299,43.1150313860668,43.1036093856063,43.0895393937032,43.0725158276515,43.0523835411843,43.0293177161073,43.0040927969107,42.9784344961614,42.9553891621814,42.9395360065138,42.9367244433679,42.9529267867898,42.9919451559744,43.0523235914482,43.1248643221679,43.192956246007,43.2372584522815,43.243571668574,43.2096372902439,43.1463286477975,43.0723605869683,43.0061414999297,42.9596349176169,42.9366261986944,42.9345667978038,42.947737531242,42.9699359236565,42.996008899372,43.0223590054512,43.0468367167535,43.0683871904858,43.0866737672628,43.1017740103378,43.1139686983691,43.1236106902991,43.1310513871828,43.1366042017368,43.1405294921434,43.1430304867018,43.1442537352877,43.1442904621501,43.1431770718496,43.1408942385517,43.1373647342345,43.1324506650361,43.1259513588605,43.1176041132362,43.1070917672666,43.0940640193344,43.0781838367186,43.0592158911406,43.0371789663173,43.0125840355677,42.9867646107383,42.9622606098935,42.9431246488848,42.9348803286934,42.9437311604075,42.9746522863911,43.028433486773,43.0986951674388,43.1709480303706,43.2257645147816,43.2460298160701,43.2248475083367,43.1690585768221,43.0958607681894,43.0248899477107,42.9708321011926,42.9401345502528,42.9319328820296,42.9410974600481,42.9612614144949,42.9867702354067,43.0134835920078,43.0388113294359,43.0613968722092,43.0807239171591,43.0967788662566,43.1098077346491,43.1201607731683,43.1282029414842,43.134267925029,43.138638121457,43.1415384413726,43.143136251569,43.1435430333602,43.1428155018838,43.1409553050857,43.1379072512847,43.1335565434917,43.1277259861482,43.1201748867497,43.1106027817404,43.098663602446,43.0839998322126,43.0663116000607,43.0454814839581,43.0217787197552,42.9961589500881,42.9706440275897,42.9486926685767,42.9353462250466,42.9367824552924,42.9588496477107,43.0044086813222,43.0700938474599,43.1442503821901,43.2083955016281,43.2432635657463,43.2372295147639,43.1921136413584,43.1223204176166,43.0478943307222,42.9861850054764,42.9467812582767,42.9311067607476,42.9350626334614,42.9523204052973,42.9767457408633,43.0035857268535,43.0297166406325,43.053399232663,43.0738797663956,43.0910175882424,43.1050043989037,43.1161788898923,43.1249167703012,43.131572345012,43.1364517532434,43.1398036630993,43.1418182372475,43.1426289259743,43.1423141930301,43.1408979079207,43.1383481190987,43.1345745037283,43.1294252218771,43.1226844774581,43.1140731641807,43.1032569787126,43.0898697477706,43.0735646789536,43.0541123568705,43.0315694103746,43.0065402775,42.9805352189891,42.9563733317488,42.9384725837742,42.9327154076931,42.9454518247504,42.9812899831943,43.0398844047389,43.1130235891665,43.1843411494769,43.2335983430647,43.2448139113473,43.2139729404943,43.1511583710829,43.0755293532748,43.0066707119693,42.9576949955618,42.9330363503393,42.9302544044118,42.9434085822727,42.9659804455252,42.9925511397885,43.0193563078972,43.0441696379496,43.0659205892739,43.0842896843635,43.0993846200497,43.1115178261142,43.1210700928051,43.128415536023,43.1338854805324,43.1377545740715,43.1402380337843,43.1414932679694,43.1416221431754,43.140672131674,43.1386357678306,43.1354485243166,43.1309856381308,43.1250588463357,43.1174147670795,43.1077381927624,43.0956663075748,43.0808241868569,43.0628978588279,43.0417675236834,43.0177264459089,42.9918020358727,42.9661595871429,42.9444863721896,42.9321141618325,42.9354772669427,42.9604565040828,43.0094789467482,43.0781414894827,43.1533544206069,43.2154679898197,43.2451637211553,43.2322534542888,43.1809135535613,43.1075998224472,43.0331191324269,42.9741905697589,42.9390161613207,42.9276518017417,42.9351075570216,42.9547101633942,42.9803721571917,43.007579630308,43.0334909257337,43.0566123586554,43.0763720409327,43.0927490904332,43.1060059940227,43.1165181342277,43.1246763954987,43.1308379435168,43.1353055524751,43.1383219643502,43.1400708081294,43.1406792362508,43.1402198431546,43.138710919573,43.1361149452974,43.1323356847427,43.1272145857426,43.1205277035977,43.1119854640543,43.1012396964638,43.0879059756779,43.0716146723319,43.0521107699783,43.0294281967489,43.0041631763337,42.9778509086605,42.9533919277773,42.9353599243012,42.9298576000072,42.943451874777,42.9808200659043,43.0413548817609,43.1161600412513,43.1879381858648,43.2357663418885,43.2437713751588,43.2089713995111,43.1429083938271,43.0658321690603,42.9975559779655,42.9506438196463,42.9286563708984,42.9283911720937,42.9434647925001,42.9672283568832,42.9943363592025,43.0211867564568,43.0457259213032,43.0670274684446,43.0848762261624,43.0994474409449,43.1110927672526,43.1202128159829,43.1271895215487,43.1323554121916,43.1359832619402,43.1382854121252,43.1394164213244,43.1394756858801,43.1385085645888,43.136505642535,43.1334003451898,43.1290654215593,43.1233091448006,43.1158727866208,43.1064324427454,43.0946111094254,43.0800114629971,43.0622861152916,43.0412690964778,43.0171962079933,42.9910340112582,42.9649017717695,42.9424863578728,42.9292040251239,42.9316885237888,42.9561210114655,43.0052323003564,43.0747435457242,43.1513302488217,43.2147434193909,43.2449821168945,43.2315290402873,43.1788311122237,43.1040389079118,43.0286293203094,42.9696148350465,42.9350736945193,42.9247123473512,42.9331879284313,42.953596290725,42.9797602299237,43.007178118229,43.0330719650895,43.05602471382,43.0755327163244,43.0916268365894,43.1046044522569,43.1148620966297,43.1228020948481,43.1287870182399,43.1331218396395,43.136050190595,43.137756363148,43.1383684147072,43.1379601644929,43.1365513333895,43.1341058612621,43.1305287968893,43.1256623715906,43.1192822680075,43.111096085708,43.1007480644483,43.0878377528631,43.0719658377933,43.0528274583391,43.0303799883148,43.0051128276921,42.9784293435506,42.953096321265,42.9336027294907,42.9260974564252,42.9374178875001,42.9727823067311,43.0323028572541,43.1076915099594,43.1817463736672,43.2328896378791,43.2440556574223,43.211158104532,43.1453176123811,43.0671564059606,42.9972698249913,42.9489168835038,42.9260021982272,42.9253364131376,42.9403752527118,42.9642810718942,42.991568172018,43.0185591391101,43.0431756789206,43.064496260549,43.0823229361218,43.0968500869152,43.1084455441166,43.1175218453901,43.1244691535104,43.1296257469287,43.1332688813891,43.13561499103,43.1368228090135,43.1369961188705,43.1361848098743,43.134384012202,43.1315316028092,43.127504570062,43.1221149120539,43.1151062954142,43.1061540711605,43.0948739426934,43.0808490837778,43.0636919700761,43.0431647706559,43.0193875871727,42.9931591325266,42.96638429674,42.9425252126751,42.926849233519,42.9260607889326,42.946798308636,42.9927193659493,43.0607752861094,43.1386620300371,43.2062523495008,43.2423945724738,43.2345469058016,43.1853039958267,43.1110778697137,43.0338783393386,42.9719346817772,42.9344779391516,42.9218855937295,42.9289881473311,42.9487486320822,42.9747521327301,43.0022781043838,43.0283945196892,43.051595143229,43.071334463203,43.087629900358,43.100779695548,43.1111869773379,43.1192620963401,43.1253754484138,43.129839367,43.1329046173738,43.1347626544984,43.1355488145847,43.135344233621,43.1341758471221,43.1320146159318,43.1287724139527,43.1242980975884,43.1183735022048,43.1107109005908,43.1009553057674,43.0886984284356,43.0735165128965,43.055051554655,43.0331629659117,43.0081797645211,42.9812710721282,42.9549063524376,42.9332730091126,42.9223491928287,42.9291481799186,42.9596404481521,43.0153326981969,43.0896396990289,43.1665597249781,43.2242850962299,43.243790332694,43.2181198918251,43.1561235407519,43.0778302264495,43.0048519269576,42.952160805294,42.9251342998944,42.9213796559087,42.9345226253085,42.9575305311405,42.9846038957597,43.0117779417561,43.0367667566671,43.0585212638819,43.0767761151838,43.0916964818906,43.1036422434424,43.1130284189379,43.1202521273594,43.1256602821712,43.1295393842386,43.1321154008622,43.1335567555978,43.1339769132553,43.1334352232085,43.1319358916581,43.1294254696475,43.1257893517506,43.1208478074304,43.1143524075402,43.1059848292567,43.0953624459519,43.0820593403134,43.0656576891029,43.0458523187981,43.0226380420853,42.9966083462173,42.9693712859733,42.9440222634898,42.9254820655404,42.9203200620188,42.9355339707094,42.9758928795918,43.0401903424655,43.1181202256898,43.190610402192,43.2356157331059,43.2377618994627,43.1962134458635,43.125159472793,43.0465199318235,42.9801083260195,42.9372220184015,42.9198115602463,42.9234518346145,42.9411773764173,42.9662903381728,42.9936943543872,43.020130312194,43.0438596287029,43.0641938151834,43.0810732855296,43.0947613044486,43.1056499418365,43.1141508082677,43.1206413592797,43.1254435516077,43.1288189038602,43.1309701251187,43.1320439278573,43.1321326050977,43.1312737317237,43.1294482378251,43.1265773774418,43.1225190878737,43.1170642720023,43.1099340793113,43.1007808144968,43.0891981982922,43.0747517921321,43.057047519711,43.0358642306808,43.0113812439972,42.9845245676542,42.9574189310777,42.9338432604484,42.9194292689947,42.9211502809534,42.9455702286306,42.9956567799988,43.0669789458456,43.1455496727942,43.21015828174,43.240093398497,43.2249079073046,43.1699267344521,43.0934285351239,43.0175858391429,42.9593907312898,42.926391539935,42.9176574124529,42.9273926150164,42.9485084240293,42.9748527723125,43.0020574495685,43.0275031444224,43.0499095900753,43.0688706551043,43.0844757894097,43.0970502634038,43.1069979904646,43.1147173282425,43.1205624821338,43.1248300971722,43.1277576105017,43.1295254573646,43.130259118208,43.1300295013988,43.1288515682016,43.1266817030727,43.1234144053711,43.118878772398,43.1128353728735,43.1049749571294,43.0949225447674,43.0822542894416,43.0665404758586,43.0474357412667,43.0248451238953,42.9991961670569,42.9718309959863,42.9454778538463,42.9246458504202,42.915607030839,42.9254574174911,42.9597926609714,43.0191163398566,43.0953565068435,43.1711688117222,43.2244536607151,43.2374715419434,43.2056621805002,43.1400830592094,43.0616260036778,42.9912362686932,42.9424012469441,42.9190894293525,42.918077653918,42.9327711516314,42.9563084670731,42.9832119711952,43.0098308696369,43.0341166549022,43.0551705897522,43.0728064735543,43.0872197834222,43.098771646097,43.1078638250278,43.1148751565555,43.1201346438273,43.1239136355063,43.1264259969314,43.1278300845593,43.1282296953854,43.1276732396255,43.1261514524178,43.1235942959931,43.1198676244542,43.1147700743467,43.1080309644434,43.0993112543778,43.0882123614639,43.0743023315069,43.0571756285997,43.0365707850005,43.0125761050992,42.9859496374276,42.95855047276,42.9338016553547,42.9169619894931,42.9147946809409,42.9341058228113,42.9788513469687,43.0463739176011,43.1247253782145,43.1939041361298,43.2325017675237,43.2273657277375,43.1803689411102,43.1074069865718,43.0303598811894,42.9676718019115,42.92895142007,42.9149375737377,42.9207116525037,42.939366038883,42.9645254600396,42.9914582094154,43.0171992025441,43.0402034882173,43.0598882526256,43.0762372651823,43.08951923101,43.1001120987316,43.1084058463847,43.1147557885844,43.1194645940918,43.12277822121,43.12488683089,43.1259260165677,43.1259765348422,43.1250623859942,43.1231478404301,43.120134124115,43.1158563124808,43.1100809661235,43.1025056705828,43.092763455464,43.0804385852126,43.0651057840964,43.046412361732,43.0242302408072,42.9989076244245,42.9716372527291,42.9449114250217,42.9229306247632,42.9116655368186,42.9180967261531,42.9481529661404,43.003340767527,43.0771895699935,43.1539643979776,43.2121933914184,43.2330378746691,43.2093644899343,43.1494755086647,43.0727428887462,43.0003476646809,42.9472221326968,42.9190204043781,42.9137465386784,42.9253734970706,42.9470892660071,42.9731899486246,42.9997186920228,43.0243503552201,43.0459787738373,43.0642802415589,43.0793678115825,43.0915580009186,43.1012315546883,43.1087599645756,43.1144723900324,43.1186443198966,43.1214958409493,43.1231925389769,43.123845715562,43.1235109475646,43.1221852887667,43.119803874212,43.1162366461088,43.1112857624516,43.1046844435459,43.0960990849398,43.0851389606177,43.071382219237,43.0544332743563,43.0340343220423,43.0102596335367,42.9838182259331,42.956464488654,42.9314464180914,42.9137889535757,42.9100306133758,42.9269108133131,42.9686846563653,43.0335087811541,43.1106477256408,43.1811895667017,43.2239444301272,43.2246817972649,43.1832844610721,43.1137829399564,43.0372430313845,42.9725268632661,42.9303834427185,42.9127330642663,42.9154554583418,42.9319765275095,42.9559132603355,42.9823543575224,43.0081117276072,43.0314430509442,43.0516178020523,43.0685209518512,43.0823608612489,43.0934817219155,43.1022565464163,43.109033573592,43.1141139286829,43.1177450310149,43.1201201037466,43.1213785767263,43.1216052193285,43.120827700233,43.1190131803602,43.1160647722967,43.1118185820784,43.1060420113704,43.0984345411428,43.0886338857137,43.076233716049,43.0608244355422,43.0420755060524,43.0198848750596,42.9946233684469,42.9674892584337,42.9409432055433,42.9190954575679,42.9077595126719,42.9137218763981,42.9427749331542,42.996500563972,43.0688500687415,43.1448191147181,43.2036518898039,43.2267176371091,43.2062920799183,43.1495176534434,43.0746715906264,43.0024578593861,42.9480495847491,42.9177596228137,42.9102773511423,42.9200451614817,42.9404549558464,42.9658075181639,42.9920458203875,43.0167135624222,43.038584149433,43.0572403938152,43.072730206038,43.0853282357078,43.0953900545551,43.1032728692909,43.1092981453774,43.1137374438159,43.1168089983594,43.1186776563265,43.1194545180195,43.1191950637952,43.1178959634036,43.1154913551024,43.111849450467,43.1067702354764,43.0999852582244,43.0911615433534,43.0799140918745,43.0658356533007,43.0485585719436,43.0278706117631,43.0039116462904,42.9774736296322,42.9503985938928,42.9259988521233,42.909294647475,42.9066964834597,42.9246597796806,42.9670404362379,43.031638511951,43.1076487080011,43.1765508792379,43.2179078764133,43.2181893343558,43.1774726467281,43.1093643436698,43.0342039504583,42.9702784424192,42.9281579575603,42.9099301062692,42.9117891142807,42.9274465583043,42.9506955983879,42.9766906845176,43.002234303923,43.0255379793955,43.0458156909336,43.0629022974374,43.0769668724815,43.088325320909,43.0973312584615,43.1043197873868,43.1095828656958,43.1133610558225,43.1158419890424,43.1171601731012,43.1173957791461,43.1165719418418,43.1146511053349,43.111531294737,43.107043203852,43.1009490700677,43.0929449442307,43.0826696900977,43.0697273606038,43.0537347655925,43.0344126696181,43.0117451474802,42.9862319498956,42.9592426482632,42.9334317324519,42.9130721994186,42.9040119044083,42.9128149627513,42.9446951456257,43.0003422152319,43.072795091851,43.1466250690303,43.2015729419801,43.220371335117,43.1968594958636,43.1390900913324,43.0652041741363,42.9950219776785,42.9427200839847,42.9139717186145,42.9072866366661,42.9172396106062,42.9374671376174,42.9624918193635,42.9884032677422,43.0128177301072,43.0345291314405,43.0531120738558,43.0685944344302,43.0812287448181,43.0913507421038,43.0993012188137,43.1053882203662,43.1098719548021,43.1129605058615,43.1148091858789,43.1155198602916,43.1151389257011,43.1136540205526,43.110990210922,43.1070065923389,43.1014943307216,43.0941775690829,43.0847198577548,43.0727413381882,43.0578562043305,43.0397459022891,43.0182898653331,42.9937785849931,42.9672252945856,42.9407581438923,42.9179959804374,42.9041782086995,42.9056656863272,42.9283809768956,42.97504659164,43.0419112673292,43.1168133601998,43.1809293855125,43.2150950203272,43.2082341223573,43.1628214087934,43.0935825418315,43.0203708985518,42.9600156960777,42.9215928969969,42.9062519314976,42.9098921014476,42.9263600788739,42.9497539435864,42.9755276799713,43.0007034749915,43.0236242608535,43.0435671763909,43.0603871059929,43.0742501582467,43.0854592847024,43.0943521948469,43.1012481917472,43.1064243840221,43.1101072958288,43.1124709446383,43.1136363578181,43.1136702457425,43.1125823083787,43.1103216273483,43.1067730213961,43.1017544184488,43.0950166059025,43.0862476272781,43.0750861026125,43.061151300488,43.0441030057493,43.0237503717795,43.0002333514063,42.974296640254,42.9476524694259,42.9233679014351,42.9061002938208,42.9018551399212,42.916840571282,42.9551376886614,43.015528952508,43.0889065419383,43.1585290197836,43.2047314708821,43.2129236530628,43.1805357983458,43.1182823605207,43.0448496785459,42.9786879590732,42.9318321777278,42.9081571035277,42.9052186339691,42.9174080999238,42.9386255901007,42.9638006663938,42.9893928321392,43.0132840100832,43.0344290451041,43.0524843311199,43.0675090881334,43.0797591933794,43.0895602999545,43.097237807422,43.103082867502,43.1073386460926,43.1101962453414,43.1117939129794,43.1122162528003,43.1114922256698,43.1095919884351,43.1064232740172,43.1018283296936,43.0955827360557,43.087398144129,43.0769325710419,43.0638148461313,43.0476943502725,43.028332950035,43.0057610886507,42.9805194462018,42.9539916238131,42.9287865551242,42.9090357564537,42.9003319648567,42.9089104660353,42.9397198333515,42.9934768867712,43.0637470385055,43.1360967512427,43.191301862291,43.2124942844047,43.192852039099,43.1389647355923,43.0675217027459,42.9976495043879,42.9437681814051,42.9123752606009,42.9028776375472,42.9104836878595,42.9291137145181,42.9533003058664,42.9789930287379,43.0036206193478,43.0258030178162,43.0449799355517,43.0610870546706,43.0743205331798,43.0849854644847,43.0934081682903,43.099890915041,43.1046918233695,43.1080178110966,43.1100229442569,43.1108079055875,43.1104186533679,43.1088438466445,43.1060114804476,43.1017856390668,43.0959646297319,43.0882823750901,43.0784162640282,43.0660071461603,43.0507011318204,43.0322281725285,43.0105376928718,42.986012985854,42.9597755635483,42.9340545714882,42.912518374071,42.9003400176589,42.9036329459928,42.9278723735515,42.9752264578539,43.0415215980963,43.1146131817364,43.1762916774202,43.2083911226951,43.200673597032,43.1557933902623,43.0879470539239,43.0161621926083,42.9566481633059,42.9183040531038,42.9024653053041,42.9053589810335,42.9211178835433,42.9440059017702,42.9695267089614,42.9946761624217,43.017736677052,43.0379199001217,43.0550254480277,43.0691793142511,43.0806585123154,43.0897854293467,43.0968705992992,43.1021854848661,43.1059517818768,43.1083383864363,43.1094607916951,43.1093802716998,43.1081019300081,43.1055717449126,43.1016733517159,43.0962257281699,43.0889835237883,43.0796429035353,43.0678579061866,43.0532758151938,43.035604915224,43.0147333141746,42.990920235948,42.9650746001696,42.9391078484847,42.9162829547755,42.9013694331049,42.9002773544183,42.9187787003461,42.9601245545893,43.0220269322206,43.0944943915043,43.1606503273578,43.2017584886809,43.2049258892945,43.1692089127869,43.106063881806,43.0338269126811,42.9699468611882,42.9254493805179,42.9035944253781,42.9017667580323,42.9144717778761,42.935823621915,42.9609466094475,42.9864305268515,43.0102241903056,43.0313049558225,43.0493273948573,43.0643390838299,43.0765826392486,43.0863722293465,43.0940240251873,43.0998213472426,43.1039998037424,43.1067424331077,43.1081787069639,43.1083840597234,43.1073785225644,43.1051242573693,43.1015225248861,43.0964111234113,43.0895638991066,43.0806949280769,43.0694718271491,43.055545752898,43.0386101215957,43.0185052861503,42.9953899733086,42.9699966051944,42.9439662248337,42.920204538838,42.9031009998038,42.8983193291984,42.911774689662,42.9475285907068,43.004866192416,43.0757772312968,43.1448797995883,43.1933905611491,43.2064011851379,43.1797474153008,43.1220527456229,43.0505232524563,42.9833714481429,42.9334680186348,42.9059488020803,42.8994505718321,42.9089824284508,42.9286142460333,42.9531539595638,42.9788132538981,43.0032140232633,43.0250959311712,43.0439618455051,43.0597743527912,43.0727364494293,43.0831504378578,43.0913358398915,43.0975865393529,43.1021513616142,43.1052270354226,43.1069565193696,43.1074286913304,43.1066774888511,43.1046799530439,43.1013534830773,43.0965531832751,43.0900707548753,43.0816372905552,43.0709339723279,43.0576174476214,43.0413707704141,43.0219958398543,42.9995673988997,42.9746671941591,42.9487006762897,42.9242535477896,42.9053574530266,42.8974064850465,42.9063546767355,42.9368745314112,42.9895775398745,43.0582708532058,43.1291469885482,43.1837542188231,43.2056874240713,43.1879170486711,43.1362172793668,43.0663322839381,42.9968347137953,42.942178854662,42.9093141465236,42.8982004128645,42.9044621651164,42.9222182433627,42.9460166930159,42.9717162453884,42.9966177713716,43.0192201001734,43.0388684364942,43.0554345945455,43.06907742298,43.0800842378204,43.0887759852786,43.095456061761,43.100386011508,43.103776017936,43.1057823160451,43.1065068716438,43.1059969359938,43.1042435868092,43.1011793262586,43.0966754485027,43.0905404701874,43.0825217525063,43.0723139106895,43.0595801011123,43.0439960627993,43.0253316512696,43.0035891150103,42.9792176469494,42.9534118008746,42.9284641669475,42.9080654005717,42.8973245104644,42.902159501216,42.9277060100177,42.9757121974224,43.0416675108528,43.1133870912424,43.1730409567504,43.2031485799022,43.1941227832255,43.1488916038066,43.0814618934066,43.0104148704005,42.9515552622523,42.913591734061,42.8978756609596,42.9007524720296,42.9164762899359,42.939385374409,42.9650054507215,42.9903185606417,43.0135772979248,43.0339621324978,43.0512479765678,43.0655450767999,43.0771228889669,43.0863021346912,43.0933949226853,43.0986752406819,43.102366714047,43.1046388992374,43.1056068045264,43.1053307702644,43.1038154796897,43.1010079308543,43.0967949042356,43.0910010536727,43.0833895247247,43.0736683211195,43.0615078870784,43.0465788598255,43.0286236065025,43.0075799288385,42.983777008435,42.9582153538327,42.9329122723908,42.9112271350022,42.8979689906736,42.8989600896746,42.9196844303956,42.9628809972263,43.025620339416,43.0973880151257,43.1612236685437,43.1989301614055,43.1986224658184,43.1603710461037,43.0961814466257,43.0243129295507,42.9617089493067,42.9188023412293,42.8984197575393,42.897741760499,42.9112456771333,42.9331064573385,42.9585308100877,42.9841782382969,43.008045100881,43.0291370574991,43.0471243345459,43.0620634016708,43.0742028077818,43.0838614982127,43.091359695706,43.0969837856409,43.1009710592885,43.1035046916524,43.1047129710329,43.1046694261232,43.1033922779071,43.1008428036619,43.0969229647643,43.0914732555903,43.084272455054,43.0750421427659,43.063460861605,43.0491960091453,43.0319659814957,43.0116500205991,42.9884660587904,42.9632316904157,42.9376994466934,42.9148998832369,42.8993236492216,42.8966426195008,42.9125920421295,42.9507844950771,43.0097999763677,43.0808580108553,43.1481090318782,43.1929736533518,43.2014986351222,43.1708569197548,43.1107640174844,43.0388112983492,42.9728713584066,42.92508661415,42.8998715491629,42.8953804357609,42.9064145707886,42.927033787978,42.9521347095622,42.9780432591434,43.0024828339258,43.024269249172,43.0429571458945,43.0585423676452,43.0712487873329,43.0813918460437,43.0892993771329,43.09527032498,43.0995561153212,43.1023540969854,43.10380634877,43.1039999827346,43.1029670135064,43.1006831308376,43.0970655399717,43.0919706541155,43.0851930994487,43.0764685456562,43.065484677935,43.051907545011,43.0354347164498,43.0158916787401,42.9933916824322,42.9685768479607,42.9429401509927,42.9191795374116,42.9014433427851,42.8951966686245,42.9063338401245,42.939236575584,42.9939410619718,43.0634841054001,43.1333861099869,43.1850334674552,43.2026358218829,43.180405469042,43.1254296677151,43.0542314213236,42.9853740703878,42.9327054270382,42.9023774554351,42.8936969610223,42.9019168985016,42.9210401612389,42.945659967509,42.9717497471851,42.9967345642437,43.0192183359023,43.0386244386623,43.0548784201493,43.0681742857598,43.0788216905205,43.0871554971693,43.0934875193877,43.0980840243609,43.1011573552375,43.1028641640419,43.1033058208485,43.1025286829028,43.1005232969151,43.0972225057938,43.0924990694805,43.0861640416751,43.0779680740133,43.0676094096082,43.0547549598651,43.0390847833463,43.0203752582935,42.9986407621515,42.9743536756992,42.9487496613449,42.9241858797159,42.9044389197086,42.894704798463,42.9009395412858,42.9281865182083,42.9778867525801,43.0449903349046,43.1166778556369,43.1746982714722,43.2016997720433,43.1888735020094,43.1402812787421,43.0708838368246,42.9996250689258,42.9420405247807,42.9062070101801,42.8928183027152,42.8977510399113,42.9150313915008,42.9389590155974,42.9651287306672,42.9906316138597,43.0138283822379,43.0339887272606,43.0509539865758,43.0648807766478,43.0760696146557,43.0848614763413,43.0915813988194,43.0965114082997,43.0998799294944,43.1018592459351,43.1025659317968,43.102061505736,43.1003520912713,43.0973868512011,43.093055629433,43.0871868278986,43.0795473579145,43.0698478843223,43.0577589162628,43.0429469107721,43.0251444050639,43.0042732461102,42.9806420434221,42.9552309648259,42.9300465590252,42.9084604565676,42.8953300148876,42.8965632181644,42.9177397264092,42.9616352402154,43.0252036297795,43.0976056012677,43.161425758002,43.1981229254977,43.1958582403443,43.1552247877446,43.0890005921175,43.0160728957056,42.953591631149,42.9117718753535,42.8929972612784,42.8940056274935,42.9089659467506,42.931906608872,42.9580131249563,42.9839955503507,43.0079284367322,43.0288962468061,43.0466361196212,43.0612562151907,43.073042769929,43.082341239919,43.0894901103286,43.0947882336926,43.0984814598437,43.1007590407099,43.1017539690705,43.1015439962651,43.1001517848867,43.0975437424374,43.0936277899823,43.0882508864789,43.081197829855,43.0721940250434,43.0609169366986,43.0470242015643,43.0302109945916,43.0103146031865,42.9874878843471,42.9624596051984,42.9368777040917,42.9136753971491,42.8972963126929,42.8934751019299,42.9081724093716,42.9453866529162,43.0041313005017,43.0758771594949,43.1446059770711,43.1911099957945,43.2006374330114,43.1698693401825,43.1086380212487,43.035145432642,42.9679606192602,42.919644508081,42.8946473575877,42.8908954940667,42.9028837453317,42.9244192058577,42.9502487924062,42.9766432032722,43.0013337276737,43.023176025168,43.0417745674811,43.0571727698731,43.0696346201597,43.0795071329899,43.0871420562832,43.092856171543,43.0969143211193,43.0995243390058,43.1008371197799,43.100947959579,43.0998972357804,43.0976697208182,43.0941925981512,43.089332803435,43.0828949144632,43.074621777772,43.064201770498,43.0512894570707,43.0355506792031,43.0167485481,42.9948917567058,42.9704666426216,42.9447603206439,42.9202390647021,42.9008574115746,42.8920379584566,42.8999306097718,42.929581284257,42.9820462812497,43.0514049661533,43.1236714771229,43.179688144073,43.2021292781219,43.1834124635325,43.1295396483174,43.0571450828846,42.9858057634446,42.9305661800331,42.8983821554337,42.8888095039835,42.8969479684736,42.9164850751258,42.9417130228949,42.9683961114027,42.9938490865119,43.0166397645783,43.0361998409032,43.0524841439597,43.0657221145962,43.076257242631,43.0844534903721,43.0906465019811,43.0951218307275,43.0981077683633,43.0997748642222,43.1002375068442,43.0995551551217,43.097732217713,43.0947164486575,43.0903962946097,43.0845981480225,43.0770852318652,43.0675612336682,43.0556842383529,43.0411003453737,43.023511617058,43.0027987129558,42.9792214978343,42.9537137225685,42.9282573606867,42.906250656312,42.8926604971742,42.8936004491216,42.9149116904188,42.9595638375619,43.0244486928306,43.0982680676772,43.162834411134,43.1989100917657,43.1945344856907,43.1509592520517,43.0820807585951,43.0077402432038,42.9454239185424,42.9050485172095,42.8883683272437,42.8915028932589,42.9082098618424,42.9323449843738,42.9590979936446,42.9852771363551,43.0090842008779,43.0297223239971,43.0470231269117,43.0611626791911,43.0724723671844,43.0813257252877,43.088077668868,43.0930361849703,43.0964521171729,43.0985176881827,43.0993681626969,43.0990836264182,43.0976895114799,43.0951555087993,43.0913931220086,43.0862525824083,43.0795204436973,43.070920258582,43.0601207234671,43.0467589870754,43.0304916895257,43.0110922902694,42.9886182394944,42.9636700514192,42.9377453751419,42.913637685972,42.8957242894781,42.8898372160574,42.9022851395362,42.9376782438218,42.9957549214863,43.0684811215658,43.1397097374879,43.1893453731085,43.2013566252808,43.1714699826851,43.1094268578474,43.0341431327249,42.9651625182654,42.9157305008079,42.8904819418867,42.8871471109346,42.8998818110682,42.9221936597186,42.9486452420209,42.9754350985228,43.0002986524876,43.0221342380664,43.0406005490947,43.0557917812778,43.0680131235653,43.077642278558,43.0850527076268,43.0905762805034,43.0944886018883,43.097005828865,43.0982861246706,43.0984319251988,43.0974911704089,43.0954568641751,43.0922650338034,43.0877916098852,43.0818492073161,43.0741855867397,43.0644871143264,43.0523932674297,43.0375325323465,43.0195958779195,42.9984701715939,42.9744566526708,42.9485904094296,42.9230407352482,42.9014899022231,42.889249569652,42.8927155130494,42.9177173038627,42.9666386617489,43.0350742021219,43.1100000658716,43.1718909872513,43.2015509273589,43.1888317738833,43.1378323682668,43.0648588366042,42.990586059368,42.9316822548118,42.8963811890763,42.8848122580841,42.8920570481215,42.9114883335212,42.9370365059738,42.9641855537928,42.9900818475596,43.013217367604,43.033007631827,43.0494224128957,43.0627181048918,43.0732665849728,43.0814569871863,43.0876457332345,43.0921352959645,43.0951681988444,43.096927755714,43.0975406621504,43.097078948622,43.095560297404,43.0929465890466,43.0891410304841,43.0839845839778,43.0772529695393,43.0686566320296,43.0578481975576,43.0444455482106,43.028083969536,43.0085173874389,42.9857941934434,42.9605315307039,42.9342911200107,42.9100010512219,42.892253162184,42.8871418328606,42.9011795132164,42.9389329007588,42.999646844685,43.0743004602399,43.1455793390009,43.1927011849037,43.200046854815,43.1648696591681,43.0988008470483,43.0220078577435,42.9541302901218,42.9075744851232,42.885819287092,42.8856549181342,42.9007324121834,42.9244467488164,42.9514874244274,42.9782735156807,43.0027607934803,43.0240248203959,43.0418486778371,43.0564046272393,43.0680413691989,43.0771570541928,43.0841316673856,43.0892961324454,43.0929217702018,43.0952194775817,43.0963423074407,43.0963880781666,43.0954005166631,43.0933685397874,43.0902238705575,43.0858375202301,43.0800160321646,43.0724991303191,43.0629619751161,43.0510280855604,43.0363035541225,43.0184494677865,42.9973162740667,42.9731673212714,42.9470101000768,42.9210168968176,42.8989305960546,42.8862046458653,42.8894549594057,42.9147484931084,42.9645867979474,43.0343918354085,43.1106007984787,43.1729562165765,43.2017608945637,43.1870015046193,43.133565211085,43.0587546750064,42.9838867234501,42.9256571292957,42.8918567628402,42.8820327390668,42.8908095120923,42.9113259616204,42.9374721160224,42.9648067070427,42.990593969998,43.0134413318701,43.0328566546627,43.0488743918373,43.0617913818486,43.0720018373964,43.0799052121036,43.0858611778837,43.090171925444,43.09307840658,43.0947622816891,43.0953489813149,43.094909676402,43.0934613949288,43.0909653052768,43.0873235660715,43.0823753909502,43.0758934213572,43.0675825440929,43.0570854095869,43.0440025929319,43.0279409001266,43.0086103709451,42.9859968931175,42.9606371167844,42.9340033716725,42.9089489903315,42.8900481903184,42.8834924918832,42.8960561403461,42.9327263440141,42.9932092413405,43.0687490459311,43.1418556603079,43.1910904692835,43.1999953828982,43.1652848495887,43.0986454473154,43.0207699421781,42.9519003388701,42.9047982325548,42.8829786456048,42.8830678631508,42.8985091834206,42.9225432158429,42.9497844099298,42.9766401556231,43.0010901663189,43.0222464587921,43.0399271161471,43.0543318224877,43.0658279750945,43.0748250499926,43.0817092061597,43.0868145560023,43.090414306435,43.092721004189,43.0938896139319,43.0940202067895,43.09315894959,43.0912971666268,43.0883687643403,43.0842465308627,43.0787380520848,43.0715825976584,43.0624517766351,43.0509595515743,43.036691792092,43.019272051959,42.9984876946903,42.9745053537061,42.9481985808909,42.9215776493641,42.8982296550925,42.8835305145285,42.8842068128778,42.9067377730974,42.9543682780676,43.0234236301597,43.1009905589428,43.1667221857481,43.1999135905406,43.1890308634052,43.1377280461276,43.0629687482252,42.9866121503698,42.9262775702921,42.8905333208458,42.8793172625236,42.8873001254721,42.9074829711437,42.9335758929499,42.9609914182203,42.9869018855857,43.0098690992301,43.0293853209766,43.0454850553853,43.0584713284002,43.0687456349009,43.0767138390815,43.0827408989351,43.0871336258664,43.0901374796937,43.0919388580871,43.0926682146173,43.0924018724424,43.0911619097155,43.0889142641276,43.085565504111,43.0809588326457,43.0748701739224,43.0670060664606,43.057007043039,43.0444637348009,43.0289584676362,43.0101524079936,42.9879455568707,42.9627388235013,42.9358126672075,42.9097861069517,42.8890105382549,42.8795802275331,42.8884692503696,42.9213283630113,42.979006613532,43.0540597572111,43.1298173323873,43.1844833737861,43.1999353912799,43.1706509289465,43.1066806439355,43.0284248722352,42.9570191174542,42.9065604810272,42.8816490229525,42.8794606815667,42.8935244663014,42.9169120024533,42.9439968349961,42.97097520919,42.9956790099654,43.0171321124766,43.0351075690705,43.0497864258883,43.0615315403716,43.0707544431534,43.0778460660837,43.0831463785673,43.0869350213763,43.0894314374645,43.0907978404685,43.0911416754184,43.0905163092241,43.088919843645,43.0862924444526,43.0825127068885,43.0773936546504,43.0706793925426,43.0620446708423,43.0511021945556,43.0374269141674,43.0206129743242,43.000386767184,42.9768056907674,42.9505692967711,42.9234428732938,42.8987210330764,42.8815208491734,42.878505829215,42.8965150292469,42.939763002086,43.0060916716701,43.0841372125841,43.1542416023972,43.19479074934,43.1918738450323,43.1464509592088,43.0738753660841,42.9960986727951,42.9320783090546,42.8920105735202,42.8770238295835,42.8823238145833,42.9009366816773,42.9263396282125,42.9536521523538,42.9797967823908,43.003159965181,43.0231267974357,43.0396741167485,43.0530784307186,43.0637322981187,43.0720417281592,43.0783762466544,43.0830494054814,43.0863145815308,43.0883667667924,43.0893452889294,43.0893352103491,43.0883668349211,43.0864135888113,43.0833888096341,43.0791419825181,43.0734550718742,43.0660402563854,43.0565420889104,43.0445504010636,43.0296355693618,43.0114249864103,42.9897473121468,42.9648748394141,42.9378839759146,42.9111113893371,42.8885854315941,42.8761479198032,42.8807963184551,42.9087400714723,42.9620814130513,43.0351273402634,43.1127339604319,43.1733885626872,43.1974148306839,43.1764164260097,43.1177202893115,43.0405181970385,42.9665484053996,42.9115709896966,42.8818834432441,42.8757647885501,42.8871562785084,42.9090620417758,42.935571786679,42.9625668814196,42.9876219151304,43.0095830152391,43.0281147322525,43.0433390790458,43.0555910718961,43.0652723245882,43.0727734592463,43.0784390942996,43.0825561041182,43.0853525570812,43.0869999725454,43.0876152031853,43.0872605953878,43.0859423928854,43.0836078994692,43.0801419941811,43.0753635401945,43.0690224628339,43.0607992787302,43.0503111675911,43.037132792856,43.0208462620711,43.001142361371,42.9780020448718,42.9519866213854,42.9246439302201,42.8989750309844,42.879780065547,42.8735187130559,42.887169675879,42.9256859106706,42.9883320302119,43.0655048285304,43.1387848806983,43.1863000926729,43.1920909734912,43.1541531026721,43.0855097076932,43.0074958499375,42.9400869531323,42.895224201462,42.8755775442154,42.8772403230229,42.8934920698935,42.9176670155365,42.9445856711019,42.9708689717439,42.9946658607192,43.0151999409482,43.0323498577409,43.046338423642,43.0575325219309,43.0663287684212,43.0730962433803,43.0781528491601,43.0817588985546,43.0841176893617,43.0853774159514,43.0856318930038,43.0849194800665,43.0832205660115,43.0804542721756,43.0764749774106,43.0710692439012,43.0639541910617,43.0547798458278,43.0431410241699,43.0286092972765,43.0108025655326,42.9895175114086,42.9649548149599,42.93805943411,42.9109618875866,42.8874187281313,42.8729971052202,42.8745636270459,42.8985673894349,42.9479345079869,43.0183721832872,43.0962612276729,43.1608760289558,43.191820760801,43.1785118050806,43.1256683839664,43.0508095819516,42.9756048608365,42.9169993675854,42.8828563754288,42.8726836311734,42.8810496227423,42.9010746587944,42.9266733955696,42.9534535058114,42.9787308493967,43.0011528893848,43.0202502335227,43.0360632733298,43.0488818631361,43.0590854920102,43.0670562332124,43.0731378046688,43.0776204131368,43.0807377912284,43.0826683207505,43.0835360965069,43.0834103911161,43.0823034851761,43.0801674850116,43.0768908480955,43.0722952248968,43.066133336123,43.0580894370677,43.0477860146892,43.0348042198265,43.0187314274577,42.9992567956377,42.9763425310612,42.9504988361878,42.9231720155708,42.8971982870636,42.8771594226043,42.8693025137875,42.8805320893755,42.9160578225257,42.9758865553585,43.0515723546454,43.1258172686047,43.1771180811127,43.1886354132814,43.1564808384509,43.0917439131088,43.0147560128982,42.9457300959653,42.897664444248,42.8744245233711,42.8729637416454,42.8869581289861,42.9097771388259,42.9360834594065,42.9622824635464,42.9863258589935,43.00728689501,43.0249422468161,43.0394515557005,43.0511457177233,43.0604027854053,43.0675837722885,43.0730045970893,43.0769270504196,43.0795578316378,43.0810494739114,43.0815003138008,43.0809527708777,43.0793903224406,43.0767339457567,43.0728387659418,43.0674915821391,43.0604103198601,43.0512478026244,43.039605085318,43.0250643591946,43.0072581065365,42.9859985778586,42.9614960207484,42.9346867891467,42.9076578329005,42.8840708434236,42.8693441609601,42.8701750212873,42.8929142718073,42.9406050653543,43.0094106426035,43.086466926554,43.1517856675228,43.1851945556374,43.1755035917923,43.1262001632667,43.0535956037866,42.9787853959485,42.9189244087252,42.8825719059737,42.8699912633714,42.8762854833466,42.8948194266318,42.919528333169,42.9459193886803,42.9711696440605,42.9937969483465,43.0132304224138,43.0294392559398,43.042667218121,43.0532659050588,43.0616015656947,43.0680096226546,43.0727764916118,43.0761347274193,43.0782629706128,43.0792862117932,43.0792746261778,43.0782408678694,43.0761364862595,43.0728483061539,43.0681955417164,43.0619285224648,43.0537307026655,43.0432276440749,43.0300103948859,43.0136863634734,42.9939778765252,42.9708947855001,42.9450067680176,42.9178213993449,42.8922168892045,42.8727645937707,42.865611058835,42.8774507877697,42.9132112674524,42.9726701054702,43.0473915576107,43.1204512464991,43.1709792675964,43.1826695279458,43.151684934507,43.0886129387543,43.0130484826543,42.9446702543472,42.8963672765754,42.8722470572895,42.8696374822281,42.8825356141296,42.90449893121,42.9302517522972,42.9561783303121,42.9801710043622,43.0012359684144,43.0190909097111,43.033849909383,43.0458114403455,43.0553316801085,43.0627573126313,43.0683949005862,43.0724999513085,43.0752746650746,43.076868010324,43.0773751000554,43.0768350044571,43.0752273384701,43.0724684469834,43.0684080695274,43.0628273802389,43.0554397338106,43.0458968304067,43.0338058640676,43.0187679100111,43.0004542058085,42.9787436916635,42.9539480831733,42.9271408862695,42.9005685528207,42.8780357366693,42.8650135978054,42.868059990207,42.8931052256626,42.942501513731,43.0116563546039,43.0872838113479,43.1496931409687,43.1797563681312,43.1675784857974,43.1174651892266,43.0456691380679,42.9725506628873,42.9143985265847,42.8792126695795,42.8671149947593,42.8733535779347,42.8915366454953,42.9158125016389,42.9418227504452,42.9668042107025,42.989283774436,43.0086730356017,43.0249141242647,43.0382237131942,43.0489302869133,43.0573817890504,43.0638994590607,43.0687584987013,43.072182125833,43.0743406860427,43.0753513455292,43.0752765384037,43.0741209738664,43.0718278376039,43.0682751008454,43.0632729066575,43.0565632527298,43.0478241273419,43.0366824058414,43.0227436263276,43.005652349974,42.9852033845654,42.9615288843219,42.9353825306576,42.9085170362303,42.8840868712603,42.8668894202646,42.8631002138701,42.8790558809111,42.9188019351712,42.9807967127938,43.055306785527,43.1248781270325,43.1694622136779,43.1747729034171,43.1392012283244,43.0745971474924,43.0003626291937,42.934963946736,42.8899083141629,42.868372151239,42.8673526806479,42.8809453270595,42.902987973385,42.9284903073914,42.9540475414245,42.9776768702208,42.9984420159854,43.0160757690145,43.0306851387509,43.0425524672484,43.0520158192997,43.0594048172711,43.0650107694636,43.0690754544541,43.071788289246,43.0732858864591,43.0736510852974,43.0729105670165,43.0710313358382,43.0679168850999,43.0634040560398,43.0572617964078,43.0491936878961,43.0388477419187,43.0258400445069,43.009803627613,42.9904800671061,42.9678768210533,42.9425131899308,42.9157618653515,42.8902452456226,42.8701489376774,42.8611702900802,42.8696873315832,42.9007774956087,42.9551805176308,43.0262883639284,43.0992947613781,43.1545581104572,43.1750121577068,43.1540395531664,43.0987615616102,43.0264235187107,42.9564363633817,42.9031470874707,42.8727485129364,42.864305458616,42.8727809437437,42.8919845595225,42.9164457593107,42.942170818124,42.9666644645277,42.988617340874,43.0075240206514,43.0233575323334,43.0363365281905,43.0467778265801,43.0550126633498,43.0613445856097,43.0660315312131,43.0692800179523,43.0712439540742,43.0720240226224,43.0716659616138,43.0701575427384,43.0674248503641,43.0633288250683,43.05766327632,43.0501560879594,43.0404766110116,43.0282547478718,43.0131213317292,42.9947849704177,42.9731662362285,42.9486121270271,42.9222039266994,42.8961360277847,42.874064754123,42.8611977881466,42.8637525095993,42.8873807238606,42.9344606820252,43.0009712401139,43.0747520336193,43.137360146103,43.170264720538,43.1629300316207,43.1179509489626,43.0497099644395,42.9775149435571,42.9177766593101,42.879442075907,42.863775462282,42.8668922089508,42.8828342781157,42.9058191367681,42.9313439323657,42.9564222696062,42.9793635265999,42.9994055487732,43.0163685723524,43.0303924557461,43.0417621659492,43.0508038079334,43.0578291690208,43.0631099616675,43.0668680939694,43.0692730747405,43.0704413944517,43.0704353850405,43.0692608113303,43.0668634832092,43.0631257233079,43.0578638549789,43.0508283435374,43.0417092627229,43.0301518404432,43.0157903598758,42.9983137025092,42.977581433627,42.9538126277312,42.9278639710884,42.9015870723496,42.8781909883361,42.8624234073592,42.8602426028468,42.8775764500475,42.9179489569213,42.9794065735289,43.0522186799825,43.1195296111772,43.1623015320958,43.1671180802966,43.1325431129199,43.0698048911288,42.9973298017468,42.9328462303271,42.8876666794075,42.8652327218243,42.8629907689299,42.8754296802422,42.8966179018162,42.9216364774289,42.9470464041264,42.9707821736107,42.9918166159296,43.0098046668374,43.0247957144622,43.0370338521544,43.0468338656098,43.0545118965407,43.0603510913491,43.0645872113374,43.0674040297838,43.0689323066823,43.0692490411346,43.0683756802128,43.0662752051995,43.0628487323661,43.0579327031484,43.0512982110857,43.0426549119502,43.0316637361979,43.0179656837593,43.0012384914502,42.9812983453341,42.9582678076536,42.9328282912453,42.9065554055097,42.8822831065828,42.8643442769915,42.8584001216299,42.8704689394894,42.9048627322789,42.9612530080331,43.0320433251014,43.1020934315629,43.152497098172,43.1678286630575,43.1432209095818,43.0867431565526,43.0154273777766,42.9476831296621,42.8967610203145,42.8681547982866,42.8607269901436,42.8695728201129,42.8887546673118,42.9130312429589,42.9385585598706,42.9629128874627,42.9848022044976,43.0037095603193,43.0195858845004,43.0326274129112,43.0431323924033,43.0514178109323,43.05777604987,43.0624553256899,43.065652597429,43.06751175764,43.0681230454498,43.067521795797,43.0656860562305,43.0625334686255,43.0579183574507,43.0516304707022,43.0433976387998,43.0328961685238,43.0197754889515,43.0037076477547,42.9844773627621,42.9621327088283,42.9372156477775,42.9110765305039,42.8862334332324,42.8666512198373,42.8576881472936,42.8653417002539,42.894461065474,42.9459916206345,43.0141740849792,43.085566795798,43.1417917982628,43.1660909420181,43.1507503029419,43.1008372460874,43.0316892819166,42.9618968528419,42.9062430723076,42.8720969524902,42.8597539778551,42.8650242220091,42.8820805396076,42.9054450637641,42.9309182665689,42.9557402937035,42.9783601466349,42.9980870399394,43.0147687284714,43.0285486726149,43.0397045246214,43.0485511877575,43.0553883436875,43.0604754283211,43.0640217075775,43.0661833745591,43.0670628953995,43.0667081797251,43.0651107198225,43.0622028369721,43.0578548142142,43.0518732410873,43.0440026707678,43.0339340825034,43.0213260596294,43.0058483151261,42.9872620286103,42.9655560290251,42.941158392833,42.9152317210464,42.8900244071476,42.8691748023461,42.8577468315736,42.8616522675116,42.8861053492102,42.9330591648051,42.9983312932034,43.0700970581898,43.1307405546259,43.1626723373819,43.1558398807429,43.112530372342,43.0462314579887,42.9753404306878,42.9158210225218,42.8767296974699,42.8597721391098,42.8615429601586,42.8764163307792,42.8987510788182,42.9240379733761,42.9492040945349,42.9724479965725,42.9929059427013,43.0103201581264,43.0247781255991,43.0365339649236,43.0458982214557,43.0531763021693,43.0586378404357,43.0625037196561,43.0649418459959,43.0660662323096,43.065936462403,43.0645563069267,43.0618713674121,43.0577663498916,43.0520631576717,43.0445217422023,43.0348469242597,43.0227065899455,43.0077700860086,42.9897802153023,42.9686768980705,42.9447921497154,42.9191276970921,42.8936966036357,42.8718439761146,42.8583520973217,42.8590090550226,42.8792768595854,42.9219209060995,42.9841262125073,43.0555889881864,43.1195920106214,43.1580782197147,43.1590685708472,43.1222922887672,43.0593121618393,42.9880556082474,42.9253776855835,42.8818508505043,42.8605546116495,42.8589147406282,42.8715774724447,42.892798444767,42.9177976864713,42.9432096481039,42.9669907256628,42.9881059595563,43.0061908580501,43.0212748222085,43.0335863690328,43.0434300224067,43.0511157362722,43.0569225801677,43.0610825724127,43.0637749659345,43.065124918083,43.0652031340071,43.0640248997778,43.0615481253471,43.057670815397,43.0522290119015,43.0449969843966,43.0356926224163,43.023992990993,43.0095681725925,42.9921458618695,42.9716238837531,42.9482502087411,42.9228841488803,42.8973275335459,42.8746563688448,42.859382091478,42.8571449942137,42.8735738168442,42.9121057600489,42.9711358647946,43.0417994350206,43.1083668275845,43.1525813351927,43.1608579074557,43.1305536367721,43.0712597744849,43.0002186845459,42.9349434458634,42.8873819990866,42.861958352944,42.8569691412326,42.8673917635459,42.8874278058488,42.9120573359975,42.9376374421484,42.9618879060532,42.9836031731953,43.0023107073398,43.017980046685,43.0308125071579,43.0411053807204,43.0491723585148,43.0553014680659,43.0597356108315,43.0626652423268,43.0642265130954,43.0645009977941,43.063515087964,43.0612384201289,43.0575815738672,43.0523939327446,43.0454633183602,43.0365201049112,43.0252503671732,43.011325550079,42.9944602757916,42.9745146148036,42.951660217544,42.9266258855533,42.9010177014995,42.8776577640025,42.860792275235,42.8558947448116,42.868701647679,42.9032214565019,42.9589483511191,43.0284038871688,43.096922289595,43.1462582829028,43.1614671572628,43.1376668372736,43.0824200357177,43.0120944368198,42.9446677384404,42.8933582161581,42.8639269942631,42.8555893907762,42.863711301378,42.8824826248657,42.9066663556561,42.9323507284303,42.9570196523094,42.9792946940336,42.9985924761745,43.0148203584178,43.0281508407408,43.0388729889773,43.0473037052717,43.0537397716823,43.0584349686647,43.0615910436488,43.0633552321716,43.0638199999137,43.0630227475309,43.0609446074226,43.0575083854635,43.052576387235,43.04594957038,43.037370486872,43.0265341775482,43.0131139073355,42.9968125518609,42.9774551385317,42.9551416754638,42.9304774064188,42.9048811612213,42.8809281155773,42.8625979940576,42.8551777527668,42.8644637327183,42.8949616305134,42.9471915729979,43.0150429003252,43.0850014932829,43.1390217989202,43.160995906263,43.1438807887081,43.0931166746448,43.0239988141329,42.954793930014,42.8999171828622,42.8664909554823,42.8547186861291,42.8604210506263,42.8778176134013,42.9014709081161,42.927201297981,42.9522510953062,42.9750621114431,42.9949345306136,43.011709771518,43.0255293310401,43.0366729734841,43.045460437876,43.0521972939996,43.0571484485442,43.060527275955,43.0624924341998,43.0631475612065,43.0625412563664,43.0606662344847,43.0574575243645,43.0527902968842,43.0464785929123,43.0382771705353,43.0278902487371,43.0149934490256,42.9992789534183,42.9805385450404,42.9588033034084,42.934558370532,42.9090384335405,42.884571642185,42.8648625432929,42.8549869837942,42.8607557797957,42.8871119755985,42.9355551901985,43.0013573931591,43.0722710806767,43.1306456142196,43.1593852033219,43.1493189371937,43.1036175350305,43.03626698965,42.9656383346147,42.9072909868854,42.8697689005786,42.8543667543978,42.8574468482146,42.8733060854806,42.8963197841337,42.9220338746343,42.9474355364972,42.9707737411715,42.9912224615162,43.0085509781517,43.0228663973044,43.0344376692606,43.0435869736485,43.0506288716043,43.0558398832415,43.0594455989115,43.0616166884795,43.0624684977724,43.062061281736,43.0603997129657,43.0574313546147,43.0530445263185,43.0470666599719,43.0392651179918,43.0293538640106,43.017011697574,43.0019212659576,42.9838426355342,42.9627397049876,42.9389788733425,42.91361008984,42.8887087688669,42.8676883773286,42.8553817470428,42.857564264602,42.8795590364777,42.9238125895468,42.9870210976609,43.0583542076855,43.1207840351923,43.1564139055767,43.1539534976358,43.1140982540347,43.0492209369474,42.9775709157847,42.9158012058524,42.8739729966903,42.8546197120193,42.8547656211351,42.8688483498202,42.8910703843804,42.9166899580044,42.9424167115034,42.9662858525964,42.9873296909931,43.0052356118215,43.0200710036084,43.0320916189349,43.0416214342185,43.0489842784885,43.0544689837916,43.0583141999645,43.0607034565891,43.0617645963576,43.0615702404966,43.0601376591484,43.0574275453088,43.0533419620082,43.047722384491,43.0403495608861,43.0309481891591,43.0192015196757,43.0047842595046,42.98742660002,42.9670269919168,42.9438337554748,42.9187096210567,42.8934678562368,42.8712088699255,42.8564820240289,42.8549673684972,42.8723023604161,42.9118468143281,42.9717771217881,43.0428668425681,43.1089924537748,43.1516918782405,43.1575722296779,43.1245964018118,43.0631290329473,42.99099239988,42.9258552446812,42.879418690164,42.8556554715394,42.8524204663314,42.8643834780223,42.885596530409,42.9110122710542,42.9370308509365,42.9614432448024,42.983117231869,43.0016436217676,43.0170418970876,43.0295508008521,43.0394949140112,43.0472075422432,43.0529906880956,43.0570971500553,43.0597244274652,43.0610139027141,43.0610515177232,43.0598680218471,43.0574380853929,43.0536783846382,43.0484454044115,43.0415344325105,43.0326823478804,43.0215786947574,43.0078925401058,42.991326875515,42.9717173199445,42.9491954974756,42.924434543574,42.8989748619791,42.8755778789707,42.85846087945,42.8531350310965,42.8654679619575,42.8996813483213,42.9554835961215,43.0254660576069,43.0947586129569,43.1446570967648,43.1597388430611,43.134950869648,43.0781489667558,43.0062994822305,42.9379387179016,42.8865374689105,42.8577658673005,42.8505430431423,42.8599070609798,42.8798002843642,42.9048513834165,42.9311095563489,42.956079774669,42.9784329290424,42.9976419233213,43.0136660734883,43.0267211195359,43.0371300851525,43.0452356855104,43.0513540265464,43.0557533657312,43.0586465434752,43.0601897794292,43.0604835261098,43.0595731143041,43.0574482567793,43.054041344133,43.0492251036063,43.0428108498905,43.0345495356911,43.0241394667893,43.0112472585185,42.9955526245021,42.976832644492,42.9551057090729,42.9308551968483,42.9053395097024,42.8809544799363,42.8615309405146,42.852323013783,42.8593179927882,42.8875126830336,42.9381699103461,43.0059180552152,43.0775575258781,43.1345901550658,43.159755084024,43.1447254606068,43.0942451026004,43.0238264247573,42.9525943258738,42.8958876304749,42.8613847962864,42.8493852069296,42.8554978443442,42.8736305472343,42.8980766879763,42.92448500457,42.9500197980159,42.9731107500966,42.9930826385419,43.0098166348493,43.0234962418447,43.0344391818807,43.0429969190575,43.0495005274949,43.054235205005,43.0574307557032,43.059259788834,43.0598386868038,43.0592286649156,43.0574357253927,43.0544092537593,43.0500396541167,43.0441560164754,43.0365256406606,43.026858655475,43.014823359801,43.0000816024457,42.9823584836191,42.9615658770152,42.9380015130622,42.9126374439869,42.8874809666806,42.8659210241122,42.8528546397152,42.8542482971223,42.8757363289639,42.9200989479366,42.9841894923095,43.0569438130874,43.1206666715906,43.1566429841587,43.1531243567336,43.1110745119686,43.0437485830213,42.9703719118448,42.9081525124577,42.8671180562194,42.8493603116614,42.8513560913149,42.8671118650581,42.8905947430415,42.9169997389357,42.9430820545959,42.9669710908901,42.9878015045998,43.0053503713834,43.0197549656186,43.031321470214,43.0404083500445,43.0473622068676,43.0524867358978,43.0560305515305,43.0581844563143,43.0590824076851,43.0588029933671,43.0573698993433,43.0547509099969,43.0508556624734,43.0455329275585,43.0385688812668,43.0296889993071,43.018568244654,43.0048575130706,42.9882390180801,42.9685288714281,42.9458492393289,42.9208894193481,42.8952539892535,42.8718404764775,42.8550841356547,42.8507632500252,42.8649519827688,42.9018213867792,42.9605558582772,43.032690242748,43.1020725079972,43.1491791196047,43.1589229434061,43.1278460917746,43.0659343153502,42.9917282278664,42.9241073120495,42.8757638768932,42.8510909090959,42.8478553652993,42.8603872196908,42.8823789442871,42.9085243263998,42.9350883844192,42.9598237005244,42.9816174726446,43.0001056985449,43.0153585045918,43.0276604376813,43.0373733535308,43.0448592409599,43.0504417504229,43.0543903154526,43.0569159736598,43.0581721267107,43.0582563976248,43.0572116693183,43.0550255982908,43.0516286461787,43.0468911997888,43.040620919307,43.0325623823927,43.0224027653448,43.0097901417083,42.9943752930537,42.9758935365696,42.9543084968718,42.9300407375526,42.9042916970215,42.8794323460315,42.8593386583664,42.849418115185,42.8559294326777,42.8841970527616,42.9357039304293,43.004965452508,43.0782015859332,43.1360240483559,43.1604606554423,43.1431795997771,43.0897425542454,43.0168523900803,42.9445253832565,42.8883021611713,42.8554518463129,42.8456056386593,42.8537776742677,42.8735151058122,42.8989873063898,42.9258808107672,42.9514757728572,42.9743352236085,42.9939020802218,43.0101484207111,43.0233211779745,43.0337789215685,43.0418975365167,43.0480216745752,43.0524436324515,43.0553969247133,43.0570564856374,43.0575408088207,43.0569135892274,43.0551838557269,43.0523044421117,43.0481691850122,43.0426097108382,43.0353933806035,43.026225271704,43.0147594206556,43.0006283347456,42.9835051187575,42.9632186675239,42.9399463485954,42.9145035186241,42.888722125874,42.8658431642626,42.8507258385029,42.8495191183618,42.8683509370993,42.9107848518473,42.9745142934901,43.0489313824503,43.1159868312488,43.1557658536227,43.1550284176216,43.113793048765,43.0454031916942,42.9699877088434,42.9058157363955,42.8635841549384,42.8455168801327,42.8478577560527,42.8642666950232,42.8884225782614,42.9153517534229,42.941748960358,42.9657533227403,42.9865428236032,43.0039464853406,43.0181488413603,43.0294935893003,43.0383666182142,43.0451336728383,43.0501117456359,43.0535591787183,43.0556747250927,43.05659975744,43.0564204972342,43.0551688514454,43.0528214750355,43.0492972783416,43.0444540168166,43.038085118952,43.0299188755463,43.0196239533206,43.0068283620195,42.9911638142971,42.9723536221779,42.9503681276687,42.9256722695672,42.8995749510175,42.8746424376725,42.8550389480393,42.8465050666107,42.8555372823821,42.8873614858621,42.9427672763053,43.014920657832,43.0884276508909,43.1428850958404,43.1607717362143,43.1357909026928,43.0761816424038,43.0005676393886,42.9292944567788,42.8768359333103,42.8488361250073,42.8435355794513,42.8551590312826,42.8770383400267,42.9034927411579,42.9305102221608,42.9556819074341,42.9778241218553,42.9965585237879,43.0119696047978,43.0243669732263,43.0341385799327,43.0416694904764,43.0473025614372,43.0513232257306,43.0539564728688,43.055368726655,43.0556705561081,43.0549182603121,43.053113648171,43.0502020586765,43.0460690844985,43.0405368398137,43.0333612779797,43.024233419193,43.012789859272,42.9986420343471,42.9814395389362,42.9609894916407,42.9374583830469,42.9116775031557,42.8855437985282,42.8624347805815,42.8474238082475,42.8469127432952,42.867206916112,42.9117838794293,42.9778097187084,43.0537186886679,43.1204366718624,43.1575949809334,43.1525542364708,43.1068374395373,43.035407694425,42.9592792759335,42.8965690105834,42.857107853152,42.8421081971845,42.8470705757743,42.8653064690164,42.8904654169389,42.9177216352022,42.9439746909284,42.9675542226044,42.9877851901555,43.0045963409612,43.0182325244962,43.0290692860386,43.0375059184488,43.0439108619711,43.0485984352064,43.0518222538017,43.053776078779,43.0545967542169,43.054366512299,43.0531135529496,43.050810734825,43.0473727002854,43.0426520585108,43.0364356721465,43.0284430106545,43.018330402554,43.0057083268084,42.9901839874135,42.971448105004,42.9494314020293,42.9245576484544,42.8981056588082,42.8726443022061,42.8524014651789,42.8432663114781,42.8519638083545,42.8839624375773,42.940168812601,43.0135771206237,43.0882789249076,43.143205627291,43.1604227292495,43.1338058233557,43.0723031292329,42.9953561183136,42.9237754476488,42.8719866400708,42.8452365730372,42.8412989151359,42.8540586016334,42.8766922666058,42.9035118115568,42.9305795832906,42.9555869808121,42.9774432702017,42.99584182416,43.0109156745619,43.0230034824115,43.0325081496119,43.0398206960745,43.0452849751687,43.0491852633352,43.0517449218875,43.053129063603,43.0534474315519,43.0527557981944,43.0510554284198,43.048290791757,43.0443460135848,43.0390408093337,43.0321271994319,43.0232895857776,43.0121532774043,42.9983107567262,42.9813810668383,42.9611249374518,42.937643675122,42.9116860225937,42.8850598337358,42.8610733946606,42.8447967554887,42.8427541165718,42.8615452443391,42.905095253842,42.9710325611399,43.0480183805155,43.1167403116406,43.156129705995,43.1527182508634,43.1075367499962,43.0356300556758,42.958509983818,42.8948380636292,42.8547630424907,42.8395418220215,42.8445533778098,42.862950498372,42.8882638491839,42.9156085434334,42.9418725957483,42.9654007429913,42.9855424119532,43.002249812633,43.0157857669455,43.0265375641106,43.0349111577055,43.0412783377925,43.0459551352355,43.0491964633393,43.0511976363509,43.0520974846392,43.0519805006985,43.0508771134475,43.0487620907074,43.0455514733808,43.0410986243556,43.0351902567193,43.0275440904447,43.0178115514694,43.0055921854093,42.990471614129,42.9721018150042,42.9503497375185,42.9255431502735,42.8988308350785,42.8726298405023,42.8510330220384,42.8398870372881,42.8460751125496,42.8755233092474,42.929891792806,43.0030134520956,43.0794792166922,43.1379538353201,43.159406066486,43.136270889065,43.0764677712818,42.9992858234081,42.9261370227914,42.8723069074071,42.8437154289543,42.8384535478025,42.8504307891607,42.8726999176514,42.8994183331689,42.9265233758534,42.9516262531171,42.9735938632503,42.9921019252003,43.0072790884823,43.0194653582984,43.0290667127447,43.036477409046,43.0420444509948,43.0460554381484,43.0487374955002,43.0502599871581,43.0507371955953,43.0502293769912,43.0487418884258,43.0462226972297,43.0425587952357,43.037572157574,43.0310162806295,43.0225754577268,43.0118713162539,42.9984852451237,42.9820114439638,42.9621628645116,42.9389586863319,42.9130203947743,42.8859803996237,42.8609413110358,42.842795017799,42.838028016917,42.8534998355635,42.8938226638363,42.9576994033155,43.0349025525535,43.1066459183887,43.1512676924157,43.1536418131211,43.1128608832913,43.0427549041759,42.9648289138728,42.8986589730231,42.8555541598356,42.8376407111494,42.8407014494484,42.857922944722,42.8826793491575,42.9098828253007,42.936247722727,42.9599973729708,42.9804075561885,42.9973910898574,43.0111925510642,43.0221926339866,43.0307965903101,43.03737841871,43.0422579548494,43.045694989424,43.0478904916094,43.0489893857508,43.0490822658131,43.0482052328416,43.0463379904532,43.043400699797,43.0392501689433,43.0336760811131,43.0263985751023,43.017070073565,43.0052873369242,42.9906247369213,42.9727066916981,42.951344833055,42.9267696885578,42.8999780250973,42.8731784136426,42.850226182854,42.8367817247675,42.8397416746826,42.8654352343747,42.9164390072527,42.9878881809587,43.0655487305384,43.1283789841541,43.1562767763255,43.1395592595101,43.0840438622424,43.0079911697425,42.9331571525927,42.8760322848246,42.8438302156495,42.8355184701389,42.8453623802875,42.8663944963298,42.8925738473059,42.9196058039326,42.9449077504998,42.9672106283252,42.9861058301717,43.0016749761565,43.0142347292299,43.02418146871,43.0319073837516,43.0377615004259,43.0420357818024,43.0449631455545,43.0467195617875,43.0474261599368,43.0471497197598,43.0459013345246,43.0436336836417,43.0402375141827,43.0355379308849,43.0292913289177,43.0211847433979,43.0108415580035,42.9978414202736,42.9817681476718,42.9623069484242,42.9394191641479,42.9136228764893,42.8863885331296,42.8605999549543,42.840911104596,42.8336505786847,42.8457700750998,42.8824181398894,42.9433564842989,43.0197035037466,43.0936769310473,43.1435236161603,43.1526442074426,43.1178698587644,43.0511494057671,42.9733744524776,42.9047993747582,42.8580479699642,42.8364676901109,42.8365829142558,42.8518261758875,42.8754930473719,42.9022790922124,42.9286685349045,42.9526983190658,42.9735145225361,42.990949024979,43.0052004469208,43.0166259625442,43.0256206507932,43.0325559469097,43.0377534451824,43.0414772153229,43.0439339640199,43.0452750311445,43.0455974073165,43.0449429526565,43.0432960533597,43.0405803384628,43.0366550941602,43.0313120247956,43.0242734627152,43.015194532565,43.0036746612339,42.9892886318917,42.9716541471158,42.9505604938435,42.9261876850217,42.8994387185404,42.8723733197779,42.8486475467412,42.8337150544941,42.8343629542161,42.8570754177554,42.9050158096132,42.9743543817645,43.0520322546246,43.1176877090774,43.1507888027782,43.1400653615144,43.0893217133457,43.0154218360593,42.9399297677794,42.8801593102243,42.8445189247482,42.8329666952111,42.8403112912684,42.8597236268098,42.885056371375,42.9118149085236,42.9372171019264,42.9598354072365,42.9791510677494,42.9951762035734,43.0081871155737,43.0185587490527,43.0266734002276,43.0328770133145,43.0374624736498,43.0406659780321,43.0426680646976,43.0435948867138,43.0435179717764,43.0424522803777,43.0403531070321,43.0371125409888,43.0325561480126,43.0264406666641,43.0184543185478,43.0082233450276,42.9953321085426,42.9793698234766,42.96002430671,42.9372499322588,42.9115375093431,42.8842962321599,42.8583029319367,42.8380606537741,42.8297379141364,42.8402049100415,42.874745674074,42.9336029958048,43.0087084544319,43.0831387131523,43.1355289042788,43.1487763724691,43.1184007882342,43.0548762664414,42.9782124842653,42.9086972042414,42.8596646579735,42.8353572475274,42.8329940279776,42.8463662073295,42.8688434850835,42.8950298124983,42.9212569588357,42.9454122939725,42.966522410484,42.9843346276122,42.998992637064,43.0108203373959,43.02019399143,43.0274753485101,43.0329819152416,43.0369770622618,43.039668785862,43.0412107196998,43.0417023536362,43.0411875651062,43.0396517426689,43.0370182332247,43.0331448719527,43.0278213320396,43.0207684169049,43.0116417309641,43.0000449381668,42.98556247171,42.9678280944742,42.9466529952563,42.9222414639191,42.8955151746989,42.8685333265528,42.8449143593871,42.8300222089571,42.8305062410691,42.8527108702138,42.8997582523849,42.9679999852055,43.0448303362895,43.1104676613258,43.1447444460736,43.1362137808988,43.0879542199633,43.0159336673991,42.9411328556937,42.8808255770749,42.8438066293165,42.8305607840031,42.8363275797805,42.8545183100716,42.8790536984214,42.9053990494715,42.9306857706759,42.953394055897,42.9729267186326,42.9892369586162,43.0025602395836,43.0132447910514,43.0216561991476,43.0281303678932,43.0329544146306,43.0363614068788,43.038530264212,43.0395861872288,43.0395997226654,43.0385842413528,43.0364924251426,43.0332125930365,43.0285656761494,43.0223037924222,43.0141121695097,43.0036181528947,42.9904147052081,42.974111386275,42.9544327859302,42.9313904566927,42.9055536442127,42.8784247005474,42.8528684428935,42.8334321167697,42.8262290037776,42.8379214004346,42.8734271491319,42.9325639613038,43.0069996139284,43.0799507838943,43.1306537949388,43.1427934981487,43.1123875897715,43.0498127756684,42.9745018863903,42.906092445208,42.8575433944731,42.8330806817016,42.8301377720696,42.8427745192331,42.8645684561425,42.8902357579301,42.9161400610607,42.940151519141,42.9612580319518,42.9791644813229,42.9939771499067,43.0059904259812,43.0155587271766,43.0230281511392,43.0287050511286,43.0328446624276,43.035648710208,43.0372655525097,43.0377897281389,43.037259945877,43.0356557799317,43.0328938606752,43.0288244557664,43.0232293932535,43.0158227408479,43.0062570430097,42.9941407480835,42.9790771000365,42.9607410893514,42.9390176483918,42.9142270134628,42.8874530944169,42.8609522926489,42.8385340445663,42.825662157362,42.8288679543018,42.8540342891716,42.9034560112293,42.9725008579241,43.0478950458852,43.1100270588158,43.139886282722,43.127667485001,43.0776830225782,43.0061097381926,42.9332032141024,42.8751780321231,42.8400154293926,42.8278617285353,42.8340054142072,42.8520897948694,42.8762842162218,42.9022380187936,42.9271870856524,42.9496533963505,42.9690428721614,42.9852928390481,42.9986165180269,43.0093401351265,43.0178101509085,43.0243466642436,43.0292237606623,43.0326634100383,43.0348345731707,43.0358529922179,43.0357797721524,43.0346184957066,43.032311464995,43.028735977833,43.0237016447649,43.0169500417456,43.0081589599508,42.9969556781617,42.9829474864129,42.9657832349976,42.9452661536358,42.921542702883,42.8953880033525,42.868582777479,42.8443116290101,42.8273934851133,42.8239989163288,42.8404120103494,42.8805666353043,42.9427683586147,43.0171506009586,43.0862317665934,43.13009491116,43.134705417342,43.0986984335653,43.0340326785086,42.9600489198658,42.8950511340376,42.8503852987136,42.8291317216369,42.8282640053714,42.8419004096779,42.8639178228908,42.8893615426967,42.9148514728888,42.9384186160197,42.9591326270983,42.976727592642,42.9913095691081,43.0031590955886,43.0126122304833,43.0199965817075,43.0256014248974,43.0296664322592,43.0323788213257,43.0338729495568,43.0342294205335,43.0334727755137,43.0315680173948,43.0284167743011,43.0238541324377,43.0176474097508,43.0094988469847,42.9990558618046,42.9859356191077,42.9697754646214,42.950326821847,42.9276154488652,42.9021903243894,42.8754665925139,42.8501188354833,42.830382862572,42.8219799518598,42.8312499254206,42.8631355922184,42.9181424616949,42.9893911801311,43.0618998021788,43.1160866099718,43.1352140784089,43.113123106756,43.0572857578589,42.985027026963,42.9155821841033,42.8630144442413,42.8332756469957,42.8253034717416,42.8340393761601,42.8533327948355,42.8777721310628,42.9034164888309,42.9278080795599,42.9496598866302,42.9684775256906,42.9842379404483,42.997159771043,43.0075579272896,43.015760945163,43.0220693894726,43.0267381211011,43.0299705375665,43.0319174002021,43.0326762399711,43.0322896649222,43.0307423576355,43.0279573561619,43.0237925990427,43.0180389949122,43.0104218464163,43.000608785139,42.9882299376883,42.9729201760423,42.9543988377147,42.9326078188263,42.9079304594377,42.8815027506045,42.8555910170193,42.833929521156,42.821782074521,42.8253534167043,42.8501588187773,42.8982868813543,42.9653221736152,43.0387629552137,43.1000948103802,43.1311150292901,43.1219152557838,43.0757073169684,43.0071728543348,42.9355109969964,42.8767645066891,42.8394852847815,42.8246726714153,42.8283416683564,42.8445530545281,42.8675981688347,42.8930555596007,42.9180043251431,42.940797572959,42.9606980479433,42.9775376182421,42.9914596403843,43.0027481593107,43.0117262456077,43.0187017988664,43.0239423841328,43.0276657288849,43.0300371824218,43.0311690879347,43.0311196191677,43.0298903494365,43.0274228478349,43.02359515632,43.0182193654492,43.0110420273087,43.0017502511878,42.9899884858299,42.9753945789698,42.957668719876,42.9366943210541,42.9127326601621,42.8867062435396,42.8605571034119,42.8375994023339,42.8226709995401,42.8217499353426,42.8406396144402,42.8825384341933,42.9449909909638,43.0177537728242,43.0837278972001,43.1241379011366,43.1263121387926,43.0896997194977,43.0261073088015,42.9539974870832,42.8906959134061,42.8469695040846,42.8258291030056,42.8245069777129,42.8374643134437,42.8588464364361,42.8838427122658,42.9091112441519,42.9326567054859,42.95349521026,42.9713043505935,42.9861426224913,42.9982553446086,43.0079544593606,43.0155514566209,43.0213242031264,43.0255030739787,43.0282665136981,43.0297400082856,43.0299952748731,43.0290484006299,43.0268568793883,43.0233162120657,43.0182572017822,43.0114455995324,43.0025867317471,42.9913396082863,42.977348163618,42.9603018349637,42.9400429348025,42.9167417495492,42.8911561861754,42.8649703658602,42.841150613492,42.8241556556872,42.8197037183742,42.8337104212863,42.8701403415438,42.9280682267406,42.999211720111,43.0679870068038,43.1156308500037,43.1275286942374,43.0999568700553,43.0418874219114,42.9706063053951,42.9041412584348,42.8550600129809,42.8282376146142,42.8221740838632,42.8318622248851,42.8514293020137,42.875765637217,42.901158814788,42.9252868558398,42.9469243357071,42.9655917491643,42.9812572247412,42.9941218061095,43.0044817912528,43.0126489970019,43.0189093805388,43.0235044319666,43.026624438625,43.0284067254389,43.028934985212,43.0282379119997,43.0262867253782,43.0229920280997,43.0182010033335,43.011696513092,43.0032005614333,42.992386248283,42.9789051593753,42.9624412953892,42.942807658403,42.9201054826101,42.894963894114,42.8688600553582,42.8444724303792,42.8259293706697,42.8186876608192,42.8286715100999,42.8603715423794,42.9140510684782,42.9830908031984,43.0533822321554,43.1065252496606,43.12659120393,43.1072522888484,43.0548384876225,42.9852274594176,42.9167079676039,42.8632633051513,42.8314383227682,42.8209833082211,42.8275004279993,42.8451975735878,42.8687462784192,42.894115202657,42.918683015653,42.9409939860909,42.9604138099352,42.9768184129254,42.9903613643075,43.0013201460433,43.0100043204861,43.0167060406674,43.0216765585076,43.0251169447737,43.0271753413423,43.0279462299824,43.0274694482013,43.0257281884845,43.0226461863441,43.0180849542995,43.0118425137638,43.003655939821,42.9932115516381,42.9801691440324,42.9642104891533,42.9451271166896,42.9229664669359,42.8982546709857,42.8723000370317,42.8475406493383,42.8278184869532,42.8183419504106,42.8249859413564,42.852604014087,42.9023893449281,42.9691233515957,43.040069947852,43.0973837092421,43.1242768283095,43.1123069031049,43.0654140787933,42.9979787907486,42.9282396052309,42.8712696581297,42.8350818090673,42.8206191402928,42.8241293634305,42.8399710445705,42.8626628383411,42.8879018235798,42.9127957412517,42.9356729508342,42.9557500267548,42.97281166166,42.9869627754072,42.9984601722712,43.0076093441622,43.0147071576246,43.020013505112,43.0237393677335,43.0260429103081,43.027028524712,43.0267461116892,43.0251895079866,43.0222940295726,43.0179338278196,43.011920389117,43.0040043505967,42.9938842176535,42.9812279323836,42.9657168107837,42.9471259326957,42.9254592769389,42.9011580673821,42.8753893927806,42.8503869314171,42.8297425774849,42.818434091716,42.8222565526394,42.8463181597389,42.8925533859683,42.9569319732828,43.0279723101553,43.0884776587627,43.1211170688527,43.1157240687255,43.0740991704439,43.0091184686004,42.9387620486809,42.8789359853322,42.838938547491,42.8208331426825,42.821522501066,42.8355623227814,42.8573690336394,42.8824079412702,42.907541926129,42.9308982372296,42.9515515134295,42.9691978789626,42.9838938873011,42.9958748894674,43.0054412191761,43.0128934258975,43.0184991998942,43.0224787634729,43.0249997173245,43.0261757422346,43.0260660460431,43.0246741595653,43.0219458288748,43.0177665390665,43.0119598716999,43.0042887273365,42.9944627772051,42.9821577122884,42.9670552087482,42.9489169088501,42.9277100010513,42.9038029515382,42.8782407842144,42.8530785895111,42.8316857366074,42.8188260087956,42.820199253866,42.8410977504907,42.8840648419274,42.9460985280951,43.0168666432786,43.0798637398823,43.1174302948392,43.1179689847272,43.0813525855594,43.0189786601952,42.9484314403123,42.88625759997,42.8428923988468,42.8214517599751,42.8194909118333,42.8317928439115,42.8527086980592,42.8775028063674,42.9028144430712,42.9265826269459,42.9477469907723,42.965918279961,42.9811057370674,42.9935232258502,43.0034654302682,43.0112359849558,43.017109837999,43.0213160111298,43.0240311618045,43.0253778708819,43.0254241782024,43.0241826912918,43.0216088056237,43.0175984137771,43.0119861747686,43.0045462326802,42.9949985394608,42.9830260080437,42.9683108882257,42.9506029772118,42.9298366172094,42.9063150641089,42.8809735625798,42.8557056338231,42.8336768905735,42.8194494481499,42.818619462461,42.836617666171,42.8765072276303,42.9362033053648,43.0064462587244,43.0714458552222,43.1133608918241,43.1193713502226,43.0875773675933,43.0279204929688,42.9574917457151,42.8933391296202,42.8469270387018,42.8223750065385,42.817889346475,42.8285021821632,42.8485256274922,42.8730446548307,42.8984898004532,42.9226209803708,42.9442479391543,42.9628986382745,42.9785361234437,42.991353076264,43.0016384442408,43.0096987175257,43.0158158630723,43.0202275052497,43.0231191978992,43.0246222580064,43.0248133378472,43.0237138015685,43.0212882490854,43.0174424128142,43.0120213672172,43.004809795877,42.9955372657445,42.9838934117351,42.9695609389042,42.9522784270933,42.931949312016,42.9088156341258,42.8837095936307,42.8583726110865,42.8357768924707,42.8202889930225,42.8173943159975,42.8326317562151,42.8695276298753,42.9268463600458,42.9963594818332,43.0630201140578,43.1089132493221,43.1201359590052,43.093106967812,43.0363051809197,42.9662434541223,42.9003700107017,42.8511116836237,42.8235714410104,42.8166175696178,42.8255528212372,42.8446696466262,42.8688868016228,42.8944336567155,42.9188949753435,42.940952578957,42.9600526144145,42.9761124074012,42.9893036821271,42.9999097465081,43.0082399904448,43.0145834387242,43.0191863742582,43.022243317794,43.0238943855667,43.0242248657696,43.0232648319306,43.0209879503225,43.0173095605282,43.0120848380741,43.0051086363075,42.9961197497708,42.9848141839463,42.9708748697523,42.9540292078782,42.9341502617751,42.9114201767053,42.8865704237956,42.861193396597,42.8380704080522,42.8213713144983,42.8164611402495,42.8289644367388,42.8628367325597,42.9176601781515,42.9862345411127,43.0543049480576,43.1039759240882,43.1203517238226,43.0981972615594,43.044474651603,42.9750214613314,42.9076064207575,42.8555899299811,42.8250735306587,42.8156203641804,42.8228327844584,42.8410003508571,42.8648815731163,42.8905044783889,42.9152763114021,42.9377485953369,42.9572840454313,42.9737534334059,42.9873072482355,42.9982232029281,43.0068137933878,43.0133753807399,43.0181632131807,43.0213810893614,43.0231782208185,43.0236487933494,43.0228317994328,43.0207101175022,43.0172087740205,43.0121930659153,43.0054679888344,42.9967814995304,42.9858358727028,42.9723141181483,42.9559322413347,42.9365326016125,42.9142368930551,42.8896748043891,42.8642875142828,42.8406608604637,42.8227590673825,42.8158115579244,42.8255074517955,42.8562113707136,42.9083202658539,42.9756972895163,43.0449607650227,43.0983355360799,43.1199940026953,43.1030170125165,43.0527351529109,42.9841785000764,42.9153591938242,42.8605735020439,42.8269761864041,42.8148889800998,42.8202583661551,42.8373900909335,42.8608830461322,42.8865558663865,42.9116286187235,42.934514685799,42.9544881986582,42.971370549064,42.9852897741566,42.9965177338761,43.0053702726244,43.0121515559156,43.0171263448044,43.0205082729907,43.0224561824535,43.0230736551449,43.0224090577058,43.0204548915001,43.0171462407151,43.0123588632907,43.0059082134077,42.9975517004751,42.9869981063367,42.9739306345605,42.9580537449276,42.9391784186363,42.9173642546067,42.8931358014122,42.867776784921,42.8436668402284,42.8245477015305,42.8154899598134,42.8222218566622,42.8495018739767,42.8985583523017,42.964387864966,43.0346044573878,43.0916825599663,43.1189182010383,43.1076315859337,43.0613378437514,42.9940695793781,42.9239856991306,42.8663411963677,42.829440166999,42.8144661998209,42.8177789743526,42.833727759621,42.8567496602687,42.8824382065284,42.907808435047,42.9311211093794,42.9515520655367,42.9688677503358,42.9831711101122,42.9947273088421,43.0038556724491,43.0108687657453,43.0160416331854,43.019598548256,43.0217087624762,43.0224859888918,43.0219886599102,43.0202195582,43.0171244661291,43.0125902428478,43.0064434557284,42.9984516371548,42.988330731079,42.9757646803515,42.9604466281853,42.9421556916474,42.9208874639659,42.8970568418118,42.8717812035092,42.8472183895895,42.8268632354798,42.8155944491167,42.8191441776035,42.8426449735298,42.8881814899761,42.9519818127674,43.0228249172898,43.0836133381748,43.1168451978949,43.111976510299,43.070450736148,43.0050320100251,42.9338822251471,42.8732419741047,42.8327011455109,42.8144567387279,42.8153859637612,42.8299249855445,42.8523478862968,42.8780004261267,42.9036657221909,42.9274294985586,42.9483538284497,42.9661410154317,42.9808642676879,42.9927802802122,43.0022117018542,43.0094801359835,43.0148718757723,43.0186228832551,43.0209138454192,43.0218695768877,43.0215594946973,43.019997550841,43.0171411118457,43.0128890544377,43.0070800372214,42.9994927757254,42.9898515081829,42.9778420430677,42.9631471160957,42.9455142158718,42.9248736173502,42.9015261731079,42.8764130198133,42.8514515050067,42.8298587074791,42.8162776267619,42.8163944732931,42.8356814746577,42.8770989162625,42.9382206985515,43.009206778903,43.0736351840496,43.1133421385548,43.1158195409434,43.0801166558833,43.0173543610617,42.9454715383282,42.8816994972407,42.8370842044462,42.8150442902305,42.8131273390046,42.8259265317389,42.8475583705507,42.8730928481572,42.8990445528754,42.9232923046707,42.9447617034174,42.9630769315377,42.9782740370624,42.9905980836979,43.0003743455644,43.0079340312535,43.0135757979099,43.0175485781118,43.0200457672915,43.0212044860221,43.0211062722896,43.0197773452483,43.017187758518,43.0132495658831,43.0078147891199,43.0006747651583,42.9915636662044,42.9801709866672,42.9661709047484,42.9492807428709,42.9293656186246,42.9066094471771,42.8817681793082,42.85649922296,42.8337067054615,42.8177437275626,42.8141824745215,42.8287757676281,42.8653564040302,42.9229561373076,42.9933705774702,43.0611846832084,43.107806473871,43.1187132979825,43.0901928869365,43.0312262523537,42.9591776046867,42.8922128557012,42.8430218812329,42.8165158625834,42.8111302266364,42.821727041067,42.8422863949109,42.8675725028609,42.8937848755756,42.9185524369921,42.9406324823057,42.9595507909334,42.9752950030099,42.9880933536471,42.9982721478544,43.0061725172222,43.0121066743759,43.0163380146917,43.0190741582681,43.020465967461,43.0206084448276,43.0195413626084,43.0172487475921,43.0136571894249,43.0086335904769,43.0019836832004,42.993453705676,42.9827394019918,42.9695093633482,42.953453850014,42.9343752622192,42.9123405772578,42.8879147370594,42.8624779973162,42.838585370969,42.8202379152916,42.8128062231326,42.8222313227931,42.8531742376752,42.9062082796393,42.9750371957543,43.0456726901693,43.0994673557948,43.119946788537,43.1002714478889,43.0466601834552,42.9753760218976,42.9053442284556,42.8510709024316,42.8192925670019,42.8096327255891,42.8173966467494,42.8364790958241,42.8613128387512,42.8877267272385,42.9130439851052,42.935810317535,42.9554244724151,42.9718091373417,42.985167552148,42.995824026603,43.0041294088536,43.0104106111353,43.0149471492431,43.0179626161683,43.0196232799075,43.0200391490919,43.0192650008988,43.0173002666374,43.014087575613,43.0095104042852,43.0033909114385,42.9954899496171,42.9855127771213,42.9731265369197,42.9579994148793,42.9398764215883,42.918711722093,42.8948787349934,42.8694690235269,42.8446560189726,42.8240235917863,42.8126362762673,42.8164929190461,42.8409795308309,42.8882337495657,42.9541206813457,43.0265710159458,43.0874259626159,43.1185144609826,43.109587013857,43.0633789076467,42.9943055635401,42.9216785590121,42.8619175535521,42.8239627794861,42.809025486484,42.8131180200185,42.8301525473987,42.8542205713646,42.880718964548,42.9065954489179,42.9301266687698,42.9505446766985,42.9676833107457,42.9817083176356,42.9929367437393,43.0017279872069,43.0084245480565,43.0133238008952,43.016667265682,43.0186385017145,43.0193642556403,43.0189159075328,43.0173098315086,43.0145062842435,43.0104070984664,43.0048530307905,42.9976223710944,42.9884337021889,42.9769578966609,42.9628479193815,42.945799865736,42.9256641671113,42.9026293605694,42.8774959098248,42.8520324894173,42.8293452276149,42.8140788233369,42.8121238279923,42.8294171226984,42.8695880863656,42.9308434797783,43.0035512978702,43.0707617010078,43.1131354745173,43.1169351314935,43.0806712749103,43.0159264601956,42.9417340206202,42.8763536147889,42.8313073469898,42.8098999752144,42.809236385355,42.8234321382139,42.8462632779112,42.8726355177006,42.8990376900344,42.9234029275253,42.9447425088489,42.9627673599014,42.9775869387042,42.9895022948587,42.9988785608136,43.0060741067964,43.011405830063,43.0151352812925,43.0174654039484,43.0185415995342,43.0184535809423,43.0172362772817,43.0148691842801,43.0112742660611,43.0063130468004,42.999784149957,42.9914235719173,42.9809118064947,42.9678949787006,42.9520316640838,42.9330827493936,42.9110667397881,42.8865025073314,42.8607457195524,42.8363782403141,42.8175146236442,42.8097470945157,42.8193186468844,42.8511555636636,42.9058502592021,42.9766704369738,43.0487270184397,43.1023685682203,43.1206471559802,43.097241293944,43.0397208625009,42.9657990056599,42.8951947971186,42.8422961210655,42.8130931523635,42.8063204742052,42.8166087539331,42.8375118277995,42.8634031585405,42.8902198322631,42.9154580849146,42.937836047923,42.9568938165156,42.9726566948891,42.9853957200052,42.9954762184237,43.0032715294737,43.0091193846556,43.0133035046959,43.0160484812082,43.0175204645433,43.0178293554956,43.017030302728,43.0151236286694,43.0120531089883,43.0077030566908,43.001895167001,42.9943868697552,42.9848743900382,42.973006267068,42.9584171046504,42.9407968450933,42.9200168437684,42.8963370770193,42.8707111802921,42.8451737279292,42.8232186170738,42.8099475044243,42.8116118399717,42.8341109252044,42.8802741647986,42.9465658654133,43.0210288957806,43.0848662899849,43.1186932230302,43.1111120775046,43.0644593302262,42.9936804519085,42.9191064118358,42.8580212064979,42.8197056188663,42.8052242014632,42.8102094316186,42.8282007688639,42.8530452549302,42.8800373314997,42.9061248326741,42.9296384145431,42.9498810832635,42.9667533145268,42.9804742134653,42.9913993976539,42.9999141591596,43.0063775422166,43.0110973926549,43.0143223018218,43.0162414178731,43.0169868068887,43.0166355473227,43.0152103260016,43.0126782539419,43.0089481851376,43.0038672501003,42.9972178972082,42.9887178272378,42.9780272402789,42.9647712339907,42.9485902573198,42.9292378114404,42.9067499575056,42.8817099945429,42.8556125322177,42.8312762656914,42.8131460530477,42.8071672868382,42.8197835865735,42.8556948863995,42.9145843060784,42.9881429798145,43.059776445942,43.1089892600657,43.119689089967,43.0880102355829,43.0243832595782,42.9483085167053,42.8795206971446,42.8310526792355,42.8071240238687,42.8050719212685,42.8188054252895,42.8417447046222,42.8684767017396,42.8952783321017,42.9199747796304,42.9415426647093,42.9596994632996,42.9745789249597,42.9865102879454,42.9958842142652,43.0030799057934,43.0084307039261,43.0122114630763,43.0146366710696,43.0158626468946,43.0159901583204,43.015065744082,43.0130811972194,43.0099713303984,43.0056105479784,42.9998091668679,42.9923111944582,42.9827968011192,42.9708954856796,42.9562203312347,42.9384397981152,42.9174100620002,42.8933942350467,42.8673863543792,42.841522425796,42.8194777570157,42.8066079471664,42.8094245040196,42.8339413881864,42.8827437044454,42.9515390681991,43.0272152746811,43.0899342384114,43.1201026778129,43.1073349220752,43.0558118331488,42.98217426671,42.9074527082753,42.8484924128634,42.8134862989089,42.8023958760091,42.8101240732553,42.8299240751196,42.8556794975262,42.8828816919522,42.908712270398,42.9317057688777,42.951315856517,42.9675414219641,42.9806585533137,42.9910509805973,42.9991140065865,43.0052065686307,43.0096316226783,43.0126312861002,43.0143882805453,43.0150288689664,43.0146248956185,43.0131940249652,43.0106981160675,43.0070401152095,43.0020601639296,42.9955321156259,42.9871627208872,42.9765978436856,42.9634436858289,42.9473164157738,42.9279404088916,42.9053213090012,42.8800194227163,42.8535295343782,42.8287159926946,42.810137193414,42.8039256620862,42.8167476633933,42.8534559446158,42.9136590865683,42.9886285394148,43.0610771615097,43.1098834013132,43.1188416377295,43.0846772082066,43.0188255581954,42.9416280550707,42.8730808275992,42.8259015863479,42.8037209132042,42.8033354288392,42.8183293969314,42.8420219355258,42.8690494108655,42.8958058145263,42.920242562488,42.9414419013489,42.959197185103,42.9736902456277,42.9852768795896,42.9943596476502,43.0013208188125,43.0064922771413,43.0101457187655,43.012492354009,43.0136857528865,43.0138244925391,43.01295318106,43.0110615441035,43.0080818320126,43.0038850934119,42.998277160582,42.990995865231,42.9817124934106,42.9700432934901,42.9555814121378,42.9379660122216,42.917012453272,42.8929316077072,42.866659033993,42.8402800278666,42.8174529498764,42.8035869541574,42.8053530133715,42.8290362320966,42.8775423942624,42.9468021360523,43.0236495321153,43.0878415259902,43.1191847456673,43.1068384984243,43.0549483579591,42.9805185834532,42.9050609077101,42.845731497749,42.8107651472377,42.799979193491,42.8080853789493,42.8281940211158,42.8541227221995,42.8813591175126,42.9071155394082,42.9299680183433,42.9494082671676,42.9654637650448,42.978428946043,42.9886974261382,42.9966685672989,43.0027020652202,43.0071003005109,43.0101047400416,43.0118979612655,43.0126066374123,43.0123032964142,43.0110061619405,43.0086771803558,43.0052186912288,43.0004693910384,42.9942006079197,42.9861148653814,42.9758507531788,42.9630017480168,42.9471621684761,42.9280205848389,42.9055277005901,42.8801663257928,42.8533337307554,42.8277920041313,42.8080286711604,42.8001979083485,42.8111549124248,42.8461561837064,42.9053793681612,42.9806271835566,43.0547919885214,43.1063491246298,43.1181961779146,43.0861053527931,43.0209963924714,42.9433162736903,42.8735797958395,42.8250725638444,42.8017949172497,42.8006697249502,42.8152442099052,42.8387380174673,42.865691841517,42.892433634001,42.9168790321826,42.9380956889479,42.9558738338944,42.9703967210598,42.9820223427678,42.9911548066953,42.9981772291215,43.003422163128,43.0071623536554,43.009610743927,43.0109232836261,43.011201259347,43.01049187205,43.0087869185009,43.0060199587327,43.0020625395458,42.9967202113052,42.9897296101211,42.9807592455067,42.9694193513693,42.9552906910843,42.9379886772379,42.9172866492176,42.8933272570547,42.8669454632689,42.8400952861136,42.8162931061543,42.8008467096407,42.8004560829105,42.8216764944095,42.8679928693951,42.9361422182665,43.013683234477,43.0805622937679,43.1159419683016,43.1076821176512,43.0586129612555,42.9850665957521,42.908732481599,42.8474929336891,42.8103782190442,42.7977492463069,42.8045406182678,42.8238543797057,42.8493922400609,42.8765075122479,42.9023026471286,42.9252786914353,42.9448822142652,42.9611160782842,42.9742623798658,42.9847090629968,42.9928533177766,42.9990546888102,43.0036168556363,43.0067837864283,43.0087414921278,43.009620591629,43.0094975381216,43.0083939456868,43.00627426688,43.003042370729,42.9985376536399,42.9925315454839,42.984726089073,42.9747581787547,42.9622165593278,42.9466841683939,42.9278256125399,42.9055466751375,42.8802545262333,42.853232523059,42.8270932511978,42.8061656587185,42.7965027900186,42.805028699816,42.8373678892867,42.8944215549421,42.9689246669946,43.0444974617324,43.0996197402418,43.1162337221198,43.0885515803138,43.0261186961499,42.9488500271881,42.8776505458547,42.8266950772647,42.8008541083938,42.7976044557249,42.8106985413041,42.8333239373046,42.8598830725938,42.8865498286582,42.9111128042668,42.9325502759788,42.9505959434558,42.9654000885475,42.9773027832252,42.9866991980206,42.9939687859831,42.9994436814658,43.0033983777679,43.0060490531831,43.0075557716969,43.0080241668801,43.0075053778424,43.0059942204139,43.0034261062127,42.9996733467986,42.9945415361782,42.9877671048192,42.9790183673133,42.9679049706856,42.9540050619085,42.936925877711,42.9164209893129,42.8925929724041,42.8662061538996,42.839105620255,42.8146643740445,42.7980427947503,42.7958628544962,42.814789581507,42.8587280418049,42.9251691768946,43.0025557751129,43.0713973447738,43.1106262548507,43.1069837249644,43.0617792227936,42.9902003979655,42.9136714071434,42.850615018557,42.8109483587262,42.7958125772578,42.8005997548151,42.8185560214494,42.8433274743075,42.8701282117822,42.8959136313907,42.9190644950149,42.9389417876545,42.9554928898668,42.9689663595734,42.9797310857326,42.988174264745,42.9946510570932,42.9994643236288,43.0028595405847,43.0050256675072,43.0060969261661,43.006153271047,43.0052190518051,43.0032602424637,43.0001809046835,42.9958195722897,42.9899463739343,42.9822624108341,42.9724046959458,42.9599633572169,42.9445231628114,42.9257485093943,42.9035380805044,42.878277435537,42.8512041098215,42.8248522342532,42.8034406449607,42.7929048295773,42.8001064301056,42.8307644445673,42.8861325453694,42.9595615412698,43.0353555110031,43.0923592267406,43.1122068815404,43.0881326731559,43.0284919225262,42.9524058179879,42.8806995756853,42.8280509766387,42.8000396491461,42.7947306251841,42.8062065351345,42.8277496519225,42.8537108151436,42.8801518095091,42.9047437870822,42.9263676336678,42.9446859301515,42.9598011429132,42.9720230579638,42.9817286146231,42.9892869561706,42.9950250514872,42.999215583769,43.0020750624227,43.0037650742543,43.0043931209092,43.004011787889,43.0026163027124,43.0001411143234,42.99645624339,42.9913641619232,42.9845982906758,42.9758253550908,42.9646563465706,42.9506751522639,42.933500155689,42.9129014041762,42.8890011478491,42.8625811453064,42.835491838149,42.8110857185009,42.7944635451902,42.7921473314168,42.8106906135933,42.8539479947169,42.919521379586,42.9961845699988,43.0649144409363,43.1049905867981,43.1030943619402,43.0600011732463,42.9901518620327,42.9144157242502,42.8510954350669,42.8103752417555,42.7938276440222,42.7972288432094,42.814060302602,42.8380543400066,42.8644102271386,42.89001990655,42.9131890568429,42.9332113584128,42.9499815180969,42.9637101100252,42.9747400848636,42.9834416335551,42.9901591918146,42.9951891864939,42.9987735052671,43.0010992645536,43.0022996720217,43.0024536865919,43.0015839864593,42.9996536979864,42.996562668883,42.9921440982103,42.9861624555109,42.9783143051285,42.9682354259488,42.9555209880826,42.9397708228288,42.9206786703547,42.8981908035102,42.8727604184402,42.8457088616715,42.8196554171165,42.7988740963182,42.7892770512073,42.7975717904599,42.8291730581824,42.8849472086625,42.9579562484875,43.0325444832943,43.0880276078564,43.1067510554383,43.0824806948647,43.0235898918206,42.9487340186365,42.8781293336257,42.8260491742818,42.7979984216705,42.7922080933037,42.8030063172263,42.8238817173696,42.8493073726202,42.8753898774955,42.8997943468643,42.9213708014227,42.9397439686103,42.9549810125176,42.9673627146991,42.9772438324162,42.9849772469676,42.9908782616414,42.9952111985267,42.9981863906779,42.999960485044,43.0006364658605,43.0002621258571,42.9988270688723,42.9962589527313,42.9924198482695,42.987103647472,42.9800358363862,42.970878163086,42.9592433019221,42.9447289571757,42.9269869594472,42.9058496796977,42.8815399773377,42.8549838726476,42.8282126914371,42.804764025766,42.7898562465851,42.7899480937794,42.8112258258545,42.8568266921878,42.923437978173,42.9991289013619,43.0648865690927,43.100936984258,43.0954697382791,43.0505150421046,42.9808584086086,42.9067856529691,42.8456102149775,42.8066978751638,42.7912430000403,42.7950332921728,42.8117619725584,42.8354052227427,42.8613499171125,42.8865983568416,42.9095030252349,42.9293638505661,42.94606103694,42.9597830368818,42.9708502402757,42.9796129583159,42.9863992150457,42.9914921433939,42.9951226712766,42.9974684308042,42.9986538371719,42.9987490856266,42.9977675894921,42.9956623418909,42.9923220690344,42.9875681573813,42.9811535705437,42.9727657975907,42.9620378114745,42.9485745353341,42.9320076121769,42.9120977608651,42.8889092671502,42.8630792235953,42.8361833615235,42.8111430860853,42.7925080524588,42.7862936442594,42.798932331771,42.8350052132959,42.8940083002997,42.9675079375063,43.0390108690997,43.0883920044156,43.0999959243615,43.0701025549616,43.008783439066,42.9348233903298,42.8672812645743,42.8188802814449,42.7939549796895,42.7902223057365,42.8020248168977,42.8231280154116,42.8483281322254,42.873990100771,42.8979439591584,42.9191247139351,42.9371879415321,42.952200868919,42.9644298869638,42.9742105335923,42.9818764139572,42.987725287641,42.9920058715425,42.9949143503443,42.9965940119974,42.9971346550012,42.996570577959,42.9948772560147,42.991967450341,42.9876877498123,42.9818167505074,42.9740666689507,42.9640916553108,42.9515089149023,42.9359432760026,42.9171118062553,42.8949708393267,42.8699488448938,42.8432756470503,42.8173762421734,42.7962082723881,42.785282862905,42.7909677955882,42.8186781506863,42.8699527626162,42.9393388998437,43.0131026036553,43.071939387576,43.0979463587597,43.0827189632053,43.031508713598,42.9605308551609,42.8893425389215,42.8332569949616,42.7996113421442,42.7883161774427,42.7947337642585,42.8127143774547,42.8366338685743,42.8622873429166,42.8869887323211,42.9092873394705,42.9285867252634,42.94480852887,42.958146894702,42.9689103363249,42.9774304305822,42.9840149983468,42.9889276252118,42.9923807411921,42.9945341830816,42.9954947453815,42.9953147289678,42.9939890968558,42.9914517456379,42.9875718331841,42.9821513662195,42.9749257291219,42.965569989238,42.9537161326511,42.9389902493913,42.9210840633805,42.8998809789899,42.8756595861458,42.8493898213228,42.8231055577855,42.80026519435,42.785889424085,42.7861210930001,42.8067976849006,42.8508753708735,42.9152907829138,42.9889319136284,43.0539478873973,43.0914348719855,43.0894858438932,43.0489345762165,42.9828918070169,42.9104124612828,42.8485589281056,42.8073066588962,42.7888150109663,42.7897180988385,42.8042118533523,42.826434737053,42.8517082372781,42.8768640047423,42.9000651241571,42.9204485235866,42.9377729312076,42.9521453104807,42.9638360988234,42.9731674368329,42.9804525347988,42.9859668766707,42.9899369669924,42.9925371657561,42.993889010116,42.9940602078116,42.9930623505686,42.9908475293835,42.9873046516405,42.9822566251957,42.9754600262659,42.9666098273379,42.9553536974154,42.9413237118491,42.9241981265725,42.9038114342072,42.8803345942711,42.8545429798745,42.8281658915302,42.804252478459,42.7873820987651,42.7834074674524,42.7983303357896,42.8360551703644,42.8953597230927,42.9674333049362,43.0361174397764,43.0823611566202,43.0918241527281,43.0615817582666,43.0015392279216,42.9295723152269,42.8637268360233,42.8161381043986,42.791100735406,42.7866441827272,42.7975077122122,42.8177621152721,42.8423635734557,42.8677147414851,42.8916096743383,42.9129170056295,42.9312234798052,42.9465385919345,42.9590859188701,42.9691716524822,42.9771099670085,42.9831853339235,42.98763628217,42.9906499348556,42.9923606996828,42.992849503764,42.99214204462,42.9902058626016,42.9869468293694,42.9822061298092,42.9757592924557,42.9673196770343,42.956550498005,42.9430923691273,42.9266176858215,42.9069284223374,42.8841180352514,42.8588160322066,42.8325155767894,42.8079355500851,42.78927495238,42.7820856853448,42.7923830025446,42.8246876136966,42.8791622716865,42.9489224483909,43.0194952222387,43.0721994324398,43.0911163967679,43.0702846219891,43.0165891453462,42.9463551010648,42.8780022804827,42.8253316358654,42.7945519003995,42.7850991326687,42.7923803734423,42.8105375068223,42.8342667531721,42.8596049230323,42.8840070695227,42.9060830229902,42.9252465430609,42.9414045198588,42.9547278104419,42.9655015956637,42.9740371917395,42.9806253654219,42.9855147535562,42.9889036896112,42.9909379059452,42.991709772558,42.9912569908046,42.9895601578181,42.9865395533438,42.982052096818,42.9758899511126,42.9677830551493,42.95740936052,42.9444191393793,42.9284836625971,42.9093834941682,42.8871559421059,42.862320528117,42.8361870862335,42.8112097738675,42.7912676305039,42.7816290464598,42.7882420077401,42.816018026857,42.8661491503343,42.9333187964737,43.0046034725541,43.0619607820265,43.0885201609944,43.0759494193649,43.0284475162427,42.9606552305972,42.8909340372012,42.8343062600069,42.7986255672959,42.7846644963723,42.7885544453999,42.8046085427769,42.8273547791037,42.8525283946474,42.8772826579876,42.8999862094795,42.9198856052826,42.9367848385755,42.9507992675135,42.9621897492372,42.971261795293,42.978310162687,42.9835918667367,42.987315072201,42.9896355442812,42.9906556708791,42.9904234677953,42.9889306078609,42.9861095709264,42.9818307071195,42.9759005920812,42.9680638447771,42.9580119561829,42.9454050384667,42.9299160174832,42.9113114519267,42.8895875004739,42.8651798484609,42.8392550024817,42.8140548289869,42.7931923437833,42.7816816116011,42.7853656358799,42.8093987568618,42.8557365887724,42.9203215776357,42.9915922195708,43.0522509626179,43.0849039488924,43.0794050118107,43.0376483055012,42.972614384437,42.9023332708459,42.8426863005152,42.8029008401183,42.7849680541881,42.7857470322896,42.799784498059,42.8215129082266,42.8464248585208,42.8714110395473,42.8946212100234,42.9151453528334,42.9326882083847,42.9473096398035,42.9592446311039,42.9687909463766,42.9762455430105,42.9818723438694,42.9858881420172,42.9884576480286,42.9896921250947,42.9896485734051,42.9883281610803,42.9856737510003,42.9815671506359,42.9758273526702,42.9682118291205,42.9584242448525,42.9461341488543,42.9310175656491,42.9128318242673,42.8915422806643,42.8675195427914,42.8418165092669,42.8165034535953,42.7949725659504,42.7820154425073,42.783357337688,42.804301362177,42.8473745914113,42.9095286730753,42.9803719650165,43.0433621211642,43.0808578723922,43.081333733745,43.0447435468317,42.9825191534665,42.9122094396354,42.8502809023251,42.8070905781657,42.7857119029453,42.783699631089,42.7958648918847,42.8165973077709,42.8411965773771,42.8663279516032,42.8899461219177,42.9109978546267,42.9290949851221,42.9442440589335,42.9566541752043,42.9666143889567,42.9744226397307,42.98034860507,42.9846167040996,42.9873996908781,42.9888167934927,42.9889329672893,42.98775765355,42.9852426638359,42.9812796539665,42.9756983387803,42.9682674030951,42.9587013178447,42.9466783377847,42.9318781269708,42.9140516704811,42.8931404076534,42.869462952354,42.8439800714103,42.8186210049853,42.796593092696,42.7824949884843,42.7819347310145,42.8003066228245,42.8405746072882,42.9005074671269,42.970711797174,43.0353626764407,43.0767385284083,43.082256019148,43.0502420753127,42.9907252685734,42.9207082818193,42.8570490790876,42.8110324815326,42.7866812441706,42.7821954953172,42.7926587727489,42.8124526180393,42.8367228465549,42.8619415975709,42.885891206154,42.9073893212753,42.9259626154642,42.941567905897,42.9543895537719,42.9647077823663,42.9728208493608,42.9790033815687,42.9834866506187,42.9864507408527,42.9880221416469,42.9882729910166,42.9872200936031,42.9848231272547,42.9809823484099,42.9755368309899,42.9682650874043,42.9588911381315,42.9471010681325,42.9325781252564,42.9150684637492,42.8944938712591,42.8711296169012,42.8458591397263,42.8204925316288,42.7980793421699,42.7830499021509,42.780901559052,42.7970863876171,42.8349145869904,42.8928320012188,42.9623044725359,43.028170128018,43.0727217704409,43.0825438112135,43.0545836607068,42.9976092172144,42.9280620427071,42.8630630812595,42.8146701774963,42.7877405778883,42.7810655421622,42.7899952660313,42.8089236347913,42.8328709005294,42.8581420144567,42.8823666175831,42.904246406959,42.9232308102998,42.9392311347456,42.9524088645601,42.9630358940514,42.9714106155073,42.9778121436563,42.9824780767182,42.9855953172375,42.9872971123118,42.9876622410886,42.9867142378879,42.9844198822952,42.9806871250114,42.9753633713831,42.9682358650981,42.9590371032773,42.9474601089046,42.9331912799065,42.9159724496294,42.8957079986285,42.8726349697397,42.8475687939853,42.82221484816,42.7994836223029,42.7836555783772,42.7801253271386,42.7943849178948,42.8300335925277,42.8860993866509,42.9548059425444,43.0216036223502,43.0688497318046,43.0824448037121,43.0581343010668,43.00354144268,42.9345542275745,42.8684769735521,42.818032074388,42.7888236297734,42.7801869282312,42.7877275189494,42.8058618372404,42.8295031538644,42.8548079903773,42.8792685485503,42.9014814750876,42.9208259994556,42.9371720446005,42.9506603491972,42.9615553672795,42.9701558172191,42.9767451559344,42.981567036362,42.984814881193,42.9866283951963,42.9870926766612,42.9862376083069,42.9840365963108,42.980404697104,42.9751969458168,42.9682085229969,42.9591795574939,42.9478091913275,42.9337863215991,42.916848241789,42.8968825959675,42.8740904630783,42.8492240076236,42.8238918591092,42.8008764698594,42.7843201309835,42.7795211772498,42.7920034726638,42.8256233942783,42.8799351213928,42.947857467608,43.0154186219338,43.0650667320037,43.0821066424709,43.0611912950131,43.0088736990289,42.9404970145035,42.8735029763365,42.8212126630375,42.7899218225777,42.7794781309624,42.7857325984485,42.8031281894048,42.8264813960138,42.8518116572972,42.8764836575157,42.8989966020923,42.9186648322699,42.9353202935499,42.949084975058,42.9602169309066,42.9690156562981,42.975769077814,42.9807268812384,42.984088934872,42.9860013119126,42.986555324705,42.9857870618743,42.9836763497482,42.9801450588207,42.9750554652051,42.9682101967992,42.9593564259481,42.9481987354491,42.9344277807979,42.9177755875072,42.8981125161775,42.8756036246378,42.8509386972527,42.8256319255357,42.8023416083453,42.7850765153685,42.7790416452696,42.7897897233078,42.8214213027866,42.8739938354152,42.9410971226278,43.0093277419469,43.0612431317078,43.0815953539998,43.0639902231496,43.0139338977208,42.9462179391105,42.8783956022637,42.8243585755459,42.7910744662798,42.7788935376608,42.7839096686112,42.8005937703312,42.8236688439798,42.8490211997328,42.8738919369358,42.8966863215709,42.9166566625769,42.9335990795938,42.9476183156295,42.9589670026798,42.9679460102958,42.9748480882214,42.9799291728202,42.9833957325009,42.9854003379042,42.9860406287191,42.9853589885651,42.9833417118675,42.9799174716336,42.974955696525,42.9682662771315,42.9596031200364,42.9486757693411,42.9351759217263,42.918829294806,42.8994875189159,42.877277726956,42.8528249866793,42.8275464092425,42.8039734080531,42.7859786537426,42.7786716189971,42.7876324943042,42.8172065771104,42.8679597297831,42.9341658741516,43.0030118580525,43.0571881915208,43.0809053814445,43.0667087694675,43.0190231864882,42.9520522952977,42.8834424235195,42.8276602142965,42.7923625580322,42.7784196803386,42.7821783170445,42.7981396299079,42.8209309767718,42.8463022251051,42.8713683040841,42.8944392322503,42.9147050564751,42.931926490582,42.9461917222546,42.9577486823386,42.9669002542431,42.9739445435515,42.9791441811847,42.9827126215988,42.9848092862646,42.9855384764396,42.9849491872762,42.983034473209,42.9797300649482,42.974912745043,42.9683997870932,42.9599518230912,42.9492831351722,42.9360858817065,42.9200783201306,42.9010913238338,42.8792108225388,42.8549922341638,42.8297486941877,42.8058759096347,42.7871005215591,42.7784276840063,42.7854617794538,42.8128017003443,42.861549596105,42.9267122153525,42.9961252265724,43.0526537995702,43.0799602997301,43.0694641107571,43.0244111614372,42.9583379333835,42.8889598058765,42.831348923456,42.7939072446126,42.7780746034461,42.7804784803333,42.7956570453393,42.8181359920193,42.8435183396564,42.8687832364332,42.8921386437049,42.9127084092053,42.930216064026,42.9447328089426,42.9565021511585,42.9658295687756,42.973019189048,42.9783409929435,42.9820160385753,42.9842111803709,42.9850379382729,42.9845524594472,42.9827550851721,42.9795891138352,42.9749391633233,42.9686303161805,42.9604302439257,42.9500580607036,42.9372060681275,42.9215840168385,42.9029997686757,42.881493919206,42.8575454026772,42.8323530199498,42.8081624930382,42.7885371168628,42.778360880514,42.7832536149174,42.8080792143489,42.8545205801613,42.9183987691633,42.9882982590468,43.04733146771,43.0786042651388,43.0723015927965,43.0303257072328,42.9654091979876,42.8952916025002,42.8356991600643,42.7958735024618,42.7779114662986,42.7787731640768,42.7930492087219,42.8151556584171,42.8405314557152,42.8660027811304,42.8896624523138,42.9105597771374,42.9283766135334,42.9431652823976,42.9551645002031,42.9646827547049,42.9720309446505,42.9774872512117,42.9812811837519,42.9835878431312,42.9845267485405,42.9841619590826,42.9825018548392,42.9794980538039,42.9750437598167,42.9689725950338,42.9610599294214,42.9510301840987,42.9385758802452,42.9233975634839,42.905278001974,42.8842080793515,42.8605823409839,42.8354724101858,42.8109551560174,42.7904060198906,42.7785615570309,42.7810389334653,42.802974300715,42.8466844665621,42.9089142265128,42.9791420475136,43.0408458681724,43.0765851986982,43.0751730104828,43.0369340001435,42.9735863289047,42.9028082003195,42.8410345895139,42.7984792388498,42.7780273059645,42.7770550956803,42.7902353802541,42.8118673650848,42.8372023872313,42.8628882951178,42.8868824606473,42.9081460452663,42.9263113873994,42.9414081534639,42.9536690098882,42.9634055719584,42.970936283205,42.9765485478017,42.9804813996313,42.9829192316419,42.9839905651814,42.9837683443035,42.9822699528226,42.9794563061746,42.9752301986141,42.9694348209233,42.96185426128,42.9522191636197,42.9402228763203,42.9255566508086,42.907976699089,42.887420270515,42.8641895474078,42.8392149065742,42.8143821684857,42.7928478746376,42.7791644231886,42.7789147717691,42.7975025363505,42.837929802776,42.8979941850545,42.9682597691192,43.0327498045158,43.0735322564238,43.0779035941624,43.0443109520682,42.9831556422248,42.911902127805,42.8477361246119,42.8020095508859,42.7785777852334,42.7753585549567,42.787158720603,42.8081583407759,42.8333924240996,42.8592963641929,42.8836634108316,42.905346583095,42.9239166405673,42.9393743711397,42.9519439021278,42.96193961643,42.9696882138636,42.9754874838492,42.9795872747798,42.9821825482526,42.9834120503207,42.983358787584,42.9820503099743,42.9794580128747,42.9754955162369,42.9700168896507,42.9628163221913,42.9536320812497,42.9421596035818,42.9280816225721,42.9111274200935,42.8911779223513,42.8684360820786,42.8436773238916,42.818572702348,42.7960236815733,42.7803510944278,42.7770550232125,42.791780899013,42.8282521241104,42.8854543454997,42.9552714157722,43.0225280763945,43.068932966333,43.0801486003479,43.0523914071609,42.9943343544951,42.9229744237773,42.8562482486148,42.8068349361548,42.7797984927019,42.7737777958754,42.7837993539905,42.8039333598609,42.8289668533346,42.855079546008,42.8798621302761,42.902031619618,42.9210797459076,42.9369689443571,42.9499105979262,42.96022075276,42.9682348844242,42.9742624149466,42.9785654963227,42.9813511619194,42.982769820628,42.9829159135202,42.9818284974921,42.9794908074426,42.9758287215151,42.9707087458797,42.9639368943324,42.9552609546393,42.9443804486723,42.9309714468497,42.9147374537081,42.8955024081328,42.8733655667433,42.8489359626254,42.8236470885683,42.8001064959289,42.7823465641544,42.7757163522125,42.7860478905842,42.8177902528275,42.8712382019728,42.9398590742301,43.0096209440404,43.0621200636283,43.0813443451731,43.0609038479497,43.0072126062301,42.9364030929199,42.8670770722252,42.8134303101035,42.7820325490093,42.7724934782903,42.7801946278342,42.7991277697347,42.8238018558332,42.8500889316804,42.8753274291977,42.8980607237208,42.9176770664483,42.9340866733109,42.9474815456484,42.958177139069,42.966517826303,42.9728259028049,42.9773774787728,42.9803933792263,42.9820373242551,42.9824167446118,42.9815837019534,42.9795347736243,42.9762096802191,42.9714891157886,42.9651929290561,42.9570807828958,42.9468590275164,42.9342001245541,42.9187848108097,42.900382093497,42.8789867396426,42.8550343044057,42.8297018798384,42.805265345779,42.7854055689877,42.7752332797469,42.7806756417951,42.8068625943406,42.8554776013903,42.9218386120755,42.9934805978537,43.0522844767307,43.0806658671115,43.0692881014821,43.0216655651066,42.9524817638337,42.8807691612946,42.8223880614683,42.7857622435168,42.7718079228923,42.7764687975776,42.793728291496,42.8177968593337,42.8441800648786,42.8699017925947,42.8932820550253,42.9135719952114,42.9306097324777,42.9445577630446,42.9557269302114,42.9644698988921,42.971122917134,42.9759778109131,42.9792711131471,42.9811817061985,42.9818317384806,42.9812879093802,42.979561747545,42.9766084964269,42.9723249078825,42.9665468697241,42.9590486309446,42.9495467715418,42.9377143714256,42.9232143961273,42.9057661490332,42.8852638268108,42.8619687701624,42.8367901467138,42.8116403870684,42.7897854526469,42.7759957084946,42.7761638308814,42.7959916502986,42.8385572327997,42.9012576907963,42.9736733352886,43.0385373797415,43.0770147075739,43.0766100542175,43.0372333418539,42.9713149542552,42.8978545780026,42.8344123964406,42.7916382030266,42.7721879708657,42.7728739703559,42.7878045232175,42.8108952012593,42.8372245104866,42.8634265202843,42.8875335014444,42.9086138860879,42.9264055645462,42.9410263839473,42.9527758472389,42.9620130596089,42.9690888790269,42.9743125939162,42.9779385162943,42.9801627315994,42.9811239974193,42.980905400088,42.9795350978114,42.9769855731999,42.9731715343289,42.9679471799707,42.9611042463525,42.9523734016043,42.9414335329632,42.9279366662044,42.9115608561922,42.8921089038179,42.8696750497124,42.8448994674783,42.8193108611053,42.7957047293957,42.7784037205252,42.7731040647955,42.7858992449233,42.8211634398632,42.8785072018957,42.9500313695562,43.0200458378017,43.0690733669153,43.0815045198117,43.0529802247625,42.9926603039607,42.918732931658,42.8502739262318,42.8004920886346,42.7743094921543,42.7698421071369,42.7815538265819,42.803116570721,42.8291302348392,42.8557527880222,42.880647481332,42.9026390944733,42.9213259019075,42.9367587551264,42.9492149821131,42.9590562155841,42.96664772923,42.972317807039,42.9763406843394,42.9789318532661,42.9802487259521,42.9803926277523,42.9794100645225,42.9772924546319,42.9739742964136,42.9693302943858,42.9631725485123,42.9552498278182,42.9452525795271,42.932830084149,42.9176303782384,42.8993790996702,42.8780189007053,42.8539325025635,42.8282611603196,42.8032915297375,42.7827998275691,42.7721068840961,42.7774531125869,42.8042871297581,42.8544138151192,42.9228365783927,42.9962546126934,43.055469846544,43.0822007964845,43.0673715243841,43.015724768163,42.9434831803745,42.8706952178511,42.8133077199841,42.7790886302888,42.7680426315177,42.7753601472573,42.7946044714349,42.8198746060978,42.8467619962552,42.8724620302907,42.8954760354175,42.9152082602899,42.9316100218029,42.9449194967774,42.9554936270392,42.963710362232,42.9699179507203,42.9744126117834,42.9774315522616,42.9791530207496,42.9796985283415,42.9791346689821,42.9774734334605,42.9746708019506,42.970623964995,42.9651680104753,42.9580736164771,42.9490485691249,42.9377482065528,42.9238035847821,42.9068814126124,42.8867958993833,42.8636968639851,42.8383541164612,42.8125326373079,42.7893882166231,42.7736941950479,42.7715530271239,42.7891478954203,42.8302622200149,42.892984446919,42.9671718330631,43.0350808480146,43.0767017674114,43.0782441374173,43.0389585581313,42.9715967768484,42.8961371769542,42.8311135186219,42.7876711095864,42.7684298583234,42.769861460565,42.7856895378791,42.8095534331504,42.8363993075327,42.8628416119471,42.8869569688125,42.9078819252558,42.9254216747436,42.9397492869394,42.9512046463388,42.96017400629,42.9670253976985,42.9720787149432,42.9755951701896,42.9777761250633,42.9787653075218,42.9786511571167,42.9774677965033,42.9751941906864,42.9717516824206,42.9670005273907,42.9607365732307,42.9526901743549,42.9425312281485,42.9298873112128,42.914386618482,42.895743556212,42.8739107659835,42.8493223515227,42.8232391397955,42.7981612563223,42.7781768485901,42.7689651462169,42.7770219848133,42.8076923597057,42.8620433859663,42.9336389470765,43.0074484999365,43.0631707156406,43.0829776357633,43.0599465346159,43.0016813339119,42.9264767925661,42.854755481417,42.801335569857,42.7722483951188,42.7660088879887,42.7769629054296,42.7984465234407,42.8247234862182,42.8517113303061,42.8769398325184,42.8991811189844,42.918029127477,42.9335531723132,42.9460559689196,42.9559234388439,42.9635411254586,42.9692534255731,42.9733475943743,42.9760503805137,42.9775298139783,42.9778979520218,42.9772125353865,42.9754768223941,42.9726376218005,42.9685819831988,42.9631333907839,42.9560489632841,42.9470204885559,42.9356845801171,42.9216512745436,42.9045661369313,42.8842276087255,42.8607858913271,42.8350447774027,42.8088596498108,42.7855534692487,42.7701424758723,42.7689946992333,42.7884474525284,42.8321216676463,42.8974507932778,42.9731937491333,43.0405011185175,43.0789555156876,43.0755461143998,43.0312583375028,42.9606254837384,42.8845327167928,42.8212614107004,42.7809470671833,42.7650828265511,42.7693410299629,42.7870926910865,42.8119724425539,42.8391067961051,42.8653431852287,42.8889682787277,42.9092767986948,42.9261785919387,42.9399079437292,42.9508352404997,42.9593577635818,42.9658435738049,42.9706073354724,42.9739032568221,42.9759257274768,42.976812187385,42.9766454180142,42.975454110838,42.9732115284745,42.9698325844129,42.9651699847798,42.9590105009175,42.9510733486943,42.9410144919297,42.928443949844,42.9129682300482,42.8942766283169,42.87229662961,42.8474450769016,42.8209875726208,42.7954709712596,42.7750920508041,42.765705594071,42.7740154681099,42.8055108385499,42.8611915357202,42.9342246086487,43.0089059314076,43.0642956354665,43.0824035452504,43.0568481133109,42.9962341123247,42.919747400301,42.8481379469812,42.7959467540159,42.7686133978585,42.7640850342227,42.776353551668,42.7986354151327,42.8252372614171,42.8521950681495,42.8771694413995,42.899042893779,42.9174887955777,42.9326266158087,42.9447864464651,42.9543660434775,42.9617534215122,42.9672906682543,42.9712609649306,42.9738869165985,42.9753330302584,42.9757084730516,42.9750683702302,42.9734131668312,42.9706862452851,42.9667703178379,42.961483382035,42.9545755885167,42.9457296521924,42.9345699337438,42.9206894960641,42.9037104747457,42.8834002303329,42.8598709606357,42.8338863206474,42.8072708693908,42.7833459761332,42.7671820070142,42.7652797266035,42.7841854597481,42.8277507048588,42.8935453403267,42.970239816814,43.0386321574738,43.0778324518089,43.0745159261,43.0297178371172,42.9583352558916,42.8816720251228,42.8182393702533,42.778150606074,42.7627215996612,42.7674279965499,42.7855090906302,42.8105505519695,42.8376910988654,42.8638206063276,42.887274374056,42.9073886088162,42.9241026845587,42.9376686881954,42.9484655901824,42.9568931253434,42.9633184652759,42.968054148841,42.9713523423493,42.9734060640464,42.9743520619516,42.9742727493807,42.9731962813548,42.9710947799388,42.9678811446429,42.9634050874974,42.9574493372813,42.9497277660435,42.9398889817098,42.9275322118723,42.912247459486,42.8936987863525,42.8717765563631,42.8468467368968,42.8201124234893,42.7940566358012,42.7728343453029,42.7623192641602,42.7693418251224,42.7996554440983,42.8546320231997,42.9277923059947,43.0035675712307,43.0607790728261,43.0808643993084,43.056806815601,42.9968387031737,42.9201762288721,42.8478841767911,42.7948687327468,42.7668167424643,42.7617678080915,42.773700253914,42.7957758247056,42.8222481047866,42.8491179856662,42.8740288122939,42.8958574638465,42.9142770374078,42.9294079128318,42.9415803056513,42.9511909159011,42.9586259900271,42.9642258782545,42.9682726788893,42.9709888599231,42.9725396435669,42.973035362289,42.9725322054716,42.9710310654548,42.9684748244885,42.9647446638428,42.9596561287187,42.9529561236882,42.9443231976942,42.9333759169715,42.9196983007078,42.9028974084346,42.882715523624,42.8592251079244,42.8331316211955,42.806183399581,42.781618073475,42.764443009676,42.7611679113525,42.7784867298192,42.8205861389794,42.8855280934827,42.9624665668096,43.0324012076309,43.0741412480262,43.0736002919244,43.0309413113383,42.9605114788899,42.883593095575,42.8190828848083,42.7776004520309,42.7608574368911,42.7645329902607,42.7819100943547,42.8065296664858,42.8334571551316,42.8595141171682,42.882984409,42.9031697664584,42.9199878373342,42.933677205112,42.9446082553681,42.9531751416069,42.9597415633328,42.9646183419028,42.9680574666486,42.9702530008426,42.9713434550195,42.971413086316,42.9704913456472,42.9685506397532,42.9655029611094,42.9611960525334,42.9554099653285,42.9478555683413,42.9381782681102,42.9259734253986,42.9108250894709,42.8923865849844,42.8705286354822,42.8455834653835,42.81870151795,42.7922934261138,42.7704318141741,42.7589274558834,42.7646224768382,42.7934289546006,42.8470744912368,42.9195903131803,42.9958825793511,43.0549189302965,43.0777483098114,43.0565217159992,42.9985900656071,42.9226691082314,42.84986920731,42.7955312126367,42.765872684487,42.7593392036172,42.7701177281243,42.7914157710027,42.8174400211143,42.8441114286486,42.8689952314759,42.890906090917,42.9094726855986,42.9247856089873,42.9371557509565,42.9469675092957,42.9545995426984,42.9603879379565,42.9646130008077,42.9674972219138,42.969206996269,42.9698542449733,42.9694964197841,42.9681347300441,42.9657110732682,42.9621043445076,42.9571268693763,42.9505220516326,42.9419654248101,42.9310736714891,42.9174303020583,42.9006427550343,42.8804529945762,42.8569294199529,42.8307650455929,42.8036817824071,42.7788727415894,42.7612855426401,42.757373495162,42.7738199017439,42.8149089005203,42.8789585240341,42.9555135329227,43.0259476511848,43.0691852809789,43.0708260931637,43.030368627865,42.961467072104,42.8850217003561,42.8199794439293,42.777313391582,42.7591629955919,42.7615384688346,42.777898944547,42.8018303490442,42.8283648243384,42.8542591403762,42.8777299426171,42.8980224559846,42.9150117060984,42.9289060861796,42.9400553980728,42.9488401732073,42.9556154615727,42.9606870223166,42.9643043575168,42.9666607574304,42.967894836859,42.9680910054192,42.9672781685902,42.9654269502496,42.9624461143138,42.9581789388053,42.9524004289439,42.9448168963287,42.9350710913723,42.9227592722507,42.9074716882334,42.8888747610324,42.8668601499344,42.8417882026986,42.8148409115242,42.7884551415629,42.7667096426369,42.7553827817644,42.7612333846865,42.7900515142259,42.8434594994017,42.915493361824,42.9912490482327,43.0500334168639,43.0731984704456,43.0529316439477,42.9962763001381,42.921462562296,42.8492152726789,42.7947643038993,42.7644716697421,42.7570451929436,42.7669167829324,42.7874529766756,42.8129279668926,42.83926480627,42.8639963783621,42.885893564616,42.9045428204882,42.9199994948206,42.9325472973768,42.9425506693127,42.9503741389231,42.956344133267,42.9607346093027,42.9637640172021,42.9655960966277,42.9663406164603,42.9660525640565,42.9647297056025,42.9623091128976,42.9586634514354,42.9535978830522,42.94684877012,42.938086468826,42.9269268924665,42.9129606659162,42.8958146940087,42.8752679846813,42.8514485527417,42.8251338929342,42.798150097105,42.7737943840771,42.7570768210875,42.754408140543,42.7722589297089,42.8145139846822,42.8790043854226,42.9549379566765,43.0237752383342,43.065037089616,43.0651646830813,43.0242554906449,42.9559833984342,42.880762157249,42.8169147730894,42.7749937834797,42.7570328692246,42.759165263152,42.775055876517,42.7984728232406,42.8245643335023,42.8501389679354,42.8734205302506,42.8936373281872,42.910638228878,42.924604781215,42.9358632118256,42.9447749734757,42.9516803948735,42.9568741596283,42.9605974434665,42.9630370354477,42.9643259801117,42.964543218301,42.963711574043,42.9617944571577,42.9586920680026,42.9542379974623,42.9481972886638,42.9402677276755,42.9300878759864,42.9172586458567,42.9013903413526,42.8821936827105,42.859639451255,42.8342118339113,42.8072646373177,42.7814400295183,42.7610074910393,42.7518261642698,42.7604895135878,42.7922536017828,42.8478453914761,42.920308984028,42.9941713792551,43.0490957854677,43.0677570722502,43.0440103284928,42.9860015696074,42.9119867046838,42.8418524013676,42.7897631873383,42.7613226588955,42.7549566507747,42.7651754850072,42.7855828844547,42.8106961911479,42.8366168145194,42.8609801342806,42.8826001564905,42.9010693020583,42.9164298665041,42.9289453020002,42.9389590650008,42.9468168664209,42.9528293012975,42.9572572426324,42.9603081142463,42.9621358627021,42.9628408947394,42.9624685640183,42.9610061849278,42.9583792429118,42.9544477204539,42.9490035989322,42.9417710501072,42.9324120911706,42.9205430558431,42.9057715221649,42.8877692788955,42.8664032907887,42.8419497215722,42.8154076684908,42.7888948861045,42.7660286702069,42.7520613475403,42.7533843288919,42.7759640144129,42.8225637651326,42.8894444947777,42.9644083391118,43.0285565302768,43.0626570902606,43.0556298096347,43.0100245127554,42.9406758412694,42.8675098949396,42.8073535986569,42.769219144488,42.7541730565667,42.7580494664535,42.7746626767078,42.7981077946137,42.8238539724438,42.848945801872,42.8717486390389,42.8915585506447,42.9082448211209,42.9219836648571,42.9330845414658,42.9418888310566,42.9487173554417,42.9538471874629,42.957503791983,42.9598595794953,42.9610338292413,42.9610916649063,42.9600415192269,42.9578315097208,42.9543455978722,42.9494006099987,42.9427455359842,42.93406545152,42.9229944344262,42.9091454095516,42.8921700929496,42.8718683844973,42.8483710025981,42.8224154945008,42.7957120118333,42.7713340870792,42.7539567037391,42.749613213159,42.7645420883664,42.8028414781956,42.8632793000392,42.9366953470781,43.0062796810077,43.0523305858375,43.0602944470295,43.0277055132077,42.965389813464,42.8920840911065,42.8262032178824,42.7796909330036,42.7563264716315,42.7536027660846,42.765890088393,42.7870993837442,42.8121872289458,42.8376435316043,42.8613767841883,42.8823619087446,42.9002688841165,42.9151651404336,42.9273107372384,42.9370326779369,42.9446558278738,42.9504696391401,42.9547149488558,42.9575802881036,42.9592013433888,42.9596602875738,42.9589837722258,42.9571396403733,42.9540330894916,42.9495033452431,42.94332222879,42.9351967322552,42.9247793388188,42.9116927992406,42.8955806541987,42.8762005646308,42.8535825297367,42.8282733326625,42.8016721197498,42.7764143755726,42.7566667455209,42.7480557819354,42.7568298501483,42.7879049421282,42.8419042356164,42.9122562058293,42.984411880686,43.0391410106181,43.0597236897405,43.0395849375299,42.9855252742218,42.9142927468821,42.844907227716,42.7915987174844,42.7606933182021,42.751503096919,42.759220860293,42.7778023464548,42.8018347177056,42.8273196931107,42.8517260950278,42.8737003059497,42.8926970497264,42.9086587875264,42.921783084366,42.9323732117365,42.9407519065652,42.9472170534644,42.9520221808597,42.9553697520727,42.9574096532667,42.9582386348697,42.9578988096654,42.9563748255574,42.9535902137574,42.949403893845,42.9436081881391,42.9359303341361,42.9260408333596,42.9135744986696,42.8981740747938,42.8795716150978,42.8577279573127,42.8330516510613,42.8067072188232,42.7809849164444,42.7596241263445,42.7478561221586,42.7517999197386,42.7768357553176,42.8249097706961,42.891539158737,42.9643156697961,43.0249927286019,43.0556953818665,43.0467065074626,43.0011598927436,42.9334363755302,42.8623986938581,42.8038936443202,42.7664705921269,42.7512582833756,42.7544355639728,42.7701921963146,42.7928898050791,42.8181262305068,42.8429681929032,42.8657427433442,42.8856847934291,42.9026025331761,42.9166216030972,42.9280138469135,42.9370942835797,42.9441654169993,42.9494908427425,42.9532849203024,42.95570980428,42.9568746927213,42.9568347166869,42.9555886159744,42.9530754144947,42.9491709385155,42.9436854731715,42.9363644629036,42.9268953415505,42.9149257722201,42.9001021334315,42.8821419522135,42.8609590664367,42.8368623257769,42.8108405167648,42.7849156855627,42.7624785992269,42.7484059325233,42.7486264258718,42.7687566930004,42.8116612378203,42.8744825691353,42.9466892859107,43.0112202220373,43.0497441923841,43.0502688700626,43.012804462223,42.9493152654486,42.8780037901725,42.8157417192735,42.7729074397088,42.7523208568722,42.7512081056673,42.7641258275118,42.7853364644113,42.8101229274701,42.8352003682398,42.8585991117498,42.8793403154538,42.8970958375694,42.9119143542314,42.9240309440851,42.9337484104951,42.9413704842177,42.9471683639676,42.9513664130701,42.9541373582587,42.9556010478537,42.9558235635417,42.9548153655575,42.9525283728066,42.9488526418407,42.9436138508896,42.9365734200095,42.9274341825323,42.9158564875519,42.9014928168977,42.8840534774681,42.8634208372086,42.839832169444,42.8141452984781,42.7881759241304,42.7650359837529,42.749298841521,42.7466880879883,42.7629177066834,42.8014771632677,42.8607434466833,42.931752240014,42.9986339346906,43.043035853017,43.0513892580838,43.0211667553418,42.96208072377,42.8914041866881,42.8265693283696,42.7793886698816,42.7541734702508,42.7491742833743,42.7593884605391,42.7790774088663,42.8032920142793,42.8284517032926,42.8523216213507,42.8737237342072,42.8921980531657,42.907715663555,42.9204722030076,42.9307551888021,42.9388668556962,42.9450838277397,42.9496387418722,42.9527133900391,42.9544367495369,42.9548841382175,42.9540757452485,42.9519741309854,42.9484811618785,42.9434354733246,42.9366122121329,42.9277278466217,42.9164546420501,42.9024523390161,42.8854287316618,42.8652455489682,42.8420889418419,42.8167195238925,42.7907953423454,42.7672084041406,42.7502805467303,42.7455401092332,42.7587186608801,42.7937246663662,42.8498578786445,42.9194204071304,42.9876335640332,43.0363622184283,43.0509844304211,43.0269796469998,42.9720851116454,42.9025539156034,42.8360502844805,42.7854692639735,42.7563832297642,42.7479858797435,42.755737598437,42.7739655526359,42.7975587255758,42.8226956282718,42.8469121513063,42.8688513746759,42.8879310779689,42.9040479785686,42.9173581597042,42.9281323151031,42.9366692818395,42.9432493305072,42.9481118466776,42.9514463492828,42.9533896428934,42.9540248641249,42.953380295208,42.9514272539318,42.9480773285098,42.9431799254009,42.9365217963934,42.9278312286033,42.9167912891007,42.903069262829,42.8863733294955,42.8665520393003,42.8437551965728,42.8186714326448,42.7928388810512,42.7689777239955,42.7512055513227,42.7448769581661,42.7556990668221,42.7878582934809,42.8413374496005,42.909439668518,42.9783298358094,43.0301977349883,43.0497384804719,43.0309019987345,42.9797650088885,42.9115892004026,42.8440618411773,42.7908722511184,42.7586256130083,42.747344684124,42.7529364369984,42.7698317229787,42.7928121349957,42.8178647058611,42.8423324885811,42.8647029301779,42.8842845877046,42.9009059488249,42.9146855822074,42.9258772441468,42.934775324077,42.9416624269173,42.9467834142567,42.9503343671226,42.9524588010486,42.9532464974646,42.9527325035127,42.9508953593644,42.947654638052,42.9428686407591,42.9363338262866,42.927788567285,42.916925468226,42.9034190877243,42.8869796198787,42.8674474358175,42.8449465020181,42.8201120678224,42.7943911108361,42.7703702341052,42.7520034109771,42.7444968622966,42.7535143854966,42.7834260103119,42.8347183507363,42.9014747724732,42.9706466018315,43.0247747304318,43.0481208772078,43.0334775323688,42.9855660919711,42.9187529312737,42.8506321156822,42.7954657220171,42.7606855405995,42.7470177132213,42.7507744494995,42.7665049899217,42.7889225802969,42.813864478708,42.8385149423681,42.8612295539609,42.8812223250156,42.8982614913324,42.9124317138008,42.9239708576056,42.9331685894669,42.9403090132379,42.9456414781644,42.9493676527356,42.9516368212477,42.9525444440099,42.9521312674874,42.9503818309696,42.9472222921873,42.9425182973908,42.9360743891567,42.9276374626892,42.9169083813322,42.9035683695148,42.8873303652026,42.8680297226124,42.8457717966727,42.8211518107682,42.7955469529315,42.7714397658185,42.7526539234913,42.7442721467639,42.7519096854963,42.7800590533972,42.8295803901576,42.8951619559774,42.9643955319099,43.020154201688,43.0464260940974,43.0351308452135,42.989903820042,42.9243410273584,42.8558923852082,42.7992320637033,42.7624448094239,42.7468384198494,42.7490765373115,42.763824979435,42.7857541310709,42.8105846170385,42.8353717071756,42.8583615126206,42.8786883365048,42.8960689401152,42.910558613512,42.9223811966207,42.931821985188,42.9391661842472,42.9446669352183,42.9485307261893,42.950911845115,42.9519106564754,42.9515727713264,42.9498877811035,42.9467873382172,42.9421432032991,42.9357666720239,42.9274118175877,42.9167865567127,42.9035779821092,42.8875018567165,42.8683902658645,42.8463345754628,42.8218990793917,42.7964063586189,42.772256734318,42.753169608981,42.7441262437144,42.7506957892825,42.7774558461362,42.8255492030096,42.890136402769,42.9593257932931,43.0162827310849,43.0448171198441,43.0361826430202,42.9931490978578,42.9286692977121,42.8600398820986,42.8022378091719,42.7638636508632,42.7466994125151,42.747703856644,42.7616474081503,42.783172160007,42.80790682611,42.8328022164018,42.8560146385001,42.8766124837639,42.8942697174395,42.9090171306719,42.9210668723438,42.9307006671909,42.9382047912284,42.9438357633284,42.9478043396955,42.9502692323651,42.9513351226302,42.9510518645283,42.9494134045506,42.9463560834032,42.9417568468536,42.9354327043975,42.9271438023328,42.9166040294206,42.9035054547302,42.8875662662473,42.8686158997092,42.8467342137378,42.8224600969466,42.7970714037725,42.7729012503806,42.7535837950941,42.7440168518232,42.7497299096624,42.7753655859325,42.8222905476305,42.8860440658543,42.9551545026011,43.0130339519437,43.0433638821019,43.0368718397879,42.9956285700516,42.9320558824095,42.8633117553188,42.8046083085877,42.7649617107667,42.7465413726014,42.7465496776422,42.7598448409522,42.7810469653447,42.8057097750083,42.8306983702998,42.8540953010937,42.8749149112833,42.8927962347579,42.9077502680109,42.9199799549584,42.9297645214763,42.9373915707162,42.9431208402076,42.9471670212458,42.9496928644104,42.9508069706605,42.9505630210197,42.9489588531042,42.9459349522394,42.9413728031005,42.9350943718995,42.9268650189105,42.9164036759121,42.9034064627572,42.8875932235267,42.8687904288694,42.8470670880416,42.8229391130602,42.7976448387588,42.7734590235627,42.7539429439023,42.7439243567853,42.7489012577689,42.7735742931244,42.8195020895868,42.8825447622987,42.9515837522773,43.0102363360792,43.042073062917,43.0373771931377,42.9976317116756,42.934813931621,42.8659685353853,42.8065086305895,42.765801492332,42.74634150466,42.7455330938337,42.7583046789701,42.7792546791076,42.8038716888722,42.8289478904824,42.8525039278772,42.873509397976,42.8915749183188,42.9066958333602,42.9190682603308,42.9289701176759,42.9366908010578,42.9424933348225,42.9465962277773,42.9491660840957,42.9503152227756,42.9501009399658,42.9485247243523,42.9455309102995,42.9410051428707,42.9347738595773,42.9266070213486,42.9162278430897,42.903335578262,42.8876506697989,42.8689955132804,42.8474273302251,42.8234387288914,42.798229506184,42.7740192162252,42.7543022268007,42.7438446701117,42.7481214836214,42.7718945694739,42.8169057429151,42.8793110782579,42.948308797092,43.0076899285561,43.0409085735966,43.0378346245418,42.9994195185644,42.9372501215515,42.8682848116102,42.8081306224278,42.766475713047,42.7461036037126,42.7445926212935,42.756926020333,42.7776766142575,42.8022713237509,42.8274361971764,42.8511372602691,42.872305657893,42.890528367585,42.905788368703,42.9182770230586,42.9282721309352,42.9360654906103,42.9419236815806,42.9460691230419,42.9486722929203,42.9498492275658,42.9496608317885,42.9481122245281,42.945151532249,42.940668438509,42.934493630217,42.9264013015328,42.9161183742959,42.9033463637629,42.8878050365996,42.8693109281177,42.8479071240458,42.824060113912,42.7989282529675,42.7746736940243,42.7547236548204,42.7437858202498,42.7473196407813,42.7701595700826,42.8142422604196,42.8760259164396,42.945020637952,43.005174404378,43.0398030751127,43.0383483963958,43.0012316126326,42.9396658353809,42.8705450373246,42.8096854846224,42.7670991045166,42.7458509131021,42.7436810215281,42.7556165823837,42.7761979657857,42.8007879562395,42.8260472078537,42.8498895759113,42.8712107145095,42.8895767106071,42.9049603918666,42.9175499808053,42.9276242555328,42.9354781224684,42.941382163463,42.945563006766,42.9481952324544,42.9493987990011,42.9492384206959,42.9477230427563,42.9448047593359,42.9403774199025,42.9342759979564,42.9262788032938,42.9161160913484,42.9034908558085,42.888120772298,42.8698141824317,42.8485964676395,42.8249029523547,42.7998440630093,42.7755172731139,42.7552762629894,42.7437677940943,42.7464413816092,42.7682214034167,42.8112690702393,42.8723804988747,42.9414052280782,43.0024502854411,43.038661186729,43.0389952870022,43.0032898146276,42.9423588281708,42.8730428280315,42.8114011286779,42.7678047542125,42.7456223998633,42.7427621801506,42.7542904926875,42.7747065316898,42.7993008812181,42.8246633946675,42.8486530944102,42.8701294828043,42.8886382389261,42.9041430046216,42.9168299096916,42.9269796443174,42.9348909877782,42.9408391349876,42.9450554244441,42.9477189773258,42.9489540876859,42.948829688613,42.9473589624865,42.9444983746949,42.9401463126005,42.9341423319236,42.9262689999151,42.9162597632973,42.9038184570303,42.888659212366,42.8705794555095,42.8495823062069,42.8260649482002,42.8010801448142,42.7766485975004,42.7560379074414,42.7438251984159,42.7454521282204,42.7659541071901,42.8077621113379,42.8680742041479,42.937141008769,42.9992547629258,43.0373549581898,43.0398212159593,43.0057967862569,42.9456237408456,42.8760824647863,42.8135236681525,42.7687449528302,42.7454728217516,42.7418105962532,42.7528675142501,42.7730919379535,42.7976887901027,42.8231653668573,42.8473177473841,42.8689646786549,42.8876294012533,42.9032659221797,42.9160586523795,42.9262909088337,42.9342661391278,42.9402649144114,42.944523985297,42.9472276653429,42.9485052081188,42.9484303830662,42.9470212325213,42.9442392199007,42.9399878832527,42.9341119165894,42.9263985610457,42.916584582431,42.9043742435992,42.8894767743982,42.8716757888976,42.8509469077689,42.8276406717774,42.8027396462987,42.7781712037821,42.7570981522352,42.744012238168,42.7443439176774,42.7632613381733,42.8035224437807,42.862817653201,42.9318965006918,42.9952935571803,43.0357121459905,43.0408297455921,43.0089283507248,42.9497498708968,42.8799813688267,42.8163224261286,42.7700965025574,42.7454769103738,42.7408139609041,42.7512741859652,42.7712457745047,42.7958293403927,42.8214312000986,42.8457704646273,42.8676161570205,42.8864642238311,42.9022569710534,42.9151766736637,42.9255097084851,42.9335649892442,42.9396293690235,42.9439459116889,42.946704987939,42.9480416455503,42.9480353138385,42.9467097247729,42.9440321833348,42.939912227016,42.9342005070714,42.926689648289,42.917120182088,42.9051967076005,42.8906224658494,42.8731644663652,42.8527653263686,42.8297194665571,42.8049245543075,42.7801941554512,42.758561490145,42.7444092456808,42.7431453887625,42.7600888080083,42.7983885241542,42.8563408311731,42.925330230057,42.9902307802614,43.0334981165511,43.0419617981469,43.0128177199714,42.955014135185,42.885071942295,42.8200976561578,42.7720704168897,42.7457380587203,42.7397793889561,42.7494474293387,42.7690630920587,42.7935992464367,42.819335738083,42.8438941230024,42.8659797716143,42.8850532156989,42.9010410928165,42.9141221696086,42.9245859491222,42.9327475733382,42.9389012120312,42.9432973400842,42.9461334637497,42.9475514691846,42.9476374704851,42.946421917786,42.9438790079379,42.9399253541592,42.9344186462042,42.9271579134354,42.9178882709411,42.9063149969777,42.8921347333661,42.8750955431019,42.8551017983925,42.8323820850788,42.8077332060091,42.7828313868641,42.7605497691183,42.7451295089063,42.7419338616288,42.7564411180466,42.7922550183169,42.8484085533178,42.9170963050257,42.9836799983192,43.0303931157112,43.0430661246614,43.0175293028637,42.9616661971037,42.8917002491884,42.8251895881828,42.7749257416673,42.7464019740786,42.7387440663555,42.7473413856227,42.7664458829303,42.7908753405854,42.8167501638164,42.8415663430959,42.8639458657497,42.8833018216666,42.8995388892146,42.9128297509035,42.9234666048212,42.931771486959,42.9380470243809,42.9425523909446,42.9454935189925,42.9470203838361,42.9472270036373,42.9461517624311,42.9437769910183,42.9400276672657,42.9347698547642,42.9278103294401,42.9189000266961,42.907745795285,42.8940377697353,42.8775035710022,42.8580049837311,42.8356957388706,42.81125575884,42.7861986598778,42.7632022414048,42.7463244455591,42.740847572039,42.752401775066,42.785098538897,42.8388459009313,42.906860278555,42.9752017218865,43.0259685931208,43.0438610570425,43.0230194321738,42.9699013973823,42.9002174178052,42.8319861884075,42.778986621842,42.747675682986,42.7377913073944,42.7449385817342,42.7633094809896,42.7875372939168,42.8135423012489,42.8386584194299,42.8613975609403,42.8811085146684,42.897664756493,42.9112287247707,42.9220941763651,42.9305905099447,42.9370300143158,42.9416820263574,42.9447624027825,42.946430660985,42.9467901276595,42.9458885081654,42.9437176798918,42.9402124627884,42.9352488626323,42.9286430581147,42.9201534872358,42.9094901030482,42.8963375395895,42.8804027336367,42.8615021380935,42.8397073986559,42.8155670364305,42.7904069345545,42.7666712558758,42.7481843564145,42.7400948473757,42.7481535929757,42.7770092877339,42.8275757559448,42.8943310150564,42.9643152497516,43.0196696577485,43.043890643015,43.0290819762658,42.9798158147117,42.9109573469737,42.8409248637475,42.7846603758729,42.7498517802173,42.7370731260429,42.7422669166263,42.7595932620062,42.7834730678444,42.8095783911225,42.8350348616276,42.8582091314843,42.8783626929751,42.8953247000717,42.9092410244314,42.9204048137281,42.9291529349248,42.9358085327247,42.940652719183,42.9439129720135,42.9457599995911,42.9463080159947,42.9456155881751,42.9436856956128,42.9404646310666,42.9358401052538,42.9296396370783,42.9216312854355,42.9115303298758,42.8990179821999,42.8837818607025,42.8655926197174,42.8444355422555,42.8207165210145,42.7955511894465,42.7711115398969,42.7509313487895,42.7399555488954,42.7439943460277,42.7682247778485,42.814668335063,42.8793140342126,42.9505354327376,43.0108156841759,43.0424833799437,43.035279705253,42.9913374667704,42.924191597911,42.8524799871871,42.7924517195885,42.7533364338888,42.7368401037089,42.7394242598754,42.7552775609661,42.7785887042138,42.804727521958,42.8305543424234,42.8542449699652,42.8749426890526,42.8924140108006,42.9067788923602,42.918326166769,42.9273996434017,42.934334379439,42.9394249700767,42.9429123904293,42.9449803760817,42.9457557702777,42.945309673987,42.9436578342276,42.9407597544022,42.9365167488744,42.9307698294267,42.9232991686581,42.9138282523194,42.9020380697839,42.887600114804,42.8702415899443,42.8498611572567,42.8267160121384,42.8016945265997,42.7766616455211,42.7548010766861,42.7407690304905,42.7403398263459,42.7591574490741,42.8003976601309,42.8617884610981,42.9334456533659,42.9986366909575,43.0387301053224,43.0408693338709,43.0041303190062,42.9400503980513,42.8671236827832,42.8029638572225,42.7586766788754,42.7374780062159,42.7366123108329,42.7504091859471,42.7728247078759,42.7988705023994,42.8250733305745,42.8493600012824,42.8707144431758,42.888815152461,42.9037425382573,42.9157751069056,42.9252620267495,42.9325509733387,42.9379517346403,42.9417208035114,42.9440569527251,42.9451015479493,42.9449400086311,42.9436025898052,42.9410637966187,42.9372405056775,42.9319894894893,42.9251057804034,42.916324478529,42.9053305707577,42.8917844505803,42.8753752788735,42.8559196016439,42.833526620928,42.8088489046398,42.7834178474978,42.7600114132047,42.7429032395862,42.7377045723088,42.7504028776406,42.7852918304024,42.8420011970062,42.9128137931579,42.9823663505425,43.0315082849098,43.044741145297,43.0174766044873,42.9584002301292,42.8852430247845,42.8168707568432,42.7665770785827,42.7395473315341,42.7341800933883,42.7451379040664,42.7661818554794,42.791915685463,42.8184543436447,42.8434029235285,42.8655317804309,42.8843964864195,42.9000181885715,42.9126556018702,42.9226599491014,42.9303915300178,42.9361768717102,42.940290081178,42.942947127497,42.9443059312324,42.9444681097144,42.9434802094644,42.9413335270164,42.937962434217,42.9332417216842,42.9269841055422,42.9189400070082,42.9088033756874,42.8962300831478,42.8808795565443,42.8624956755412,42.8410480874405,42.8169559159598,42.7914036815717,42.766719645897,42.7467027446911,42.736651616589,42.7427119112641,42.7701544285216,42.8205573983602,42.8887440345673,42.9614072854711,43.0195882783082,43.0454125316397,43.0301615763306,42.9786785138416,42.9069962897349,42.8348378098815,42.7778874098324,42.743815556179,42.732673907099,42.7397649946337,42.7587593131899,42.7838248792107,42.8105815105701,42.8362243373358,42.85923977876,42.8790128760892,42.8954772529446,42.9088572524247,42.9195001158047,42.9277775128533,42.9340338111617,42.9385627784101,42.9415998396573,42.9433216243035,42.9438479087049,42.9432433332824,42.9415177278258,42.9386247858027,42.9344594304724,42.9288547577594,42.9215802094461,42.9123439784786,42.9008049875947,42.8866034947435,42.8694245510844,42.8491143482607,42.8258730196389,42.8005418221274,42.7749750960542,42.7524202197188,42.7377090723115,42.7369126973575,42.7560285006677,42.7984690832159,42.8618321682775,42.9355626870602,43.001852628762,43.041131838996,43.0404138074854,42.9997106844209,42.9321013368945,42.8573647853559,42.7935329035004,42.7512614866538,42.732883225122,42.734801054946,42.750806526283,42.7746524511849,42.8013867037826,42.8276925446511,42.8516833828107,42.8725097636792,42.8899777627537,42.9042553285882,42.9156754605282,42.9246178114245,42.9314447790087,42.9364715624464,42.9399553067929,42.9420935906481,42.9430263790577,42.9428382139255,42.9415591229915,42.939163780719,42.9355691017471,42.9306309320705,42.9241410979294,42.9158271144283,42.9053587542457,42.8923688647954,42.8765005803825,42.8574990807704,42.8353714210843,42.810637608476,42.7846795718353,42.7601451773066,42.7412640058575,42.7337813855729,42.7440805224686,42.7771137942136,42.8332619451097,42.9052864656653,42.9776275269502,43.0301473173813,43.0459840804835,43.0195769566429,42.9595802901952,42.8845352471399,42.8143523635362,42.763018238293,42.735859949755,42.7310220077885,42.742785934033,42.7645989834516,42.7908892268906,42.8177201852248,42.8427240121597,42.8647329006725,42.8833697439105,42.8987135537797,42.9110664887537,42.9208093552643,42.928321114807,42.9339395053114,42.9379454776249,42.9405598113035,42.9419447328866,42.9422064905195,42.9413968877216,42.9395130446414,42.9364954021709,42.9322244560637,42.9265171663129,42.9191247493858,42.9097350219414,42.8979850771358,42.8834942420481,42.8659330324294,42.8451501659427,42.8213831588488,42.7955706214052,42.7697515764849,42.7474593867327,42.7338830775008,42.735406255297,42.7580679386772,42.8047641973235,42.8718538128146,42.9470592749962,43.0111511181364,43.0444500530864,43.0356426203763,42.9875412142661,42.9156939729575,42.8408196545942,42.7802128626314,42.7428734775899,42.7294988220729,42.7354344413021,42.7540757619497,42.779249750861,42.8063041661962,42.8322669627157,42.8555462628062,42.8755066059967,42.8920912796464,42.9055458533552,42.9162401496195,42.9245654424093,42.930881821978,42.935495628596,42.9386529549569,42.9405403443405,42.9412875360832,42.940969602463,42.9396073845091,42.9371660501601,42.9335521160524,42.9286096476112,42.9221168800821,42.9137855585599,42.9032673262553,42.8901749636916,42.8741314860206,42.8548666566797,42.8323862685641,42.8072389274178,42.7808865027035,42.75612952452,42.7374284928284,42.7307997322441,42.7428241804786,42.7783856403936,42.8373302136701,42.9113888157469,42.9838084726317,43.0337734378142,43.0448777623881,43.0131426544749,42.949145215218,42.8726678015052,42.8036717449505,42.7552547016252,42.7315605766271,42.7297973562781,42.743766505727,42.7668333593305,42.7935783345189,42.8203010744577,42.8448602399605,42.8662646050426,42.8842568371305,42.8989876299801,42.9107959110835,42.9200766281394,42.9272097861111,42.9325276648352,42.9363033686471,42.9387496656364,42.9400214999916,42.9402186136266,42.9393866753961,42.9375164853496,42.9345414584231,42.9303339469928,42.9247013174831,42.917383401838,42.9080544297363,42.8963352976817,42.8818264740644,42.8641780210497,42.8432200513681,42.8191807653121,42.7930115368881,42.7668038812294,42.744200678346,42.7305610133992,42.7324664871098,42.7560916135508,42.8042634274434,42.8729440909746,42.9491635014084,43.0129947014898,43.0445136475158,43.0329067544214,42.9820472725079,42.9085196319044,42.8335113004112,42.7740959643378,42.7386425198156,42.7271933054365,42.7346586221175,42.7542663011669,42.779871840001,42.8069483798704,42.8326701609525,42.8555713990862,42.875108344159,42.891282527254,42.9043713829856,42.9147584284221,42.9228375567685,42.9289657070093,42.9334438343114,42.936512456629,42.9383532487039,42.9390918849369,42.9387998064249,42.937494107984,42.9351355834482,42.9316253839923,42.9268010046404,42.9204327449107,42.9122227954696,42.9018111620401,42.8887962413119,42.8727833164289,42.8534811596296,42.8308731749889,42.8054892891981,42.7787861807804,42.7535873069165,42.7344203605528,42.7274210988895,42.7393252021215,42.7751482348714,42.8347495338831,42.9096711518894,42.9827862389771,43.0328940774562,43.0434470974932,43.0107025924196,42.9457237013681,42.8687281565232,42.7998309997105,42.7519895652471,42.7290644917529,42.7280036854767,42.7424582614889,42.7657561950347,42.7925146495171,42.8191008790992,42.8434420456367,42.8646016167401,42.8823592507823,42.8968867565969,42.9085322900405,42.9176923430805,42.924744326056,42.9300163791962,42.9337775432839,42.9362373555359,42.9375484373061,42.9378087401675,42.9370620957541,42.93529685971,42.9324430091636,42.9283683075119,42.9228743960531,42.9156942879852,42.9064941845189,42.8948853125631,42.880456039971,42.8628409136199,42.8418504134439,42.8176894543559,42.7912854433414,42.7647123237493,42.7416140893826,42.7273860234635,42.7286955771023,42.7518529349849,42.7998406316014,42.8687305176601,42.9455392288017,43.0101715218043,43.042442289468,43.0313198973362,42.9806140616023,42.9070006979567,42.831817798406,42.7722480910495,42.7366917728011,42.7251686560051,42.7325538797798,42.7520540094206,42.7775231318694,42.8044467272984,42.8300163228498,42.8527817990077,42.8722101793643,42.8883081956199,42.9013537472329,42.9117275855658,42.9198192234303,42.9259809921935,42.9305099766177,42.933644017776,42.9355632698209,42.9363926178889,42.9362028066495,42.9350096774225,42.9327717315161,42.9293865842323,42.9246870357393,42.9184378152804,42.9103349870231,42.9000120389124,42.8870603107844,42.8710769598755,42.851760726136,42.8290822104928,42.8035554391323,42.7766192450351,42.75108126358,42.7314636296479,42.7239198982145,42.7352424997765,42.7705529472615,42.8298568857296,42.9048422002929,42.9784580053065,43.029444922595,43.0410531214215,43.0092663064522,42.9449198724293,42.8681360907423,42.7990741834525,42.7508186838625,42.7273705132163,42.7257859891287,42.7397800999193,42.7627077688872,42.7891899237525,42.8155860717678,42.8398113755811,42.8609165985205,42.8786693230006,42.8932302734805,42.9049376383798,42.9141792432762,42.9213253938651,42.9266989079588,42.9305653246783,42.9331322639481,42.9345514972068,42.934920481981,42.9342821585966,42.932622974283,42.9298696406399,42.9258853159994,42.9204660629593,42.9133389694673,42.904164720524,42.8925501847329,42.8780811697715,42.8603919342424,42.8392952086079,42.815000671076,42.7884424826092,42.76170199056,42.7384288555832,42.7240193310972,42.7251357517276,42.748081592741,42.7958459022243,42.8645433127591,42.9412839879181,43.0060947377226,43.0388700403042,43.0285328070811,42.9787017428912,42.9057952210979,42.8309549418684,42.7713114039126,42.7353486863176,42.7232377773384,42.7300005229268,42.7489458146531,42.7739791022069,42.8005981897417,42.825984041338,42.8486659728257,42.8680882914731,42.8842366779199,42.8973710513231,42.9078575247452,42.9160741788581,42.922364866605,42.9270208181873,42.9302761829764,42.9323089523416,42.9332425929415,42.9331463345046,42.9320336535795,42.9298593238716,42.9265157201288,42.9218291682317,42.9155574060942,42.9073901151994,42.8969565149995,42.8838476764566,42.8676667744538,42.8481274981916,42.8252270123249,42.7995192783298,42.7724952053867,42.7470190432705,42.7276562046353,42.7205607338714,42.7324491482069,42.7682752706229,42.8278219769465,42.9026068608042,42.9755998325244,43.0258136520416,43.0369057318387,43.0051519835266,42.9413734203344,42.8653990866435,42.7970225154728,42.7490927017911,42.7255738831381,42.7236291659093,42.7371281394244,42.759557904656,42.7856216945694,42.8117141160215,42.8357529257689,42.8567739521879,42.8745230371306,42.8891385681658,42.9009387743077,42.9102949907889,42.9175646442674,42.9230609770664,42.9270427090008,42.9297126828111,42.9312190965636,42.9316561434139,42.9310629638591,42.9294210082694,42.9266504493899,42.9226064509745,42.9170762339797,42.9097784131107,42.9003675018854,42.8884493208388,42.8736176886111,42.8555291618522,42.8340394123911,42.809428076763,42.7827296570086,42.756150553113,42.7334662600105,42.7201480997169,42.7228035854656,42.7474706475715,42.7966435972453,42.8658393227137,42.9417607208297,43.0045447005455,43.0348032045282,43.0224612441815,42.9718598306654,42.8994836378081,42.8259664885443,42.7677549317156,42.7328400151888,42.7212207484519,42.7279944581689,42.7466518990795,42.7712777782464,42.7974967958241,42.8225584281336,42.8450159935597,42.8643107504908,42.8804121638474,42.8935596453473,42.9040993153275,42.912391922729,42.9187672655811,42.9235055974433,42.926832552763,42.9289192452552,42.9298829963437,42.9297867430516,42.9286367755941,42.9263792925277,42.9228965855369,42.9180037857129,42.91144741018,42.9029079144043,42.892010599009,42.8783530056809,42.8615625345904,42.8414047393293,42.8179679294384,42.7919467875304,42.7650240953314,42.7402866699075,42.7224927748799,42.7178461986634,42.7328183225747,42.7717054571087,42.8332738322901,42.9080141874223,42.9784488986009,43.0241997898986,43.030489480366,42.9953370610768,42.9305450957438,42.8557659591437,42.789809479262,42.7444205571156,42.7228365898088,42.7219846499887,42.7358428183037,42.7581468707161,42.783844641851,42.8095082269175,42.8331581402933,42.8538750905373,42.8714133279579,42.8859005058336,42.8976363627243,42.9069723916875,42.9142478447642,42.9197604506094,42.9237559722676,42.9264262159958,42.9279094187975,42.9282900225781,42.9275968608998,42.9257999544301,42.9228066615749,42.9184581355668,42.9125272499747,42.9047198091032,42.8946824602448,42.8820237664095,42.8663596912001,42.8474010011192,42.8251060391166,42.7999231684032,42.7731329930591,42.7472549814435,42.7263880317143,42.7162077992973,42.7232001163914,42.7527308689651,42.8059916610045,42.876850519359,42.9507538022947,43.0078680062364,43.0304939503838,43.0112408413415,42.9567279757576,42.884187959347,42.8134009394153,42.7591778047881,42.7280364418943,42.7191583177493,42.7274694807964,42.7466785203965,42.7712157744351,42.7970192597472,42.8215591898858,42.8435168173467,42.8623919559185,42.8781692776261,42.89108033124,42.9014534436622,42.9096289913867,42.91591727089,42.9205810326988,42.9238303074823,42.9258218598151,42.9266591175067,42.9263908355897,42.9250082589541,42.9224413578302,42.9185550695706,42.9131466991198,42.9059461064018,42.8966215160305,42.8847962229638,42.8700855267482,42.8521688680818,42.8309182122411,42.806606678285,42.7802134045779,42.75380787058,42.7309214208916,42.7166858191781,42.717368617248,42.7388817277273,42.7841074493035,42.8496771187085,42.9239669099159,42.9886139440192,43.0245308237091,43.020179263122,42.9772055121764,42.9095601174667,42.8367405421928,42.775714155513,42.7359957222023,42.7192083453061,42.7215864235983,42.7371307083072,42.7599535174812,42.785447701606,42.810551092911,42.8335291330584,42.8536002638275,42.8705805586083,42.8846134260572,42.8959901975971,42.905043513362,42.9120907832921,42.9174082697806,42.9212216466533,42.9237038257719,42.9249747041351,42.9251002402656,42.9240900825563,42.9218940431163,42.9183982591261,42.9134221834796,42.9067179520155,42.897974624084,42.8868317727214,42.8729103394379,42.8558736865444,42.8355376374851,42.8120523319799,42.7861746706869,42.7596263181995,42.7354720205826,42.718343002783,42.7141850777026,42.7291170730076,42.7671327192768,42.82699197683,42.8996976548999,42.9687651721226,43.0148360171647,43.023494494035,42.9920736910357,42.9309478136873,42.8584075396045,42.7926534610538,42.7456963491398,42.7215556302921,42.7179881747718,42.7295538692737,42.7502529772599,42.7750516185346,42.8004041311473,42.8241675976347,42.8452675695768,42.863334617982,42.878408304538,42.8907307799019,42.9006184418743,42.9083902379437,42.9143323054088,42.9186833526787,42.9216301713371,42.9233067820026,42.9237937558831,42.92311633379,42.9212412725056,42.9180730902687,42.9134508029167,42.9071466543054,42.8988691472409,42.8882743349307,42.8749922790262,42.8586800351241,42.839118027383,42.8163711829962,42.7910346178104,42.7645660664429,42.7396585013513,42.7205117324779,42.7127261614719,42.7224279954819,42.7543021189463,42.8086780865105,42.878752461788,42.9499666137261,43.0033868041803,43.0227939656675,43.0020536650431,42.9481029204493,42.8774855709394,42.8088518492697,42.7561207494694,42.7254843552583,42.7162828244371,42.7238179478674,42.7421597011542,42.7659754499461,42.7913062292776,42.81562907775,42.8375809811934,42.8566004519358,42.8726134695073,42.8858038313283,42.8964644473353,42.9049106062982,42.9114347405128,42.9162860248387,42.9196630059168,42.9217117222816,42.9225250325388,42.9221411650765,42.9205410116615,42.9176446054559,42.9133077748618,42.9073204289111,42.8994086669802,42.8892443443601,42.8764683007264,42.8607374415515,42.8418109738853,42.8196957369856,42.7948704960539,42.7685957130926,42.743274981653,42.7227520325391,42.7123020806933,42.7179544958234,42.7447983998611,42.7942830319969,42.8613498203688,42.9332044476379,42.9916935706531,43.0195994536649,43.0081603627654,42.9612773103772,42.8935471011285,42.823499550647,42.7663956841431,42.7302727485684,42.7159856717673,42.7196674023698,42.7355948206793,42.7582559414646,42.7833583490084,42.808042401546,42.8306746620995,42.8505053274265,42.867343772046,42.8813101627526,42.8926686656023,42.9017265766487,42.9087793501938,42.9140841824378,42.9178493917012,42.9202311596639,42.9213326100318,42.9212026653362,42.919833792112,42.9171588111766,42.9130476237644,42.9073052409529,42.8996732282062,42.8898379849242,42.8774515890751,42.8621745459722,42.8437545280488,42.8221597828627,42.7977867040387,42.771750573908,42.7462342490219,42.7247969041219,42.7124295351962,42.715020597307,42.7378767669562,42.7832242980901,42.8473426926273,42.9189430135152,42.9807708413625,43.0151561837183,43.0114406017439,42.9710044429365,42.906546398023,42.8361253029203,42.7758661159966,42.7352890392174,42.7166054730661,42.7167845034917,42.7303947517893,42.7518432906365,42.7765832400649,42.8014698679314,42.824627681576,42.8451311513801,42.8626764646472,42.8773190335913,42.8892914204334,42.8988898161265,42.9064099652609,42.9121148663713,42.9162207737526,42.9188923308058,42.9202411778146,42.9203249661178,42.9191455032322,42.9166459374203,42.9127076694861,42.9071482913879,42.8997225928279,42.890129913614,42.8780332482397,42.8630988341248,42.8450693907358,42.8238886366853,42.7998960291459,42.774102096172,42.7485248360077,42.7265022942148,42.7127893013949,42.7131246073047,42.7329159537614,42.7749142872866,42.8363940505488,42.9072861541436,42.9712076709563,43.0103740392621,43.0128146038118,42.977917246044,42.9166852054176,42.8465405513601,42.7841078026484,42.7400429913758,42.7177067505152,42.7148448598167,42.7263529714384,42.746629001227,42.7709422243746,42.7959164267743,42.8194685387043,42.8405164398221,42.8586519330737,42.8738683807249,42.8863663149936,42.8964290980287,42.9043507388802,42.9103981471614,42.9147938519604,42.9177094415226,42.9192635480654,42.919520879444,42.9184906825775,42.9161242962472,42.9123123143397,42.9068825605626,42.8996008481311,42.890177701882,42.8782862301861,42.863599450935,42.8458595578344,42.8249959147936,42.8013101389766,42.775739306938,42.7501814635885,42.7278076502063,42.7131842429859,42.7119105094029,42.7294255282061,42.768822741568,42.8280937298403,42.8981159080247,42.9632721098226,43.0058498202121,43.0130084902135,42.9826278423061,42.9242941008386,42.8547616292618,42.7909006644229,42.7441990448204,42.7189438700184,42.713556557726,42.7232549069907,42.7424729672204,42.7663544454815,42.7913426189401,42.8151836458797,42.8366619422312,42.8552776217323,42.8709677881433,42.883902671792,42.8943524358127,42.9026080960545,42.9089389809903,42.9135724447075,42.9166856602784,42.9184029110866,42.9187945336536,42.9178756126208,42.9156038654767,42.9118770820598,42.906531220887,42.899341071618,42.8900265879982,42.8782699318747,42.863751238103,42.8462150932232,42.8255838640792,42.8021356885528,42.7767583976378,42.7512658615021,42.7287071867014,42.7135039795657,42.7111351802909,42.7270314549303,42.7644985065098,42.8220255181893,42.8911933289336,42.9570114767621,43.0019257137474,43.0125479133339,42.9856656011521,42.9297476539818,42.8609360490701,42.7961850644596,42.7475639496941,42.7200710456456,42.7126813841236,42.7209017855392,42.739225087606,42.7627143831653,42.7876779125238,42.8117272083377,42.8335379785635,42.8525336376443,42.868602959918,42.8818892697486,42.8926503183977,42.9011735994804,42.9077297911239,42.9125498639853,42.9158153804359,42.9176550975546,42.918143757737,42.9173009403647,42.9150892292108,42.9114119242049,42.9061113084904,42.8989693223954,42.8897136957861,42.8780344842906,42.8636188228353,42.8462155415613,42.8257452872123,42.802473477586,42.777257330286,42.7518547926595,42.7292298558184,42.7136974318437,42.7106382639858,42.7254534871035,42.7615684695797,42.817799225,42.8862234685924,42.9523325456018,42.9987550893092,43.0117841976371,42.9874576536468,42.9334141025902,42.8652851741249,42.80001660236,42.7500616975322,42.7209359366355,42.7120411061285,42.7191232851242,42.7367396620414,42.7599053675098,42.7848322442744,42.8090306244689,42.8310919686203,42.8503788145293,42.866740702393,42.8802985424785,42.8912993282693,42.9000271155567,42.9067532634635,42.9117114046807,42.9150864719848,42.91701067723,42.9175621275308,42.916763778652,42.9145818353591,42.9109237146554,42.9056365046804,42.8985077224816,42.8892713859802,42.877624288769,42.8632601679199,42.8459331743782,42.8255659262179,42.8024190600649,42.7773333360354,42.7520327681446,42.7294257166034,42.7137523882765,42.7103170967722,42.7244816417503,42.7597256840169,42.8150611414615,42.8828929616742,42.949059100158,42.9963612079214,43.0109327190577,42.9883348746162,42.9356320359177,42.8680655546686,42.802527569986,42.7517051171937,42.7214643948115,42.7115135287282,42.7177811602919,42.7348829810394,42.7578085265302,42.7827047886055,42.8070103564458,42.8292551941865,42.8487564216506,42.8653337398202,42.8790906750664,42.8902656660327,42.8991398743686,42.9059850168368,42.9110366814939,42.9144823381826,42.916456796844,42.9170406600614,42.9162593441623,42.9140816691771,42.910418045047,42.9051191237351,42.8979766826863,42.8887297330613,42.8770807133099,42.8627293896353,42.8454357236935,42.825126730601,42.8020639024506,42.7770819790158,42.7518877046531,42.729356784024,42.7136806797792,42.710106953855,42.7239551050858,42.7587138423677,42.8134927508833,42.8808892071282,42.9469702815964,42.9946839094036,43.0101118117828,42.988550105621,42.936704785705,42.869546041934,42.8038976726657,42.7525695672397,42.7216421007963,42.7110229028108,42.7167668078043,42.7335356530861,42.7563077002203,42.7811898862067,42.8055739112081,42.8279483384572,42.8475990719973,42.8643249721512,42.878217270836,42.8895083085665,42.8984771964821,42.9053959609229,42.9105016674374,42.9139836783049,42.9159787133119,42.916569172023,42.9157822065491,42.9135884666738,42.9099004784386,42.9045714775085,42.8973964353639,42.8881182614747,42.8764440351103,42.8620788598336,42.8447885172585,42.8245057709992,42.801496625652,42.7765970130731,42.751508398634,42.7290909603951,42.7135076352241,42.7099660669201,42.7237447936165,42.7583119594135,42.8128040967349,42.8799083790656,42.9458247099059,42.9936142272809,43.0093766639832,42.9883000205335,42.9369046036417,42.8699961759008,42.8043335154018,42.7527711161542,42.7214967156822,42.7105282260795,42.7159955424604,42.7325915014873,42.7552913453078,42.7801805785151,42.8046240225746,42.8270857085336,42.8468326625437,42.863650997954,42.8776244303163,42.8889816705487,42.8980007824448,42.9049542601613,42.9100803732096,42.9135699188981,42.9155610128164,42.916137326844,42.9153272108999,42.913102567483,42.9093773927674,42.9040067701411,42.8967880355381,42.8874670958101,42.8757547610652,42.8613606833453,42.8440560427008,42.823779727673,42.8008041128883,42.7759706051888,42.7509831308676,42.72869811232,42.7132647862434,42.709864680989,42.7237397849318,42.7583211241009,42.8127255947197,42.8796572871297,42.9453748487462,42.9930187438388,43.0087462826937,42.9877457790445,42.9364810170635,42.8696816563597,42.8040551354053,42.7524497602318,42.7210824707422,42.7100117860391,42.7153997142522,42.7319546539103,42.7546525094622,42.7795703762034,42.804061344163,42.8265782536039,42.8463793541202,42.8632448655144,42.8772551956,42.8886377288401,42.8976705356454,42.9046268850361,42.9097461580678,42.9132203132857,42.9151885267426,42.9157353963209,42.9148901185064,42.9126254737982,42.9088565021472,42.9034396288951,42.8961739478115,42.8868076448811,42.8750544382447,42.860627642602,42.8433029969118,42.8230249528887,42.8000723938898,42.7752937061823,42.7503990100309,42.72824771336,42.7129851136819,42.7097775174768,42.7238374402349,42.758554082034,42.81300032365,42.8798522043285,42.9453748898856,42.9927557524873,43.0082233622566,42.9870301042034,42.9356698950127,42.8688637623799,42.80328775514,42.7517573595796,42.7204679991471,42.7094692975277,42.7149220879265,42.7315360345745,42.7542877731434,42.7792538599935,42.8037860141543,42.8263355756636,42.8461596869337,42.8630380940896,42.8770513782553,42.8884276209832,42.8974459304756,42.904380765394,42.9094726891891,42.9129147280433,42.9148469652944,42.915354761411,42.9144679967822,42.9121601549305,42.9083471058644,42.9028863311878,42.8955782872465,42.8861728919477,42.8743860250047,42.859933671566,42.8425948654297,42.8223181225782,42.7993872739693,42.7746564660887,42.7498418531962,42.72780773086,42.7127004096499,42.7096792032952,42.723936964117,42.7588278717022,42.8133777598444,42.8802163861554,42.9455842279351,42.9926848702392,43.0078075307359,42.9862898635041,42.9347013546696,42.8678007161398,42.8022573189423,42.750849715553,42.7197275961842,42.7089022910639,42.7145103102501,42.7312500435204,42.7540957985817,42.7791265831652,42.8036984099961,42.8262671354643,42.8460939559541,42.8629620415847,42.8769548210028,42.8883027557203,42.8972869586194,42.9041835763155,42.9092345779768,42.9126341422118,42.9145232915448,42.9149881724998,42.9140593776954,42.9117111178353,42.907860088065,42.9023647542797,42.8950267438059,42.8855973223342,42.8737938532555,42.8593338856851,42.8419980509871,42.8217364840041,42.7988346950838,42.7741486509196,42.7493965150372,42.7274446094792,42.71244054599,42.709542424942,42.7239362141383,42.758959526964,42.813609330743,42.8804770935388,42.9457676386839,42.9926711477728,43.0075025190448,42.9856639528945,42.9338056727892,42.8667499029968,42.8011888860871,42.7498822690525,42.7189358235467,42.7083129897599,42.7141128687236,42.7310118628434,42.7539758824561,42.7790845951502,42.803699331647,42.8262828233876,42.8461029640011,42.8629487010184,42.8769081531844,42.88821548235,42.8971546925752,42.9040041905616,42.9090077230154,42.9123608844442,42.9142058562221,42.9146297844586,42.9136641954596,42.9112842506716,42.9074076726368,42.901894050564,42.8945461922766,42.8851164891979,42.8733231806953,42.8588841635454,42.8415795425213,42.8213576853149,42.7985008084765,42.7738600329148,42.749147628141,42.7272243007026,42.7122345827918,42.7093387302206,42.7237316940807,42.7587648393622,42.8134459094857,42.8803624234471,42.9456926304558,42.9925841895635,43.0073176155118,42.9852965398683,42.9332169311921,42.8659704755477,42.8003073958846,42.7490090736628,42.7181653105806,42.7077017068628,42.7136766926733,42.730735595473,42.7538267241708,42.7790237764778,42.8036897707177,42.8262930190422,42.8461082475054,42.862930998453,42.8768550966465,42.888119364487,42.8970115043154,42.9038128297505,42.9087693868162,42.9120786302216,42.9138843100733,42.9142749778152,42.9132835093521,42.9108864401719,42.9070029294948,42.9014940404735,42.8941639754729,42.8847662004944,42.8730193103303,42.8586402507187,42.8414060875357,42.8212591424394,42.7984717087583,42.7738807027466,42.7491807083649,42.7272143069032,42.7121137100643,42.7090420032051,42.7232217920721,42.7580602739629,42.8126373692496,42.879598082619,42.9451241107367,42.9922924151536,43.0072634945869,42.9853356765257,42.9331743124202,42.8657261819407,42.7998406183247,42.7483848850271,42.7174876581161,42.7070667431268,42.7131464376254,42.730333317555,42.7535455094226,42.7788390870141,42.8035703596441,42.8262082212641,42.8460318432689,42.8628426485909,42.8767403682278,42.8879690965352,42.8968209712061,42.9035809412561,42.9084980286722,42.9117721768323,42.9135493067451,42.9139199741185,42.9129190148814,42.9105249612964,42.9066590260835,42.9011843120487,42.8939068444097,42.8845813040979,42.8729262451746,42.8586563413817,42.841542807396,42.8215168637759,42.798832729894,42.7743011881787,42.7495835059678,42.7274866400891,42.7121159761862,42.7086346579607,42.7223134278678,42.7566683146079,42.8109345267466,42.8779043865749,42.9438165024316,42.9916524050274,43.0073422139308,42.9859270247706,42.9339208267986,42.8662882814923,42.8000242305313,42.7481703585841,42.7169774658307,42.7064068207492,42.7124654997409,42.729715098146,42.7530273666572,42.7784237856674,42.8032405566119,42.8259382995505,42.8457956412952,42.8626176067515,42.8765092114565,42.8877200900072,42.8965474916379,42.9032808193746,42.9081729089112,42.9114270086012,42.9131920061631,42.9135612531591,42.9125723487769,42.9102066424637,42.906388224945,42.9009830247653,42.8937995480844,42.8845940557245,42.8730848499085,42.8589830895146,42.842051178048,42.8222036151876,42.7996671361684,42.7752121594798,42.7504473407313,42.7281214262436,42.7122925936228,42.7081164970375,42.7209323096095,42.7544267400235,42.8080942072036,42.8749942343136,42.9415037908108,42.9904933345643,43.0075309140548,42.9872019830007,42.935698810168,42.8679381342399,42.8011088881073,42.7485404275631,42.716719648904,42.7057262321256,42.7115789112082,42.7287901003733,42.7521652790869,42.777668681668,42.8025976113401,42.8253914020905,42.8453203519362,42.8621891403661,42.8761065766782,42.8873277459162,42.8961556243906,42.9028849832764,42.9077734761975,42.9110286637601,42.9128033901044,42.9131947845695,42.9122442015956,42.9099368217137,42.9062006441901,42.9009054350562,42.8938630885413,42.8848320788304,42.8735305140132,42.859665016867,42.8429862980265,42.8233862787473,42.8010539675854,42.7767033662382,42.7518679488652,42.7292106043649,42.7127152946489,42.7075159085683,42.7190368988043,42.7512025315141,42.8038887191134,42.87057361733,42.9378887642839,42.9885969217744,43.0077586295984,42.9892589164638,42.9387407757764,42.8709684328007,42.8033688394225,42.7496958983451,42.7168203545161,42.7050430904252,42.7104384622752,42.7274690248935,42.7508506293711,42.7764615296599,42.8015353799577,42.8244725611606,42.8445241118635,42.8614885351817,42.8754759596492,42.8867464206725,42.8956091582923,42.9023653188025,42.9072785466608,42.910561914645,42.9123734057924,42.9128150950633,42.9119332659265,42.909718129579,42.9061028249282,42.9009621951901,42.8941126977826,42.8853159719241,42.874290359509,42.8607373298751,42.8443933964982,42.8251222586926,42.8030647442349,42.7788613099897,42.7539451132124,42.7308607802352,42.713483709789,42.706902555381,42.7166358173669,42.7469111341918,42.7981216135016,42.8643473440542,42.9326340372343,42.9856743072683,43.007875846685,42.992135599975,42.9432531393449,42.8756809989818,42.807110944002,42.7518780523097,42.71742187103,42.7044013156006,42.7090106733394,42.7256683922806,42.7489747241933,42.7746867894924,42.7999431191531,42.8230820674695,42.8433207654599,42.8604434532897,42.8745579057714,42.8859280885012,42.8948699147005,42.9016919887688,42.9066652838789,42.9100097767614,42.9118899617739,42.9124142065735,42.9116350687187,42.9095491625939,42.9060961866903,42.9011575242867,42.8945556514946,42.8860566888332,42.8753801169593,42.8622222441923,42.8463036165492,42.8274548480171,42.8057587412372,42.7817650668732,42.7567801050936,42.7331938452622,42.7147310654562,42.7063998707596,42.7138076298298,42.7415413744112,42.7906519439455,42.8560339395337,42.9253593850236,42.9813431574263,43.0076174244607,42.9957706958124,42.9493890665252,42.8823775038307,42.812681720626,42.755385405708,42.7187218226841,42.703887215271,42.7072885863282,42.723317495061,42.7464319106791,42.7722261571024,42.7977045084329,42.8211137551741,42.8416178965477,42.858975979265,42.8732881958642,42.8848207072262,42.8938962876791,42.900832119393,42.9059079936284,42.9093523700897,42.9113378121016,42.9119804974273,42.9113407598496,42.9094231436778,42.9061754953046,42.9014874075142,42.8951891085877,42.8870529111321,42.8768009088733,42.8641250528486,42.8487292634136,42.8304076266298,42.8091766762785,42.7854797238669,42.7604698510819,42.7363435836782,42.7166257358703,42.7061945117224,42.7107205196258,42.7351850932898,42.7814288207274,42.8453946603739,42.9156523454641,42.9751113527401,43.0065618856268,42.9999527581465,42.9572055761573,42.8913373853045,42.8204680247493,42.7605904511117,42.7209964218,42.7036515856882,42.7053087019065,42.7203692757709,42.7431252716912,42.7689605574162,42.7946973461077,42.8184534672716,42.83931476529,42.8570004394408,42.8715957589028,42.8833663125305,42.8926415388297,42.8997482796595,42.9049767559141,42.9085656657544,42.9106973773192,42.9114975555038,42.9110359519297,42.909326696731,42.9063275098315,42.9019380366187,42.8959982430184,42.8882887368735,42.878536320596,42.8664303599747,42.8516589450453,42.8339782509786,42.81333297462,42.7900471996832,42.7650969297988,42.7404464006673,42.7193655875091,42.7065386065787,42.7076473086232,42.7280680914551,42.770536088844,42.8322813101753,42.9031012941307,42.9663779387386,43.0040946618023,43.0042579992856,42.9665999498155,42.9027749490371,42.8308839539893,42.7679517678576,42.7246262011683,42.7039378825728,42.7031746127858,42.7168168572222,42.7389763789625,42.7647747022727,42.7907946719381,42.814978184977,42.8363004481187,42.8544211732522,42.8694004189644,42.8814989073666,42.891051892785,42.8983967918273,42.9038359335678,42.9076201653726,42.909943563872,42.9109431057508,42.9106997217784,42.9092388826004,42.9065300029295,42.9024847458967,42.8969549960927,42.8897321031145,42.8805502789754,42.869099109458,42.8550533319335,42.8381324119139,42.8182073261026,42.7954748881649,42.7707152053454,42.7456248435156,42.7231620821064,42.7077396716718,42.7049688860394,42.7205751705159,42.7582426075731,42.8167045350788,42.8873606639476,42.9544667300059,42.999390143417,43.0079844345992,42.9772231798039,42.9167662184773,42.844332785769,42.7780129180106,42.7301198593782,42.7051156801606,42.70108864907,42.7127178074978,42.7339411415279,42.7595658609306,42.7858685142938,42.8105566367421,42.8324527146689,42.8511305999069,42.8666106976091,42.8791422929658,42.8890645359458,42.8967259517596,42.902442625485,42.9064795801977,42.9090446561553,42.9102881011988,42.9103038861868,42.9091306427207,42.9067513475159,42.9030916998169,42.8980177908733,42.8913343976855,42.882786342828,42.8720671996895,42.8588425490735,42.8427992084632,42.8237369736583,42.8017235982497,42.7773322499889,42.7519641007563,42.7282123869265,42.710133386655,42.7031574577989,42.7132576089854,42.7450465892397,42.79891679779,42.8682538052471,42.9387104056333,42.9914364082481,43.0101014073015,42.9883763367324,42.9331380041692,42.8611293707159,42.7913740083883,42.7381269234184,42.7077155433809,42.6993915394971,42.7082280924171,42.7280342339684,42.7532591089701,42.7797980433222,42.8050526774597,42.8276385347888,42.8470081857071,42.8631220817682,42.8762081240092,42.8866057195911,42.8946743089612,42.9007451828354,42.90509961013,42.9079613727613,42.9094960687496,42.9098126512927,42.9089647677274,42.9069508182501,42.9037125308159,42.8991324843189,42.8930316520495,42.8851689685569,42.8752464942952,42.8629263515096,42.8478695365134,42.8298118684474,42.8086974676699,42.7848915762274,42.7594842484231,42.7346608034001,42.71403717153,42.7027319517944,42.7068084801138,42.7316942124988,42.779491637148,42.8459067298197,42.9185979375129,42.9791331172663,43.0092491785284,42.99891221004,42.951321139545,42.881368700435,42.8086159848944,42.7494225793545,42.7124556063393,42.6986067067931,42.7036463240376,42.7213644902157,42.7458317962519,42.7724845477708,42.7983333276299,42.8217176022298,42.8419212991685,42.8588164546361,42.8725946850987,42.8835893284508,42.8921692746865,42.8986819920513,42.9034269800175,42.9066462100028,42.9085228070464,42.9091827141111,42.9086964579852,42.9070796725552,42.9042920043403,42.9002346708619,42.8947475059585,42.8876070838811,42.8785288054366,42.8671780536537,42.8531990640401,42.836275124974,42.816239414851,42.7932595308984,42.768114176557,42.742555539123,42.7196884175651,42.7041835125847,42.7019934576403,42.719147633664,42.7593659860328,42.8208842556052,42.8939791569639,42.9614882925191,43.0038370949335,43.0071893905744,42.970191936553,42.9047365097298,42.8301557764212,42.7648396118313,42.7202410648809,42.6994791358066,42.6994651834779,42.7141821590547,42.7373497910822,42.7638760657431,42.7902839553619,42.8145508376913,42.8357294286403,42.8535637749504,42.8681871858084,42.8799165054025,42.8891265006493,42.8961808581986,42.901398982947,42.9050432537474,42.907316557467,42.9083638816968,42.9082744879516,42.9070829711377,42.9047686231856,42.9012532127231,42.8963978083674,42.8899998760099,42.8817928954707,42.8714525655063,42.8586167238985,42.8429306912502,42.8241355830457,42.8022224932706,42.7776755557558,42.7518118119536,42.7271794043723,42.7078800036524,42.699535759434,42.7084825730132,42.7398038477589,42.7942743618947,42.865284328273,42.9379115773671,42.9922860945715,43.0111505151033,42.9879619908156,42.9302856555901,42.8560207015713,42.7851180612597,42.7321070114522,42.702988158306,42.6964194078242,42.7069347338962,42.7280162619759,42.7540040820214,42.7808333182106,42.806016299676,42.8282937300076,42.8472275286817,42.8628607348894,42.8754772144196,42.8854507011841,42.893159501896,42.8989439166406,42.9030887382864,42.9058188296555,42.9073002947634,42.9076429633217,42.9069020208136,42.9050779362054,42.9021146326467,42.8978963555395,42.8922441729419,42.884913803598,42.8755978908717,42.8639383691139,42.8495586032432,42.8321305860276,42.8114986954771,42.7878850563858,42.76219475503,42.7364080244259,42.713971936371,42.6999735824355,42.7007165579818,42.7222503466505,42.7676531380243,42.8336739160077,42.9085448081247,42.9734217278478,43.0085979040236,43.0022149048659,42.9562506720144,42.8855641504508,42.8106536919996,42.7490688683157,42.7103009833293,42.6955079884746,42.7003198274093,42.7182290006838,42.7430324279895,42.7699903654518,42.7960348524014,42.8194941049854,42.8396758043454,42.8564874782891,42.8701549092984,42.8810388307774,42.8895278786311,42.8959829568618,42.9007127556407,42.9039661574488,42.9059324072983,42.9067436922656,42.9064773153377,42.905156255867,42.9027478663746,42.8991610121658,42.894242365607,42.8877731122027,42.8794683738495,42.8689836442393,42.8559359212518,42.839952299768,42.8207651902485,42.798379014254,42.7733327044191,42.7470643632846,42.722331084129,42.7035293935148,42.6966027636043,42.7080831781372,42.7428839024636,42.8010136173515,42.8745033866677,42.9469387101721,42.9976864861885,43.0101960643618,42.9800268878477,42.9172059222499,42.8411656611476,42.7718561562322,42.7226270579482,42.6979550228016,42.6953112251525,42.7086334513239,42.7313131336667,42.7578918121148,42.7846065818382,42.8092554877965,42.8307997315602,42.8489494535375,42.8638356077921,42.8757866731485,42.8851931651372,42.8924341329295,42.8978426252502,42.90169315549,42.9041999594744,42.9055192723137,42.9057519257314,42.9049445566409,42.903088918243,42.9001194570456,42.8959097101523,42.8902684633339,42.8829373327083,42.8735929123005,42.8618593439165,42.8473415347796,42.8296953132032,42.8087574940211,42.7847624921009,42.7586643870658,42.7325489893211,42.7100390294391,42.6964547426312,42.6983236221612,42.721769481246,42.7696086550394,42.8378738964777,42.9137581277545,42.9775333538561,43.0093923877745,42.9984540824754,42.9483490914115,42.8753764895962,42.8005503656069,42.7409472997852,42.7050681969399,42.6931217786844,42.7001464974502,42.7194349125831,42.7448535918816,42.7718554360179,42.7975830512664,42.8205399694641,42.8401581662708,42.8564223926472,42.8695997592283,42.8800681911706,42.8882190436186,42.8944084314,42.898937262911,42.9020462168222,42.903917055672,42.9046753884163,42.9043924704744,42.9030851647158,42.9007140544986,42.8971801498476,42.8923209250211,42.8859068895832,42.8776409231648,42.8671646676244,42.8540798518469,42.8379978159021,42.8186372967089,42.7959965580355,42.7706253615727,42.7440031801188,42.7189735321239,42.7000707792835,42.6934090886385,42.7056608382703,42.7417368957793,42.8013796448221,42.8760629339947,42.9487054702979,42.998278829765,43.0084575924702,42.9756417891346,42.9108759122699,42.8342286195376,42.7656427372516,42.7179719734524,42.6950646957273,42.6939159805285,42.7082391615159,42.7314106430778,42.7580735024845,42.7846020876691,42.8089194379886,42.8300803329191,42.8478553668685,42.8624088774048,42.874083647235,42.8832726335829,42.890351004108,42.895645391827,42.8994236324691,42.9018940924394,42.9032081401319,42.9034623822383,42.902699254871,42.9009057121126,42.8980103476286,42.8938795751388,42.8883137809933,42.8810450193989,42.8717393001904,42.8600093211033,42.8454480497321,42.8276998900483,42.8065931347833,42.7823612258706,42.755972318866,42.7295510216376,42.7067918635183,42.6931186431492,42.6951711791507,42.7191398554565,42.7677843471001,42.8369015157223,42.9133078202953,42.9769333718795,43.0079011706449,42.9956459320432,42.9443533053661,42.8707954035707,42.7961311564781,42.7372472496913,42.7022980615497,42.6911839077176,42.6987722583881,42.7183212165716,42.7437489723043,42.7705926997474,42.7960764909311,42.8187664736377,42.8381351841684,42.8541890995977,42.8672034323366,42.8775556341045,42.8856320752699,42.8917822767347,42.8963007573342,42.8994228904993,42.9013263554515,42.9021335164901,42.9019125618716,42.9006767645383,42.8983820531317,42.8949234553692,42.8901311797765,42.8837674839046,42.8755264655447,42.8650410028234,42.8519047503988,42.8357226505038,42.8162103870035,42.7933693208764,42.7677626829527,42.7408989757648,42.7156704157086,42.6966782288959,42.6901077150172,42.7026747849219,42.7392605569029,42.799469082744,42.8745449542398,42.9471868835387,42.9963031875942,43.0057461980382,42.9722580132567,42.9071864109348,42.8306931859977,42.7625897195549,42.7154934558508,42.6930493712123,42.6921517095909,42.7065108028889,42.7295571389526,42.7560042694315,42.7822882932402,42.8063755821967,42.8273456812443,42.8449793141449,42.8594410546621,42.8710681682979,42.8802454924629,42.887339659561,42.8926696991231,42.8964974031233,42.8990266804709,42.9004055946971,42.9007278850935,42.9000327660652,42.8983029472753,42.8954613673794,42.891367353683,42.8858131323656,42.8785222206838,42.8691527110925,42.8573113188427,42.8425887234462,42.8246331637139,42.8032861986197,42.7788080564163,42.7522111045175,42.7256827070207,42.7029921771271,42.6896295953349,42.6922541647755,42.7169799704987,42.7663641723571,42.835909184122,42.9121739315688,42.9750467455422,43.0049205761141,42.991703810941,42.9399878895943,42.8666531430227,42.7926548866606,42.7345390525659,42.7001801551335,42.6893543401934,42.6969445036872,42.71629769016,42.7414339654713,42.7679718039813,42.7931864823393,42.815668798189,42.8348973229713,42.8508734479922,42.8638617924314,42.874227407815,42.8823446965771,42.8885528574017,42.8931382136111,42.896329998877,42.8983013209159,42.8991707787235,42.8990027323652,42.8978057697879,42.8955297284499,42.892061962988,42.8872237019844,42.8807676802956,42.8723792220582,42.8616850927897,42.8482782174012,42.8317719976858,42.8119048786602,42.7887214984869,42.7628548496807,42.7359118331952,42.7109032201995,42.6925401937281,42.6870525651622,42.7010561736712,42.7391220958365,42.8003537711915,42.8754770932811,42.9469559134882,42.9939970622087,43.0012357678344,42.9662782033896,42.9009323356204,42.8252217593688,42.7584202581822,42.7125745105855,42.6909796540258,42.6904463176974,42.7047779633232,42.7275612622037,42.7536526244438,42.7795869686393,42.8033844612478,42.8241447159315,42.8416476808191,42.8560464324606,42.8676626640355,42.8768654154272,42.8840072508186,42.889395617948,42.89328321731,42.8958668768717,42.8972888124978,42.8976372373385,42.8969452782541,42.895188302554,42.8922802927197,42.888070103192,42.8823386334318,42.8747985801817,42.8650999838859,42.8528477669464,42.8376422393654,42.8191599592725,42.7972988602748,42.7724137665705,42.7456567575447,42.7193950107116,42.6975868941878,42.6858486307579,42.6907856949962,42.7181500615364,42.7697800161503,42.8402612119257,42.9154567787334,42.9752873694661,43.0011103872009,42.9843355550542,42.9307831342931,42.8576646472424,42.7853693059494,42.7294837195926,42.6970741364495,42.6875169172068,42.6956667528111,42.7150465322791,42.7399014078336,42.7660370139129,42.7908508221569,42.8129971120424,42.8319767009639,42.8477889654212,42.8606846949906,42.8710110600662,42.8791247570468,42.8853493698994,42.889958221683,42.8931698830953,42.8951484253461,42.8960041326984,42.8957928526733,42.894513679994,42.8921054704621,42.8884430117023,42.8833338471255,42.8765171483216,42.867667129927,42.8564058107092,42.8423338858294,42.8250941836773,42.8044887669769,42.7806751494743,42.7544621559815,42.727698307321,42.7036764040392,42.6873529704263,42.6850204149348,42.7029782237718,42.7449502753191,42.8087311166649,42.8837260653799,42.9518231812719,42.9930069604309,42.9939152314777,42.954397048691,42.8875557185303,42.8132500750511,42.7495474155334,42.7070927823898,42.6882156044106,42.6893632767618,42.7044194659345,42.727250636147,42.7530112505947,42.7784661143065,42.8017792080936,42.8221228382696,42.8393019685295,42.8534674971445,42.8649260319797,42.8740272087428,42.8811043354299,42.8864476006654,42.8902947766767,42.8928296297995,42.89418236078,42.8944293097124,42.8935910598283,42.8916291746549,42.8884423321058,42.8838628516619,42.8776548996341,42.8695164407264,42.8590887800411,42.8459807851145,42.8298198436791,42.8103478554862,42.787585976418,42.7620910290639,42.7353086960195,42.7099769947637,42.6904309640876,42.6825097100914,42.6926376705651,42.7257201768393,42.7820099846938,42.8541430029405,42.9265713867177,42.9793823896148,42.9960436428055,42.9711566114306,42.9131543219281,42.8400261607616,42.7710948294566,42.7200182428425,42.6921520322389,42.6859262063261,42.6959915692809,42.7161145270157,42.7409345973118,42.7666201257875,42.790829112498,42.8123715475748,42.8308240085626,42.8462104156442,42.8587778086955,42.8688565390906,42.8767822109081,42.8828573904857,42.8873360766007,42.8904193259229,42.8922549111171,42.8929372008422,42.8925057095517,42.890942168331,42.8881667277723,42.8840342656053,42.8783320492966,42.8707805970667,42.861040963258,42.8487343321784,42.8334840804458,42.8149961930136,42.7931996461097,42.7684699946873,42.7419482235054,42.7159283220046,42.6942035136385,42.6821271751879,42.6860019492044,42.7113955322708,42.7603261512628,42.8281283191864,42.9019080642415,42.9627942065374,42.9925125599015,42.9815041633204,42.9336198008562,42.8641328533074,42.7924916311028,42.7345883221533,42.6985873840205,42.6850848914093,42.6898195226037,42.7067352443328,42.7301284088423,42.7556474479999,42.7804602701849,42.8030011201626,42.8225955413355,42.8391187303511,42.8527410710582,42.8637616521414,42.8725105729749,42.8792978501642,42.8843904479894,42.8880041965603,42.8903020778582,42.8913939964818,42.8913357251904,42.8901263984142,42.8877049196889,42.8839461742206,42.8786582738257,42.8715825680256,42.8623992725145,42.8507437720801,42.8362423394571,42.8185811827877,42.7976283908891,42.7736313078739,42.7475050291909,42.7211984511294,42.698055882912,42.6829744170332,42.6820145658474,42.7010578857263,42.7433246524993,42.8062679283229,42.8794243901555,42.9454244842314,42.9853331451529,42.9865739953967,42.9489396482477,42.8846469353001,42.8124101255989,42.7495435701037,42.7066011178586,42.6863219525679,42.6857262498516,42.699168631748,42.7207806581103,42.7457939299008,42.770929928215,42.7942552140994,42.8148357137194,42.8323842209814,42.8469813927025,42.8588847050035,42.8684113708244,42.8758738792537,42.8815487815861,42.8856641441665,42.8883958845091,42.8898670813351,42.8901471797499,42.8892499357812,42.8871301498312,42.8836799336121,42.8787256891859,42.8720274734778,42.8632833805727,42.8521434535064,42.838240846296,42.8212526137781,42.8010079111923,42.7776650155912,42.7519745215006,42.7256233577616,42.7015973509349,42.6843964458382,42.6797998627006,42.6937881211903,42.7303615545063,42.7885611373113,42.8599823637318,42.9288686536803,42.9763317378062,42.9877811037768,42.9596817824486,42.9012570408885,42.8299593151681,42.7638171542213,42.7152628539373,42.6889924452446,42.6833656615254,42.6933080065071,42.7129446019036,42.7372026516923,42.7624203562981,42.7863236197242,42.8077246024963,42.8261694976947,42.8416416815467,42.8543494880175,42.8645910725589,42.8726768106501,42.8788895431352,42.8834670851362,42.8865961441352,42.8884108153681,42.8889918496869,42.8883650053107,42.8864981793415,42.8832978657865,42.8786060324096,42.872199038113,42.8637910929037,42.8530464221547,42.8396071447193,42.8231480927973,42.8034748910111,42.7806855135277,42.7554132129905,42.7291505258008,42.7046056442592,42.6859504819497,42.6786908175796,42.688785459047,42.7207162072357,42.7746701214739,42.8438911270272,42.9141314388697,42.9669422397793,42.9865005590923,42.9667056558379,42.9141101780773,42.8446819862845,42.7766316606322,42.7237626234473,42.6924405445819,42.6823057744332,42.6889329007542,42.70656101806,42.7299190538042,42.7550345216024,42.7793336298369,42.8013932845532,42.8205982923784,42.8368333334954,42.8502536414594,42.8611339779465,42.8697788248917,42.8764743123457,42.8814656412024,42.8849482970767,42.8870654406936,42.8879070256954,42.8875084580264,42.8858481370062,42.8828442000586,42.8783514455527,42.87215999497,42.8639981113474,42.8535431140926,42.8404469176217,42.8243865879515,42.8051550883792,42.782811333474,42.7579073864893,42.7317954929965,42.7069753681138,42.6873593043078,42.6782116121557,42.6854101479959,42.7137151010569,42.7641111403491,42.8311021158022,42.9017335430597,42.9581598868485,42.9838825008053,42.9709253662029,42.9236228668006,42.8564682616689,42.7875103180099,42.7314809029602,42.6960868566856,42.6821061197043,42.6857655523041,42.7014935451384,42.7239097103838,42.7488037860477,42.7733512433982,42.7959217422822,42.815752019728,42.8326325062948,42.8466651438754,42.8580991329979,42.867230388141,42.8743458212733,42.879695866329,42.8834829147629,42.8858574199757,42.8869166813689,42.8867036872221,42.8852050269777,42.8823479680762,42.8779975372604,42.8719550965934,42.8639607681438,42.8537035084116,42.8408450425879,42.8250674667083,42.806158823582,42.7841548326107,42.7595542503078,42.733612186103,42.7086777274089,42.6884662361231,42.6780425862954,42.6831818321944,42.7087879496639,42.7563762722437,42.8213698219963,42.8918498224722,42.9505902251826,42.9807849533861,42.9731596902284,42.9303182925856,42.8654407067614,42.7962332961988,42.7380044970496,42.6994770724983,42.6823745623046,42.6835209025395,42.6975660969637,42.7190872205777,42.7437028927582,42.7683893545621,42.791342884317,42.8116715041105,42.8290807317949,42.8436224726066,42.8555203750246,42.8650603471374,42.8725282009158,42.8781777420649,42.8822165544064,42.8848007636114,42.8860333630279,42.8859631221517,42.8845828034717,42.8818265736982,42.8775673141675,42.8716152456177,42.8637201715004,42.8535810565914,42.8408689518338,42.8252726774354,42.8065809391175,42.7848182917752,42.7604519334167,42.7346743832722,42.7097320206834,42.6891984255795,42.6779830833562,42.6817574736717,42.7054812126193,42.7509980292073,42.814362984351,42.8844337355116,42.9445355595037,42.9777828350684,42.9740625565411,42.9347149669579,42.871849566523,42.8027719414729,42.7431065473642,42.7022963807105,42.682799230769,42.6819422558205,42.6945943288451,42.7153345527783,42.7396672750169,42.764419424106,42.7876502368653,42.8083621109203,42.8261885178943,42.8411373386329,42.8534085838224,42.8632779030809,42.8710287947672,42.8769169207353,42.8811535289472,42.8838989391066,42.8852603560157,42.8852907528733,42.8839873191564,42.8812891802662,42.877074970924,42.8711616069068,42.8633065215932,42.8532170392554,42.8405727836286,42.825070283151,42.806503006189,42.7848936348423,42.7606950133111,42.7350649341996,42.7101866500792,42.6895393516702,42.6779189186826,42.6809030745288,42.70344904387,42.7475751568152,42.8097312273282,42.87931113498,42.9400829621191,42.9752140613431,42.9741100949824,42.9372664888903,42.8759957042771,42.8072243036011,42.7467097624345,42.7043604120522,42.6831587548376,42.6808209573381,42.6924073279198,42.7125246005523,42.7366089149897,42.7613836076901,42.7848069887466,42.8058005158938,42.8239405553612,42.8391988623685,42.8517551775651,42.86187563925,42.8698408422347,42.875907148589,42.8802881482946,42.8831470214889,42.8845938504628,42.8846844227797,42.8834188448824,42.8807395309403,42.8765290467301,42.870609094198,42.86274287952,42.8526445235866,42.8400013674444,42.824518195963,42.805996322526,42.784463874755,42.7603731538693,42.7348698937868,42.7101069159238,42.6895091437457,42.6777962897407,42.680466268507,42.7024345834678,42.7457755208378,42.8071390072352,42.8762429152278,42.9371775128792,42.9732362193942,42.9736196458775,42.9383400061411,42.8781833547943,42.8097635651341,42.7488467665942,42.7055938085866,42.6833173053104,42.6800024975821,42.6908592441138,42.7105333131125,42.7344286870113,42.7592053533198,42.7827546853925,42.8039417227834,42.8223014086966,42.837778271626,42.8505360801477,42.8608329399812,42.8689464674513,42.8751329038561,42.8796070721404,42.882533830923,42.8840249472149,42.8841377989999,42.8828741049235,42.8801781410266,42.8759348467362,42.8699690631954,42.8620481393683,42.8518915797845,42.8391935936193,42.8236675188828,42.8051248940015,42.783605160178,42.7595712988299,42.7341755514594,42.7095673048346,42.6891507713765,42.6776017351055,42.6803525703093,42.7022488421638,42.7453273040287,42.8062785868392,42.8749628835598,42.9356768759663,42.9718797443068,42.9727824510234,42.9382189211369,42.8786969816326,42.8106021399349,42.7496251424601,42.7060047745093,42.6832110521539,42.6793831217279,42.6898327017867,42.7092467062617,42.7330246390952,42.7577975641245,42.7814206057825,42.8027254445779,42.8212209347956,42.8368334910753,42.8497156329619,42.860119355639,42.8683195965932,42.8745719386982,42.8790915340783,42.8820438948189,42.8835414216647,42.8836420134551,42.8823478802745,42.8796039510315,42.8752962254736,42.8692512896618,42.8612392405419,42.8509837339086,42.8381850666753,42.8225652887527,42.8039480415668,42.7823888384545,42.7583705174931,42.7330670590211,42.7086466127246,42.6885203673641,42.6773470157776,42.6805058890429,42.7027507390253,42.7460054977858,42.8068711042372,42.8751985327008,42.9353893485345,42.9710921497992,42.971698952797,42.9371180493676,42.8777943818091,42.8099693825111,42.7491998510795,42.7056606210979,42.6828311967105,42.678901002514,42.6892366040089,42.7085630987407,42.73229666195,42.7570682427761,42.780723479437,42.8020814206386,42.8206390112087,42.8363132542284,42.8492501398617,42.8596976546786,42.8679285893665,42.8741975512252,42.8787193051112,42.8816591497927,42.8831292141114,42.8831869994403,42.8818342583632,42.8790155628186,42.8746168834323,42.8684653936164,42.8603327718711,42.8499457802535,42.8370101181955,42.8212566259552,42.8025225349539,42.7808832801905,42.756849021095,42.7316278751842,42.707424792496,42.6876803541065,42.6770577365938,42.680892976455,42.7038297481291,42.7476176311088,42.808661883975,42.8766812666087,42.936099459863,42.9707725883322,42.9704111180957,42.9352032441332,42.8757090216604,42.8080991469864,42.7477528639103,42.7046666444764,42.6822069301208,42.6785251905267,42.6890008190596,42.7083922104909,42.7321484528596,42.7569240055028,42.7805776125029,42.8019335730635,42.8204894121911,42.8361605680283,42.849090893713,42.859526437551,42.8677384851127,42.8739805110974,42.8784663423321,42.8813603537701,42.8827736459878,42.8827625569344,42.8813275989891,42.8784121640886,42.8739013115415,42.8676218638638,42.8593461282954,42.8488031062063,42.8357033088087,42.8197863787617,42.8009042745457,42.7791553841203,42.7550831149672,42.7299395787209,42.7059808215683,42.6866944386678,42.6767647248218,42.6814911939512,42.7053915399334,42.7499907514302,42.8114137823183,42.8791508362982,42.9375850765523,42.9707980055363,42.9689295857898,42.932610774614,42.8726564569588,42.8052235239481,42.745478639984,42.7031489963019,42.6813901600309,42.6782445166856,42.689069693432,42.7086525910509,42.7324877442638,42.7572720267375,42.780895696544,42.8022030987482,42.8207028349545,42.8363154929631,42.8491866390857,42.8595622733012,42.8677128354329,42.8738906218259,42.8783081163715,42.8811282127392,42.8824603795103,42.8823591805551,42.8808232700294,42.8777942162254,42.8731554794883,42.8667327961182,42.8582983443553,42.847582656209,42.8343005378334,42.8182003599469,42.7991495809569,42.777271759218,42.7531479862638,42.7280818093919,42.7043911672889,42.6856238665611,42.6764974476084,42.6822789991717,42.7073465326725,42.7529605502836,42.8149006965263,42.8823570604359,42.9396290575243,42.9710426098793,42.967255193572,42.9294640413853,42.8688415594147,42.8015699281457,42.7425738918577,42.7012413679504,42.6804428160954,42.6780577188685,42.6893956988953,42.7092684795639,42.7332256097764,42.7580209537858,42.7815906247743,42.8028106740553,42.8212091626564,42.8367172770659,42.8494854885078,42.8597613705017,42.8678151359769,42.8738979353119,42.8782206359146,42.8809442430325,42.8821761450399,42.8819686798282,42.8803181905719,42.87716395351,42.8723873274839,42.8658124155161,42.8572106841837,42.8463136193763,42.8328398443905,42.8165462514208,42.7973161500912,42.7752996094201,42.7511182990891,42.7261322263639,42.7027286264363,42.6845245782842,42.6762790047988,42.6832286902222,42.7096011141832,42.7563629146029,42.8189022753772,42.8860605816617,42.9420274576539,42.9713921389898,42.9653951946822,42.9258866471477,42.8644647592652,42.7973597033957,42.7392303731129,42.6990750132236,42.6794269383123,42.6779654041633,42.6899339654253,42.7101668058301,42.7342754255586,42.7590812173493,42.7825766068364,42.8036779603601,42.8219390822137,42.8373059186855,42.8499363433561,42.8600808220495,42.8680098919564,42.873973650904,42.8781811997838,42.8807913976144,42.8819092625951,42.8815846168898,42.8798112067269,42.8765257209851,42.8716070925802,42.8648774196332,42.8561070293337,42.8450278864792,42.8313619482594,42.8148742249921,42.7954637176237,42.773307354447,42.7490686097985,42.7241664603558,42.7010614574057,42.6834451086633,42.6761224526046,42.6843011116925,42.7120512844654,42.7600278628264,42.8232001723666,42.8900334513804,42.9445953746659,42.9717539504314,42.9633747094702,42.9220116694422,42.8597265657514,42.7928072714141,42.735629848023,42.6967716218505,42.6783974420609,42.6779640277583,42.6906380353865,42.7112747095126,42.7355518348787,42.7603650242251,42.7837698012234,42.8047285707823,42.8228251721112,42.8380232416937,42.8504898826906,42.8604794746346,42.8682633604638,42.8740907366205,42.8781689094801,42.8806544844028,42.8816499805404,42.8812025799224,42.879303314543,42.8758861627774,42.8708274801709,42.8639471528115,42.8550140765821,42.8437602907222,42.8299105480996,42.8132373011176,42.7936544601572,42.7713650200915,42.7470736407937,42.7222580973621,42.6994528301148,42.6824252207842,42.6760283916794,42.6854421804627,42.7145785129711,42.7637756578025,42.8275757444076,42.8940596770341,42.9471708506022,42.9720635307697,42.961243971773,42.9179874394137,42.8548303163045,42.7881194920712,42.7319407990447,42.6944386552471,42.6773973224582,42.6780418171396,42.691456897275,42.712517712432,42.7369698806734,42.7617861953102,42.7850886101558,42.8058886189111,42.8238025577899,42.8388135612156,42.8510991829836,42.860918474481,42.8685440125479,42.8742243084762,42.8781649718535,42.8805204001859,42.8813906487579,42.880820303255,42.8787977347645,42.8752542600819,42.8700636754315,42.8630436035382,42.8539613360976,42.8425486233394,42.8285323712368,42.8116914464601,42.7919531452085,42.7695444273703,42.7452084654894,42.7204787732025,42.6979606949207,42.6814953791042,42.675983890034,42.6865812150289,42.7170476591639,42.7674148011314,42.8318088245562,42.8979354318311,42.9496167666514,42.9722876822988,42.9590818722466,42.9139803655709,42.8499835188091,42.783495324113,42.7283167225924,42.6921668732857,42.6764550241697,42.6781764396201,42.6923331924335,42.7138185216771,42.7384443426007,42.7632599180677,42.7864537186189,42.8070869309378,42.8248092090078,42.8396240047269,42.8517200239184,42.8613615357571,42.8688227536742,42.8743517993999,42.8781528164438,42.8803781976366,42.8811257366234,42.8804376372423,42.8782998354844,42.8746412081496,42.8693331779484,42.8621912029758,42.8529809043673,42.8414333969005,42.8272769498645,42.8102953924133,42.7904270272408,42.7679192030469,42.7435486638801,42.7188984850428,42.6966382248785,42.6806772475353,42.6759629129401,42.6876311510988,42.7193068611733,42.7707415802767,42.8356770442781,42.9014683687319,42.951820377214,42.9724244218396,42.9569962272631,42.9101754379432,42.8453983650027,42.7791261171657,42.7248960550854,42.6900298833658,42.6755837179568,42.6783341643919,42.6932024101282,42.7150963567311,42.7398892389669,42.7647024213741,42.7877879136974,42.8082549705865,42.8257859318459,42.8404045386144,42.8523109247943,42.8617749694304,42.8690729333282,42.87445294164,42.8781180447,42.880218995946,42.8808516994363,42.880056364428,42.8778168918704,42.8740601141407,42.8686554343529,42.8614163930411,42.8521069749983,42.8404573161597,42.8261960836006,42.8091101402104,42.7891454697651,42.7665646184739,42.7421704983027,42.7175862277911,42.6955350056266,42.679985441393,42.6759284975727,42.6884908034605,42.7211893630948,42.7735408630218,42.8389551360422,42.9044753645365,42.9536899695304,42.9724994728237,42.9551211045208,42.9067750323214,42.8412920525293,42.7751969690644,42.7218038795712,42.688085626781,42.6747822710874,42.6784702798292,42.6939928695525,42.7162666625461,42.7412174180468,42.7660305464614,42.7890156907794,42.8093265019775,42.8266760885495,42.8411077346664,42.8528329433991,42.8621274998522,42.869270165598,42.8745095786663,42.878048221076,42.8800357389395,42.8805666908892,42.8796798531096,42.8773576673503,42.8735254932175,42.8680512391091,42.8607469269167,42.8513750433464,42.8396644065198,42.8253429350156,42.8081981005615,42.788179251073,42.765557236774,42.7411511293657,42.7166110351565,42.6946991280936,42.6794307624977,42.6758369407551,42.6890494007298,42.7225173482785,42.7755879393756,42.8414137272157,42.9067780402261,42.9551480776969,42.9725591077495,42.9536113848855,42.903996505416,42.8378874849301,42.7718895845814,42.7191556182054,42.6863797952583,42.6740377724758,42.6785305807172,42.6946263174061,42.7172410800222,42.7423401584659,42.7671611746018,42.7900626366975,42.8102369987701,42.8274250630036,42.8416882975375,42.8532492576792,42.862389886421,42.8693919739789,42.8745053152923,42.8779325101173,42.8798228001316,42.8802701162395,42.8793125379081,42.8769318004066,42.8730525410249,42.8675418748682,42.8602108657921,42.8508207602593,42.8390987462839,42.8247706953794,42.8076217979911,42.787599481634,42.7649743041034,42.7405688319259,42.7160434324619,42.6941802641035,42.6790250885663,42.6756442548387,42.6891936802796,42.7231079963674,42.7766514348417,42.8428173754426,42.9081955724922,42.9561207040391,42.9726589590899,42.9526344907051,42.9020688084798,42.8354147291974,42.7693869959674,42.7170629429303,42.6849512594849,42.6733295804798,42.6784538347902,42.6950190382622,42.7179275865382,42.7431667173714,42.7680104760635,42.7908545747022,42.8109227981422,42.8279794781447,42.8421023628452,42.8535245403346,42.8625343592131,42.86941726714,42.8744250101695,42.8777611609256,42.8795754332877,42.8799620218649,42.8789592199355,42.8765489860548,42.8726561673709,42.8671479717911,42.8598352441282,42.8504783977084,42.8388027527455,42.8245307541714,42.8074420532927,42.7874760245249,42.7648927567829,42.7405030739788,42.7159571782225,42.6940336538955,42.6787879466823,42.6753150665555,42.6888178742842,42.7227821960894,42.7764976952247,42.8429220418911,42.9085346689967,42.9565221185247,42.9728482409114,42.9523588222659,42.901227910379,42.8341132785349,42.7678803502093,42.7156421438237,42.683839700101,42.6726350060244,42.6781752730692,42.6950834787107,42.7182307875685,42.7436038033931,42.7684929613808,42.7913164588627,42.8113199931989,42.8282861631209,42.8423065660187,42.8536241272859,42.8625338694507,42.8693256460688,42.8742541106058,42.8775248386896,42.8792890681948,42.8796423211768,42.8786241869383,42.8762179526241,42.8723497912778,42.8668880840181,42.8596443967914,42.8503789102063,42.8388149896932,42.8246703141637,42.8077155482866,42.7878752724244,42.7653876362342,42.7410341865123,42.7164309754652,42.6943246880929,42.6787545442635,42.6748339459165,42.6878369056762,42.721376604779,42.7748975892703,42.8414729096371,42.9075772065991,42.9562350878498,42.9731486413091,42.9529379015706,42.9017101688661,42.8342346485396,42.76757770178,42.7150251692398,42.6830957608288,42.6719369331585,42.6776313319717,42.6947305318046,42.7180524410007,42.7435550129761,42.7685203487459,42.7913710192407,42.8113630598633,42.8282908646503,42.8422568764529,42.853512975382,42.862361151356,42.8690965406777,42.8739778298504,42.877213806177,42.878958458075,42.8793098676066,42.878310168957,42.8759452543614,42.872143922388,42.8667770110919,42.8596579752696,42.8505476124098,42.8391674995327,42.8252294220055,42.8084916865995,42.7888571091919,42.766529621603,42.7422421900905,42.7175495729693,42.6951334089346,42.6789846184981,42.674218786979,42.6862029547177,42.7187599651068,42.7716373526121,42.8382044693412,42.905067043986,42.9550869780767,42.9735270702893,42.9544885593894,42.9037418766908,42.8360440444602,42.7687142914856,42.7153734384496,42.682794166566,42.6712339077649,42.6767661124823,42.6938728245438,42.7172924366382,42.7429203593154,42.7680003139488,42.790937186209,42.8109832256879,42.8279366997764,42.8419071901879,42.8531544022224,42.8619875901557,42.8687081741282,42.8735801699467,42.8768169644638,42.8785766954926,42.878961400583,42.8780171659733,42.8757339281304,42.872044589354,42.8668239364773,42.8598887332483,42.8510015538207,42.8398827277666,42.8262374459837,42.8098087111161,42.7904708966484,42.7683813393138,42.7442041926066,42.7194033855013,42.6965578014366,42.679570870882,42.6735352337365,42.6839251036371,42.7148545874922,42.7665357603826,42.8328460918662,42.9006990631924,42.9528233450279,42.9738617468769,42.9570608693847,42.9075220334806,42.8398186619838,42.7715629978064,42.7168942109001,42.6830503009436,42.670553470076,42.6755403159165,42.6924296125261,42.7158506517052,42.7415961585631,42.7668352745267,42.7899283721946,42.8101066152146,42.8271623609384,42.8412076808128,42.8525086041533,42.8613818933533,42.8681363562716,42.8730427984635,42.8763207706266,42.8781341264891,42.8785904089583,42.8777412095101,42.8755820963272,42.8720517196389,42.8670305108278,42.8603402308388,42.851746755279,42.840970205692,42.8277091410876,42.8116891471819,42.7927504152212,42.770992141989,42.746989699255,42.7220855153214,42.698714257636,42.6806449936501,42.6729101763712,42.6810908144004,42.70966336384,42.7594702245935,42.825137682906,42.8941156412432,42.9490827316291,42.9739022606325,42.9605973021676,42.9131940791577,42.8458385208278,42.7764423030137,42.7198585679323,42.6840405750544,42.669969697249,42.6739437486842,42.6903342225041,42.7136303795568,42.7394757394746,42.7649214955883,42.7882507757467,42.8086522597309,42.825900116387,42.8401029279593,42.8515309614767,42.8605085724088,42.8673531170467,42.8723437978267,42.8757080626666,42.8776172084523,42.8781859766634,42.8774731467181,42.8754816331941,42.8721576215505,42.8673890688555,42.8610046867736,42.8527755751037,42.8424232875929,42.8296406017151,42.8141348285939,42.7957078906985,42.7743912377376,42.7506532898425,42.7256849999546,42.7017332373656,42.6823784991309,42.6725410545321,42.6778863600565,42.7033011619082,42.7504137588903,42.8148609204352,42.8849183177549,42.9433797682686,42.9732269666617,42.9648794783691,42.920801292236,42.8543635992765,42.783716973298,42.7246186018418,42.6860262829251,42.6696259044189,42.6720127949756,42.6875453856868,42.7105443996401,42.7364517347216,42.762149014976,42.7858020161948,42.80653015429,42.8240737114528,42.8385298842251,42.850170168189,42.8593262621365,42.8663252061689,42.8714563192609,42.8749568349587,42.8770073716788,42.8777316928855,42.8771975579211,42.8754170414171,42.8723457595431,42.867881224041,42.861861285106,42.8540645809636,42.8442163895426,42.8320056089705,42.8171220380545,42.79932758785,42.778579461808,42.7552245448672,42.7302754444421,42.7057481959019,42.6849750490272,42.6726963475718,42.6746110289309,42.6960265590093,42.7394822706327,42.8018909112854,42.8727045819715,42.9351082719539,42.9712061840195,42.969464177265,42.9302208199778,42.8655888539233,42.7937835690903,42.7316187943821,42.6893790971829,42.6697629144951,42.6698543646612,42.6840642052051,42.7065252158079,42.7324211160332,42.7584031992896,42.7824706349673,42.8036397043784,42.8215963864431,42.8364158180664,42.8483662780296,42.8577859449535,42.8650125153745,42.8703471962773,42.8740390252459,42.8762799584525,42.8772047203882,42.8768919290094,42.8753646977756,42.8725900307645,42.8684771129212,42.8628752894251,42.8555733817234,42.8463033055971,42.8347530851777,42.8205976107676,42.8035599184338,42.7835206303234,42.7606959298765,42.7358991287756,42.7108766731406,42.6886512912607,42.6737018434811,42.6716774589792,42.6882656184057,42.726986497966,42.7862691983195,42.8571395434154,42.9235807174217,42.9669874910724,42.9736174968632,42.9410747623744,42.8795677408442,42.8070292075312,42.7413924500418,42.6946033112156,42.6707517108057,42.66767737349,42.6799587077681,42.7015414592289,42.7272946359238,42.7535691730029,42.778137334664,42.7998691522379,42.8183694058572,42.8336764987388,42.8460488512747,42.8558292141587,42.8633665278184,42.8689756066446,42.8729193965483,42.8754033256664,42.8765751184314,42.8765261940682,42.8752926125385,42.8728547304872,42.8691355381065,42.8639983006393,42.8572448763286,42.8486172234437,42.83780649537,42.8244771134187,42.8083174876266,42.7891341986502,42.7670105262165,42.7425482889571,42.7171943542787,42.6936050161848,42.6759081299368,42.669589149994,42.680614845409,42.7134751126027,42.768290222152,42.8380666294323,42.9081220078891,42.959528511207,42.9762683785008,42.952626154603,42.8960978317704,42.8237492094219,42.7545286238572,42.7023447971201,42.673125851099,42.6658311593025,42.6753975270809,42.6956227120498,42.7210128447837,42.7475408891618,42.7726792799087,42.7950969304833,42.8142817647366,42.8302150916786,42.8431355371647,42.8533868221369,42.8613289811726,42.867291929586,42.8715546341048,42.8743382140675,42.875805514282,42.8760627409858,42.8751608033731,42.8730953277915,42.8698051705251,42.8651698861595,42.8590072577201,42.8510729511193,42.8410659712717,42.828646258603,42.813474769132,42.7952915888343,42.7740527204426,42.750147296927,42.7247058701587,42.699973156423,42.6796384175828,42.6688881305119,42.6738082463687,42.6997471873939,42.7485795297281,42.8156470319652,42.8882281962855,42.9477078519394,42.9760185388744,42.9636855329162,42.9145733976183,42.8440110456266,42.7715899830809,42.7133694608089,42.6776029343838,42.6648464241224,42.6706924946163,42.6888945654761,42.7135710864806,42.7402370952903,42.7659792976071,42.7891963412111,42.8092121021257,42.8259225161338,42.8395316439289,42.8503779243424,42.8588310548897,42.865237035211,42.8698928382854,42.8730375200969,42.8748512215269,42.8754569456232,42.8749223215298,42.8732600681704,42.8704268183683,42.8663206007622,42.8607778443636,42.8535715473752,42.8444135806572,42.8329663783036,42.8188728800556,42.8018186311068,42.7816456416785,42.7585411650507,42.7333193371138,42.7077873048032,42.6851226876752,42.6700729107166,42.668637534532,42.6868086582109,42.7281273942857,42.7904941365795,42.8637783735958,42.9305364682312,42.971257508586,42.9725786673379,42.9338338234021,42.86746466011,42.7929621872019,42.728486739586,42.6850756268447,42.6654673516816,42.6663456888186,42.6816237298647,42.7050552775998,42.7316265626105,42.7579422108999,42.7820454137625,42.8030342686446,42.820680366012,42.8351315288384,42.846710650728,42.8557935633785,42.8627423729467,42.8678736876812,42.8714466652938,42.8736609277623,42.8746582869399,42.8745249115227,42.8732923104746,42.8709365947151,42.86737615971,42.8624684463808,42.8560070538376,42.8477215235968,42.8372839910981,42.824330031564,42.8085056897949,42.7895585616524,42.7674960485938,42.7428335466853,42.7169391153356,42.6924326551671,42.6734991554798,42.665828074537,42.6757558859627,42.7082361343124,42.7637444561585,42.8352496558342,42.907458413409,42.9604229983101,42.9772469916556,42.9520725633486,42.8931295961815,42.8186291174995,42.748392268854,42.6965436657058,42.6686534948015,42.6630888057401,42.6742683097307,42.6956879132257,42.7217640481074,42.7485204150362,42.773544009425,42.7956283208199,42.8143678240527,42.8298229322934,42.8422848801006,42.8521288349109,42.8597313833411,42.865429668534,42.869504847532,42.8721781315263,42.8736121185845,42.873913268737,42.8731334385547,42.8712696817834,42.8682622984368,42.8639916182942,42.8582744934941,42.8508622608335,42.8414434049331,42.8296567531411,42.8151251544972,42.7975252676436,42.7767152623075,42.7529454514788,42.7271691489301,42.7014380272194,42.6792887572054,42.6658943318321,42.6675941861907,42.6903560173396,42.7369990662196,42.8038452759889,42.8786704419111,42.9423996286113,42.9755449250408,42.9669038848549,42.9192370435436,42.8479049009874,42.7734188595802,42.7129560086645,42.6755198973975,42.661891900733,42.6675200959965,42.6858785231507,42.7108356115374,42.7377494703434,42.7636397532509,42.7868986456923,42.8068741109455,42.8234955518334,42.8369982705783,42.8477451181237,42.8561228976173,42.8624888842406,42.8671475549479,42.8703435855448,42.8722622310603,42.8730318982073,42.8727262018238,42.8713643666103,42.8689097699218,42.8652669678073,42.8602779552357,42.8537189774999,42.8453003014165,42.8346734144544,42.8214536025615,42.805271026884,42.7858698384535,42.7632803385024,42.7380879250045,42.7118029171221,42.6872791083897,42.6690178305331,42.6630339495699,42.6758278031342,42.712100084858,42.7714361516596,42.8453288124945,42.9169615566616,42.9657344976929,42.9756791145554,42.9432496205302,42.8792126617452,42.8032274915425,42.7349493233501,42.6871821651905,42.6639085630914,42.6623148781326,42.6762642855403,42.6992062511814,42.7257911180796,42.7523625277986,42.776799981552,42.7981175725755,42.8160549709232,42.8307565435148,42.8425543597891,42.8518372163207,42.8589799963707,42.8643107665247,42.8680990512702,42.8705543934913,42.8718286434997,42.8720184192066,42.8711661187497,42.869259035758,42.8662267830002,42.8619376192848,42.8561946768321,42.8487338485123,42.83922664286,42.8272941274304,42.8125425612534,42.7946374487171,42.7734393126402,42.7492275791079,42.7230297726387,42.6970360710432,42.674993813429,42.6623324232092,42.6656037738035,42.6907777628996,42.7402687716513,42.8095008905119,42.8850769721978,42.9470568398486,42.9760617059904,42.9621770195154,42.9100546038568,42.8365380045165,42.7625168895236,42.704493308931,42.6703250269241,42.6597783854394,42.667716571841,42.6874545817207,42.7129752907349,42.7398634811295,42.7653697667766,42.7880710999,42.8074422062836,42.8234884934216,42.8364838627426,42.846805336742,42.8548396977266,42.8609371605013,42.8653926044328,42.8684410343474,42.8702589659225,42.8709670448751,42.8706316134167,42.8692644261642,42.8668205590207,42.8631949957384,42.858218685001,42.8516553610424,42.8432015173043,42.832494090253,42.8191341223225,42.8027401778391,42.7830520615576,42.7601110087172,42.7345407097489,42.7079318261144,42.6832718286643,42.6652435867706,42.6600486599458,42.6742814534115,42.7125015710483,42.773802890749,42.8488832577861,42.9201440712923,42.9667147037971,42.9732037650477,42.9373109652901,42.8710585250493,42.7947147751695,42.7277110534722,42.6821047495694,42.6610796897966,42.6612838700131,42.6763713549534,42.6998254681821,42.7264489778613,42.75276136321,42.7767909444838,42.7976573692839,42.8151649920917,42.8294914906064,42.8409811914578,42.8500226678659,42.8569843116109,42.8621854723972,42.8658870270253,42.868290922052,42.8695425313177,42.8697326318277,42.8688976991883,42.8670183340325,42.8640162042349,42.859750181466,42.8540126697774,42.8465278483198,42.8369551383485,42.8249041540008,42.8099721053574,42.7918210230687,42.7703189083938,42.7457717782001,42.7192632257156,42.6930781802573,42.6710972623843,42.6588984021166,42.6631358976656,42.6897358481988,42.7408214260773,42.8112652024167,42.8870323565846,42.9478135851049,42.974459141213,42.9578849875707,42.903758206437,42.8295684974733,42.7562060874351,42.6996733818331,42.6671917400785,42.6580504328751,42.6668974646962,42.6870468166922,42.7125945363727,42.7392681165842,42.7644424711745,42.7867833448421,42.8058193667872,42.8215826988929,42.8343557244019,42.8445131739596,42.8524342498291,42.8584599070419,42.8628761660832,42.8659104815371,42.8677331835426,42.8684596004065,42.8681508602632,42.8668128314723,42.8643934501791,42.8607790489347,42.8557905285948,42.8491806619354,42.8406349172875,42.8297804407598,42.8162117088471,42.7995470667632,42.7795372660954,42.7562525462051,42.7303720909887,42.7035758087402,42.6789737442398,42.661385392691,42.6571120590881,42.6727251438256,42.7125441782015,42.7751749535323,42.8507047529872,42.921107547276,42.9656052207005,42.9695057339689,42.9314927394495,42.8643165999328,42.7883668440253,42.7226531958775,42.6786098977911,42.6589201152176,42.6599903479964,42.6754598583112,42.6989224604886,42.7253253141811,42.7513133645325,42.775002772442,42.795564422794,42.8128260170401,42.826970340159,42.8383364727197,42.8473029675245,42.8542269841583,42.8594174389792,42.8631264398168,42.8655488705927,42.8668242389155,42.8670378434257,42.8662202031146,42.8643447731308,42.8613244945749,42.8570079575322,42.8511762266468,42.8435420967933,42.8337551955377,42.8214194312512,42.8061341642747,42.78757697905,42.7656524732086,42.7407334522815,42.7140084180773,42.6879054407559,42.6664672076692,42.6553995140298,42.6613563987973,42.6900222588736,42.7429757749833,42.8143423907395,42.8894612292478,42.947948100677,42.9713495513576,42.9517845776823,42.8959850688915,42.8218150221587,42.7497836640452,42.6951298716292,42.6643794977562,42.6564372496606,42.665878417446,42.6861338967067,42.7114791855932,42.7378045795259,42.7626005086453,42.7846000749758,42.8033623750307,42.8189261941902,42.8315672793767,42.8416477438059,42.8495326618639,42.8555497822608,42.8599738809401,42.8630232400505,42.8648605999721,42.8655944550689,42.8652789226963,42.8639118537804,42.8614316101375,42.8577132594977,42.852565136898,42.8457271717864,42.8368735447148,42.8256246226652,42.8115771737075,42.7943676881057,42.7737903697779,42.7499959162503,42.7237922404968,42.697040094484,42.6730656800216,42.6568840063911,42.6548615713788,42.6733535905392,42.716060343482,42.7806091664158,42.8560856648025,42.9240149921989,42.9641924601503,42.9634295125177,42.9220956274837,42.853906578315,42.779111050975,42.7157944705329,42.6743277405766,42.6566681314201,42.6589562743432,42.6749022526032,42.6983211687665,42.7243939164907,42.7499458186007,42.7732063192756,42.793403808358,42.8103856518474,42.8243323216403,42.8355698890064,42.8444602028832,42.8513438603612,42.8565150934282,42.8602136263414,42.8626238964153,42.8638761097281,42.8640464525138,42.8631556123196,42.8611658105591,42.8579770451163,42.8534234640532,42.8472710883715,42.8392189061292,42.8289071682936,42.815940013339,42.7999346092424,42.7806154311913,42.757978052513,42.7325465469487,42.7057314084211,42.680243515453,42.6604159335901,42.6521314566343,42.6619166408666,42.6948228833295,42.7512334551012,42.8238035332971,42.8968195141139,42.950052133724,42.9666730540317,42.9412143594623,42.8823344425345,42.808404741072,42.7390586567802,42.6880517121172,42.660637153052,42.6550491392395,42.6657541354509,42.6863995399701,42.7115761978906,42.7374542160679,42.7617197496339,42.7832192185335,42.8015635939536,42.8168048645492,42.8292110795834,42.8391274501919,42.8468996987445,42.8528371228532,42.8571981729137,42.8601869241385,42.8619533745783,42.8625938188243,42.8621497821354,42.8606053676532,42.8578835918618,42.8538426107984,42.8482729868829,42.8408977131957,42.8313780735434,42.8193310694739,42.804368462887,42.7861733666734,42.7646364459109,42.7400762407503,42.7135583400598,42.6872913634175,42.6649954550222,42.6520032826424,42.6547020397963,42.6788912392284,42.7269540612293,42.7946078479058,42.8691525263415,42.93153582038,42.9629332023533,42.9531318789532,42.9055907533164,42.8356405035047,42.7631205477762,42.7043670764193,42.66782202815,42.654140865917,42.6589747587007,42.6761323135471,42.6997939045699,42.7255362712392,42.7504971238598,42.7731086351851,42.7927089684317,42.80919109673,42.8227429457962,42.8336785534835,42.8423398230088,42.849045767692,42.854070209248,42.8576343983536,42.8599059097698,42.8609988923688,42.8609733677036,42.859832959317,42.8575214086783,42.8539187209115,42.8488380661643,42.8420250031856,42.833161635582,42.8218804487001,42.8077962309612,42.7905697478646,42.7700228734698,42.7463287920905,42.7202959104162,42.693737836973,42.6698567897409,42.6534511135835,42.6506078046868,42.6674543568934,42.7077251352421,42.7695709437368,42.8431377013183,42.9111986675306,42.9542628787969,42.9586678146991,42.9231335791691,42.8593661442413,42.7862893064807,42.7218715235385,42.6773416669473,42.6558595763361,42.6545684529063,42.6677474708875,42.689377298734,42.7145461800829,42.7398742438466,42.7633712836759,42.7840800568583,42.8017107198187,42.8163515386794,42.8282712989791,42.8377987467715,42.8452566932537,42.8509305273009,42.8550559442922,42.8578157359869,42.8593395349257,42.8597033498979,42.8589277130165,42.856974481682,42.8537430120659,42.8490667971511,42.8427120670368,42.834380691977,42.8237214803916,42.8103570708697,42.7939382850505,42.774243524034,42.7513453756024,42.7258646441881,42.6993130385621,42.6744739244926,42.6556708814711,42.6486330149922,42.6595528779635,42.6930171830247,42.7490010148607,42.8201017045509,42.8911201238608,42.9428065221223,42.9592590367835,42.9352627259424,42.8788444277695,42.8072597511018,42.7392133339911,42.6881439008466,42.6595729438715,42.6522836291043,42.66126678618,42.6805101178373,42.7047433121135,42.7301301548576,42.7542748141093,42.7759188904506,42.7945758494936,42.8102198579971,42.8230625365851,42.8334107586716,42.8415851795676,42.8478787529272,42.8525387505289,42.8557607924429,42.8576876567216,42.8584088461611,42.8579591265808,42.8563156989982,42.8533945275752,42.8490468455956,42.8430572940231,42.8351458840658,42.8249774595962,42.8121850136587,42.7964173587536,42.7774269631136,42.7552185680906,42.7302790684509,42.7038951289035,42.6785228846464,42.6580883985669,42.6479679843849,42.6542735479708,42.6820900614891,42.7326972603176,42.800670455426,42.8727438772548,42.9304206275976,42.9565294824531,42.942826847755,42.8939843945175,42.825228421014,42.7552898329517,42.6991955212094,42.6645238542376,42.6516874904404,42.6565331093663,42.6732273291772,42.6962750373783,42.7214644980764,42.7460323075768,42.7684301875925,42.7879725788378,42.8045120066558,42.818194649833,42.8292984229924,42.8381364302531,42.8450052885873,42.8501609713298,42.8538095798013,42.8561048151299,42.8571473253095,42.8569835413913,42.855603253177,42.8529362016162,42.8488485956053,42.8431409577444,42.8355494043875,42.8257537810385,42.8133984379931,42.7981351497149,42.7797025915547,42.7580615574749,42.7336060121253,42.7074593595123,42.6818301371889,42.6603265893059,42.6480108737573,42.6508474056081,42.6741832803441,42.7201922042999,42.784965199674,42.8569136956557,42.9184998815791,42.9519723540953,42.9469056080232,42.9051486770017,42.8398640339706,42.7693383628746,42.7096219293115,42.6699617512486,42.6522618031877,42.653266886872,42.6674404423414,42.6891816032981,42.7139910474576,42.7387906877968,42.7617682914928,42.7820482937408,42.7993616572022,42.8137853956844,42.8255637925087,42.8349981073271,42.8423851308929,42.8479867963364,42.8520174268826,42.8546395640854,42.855962849026,42.8560430178534,42.8548798567463,42.8524141264831,42.8485242167761,42.8430238668467,42.8356629984859,42.8261349302544,42.8140953886666,42.7992021215512,42.7811884700619,42.7599888687595,42.7359356951436,42.7100382952335,42.6843246784249,42.662159800299,42.6483450294004,42.6486790892384,42.6686216115281,42.7109301546858,42.7728027772802,42.8440059174568,42.9079632828716,42.9467816059948,42.9485619201011,42.9129349454234,42.8511913625427,42.7809313562642,42.7187763958822,42.6752387223762,42.6534916441372,42.6511320552097,42.6629786957003,42.6834174034657,42.7077454689557,42.7326305155994,42.7560329355145,42.7769058438404,42.7948659584387,42.8099221808871,42.8222833130789,42.8322359599193,42.8400742746467,42.8460636817626,42.8504245989691,42.8533264613014,42.8548859428249,42.8551659621418,42.8541739487877,42.8518591188193,42.8481093577488,42.8427489644058,42.8355392530907,42.8261851937351,42.8143532786065,42.7997089526316,42.7819861972112,42.7611062620173,42.7373642123312,42.7116946439606,42.6860008195758,42.6634707886472,42.6487022624655,42.647337454117,42.6648577707004,42.7043756108372,42.7638529299113,42.8340807557286,42.8993281320317,42.9418060645053,42.9486951537186,42.9179967863846,42.8594518384469,42.7899130889641,42.7262477743575,42.6798601672734,42.6549296409828,42.6497943686551,42.6596331109533,42.6788799992049,42.702702153551,42.7275743587553,42.7512724098981,42.7726038733256,42.7910845405182,42.8066606016348,42.8195063373773,42.8298925204572,42.8381087006272,42.8444217149313,42.8490561284578,42.8521864536757,42.8539346017688,42.8543687702333,42.8535019330627,42.8512894466164,42.8476262115775,42.8423445571714,42.8352148026056,42.8259516281723,42.8142313181958,42.7997279199305,42.7821803785828,42.761506891758,42.7379844109303,42.7125045772788,42.6868922908262,42.6642164234709,42.6489261068717,42.6465297178921,42.6624770520213,42.7000664310451,42.7577421019089,42.8270105231974,42.8928123724221,42.9375779960625,42.9479824594163,42.9209281555013,42.8649834738101,42.7963169777481,42.7318294725061,42.6834961821639,42.656230851337,42.6489626795322,42.6571936346768,42.6754388374404,42.6987942529523,42.7235997503725,42.7474914987979,42.7691615470126,42.7880423647038,42.8040262860344,42.8172564692089,42.8279882245741,42.8365054172774,42.8430746738756,42.8479229829343,42.8512282537898,42.8531159777796,42.8536579119883,42.8528707081778,42.8507138051177,42.8470868859078,42.8418279859468,42.8347141736597,42.825467920894,42.8137741739276,42.7993160105493,42.7818406030741,42.7612711718767,42.7378821650381,42.7125484835634,42.6870555399992,42.6644027256155,42.6489408545495,42.6460720146746,42.6611829729868,42.6976308285554,42.7541116785,42.8225713206667,42.888430304141,42.9343737320909,42.9468787508656,42.9222070464968,42.868137691735,42.8002899431296,42.7354726460432,42.6859671088911,42.6571624266894,42.6484111664091,42.6554745471915,42.6729583282272,42.6959322213854,42.7206530393309,42.7446614309138,42.7665656382672,42.7857348799403,42.8020188203274,42.8155347264873,42.8265240934409,42.8352648244398,42.8420221724884,42.8470240729795,42.8504502972427,42.8524283852229,42.8530320877624,42.8522800666196,42.8501340223056,42.8464964407349,42.84120898001,42.8340534014509,42.8247581748849,42.8130157779049,42.7985185216465,42.7810244334498,42.7604684795257,42.7371357192027,42.7119064357611,42.6865595508992,42.6640676444989,42.6487275653447,42.6458623695178,42.6607757822815,42.6967839212761,42.752644004404,42.8205004537923,42.8860674411798,42.9322792078596,42.9456472893138,42.9221819105082,42.869232976917,42.802035893352,42.7372396142323,42.6872166075002,42.6575960418846,42.647985436931,42.6543276627874,42.6713130969545,42.6940181656237,42.7186615744512,42.7427296822106,42.7647782451371,42.7841341112516,42.8006166492304,42.8143235996433,42.8254851908785,42.8343737234127,42.8412523219953,42.8463486381226,42.8498429238316,42.8518633581553,42.852484253999,42.8517247849735,42.8495473018656,42.8458553517857,42.8404923792286,42.8332430148669,42.8238401238882,42.8119826939201,42.7973724284708,42.7797805074408,42.7591595196507,42.7358165448968,42.7106563895652,42.6854799020252,42.6632695037606,42.6483062476389,42.6458581057315,42.6611301190772,42.6973144754898,42.7530684254009,42.8205277782542,42.8855328314219,42.9312472766677,42.9444012547864,42.9210834650163,42.8685369252264,42.8017798999406,42.7372654832305,42.6872818730675,42.6574909940743,42.6475974356454,42.6536455007127,42.6703956726819,42.6929552014485,42.7175429873804,42.7416283376614,42.7637439621873,42.7831946835297,42.7997821221113,42.8135913141018,42.8248442695717,42.8338084728859,42.8407444859806,42.8458786675862,42.8493905233213,42.8514075850557,42.852003421247,42.8511963689137,42.8489480017358,42.8451614027808,42.8396802043352,42.8322903254856,42.8227276507101,42.8106968367215,42.7959092197629,42.778151313271,42.7573987148347,42.7339907885493,42.7088738242778,42.6838954113492,42.6620793046191,42.6477228219796,42.6460577535675,42.6621746235037,42.6990681739411,42.7551564296509,42.8223897295344,42.8865928213653,42.9311428747613,42.9431453039035,42.919048549931,42.8662665813708,42.7997492452737,42.735730008383,42.6862663306768,42.6568739169736,42.647214011113,42.6533575975649,42.670118233388,42.6926523170839,42.7172114021456,42.7412805130674,42.7633959042404,42.7828591921332,42.7994661624193,42.8132958511953,42.824565230738,42.8335379743679,42.8404718648629,42.8455911431348,42.8490734883922,42.8510446239922,42.8515761901701,42.850684477464,42.8483290208169,42.8444111101761,42.8387731894213,42.8312011240397,42.8214326826997,42.8091775710772,42.7941571596269,42.7761755018194,42.7552363395112,42.7317208207309,42.7066320508009,42.681886260046,42.6605755117735,42.6470395179895,42.6464867678926,42.6638743998378,42.7019307898712,42.7587118590983,42.8258331893863,42.8889917231136,42.9317768413484,42.9418122763248,42.9161474911922,42.8625985173727,42.7961659175528,42.7328384498562,42.6843168668533,42.6558187785053,42.6468429261432,42.6534230036795,42.6704104467613,42.6930258772896,42.7175810416202,42.7416048920358,42.7636604177371,42.7830626676775,42.7996122950068,42.8133884854997,42.824606190591,42.8335263159774,42.8404037710505,42.8454599958937,42.8488698987241,42.8507563582515,42.8511880260603,42.8501780698485,42.8476828782266,42.8436007991742,42.8377719187139,42.8299809354714,42.8199666088589,42.8074433119521,42.792143055773,42.7738897503088,42.7527203141186,42.7290666532563,42.7040027426075,42.6795328849311,42.6588403454997,42.6463275991777,42.6471861885227,42.6662163356645,42.7058128753553,42.7635598079903,42.830614305393,42.892464327654,42.9329309346094,42.9402937418277,42.9124102364033,42.8576825827311,42.7912455780045,42.7288089758724,42.6816057310215,42.6544290146512,42.6465188260575,42.6538213512685,42.6712152701529,42.6939990203894,42.7185679564385,42.7425187220107,42.7644605830513,42.7837361078064,42.8001599476808,42.8138167419742,42.8249220655051,42.8337350029328,42.8405075406978,42.8454577398869,42.8487569158748,42.8505241908941,42.8508242924133,42.8496663209793,42.8470025585,42.8427274307956,42.8366776894442,42.8286359688971,42.8183413594627,42.805512759276,42.7898936457634,42.7713302485623,42.7498976635351,42.726087125216,42.7010564402472,42.6769151915552,42.6569569119815,42.6456615862704,42.6482034605021,42.669196943703,42.710636615137,42.7695362614255,42.8364956177766,42.8967440186622,42.9343767109708,42.9384646903794,42.9078489889625,42.8516555122666,42.7851992547682,42.7238641872224,42.6783164021709,42.6528224892118,42.6462906117423,42.654544113287,42.6724841318845,42.6955000212281,42.7200905940678,42.7439396973439,42.7657187310709,42.7848091714576,42.8010470529485,42.8145267680447,42.8254666627385,42.8341247642967,42.8407500782606,42.8455567857609,42.8487118996336,42.8503299968596,42.8504710720153,42.8491393464558,42.8462821785198,42.8417892521114,42.8354931887647,42.8271738634421,42.8165702567911,42.8034058757933,42.7874366994068,42.768533882076,42.7468156714302,42.7228408208301,42.6978628893852,42.6741118079577,42.6550067284156,42.6451143953293,42.6495848066944,42.6728123413546,42.7163250379385,42.7764795659486,42.8432435280128,42.901569008503,42.9358903778503,42.9362031549054,42.9024764536142,42.844652262516,42.7782353259841,42.7182248927224,42.6746325459444,42.6511193499242,42.6462109099368,42.6555870024499,42.6741724291235,42.6974603964341,42.7220697819319,42.7457871168292,42.7673582162708,42.7862121776952,42.8022120301822,42.8154651671283,42.8261943077167,42.8346569617892,42.8410990592778,42.8457304613118,42.8487132739053,42.8501568623234,42.8501158077682,42.8485887734776,42.8455175187763,42.8407863201719,42.8342230439669,42.8256042973237,42.8146687102969,42.8011446833362,42.7848019086497,42.7655391704609,42.7435227636222,42.7193867090582,42.6944911362491,42.6711992117437,42.6530673664808,42.6447530140016,42.6513687391604,42.6770500589842,42.7227935911048,42.7842242584656,42.8506272189799,42.906688180618,42.9372650026031,42.9334055124956,42.8963195109864,42.8368140920546,42.7705604541684,42.7121049456342,42.6707293381741,42.6494325874543,42.6463278602579,42.6569439597753,42.6762358593389,42.6998132312401,42.7244285166855,42.7479826107252,42.7693046558383,42.787877553057,42.8035952467639,42.816580363591,42.8270610615078,42.8352946457112,42.8415238320089,42.8459537767647,42.848741177791,42.8499896447426,42.8497477948015,42.848008188247,42.8447064500008,42.8397209328175,42.8328742828077,42.8239395013822,42.8126548014288,42.79875392495,42.7820216111819,42.762387001024,42.7400691462617,42.7157845064998,42.6910093444566,42.6682506423886,42.6512100635408,42.644634506338,42.6535804718726,42.6818824801027,42.7299440227549,42.7925974383473,42.8584194949332,42.9118672239681,42.9383208003261,42.9299979922153,42.8894284796347,42.828293143419,42.7623789512999,42.705706546478,42.6667666713373,42.6478610243001,42.6466791633182,42.6586028414346,42.6786277870438,42.7024919605945,42.7270917823766,42.750450629349,42.7714867904187,42.7897408492064,42.805140052701,42.8178235734728,42.8280255888177,42.8360033088175,42.8419960621661,42.8462039740011,42.848777936726,42.8498153844145,42.8493585509592,42.8473934837599,42.8438492767617,42.8385979867777,42.8314567243236,42.8221946983701,42.8105497808803,42.7962616170373,42.7791313724741,42.7591211809074,42.7365072178918,42.7120947738355,42.6874843290872,42.6653347743693,42.6494972526711,42.6448022729403,42.656227144285,42.6872618199023,42.7376604932437,42.8014176400338,42.866399558541,42.9168951684502,42.938913726769,42.9259447165428,42.8818823086898,42.819253761764,42.7538906130227,42.6992158556893,42.6628839745674,42.646484457611,42.6472881853222,42.6605427011051,42.6812976367489,42.7054296621036,42.72998649185,42.7531188007037,42.7738370718401,42.791741426351,42.8067934716558,42.8191494517392,42.8290497367276,42.8367513897274,42.8424901652451,42.8464608981436,42.8488083864429,42.8496235948356,42.8489420876103,42.8467431249606,42.8429490107288,42.8374252725055,42.8299833075423,42.8203884746458,42.8083784853433,42.793699500001,42.7761704368577,42.7557888211229,42.7328917720851,42.7083787666704,42.6839808339083,42.6625141826707,42.6479800477514,42.6452826020321,42.6592938758682,42.6931166173646,42.7458078055029,42.8104959813557,42.8743574129947,42.9215910367664,42.9389422872764,42.9212524943023,42.8737901783329,42.809871090861,42.7452874068532,42.6927990313473,42.6591965182418,42.6453606923496,42.6481618375459,42.6627324448581,42.6841901764641,42.7085588072173,42.7330415589715,42.7559182024823,42.7762920417081,42.7938228717492,42.8085066154989,42.8205164772799,42.8300988782101,42.8375105725861,42.8429835661343,42.846707224517,42.8488200764882,42.8494064526459,42.8484950959626,42.8460583412017,42.8420115787689,42.8362137067812,42.8284703558909,42.8185430800076,42.8061696689239,42.7911033839321,42.773182048188,42.7524405604233,42.7292800102928,42.7046980772573,42.6805606105685,42.6598436858375,42.6466957934953,42.646081631084,42.6627407431496,42.6993497388568,42.7542315797042,42.8196391954067,42.8820993361568,42.9258100905508,42.9383523274664,42.9159725794695,42.8652901072678,42.8003276717259,42.7367495783955,42.6865989359617,42.6557931375565,42.6445242060783,42.6492899129165,42.6651305775876,42.6872454919678,42.7118113572429,42.7361880590138,42.7587835547307,42.7787925361278,42.795933202415,42.8102348752529,42.8218871262411,42.8311420656103,42.8382559215609,42.8434568178586,42.846928566418,42.8488033726052,42.84915890049,42.8480170562725,42.8453432475723,42.8410459619521,42.8349774943516,42.8269377647887,42.8166846408657,42.8039562342354,42.7885133771016,42.7702136346963,42.7491306361465,42.7257313921422,42.7011141235796,42.6772813945334,42.6573687045679,42.645665854866,42.6471829004856,42.6665008052,42.7058378688906,42.762760100799,42.8286539956174,42.8894537065955,42.9294490416327,42.9371395659977,42.910199691476,42.8565452794147,42.7908088631567,42.7284417951942,42.6807327805687,42.6527353162351,42.6439861843801,42.6506455532107,42.6676857454776,42.6903994330318,42.7151190694423,42.7393594132117,42.7616533196808,42.7812837343041,42.7980248860287,42.8119379285178,42.8232278737089,42.8321520306759,42.8389658815982,42.8438936048515,42.8471134826184,42.8487514702983,42.8488786686197,42.8475102695672,42.8446048888638,42.8400642537858,42.8337342019961,42.8254090917998,42.8148432636793,42.8017753402039,42.7859739784131,42.7673168492992,42.7459168118571,42.722307362482,42.69768756693,42.6741959114603,42.6551238247368,42.6448938739404,42.6485457187385,42.670479300885,42.7124323998758,42.7712074446374,42.837352080977,42.8962763649277,42.932449601576,42.9353497260133,42.9040687198421,42.847738887864,42.7814979181086,42.7205099120625,42.6752909283657,42.6500575429876,42.6437356605493,42.6521865298018,42.6703377920505,42.6935843219167,42.7184138808558,42.7424915296458,42.7644696872373,42.7837150588061,42.800054703807,42.8135795936918,42.8245090545033,42.8331050586914,42.8396221679307,42.8442806474854,42.847253395504,42.8486603247592,42.8485662146867,42.8469798054585,42.843853193748,42.8390816193271,42.8325047212302,42.8239115211599,42.8130529980009,42.7996683567474,42.7835340100505,42.7645474555563,42.7428601769106,42.7190710091405,42.694477765838,42.6713510870696,42.6531318014113,42.6443647659406,42.6501045775494,42.6745541122202,42.7189615450707,42.7793773620325,42.8455549792987,42.9024546687494,42.9347998289059,42.9330762759094,42.8977496687689,42.8390683377533,42.7725715018272,42.7130788513838,42.6703370026437,42.6477688170956,42.6437414967275,42.6538570474311,42.6730190774092,42.6967297409613,42.721628254266,42.74552283997,42.7671784247204,42.7860399305829,42.8019834715757,42.8151275525428,42.8257046049798,42.8339807560505,42.8402095594616,42.8446075178398,42.8473424241289,42.8485284954306,42.8482245738887,42.8464333521018,42.8431008191659,42.8381161292471,42.8313130881734,42.8224756666631,42.8113516206811,42.7976806292782,42.7812463610027,42.7619650473356,42.7400248368728,42.71608671799,42.6915423977719,42.668787667504,42.6514032787312,42.6440447553832,42.6517698555409,42.6785775416275,42.7252334052992,42.7870672919952,42.8530978647381,42.9079094374933,42.9365328686301,42.930455951235,42.8914414922577,42.8307396334732,42.7641963371528,42.7062519726434,42.6659093602797,42.6458551508466,42.6439549595828,42.6555898192878,42.6756558527829,42.6997632509079,42.724695393783,42.7483941833284,42.7697285726748,42.7882153793976,42.80377562976,42.8165529557374,42.8267917003346,42.8347617232153,42.8407156040701,42.8448663701598,42.8473771306952,42.8483568985217,42.8478591072937,42.845880950281,42.8423628607578,42.8371884384319,42.8301861242458,42.8211351716709,42.8097801972744,42.795861010445,42.7791675072493,42.7596325872766,42.7374775145992,42.7134198988768,42.6889373948691,42.6665404794232,42.6499375252966,42.6438827695308,42.6534300418666,42.682379409279,42.7310396523396,42.7940718172915,42.8598314877596,42.9125940730303,42.9377228248577,42.9276623527648,42.8853654991534,42.8229626999341,42.7565275330474,42.7001121893513,42.662023930255,42.6442829132657,42.644312679829,42.6573082133539,42.6781695317905,42.7026109295909,42.7275492621254,42.7510485017362,42.7720719728528,42.7902015090112,42.8053987084366,42.8178299198764,42.8277502954958,42.8354331388807,42.8411302382835,42.8450515843707,42.847356174251,42.8481484563079,42.8474771318687,42.8453345895105,42.8416564012361,42.8363212747,42.8291528568755,42.8199260596358,42.8083823701918,42.7942611088834,42.7773567658051,42.7576157400638,42.7352870731104,42.7111368491146,42.6867173364047,42.6646395595249,42.6487244875914,42.6438135072661,42.6549557046576,42.685771462647,42.736159482321,42.8001848959673,42.8656214290854,42.9164902599067,42.9384776187571,42.9248979540867,42.879758942381,42.8159482496045,42.7497090075627,42.6947249954678,42.6586783885024,42.6430028864685,42.6447398408233,42.6589283315534,42.6804777526583,42.7051976589561,42.7301243555403,42.753430323319,42.7741626182856,42.7919608150207,42.8068226692871,42.818934919008,42.8285625718681,42.8359822557695,42.8414453192087,42.8451593175598,42.8472798631824,42.8479076310508,42.8470874157744,42.8448076447522,42.8409998695781,42.8355387041236,42.828243679867,42.818885787995,42.8072033206378,42.7929341989674,42.7758752293304,42.7559819600857,42.7335239482349,42.7093047914522,42.6849364059115,42.6631123471894,42.6477484331884,42.6437624847874,42.6562054372217,42.6885531344744,42.7403635817084,42.8052003357425,42.870344043163,42.9195997734206,42.938928719099,42.9223847679751,42.8748692315107,42.8099066127775,42.7438762737294,42.6901435051412,42.6558576580061,42.6419549689536,42.6451535184365,42.6603609529872,42.6824951785871,42.7074471232256,42.7323552118766,42.7554850182387,42.7759558165617,42.7934573503262,42.8080191214368,42.8198460682466,42.829212287208,42.8363978042367,42.841654063232,42.8451869558196,42.8471495963712,42.8476398304956,42.8466995225227,42.8443141334208,42.8404121860215,42.8348651421954,42.8274892157055,42.8180519595583,42.8062883496321,42.7919337285316,42.7747843126461,42.7547992655273,42.7322594354822,42.7079920615974,42.6836499422156,42.6619870467177,42.6469933774458,42.6436533186135,42.6570340448024,42.6905188130328,42.7434180747332,42.8089102599565,42.8738787067217,42.9219320418318,42.9392175604839,42.9203536837556,42.8709489047085,42.8050486932525,42.7391617181896,42.6864155923065,42.6535407893369,42.6410735623406,42.6454661965782,42.6615133559891,42.684134042917,42.7092815187031,42.7341756483407,42.7571578217753,42.7774071600151,42.7946557318207,42.8089604048385,42.8205422931674,42.8296840221919,42.836669297079,42.8417503847085,42.8451324594695,42.8469671857452,42.8473506771204,42.8463229951352,42.8438677819942,42.8399116792108,42.8343240926566,42.8269188549386,42.817460657031,42.8056810307245,42.7913113602753,42.7741438266887,42.7541345932865,42.7315647083355,42.7072683175001,42.6829164752759,42.6612971046337,42.6464503363572,42.6434174199398,42.6573032794416,42.6914670144853,42.7450888199864,42.8111017884097,42.876096369376,42.9234872344853,42.9394782768064,42.9190320770553,42.8682510419413,42.8015888754915,42.7357023533221,42.6835932316201,42.6517093877602,42.6402938186852,42.6455896105424,42.6622911308583,42.6853045105942,42.7106210141611,42.7355177450767,42.758392626478,42.7784712968286,42.7955199785745,42.8096185303148,42.8210023744221,42.82996231429,42.8367862277494,42.8417281286119,42.8449935974731,42.8467340578791,42.8470451406076,42.8459663814297,42.8434809045821,42.839514778087,42.8339366149116,42.8265589686876,42.8171443868853,42.805420903601,42.7911144893044,42.7740094835491,42.7540515865666,42.731509357801,42.7072044975924,42.6827999306224,42.6610864931952,42.6461261933498,42.6430061037886,42.6568954536853,42.691212152903,42.745147009433,42.8115528743064,42.8768449886842,42.9242348490513,42.9398161138159,42.9186287083755,42.8670241634929,42.7997492458978,42.733649821736,42.6817441614655,42.6503578974489,42.6395591066043,42.6454392339666,42.6626002196748,42.6859150116561,42.711383052295,42.7363106192016,42.7591305591062,42.779100502393,42.796012172809,42.8099639646222,42.8212038559797,42.8300306690778,42.8367371548967,42.8415801936858,42.844767072,42.8464503407828,42.8467265454963,42.8456361185868,42.8431631177035,42.8392345080469,42.8337195527942,42.826430826265,42.8171296566715,42.8055407133042,42.7913832049302,42.7744297402233,42.7546076323971,42.7321591483281,42.707872077631,42.6833714107052,42.6614151262557,42.6460535661031,42.6424047909355,42.6557301776928,42.6895999109207,42.7433777644226,42.8100292448548,42.8759333398352,42.9240881957831,42.9402806581807,42.9193142037892,42.8675047951489,42.7997638165645,42.7331820926965,42.680965953225,42.6495062007596,42.6388302679955,42.64493992854,42.6623495793986,42.6858728135934,42.7114816532502,42.7364790752367,42.7593083803512,42.7792430610436,42.796090939335,42.8099642501947,42.8211218057947,42.8298704401778,42.8365086690086,42.8412975481199,42.8444475428146,42.8461138545521,42.8463954830348,42.8453353176473,42.8429199445376,42.8390788574336,42.8336836021952,42.8265483028219,42.817434269701,42.8060632628601,42.7921467236064,42.7754419298077,42.7558499686329,42.7335726187307,42.709341003801,42.6847096492733,42.6623632678011,42.6463004785837,42.6416484079365,42.6537841162604,42.6865273452233,42.7395941892848,42.806285684432,42.8731160778069,42.9228760891996,42.9408330831834,42.9211946819295,42.8699047773428,42.801880438624,42.7345156736209,42.6814023697422,42.6492150810575,42.6380974651458,42.6440335267323,42.6614550792401,42.6850852594665,42.710826990044,42.7359422870865,42.7588567871463,42.7788414926739,42.79570975325,42.8095824579002,42.8207274240091,42.8294595748603,42.8360842435534,42.8408681481549,42.8440265722986,42.8457190395198,42.8460486762589,42.8450625149996,42.842751396266,42.8390491244889,42.8338313506743,42.8269155306863,42.8180645035948,42.8069980423,42.793419422846,42.7770677282502,42.7578107541651,42.73579616989,42.7116755798173,42.6868989581864,42.6640332827448,42.6469778866883,42.6408361782483,42.651112837674,42.6819685047033,42.7336598276278,42.8000763269003,42.8680849190373,42.9203148244822,42.9413074031994,42.9242756653176,42.8743891257738,42.8063566451925,42.7379160650615,42.6832613455908,42.6496050092877,42.6373956014348,42.642689400917,42.6598455197724,42.6834623226484,42.7093256689657,42.7346127781306,42.7576987704254,42.7778307057213,42.7948151159946,42.8087754912508,42.8199865080201,42.8287712335511,42.8354429832441,42.8402757808202,42.8434915246461,42.8452558715628,42.8456778681174,42.8448104852349,42.8426506540812,42.8391384021128,42.8341554839893,42.8275247285323,42.8190124428549,42.8083379279175,42.7951967656332,42.7793081892817,42.7605011904974,42.7388574515627,42.7149276704654,42.6900233885333,42.6665466762159,42.6482422833212,42.6401427346314,42.6478723115078,42.6760050525008,42.7255220972224,42.7911797242741,42.8604733130571,42.915986525643,42.9413679361266,42.9284139283814,42.8810391381855,42.8134437402346,42.7437023700278,42.6868327363438,42.650878226855,42.6368243111788,42.6409193374805,42.6574719961283,42.6809214352103,42.7068823898442,42.7323961420345,42.7557483036153,42.7761362414327,42.7933446967177,42.8074922999951,42.8188578121707,42.8277723130443,42.83455829953,42.8394988673843,42.8428244675592,42.8447088297864,42.8452688202951,42.8445652317376,42.8426030042034,42.8393303969439,42.8346374089624,42.828354518936,42.8202538427341,42.8100563945871,42.7974516085463,42.7821388502513,42.7639051234128,42.7427572562506,42.7191269810728,42.6941561108338,42.670034340805,42.6502900104835,42.6398210721103,42.6443353592539,42.6688587185773,42.7152572079606,42.7794442476371,42.8498843477074,42.9093342982751,42.9404696127572,42.9332574829773,42.8897953119658,42.8233513388743,42.752239263029,42.692501792686,42.6533428472334,42.6365730995223,42.6387981417114,42.654322165007,42.6773959277532,42.7034039962434,42.7291922095698,42.7529098307404,42.7736729127075,42.7912256338752,42.8056721307304,42.8172913901509,42.8264219402304,42.8333965710617,42.8385092849299,42.8420011405536,42.8440559939313,42.8448005202013,42.8443052804854,42.8425851888653,42.8395987949114,42.8352465684492,42.8293690909581,42.8217469811319,42.8121058163828,42.800131598764,42.7855057363198,42.7679730265628,42.7474607751202,42.7242689826642,42.6993439012379,42.6746186550239,42.6533400586494,42.6401918859687,42.6408957791131,42.6609182597729,42.7031223990104,42.764856265114,42.8359522223299,42.8996894758991,42.9378349469271,42.9381799880629,42.9003771113033,42.8361832647051,42.7639061255691,42.7007507746547,42.6574351706154,42.6369509247148,42.6364910527354,42.6504411573213,42.6728488091018,42.6988073405265,42.7248987256142,42.749079305247,42.7703443525934,42.7883733478435,42.8032430565135,42.8152270923998,42.8246700652618,42.8319158922581,42.8372712955067,42.840990074714,42.8432683594141,42.8442446946465,42.8440013946608,42.8425653204453,42.8399073638151,42.8359407010274,42.83051854779,42.8234329597402,42.8144174808513,42.803158499606,42.7893233663211,42.77261776273,42.7528898725387,42.7303022394586,42.7055882015815,42.6803878903873,42.6576037181324,42.6416143379009,42.6380511491827,42.6527488093335,42.6896038327626,42.7476257582136,42.8184435169248,42.8863489387108,42.9324704684008,42.9422267629053,42.9121841948435,42.8518374776227,42.7790302184378,42.712136304015,42.6637320747316,42.6384166997407,42.634287719558,42.6459605653118,42.6672938318521,42.6930328032766,42.7194190328316,42.7441479062413,42.7660442879353,42.7846914463673,42.8001212021376,42.8125935220132,42.8224563809888,42.8300650847661,42.8357407221296,42.8397519790502,42.8423094695532,42.8435657214419,42.8436168004333,42.8425034573393,42.8402109124879,42.8366672049932,42.8317406682346,42.825237796456,42.8169038368522,42.8064302329848,42.7934759354409,42.7777138222032,42.7589187279035,42.7371181734345,42.7128262789852,42.6873662952577,42.6632429449979,42.6444364828012,42.6363564873175,42.6450684650057,42.6754398208175,42.7282710449362,42.7973922466217,42.8687158617588,42.9232521206591,42.9441045031781,42.9241988903662,42.8698713184803,42.7977712411092,42.7272252468857,42.6729391492107,42.6416021492112,42.6326393949172,42.641135509375,42.6608254341454,42.6860654922499,42.7126756471934,42.7380099741922,42.7606607221806,42.7800736063417,42.7962113196982,42.8093079371296,42.8197099368287,42.8277832528398,42.8338645873312,42.8382395580992,42.8411354878177,42.8427210261269,42.8431079801543,42.8423528716438,42.8404571175584,42.8373656113443,42.8329641037327,42.827076389427,42.8194631856641,42.8098260917389,42.7978225444285,42.7831015708266,42.765375355356,42.74454709079,42.7209178411766,42.695486548458,42.6703243907437,42.6489300561861,42.6363471333478,42.6386795679607,42.6615939462289,42.707669252983,42.7732411458004,42.846498988777,42.9091049553215,42.9422598427369,42.934932202494,42.8893530265699,42.8199538168897,42.7464708375597,42.6858336458273,42.6473110638818,42.6321903366881,42.6363863817083,42.6536575345184,42.6779656471397,42.7046316822111,42.7305770115682,42.7540845689207,42.7744086488834,42.7914096521576,42.8052778176815,42.8163499975569,42.8250003053634,42.8315815365761,42.8363980001599,42.8396958767462,42.8416620625669,42.8424260647244,42.8420619717119,42.8405891094853,42.8379709852448,42.8341127643878,42.8288580616151,42.8219865300763,42.8132149425869,42.8022065820853,42.7885971991246,42.7720507352628,42.7523638819185,42.7296429496089,42.7045734832702,42.6787809926644,42.6552227926322,42.6384407913858,42.6343538126353,42.6491581878168,42.6870310004131,42.7469365904492,42.819931292728,42.8892764608294,42.9350895595707,42.9424773510288,42.9087517175839,42.8448685451059,42.7700203113371,42.7031388621738,42.6564710032888,42.6337861009768,42.632335652068,42.6461673729556,42.6689078563603,42.6953213189931,42.721799452667,42.7462244175063,42.7675902629291,42.7856102726156,42.800405040795,42.8122888895963,42.8216390244198,42.8288234936224,42.8341664705274,42.8379349167927,42.840336014055,42.8415188633338,42.8415768116034,42.8405486303841,42.838417931139,42.8351109122545,42.8304930321958,42.8243657571949,42.8164654638213,42.8064682858682,42.7940076204029,42.778715482987,42.7603047665509,42.7387152144886,42.7143472032124,42.6883948869825,42.6632481186795,42.6428421208988,42.63269034331,42.6391874892901,42.6677688439941,42.7199120621407,42.7899289738655,42.8636509857388,42.9212899028826,42.9447357623188,42.9259500151741,42.8711025678441,42.7974736724734,42.7253167646486,42.6700103775248,42.6384327215193,42.6298213186536,42.6389339710285,42.6592245051348,42.6848882001835,42.7116967821629,42.7370286624411,42.7595327265495,42.778716136482,42.7945937169885,42.8074376977939,42.8176193739386,42.8255190949013,42.8314810287376,42.8357943677238,42.8386884058934,42.840333607598,42.8408441403208,42.8402795727767,42.838644835967,42.835888378255,42.8318989579154,42.8265019628861,42.8194568347063,42.8104584849216,42.7991479758322,42.785141617777,42.7680931459962,42.7478099965023,42.7244489564753,42.6988115271713,42.6727318575983,42.6494810352893,42.6339861498861,42.6325003268071,42.6512661739086,42.693915705445,42.7580936154138,42.8329924183473,42.9002780816046,42.9398344967189,42.9384684299597,42.8965029432398,42.8276618749534,42.7522980603063,42.6886454030883,42.6471781348824,42.6298601602385,42.6327520566317,42.649442099856,42.6736261050775,42.7003938450837,42.7265146839566,42.7501931510927,42.7706556653753,42.787762538035,42.801715586218,42.8128657086609,42.8215994446768,42.8282793980156,42.8332175932281,42.836666846217,42.8388205223083,42.8398149914202,42.8397317712873,42.8385980623301,42.8363854021753,42.8330067523825,42.8283127231451,42.8220881340754,42.8140510633697,42.8038583934236,42.7911250864424,42.7754693420687,42.7566021350314,42.7344855979173,42.7095852569979,42.6832256803441,42.6580103199656,42.6381648465296,42.629507879037,42.6386050295463,42.6706984078724,42.7264958927413,42.7989777917031,42.8725336242732,42.9266536387327,42.9439330796723,42.9183840217374,42.8585631740808,42.78322398148,42.7125975357537,42.66090114742,42.6335331781751,42.6285952741084,42.6402912040511,42.6620097601866,42.6881565593597,42.7148017169814,42.7395988455553,42.7614044804163,42.7798617329091,42.7950630304846,42.8073172194236,42.8170065089196,42.8245078571138,42.8301553583416,42.8342260387778,42.8369372985442,42.838448818748,42.8388649768316,42.8382359279473,42.8365568016305,42.8337651888553,42.8297375000007,42.8242851350408,42.8171520644725,42.8080167945429,42.7965042625037,42.7822174074025,42.7648040709558,42.7440815398226,42.720245084169,42.6941803921233,42.6678683201164,42.644793831095,42.6301357875346,42.6303468586157,42.6516547434333,42.6972726212418,42.7639412375286,42.8396772599367,42.9052702690996,42.9406914678886,42.934020369388,42.887484155967,42.816328094473,42.7413202363202,42.6800322389454,42.6417826991185,42.6275048548659,42.6326662280855,42.6506973918787,42.6754145975637,42.7021396989237,42.7278752949825,42.751009757284,42.7708932519845,42.7874582188005,42.800941214047,42.8117039250923,42.8201301189988,42.8265732005299,42.8313339762747,42.8346543710741,42.8367180696644,42.8376528972155,42.8375323522546,42.8363753437172,42.8341441259341,42.8307409163005,42.8260039832775,42.8197044271236,42.8115458410265,42.8011710074223,42.7881832340002,42.7721951602536,42.7529244883583,42.7303620282539,42.7050371056842,42.6783873314981,42.6531857204429,42.6338689878817,42.6264492219319,42.6375491783002,42.6721724260415,42.7303808420349,42.80418864097,42.8770932385136,42.9283462936215,42.9413174618373,42.9115502600822,42.8490892167196,42.7733652700587,42.7042876319947,42.6551508149067,42.6304001475082,42.6275174651281,42.6404854800037,42.6627547695616,42.6889222300859,42.7152666850029,42.7396119009318,42.7609307212481,42.7789343360754,42.7937476797278,42.805689131063,42.8151373895153,42.8224597536766,42.827978813305,42.831960577288,42.8346128295745,42.836086992043,42.8364799270821,42.8358341722476,42.8341363324557,42.8313140080336,42.82723196195,42.821688526052,42.8144138883741,42.8050733449459,42.7932813362106,42.7786365326386,42.7607943807281,42.7396001915079,42.7153092569593,42.6889120239157,42.6625466866822,42.6398984731388,42.6263432869928,42.6284277637549,42.6522240539932,42.7004114753187,42.7688395251594,42.8445765877213,42.9079483180374,42.9394046999788,42.9283876224342,42.8786944673904,42.8065117151117,42.7325401697543,42.6735399656903,42.6378461439762,42.6256800011756,42.6322058546778,42.6508712266383,42.6756707684812,42.7021387223155,42.7274559387639,42.7501336879344,42.7695937912484,42.7858022548843,42.7990046758218,42.809557981097,42.8178347644725,42.824175420255,42.8288683864183,42.8321448615768,42.8341794515918,42.835091945188,42.8349479572641,42.8337577685859,42.8314735777374,42.8279858087097,42.823119364554,42.8166311327116,42.8082110611421,42.7974912282713,42.7840709954712,42.7675717805097,42.7477416545406,42.724635370558,42.6988933234791,42.6721210342698,42.6473103534463,42.6291271793354,42.6237275055436,42.6376399811078,42.6753765310566,42.7360705725782,42.8106115601966,42.8817309794735,42.928876907019,42.9367320385486,42.9026873769059,42.8381825420125,42.7629310243393,42.6961044201924,42.6498538363596,42.6276781529162,42.6265773625567,42.6404705352453,42.6629824886064,42.6889551606623,42.7148849532517,42.7387499119472,42.7596144980879,42.7772338200899,42.7917457647638,42.8034641763206,42.81275499243,42.8199701983546,42.8254175820211,42.8293501527729,42.8319646383518,42.8334027922839,42.8337522925377,42.8330460063461,42.8312595770311,42.8283078914246,42.8240412706042,42.8182425136785,42.8106266174501,42.8008465706024,42.7885115744971,42.7732287281474,42.7546854555375,42.7327961978658,42.7079386751788,42.6812927880938,42.6552528417111,42.63379194111,42.6225107251659,42.6279493937383,42.6557370358463,42.7075541182857,42.7778586221896,42.8525043997789,42.9115722644066,42.9366989643063,42.9195470318161,42.8660222438822,42.7932283418195,42.7213503171971,42.6658012583985,42.6335716572801,42.6240507955399,42.6321490652592,42.6514464571929,42.6762263762651,42.7023114810924,42.7271011707045,42.74924403203,42.7682331292995,42.7840610662689,42.7969739093725,42.8073160344102,42.8154426123757,42.8216762180517,42.8262890954653,42.8294983630469,42.8314662508463,42.8323010107394,42.8320565583824,42.8307304182613,42.8282603773256,42.824520649517,42.8193186064698,42.8123936114409,42.8034206575196,42.7920238544313,42.7778087575766,42.7604281584811,42.7397023307262,42.7158186870302,42.6896300147564,42.6630414692598,42.6394057154201,42.6237199738569,42.6222609872528,42.6412127477923,42.6840606415698,42.7482761739689,42.8229840352389,42.8900124276315,42.9296175639843,42.9289610745529,42.8884087741876,42.8213119607107,42.7474322868401,42.6845248439656,42.6429078151933,42.6247001061625,42.6262775946398,42.641547479097,42.6644389098136,42.6901698068453,42.7155524973721,42.7387802894755,42.7590406895396,42.7761449708933,42.7902456090666,42.8016486424641,42.81070227459,42.8177379727846,42.8230437275442,42.8268547039005,42.8293516644285,42.8306615381759,42.8308573394547,42.8299564956752,42.8279177412803,42.8246373004418,42.8199453805377,42.8136043711006,42.8053110128045,42.7947066531076,42.781403001086,42.7650357560324,42.7453646010953,42.7224430844317,42.6968802164115,42.670196141401,42.6452201267679,42.6263741105809,42.6195358229037,42.6310551694735,42.6655880193191,42.7229579888442,42.795307218641,42.8667714333055,42.9175516173557,42.9317171124327,42.9047059287772,42.8455964605481,42.7725387179353,42.704556133225,42.6548046426207,42.6282014758145,42.6229315125755,42.6335858321388,42.6539840879635,42.6788596980747,42.7044705158193,42.7285414517238,42.7499251260663,42.7682217232982,42.783466212525,42.7959093550791,42.8058813493383,42.8137157245179,42.8197119984924,42.8241205433386,42.8271383744472,42.828908924709,42.8295220641722,42.8290128074539,42.8273585187403,42.8244751895386,42.8202137689652,42.814357876327,42.8066249110333,42.7966740579873,42.7841274394106,42.7686149990957,42.7498593839342,42.7278225115328,42.7029362969309,42.676427067528,42.6507016307991,42.6296757948718,42.6187905958355,42.6243253201584,42.6516235496919,42.7022310332515,42.7708409227218,42.8440064877046,42.9027454357618,42.9293229089968,42.9152040863357,42.8652471489508,42.7952214456094,42.7244142515797,42.6681341049883,42.6339072993288,42.6218895417799,42.6276375758199,42.6451060600828,42.6686963109274,42.6941808332855,42.7188317933698,42.7411563303834,42.7605243153013,42.7768343517237,42.7902668670166,42.8011233160214,42.8097321376,42.8163997238436,42.8213884779477,42.824909182497,42.8271194705373,42.8281236932458,42.8279719483979,42.8266576533658,42.8241140168171,42.8202103064823,42.814749201411,42.8074671104211,42.7980405669787,42.7861041395172,42.7712890867208,42.7532971776986,42.7320295293943,42.7077925105894,42.6815941621716,42.6555121318337,42.6330412970651,42.619208093637,42.6200996557827,42.6414124227087,42.6858858568446,42.7502342766242,42.8232434334232,42.887195229585,42.9235522854038,42.9208412393958,42.8801577388187,42.8145695949191,42.7428511365698,42.6817363708277,42.6409844882988,42.6226972620034,42.6235650855196,42.6378828989627,42.6598791532465,42.6849349594192,42.7099112943365,42.7329793221895,42.7532725980627,42.7705421368208,42.7848868183542,42.7965702043815,42.8059089195156,42.8132115308188,42.8187491496943,42.8227437488603,42.8253648427881,42.826728902878,42.8268985851346,42.8258806851266,42.8236228949865,42.8200101280091,42.8148616472115,42.807930805423,42.7989102761562,42.7874476733453,42.7731798062479,42.7557985417825,42.7351664910863,42.7115036678188,42.6856604707301,42.659466316647,42.6360814078134,42.620170903165,42.6175855506956,42.634160697283,42.6734212652601,42.7336010021528,42.8053796153453,42.8724267420629,42.9160780535909,42.9228558124876,42.8907611579415,42.8302119682536,42.7589856164169,42.6945962594448,42.6485673478082,42.624769130586,42.6210692474896,42.632242334434,42.6524860167769,42.676893655336,42.7019754317864,42.725594209858,42.7466550266097,42.7647591516549,42.7799179901388,42.7923507752598,42.8023567686468,42.810242395238,42.8162842164113,42.8207128249466,42.8237073511803,42.8253941291916,42.8258459560529,42.8250803884047,42.8230568411112,42.8196730814527,42.8147622788382,42.8080923651614,42.7993704519259,42.788256858927,42.7743963193456,42.7574782498352,42.7373429493496,42.714153834046,42.6886517572299,42.6624858298801,42.6385614020673,42.6212483296818,42.6161636634319,42.6291559293174,42.6642366930736,42.7207270522842,42.7908095603868,42.8594544804827,42.908259594143,42.9224930724337,42.8977825312985,42.8422000294876,42.7723205220588,42.7059438714794,42.6558815857947,42.6274951867013,42.6197628342157,42.6280026151519,42.6464893994748,42.6701279170266,42.6951478704216,42.7191453174321,42.7408169443999,42.7596212511211,42.7754821697685,42.7885716098448,42.7991676870016,42.807571142353,42.8140610088497,42.8188740288738,42.8221967707267,42.824163308599,42.8248543348364,42.8242957135271,42.822455930534,42.8192428406035,42.8145007734792,42.8080097051331,42.7994891646977,42.7886112269155,42.7750297067508,42.7584366706303,42.7386620684644,42.7158355916015,42.690626800669,42.664560808396,42.6403587607901,42.6221631105556,42.6153853367119,42.6258204305095,42.6577546667056,42.7112429394825,42.7795859857633,42.8488511562771,42.9010725945556,42.9208189981291,42.902020905349,42.8508453280119,42.7826784791941,42.7152785172527,42.6623180098172,42.6303262032085,42.6192431383252,42.6249237039986,42.6417870282992,42.6646337092754,42.6894848567497,42.7137196667977,42.7358561907717,42.7552251291829,42.7716686631676,42.7853120286317,42.7964104963453,42.8052566375054,42.8121294431606,42.8172695236774,42.8208688178474,42.8230671491649,42.8239510386812,42.8235524103596,42.8218463613501,42.8187482061717,42.8141107487785,42.8077234394078,42.7993160462382,42.7885710829879,42.7751518372653,42.7587565921056,42.7392140537209,42.7166382020157,42.69165819628,42.6657219427269,42.6414276939633,42.6227548727797,42.6149490389626,42.6237213091364,42.6534835700294,42.7047413400942,42.7715629287881,42.8408587725062,42.8951317949128,42.9186384142873,42.9042003592022,42.8565695010535,42.7901036699232,42.7223389347077,42.667456855353,42.6328256424958,42.6191485763911,42.6227551808578,42.6382364489932,42.6603539467473,42.6849874981182,42.7093527471846,42.7318249801056,42.7516281411393,42.7685331997564,42.7826227155629,42.7941295043123,42.8033366521967,42.8105211786106,42.8159255438771,42.8197451233832,42.8221236187029,42.8231514712002,42.8228646186033,42.8212425297341,42.8182055545292,42.8136124396955,42.8072596222466,42.798884916057,42.7881797940191,42.7748169729691,42.7585035729798,42.7390743021896,42.7166421258664,42.691821390861,42.6660222056353,42.641772908954,42.6229484219636,42.614671113084,42.6225580587079,42.6510396194521,42.7008445480661,42.7665003755216,42.8354969428251,42.8907567447861,42.9164867689099,42.904892876015,42.8597958071167,42.7947666030877,42.7270486092432,42.6710568418513,42.6346897591805,42.6191932159764,42.6212723011924,42.635685596712,42.6572013181767,42.6816173427631,42.7060384698795,42.7287359855189,42.7488519652104,42.7661002009693,42.7805272461439,42.7923456682085,42.8018288670384,42.8092505753067,42.8148533930934,42.8188343541719,42.8213392793261,42.8224607539336,42.8222368582977,42.8206494042785,42.8176215760732,42.8130157386066,42.8066329935515,42.7982171076932,42.7874670337123,42.7740646984135,42.7577281696681,42.7383042791106,42.7159175175322,42.691189331481,42.6655259301119,42.6414317588738,42.622729259125,42.6144584857553,42.6221413910697,42.6501452073393,42.6992350746125,42.7641298890436,42.8326482983732,42.8880459215619,42.9146618498415,42.904495877961,42.8608868320189,42.7968913499381,42.7294587399333,42.6730258893509,42.6357443016329,42.6191805807003,42.6202973623088,42.6339948602973,42.655077428787,42.6793114252896,42.7037403296367,42.7265704009437,42.7468884386987,42.764367128382,42.7790254838426,42.7910593891384,42.8007332737161,42.8083168283358,42.814051394661,42.8181340557622,42.8207111043855,42.8218756068056,42.8216660607829,42.8200647783624,42.8169957915902,42.8123229832647,42.8058500105698,42.7973246829698,42.7864520817311,42.7729231512802,42.7564688430803,42.7369536638562,42.7145248881251,42.6898305514335,42.6643028792083,42.6404628169743,42.6221259239595,42.6142861295,42.6223707847296,42.6506156779585,42.6996627728747,42.764189322318,42.8321169334934,42.8869413617459,42.9132703361946,42.9032433827812,42.8601198478137,42.7967099702937,42.7297012995069,42.6733868545526,42.6359277013888,42.6190019352754,42.6197077116155,42.633049589225,42.6538861313847,42.6779944212647,42.7024016215689,42.7252861841179,42.7457061208743,42.7633097474242,42.7780978898913,42.7902541321618,42.8000352870552,42.8077066897845,42.8135073039345,42.8176328211674,42.8202284719004,42.8213862433875,42.8211434499156,42.8194812202444,42.8163226423535,42.8115312369024,42.80491134105,42.7962131315742,42.7851466898984,42.7714119706848,42.7547548308463,42.7350628595273,42.712516756313,42.6878091674375,42.6624254551145,42.6389389425575,42.6211977842688,42.6141795660065,42.6232140798594,42.6523417705637,42.7019387209413,42.7664362970917,42.8336637321517,42.887277974414,42.9122747112461,42.9012337459686,42.8576874893141,42.794440380355,42.7279561050292,42.6722461170367,42.6352687420024,42.6186250215551,42.619433799725,42.6327643051627,42.6535409089497,42.6775870453282,42.7019535844229,42.7248253519808,42.7452565729162,42.7628874465271,42.7777100238511,42.7899002618754,42.7997090459336,42.8073973334749,42.8132008094383,42.8173124870033,42.8198751121181,42.8209781322592,42.8206561881137,42.8188876803437,42.8155931343124,42.8106340362535,42.8038137662862,42.7948834593154,42.783557359885,42.769544733608,42.7526086571311,42.7326653975673,42.7099396134761,42.6851858348188,42.6599677694009,42.6369433043627,42.6200267924106,42.6142016626485,42.6246901286366,42.6552715111839,42.7059226220318,42.7706486670862,42.837024901489,42.888818290378,42.9115342690658,42.8984629700942,42.8537127213811,42.7902808095797,42.7244306515205,42.6697681237794,42.6338637838635,42.6180782306856,42.6194510583531,42.6330809311979,42.6539673809115,42.6780109125481,42.7023212002584,42.7251198347897,42.7454798022133,42.7630480856518,42.777816769453,42.789958694027,42.7997205636176,42.8073590755556,42.8131058848398,42.8171501686267,42.8196308739147,42.8206335452365,42.8201887633963,42.8182707810452,42.8147960988254,42.8096226906426,42.8025515795784,42.793333735136,42.7816870706707,42.7673308695784,42.7500482011792,42.7297900577418,42.7068358741852,42.6820191181458,42.6570057570041,42.6345672594197,42.6187119521393,42.614442691225,42.6268543864552,42.6593932238717,42.7115077617455,42.7766179632492,42.8419198105233,42.8912760652238,42.9108388569935,42.8948576263589,42.8482700869433,42.7844140690556,42.7193492851292,42.6661560275271,42.6318560828845,42.6174336519607,42.619768815235,42.6339634654906,42.6551024725846,42.6791906597309,42.7034269276164,42.7260958539388,42.7463086795222,42.7637321265621,42.7783660377134,42.7903841400583,42.8000305368449,42.8075577922361,42.8131928629639,42.8171200351215,42.8194732426453,42.8203328603062,42.8197241233669,42.8176158333812,42.8139191491397,42.8084872385263,42.8011176026386,42.7915602224929,42.7795365704799,42.7647771423771,42.7470883693203,42.7264626788555,42.7032456805949,42.6783669874148,42.6536178268755,42.6319093247575,42.6173655173356,42.6150126580576,42.629786884515,42.6647201900545,42.718605756616,42.7841398424831,42.8480530122761,42.8943325963295,42.9099362898715,42.8903047321334,42.8414081122316,42.777016248413,42.7129480145978,42.6616371780915,42.6294180598527,42.6167910341688,42.6204185673166,42.6353911280456,42.6568917435519,42.6810542817746,42.7051928880313,42.7276770424952,42.7476723662895,42.7648759886319,42.7793018546389,42.7911278476202,42.8005967275986,42.8079569647015,42.8134301786286,42.8171947873946,42.8193785899333,42.8200556191477,42.8192445782629,42.81690762725,42.8129494042496,42.8072171558442,42.7995039319557,42.7895582172383,42.7771053559506,42.761888810697,42.7437424570467,42.7227077014532,42.6992085274839,42.6742882910203,42.6498857348041,42.6290747178995,42.616110189413,42.6160350710993,42.6335819322402,42.6712769583494,42.7271322686476,42.7930041174713,42.8551139858177,42.8976490482461,42.9085550395875,42.8846776883555,42.8331698729598,42.7682660918425,42.7054719046874,42.6564519206757,42.626736506035,42.6162636903321,42.6214430880523,42.6373514402194,42.6592860696086,42.6835325385728,42.7075420518047,42.7297866171663,42.7494989011435,42.7664146841328,42.7805668389012,42.7921398233717,42.8013759011052,42.8085193393695,42.8137857754884,42.8173468419498,42.8193231655953,42.8197813581208,42.8187325025694,42.816131037555,42.8118740372293,42.8058018885828,42.797702501569,42.7873226890818,42.7743924405838,42.7586705667832,42.7400232862554,42.7185494982128,42.6947647116666,42.669844125112,42.645895473218,42.6261750970877,42.6150767694972,42.6176414883977,42.6383389717084,42.6790871362077,42.736994310222,42.8029859941556,42.8627769906805,42.9008771857521,42.906423631183,42.8778581148679,42.8236100874004,42.7583527131052,42.6971729288761,42.65084440729,42.624000394834,42.615966761752,42.6228871849661,42.6398341496041,42.6622384958201,42.6865580718867,42.7103988753626,42.7323488960737,42.7517171235344,42.7682838341629,42.7821041252764,42.7933705705218,42.8023253428728,42.809208224041,42.814228198399,42.8175492438228,42.8192838574318,42.8194902412172,42.8181708676339,42.8152714843722,42.8106806935994,42.8042312637689,42.7957055252833,42.7848487972805,42.7713969879554,42.7551273285764,42.7359441855807,42.7140135405403,42.6899566171097,42.6650990483786,42.641738033351,42.6233282332242,42.6144018657679,42.6199663635411,42.6441541519778,42.6881625140181,42.7480795239848,42.8138395509725,42.8707025399163,42.9036700146792,42.9032876747816,42.869753604945,42.812807918009,42.7474803876767,42.6883070570326,42.6450545777203,42.6213909539515,42.6160079258705,42.6247904657668,42.6428264732305,42.6657017318237,42.6900646371914,42.7136897065593,42.7352903934396,42.7542580960006,42.7704211758572,42.7838588107125,42.7947723975073,42.8034039998897,42.8099884593812,42.8147274079233,42.8177763436155,42.8192387524801,42.8191635274754,42.8175436372819,42.8143152797306,42.809357814379,42.8024958171827,42.7935058614067,42.7821323286248,42.7681188614581,42.7512649376081,42.7315198608038,42.7091274339002,42.684829839993,42.6601220990119,42.6375099263128,42.6206574112228,42.6142253668089,42.6231418584732,42.6511123614524,42.6984934815453,42.7602477477115,42.8252941195159,42.8785413208039,42.9056930450693,42.8989249088617,42.8603113795194,42.8008751586479,42.7358699449192,42.679130087023,42.6393109106132,42.619073751688,42.6164804685797,42.6271821748235,42.6463098146927,42.6696264892794,42.6939866557889,42.717343144568,42.7385406484772,42.7570561516731,42.7727676607389,42.7857790020958,42.7963003619912,42.8045733000455,42.810827112967,42.8152553593929,42.8180042773224,42.8191675352981,42.8187839057802,42.8168360572917,42.8132498906297,42.8078948932579,42.8005870681034,42.7910973320336,42.7791700917145,42.7645591258568,42.7470907970664,42.7267671845863,42.7039218386504,42.6794341470269,42.6549875694163,42.6333133663847,42.6182904053226,42.6146874823567,42.6272924345449,42.6592796277905,42.7100408335255,42.7733251641085,42.8370539593584,42.885940859316,42.9066362547936,42.8931581688122,42.8495277543367,42.7879598236004,42.7237568425312,42.6698922629603,42.6338238852451,42.6171926546833,42.6174585592542,42.6300779778874,42.6502579002043,42.6739606716851,42.6982591447839,42.7212904382471,42.742032881428,42.7600496577929,42.7752682270007,42.7878165385385,42.7979129133443,42.8057977046449,42.8116939440672,42.815786389269,42.8182112870789,42.8190517572532,42.8183357272007,42.8160348655389,42.8120641424813,42.8062826903543,42.7984977627857,42.7884750185834,42.7759602895624,42.7607205224871,42.742614469796,42.7217059194466,42.698431278219,42.6738242480224,42.6497754889394,42.6292560296352,42.61635791028,42.6159252325666,42.6325291622815,42.6686959559434,42.7227291900994,42.7871013284023,42.8488013889196,42.8925547866376,42.9062263471667,42.8858658856688,42.8374533335917,42.7742454276768,42.7113863954498,42.6608320678494,42.6287803038014,42.615865576288,42.6189945180989,42.6334784641213,42.6546361522164,42.6786493099923,42.702817988064,42.725465937415,42.7457045224286,42.7631815560597,42.7778723108708,42.7899274514829,42.7995722920697,42.8070450465909,42.8125616857904,42.8162974498978,42.8183779189424,42.818875008499,42.81780516263,42.8151284471022,42.8107483842342,42.804513421319,42.7962221035344,42.7856355490993,42.7725028848086,42.756607930472,42.7378482447046,42.7163593748627,42.6926948224401,42.6680603508847,42.6445717580468,42.6254503087336,42.6149913456864,42.6180683435334,42.6389438119339,42.679368816526,42.7364423519816,42.8013293212667,42.8602032973034,42.8980541973401,42.9042385619641,42.8769895820132,42.8241939410253,42.7599464879775,42.6990068849907,42.6521697581039,42.6243387085783,42.6151819427522,42.6211178261735,42.6373690732277,42.6594020530854,42.6836350765267,42.7076004605455,42.7298075719479,42.7494976298622,42.7663997201193,42.7805341478949,42.7920722156136,42.8012447366465,42.8082867000118,42.8134061849912,42.816768227755,42.8184871279235,42.8186230184829,42.8171803077111,42.8141069530025,42.8092946311565,42.8025809356415,42.7937559755404,42.7825773878487,42.768799965988,42.7522288190617,42.732807671064,42.7107549888135,42.6867566225032,42.6622084572567,42.6394678737135,42.6220119964168,42.6143199901343,42.6212345854414,42.6466029014582,42.6912676119685,42.751020954373,42.8157291732306,42.8709207089512,42.9021402908359,42.9005071195127,42.8665378602727,42.8099074832721,42.7453009863068,42.6868614095294,42.6441012526018,42.6206261165943,42.6152017731295,42.6238355983593,42.6417211314658,42.6645062315483,42.6888591918187,42.7125459008717,42.7342573175182,42.7533592003097,42.76965715795,42.7832129045412,42.7942158351309,42.8029005415234,42.8094976217205,42.814206435965,42.8171811766701,42.8185243174312,42.8182837082187,42.8164512547976,42.8129623992654,42.807696699225,42.8004808955784,42.791097180398,42.77930113344,42.7648561177133,42.7475936892031,42.7275120516085,42.7049248139276,42.6806662631607,42.6563403482923,42.6345601849454,42.6190583466972,42.6144674477383,42.6255246709734,42.6555419818759,42.7043195262474,42.7662627647011,42.8299945432244,42.8806208107669,42.904557271864,42.8949333480134,42.8545865439946,42.7947971725347,42.7305606873514,42.6751793665346,42.6367929303344,42.6177362155946,42.6159562132365,42.6271342160742,42.6464936790566,42.6698940122248,42.6942625460198,42.7175964305585,42.7387616050116,42.7572413670524,42.772912079862,42.7858726728,42.7963278022494,42.804514002675,42.8106562979816,42.8149445373886,42.8175214912361,42.8184773343316,42.8178472119525,42.8156101464786,42.8116887581331,42.805950340556,42.7982109629138,42.788245681257,42.7758098276876,42.7606787931613,42.7427164968954,42.7219848782626,42.6989058800107,42.6744788895075,42.6505332052852,42.6299486227682,42.6167054882298,42.6155475042103,42.6310169151375,42.6657605269412,42.7184071968806,42.7819258826423,42.8438024178778,42.8889906048136,42.9051043739914,42.8874906596097,42.8412748986026,42.7791017739166,42.7159802931152,42.6641683919201,42.6303777626611,42.6157290550993,42.6174493074271,42.6309818094566,42.6516357927766,42.6755071980142,42.6997868824062,42.7226976349369,42.743271639526,42.7611014864319,42.7761278509498,42.7884823562127,42.7983819594517,42.8060632814963,42.811744624632,42.8156055970459,42.8177770413596,42.8183364372448,42.8173058829028,42.8146512227874,42.8102820513114,42.8040533877065,42.7957709992575,42.7852038627338,42.7721092748431,42.7562786834444,42.737615045669,42.7162541878284,42.6927403976463,42.6682550600027,42.644868809972,42.6257348621742,42.615065199683,42.6176594929016,42.637761938819,42.6772178549666,42.7333686253263,42.7977349474088,42.856825350169,42.8957511506773,42.9036458782351,42.8782257780124,42.8267981721183,42.7630837393555,42.7018064133615,42.654007443251,42.6249530388066,42.6146321486985,42.6196607451933,42.6353312859651,42.6570891415717,42.6812858944791,42.7053759230633,42.7277991432078,42.7477436066785,42.764902115358,42.7792728456039,42.7910154715584,42.8003562915445,42.8075302121684,42.8127477433931,42.816177604335,42.8179382850214,42.8180942523764,42.8166542948381,42.813570871571,42.8087404526056,42.8020059120827,42.7931632827672,42.7819768055538,42.7682083671914,42.7516700742105,42.7323113305228,42.7103528092959,42.6864757621969,42.6620602749568,42.6394322749094,42.6220198947519,42.614241101385,42.6208833587404,42.6457777686693,42.6898305347598,42.7489996583823,42.8133902475799,42.868745505893,42.9006712425728,42.9001181330026,42.8672559474557,42.8113970092313,42.747016213718,42.6882672472675,42.6448415246054,42.6205797677089,42.6144428025027,42.6225492948381,42.6401236271981,42.6627905579084,42.6871702299976,42.7109763517421,42.7328550678456,42.75213875651,42.7686108883172,42.7823202219858,42.7934498880588,42.8022326698928,42.8089000734247,42.8136538528821,42.8166512863004,42.8179981722915,42.8177457275211,42.8158892480775,42.812367688827,42.8070644050685,42.7998103997551,42.7903927423204,42.7785725738109,42.7641194103758,42.7468711763507,42.726831811364,42.7043184699671,42.6801643146368,42.6559641319296,42.6343102674726,42.6189010220381,42.614324371479,42.6252746768656,42.6550457380288,42.7034717065726,42.765059229339,42.8285793831502,42.8792695707245,42.9035793548308,42.8945328322433,42.8547622234858,42.7953445536037,42.7311699264068,42.6755637127768,42.63677833803,42.6172836779134,42.6151314104727,42.626056634104,42.6452912126963,42.6686744561158,42.6931018693197,42.7165386015958,42.7378242846557,42.7564233668,42.772200306943,42.7852476346726,42.7957675236538,42.8039965675451,42.8101613415232,42.8144540088689,42.8170199595291,42.8179520509369,42.8172880927766,42.8150097867899,42.8110425542597,42.8052567561982,42.7974719462155,42.7874672080992,42.7750025102786,42.7598584389021,42.7419044143537,42.7212075905425,42.6981937250147,42.6738628162347,42.6500390673756,42.6295887121876,42.6164683198318,42.6153891536521,42.6308599434361,42.6655076144334,42.7179726733942,42.7812773493305,42.8429908748969,42.8881434241086,42.9043727984076,42.8869761488981,42.840979310703,42.7789322278118,42.7158009126985,42.6638625512832,42.6298869375674,42.6150576085276,42.6166454178694,42.6301113083957,42.6507609765645,42.6746749787809,42.6990252591303,42.7220174243871,42.7426705525622,42.7605685967792,42.7756474584725,42.7880369033389,42.7979540157492,42.8056367612274,42.8113054385727,42.8151419259666,42.8172793881409,42.8177975819707,42.8167208345509,42.8140172325105,42.8095987253568,42.8033229127806,42.7949984696374,42.7843976754399,42.7712815328141,42.7554455095717,42.7367966531018,42.7154744670583,42.6920256753561,42.6676315994227,42.6443586586554,42.6253499857853,42.6148006714609,42.6174878827939,42.6376325006543,42.6770643604167,42.7331269872717,42.7973656039393,42.8563288871885,42.8951654392386,42.9030232579899,42.8776037103804,42.8261827232194,42.7624552465062,42.7011398547073,42.6532917023644,42.6241982769277,42.6138649951079,42.618913645803,42.6346325832551,42.6564572518063,42.6807277964702,42.7048885768398,42.727372238446,42.7473624833563,42.7645502467977,42.7789336799053,42.7906736535306,42.7999983807983,42.80714503252,42.8123264864403,42.8157137890204,42.8174276543829,42.8175346701146,42.8160456864697,42.8129152361865,42.8080419508972,42.8012710145718,42.7924009395923,42.7811985759096,42.7674284218495,42.7509049576533,42.731579341537,42.7096728391755,42.6858654413909,42.6615333668028,42.6389954817837,42.6216696564109,42.6139615197609,42.6206468070967,42.6455494755985,42.6895768674073,42.7486970741041,42.8130296619483,42.8683280616149,42.9001973384229,42.8995782025013,42.8666317928769,42.8106742614868,42.7461988728571,42.6873836169167,42.643938015165,42.6197073985657,42.6136441096527,42.6218506910536,42.6395340063138,42.6623042075951,42.6867715266823,42.7106443822701,42.7325672704972,42.7518733815579,42.7683484440261,42.7820441857742,42.7931469446865,42.8018926752036,42.8085158783482,42.8132210743655,42.816168080626,42.8174650467849,42.8171654127787,42.8152666394345,42.8117098495438,42.8063806030367,42.7991121240446,42.7896936161024,42.7778880475145,42.763466087037,42.7462655991422,42.726288551503,42.7038474300912,42.6797673687453,42.655631628081,42.6340185510774,42.6186128634813,42.6139945402291,42.6248620231652,42.6545300948387,42.7028688853774,42.7644232217684,42.8279830724092,42.8787673805026,42.9031717224557,42.8941580461554,42.8543254551887,42.7947669035134,42.7304262866046,42.6746893073376,42.6358471634938,42.6163769170032,42.6143127079484,42.6253611557722,42.6447265453554,42.668227828447,42.6927487683398,42.7162499899792,42.7375715154546,42.7561809776631,42.7719472740246,42.7849676755022,42.7954488979234,42.8036316671718,42.8097462380506,42.8139880455614,42.8165054283294,42.8173939678657,42.8166940680714,42.8143899698943,42.8104096133305,42.8046258238535,42.7968604261149,42.7868942905745,42.774488192754,42.7594217985452,42.7415608613448,42.7209648916382,42.6980468173367,42.6737879552584,42.6499887881164,42.6294904030487,42.6162304816081,42.6149194825513,42.6300963535209,42.6644556750202,42.7167322055227,42.7800345207765,42.8419614450084,42.8874820107077,42.9040956831923,42.8869493333531,42.8409845868524,42.7787701914963,42.7153687178729,42.6631709519212,42.6290254764787,42.6141414030786,42.6157727632035,42.6293435142197,42.6501212198814,42.6741574220755,42.6986067721923,42.7216675933755,42.7423585445499,42.7602670799228,42.7753343773205,42.7876959341979,42.7975743332726,42.8052125261135,42.810835241356,42.8146283054364,42.8167284727514,42.8172188613166,42.8161270403575,42.8134242832534,42.8090256575526,42.8027916794563,42.79453342873,42.7840245170748,42.7710253104395,42.7553273665915,42.7368288240349,42.7156532799168,42.6923227566466,42.6679845079848,42.6446639309436,42.6254639304483,42.6145552599886,42.6167284599265,42.6362773774465,42.6751714827509,42.7309339522877,42.7952611220435,42.8547360067713,42.8943722246383,42.9030502695288,42.8781945830947,42.8269289872068,42.7629770728162,42.7012182500552,42.6528986548894,42.6234432948226,42.6129122736141,42.6179150129411,42.6336934805358,42.6556311886825,42.6800266714443,42.7042977826503,42.7268641778835,42.7469061931233,42.7641171682504,42.7785005276484,42.7902234381282,42.7995204236202,42.8066345338695,42.8117839791904,42.8151446513206,42.8168417546508,42.8169461549072,42.8154728778907,42.8123805651812,42.8075718045646,42.8008953104146,42.7921521508722,42.7811098184519,42.7675300843661,42.7512192522124,42.7321121566334,42.7104025673336,42.686729307915,42.6624135661714,42.6397103830701,42.6219791186253,42.6135981700995,42.6193829760983,42.6432968692104,42.6864905066541,42.7452256207531,42.8098469902983,42.866125524536,42.8994087444238,42.9001859637387,42.8681797127285,42.8124836111158,42.7476529509121,42.6881234398223,42.6438999492256,42.6190394143717,42.6125828231623,42.6206231061609,42.6383067959086,42.6611732928257,42.6857742667828,42.7097790951931,42.7318112623203,42.751196157963,42.7677199509888,42.7814392051101,42.7925469725466,42.8012863690289,42.8078988186311,42.8125952961681,42.8155416209705,42.8168516167254,42.8165842132944,42.8147422747887,42.8112722308744,42.8060646626408,42.7989570637138,42.7897412810022,42.778179848773,42.764037709978,42.7471385924693,42.7274579409604,42.7052650158609,42.6813217910897,42.6571291582301,42.6351731822674,42.6190598822514,42.6133452244678,42.622811963186,42.6510118012327,42.6981990010628,42.7593532808804,42.8235622124214,42.8760056850651,42.9026341784074,42.8957146898889,42.8572201377623,42.797965024195,42.7330274526217,42.6761876735248,42.6361629305116,42.6157261787517,42.6130330908181,42.6237772017089,42.6430814013528,42.6666690811482,42.6913441655532,42.7150128763998,42.7364845058698,42.7552135304148,42.7710669011839,42.7841461737243,42.7946652662957,42.8028730923418,42.8090081098379,42.8132736008741,42.8158253539239,42.8167661121552,42.8161432905301,42.8139480647558,42.8101151571231,42.8045236922567,42.7970005859553,42.7873292836896,42.7752684891326,42.7605879379125,42.7431311250794,42.7229173773319,42.7002956509822,42.6761556280769,42.6521810003817,42.6310866252137,42.6167112428749,42.6137550433058,42.6269110567514,42.6592469382667,42.7100634606614,42.7730681860591,42.8362138850556,42.8843152228292,42.9041605761468,42.8898991756732,42.8456467022663,42.7836699301945,42.719289159683,42.6654699976799,42.6296407137305,42.6133948201505,42.6141343239563,42.6272569295367,42.6479190010777,42.6720453638368,42.6966855333935,42.7199657916714,42.7408632133763,42.7589462864459,42.7741517844936,42.7866190689381,42.7965786441763,42.8042829538214,42.8099665093787,42.8138246871887,42.8160034569025,42.8165949088429,42.8156354687007,42.8131051901683,42.8089276777338,42.8029712225155,42.7950528524844,42.7849484274172,42.7724138502486,42.7572250119642,42.7392470001062,42.7185453807528,42.6955515272344,42.6712851562424,42.6476127849323,42.6274721115372,42.6149171192188,42.6147574374274,42.6315432568058,42.6677988916747,42.7218384902368,42.7861368944885,42.8476546621495,42.8910583531089,42.9041634703431,42.8830406878436,42.8337925359964,42.7698663976497,42.7065833148651,42.6559880394375,42.6242567521061,42.6119207112077,42.6157528729717,42.6309436787785,42.6527260491877,42.6772343493468,42.7017524185872,42.7246084808163,42.7449297655196,42.7623847488361,42.776970185508,42.788856996087,42.7982886941256,42.8055194790573,42.8107792710694,42.8142555565422,42.8160848609691,42.8163491745983,42.8150745650905,42.8122306256533,42.8077305179193,42.8014323898669,42.7931441017371,42.7826347015211,42.7696581514832,42.7539974779792,42.735540470273,42.7144000855732,42.6910909670987,42.6667625324813,42.6434607484674,42.6243365434728,42.6136390236249,42.6162532495035,42.6365410259208,42.6764413408268,42.7332748697609,42.7983499567237,42.8577881840083,42.8963033692869,42.9028730595837,42.8754662450639,42.8219817832877,42.7567881614206,42.6950123245172,42.6477225758801,42.6199106010764,42.6111682715321,42.6177534216953,42.6347222204485,42.6574142119135,42.6821734235577,42.7065032083777,42.7289149147703,42.7486689935858,42.765521030946,42.779519034805,42.7908601373282,42.7997979434233,42.8065870918573,42.8114525779417,42.8145742284006,42.8160796552218,42.8160414251043,42.8144759862909,42.811343230759,42.8065466381971,42.7999349657602,42.7913076384338,42.7804275849772,42.7670474420073,42.7509578389496,42.7320694547247,42.7105422869793,42.6869728525018,42.6626368752848,42.639752744616,42.6216715695236,42.61281596197,42.6181156501341,42.6417097678755,42.6849309824848,42.7441270053564,42.8095282476902,42.8665708092911,42.9001775475591,42.9005633711737,42.867516373101,42.8105209303774,42.74463213712,42.6846387512021,42.640623312083,42.6164837850655,42.6109953573905,42.620001519311,42.638481703657,42.6619003662868,42.6868046264896,42.7108999070627,42.7328616576399,42.7520675104522,42.7683484647756,42.781796133556,42.7926293600666,42.8011095344172,42.8074908406788,42.8119933040338,42.8147895235496,42.8159988789899,42.8156853134505,42.8138565042822,42.8104635024812,42.8054009540207,42.7985090350907,42.7895794640821,42.7783696244196,42.7646311249162,42.7481620282389,42.7288949711363,42.7070348534594,42.6832560614866,42.6589538129506,42.6365080699129,42.6194539768662,42.6123658261765,42.6201930356163,42.6468325387771,42.6930136712889,42.7541589259987,42.8195261260344,42.8740092988095,42.9028587266263,42.8975403066056,42.859534320963,42.7996932086467,42.7335590926392,42.6754904327385,42.634615483269,42.6138455233653,42.6112570501253,42.6223654339198,42.6421160883972,42.666106200909,42.6910738770897,42.7149072677496,42.7364270502131,42.7551130026932,42.7708610109342,42.7837996687754,42.7941658170563,42.8022268878129,42.8082361047588,42.8124087449072,42.8149108022026,42.8158542519356,42.8152953374424,42.8132339268185,42.8096131954432,42.8043198939753,42.7971864833524,42.7879976887396,42.7765057738398,42.7624612400466,42.7456686681478,42.7260804273124,42.7039421423452,42.6799991429274,42.6557556083984,42.6337382927427,42.617647531246,42.6121885458883,42.6223136304619,42.6516757899647,42.7004301926031,42.763148048777,42.828230772685,42.8801543112397,42.9045640480784,42.8941293952872,42.8518574178883,42.7897562965589,42.7236972823841,42.6675673702895,42.6296069908269,42.611858181171,42.6118088406068,42.6247173919485,42.6455240927861,42.6699574825265,42.6949299875558,42.7184917990667,42.7395903213716,42.7577934805256,42.7730526414274,42.7855277068996,42.7954705241912,42.8031533386283,42.8088282642838,42.8127063001866,42.8149476386222,42.8156578214378,42.8148864409934,42.8126266346053,42.8088147776675,42.8033307592586,42.79600024965,42.7866016759966,42.7748824445051,42.7605914546475,42.7435380709877,42.7236907493099,42.7013294320439,42.677260299405,42.6530820044681,42.6314493056599,42.6162065316882,42.6121712368572,42.6242918824387,42.6559959637509,42.7069211991653,42.7708861101567,42.8355572815455,42.8850897322002,42.9055363274303,42.8906638643086,42.8448109411346,42.7809433041027,42.7151487742326,42.6608500954369,42.6254959117812,42.6103824334577,42.6125092887838,42.6269343089966,42.6486087461379,42.6733830506467,42.698323501138,42.7216206594983,42.7423306263634,42.7600964767368,42.7749166823997,42.7869776509617,42.7965439003695,42.8038917286483,42.8092723178772,42.8128930906344,42.8149094136349,42.8154215069523,42.8144734868862,42.8120529592796,42.8080906917345,42.8024608491374,42.7949833043914,42.7854308736993,42.7735462116213,42.759075704306,42.741830925576,42.7217912982826,42.6992623462484,42.6750976946996,42.6509718655121,42.6296447450471,42.6150812770401,42.6121955437672,42.6259367618885,42.6595468838757,42.7122310722585,42.7771769587384,42.8414393354293,42.88891794233,42.9060283567008,42.8874732727723,42.8387044911195,42.7734667995037,42.7079981726663,42.6553093357131,42.6221783723346,42.6092822563787,42.6132223180643,42.6288981574883,42.6512766525337,42.6763136020474,42.7012053814611,42.7242604446939,42.7446260038343,42.7620081794708,42.7764450987275,42.7881456425929,42.7973852511819,42.804443938096,42.8095724310779,42.8129754941404,42.814804809736,42.8151565258922,42.814070584681,42.81153038438,42.8074624007937,42.8017363275696,42.794167320602,42.7845232908183,42.7725421273357,42.757966421199,42.7406065934345,42.7204464900958,42.6978061811383,42.6735700074015,42.6494655671638,42.6283307829416,42.6142255184789,42.6121473192444,42.6270621484754,42.662088124874,42.7161108664905,42.7818313527612,42.8458156153,42.8917411452985,42.9062851246842,42.884872464008,42.8338304285646,42.767525410961,42.7023234422535,42.6509169356913,42.6195569464119,42.6084300007064,42.6138193952817,42.6304961656105,42.6534370908449,42.6786803327523,42.7035255797749,42.7263758689189,42.7464522392499,42.7635124804549,42.7776277002883,42.7890258891688,42.7979921783089,42.804810340434,42.8097314019128,42.81295858889,42.8146411990728,42.8148726930784,42.8136902671641,42.8110745633264,42.8069492128653,42.8011808219361,42.7935810243969,42.7839135963278,42.77191160031,42.7573122865285,42.7399209192841,42.7197179817377,42.697024954634,42.6727370093969,42.6486078930836,42.6275220721588,42.6136057673106,42.6119286770309,42.6274995826866,42.6633949003764,42.7183210785622,42.7846595370278,42.8486125072758,42.8936388708745,42.9065235141367,42.8831499622182,42.8304633894064,42.7633122579219,42.6982085168269,42.6476581258369,42.6175499177629,42.6077119553879,42.6141819550178,42.6316211084468,42.6550011140009,42.6804135235241,42.7052315145421,42.7279283441403,42.7477816217962,42.7645899185179,42.7784512478981,42.7896098952076,42.7983598964444,42.8049891657239,42.8097500331884,42.8128454980195,42.8144239236843,42.8145775984699,42.8133425253992,42.8106981694654,42.8065669024382,42.800813774592,42.7932482428426,42.7836308488313,42.7716898302902,42.757155459799,42.7398234523233,42.7196622407589,42.6969798903778,42.6726597655611,42.6484509328567,42.62724829949,42.6132120034868,42.6114722508235,42.6271137139132,42.663270430904,42.7186357368774,42.7854632416643,42.8497242968318,42.8946418656325,42.9069085850099,42.8825541998306,42.8288592085109,42.7610240573028,42.6957572705513,42.6455453227671,42.6161019171681,42.6070349828593,42.6142045653307,42.6321720488087,42.6558808719976,42.681441191787,42.7062665187407,42.7288744718987,42.7485815884863,42.765216502448,42.7788984401876,42.7898855804687,42.798480443696,42.8049757634776,42.8096264085304,42.8126366398652,42.814155480201,42.8142756845068,42.8130337337555,42.8104096200601,42.8063261812948,42.8006486071477,42.7931857123656,42.7836959143998,42.7719028342349,42.757528276744,42.7403539909181,42.7203272862391,42.6977269502121,42.6733998513202,42.6490561537322,42.6275603659515,42.6130688427948,42.6107570888201,42.6258206601418,42.6615621029838,42.716850164613,42.784029886592,42.8489930313113,42.894703001857,42.9075252561277,42.8832751712427,42.8292507005663,42.760869096851,42.6951081150641,42.6446336153198,42.6151965779304,42.6063349939764,42.6137995091621,42.6320560272561,42.6559894860117,42.6816880025683,42.7065683551606,42.7291644909896,42.7488132661669,42.7653624077986,42.7789467699589,42.7898362732476,42.798341777599,42.8047617632811,42.8093550786273,42.8123289004049,42.8138346377853,42.8139672661623,42.8127655244281,42.8102117519645,42.8062311155012,42.8006908128161,42.7934007773528,42.7841187069348,42.7725641845981,42.7584494915658,42.7415384330271,42.7217484218585,42.6993129882813,42.6750168258003,42.650494494591,42.6285346968721,42.6132455437583,42.6098249073388,42.6236090044399,42.6581827619331,42.7127955215521,42.7801331542575,42.846191774027,42.8936669096638,42.9083443819653,42.8854184438162,42.8318366538794,42.7630712352145,42.6964478085912,42.6450378137516,42.6148718710596,42.6055882020356,42.6129036706934,42.6311913976579,42.6552419563746,42.6810747435683,42.7060679774685,42.7287407761086,42.7484299571298,42.7649905661533,42.7785672554672,42.7894395801057,42.7979267595691,42.8043341417694,42.8089261754164,42.8119147579327,42.8134555348531,42.8136475581591,42.8125336984794,42.8101005623278,42.8062776315761,42.8009361515499,42.7938891844206,42.7848954805286,42.7736716963397,42.7599202740043,42.7433840596843,42.7239429164075,42.7017701863672,42.6775631757324,42.6528431165093,42.6302736915871,42.6138624138114,42.6087943380405,42.620562044645,42.6531377944555,42.7063634568892,42.7735454610226,42.8410171551932,42.8912421843224,42.909183426183,42.8889683249382,42.8367592268364,42.7678655759807,42.7000218074036,42.646950208489,42.6152385426371,42.6048261771765,42.6114888442812,42.6295137614368,42.6535578133714,42.6795188462387,42.704688843895,42.7275365734512,42.7473756771443,42.7640552096794,42.7777230842688,42.7886661579156,42.7972120506581,42.8036742218884,42.808324488064,42.8113814062369,42.8130068179397,42.8133057949323,42.8123272869283,42.8100641621109,42.806452300563,42.8013691840236,42.794633260426,42.7860065141924,42.7752044465254,42.7619203631135,42.7458746181939,42.7269038678596,42.7051087244615,42.6810761891524,42.6561775225621,42.6329000672389,42.6150903985871,42.6078693976926,42.6168780055368,42.6465567635303,42.6975431904076,42.7640685515784,42.8330996890373,42.886983567924,42.9096649124084,42.8937381670281,42.8440641666282,42.7754795367467,42.7061364480367,42.6506567044621,42.6165013271115,42.6041555505539,42.6095767416224,42.6269857397636,42.6508665143694,42.6769366852074,42.7023472841841,42.7254753019845,42.7455839575034,42.7625005074288,42.7763682603856,42.7874784530394,42.7961669707398,42.8027566531054,42.8075285529143,42.8107099379368,42.81247089968,42.8129245419766,42.8121278895436,42.8100821078395,42.8067316136151,42.801962418395,42.7956008218138,42.7874146230544,42.7771206555459,42.7644049980921,42.7489658878071,42.7305939214216,42.7093081959046,42.6855668544098,42.6605583578495,42.6365431748242,42.6171403269655,42.6073370647754,42.6128823433019,42.6387248965425,42.6864701475351,42.7515871962177,42.8220422551938,42.8802962566966,42.9091813353622,42.8993095353589,42.8536389747004,42.7860912084352,42.7151453836208,42.6565464295098,42.6189809624319,42.6037824875597,42.6072598730147,42.6236120464983,42.6471169227311,42.6732487138569,42.6989546939467,42.7224709625005,42.742977283494,42.760259549664,42.7744464349198,42.7858295394438,42.7947524234466,42.8015484583592,42.806509836147,42.8098746673372,42.8118234228941,42.8124793004343,42.8119094163727,42.8101252701299,42.8070819545571,42.8026763398636,42.7967451726533,42.7890649689833,42.7793570511014,42.7673034278018,42.7525827307151,42.7349400317504,42.7143090559576,42.6910069481778,42.6660134977503,42.6413166578881,42.620239079925,42.6075483951013,42.6090237893226,42.6301049535807,42.6734791836146,42.7361460124882,42.8074962378453,42.8704789523674,42.9068832958264,42.9049697243354,42.8651282315389,42.7997565731356,42.7274095293984,42.6651060934847,42.6231320167373,42.6040402841274,42.6047287663744,42.6194612681346,42.6422924597961,42.6683888452903,42.6944226691078,42.7184304814882,42.739467766531,42.7572541085628,42.7718902303902,42.7836622856163,42.7929200626163,42.8000082873472,42.8052321249472,42.8088426938424,42.8110330244422,42.8119384982571,42.8116383328864,42.810156357399,42.8074604191426,42.8034605239613,42.7980064726607,42.7908865743507,42.7818302994906,42.7705198406048,42.7566188170682,42.7398308920939,42.7200062035201,42.697316807015,42.6725179744085,42.6472892944681,42.6245925057598,42.6088792646668,42.605845052587,42.6213354633952,42.6591469183181,42.7180392987411,42.7892777771693,42.8568227897344,42.9017162645476,42.9096695101685,42.8778352660494,42.816301037813,42.7432180204204,42.6768857952647,42.6295468432486,42.6054150399654,42.6023040985656,42.6146950123293,42.6364334501047,42.6623197299372,42.6886725335519,42.7132591509214,42.7349599350898,42.7533958374749,42.768621553584,42.7809092234302,42.7906119855142,42.7980860970813,42.803651299799,42.8075738410931,42.810061504149,42.8112639491481,42.8112744711594,42.8101311448638,42.8078165286865,42.8042558954428,42.7993145793834,42.7927957317893,42.7844408593476,42.7739373433596,42.7609400851339,42.7451187303735,42.7262472667718,42.7043574076786,42.6799763944092,42.6544541838318,42.6303393685097,42.6116716425827,42.6039223830973,42.6131902327044,42.6442997586579,42.6978892653452,42.767510565257,42.8387740130389,42.892534825033,42.912037576908,42.8906367868574,42.8351826746613,42.7626609627091,42.6924196947266,42.6389301196931,42.6085589319115,42.6004685603426,42.6096030200986,42.6296673176802,42.6550554143151,42.6816508770428,42.7068706065209,42.7293568227911,42.7485898326426,42.7645536100209,42.7774936681433,42.7877613769578,42.7957235873149,42.8017157384212,42.8060211577112,42.8088645274263,42.8104118544227,42.810772430106,42.8100003800446,42.8080947587319,42.8049980083832,42.800593210427,42.7947011600857,42.7870791782231,42.7774250972665,42.7653924244591,42.7506266359856,42.7328378477107,42.7119306131591,42.6882137899831,42.6627044525781,42.6375059742913,42.6161640642364,42.6037770379473,42.6064904317968,42.6299628525131,42.6766747501748,42.7427579262879,42.8161440317997,42.8783118399186,42.9104962124636,42.9019590856926,42.8553573730382,42.7854583921598,42.7120875451427,42.6520238480395,42.6142737600902,42.59988726693,42.6046387408578,42.6222449755301,42.6466917924855,42.6733523746271,42.6992028074663,42.7225707059592,42.7427416984996,42.7595955431962,42.773332822539,42.7842946813995,42.7928558413896,42.7993676969561,42.8041322342008,42.8073930324227,42.8093344368475,42.8100835694013,42.8097122782948,42.8082376953766,42.8056210482909,42.8017650067902,42.7965103704962,42.7896336073066,42.7808479725453,42.7698130901653,42.7561613663555,42.7395546100958,42.7197901574709,42.6969801743383,42.6718245310184,42.6459749096473,42.6224281355631,42.6057747531834,42.6019763497877,42.6172372942761,42.6556712519213,42.7160855238254,42.7893134103926,42.8584249322522,42.9035096462986,42.9098789381987,42.8752064477855,42.810777994016,42.7359183133816,42.6694649051606,42.6234421146638,42.6013981246268,42.6004434859743,42.6145773362673,42.6374426324521,42.6638497838328,42.6902408654056,42.7145396393551,42.7357692543145,42.7536607032344,42.7683437065688,42.780135988522,42.7894147204493,42.7965460961809,42.8018516562951,42.8055955615861,42.8079823272496,42.8091586140105,42.8092155098107,42.8081895859365,42.8060621606972,42.8027569049208,42.7981364161717,42.7919989395436,42.7840773513173,42.7740442520721,42.7615299804623,42.7461648867645,42.7276631137871,42.7059708667927,42.681503235549,42.6554805210193,42.6303317515395,42.6100409773791,42.6001670137113,42.6071200229664,42.6362847798256,42.6889955068861,42.7593434690626,42.8329475741481,42.8899482079749,42.912397663445,42.8926088992944,42.8371126397265,42.7633701145013,42.691574225354,42.6368861185376,42.6059483406508,42.5978399228763,42.6072594231489,42.6276743382909,42.6533280819638,42.6800458597789,42.7052500062919,42.7276195421124,42.7466793209772,42.7624526550728,42.7752142839452,42.7853345563258,42.7931911526352,42.7991249340504,42.8034217599089,42.8063078493567,42.807950913444,42.8084626096855,42.8079000821051,42.8062657366629,42.8035052284476,42.7995041439313,42.7940843058134,42.787001321347,42.777946326332,42.7665572981295,42.7524492426031,42.7352781140804,42.7148596628023,42.6913684600969,42.6656368454666,42.6395449036942,42.6164217273241,42.6012511208989,42.600313196571,42.6198062112356,42.6632093787134,42.7279104647545,42.802824459177,42.8694744742898,42.907873962266,42.9052242933896,42.8623166865172,42.7931657635484,42.7181136628595,42.6551527768179,42.6144572690007,42.5977715654799,42.601062979555,42.6179265228457,42.6421150996872,42.6687856383591,42.6947632843374,42.7182905396278,42.7386155854273,42.7556086380023,42.7694739020902,42.7805604788832,42.7892511508201,42.7959041460978,42.8008272146954,42.8042693089234,42.8064203892423,42.807413765485,42.8073280375334,42.8061873978178,42.8039600747887,42.8005552768411,42.7958193893821,42.7895326786375,42.7814087331994,42.7711007726953,42.7582222378992,42.7423940509157,42.7233372746622,42.7010356785522,42.6759926724979,42.6495903547073,42.6245075323906,42.6050496462462,42.5970874958257,42.6071593776242,42.6403445814975,42.6970346296822,42.7698157452466,42.8427934923652,42.8955007507114,42.9109745613971,42.8838810885543,42.8232944345252,42.7480952150847,42.6782644834874,42.6276071443495,42.6011712704656,42.5968764898056,42.6089004435083,42.6306958333345,42.6567593789919,42.683242126648,42.7078548168758,42.729487636973,42.7477996331858,42.7628877978953,42.7750591938989,42.7846912686009,42.7921552500886,42.797779594455,42.8018362330133,42.8045380954013,42.8060408821355,42.8064452325607,42.8057975194986,42.8040887788459,42.8012520020595,42.7971584261855,42.7916138289593,42.7843565228305,42.7750601689412,42.7633471793291,42.7488227559753,42.7311455546397,42.7101574698756,42.6860985127884,42.6599249481051,42.6337149104993,42.6110658015513,42.5972501821149,42.598733025976,42.6215921046221,42.6686732209076,42.7361784316211,42.8116202546486,42.8756320579761,42.9085916496958,42.8994363876085,42.8512662846886,42.7797571528115,42.7055212825701,42.6456032465894,42.6087650467333,42.5955807162339,42.6013981968666,42.6196948219261,42.6444039836067,42.670967460167,42.69647964817,42.7193869249674,42.7390697511425,42.7554721180796,42.768831174732,42.779503718634,42.787866509966,42.7942656555799,42.7989952019063,42.8022910817663,42.8043316504136,42.8052397902901,42.8050841047898,42.803878327143,42.8015789976666,42.798081952432,42.7932184836896,42.786752502752,42.7783810650755,42.7677426789885,42.7544413820996,42.738099877122,42.7184615656492,42.6955667637994,42.6700267076166,42.6433982051241,42.6186035521733,42.6002267810693,42.5943559529896,42.6075134458125,42.6443239765964,42.7041818046746,42.7783306004444,42.8497863241053,42.8980092798296,42.9073373511605,42.8746061500777,42.8107910824587,42.7354648944408,42.6679879006021,42.6208552226576,42.5978719199125,42.596207306746,42.6098147873359,42.6322701433735,42.6583364762908,42.6844359265038,42.7084913954454,42.7295331621435,42.7472992328797,42.7619221885715,42.7737176476437,42.7830568452209,42.7902981796563,42.7957555205815,42.7996869396625,42.802293097944,42.803718850336,42.8040546731011,42.8033365139121,42.8015438621277,42.7985964787837,42.7943505631655,42.7885954695591,42.7810528051659,42.771381296536,42.7591936962163,42.744096585209,42.7257700891303,42.7041108325834,42.6794636454016,42.6529563398526,42.6269113991018,42.6052191227404,42.5934116598254,42.59802085321,42.6247843828433,42.675642135186,42.7454195292987,42.8202929486628,42.8804090955591,42.9070940106302,42.8914340509704,42.8387990877216,42.7660762428766,42.6936056604653,42.6371606507061,42.6040774525505,42.59394824157,42.6017328757078,42.6209621223421,42.6458335532907,42.6720883695973,42.6970662696969,42.7193799159916,42.7385054363028,42.7544312287836,42.7674065154257,42.7777823167318,42.7859214353175,42.7921536178149,42.7967571435872,42.7999539069417,42.8019099155802,42.8027366938107,42.8024915002099,42.8011757890775,42.7987321998632,42.79504078863,42.7899155024722,42.7831023966957,42.7742822418924,42.7630824531714,42.7491071369077,42.731999613338,42.7115582253401,42.6879306325454,42.6619070877364,42.6353062437649,42.6113791091369,42.595033353828,42.5925200581962,42.6101306857774,42.6516438449383,42.7149835848235,42.7897268999648,42.8578918710389,42.8994585752535,42.9009013873894,42.8618310396931,42.7951764551852,42.7207725065003,42.6567926039861,42.6140304157836,42.5949272562264,42.595975413733,42.6110481441919,42.6339735829218,42.6598633813606,42.6854479719064,42.7088694333772,42.7292896622981,42.7465118136825,42.7606904654919,42.7721387334874,42.7812135526842,42.7882549076731,42.7935582175793,42.7973647667645,42.7998603247176,42.8011761559873,42.801389480973,42.8005223195453,42.7985387623392,42.7953412983034,42.7907671420972,42.7845858783006,42.776500580977,42.766156354034,42.7531634421537,42.7371469540164,42.7178414239839,42.6952538998949,42.6699186991305,42.6432497733537,42.6179459535416,42.5983027318014,42.5901343214316,42.5998772723347,42.6325073076399,42.6884075069425,42.7603655454065,42.8329284477318,42.8861455109929,42.9033074874257,42.8787919923505,42.8208922892976,42.7476107309703,42.6783981350956,42.6270606059435,42.5990472861818,42.5928081719386,42.6029628640677,42.6232280265203,42.6481981933364,42.6740113441337,42.6983102580196,42.7199012819156,42.7383646744188,42.7537318683324,42.7662587946006,42.7762844866117,42.7841520639996,42.7901699533526,42.7945962518114,42.7976345721864,42.7994341777353,42.8000904914903,42.7996442918683,42.798079300214,42.7953186464333,42.7912211064463,42.7855783381376,42.7781149804008,42.7684948788194,42.7563393422023,42.74126757359,42.7229751340482,42.701372124936,42.6768047308034,42.6503732816438,42.6243224692253,42.6023968977825,42.5899211154596,42.5932171379863,42.6179482759101,42.6663098394652,42.7338499791058,42.8078241612907,42.8693362675627,42.8998820925407,42.8895720297922,42.8420093216163,42.7724285450095,42.700428008948,42.6421147124075,42.6058134950569,42.5921799593202,42.5969312635334,42.6139530714885,42.6374826763866,42.6631261933401,42.6880289185964,42.7106180753589,42.7302220277,42.7467238052817,42.7603033567934,42.7712691217002,42.7799593168515,42.7866904167932,42.7917341423971,42.795309602448,42.7975819877434,42.7986628558972,42.798609605459,42.7974234117488,42.7950458941327,42.7913553288143,42.7861635832576,42.7792154752557,42.7701933799338,42.7587320951878,42.7444526336825,42.727028788477,42.7063061043604,42.6824962374374,42.6564636630022,42.6300937606697,42.6066644110185,42.5910258958729,42.5892479575934,42.6073188673999,42.6486837789094,42.7111004194946,42.7843700617439,42.851184454947,42.8923704246201,42.8948925685503,42.8580992300231,42.7940068567816,42.7214308289576,42.6579632990116,42.6144327539945,42.5937391309248,42.5929381116801,42.6063408152839,42.628009297757,42.6531136425814,42.678334651591,42.7017186531213,42.7223261574789,42.7398732695979,42.754448018905,42.7663163416621,42.775803366764,42.7832282244422,42.7888726567083,42.7929686211415,42.7956949597485,42.7971771237252,42.7974867946554,42.7966401735064,42.7945949201945,42.7912464287876,42.7864245629296,42.7798924677977,42.7713500158399,42.7604462891555,42.7468086743682,42.7301008054449,42.7101271230971,42.6870058560815,42.661429063067,42.635007214391,42.6106408846857,42.5927598264191,42.5871305948131,42.5998333949512,42.6351215165866,42.6924220716665,42.7637266572943,42.8334764181711,42.882605510103,42.8959833009346,42.869422207283,42.8117131611234,42.7402739794008,42.673419806221,42.6239692941292,42.5969144345655,42.5907504725095,42.6004066927071,42.6199444383811,42.6442132359692,42.6694883084676,42.6934554372549,42.7149067852913,42.733382428608,42.748867578828,42.7615760497746,42.7718124735663,42.779893318689,42.7861065899763,42.7906942873639,42.7938465337798,42.7957003850187,42.7963394142743,42.7957923133268,42.7940301567282,42.7909628353988,42.786435708848,42.7802280364278,42.7720555920357,42.7615814739228,42.7484419149594,42.7322981008514,42.7129302010809,42.6903941078433,42.6652599599429,42.6389350031519,42.6140272990858,42.5946169287137,42.5861713562555,42.5947290483795,42.6250290841785,42.6776968874634,42.7464846207862,42.8174898624026,42.8721980250819,42.8942368200909,42.8766934838422,42.8254482028606,42.7562396498897,42.6875045967824,42.633503223028,42.6010295483944,42.5899817007529,42.5960133119411,42.6133266608764,42.6365679066791,42.6616821838797,42.6860339152677,42.7081618723353,42.7274316941031,42.743721412703,42.7571866434482,42.7681057698048,42.7767878957564,42.7835236660078,42.78856230155,42.7921028265012,42.79429164813,42.7952218961654,42.7949322483533,42.7934045336148,42.7905604058191,42.7862580332683,42.7802903127312,42.7723869259334,42.762224012899,42.7494477517935,42.7337219617419,42.7148146965187,42.6927430894037,42.6679952873233,42.6418348381054,42.6166531701426,42.5962556171262,42.5858455163142,42.5913546026117,42.6177847243236,42.6665759809096,42.7328120033274,42.8040079533921,42.8623828572007,42.8909439360169,42.8808234239307,42.8354904782361,42.7690035616875,42.6995231271241,42.6422493775493,42.6054153251589,42.5901738293813,42.5929193410023,42.6080885341271,42.6302277854392,42.6550336379877,42.6796015435441,42.7022450920565,42.7221674829153,42.7391422766729,42.7532650969777,42.7647846387225,42.7739990227037,42.7811983292456,42.7866363074964,42.7905185575921,42.7929986618598,42.7941770849489,42.7941001061582,42.7927577337651,42.790080668886,42.7859371395369,42.7801310567097,42.7724037603471,42.76244299781,42.7499051027915,42.7344598797828,42.7158722339369,42.6941387407544,42.6696974130065,42.6437173319466,42.6184393655382,42.5974661471021,42.5857864589399,42.5892036463938,42.6128332286162,42.6586285603136,42.7226135573626,42.7934165773234,42.8539940716905,42.8871442627922,42.8827079367102,42.8423151742546,42.7785412257598,42.7090656103256,42.649619134247,42.6094939443545,42.5908751055441,42.5908370577528,42.6040924579671,42.6251683588199,42.6495911571218,42.674246605472,42.6972610111891,42.7176959373992,42.7352298029854,42.7499008397485,42.7619272300896,42.771593882602,42.7791877529675,42.7849646833105,42.7891346331462,42.791856274968,42.7932353124236,42.7933233983994,42.7921163012007,42.7895511718837,42.7855036037597,42.7797858756267,42.7721486186625,42.7622894907826,42.7498746505441,42.7345821491762,42.7161806224482,42.6946606056386,42.6704359876358,42.6446225394184,42.6193676736866,42.5981374718125,42.5857603294283,42.5879141629227,42.609729299889,42.6534374575465,42.7156613971528,42.7858233697003,42.8475150766392,42.883576347698,42.8830980334615,42.8464415407708,42.785012346532,42.7159573217052,42.6552310303739,42.6128255870543,42.5916975503629,42.5894841088045,42.6011694670412,42.6213157280083,42.6453486237691,42.6700048321157,42.6932669974366,42.7140822674824,42.732048660164,42.7471535344382,42.7595862734889,42.7696178235066,42.7775302237573,42.7835793269835,42.7879773904427,42.7908861900016,42.792414687251,42.7926178335364,42.7914949152501,42.7889871086196,42.7849748159548,42.7792761198979,42.7716485864583,42.761797996567,42.7493997342609,42.7341417427393,42.7158019974149,42.6943771303115,42.6702789005917,42.6446049553668,42.6194589123334,42.5982297320286,42.5856384384293,42.587252137859,42.608148000177,42.650649569518,42.7116845241304,42.7811623960158,42.843156599215,42.8806916027495,42.8825420588833,42.8483312027019,42.7886593019897,42.7201912328413,42.6588881462262,42.6151217414819,42.5923496662139,42.5886209314008,42.5991523956361,42.6185719473385,42.6422627316342,42.6668703974031,42.690279672871,42.7113543085321,42.729630430686,42.7450540706232,42.7577896597655,42.7680947857506,42.7762455531976,42.7824961388003,42.787059223667,42.7900978048502,42.7917222206104,42.7919887771206,42.7908982040806,42.7883934645516,42.7843573954379,42.7786114754553,42.7709179640293,42.7609890336395,42.7485086502788,42.7331760505186,42.7147835152322,42.6933445355584,42.6692881813412,42.6437250023913,42.6187586672993,42.5977539611286,42.5853732337484,42.5870903251454,42.6078773860199,42.6499948783871,42.7104206922865,42.7792705675941,42.840932500438,42.8786981775511,42.8813788570096,42.8483364788831,42.7897360261217,42.7218656241551,42.66054118616,42.6162357927752,42.5926470937447,42.5880715488253,42.5978988630476,42.6168355857654,42.6402693320354,42.6648079998377,42.6882834796428,42.7095085166976,42.7279778780112,42.7436077369651,42.7565429427333,42.7670293929819,42.7753369096061,42.781716687125,42.7863801557672,42.7894897617933,42.7911554279712,42.7914329803568,42.7903226610731,42.7877671574918,42.7836495609478,42.777792536277,42.7699609857224,42.7598719179499,42.7472173819898,42.7317093716114,42.7131592975385,42.6916076923629,42.6675189849582,42.6420449766139,42.6173288800384,42.5967583494112,42.5849796542973,42.5873878715846,42.6088033487372,42.6512863308258,42.711639882892,42.7799353673768,42.8407198207806,42.8776117929199,42.8797595336591,42.8466867038509,42.7884687761117,42.7211376794736,42.6602509415583,42.6161419633038,42.5925075826646,42.5877298063656,42.5973033045201,42.6160153469037,42.6392961713308,42.6637636595817,42.6872393638656,42.7085168015369,42.7270703307873,42.7427985436551,42.7558329060061,42.766409978454,42.774793443929,42.7812305249211,42.7859299127452,42.7890518416684,42.7907041100747,42.7909403205787,42.7897584173321,42.7870989054137,42.7828431391579,42.7768129759705,42.7687741527057,42.7584472310493,42.7455321496957,42.7297554480177,42.7109527695795,42.6892019391053,42.6650203315459,42.6396278494046,42.6152435662514,42.5953196906622,42.5845216956038,42.5881730231602,42.6108922648324,42.6544093279512,42.7151487944416,42.7829193592449,42.8423002293849,42.8773017044353,42.8776814349085,42.8434987137308,42.7850426126108,42.7181950761246,42.6581572250492,42.614910813591,42.5919368870077,42.5875550731582,42.5972997161593,42.6160367842993,42.6392711592846,42.6636730142406,42.6870923252922,42.7083330597958,42.7268692108751,42.7425938771215,42.7556315053058,42.7662119581646,42.7745932040651,42.7810177253431,42.7856901410998,42.7887669164859,42.7903520961245,42.7904953967909,42.7891907567465,42.786374728696,42.7819251158022,42.7756611979031,42.7673480174311,42.7567087582331,42.7434515036477,42.7273196865949,42.7081789335982,42.6861552292692,42.6618367757208,42.6365378388404,42.6125873389893,42.5935386392923,42.5841032580803,42.5895292560545,42.6141740477484,42.6593061977027,42.7207837181218,42.7879682644144,42.8453854972527,42.8775278905527,42.8750248040841,42.8388003052926,42.7796052935902,42.7132425964515,42.654456195679,42.6126859667287,42.5910107264348,42.5875615869852,42.5978578185477,42.616843457275,42.6401265263419,42.6644668756564,42.6877773044073,42.7088987885844,42.7273230976687,42.7429489400985,42.7558997111314,42.7664011427604,42.7747059881942,42.7810513398582,42.7856365232796,42.7886127682324,42.7900788115335,42.790078896296,42.7886013376152,42.7855770878315,42.7808787522533,42.7743214914683,42.7656684358296,42.7546448872384,42.7409679131196,42.7244009705447,42.7048464063045,42.6824903317176,42.6580105698552,42.6328420960563,42.609455824724,42.5915376598365,42.5838621920262,42.5915843003311,42.6187264046484,42.665958534339,42.7283968545173,42.7948086308139,42.8496315333365,42.8779699900183,42.8715877891567,42.8325591634482,42.7722810911808,42.7064990049274,42.649384992275,42.6096639000048,42.5898560999914,42.5878048416714,42.5989753752672,42.6183943528198,42.6417998669496,42.6660744330469,42.6892234068492,42.7101475727485,42.7283720400644,42.7438106759661,42.7565909729785,42.7669367441397,42.7750959290982,42.781299604743,42.7857406494287,42.7885636653889,42.7898605973493,42.7896686972471,42.787969123439,42.7846856936566,42.7796843321596,42.7727747768669,42.7637173761584,42.7522395517032,42.7380689203027,42.7209931023319,42.7009592194563,42.6782270133752,42.6535841391316,42.6286131529836,42.605957383924,42.5894608198732,42.5839665215723,42.5945011805864,42.6246601485948,42.674368709459,42.7378392807227,42.8031397913155,42.8546456010065,42.8782503887774,42.8671185828184,42.8247128084631,42.7631888304922,42.6981995257275,42.6432113924619,42.6060769466003,42.5886337096333,42.588367392529,42.6006689147104,42.6206593190434,42.6442332289897,42.6684247580371,42.691356755052,42.7120085058042,42.7299510503779,42.7451210576827,42.7576541734059,42.7677739541367,42.7757237042109,42.7817278098078,42.7859715780282,42.7885916485178,42.789671752747,42.7892407007868,42.7872710408926,42.7836780332004,42.7783196048844,42.7709990250837,42.7614733856676,42.7494728286594,42.7347379695186,42.7170859817098,42.696518468575,42.6733842499848,42.6486028382763,42.6239319680348,42.6022157651597,42.5874747845791,42.5846119478456,42.5984703041738,42.6321049718982,42.684540982669,42.7489425598945,42.8126235965337,42.8599906745426,42.8779542224044,42.8613449109772,42.8151971027343,42.7524601977653,42.6886001608012,42.6362261534156,42.6021789097044,42.5875222606621,42.5893455568834,42.6029644651289,42.6236138999843,42.6473712802582,42.6714472860739,42.6941023546612,42.7144087311583,42.7319928425591,42.7468197366604,42.7590360382383,42.7688660546194,42.7765483347112,42.7822998008147,42.7862970659588,42.7886675145745,42.7894852999187,42.7887694031753,42.7864823884666,42.7825296497076,42.7767599806654,42.7689694245558,42.7589118022964,42.7463212913346,42.7309550248298,42.7126666400981,42.6915239315685,42.6679825703708,42.6431180453067,42.6188915170017,42.5983734504769,42.5857704990668,42.5860198238584,42.6037016305114,42.6411949290815,42.696462246602,42.7615003142806,42.8228745291213,42.8651900622515,42.8766486664014,42.8540014404277,42.8039719226559,42.7402557196568,42.677981186112,42.628736186436,42.5982325703779,42.5867048838646,42.5908378315239,42.6058893227378,42.6272345298533,42.6511593214106,42.6750718260216,42.6973853353804,42.7172753174484,42.7344299299282,42.7488461070442,42.7606830265331,42.7701660686362,42.777528579306,42.7829791219331,42.7866844766593,42.7887615112895,42.7892734856316,42.7882282259219,42.7855770190593,42.7812142074826,42.7749785179155,42.7666583472075,42.756004778777,42.7427582016953,42.7266970794355,42.7077202538979,42.6859757945607,42.662046671073,42.6371906941243,42.6136009334599,42.5945955092501,42.5845650978253,42.5884348359171,42.6104159860863,42.6520528859663,42.7100823702162,42.7752508203467,42.8334522513533,42.8697346354727,42.8739031757194,42.8448554521544,42.7910430632054,42.7267767747077,42.6666481786268,42.6210573951962,42.5944985617383,42.586357711813,42.5929354217002,42.6094654070317,42.6314946502804,42.6555416333486,42.6792284783254,42.701131840645,42.7205366544933,42.7371962039241,42.7511408632072,42.7625427513621,42.7716279888114,42.7786239514335,42.7837298233628,42.7871013894629,42.7888437630463,42.7890080394071,42.787589623036,42.7845273162379,42.7797033641897,42.7729457313307,42.7640351523924,42.7527211721047,42.7387536152548,42.7219386541342,42.7022312621412,42.6798766356915,42.6556084611035,42.6308953744982,42.6081902236679,42.5910737822112,42.5841035679053,42.5921216170009,42.6188346262616,42.664773305251,42.7252942487627,42.7898616931008,42.8438583061935,42.8730942966517,42.8693115284511,42.8337306637369,42.7764796001339,42.7122726798249,42.6549297712747,42.6135066568679,42.5912253657049,42.5866405863535,42.5957150117188,42.6137044215418,42.6363620023902,42.6604604049225,42.6838476783346,42.7052697439279,42.7241235089594,42.740228099695,42.7536471303652,42.7645649925253,42.7732076311256,42.7797953991939,42.7845169672166,42.7875159383949,42.788884452387,42.7886602086911,42.786824982609,42.7833039794854,42.7779664663179,42.770629240489,42.7610658574914,42.7490263428569,42.7342744663494,42.7166523849103,42.6961847257281,42.6732338380171,42.6487107202581,42.6243251435668,42.6028155721636,42.5880311713242,42.5846596169491,42.5973594593417,42.6291661857863,42.6794029386192,42.7419139672171,42.8049178986454,42.8535384732191,42.8747346625687,42.8625157298782,42.8205285913447,42.7604259993333,42.6970424176989,42.6431720018832,42.6063929514563,42.5886404412121,42.5876898719446,42.5992337423524,42.6186048092139,42.6417971220074,42.6658553044787,42.6888604500755,42.709729284443,42.7279698294179,42.7434654292149,42.7563112379287,42.7667023600199,42.7748631634093,42.7810056892176,42.7853068657607,42.7878969080359,42.7888537786705,42.7882005869898,42.7859043341272,42.7818756270116,42.7759700764812,42.7679932722128,42.7577126995096,42.7448819083862,42.729284707917,42.7108098139848,42.6895680888431,42.6660626316702,42.641411578915,42.6175971944181,42.5976652098122,42.5857257082366,42.5865350585832,42.6044341987423,42.6415902267451,42.6959192903887,42.7596619006848,42.8199145767971,42.8618920654861,42.8741392794069,42.8532310930955,42.8052464458662,42.7431083681299,42.6814310181774,42.6317296316534,42.6000080138136,42.5869426570461,42.5896133424312,42.603526250958,42.6241503433529,42.6477529212719,42.6716636381518,42.6941988659237,42.7144436539601,42.7320133524631,42.7468519410446,42.7590831940078,42.7689106614138,42.7765553543414,42.7822195323171,42.7860670820702,42.7882136091163,42.7887217096607,42.787598744592,42.784795866267,42.780208218306,42.7736773359639,42.7649980271879,42.7539336136719,42.7402455025486,42.7237455981775,42.7043825285571,42.6823735432087,42.6583900079842,42.6337900548523,42.6108595124097,42.592965729315,42.5844539072982,42.5900568282202,42.6136262322006,42.6562367200381,42.7142071300433,42.7781460843765,42.83425638992,42.8682891557165,42.8708369940158,42.8412711709499,42.7879903296668,42.724834447186,42.6658210095187,42.6209551709408,42.5946170935987,42.5862962658693,42.5924870760606,42.6086035519943,42.6303101056094,42.6541751575135,42.6778209699806,42.6997966556855,42.7193495284961,42.736196034582,42.750335646817,42.7619169058827,42.7711490161601,42.7782475806178,42.7834034814249,42.7867662157161,42.7884355485349,42.7884575332664,42.7868226626003,42.7834652511768,42.778264290829,42.7710471604615,42.7615989203122,42.7496816613464,42.7350706117761,42.7176162577895,42.6973438377991,42.674601253036,42.6502598021365,42.625952905349,42.6042986025556,42.5889885818005,42.5845526596186,42.595570482255,42.6251935342449,42.6731610348927,42.7340338907446,42.796849756953,42.8472652584536,42.8720962700522,42.8644333729679,42.8265707108032,42.7689824766123,42.7059872548568,42.650619714618,42.6111865737869,42.590450477795,42.5868266324071,42.596354238177,42.614453480978,42.6370395580119,42.6610035552157,42.6842620506313,42.7055898852349,42.7243875194326,42.7404643189192,42.7538689419824,42.7647701807918,42.7733797505259,42.7799056208627,42.7845256229551,42.7873734861804,42.7885318979243,42.7880292056294,42.7858379601503,42.7818747617135,42.7760019986501,42.7680332654909,42.7577457106868,42.7449044574965,42.7293065904764,42.7108546724244,42.6896712472548,42.6662637749524,42.6417393016516,42.6180430573238,42.5981482687019,42.5860562450912,42.5863985755133,42.60342872639,42.6393485081886,42.6923144265427,42.7550255236057,42.8151255648347,42.8581983105307,42.872710439262,42.8546443126375,42.8092044826394,42.7485614648441,42.6870126904763,42.6362434604331,42.6027346537748,42.5876963835632,42.588617842017,42.6012255624801,42.6210423881978,42.6442824024712,42.6681733439923,42.6909219007506,42.7115176223083,42.7295025132463,42.74476923818,42.7574085386046,42.767604530444,42.7755680951216,42.781497252678,42.7855550701881,42.7878581139211,42.7884707521057,42.7874024793256,42.7846068931406,42.7799821584093,42.7733739348341,42.764583018666,42.7533815490088,42.739543676296,42.7228990092101,42.7034193911987,42.6813500863558,42.6573921070051,42.6329278026237,42.6102498475202,42.5926992351467,42.5845471830212,42.590403218709,42.6139731983332,42.6562276304552,42.7135106903749,42.7766452970033,42.8321994356359,42.8662775728223,42.8696006372696,42.8413292768213,42.789399736698,42.7271747131911,42.6684018336225,42.6230999726198,42.5958712471077,42.5864957014197,42.5917121988764,42.6070812795045,42.6283177557584,42.6519729356407,42.6756169974398,42.697736913121,42.7175225173949,42.7346438717882,42.7490663519718,42.7609152213728,42.7703847938631,42.7776816969045,42.7829916581609,42.786461255326,42.788188486192,42.7882181552993,42.7865397819656,42.7830870906752,42.7777393143908,42.770325717652,42.760636125689,42.7484419971164,42.7335347647165,42.7157905703378,42.6952722835394,42.672378776617,42.6480439202428,42.6239675824139,42.6028211967091,42.5883090673925,42.5848981673834,42.5970020927845,42.6275074639527,42.6758532370173,42.7363906760273,42.7981791048558,42.8471874585873,42.8707322629372,42.8623545796253,42.8245210075307,42.7675402063918,42.7053631034196,42.6506690829525,42.6115703177143,42.5908190192739,42.5869388893685,42.5961114978407,42.6138741917112,42.6362114163203,42.6600386361093,42.6832659898677,42.70464586254,42.7235512421751,42.7397654702226,42.7533155148126,42.7643534307044,42.773078582166,42.7796899438269,42.7843586275076,42.7872129997072,42.7883310766811,42.7877368547778,42.7853987983134,42.7812299811778,42.775090538321,42.7667943235034,42.7561231774248,42.7428541209811,42.726807075075,42.7079229473194,42.6863828751959,42.6627763996724,42.6383146568868,42.6150577559058,42.5960775988064,42.5854112990521,42.5876017624425,42.6066345688211,42.6442591047319,42.6980876315058,42.7603878081887,42.8187319905578,42.8591290792774,42.8708534324443,42.8507276677409,42.804448177785,42.7441600009551,42.6837381956029,42.6343276102286,42.6019917283895,42.5877436101674,42.5890651246952,42.6017798467023,42.6215335708873,42.6446430777328,42.6684027639473,42.6910524283706,42.7115907418295,42.7295547449827,42.7448255559632,42.7574804689834,42.7676906688252,42.7756555368091,42.781563085458,42.7855675335492,42.7877773235124,42.7882490690673,42.7869847228568,42.783930692227,42.7789788483693,42.771970553526,42.7627061644101,42.7509641268492,42.7365358378058,42.7192847556503,42.6992400848135,42.6767350046554,42.652593439037,42.6283522970747,42.6064713699595,42.5904273303054,42.5845218072006,42.5931957408595,42.6197112763425,42.6643290927997,42.7225811717512,42.7846996657405,42.8372416107704,42.8670393023883,42.8660591079228,42.8346896623136,42.7815473880168,42.7199264125678,42.6629531497736,42.6198638191977,42.5946425099812,42.5867485689563,42.5928636371127,42.6086477370141,42.6299695539488,42.653523896467,42.6769867992411,42.698910456355,42.7185173677324,42.7354882951634,42.7497864139089,42.7615282507276,42.7708967135854,42.7780863775835,42.7832711142108,42.7865860283439,42.7881179321516,42.7879006091657,42.7859127634294,42.7820778841354,42.7762664460873,42.7683020975001,42.7579749422228,42.745066841053,42.7293958312344,42.7108889395558,42.689693762248,42.6663368376719,42.6419268135468,42.6183766430938,42.5985757557168,42.5863814321162,42.5862391852628,42.6022399277403,42.6365650318228,42.6876277033838,42.7487183407474,42.8082729389443,42.8525149274485,42.8699811488978,42.8559660104167,42.8144636226488,42.7564612394389,42.6956115537757,42.6436690635341,42.6077125728294,42.5897300009939,42.5878732766542,42.5982769957946,42.6166170191261,42.639077737,42.6627598909002,42.6857125931818,42.7067773595038,42.7253757211679,42.7413112963873,42.7546138214306,42.7654283885842,42.7739426088117,42.7803416957125,42.7847823470025,42.7873783853277,42.7881932872726,42.7872365811968,42.7844625931672,42.7797712817485,42.7730120990368,42.7639931321852,42.7524993820897,42.7383260073058,42.7213345641717,42.7015420772865,42.6792525995666,42.655235654378,42.6309405526963,42.6087038361547,42.5918554217949,42.584565587951,42.5912340439539,42.6152745957334,42.6573815517505,42.713798460453,42.7755691872822,42.8298114128966,42.8632940411619,42.8671571105913,42.8404615451358,42.7905509837598,42.7300200124018,42.6720537734613,42.6265189172486,42.5982348823542,42.5873822778561,42.5910938196786,42.605206015298,42.6255664294214,42.6487437082348,42.6722550366611,42.6945041478002,42.7145943328148,42.732119999171,42.746986849374,42.7592762671942,42.7691518557045,42.7767993769839,42.7823904191438,42.7860616141889,42.7879033735875,42.7879541311462,42.7861977656049,42.7825632561974,42.7769268462278,42.7691182303405,42.7589337170168,42.7461610806559,42.7306229018751,42.7122472643443,42.6911757161704,42.6679162001558,42.6435392609335,42.6198935795483,42.5997762943802,42.5869353451092,42.5857237754613,42.6002198197624,42.6327534411474,42.6821076652757,42.7421355901002,42.8018578750133,42.8478183820675,42.8683551368858,42.8580146744128,42.8197673405074,42.7637366171769,42.7032057541185,42.6501108810905,42.6120716353773,42.5916995524417,42.5876439896389,42.5963265836267,42.6135158861563,42.635357340273,42.6588473108296,42.6819139336421,42.7032889727535,42.7223068831426,42.7387083575284,42.752481034961,42.7637438892789,42.7726697116053,42.7794363666768,42.7841978375921,42.7870679179446,42.7881115028155,42.787340285068,42.7847111932743,42.7801272034085,42.7734413778715,42.7644663091617,42.7529927278091,42.7388229473418,42.7218269160778,42.7020302994424,42.6797436937574,42.6557367897584,42.631446289772,42.6091758415691,42.5921969778466,42.5845999939416,42.5907052790824,42.6138950346225,42.6549441613506,42.7103384953356,42.7715066224035,42.8259648853359,42.8606850243776,42.8666403478532,42.8423562993268,42.7944836681475,42.7350685963071,42.677099301674,42.6306082353929,42.6007988945324,42.5882699769822,42.5904764127511,42.6034341931684,42.623043119168,42.6458394455676,42.6692664795791,42.691643974703,42.7119989898779,42.7298648469605,42.7451023142909,42.7577618680816,42.7679870578903,42.7759513297461,42.7818190997341,42.7857230196909,42.787751360985,42.7879414135811,42.7862764820363,42.7826854644598,42.7770452510293,42.7691874429149,42.7589123364989,42.7460148582095,42.7303291436161,42.711800364941,42.6905931829313,42.6672436286729,42.6428514691796,42.6192878176217,42.5993530308557,42.586764262922,42.5857993007675,42.6004223089891,42.6328448166346,42.6817921568754,42.7411923369276,42.8003001370298,42.8459833649924,42.8668332705654,42.8574155063075,42.8204390838967,42.7656032577598,42.7058093645816,42.6528128176217,42.6142856093392,42.5930472216793,42.587996912378,42.5957615533104,42.6122333351892,42.6336029105887,42.6568561469832,42.6798805410281,42.7013569720648,42.7205709616461,42.7372219913166,42.7512657585888,42.7627978353761,42.7719744790085,42.7789620478996,42.7839064141199,42.7869153776179,42.7880490647735,42.787315107216,42.7846669261024,42.7800047636123,42.7731803545809,42.7640074825275,42.7522822559498,42.7378188169044,42.7205081611801,42.7004091140281,42.677879660215,42.6537507592846,42.6295288486112,42.6075821555179,42.5912175871968,42.5844989015984,42.5916266656918,42.6157606448854,42.657389617005,42.7127500661223,42.7731937616168,42.8264280842299,42.8598507851087,42.8649139437541,42.8404374059806,42.7930448850394,42.7344840934036,42.6773581515205,42.6314125982531,42.6017473158249,42.5890176341926,42.5908176540723,42.6033099100765,42.6225039617109,42.6449965755147,42.6682494580438,42.6905729005237,42.7109702065812,42.7289464070051,42.744335135464,42.7571634637114,42.7675558701272,42.7756706231167,42.781659993128,42.7856466013315,42.7877100288097,42.7878796889271,42.7861316132299,42.7823882063736,42.7765213009756,42.7683601446263,42.7577074285835,42.7443682084869,42.7281984902663,42.7091819050869,42.6875431085443,42.6639029732495,42.639469423866,42.6162338302226,42.597102374335,42.5858383337346,42.5866465709601,42.6032460460229,42.6374223015837,42.6873746496182,42.7465903363784,42.8042016810954,42.8474195424951,42.8655709909171,42.8540472731894,42.81610363802,42.761499524637,42.7027744085581,42.6511486337946,42.6138389393812,42.5934202588656,42.5887545884073,42.5965616301343,42.6128713422918,42.6339993601968,42.657018740476,42.6798642798695,42.7012330503525,42.7204068490858,42.7370709295949,42.7511626731031,42.7627589282805,42.7719985256655,42.7790321732545,42.7839917070894,42.7869720986176,42.788021461026,42.7871360298354,42.7842585922646,42.7792801654713,42.7720460113364,42.7623684747957,42.7500507555777,42.7349275593954,42.7169303327113,42.696185614805,42.6731531280536,42.6488023811616,42.624808222708,42.6037124603919,42.5889503912058,42.5845912406892,42.5946277907065,42.6217370087801,42.665681433902,42.7219094315415,42.7812417196713,42.8314366636085,42.8606424098484,42.8615250888764,42.8340738592427,42.7855491220849,42.7276219573039,42.6722895802503,42.6285305254281,42.6008313543956,42.5895242776717,42.5921453506591,42.6049620251207,42.6241483626406,42.6464565900391,42.6694640233984,42.6915519177604,42.7117578156134,42.7295956554171,42.7448928100422,42.7576622787126,42.7680112505691,42.7760799676319,42.7820030251481,42.7858860190318,42.7877921096884,42.7877348287904,42.7856750350043,42.7815213131968,42.7751344128291,42.7663376758702,42.7549369353445,42.7407551065257,42.7236884610564,42.7037927430832,42.6814064353875,42.6573129907074,42.6329297164415,42.6104836982312,42.5930927492855,42.5846195787781,42.5891377802738,42.609892709984,42.6478234425436,42.7000500670154,42.7590981038304,42.813721721274,42.8516725709159,42.8636732525666,42.8468404477578,42.8057634764924,42.7506504755514,42.693592558282,42.6448495222214,42.6106481897881,42.5928680413562,42.5900583143809,42.5989301072851,42.615672659943,42.6368110739825,42.6596067879741,42.6821329358081,42.7031726817685,42.7220516915849,42.738469740996,42.7523605888672,42.7637874279766,42.7728705591526,42.7797401958869,42.7845071386947,42.7872453664877,42.787982286359,42.7866940089854,42.7833044664733,42.7776885213314,42.7696805523003,42.7590914688218,42.7457387603509,42.729495917635,42.7103688981652,42.6886071140863,42.6648525246719,42.6403193524839,42.6169744071083,42.5976511164721,42.5859832126546,42.5860066924319,42.6012953505692,42.6336273486786,42.6814642815103,42.7388888853306,42.7958494695729,42.8402656703803,42.8616472488532,42.8547958981785,42.8217486397227,42.7709145203129,42.713907193156,42.6617444245635,42.6220950640759,42.5983324162994,42.5901278435093,42.5948045563963,42.6087222265365,42.628288983574,42.6505128735109,42.6731848237977,42.69483670383,42.7145973342052,42.7320260033326,42.7469640781093,42.7594191654738,42.7694821229746,42.7772712466662,42.7828965987256,42.7864382132323,42.7879334433627,42.7873703334615,42.7846853937371,42.7797655237597,42.7724551698123,42.7625712270546,42.7499297817339,42.7343904634185,42.7159255736875,42.6947213464351,42.6713158420077,42.6467690668732,42.6228419803858,42.6021288624667,42.588043967634,42.5845233232216,42.5953020836212,42.6227227833641,42.6662652697885,42.7213302324317,42.7790676647282,42.827910390902,42.8567566752605,42.8586983252565,42.8335462604714,42.7878274074166,42.7322792476963,42.6781903548341,42.6343008143204,42.6053102388279,42.5920220544128,42.5924808335215,42.6033508444041,42.621037120387,42.6423716744485,42.664905933182,42.6869377117373,42.7074005914491,42.725706980171,42.7415963983441,42.7550110883972,42.7660036187679,42.7746728459891,42.7811218466708,42.7854315115207,42.7876447366087,42.7877576968097,42.7857161958871,42.7814164876477,42.7747113142332,42.765423312939,42.7533694748313,42.7384019530998,42.7204719133875,42.6997235012698,42.6766227860805,42.6521190677574,42.62781959983,42.6061303258057,42.5902753420005,42.5840678552258,42.5912954007262,42.6146516269647,42.654343275908,42.7068113784979,42.7642861400678,42.8158709466241,42.8502942819441,42.859506181484,42.8415345215267,42.8011505921353,42.7480097131782,42.6932788092447,42.6463836120224,42.6131007733153,42.5952813937026,42.5917293918121,42.5995101263792,42.6151294556616,42.6353271912193,42.6574709983789,42.6796553019777,42.7006310185223,42.7196650863788,42.7363907058044,42.7506778247142,42.7625332796952,42.7720294696469,42.7792562279672,42.7842898257198,42.7871738977113,42.7879084933081,42.7864449400223,42.7826856248488,42.7764891654243,42.767682841216,42.7560856499031,42.7415469107419,42.7240066879506,42.7035847489387,42.6807028861966,42.6562388322411,42.6316954089033,42.6093428792173,42.5922558675982,42.5841279372325,42.588732601505,42.6089532781227,42.6454721745337,42.6954883185156,42.7521143149688,42.8051394456934,42.8434105878443,42.8582203257502,42.8462967362725,42.8109296816505,42.7606640855405,42.7062773393556,42.6575284260901,42.6209789400072,42.5993667136367,42.5922210149506,42.5970568421616,42.6105629744413,42.6294681173529,42.6510194602744,42.6731497153948,42.6944502258521,42.714052207467,42.7314839165363,42.7465397834198,42.7591755734728,42.7694312222611,42.7773773879217,42.7830801699674,42.7865788465872,42.787872689502,42.7869143362834,42.7836086127609,42.7778170762964,42.7693699486969,42.7580885764839,42.7438230564456,42.7265109407425,42.7062633290623,42.6834828525106,42.6590118658579,42.6342956049698,42.6115213151642,42.5936604989009,42.5843056485571,42.5871779146928,42.6052276642485,42.6393981014596,42.6873764331197,42.7429228431318,42.796433196833,42.8370357383453,42.8557529040311,42.8484840112687,42.8173970883532,42.7700383308949,42.7166536350127,42.6670458525291,42.6282626533414,42.6037164717469,42.5935656425712,42.5957732185424,42.6072635133469,42.6248243465598,42.6456470894891,42.6675517287955,42.6890019406815,42.7090108830609,42.7270093435994,42.742717221551,42.7560364992925,42.7669700965818,42.7755642163237,42.7818693781613,42.7859152528842,42.7876953690122,42.78715907988,42.7842095641315,42.7787080122563,42.7704855508015,42.7593659036435,42.7452032298364,42.727940745304,42.7076959806649,42.6848765892032,42.660324442969,42.6354726103434,42.612477238126,42.5942547436831,42.5843219796884,42.5863243458459,42.6031801781475,42.6359069800238,42.6824286587263,42.7369080069838,42.7902160534404,42.8318389575385,42.8528303249904,42.8486922997156,42.8208640686977,42.7760967550864,42.7240678520854,42.674407120461,42.6343691059968,42.6078042989086,42.5953585804333,42.5953970983699,42.6051007670286,42.6213704147901,42.641401978105,42.6629546823894,42.6844025477745,42.704664881697,42.723088091155,42.7393227478371,42.7532171930829,42.7647345125981,42.7738920806123,42.7807197705368,42.7852323823523,42.7874125269455,42.7872013925228,42.7844961526307,42.7791541446049,42.7710053432036,42.7598760779797,42.7456283092712,42.7282197913735,42.7077904387296,42.6847779197742,42.6600589691529,42.635099646425,42.6120757820428,42.593895138667,42.5840237120555,42.5860106243632,42.6026523365533,42.6348699080005,42.6805902916185,42.73414187771,42.7867235396604,42.8282107629469,42.8499285810593,42.8473664047287,42.8216227650652,42.7789010371507,42.728344261372,42.6792567032557,42.6388545508473,42.6111887542309,42.5972264483434,42.5956564575597,42.603909346909,42.6190346475933,42.6382848581631,42.6594091836159,42.6807328164676,42.7011098043505,42.7198196656634,42.7364525166868,42.7508058985816,42.7628020237015,42.7724260937283,42.7796827489255,42.7845667703676,42.7870445890087,42.7870441955095,42.7844523128962,42.7791190409251,42.7708715650861,42.7595399105265,42.7449989840608,42.7272319389298,42.7064194900699,42.683056924875,42.6580932998593,42.6330734738809,42.6102418116242,42.5925385568621,42.5833953433506,42.5862356046933,42.6036392103284,42.6362644367924,42.6818235084215,42.7345956382213,42.7859756826255,42.8262539412823,42.8472354939268,42.8447374223975,42.8198742212967,42.7785490536374,42.7294364524845,42.6814086705677,42.6414360209354,42.6135489341467,42.5988650713749,42.5963013702373,42.6035109253798,42.6177110678756,42.6362523962864,42.6569201690633,42.6780310359255,42.69840412692,42.7172721874817,42.7341763572054,42.7488683662664,42.7612300642398,42.7712121183771,42.7787898748806,42.7839331604472,42.7865870142301,42.7866612403217,42.7840278653252,42.7785268991889,42.769982155254,42.7582302101222,42.7431666897911,42.724814534266,42.7034179117763,42.6795617032377,42.6543081417826,42.6293274162916,42.6069772590626,42.5902610330598,42.5825753846699,42.5871679260308,42.6062899727011,42.6401667212391,42.6860951103126,42.7381279714912,42.7877684389271,42.8257752782832,42.8446363320235,42.8407972258632,42.8156929664676,42.7751375700197,42.7273986401136,42.6808339867886,42.6419957781123,42.6147016929132,42.6000625252887,42.5971263798906,42.603731608269,42.6172699291896,42.6352209635172,42.6554450684261,42.6762870964824,42.6965606278188,42.7154722793537,42.7325268694029,42.7474365738667,42.7600444557903,42.7702650475296,42.778040816058,42.7833119792907,42.7859971952593,42.7859834265539,42.7831244044759,42.7772483876975,42.768177218448,42.7557598941159,42.7399247318277,42.7207541895783,42.6985846144361,42.6741282532999,42.6486051118828,42.6238563552343,42.6023894601875,42.5872832883491,42.5818711432269,42.5891424798479,42.6108820908516,42.6467062214025,42.6933221888534,42.7444367629544,42.7916445103614,42.8262798098315,42.8417248093989,42.8353128409908,42.8090328056728,42.7687550964538,42.7223694199164,42.677643004191,42.6405692614146,42.6145977851743,42.6007023066312,42.5979773957397,42.6044090334545,42.6175624460498,42.6350677133172,42.6548910180185,42.6754362815453,42.6955374657365,42.714394132493,42.7314870341163,42.7464952435733,42.7592250181877,42.7695535662078,42.7773872487174,42.7826323730606,42.785176700027,42.7848804799283,42.7815768890337,42.7750829512257,42.7652232489566,42.7518697532878,42.7350015766636,42.7147877392061,42.6916931343439,42.666601426417,42.6409372220669,42.6167529999713,42.5967260229585,42.5839938939705,42.5817586624421,42.5926280970381,42.6177549610915,42.6559744135047,42.703275822658,42.7529827356986,42.796856937343,42.8269801294843,42.8378466859136,42.8278815677406,42.7997705082129,42.7595007215652,42.7145650357938,42.6720616549854,42.6373154616045,42.6132952021953,42.6007438026501,42.5987394158356,42.6053851755242,42.6184159133387,42.6356257005888,42.6551084954191,42.6753507111906,42.6952272662277,42.7139463588599,42.730975052599,42.745964879896,42.7586869657388,42.7689800259785,42.776711335696,42.7817494884986,42.7839477159362,42.7831371760009,42.7791306153774,42.7717379403193,42.7607962932139,42.7462179409156,42.7280591629671,42.7066116255192,42.682513368971,42.656868291271,42.6313500115471,42.608248896842,42.5904037978858,42.5809519203461,42.5828461934,42.5981459085693,42.6271894839574,42.6678862598441,42.715455531665,42.762908197116,42.8023510679197,42.826839641794,42.8321822328618,42.8180203098182,42.7877728549186,42.7475129299284,42.7042696400946,42.6643940553401,42.6324667441814,42.6109089573311,42.6001796766398,42.5993040046339,42.6064828453616,42.6196164847991,42.6366699561705,42.6558782407101,42.675825433312,42.6954414060643,42.7139540000287,42.7308239256236,42.745678938225,42.7582557834618,42.7683532321289,42.7757967470929,42.7804142385177,42.7820223525586,42.7804233523364,42.7754135767612,42.7668054566562,42.7544658589901,42.7383737297243,42.7186990157424,42.6959018114573,42.67084455584,42.6449000060479,42.6200236526768,42.5987434638146,42.5840084538495,42.5788414938156,42.5857750173146,42.6061209424711,42.6392316590929,42.6820109184104,42.7289658755133,42.7729875636193,42.8067946634906,42.8246631241161,42.8238616722367,42.8052681990282,42.7729595345305,42.7329827462391,42.6918040983867,42.6549616204978,42.626255056555,42.6075380873185,42.5989719714887,42.5995175478022,42.6074653690273,42.6208775552932,42.6378912965604,42.6568875382457,42.6765549156448,42.6958851889564,42.7141314755169,42.7307517192293,42.7453512771605,42.7576319835763,42.7673508536304,42.7742893388086,42.7782332003021,42.7789631322711,42.7762568609537,42.7699042656987,42.7597378269485,42.7456810492509,42.7278169314778,42.7064763579135,42.6823415917665,42.6565520466757,42.6307879602383,42.6072938142536,42.5887914905371,42.5782312153252,42.578347553371,42.591038346594,42.6166670372352,42.6534828324287,42.6974123269379,42.7424417539922,42.7816468832827,42.8086721268663,42.819225761905,42.8120851555451,42.789264846967,42.755325471526,42.7161230676322,42.6774560021372,42.6440110549607,42.618813531297,42.6031720921249,42.5969695710696,42.5991116104108,42.6079787479013,42.6217910448418,42.6388535744131,42.6576905024876,42.6770940050399,42.6961177728484,42.7140403777104,42.7303166344642,42.7445283330887,42.7563405941585,42.7654668182077,42.7716434721716,42.7746153651655,42.7741322133921,42.7699578387782,42.7618939736994,42.7498210064029,42.7337576476671,42.71393982686,42.6909153969647,42.6656447236614,42.6395876461042,42.614745451211,42.5936153511017,42.5790104630187,42.5737093038696,42.579934458623,42.5987236619946,42.6293368621247,42.6689082118803,42.7125555830936,42.7540636882206,42.7870649272253,42.8064238040035,42.809398504256,42.7961964876073,42.7697580547446,42.7348886080474,42.6970738240753,42.6613615952887,42.6315890218292,42.6100546885022,42.5975786729164,42.5938078301226,42.5976143260576,42.6074731510068,42.6217565754408,42.6389279255784,42.657644966251,42.6767954278951,42.6954887421667,42.7130240773114,42.7288490936652,42.7425186108342,42.7536584654881,42.7619373683497,42.7670483196272,42.7687007824386,42.7666250054762,42.7605903005558,42.7504393670234,42.7361404905707,42.7178580943679,42.6960390484258,42.6715067259957,42.6455467275396,42.6199580363079,42.5970333300203,42.579426826453,42.5698743646697,42.5707561075131,42.5835413795436,42.608221673547,42.6429000303977,42.683727033092,42.7253202779166,42.7616662482467,42.7873197146914,42.7985681325141,42.7942016249231,42.775653901091,42.7465039564752,42.7115449073822,42.6757375064902,42.6433401913972,42.6173852242623,42.5995255987977,42.5901709406135,42.5887864097779,42.5942370711089,42.6050965997142,42.6198803573002,42.6371950908981,42.6558165740454,42.6747141791442,42.6930415949715,42.7101094723389,42.7253513519016,42.7382902677578,42.7485105151659,42.755637286095,42.7593260272379,42.7592631806438,42.7551801129187,42.7468821796106,42.7342946037661,42.7175256846903,42.6969452341446,42.6732715244463,42.6476531514218,42.6217234880298,42.5975965568948,42.5777677867519,42.564886797483,42.5613884148929,42.5690065316294,42.5882499235417,42.6179745426526,42.6552160878941,42.6954199867363,42.7331090532571,42.7628819587493,42.780495408506,42.7837203594222,42.772720359746,42.7498606694376,42.719047679247,42.684833698195,42.6515527617674,42.6226864779453,42.6005442918597,42.5862356082474,42.5798463804673,42.5807158472107,42.5877263032622,42.5995506588882,42.6148337323196,42.6323058812158,42.6508401746996,42.6694688177726,42.6873740117239,42.7038655585848,42.7183541196155,42.7303261024414,42.7393240568004,42.7449352193345,42.746790290012,42.7445743817061,42.7380520382772,42.7271078846893,42.7118034069363,42.6924480604722,42.6696789070496,42.6445370468376,42.6185215912535,42.593594213666,42.5721023263511,42.5565911386456,42.5494894255299,42.5526843178827,42.5670450142544,42.5920031887185,42.6253285620178,42.6632273411852,42.7008239642392,42.7329718481939,42.7552154807859,42.7646499262583,42.7604378173639,42.7438504646871,42.7178543823247,42.6863998501595,42.6536313167768,42.6232180337292,42.5979239402224,42.5794421653734,42.5684476322318,42.5647867017032,42.5677220710874,42.5761708350041,42.5888996631299,42.6046638871249,42.6222927998012,42.6407315236634,42.6590522495828,42.6764467549024,42.6922097660828,42.7057201701378,42.716424949854,42.723829247063,42.7274951120112,42.7270510907575,42.7222145598386,42.7128282904268,42.6989117027208,42.680725208382,42.6588425291218,42.6342207280773,42.6082511966888,42.5827681729733,42.5599869117393,42.5423450213154,42.5322319371617,42.5316160314214,42.5416154460706,42.5620994735,42.5914366001677,42.6265037462947,42.6630248011376,42.6962182305227,42.7216293753021,42.7359454949478,42.7375794042485,42.7268728603695,42.705889193762,42.6778865349514,42.6466404217125,42.6157950661601,42.5883757337891,42.5665208178228,42.5514233735123,42.5434280421105,42.5422146206209,42.547007001594,42.5567648049404,42.5703352590863,42.5865591384724,42.6043349205461,42.6226502991935,42.6405913428148,42.6573385759563,42.6721573959848,42.6843883377015,42.6934411814826,42.6987958770175,42.7000126403878,42.6967531642799,42.6888143567507,42.6761750248956,42.6590540475412,42.6379754830383,42.6138315741328,42.5879290080264,42.561998057752,42.5381403496156,42.5186919485124,42.5059876587797,42.5020324071941,42.5081157188894,42.524439706607,42.5498576917283,42.5818241097337,42.616624478601,42.6498866328555,42.6772884566427,42.6953047359138,42.7018092435632,42.6963838664448,42.6802731523795,42.6560256716336,42.6269431133235,42.5964883534392,42.5677832323357,42.5432738865556,42.5245818075976,42.5125126367373,42.5071709374577,42.5081262330549,42.514586139021,42.5255482824303,42.5399178229955,42.5565886648382,42.574493187646,42.5926282588147,42.6100656604922,42.6259540738286,42.6395183005683,42.6500600118897,42.656963238733,42.6597070760505,42.6578875277071,42.6512498213114,42.6397315514333,42.6235153136834,42.6030867642189,42.5792901472873,42.5533685153701,42.5269709687224,42.5021059161994,42.4810200563151,42.4659902936024,42.4590322015221,42.461553569717,42.4740105433806,42.4956476023122,42.5244088638587,42.5570865054453,42.589720542284,42.6181941411866,42.6389036267714,42.649349100461,42.6485069168615,42.6369060188388,42.6164135270965,42.5898095459075,42.5602719317069,42.5308906752064,42.5042977534338,42.4824505116572,42.4665630541097,42.457151780718,42.4541504860097,42.4570535450122,42.4650564346549,42.4771755131295,42.4923399193261,42.5094560747071,42.5274495096209,42.5452903328448,42.5620085810229,42.576704777069,42.5885598981558,42.596847944173,42.6009535198753,42.6003962374883,42.5948631233824,42.5842493002825,42.5687057084414,42.5486902580989,42.5250154603464,42.4988814738,42.4718793520376,42.4459464646676,42.4232566135425,42.4060335610058,42.3962902208137,42.3955164283524,42.4043625606624,42.4223870905968,42.4479436724385,42.4782688247421,42.5097919928762,42.5386330949026,42.5611959023889,42.57473022259,42.577737647265,42.5701363209528,42.5531654899735,42.5290767152618,42.5007033519626,42.4710119887238,42.4427216113554,42.4180407664697,42.3985349538916,42.3851071661751,42.3780587746374,42.3771949563796,42.3819444667871,42.3914730457053,42.4047793779389,42.4207701817469,42.438315970133,42.4562915491835,42.4736060473416,42.4892269408101,42.5022017545084,42.5116802706317,42.5169393549786,42.5174119236131,42.5127209897906,42.5027189296679,42.487530819621,42.4675986936956,42.4437207491019,42.4170760698581,42.3892219550903,42.3620485857825,42.3376762119572,42.3182851657944,42.305880197958,42.3020077846485,42.3074655030303,42.3220606614866,42.344483316702,42.3723493250124,42.402439182907,42.4311127344401,42.4548310526471,42.4706819124176,42.4767984200702,42.4725859013669,42.4587218445322,42.4369501385648,42.4097352961554,42.3798626357255,42.3500648154936,42.3227310188683,42.2997239873384,42.282302375281,42.2711276392966,42.2663271389344,42.267586165353,42.2742476596754,42.2854060591033,42.299988680021,42.3168231675488,42.334692601609,42.3523811959372,42.3687137183711,42.3825913431529,42.3930260292204,42.3991749372106,42.4003759162653,42.3961846313094,42.3864132816119,42.3711698516722,42.3508952263535,42.3263932013778,42.2988455737578,42.2698016162894,42.2411292905193,42.2149159162868,42.1933102374883,42.1783070596672,42.1714898489607,42.1737638212774,42.1851276678217,42.2045399371333,42.2299301676065,42.2583821539028,42.2864799976152,42.3107660825145,42.3282271613501,42.3367126297175,42.3352034165205,42.3238866681232,42.3040382353279,42.2777566659765,42.2476171560112,42.2163174304788,42.1863732697455,42.1598975755853,42.1384723514943,42.123104123237,42.1142428124748,42.1118413598507,42.1154361123015,42.1242333583546,42.1371931431548,42.1531062374728,42.1706633324881,42.188517242492,42.2053394910344,42.2198725855337,42.2309789406714,42.2376870464914,42.2392351931318,42.2351128197756,42.2250992029089,42.2092985334677,42.1881692598737,42.1625437993168,42.1336324529825,42.1030030239885,42.0725260312658,42.0442756861736,42.0203802327793,42.0028228206104,41.9932058058507,41.9925056875628,42.0008592823465,42.0174292390275,42.0403935620652,42.0670865965756,42.0942894230072,42.1186324998573,42.137043090252,42.1471549655567,42.1476041517889,42.1381607886674,42.1196851397849,42.0939334326946,42.0632657818788,42.0303183238566,41.9976955146574,41.9677216706753,41.9422703758636,41.9226723709666,41.909690410095,41.9035439958611,41.9039666331322,41.9102811903974,41.9214831165419,41.9363251896705,41.9534004260556,41.9712215787376,41.9882964963624,42.0031988370279,42.0146335811171,42.0214967088783,42.0229284166694,42.0183593196532,42.0075490991342,41.9906168081758,41.9680613601754,41.9407694861217,41.9100067296876,41.8773851962128,41.8448004467147,41.8143300884345,41.7880893332615,41.7680449085606,41.755798293664,41.752361124796,41.7579570154576,41.7718909778412,41.7925259208607,41.8173926905236,41.8434364423782,41.8673725727973,41.8860980727663,41.8970877772228,41.8987055543979,41.8903785391391,41.8726126727216,41.846860876708,41.8152818068712,41.7804411739656,41.7450078052404,41.711485998494,41.6820096344682,41.6582072958654,41.6411349892827,41.6312654952364,41.6285205630552,41.6323327559273,41.6417261112271,41.6554075658039,41.671863469667,41.6894571434526,41.7065243617479,41.7214640970083,41.7328221131229,41.7393652706057,41.7401448011552,41.7345473067751,41.7223327098019,41.7036586326002,41.6790905235647,41.6495961465377,41.6165218483531,41.5815465843934,41.5466085664725,41.5137994063251,41.48522267514,41.4628186162197,41.4481644698914,41.4422696108367,41.4453943107724,41.4569272120568,41.4753560517865,41.4983563887995,41.5230041136348,41.5460927246363,41.5645119765421,41.5756278373041,41.5776003673453,41.5695878107453,41.5518086760237,41.5254620345687,41.4925317909425,41.4555171970158,41.4171368959076,41.3800485294162,41.3466141601143,41.3187278836429,41.2977096527894,41.2842605205088,41.2784696505631,41.2798618452145,41.2874748205816,41.2999568774943,41.3156771508714,41.3328418592485,41.3496108400946,41.3642092735707,41.3750300661207,41.3807230516442,41.3802680435916,41.3730297927366,41.3587939274079,41.3377837675487,41.3106582986341,41.278491420859,41.2427318518199,41.2051419685161,41.1677128886658,41.1325528996907,41.1017477384447,41.077194864195,41.0604199392,41.0523916010663,41.0533586120645,41.0627390258413,41.0790912271598,41.1001893878329,41.1232107166177,41.1450211667598,41.1625247894082,41.1730256827933,41.1745456362712,41.1660473964372,41.1475314069738,41.1199979519914,41.0852903916908,41.0458529130543,41.0044447368891,40.9638519156039,40.9266300655362,40.894900087713,40.8702074405203,40.8534460874573,40.8448418056384,40.8439859939014,40.8499097458689,40.8611878824503,40.8760631545107,40.8925815013173,40.908729933587,40.9225693405725,40.9323554154762,40.9366420509676,40.9343629944804,40.9248891846586,40.9080608351526,40.8841947526186,40.854068334746,40.8188820214638,40.780201635738,40.7398812146247,40.6999659901176,40.6625747325979,40.6297614207643,40.6033587600062,40.584810673395,40.5750071079509,40.574141053574,40.5816124993959,40.5960047435582,40.6151530682894,40.6363137232756,40.6564239443044,40.672425006602,40.6816049711088,40.681910423121,40.6721797330586,40.6522637425546,40.6230198754821,40.5861873103719,40.5441688823754,40.4997563042684,40.4558380373676,40.415124890202,40.3799197348542,40.3519474537227,40.3322516415141,40.321156998516,40.3182911324879,40.3226563629423,40.3327405349322,40.346655249126,40.362289917354,40.3774704754895,40.3901123972498,40.3983588878608,40.4006968137776,40.3960449894888,40.3838117462512,40.3639210188099,40.3368082275998,40.3033887380149,40.2650024510131,40.2233380637942,40.1803398677918,40.1380989698749,40.0987300693342,40.0642350389498,40.0363561209283,40.0164248405146,40.0052175029066,40.0028334047419,40.0086160122772,40.0211383294834,40.0382697560484,40.0573322001945,40.0753389976458,40.0892940222008,40.0965142205244,40.0949306939755,40.0833240842069,40.0614597339956,40.0301046631559,39.990927773579,39.9463023745748,39.8990425447381,39.8521103072028,39.8083293546048,39.7701348331024,39.7393798088519,39.7172096560494,39.7040072389011,39.6994051597451,39.7023566382946,39.7112535380059,39.7240783190625,39.7385759799328,39.7524321713155,39.7634445442988,39.7696759835605,39.7695806059704,39.7620961348096,39.7466992652957,39.7234236242476,39.6928425715101,39.6560210936067,39.6144421863861,39.5699133406588,39.5244581461961,39.4801969315344,39.4392192567487,39.4034505725841,39.3745160109946,39.353606402783,39.3413551062527,39.3377383594605,39.3420153273581,39.3527251351273,39.3677554140211,39.3844894374686,39.4000272944392,39.4114627426348,39.4161845864162,39.4121631162177,39.3981809761641,39.3739746485694,39.340266248032,39.2986824274587,39.2515740704949,39.2017636531392,39.152254596981,39.1059381634443,39.0653294304436,39.0323564470954,39.008217726176,38.9933144079747,38.9872557401016,38.9889304381102,38.9966321004409,39.0082240268727,39.0213273597534,39.0335162823526,39.0425049501433,39.0463127788383,39.0433975047635,39.0327488341883,39.013939198685,38.9871317703892,38.9530490906599,38.9129080983947,38.8683287807386,38.8212240300162,38.7736776825402,38.7278164393503,38.685679898355,38.649091833463,38.6195356869983,38.5980383547393,38.5850687266581,38.5804605847001,38.583372314775,38.5922970751742,38.6051352119563,38.619334990608,38.6320983072562,38.6406363955944,38.6424491808958,38.6355938205995,38.6189056153382,38.5921390471051,38.5560075836693,38.5121158175835,38.4627932771458,38.4108526707025,38.3593041003669,38.3110599451138,38.2686630267079,38.2340646254551,38.2084705855162,38.1922647323202,38.185010332047,38.1855231122561,38.1920037998436,38.2022143227308,38.2136797301219,38.2238974133442,38.2305362161747,38.2316103228734,38.2256161493776,38.2116245069192,38.1893246597674,38.1590211266911,38.1215877575405,38.0783863962416,38.0311590816388,37.9819031607903,37.9327380048982,37.8857705245563,37.8429648377283,37.8060198046813,37.7762572496533,37.7545239241392,37.7411117060972,37.735702816789,37.7373491567104,37.7444960596731,37.7550596368882,37.7665625966925,37.7763259362368,37.7817042093679,37.7803421557128,37.7704228319755,37.7508743204035,37.7215049455532,37.6830455975377,37.637090643134,37.5859433869806,37.5323852464019,37.4793973666646,37.4298680118295,37.3863185824263,37.3506763648388,37.3241144950473,37.3069706348111,37.2987468348226,37.2981849744925,37.3034056380926,37.3120936316564,37.3217106724842,37.3297150563379,37.3337691794467,37.3319184177337,37.3227287037436,37.3053747678648,37.2796759413872,37.246081154614,37.2056088385263,37.1597504772449,37.1103483211959,37.059458189153,37.0092074807874,36.9616567922472,36.9186713288733,36.8818061831654,36.8522080271145,36.8305352601124,36.8168992976193,36.8108312514688,36.8112801038521,36.8166496550921,36.8248809745971,36.8335839915889,36.8402160211693,36.8422970863596,36.8376433895071,36.8245932880827,36.8021967123974,36.7703405359502,36.7297892225799,36.6821310726182,36.6296334832637,36.57502328825,36.5212181413157,36.4710405194084,36.4269467237079,36.3907996783087,36.3637074596732,36.3459407234053,36.3369328937521,36.3353582817094,36.3392760223189,36.3463223828695,36.3539308377845,36.3595583646381,36.3608975450176,36.3560569616053,36.3436966525601,36.3231105061619,36.2942528916021,36.2577119658828,36.2146364703969,36.1666260437904,36.1155968941512,36.0636350382555,36.0128483623248,35.9652267975005,35.9225173849736,35.8861184621523,35.8569951595481,35.8356172740063,35.8219205676975,35.8152935030584,35.8145928707642,35.8181929064253,35.8240723982145,35.8299421850589,35.8334110165582,35.8321813776372,35.8242597196666,35.80815929231,35.7830702662471,35.7489724761947,35.7066713909062,35.6577472026262,35.6044185972252,35.549334626715,35.4953179768025,35.4450891547284,35.4010029145149,35.3648256800035,35.337576631531,35.3194467238034,35.3098005534543,35.3072569313239,35.3098362183677,35.3151566307981,35.3206581832737,35.3238318210362,35.3224324614563,35.314657796094,35.2992793170276,35.2757175436438,35.2440592108148,35.2050196265989,35.1598579866305,35.1102567446005,35.0581779549251,35.0057097853824,34.9549152934408,34.907693388563,34.8656591128016,34.8300474852711,34.8016426904534,34.7807327669184,34.7670893976684,34.7599728621756,34.7581633102542,34.760020603327,34.7635752342954,34.7666515524505,34.7670212957778,34.7625804497248,34.7515365477238,34.7325880830292,34.7050743014982,34.6690736284267,34.6254329981463,34.5757181034033,34.5220848368352,34.4670831068636,34.4134137690811,34.3636659473109,34.3200645326126,34.2842559639957,34.2571550654112,34.238867802817,34.2286956299083,34.2252178952038,34.2264406806546,34.2299942393846,34.2333573825546,34.2340859037947,34.230023313249,34.2194754353466,34.2013352793125,34.1751503801806,34.1411308502861,34.100102027718,34.0534103072194,34.0027940884212,33.9502335568602,33.8977932008289,33.8474697249396,33.8010556743561,33.760026077694,33.7254522623537,33.6979441996585,33.6776207191682,33.6641059420984,33.6565503291086,33.6536755408979,33.6538433323644,33.6551492437013,33.6555412362773,33.6529612162903,33.645503619112,33.631580479495,33.6100777797996,33.580484704418,33.5429769745325,33.4984384267769,33.448411382408,33.3949752423691,33.3405626053346,33.2877312395662,33.2389168114806,33.1961942770759,33.161074887079,33.1343611690453,33.1160749157873,33.1054643381265,33.1010874169887,33.100960277304,33.102753007829,33.1040113441753,33.1023812527616,33.095814618129,33.0827375923161,33.0621681573588,33.0337754013382,32.9978791961524,32.9553947144313,32.9077309684558,32.8566558933583,32.804142220462,32.7522084834486,32.7027681443547,32.6574973470378,32.6177286429407,32.5843746852654,32.5578828449196,32.5382193803391,32.524880459725,32.5169270409631,32.5130411628321,32.5116021517632,32.5107819979094,32.5086590797841,32.5033480669801,32.4931411132271,32.4766517511858,32.4529490616285,32.4216668481376,32.3830718273186,32.3380770093296,32.2881916265771,32.2354065628162,32.1820230019766,32.1304403749253,32.0829260882474,32.0413928139556,32.0072087591421,31.9810624511069,31.9628968784325,31.9519194186819,31.9466851084904,31.9452426610652,31.9453261778758,31.9445713859052,31.9407337540011,31.9318869520866,31.9165834695763,31.8939642361856,31.8638100877011,31.8265341494114,31.7831199769586,31.7350150256688,31.6839923148178,31.6319948115093,31.5809770791975,31.5327572994318,31.4888902106642,31.4505682463608,31.4185546786255,31.3931493588878,31.374185101147,31.361051151409,31.3527396173988,31.3479110607739,31.3449763253608,31.3421925714312,31.337771841528,31.3299998429595,31.3173608190121,31.2986616155999,31.2731449672402,31.2405795589713,31.2013135634416,31.1562798638034,31.1069453130647,31.0552027716508,31.0032123329588,30.9532057336925,30.9072740295002,30.8671620390725,30.8340931736567,30.8086450429434,30.790690208389,30.7794086111688,30.7733697171341,30.7706744769449,30.769140798478,30.7665120740888,30.760666743947,30.7498078968715,30.7326151857136,30.7083463008007,30.6768811941782,30.6387084283501,30.5948587353553,30.5467955410783,30.4962754390345,30.4451931924858,30.3954258088436,30.3486887490132,30.3064147308435,30.2696622799857,30.2390576384899,30.2147703193943,30.196519890662,30.1836097643226,30.1749829721182,30.1692950453488,30.1649999017269,30.1604456342548,30.1539777863592,30.1440476375364,30.1293219785597,30.1087889153996,30.081851862437,30.0484018181253,30.0088571220993,29.9641608962296,29.9157296163345,29.8653515520927,29.8150404094393,29.7668562720421,29.7227115879868,29.6841833660492,29.652353223856,29.6276943069423,29.6100187659708,29.5984922744226,29.5917140841295,29.5878534953812,29.5848273714772,29.5804991924367,29.5728785099624,29.5603005645195,29.5415689591723,29.5160491070752,29.4837059811926,29.4450857487447,29.4012464706927,29.3536476168136,29.3040112968037,29.2541696464152,29.205912741944,29.1608499269482,29.120294837327,29.0851811098087,29.0560122009705,29.0328453685739,29.0153070581609,29.0026349766775,28.9937411575343,28.9872902892059,28.9817882719918,28.9756770116784,28.9674323989887,28.9556628308083,28.9392052278214,28.9172142823149,28.8892389357548,28.8552784246297,28.815809376492,28.7717760569298,28.7245383532919,28.6757763816812,28.6273561815061,28.5811668823397,28.5389448677884,28.5021037706088,28.4715898779601,28.4477804448696,28.4304377629419,28.4187253088805,28.4112848910969,28.4063665060875,28.4019966022425,28.396166382043,28.3870200808592,28.3730239122384,28.3530993076391,28.3267086869623,28.2938875978019,28.2552229238652,28.2117822983821,28.1650043021641,28.1165620898862,28.0682145823626,28.021659291385,27.9783993802153,27.9396350102136,27.9061857703546,27.878447458047,27.8563830965797,27.8395452068174,27.8271242779661,27.8180172563484,27.8109096892601,27.8043657558862,27.7969214763243,27.7871775094643,27.7738887250841,27.7560478663084,27.7329600164035,27.704303430513,27.6701710304548,27.631086095728,27.5879860217213,27.5421698680653,27.4952088438429,27.448823505044,27.4047365289185,27.3645145153545,27.3294153863191,27.3002588799753,27.2773360336532,27.2603695546025,27.2485311553183,27.2405151534627,27.2346609098192,27.2291109578419,27.2219877210051,27.2115699732452,27.1964507847555,27.1756613962517,27.1487498037862,27.1158081692369,27.0774487915456,27.0347336097528,26.9890665066831,26.9420606574757,26.895394628982,26.8506708825245,26.8092889257,26.7723428862156,26.740550110687,26.7142139291556,26.6932203719378,26.6770657354765,26.6649097441588,26.6556478092623,26.6479955706509,26.6405793997912,26.6320275856519,26.6210581638081,26.6065604049632,26.5876675421106,26.5638182380979,26.5348036576725,26.500796127062,26.4623547294224,26.4204033285526,26.3761778463486,26.3311422783473,26.2868766927636,26.2449447489721,26.2067522827613,26.1734113788268,26.1456253820682,26.1236091087284,26.1070551402349,26.0951519569287,26.0866535480194,26.0799939314998,26.0734346380366,26.0652293991036,26.0537885042246,26.0378257049619,26.0164729777437,25.989352485941,25.9566001020184,25.9188401890458,25.8771163493022,25.8327869849391,25.7873974018184,25.7425416287129,25.6997271089107,25.6602540973046,25.6251192319246,25.5949496918914,25.5699709874871,25.5500081328864,25.534517069832,25.5226410122134,25.5132850392033,25.5052018289386,25.4970818129352,25.4876420329477,25.4757092885173,25.4602944258324,25.4406555252531,25.4163481061973,25.3872602822925,25.3536302759999,25.3160432227289,25.2754042169637,25.2328854706124,25.1898474572545,25.1477368978182,25.1079679823128,25.0717966587451,25.0402004043052,25.0137769661469,24.9926747143922,24.9765644392784,24.9646579724883,24.9557735529514,24.9484422042473,24.941044384538,24.9319625284723,24.9197333057274,24.9031836576772,24.8815368248638,24.8544782684529,24.8221760654999,24.7852553860504,24.7447314198491,24.7019090866627,24.6582606619176,24.6152938797896,24.5744231157956,24.5368550304725,24.5034978229295,24.4749003228955,24.4512239035198,24.4322469850712,24.417399048997,24.4058188578578,24.3964301576127,24.3880275950529,24.3793658652214,24.369246043133,24.35659438544,24.3405302926411,24.3204212952338,24.2959236492015,24.2670073307219,24.2339640251344,24.1973963970133,24.1581868887634,24.1174448895335,24.0764325679138,24.0364719555414,23.9988387145905,23.9646508987705,23.9347632858566,23.9096789180048,23.8894889219947,23.8738493812568,23.8620002171502,23.8528262266908,23.8449553295088,23.8368844655544,23.8271201394388,23.8143188104839,23.7974123945709,23.7757060057704,23.7489384029694,23.7172999195811,23.681407353076,23.6422397876424,23.601043111068,23.5592136963298,23.5181731452724,23.4792460992874,23.4435520209613,23.4119197668637,23.3848310064233,23.3623954337704,23.344357609267,23.3301324678772,23.3188643011974,23.3095025408987,23.3008870302749,23.2918356463234,23.2812279963776,23.2680802343415,23.2516075347366,23.2312721335824,23.2068158572257,23.1782765969722,23.145988290901,23.1105638446053,23.0728603692091,23.0339264667398,22.9949322894507,22.9570847961487,22.9215328462862,22.8892691157034,22.8610377565026,22.8372577218209,22.8179713306493,22.8028257966987,22.7910922213636,22.7817223644171,22.7734389662727,22.7648511912755,22.7545835311913,22.7414047279033,22.7243431836727,22.702776903282,22.6764889918454,22.6456836715037,22.6109621379335,22.5732618011342,22.5337660584641,22.4937943684845,22.4546838221819,22.4176735919196,22.3838026681684,22.3538293717226,22.3281785320736,22.3069192668226,22.2897733036385,22.2761510534824,22.265210423041,22.2559318297788,22.2472021546324,22.2379004380361,22.2269788965166,22.2135341190759,22.1968648383778,22.1765141821383,22.152295549717,22.1243020736214,22.0928999953393,22.0587063347886,22.0225512035832,21.9854252918626,21.9484136885386,21.9126183820064,21.8790734460822,21.8486587602677,21.8220197187376,21.7995012837497,21.7811045538677,21.7664725518765,21.7549092494285,21.7454322470458,21.7368555282314,21.7278949123463,21.7172858310167,21.7039013087645,21.686857797772,21.6655978183707,21.6399409829481,21.6100985453835,21.5766506299679,21.5404892388286,21.5027335522033,21.4646265663157,21.4274235442215,21.392283019273,21.3601702578266,21.3317813352433,21.3074935597536,21.2873451853879,21.2710444897555,21.2580056389768,21.2474065643123,21.2382625179118,21.2295081688572,21.2200810686765,21.2089999884553,21.1954328499367,21.1787505136149,21.1585642865332,21.1347464240073,21.1074339422524,21.0770166627766,21.0441106350036,21.0095181081271,20.9741752903634,20.9390894772932,20.9052678925925,20.8736417517145,20.8449904453686,20.8198720163616,20.798566878499,20.7810416481273,20.7669388161534,20.7555957781419,20.7460936860366,20.7373331015526,20.7281300436553,20.7173232643633,20.7038818987275,20.6870022850754,20.6661837967741,20.6412758115031,20.6124911392987,20.5803848974979,20.5458014850899,20.5097955328822,20.4735351435998,20.4381971684797,20.4048646128304,20.3744355699847,20.3475515043019,20.3245504673385,20.3054482073378,20.2899474034246,20.2774726919451,20.267226988932,20.2582630341705,20.2495632073283,20.2401205357627,20.229014382646,20.215475444918,20.1989362048124,20.1790646250647,20.1557804129208,20.1292544035281,20.0998924197085,20.0683053583357,20.0352673531865,20.0016638694102,19.9684317130622,19.9364933531741,19.906688698791,19.8797084456974,19.856034067376,19.8358901525456,19.8192147736499,19.8056526899001,19.7945743950773,19.7851214616785,19.7762756357694,19.7669461459818,19.7560671810168,19.742695876027,19.7261007030763,19.705830972311,19.6817601119186,19.6540982327061,19.6233728104256,19.5903797033708,19.5561097531841,19.5216585586549,19.4881284434114,19.4565320636527,19.4277065481285,19.4022456584288,19.3804554066418,19.3623361171386,19.3475913331925,19.3356615027179,19.3257782579738,19.3170335145972,19.3084566805323,19.2990930403391,19.2880768425599,19.2746936661135,19.2584281046806,19.2389944654349,19.2163497947897,19.1906899107128,19.162430099401,19.1321726840962,19.1006638636584,19.0687422034541,19.0372811363487,19.0071279692695,18.9790422792644,18.9536371876259,18.9313276609333,18.9122904540542,18.8964403113053,18.8834263659765,18.8726512413892,18.863313241548,18.8544694733408,18.8451151329264,18.8342719325752,18.8210771220848,18.8048640431182,18.7852257585026,18.7620549592185,18.7355558485261,18.7062267000262,18.6748148942417,18.6422490738867,18.6095552998323,18.5777655145612,18.5478271198468,18.5205220570072,18.4964025464286,18.4757487771674,18.4585515625861,18.4445205388657,18.4331161209523,18.4236013635292,18.4151082834425,18.4067122139788,18.3975074476353,18.386677779031,18.3735565061511,18.3576718401333,18.3387753124426,18.316852429494,18.2921162963101,18.2649860517519,18.2360526514689,18.2060348238089,18.1757280217859,18.1459490699744,18.1174791310222,18.0910077107069,18.0670807042973,18.0460558691833,18.0280694054915,18.0130173123142,18.0005546635091,17.9901148075516,17.9809487710235,17.9721830116494,17.9628914196948,17.9521754627163,17.9392449536858,17.9234913610773,17.9045460036626,17.8823168586921,17.8569998879313,17.8290634661097,17.7992073330674,17.7683001314386,17.7373017294086,17.70717794014,17.6788158170897,17.6529474152792,17.6300888448034,17.6104997597414,17.5941663262437,17.5808084238569,17.5699095809142,17.5607661375341,17.5525505456328,17.5443826867634,17.5354026924262,17.5248390006625,17.5120662215082,17.4966486899297,17.4783671806283,17.4572279342169,17.4334546875065,17.407465636626,17.3798380842614,17.3512639151087,17.3224990804522,17.2943100942808,17.2674203143439,17.2424586394413,17.2199132637848,17.2000932583182,17.1831008741247,17.1688174056537,17.1569050330014,17.1468261648571,17.1378804160146,17.1292575911587,17.1201031386732,17.1095907831778,17.0969957506826,17.0817614173875,17.0635524867685,17.0422889387467,17.0181568724972,16.9915947429598,16.9632560646741,16.933952102912,16.9045801011017,16.8760439852302,16.849175112643,16.8246604647807,16.8029847810416,16.7843916261453,16.7688664574885,16.756142619593,16.7457290524674,16.7369565595328,16.7290379116752,16.7211360010995,16.7124337868873,16.7021999205594,16.6898446679071,16.6749619523473,16.65735487844,16.6370437569897,16.6142572392159,16.5894084928193,16.5630592884902,16.5358753620007,16.5085765121254,16.481884699543,16.456473078276,16.4329185658931,16.4116603387811,16.3929665415354,16.3769114562883,16.363365255704,16.3519981089401,16.3422997021436,16.3336141325513,16.3251887024813,16.3162335450859,16.3059875005688,16.2937844967826,16.279114106065,16.2616701020863,16.2413817624466,16.2184242678346,16.1932066432724,16.1663380066094,16.1385751432063,16.1107563420799,16.0837277924811,16.0582695161608,16.0350277541069,16.0144599769428,15.9967973555264,15.9820277728979,15.9699004697186,15.9599513908007,15.9515464304483,15.9439382274896,15.9363310719644,15.9279479455925,15.9180937662312,15.9062095227942,15.891913091225,15.8750239779021,15.8555708656584,15.8337824412388,15.8100633737395,15.7849583459423,15.7591076376947,15.7331979276863,15.7079117988818,15.683879037741,15.6616323565549,15.6415697617016,15.6239254955975,15.6087512759081,15.5959093532234,15.5850785826971,15.5757741400481,15.5673806456679,15.559197315122,15.5504924455522,15.5405632658267,15.5287961503798,15.5147216358087,15.4980587376498,15.4787437992429,15.4569404631435,15.4330291859344,15.4075767944012,15.3812886456217,15.3549477536255,15.3293465725726,15.3052178414434,15.2831709393132,15.2636395940882,15.2468456199377,15.2327817691802,15.2212149441482,15.2117091074044,15.2036654348466,15.1963757386971,15.1890840804241,15.1810508932128,15.1716138886914,15.1602405284729,15.1465678357723,15.1304266889532,15.1118493155829,15.0910603047112,15.0684528894243,15.0445533644824,15.0199771959561,14.9953806274689,14.9714114442837,14.9486621363479,14.9276281481614,14.908673350726,14.8920044069547,14.8776553473826,14.8654833802025,14.8551766337367,14.846274065111,14.8381970917458,14.8302916024119,14.8218779519605,14.8123054807575,14.8010072127335,14.787549863853,14.7716742838245,14.7533220301133,14.7326449125628,14.7099959341355,14.685901900659,14.6610198519844,14.6360811478061,14.6118283243392,14.588950581295,14.5680238917639,14.5494612539795,14.5334775924471,14.5200723866416,14.509031411884,14.4999471884359,14.492256020991,14.4852880285316,14.4783254470831,14.4706638347873,14.4616706772849,14.4508362897648,14.4378127948678,14.4224382244525,14.4047443034662,14.3849480502141,14.3634287855266,14.3406933199721,14.3173328670582,14.2939755628512,14.2712383851817,14.2496818510181,14.2297702623646,14.2118396094296,14.1960746359073,14.1824960802602,14.1709587188359,14.1611604873465,14.1526625567466,14.144919709039,14.13731966413,14.1292291823038,14.1200439069473,14.1092381662866,14.0964104841141,14.0813204975006,14.0639134260042,14.0443291839452,14.022894592977,14.0000987837812,13.9765535760198,13.952942185676,13.9299608400516,13.9082586409356,13.8883812263208,13.8707234285281,13.8554952621476,13.8427042998218,13.8321559435951,13.8234714293789,13.8161217712586,13.8094744113921,13.8028482209575,13.7955717996808,13.7870398101705,13.7767623782053,13.7644033611001,13.7498044519326,13.7329935197901,13.7141771228787,13.6937185952691,13.6721043328268,13.6499017602942,13.6277128797614,13.6061272823901,13.5856781203306,13.5668039048216,13.5498182602079,13.5348890484661,13.5220276675148,13.5110888423991,13.5017808377751,13.4936856521457,13.486288332038,13.4790140173324,13.4712706979414,13.4624949875802,13.4521976132987,13.4400049156366,13.42569258105,13.4092081717645,13.390679799642,13.3704094571758,13.348850949996,13.3265739035187,13.3042167546856,13.2824328119849,13.2618342333855,13.2429390462547,13.2261260902257,13.2116020365003,13.1993835080463,13.189295913915,13.1809890584907,13.1739680413406,13.1676365688189,13.1613486823783,13.1544641735837,13.1464026720376,13.1366915892679,13.1250037623009,13.1111816996336,13.0952466780304,13.0773924226927,13.0579645573929,13.0374282689748,13.0163275538925,12.9952399159867,12.9747304436352,12.9553088587494,12.9373925042461,12.9212774563704,12.9071191488454,12.8949231814343,12.884546408498,12.875707958874,12.8680094770217,12.8609635268459,12.8540287041324,12.8466495379782,12.8382987537361,12.8285189965467,12.8169607837973,12.8034133791324,12.7878255460979,12.7703137815015,12.7511566186124,12.7307748371633,12.7096987812453,12.6885253032722,12.6678679599575,12.6483048490292,12.6303288021658,12.6143045034259,12.6004365010243,12.5887510897284,12.5790937644778,12.5711425099168,12.5644357327515,12.5584123001359,12.5524600417884,12.5459683094672,12.5383798389326,12.5292372642765,12.5182201876955,12.505169658718,12.4900981697862,12.4731846959064,12.4547557362148,12.4352545916509,12.41520209173,12.3951525636838,12.3756489782992,12.3571809350059,12.3401485507926,12.3248345203079,12.3113857566233,12.2998052232358,12.2899539045326,12.281562356243,12.274250901627,12.2675572343936,12.260969892557,12.2539657380843,12.2460492157051,12.2367908165805,12.2258619200187,12.2130631241577,12.1983433866325,12.1818078234317,12.1637128499508,12.1444484274342,12.1245083875021,12.1044510052064,12.0848530295355,12.0662611298289,12.0491450837004,12.0338569705545,12.0206001485768,12.009410932386,12.0001547408446,11.992537162884,11.9861290199563,11.9804032149639,11.9747800690061,11.9686770615741,11.9615584842544,11.9529805372904,11.9426278483062,11.9303382358297,11.916113696109,11.900116940392,11.8826542038775,11.8641463291296,11.8450911496533,11.8260208519501,11.8074582188446,11.7898754592734,11.7736587781453,11.7590810493934,11.74628406297,11.7352709519661,11.7259086652797,11.717939780527,11.711002545638,11.7046577510714,11.6984208066523,11.6917971758879,11.6843190847587,11.6755811901933,11.6652727211911,11.6532035694222,11.6393219809803,11.6237219365879,11.6066390111151,11.588434431951,11.5695681209312,11.5505625858874,11.5319604935813,11.5142794837178,11.4979681799555,11.4833673647931,11.4706799028987,11.4599522576412,11.4510694209133,11.4437638662874,11.4376378552712,11.4321971959127,11.4268934871875,11.4211710826161,11.4145145517838,11.4064923593319,11.3967928326393,11.3852492268799,11.3718517526514,11.3567457012998,11.3402161506688,11.3226610084808,11.3045552059249,11.2864095711936,11.2687282192731,11.251968177593,11.2365044764579,11.2226031695694,11.2104038450278,11.1999122757333,11.1910030508885,11.1834313944829,11.1768529282809,11.1708498474468,11.1649617914853,11.1587195538932,11.1516796426203,11.14345757572,11.1337577038882,11.1223973513853,11.1093232239644,11.0946183977865,11.0784987956164,11.0612988520419,11.0434470016162,11.0254325931896,11.0077667243505,10.9909401887606,10.9753821437945,10.9614231775473,10.9492661646606,10.9389676721157,10.9304317678412,10.9234169830867,10.9175559881303,10.91238637154,10.9073898753425,10.9020366310005,10.8958304447072,10.8883510503624,10.8792895078515,10.8684735588812,10.8558807089435,10.8416379900721,10.8260086515023,10.8093672817254,10.7921659420773,10.7748946648904,10.7580400541701,10.7420456943267,10.7272776536977,10.7139976498689,10.7023455460226,10.6923319072023,10.6838404838967,10.6766397925901,10.6704024651736,10.6647307299924,10.6591862211421,10.6533222305931,10.6467164701849,10.6390023739214,10.6298969548274,10.6192232730363,10.606925725713,10.593076683732,10.577873501228,10.5616256037749,10.5447321720423,10.5276518004761,10.5108663251253,10.4948416783577,10.4799890516068,10.4666297683,10.4549670609212,10.4450674197284,10.4368533817566,10.4301086311834,10.4244951788844,10.4195812828705,10.4148777659502,10.4098795786047,10.4041089247419,10.3971560743802,10.388714160362,10.3786047917617,10.3667921733264,10.3533845193553,10.3386227807195,10.3228579320365,10.3065191528889,10.2900760561337,10.2739985744362,10.2587181688849,10.2445936842213,10.2318845128982,10.2207328567254,10.2111559230642,10.2030479901543,10.1961915221631,10.1902759634419,10.1849224994862,10.1797129056296,10.1742205576856,10.1680416948831,10.1608250657662,10.1522981424958,10.1422881779238,10.1307365426395,10.1177050597049,10.1033734835293,10.0880278498802,10.0720401264349,10.0558403559503,10.0398832231729,10.0246116000168,10.0104200467735,9.99762140660013,9.98641949289985,9.97689043514721,9.96897455192008,9.9624797220621,9.95709620824111,9.95242184584666,9.94799554163529,9.94333622345999,9.93798382530396,9.93153864209757,9.92369548229434,9.91426948757864,9.90321124795456,9.89060985047704,9.87668366213435,9.86175983885151,9.84624463963515,9.83058748089229,9.81524219051104,9.80062905729823,9.78710101593644,9.77491671348117,9.76422236955509,9.75504339545002,9.74728580755423,9.74074666762973,9.73513217728529,9.73008167007272,9.72519556185275,9.72006528865176,9.71430332161204,9.70757145112818,9.69960565085346,9.69023596923633,9.67940007717359,9.66714936169679,9.65364682897305,9.63915657776038,9.62402521109721,9.60865622416006,9.59347907123143,9.57891519411132,9.56534370970049,9.55306964257778,9.54229751078641,9.53311272160455,9.52547263163511,9.51920832251359,9.5140372116102,9.50958564157988,9.50541966433447,9.50108144271164,9.49612811620387,9.49016967881325,9.48290243800701,9.47413497613723,9.46380419929483,9.45197997887594,9.43885798126077,9.42474142826957,9.41001360863341,9.39510384360002,9.38045019305165,9.36646240450836,9.35348843824955,9.34178738378842,9.33151080097518,9.32269359138479,9.31525456207576,9.30900600141135,9.30367092967201,9.29890625533811,9.29432985566033,9.28954956674646,9.28419215526798,9.27793049392806,9.2705073364942,9.26175427195811,9.251604642826,9.24009946727172,9.22738573869687,9.21370690703577,9.1993858696119,9.1848013849455,9.17035941668554,9.15646144807446,9.14347220857123,9.13168946172704,9.12131847547866,9.11245351752975,9.10506820268793,9.09901580562528,9.09403980286266,9.08979399826063,9.08587070109918,9.0818346494112,9.07725978121826,9.07176561678345,9.06504997028258,9.05691497835983,9.0472840048704,9.03620781218733,9.0238594044055,9.0105180444733,8.99654400666683,8.98234652612965,8.9683480409185,8.95494811290777,8.94249033078504,8.93123506186225,8.92134019975144,8.9128511600143,8.9057004317883,8.89971612143249,8.89463821969109,8.89014084133095,8.88585843495391,8.88141391075587,8.87644673076588,8.87063918879294,8.86373932624039,8.85557915769075,8.84608711439662,8.83529387188859,8.82333103559605,8.81042253654539,8.79686904241752,8.78302619940635,8.76927804677581,8.75600743166236,8.74356563305694,8.73224362254018,8.72224740187535,8.71367964291566,8.70652941809929,8.70067118005253,8.69587337823141,8.69181625690268,8.68811753922125,8.68436394622159,8.68014590241108,8.67509240575045,8.66890293653972,8.66137347171881,8.65241415540022,8.64205691958552,8.63045228674894,8.61785562688114,8.6046041750672,8.59108702436451,8.57771098424552,8.56486555441897,8.55289026467674,8.5420472795189,8.53250151698655,8.52430968038053,8.51741866944199,8.51167294676859,8.5068296893105,8.50258002140688,8.49857432875489,8.49444957412943,8.48985662762126,8.48448582544113,8.47808922502,8.47049829099763,8.46163601140902,8.4515227125561,8.44027513460532,8.42809866901913,8.41527305419221,8.40213226941407,8.38903983110863,8.37636113353466,8.36443483373866,8.35354550320493,8.34389981264131,8.33560835634078,8.32867485603922,8.32299393226818,8.31835793633355,8.31447255744329,8.31098012720502,8.30748881216105,8.30360528657501,8.29896807628554,8.29327860959955,8.28632713228824,8.27801104510424,8.26834387966991,8.257453988332,8.24557300463507,8.2330151316673,8.22014922388668,8.20736633656611,8.1950458382112,8.18352326252763,8.17306281019799,8.16383683754742,8.15591387242206,8.14925578931874,8.14372387717892,8.1390927534062,8.13507049544026,8.13132301425917,8.12750057756855,8.12326446481644,8.11831194264959,8.11239802682521,8.10535279634558,8.09709332059251,8.08762954612127,8.07706377909595,8.06558371132916,8.05344928698951,8.04097409386345,8.02850236991194,8.01638310784256,8.00494307119247,7.99446075585885,7.98514339844557,7.97710901894192,7.97037518154601,7.96485567708361,7.96036570733814,7.95663543667565,7.95333103253518,7.95008161264713,7.94650992222723,7.94226414181987,7.93704802687142,7.93064663677089,7.92294523459701,7.9139395133687,7.90373608633086,7.89254309695699,7.88065176621628,7.86841059471176,7.85619467007203,7.84437300506217,7.83327698859033,7.82317285043383,7.81424054755096,7.80656074514406,7.8001106916089,7.79476889072476,7.79032766916592,7.78651211052126,7.78300342869445,7.77946469189023,7.77556685419892,7.77101325107416,7.76556100515629,7.75903811433469,7.75135531719852,7.74251213700035,7.73259679830074,7.72178000605523,7.71030289098121,7.69845976434066,7.68657668131858,7.67498716011406,7.66400670608296,7.65390800343647,7.64489872053369,7.63710379888231,7.63055384734926,7.62518084808392,7.62082182511919,7.61723047348146,7.61409605176597,7.61106816801956,7.60778550275852,7.60390607533096,7.59913642212806,7.59325705367257,7.58614180851768,7.57776921708172,7.56822469329073,7.55769322509323,7.54644315288217,7.5348025091202,7.52313014102753,7.51178435933652,7.50109208264633,7.49132134820015,7.48265964902201,7.47519989084016,7.46893493189556,7.46376078646013,7.45948775143955,7.45585804935674,7.45256813175944,7.44929357566692,7.44571451411944,7.44153972300639,7.43652777850447,7.43050404247699,7.4233725810619,7.41512244928211,7.40582807738863,7.39564378299484,7.384792722312,7.37355089486096,7.36222712798268,7.35114027445227,7.3405951293796,7.33085877436363,7.32213915016445,7.31456761376988,7.30818703482766,7.30294663032906,7.29870424379001,7.29523618149041,7.29225407256158,7.28942757958496,7.28641121308354,7.28287305603429,7.27852293497076,7.2731375211163,7.26658002903686,7.25881260007703,7.24990008698842,7.24000474297642,7.22937218841149,7.21830989060082,7.20716014847376,7.19627013297117,7.18596182337281,7.17650466002829,7.16809340577139,7.16083311490644,7.15473233015076,7.1497047687548,7.14557893053377,7.14211436202096,7.13902281344443,7.13599226173749,7.13271173697305,7.12889504271917,7.12430174465448,7.11875415399111,7.11214940000093,7.10446603489314,7.09576493112156,7.08618451988393,7.07593069334523,7.06526196497973,7.05447075718149,7.0438619550131,7.03373010873281,7.02433685525391,7.01589022640679,7.00852749016847,7.00230301061147,6.9971823087398,6.99304307190787,6.98968332263397,6.98683636046367,6.98419148501935,6.98141895141081,6.97819715749289,6.9742397671709,6.96932037537744,6.96329244305076,6.9561025790135,6.94779580152118,6.93851213249095,6.92847469630554,6.91797032913051,6.90732446121401,6.89687262325902,6.88693127347015,6.8777706966724,6.86959248035821,6.86251355499524,6.85655806570212,6.85165751542255,6.84765879384491,6.84433898311124,6.84142528953295,6.83861813430039,6.83561535113043,6.83213555586081,6.82793901913785,6.82284472606203,6.81674268833252,6.80960094292925,6.80146700476935,6.79246383592868,6.78278066034779,6.77265920386235,6.76237618396537,6.75222311074964,6.74248467652981,6.73341718292777,6.72522855163769,6.71806146075583,6.71198102197848,6.70696815681687,6.70291944882393,6.69965376558992,6.69692539464165,6.69444286761168,6.69189210956003,6.68896209887908,6.68537090781754,6.68088985564277,6.67536357358729,6.66872406277496,6.6609973116494,6.65230169325738,6.64283812795924,6.6328727981455,6.62271395137999,6.61268493891384,6.60309603053777,6.59421767036224,6.58625767082265,6.57934440229086,6.57351737927396,6.56872585748158,6.56483524166643,6.56164036420512,6.55888411360341,6.55627952462551,6.55353330457812,6.55036884462164,6.54654700469591,6.54188330534553,6.53626054895771,6.52963627797082,6.52204482837168,6.51359404274273,6.50445697292961,6.49485914032039,6.48506214324641,6.47534461019481,6.46598168765683,6.45722440538769,6.44928035553508,6.44229712996475,6.43634986118993,6.43143399536855,6.42746409277189,6.42427901814545,6.42165338005273,6.41931454504591,6.4169640370012,6.41430168474159,6.41105055079281,6.40698050257505,6.40192830464786,6.39581233091049,6.38864041350538,6.38050993352216,6.37159996864213,6.36215607674449,6.35246903126796,6.3428494488077,6.33360068430371,6.32499255560019,6.31723836791012,6.31047734667817,6.30476399856736,6.30006518067887,6.29626486383497,6.29317582760831,6.29055691149558,6.28813403074169,6.28562297468019,6.28275203202705,6.27928269339024,6.27502700980346,6.26986057593322,6.26373050402214,6.25665812221824,6.24873645070076,6.2401227799607,6.23102690742579,6.22169579378884,6.21239558696576,6.20339212867863,6.1949311952384,6.18721981123514,6.18040999011275,6.17458617862758,6.16975749981627,6.16585559926227,6.16273851309134,6.16020051710807,6.1579874197706,6.15581627024274,6.15339801357851,6.15046128485464,6.14677533444651,6.14217004962193,6.13655120109165,6.12990939719372,6.12232175284696,6.11394593426284,6.10500696356704,6.09577788551281,6.08655603034259,6.07763707522485,6.0692893493097,6.06173080774843,6.05511081467326,6.04949835667612,6.04487762185575,6.04115111339082,6.0381497185659,6.03564851527442,6.03338663782099,6.03108928019572,6.02848989048656,6.0253507757351,6.02148064124736,6.01674797168156,6.011089566079,6.00451392163274,5.9970994961031,5.98898815921711,5.98037437522641,5.97149085407698,5.96259157798104,5.95393325741378,5.94575639039806,5.93826717770627,5.93162156550817,5.92591262693417,5.92116234073066,5.91731857350244,5.91425772845257,5.91179310670611,5.90968856687844,5.90767660265298,5.9054795300583,5.90283213032429,5.89950387177139,5.89531876832526,5.89017104384416,5.88403506540767,5.87696847128387,5.86910801682624,5.86065834143418,5.85187455402381,5.84304016669208,5.83444240060591,5.82634718017408,5.81897617860386,5.8124880673034,5.80696567470065,5.80241013120533,5.79874234618479,5.79581142324447,5.79340896327428,5.79128770544585,5.78918266135938,5.78683281995388,5.78400162127784,5.78049467134478,5.77617354006878,5.77096489086617,5.76486458517492,5.75793675591487,5.7503081370957,5.74215817378223,5.73370562775306,5.72519255147562,5.71686663417359,5.70896302850278,5.70168683589021,5.69519744794485,5.68959589349,5.68491621141144,5.6811216513193,5.67810619951692,5.67570155068443,5.67368922060008,5.67181705574223,5.66981898135029,5.66743648230312,5.66444007090901,5.66064889614111,5.65594671341776,5.65029267195318,5.6437257799716,5.63636244973034,5.62838715882143,5.62003693041286,5.61158096160294,5.60329724246189,5.595448342933,5.58825865288707,5.58189522142863,5.57645396633273,5.57195245695038,5.56832978481253,5.56545331287489,5.56313142715975,5.56113088206839,5.55919698742629,5.55707475437562,5.55452918892391,5.55136315945111,5.54743161384407,5.54265132433543,5.53700574111009,5.53054490124054,5.52338064726244,5.51567765591765,5.50764096989511,5.49950087597577,5.49149609208389,5.48385631726679,5.47678525854562,5.47044526611199,5.46494466908298,5.46032879415175,5.45657546004332,5.4535954710711,5.45123829289461,5.44930270281425,5.4475517946452,5.44573131998027,5.44359000240183,5.4409002074579,5.4374772229954,5.43319542705015,5.42799980663422,5.42191163742632,5.41502762091629,5.40751236343994,5.39958471621644,5.39149911088197,5.38352355059916,5.37591628682375,5.36890337500992,5.3626592311441,5.35729200678293,5.35283509640739,5.34924544862636,5.34640865286046,5.34415010342953,5.34225098415087,5.34046742936599,5.3385510337426,5.33626890350746,5.33342163764164,5.32985795041837,5.32548503891569,5.32027420583967,5.31426162602583,5.3075444680214,5.30027284084389,5.29263823420384,5.28485926916637,5.27716568719347,5.26978158624071,5.26290896350142,5.25671263875236,5.25130759843282,5.24674970588385,5.24303055799864,5.24007702995779,5.23775574369748,5.23588233788759,5.23423503207165,5.23257159696013,5.2306485026852,5.22824075388783,5.22516076845412,5.22127464208643,5.21651427937082,5.21088416515246,5.20446198299086,5.1973928281118,5.18987736246259,5.18215485868994,5.17448261130613,5.16711359204471,5.1602744385914,5.15414585774654,5.14884728885424,5.14442723436818,5.14086007344665,5.13804950473616,5.13583809985099,5.13402187071991,5.13236832767023,5.13063627108736,5.12859552748632,5.12604499126029,5.12282762389391,5.11884143830556,5.114045901407,5.10846357582429,5.10217715985056,5.0953223578411,5.08807722088129,5.0806487487406,5.07325765125112,5.06612224032301,5.05944246688017,5.05338512718952,5.04807123198862,5.04356644864936,5.03987538177625,5.0369402463664,5.03464421274104,5.03281937559713,5.03125894125345,5.02973286539237,5.02800584116937,5.02585626912899,5.02309466884472,5.01957994497831,5.01523201562529,5.01003955381731,5.0040619741726,4.9974252898781,4.99031202865135,4.9829459752323,4.97557303951911,4.96843997026142,4.96177288890539,4.95575766829031,4.95052401214197,4.94613471769474,4.94258106740208,4.93978466177958,4.93760535292221,4.93585434763799,4.93431108963196,4.93274224889108,4.93092106205545,4.92864536956213,4.92575294864648,4.92213309517296,4.91773380622094,4.91256430927241,4.90669303555038,4.90024142367314,4.89337415997298,4.88628661967038,4.87919038034312,4.87229774745673,4.86580626841784,4.8598842175582,4.85465800452327,4.85020238391921,4.84653421572506,4.8436103381513,4.84132986771551,4.83954094357395,4.83805160117172,4.83664411814587,4.83509185281748,4.83317732499977,4.83071010208104,4.82754297805515,4.82358498923164,4.8188100065728,4.81325997602851,4.80704232449557,4.80032157426493,4.79330576374591,4.78622879848204,4.77933029293909,4.77283475443714,4.7669320637482,4.76176110130887,4.75739805901442,4.75385049801141,4.75105761975533,4.74889658405019,4.74719411216972,4.74574212662916,4.74431585464128,4.74269268675407,4.74067013407558,4.738081439525,4.73480772503572,4.73078594367019,4.72601230138801,4.72054117634392,4.71447986780023,4.70797974153463,4.70122450646572,4.69441646839561,4.68776167369252,4.68145488812599,4.67566535811407,4.670524271523,4.66611476655769,4.66246522223461,4.65954639617021,4.65727275340261,4.65550805902577,4.6540750006802,4.6527682849379,4.65137034075095,4.64966849330788,4.64747227330102,4.64462942737163,4.64103921666274,4.63666174357513,4.63152233107613,4.62571037897566,4.61937260736634,4.61270112532462,4.60591727927606,4.59925268182311,4.59292914266162,4.58713937361321,4.58203029331824,4.57769051135793,4.57414315042265,4.57134461697218,4.56918932227186,4.56751976188098,4.56614085458881,4.5648370789214,4.56339076099224,4.56159986864795,4.55929383434984,4.55634622340122,4.55268343395827,4.54828900839876,4.54320350728935,4.53752021613834,4.53137720570425,4.524946447207,4.51842080236965,4.51199977702906,4.50587495748164,4.5002160478323,4.49515839572352,4.49079282925499,4.48715852320964,4.48423946171071,4.48196486432039,4.48021369623707,4.47882310057972,4.47760028884811,4.47633712773414,4.47482639389518,4.47287846190006,4.4703370714574,4.46709281036695,4.46309306327922,4.45834741604348,4.45292786061805,4.44696359146076,4.44063068280742,4.43413743832928,4.42770665534174,4.42155639043381,4.41588100547292,4.41083428128583,4.40651620148238,4.40296464642904,4.40015273729476,4.39799199204007,4.39634087006396,4.39501776131701,4.39381707976252,4.39252689091007,4.39094645399822,4.38890218023833,4.38626076627269,4.38293860946931,4.37890699722965,4.37419293913,4.36887584286801,4.36308050185267,4.35696705762837,4.35071872922825,4.34452817535189,4.3385833863134,4.33305400029821,4.32807890676353,4.32375593782574,4.32013435167274,4.3172106749087,4.31492828966157,4.31318092712115,4.31181996904052,4.31066517659364,4.30951818200603,4.30817781726734,4.30645614288539,4.30419390434109,4.30127410727276,4.29763248019198,4.29326379156591,4.28822330002691,4.28262302250397,4.27662297227682,4.27041800324623,4.26422134671956,4.25824628974522,4.25268767194044,4.24770493611114,4.24340834125906,4.23984964258596,4.23701809350296,4.2348420817052,4.23319614096207,4.23191255215298,4.23079632403119,4.22964207228165,4.22825121731429,4.22644799399935,4.22409298432794,4.2210932044437,4.21740815072468,4.21305158725309,4.20808919989595,4.20263252483675,4.19682977090363,4.19085429695726,4.18489158743939,4.17912560339677,4.17372538393141,4.16883274091759,4.16455182967069,4.16094128750835,4.15800950622153,4.15571343951784,4.15396114203595,4.15261799737867,4.15151632979369,4.15046782471211,4.14927792932362,4.14776119067131,4.1457563406918,4.14313987788942,4.13983694090035,4.13582842848396,4.13115359092312,4.1259076843461,4.12023471419773,4.11431575760859,4.10835379913704,4.10255638951196,4.09711769501722,4.09220160863007,4.08792752216617,4.08436011203303,4.081504093427,4.07930439380631,4.07765164657524,4.07639237717571,4.0753428097157,4.07430491305321,4.07308316032192,4.07150050026296,4.06941221396542,4.06671661987347,4.0633619459824,4.05934906246956,4.05473011870495,4.04960342586506,4.04410515466326,4.03839857453957,4.03266165312784,4.02707387486829,4.02180313738415,4.0169935526403,4.01275492111701,4.0091545609356,4.00621205689089,4.00389734307366,4.0021323457427,4.00079619315131,3.99973375456528,3.99876701602589,3.99770855488641,3.99637616157871,3.99460749938288,3.99227361356671,3.98929011807745,3.98562501161005,3.98130230607523,3.97640097832626,3.97104915729227,3.96541389879788,3.95968733580727,3.9540703744318,3.94875538869079,3.94390951037407,3.93966008932112,3.93608370826519,3.93319979126173,3.93096938294673,3.92929915158823,3.92805014558066,3.92705037399978,3.92610994042824,3.92503727069896,3.92365495182585,3.92181383017672,3.91940427122114,3.91636381751978,3.91268084827408,3.90839419889834,3.90358900911776,3.89838931296192,3.89294805713666,3.88743533978194,3.88202571012605,3.87688537348958,3.87216011609572,3.86796470677097,3.8643744498413,3.86141945372264,3.85908203980362,3.85729754423735,3.85595856257832,3.8549224600782,3.85402173055661,3.85307655079376,3.8519086658911,3.85035557647184,3.84828390282835,3.8456007926622,3.84226233017158,3.83827809845808,3.83371133745645,3.82867450713429,3.82332048053893,3.81783001392972,3.8123965264537,3.80720952369186,3.80243817752249,3.79821660051974,3.79463221510224,3.79171832495631,3.78945157887462,3.78775452287638,3.7865029245212,3.78553708563932,3.78467599149831,3.78373291579594,3.78253103104581,3.78091765932542,3.77877601479465,3.77603359780584,3.77266675482474,3.76870127408095,3.76420920728074,3.75930236852272,3.75412315177633,3.74883342860808,3.74360234700728,3.73859386248335,3.73395480587633,3.72980423698935,3.72622475325059,3.72325631832667,3.72089304494427,3.71908320717221,3.71773257032564,3.71671091571405,3.71586141190612,3.71501225831642,3.71398981914895,3.71263229687486,3.71080288544012,3.70840131288998,3.70537274465212,3.70171317838232,3.69747071539117,3.69274242758878,3.68766692689689,3.68241315083888,3.67716626153807,3.67211187142851,3.6674200167831,3.66323036831425,3.65964008029687,3.65669543859225,3.65438809656635,3.65265622741838,3.65139042614663,3.65044372396842,3.64964468861328,3.64881231953753,3.64777133309259,3.64636647252033,3.64447465386744,3.64201403759287,3.63894945349983,3.63529395895053,3.63110663816613,3.62648702561961,3.62156674391067,3.61649908310655,3.61144732061548,3.60657259959818,3.60202216203215,3.59791867991868,3.59435135092117,3.59136932502806,3.58897790582216,3.58713782188159,3.58576769032319,3.58474959831675,3.58393751673914,3.5831680449136,3.58227278271095,3.58109145519831,3.57948479549176,3.57734614204051,3.57461074174197,3.57126187801172,3.56733316250371,3.5629066297592,3.55810663421177,3.55308993743753,3.5480327516222,3.54311583070009,3.53850893291779,3.53435608447527,3.53076303306566,3.52778808940042,3.52543723027005,3.5236639129248,3.5223735766115,3.52143233972351,3.52067899624789,3.5199391198295,3.51903992839681,3.51782455714187,3.51616452210108,3.51396940234904,3.51119308601547,3.50783627010396,3.50394523598422,3.49960721008336,3.49494284346343,3.4900964977453,3.48522511153429,3.48048645103251,3.47602753328771,3.47197396184134,3.46842084033702,3.46542583382359,3.46300483061962,3.46113051866407,3.45973402861723,3.45870961323108,3.45792213400079,3.45721692156636,3.45643137973868,3.45540753161053,3.4540045787395,3.45211047895739,3.44965156001502,3.44659928459471,3.44297346914347,3.43884152707709,3.43431363861601,3.42953411753778,3.42466961428527,3.41989512538117,3.41537903114964,3.41126852284337,3.40767678272059,3.40467313811446,3.40227713293045,3.40045707536536,3.39913317233952,3.39818490218023,3.39746186251871,3.39679700892028,3.39602100653843,3.39497636843291,3.39353014611808,3.39158414803453,3.38908195428962,3.38601232913175,3.38240896504985,3.3783467900287,3.37393530929041,3.36930962403641,3.36461987242907,3.36001988023491,3.3556558019345,3.35165548962857,3.34811925623967,3.34511260713615,3.34266140260093,3.34074978235025,3.33932103188786,3.33828139964906,3.33750668753729,3.33685124345474,3.33615879471081,3.3352743910651,3.33405659296252,3.33238896173054,3.33018989949231,3.32741995814118,3.32408589301602,3.32024097351528,3.31598136588438,3.31143874940746,3.3067696845886,3.30214258345691,3.29772339925033,3.29366132034525,3.29007579515805,3.28704611811043,3.28460457560974,3.282733807036,3.28136861652911,3.28040202577921,3.27969493927595,3.27908845123762,3.27841759630569,3.27752525592913,3.27627498164918,3.27456166902305,3.27231928070474,3.26952513465823,3.26620060256581,3.26240836818804,3.25824664936218,3.25384097584123,3.24933423488713,3.24487575288669,3.24061018495513,3.23666694776339,3.23315086438471,3.23013460119303,3.2276533695059,3.22570223970301,3.22423627273204,3.22317351364456,3.22240071675793,3.22178148830558,3.22116634998823,3.22040405917749,3.21935338457534,3.21789444653975,3.21593870433041,3.21343671992393,3.21038295577144,3.20681707027172,3.2028214492426,3.19851503448634,3.19404385351314,3.18956898334566,3.18525295916682,3.18124583029831,3.17767214333946,3.1746200786381,3.17213378034312,3.17020961787038,3.1687967295121,3.1678017713052,3.16709737671248,3.1665334748239,3.1659503579739,3.16519226068751,3.16412021926138,3.16262311493121,3.16062603753584,3.15809540453211,3.1550405921004,3.15151214367367,3.14759688723951,3.14341049783525,3.13908817880271,3.13477420728641,3.13061110528943,3.12672916925644,3.12323703008655,3.12021383054053,3.11770350358998,3.11571151562996,3.11420430302362,3.11311147937634,3.11233072603075,3.11173510422381,3.11118235240678,3.11052556810354,3.10962453471875,3.10835685551275,3.10662801457418,3.10437951038592,3.10159430896121,3.09829904118048,3.09456261534388,3.09049121475747,3.08621997675911,3.08190197265952,3.07769539260146,3.07375005065739,3.0701944340553,3.06712450658169,3.06459533404811,3.06261633926961,3.0611506412449,3.06011852737557,3.05940469608343,3.0588685390253,3.0583564503594,3.0577149859728,3.05680366232643,3.05550627857527,3.05373984640162,3.05146048705121,3.04866596597087,3.04539484443904,3.04172250311302,3.03775451282004,3.03361798262665,3.02945160378049,3.02539513758422,3.02157907679277,3.01811515564432,3.01508830322305,3.01255053535922,3.01051716524431,3.00896558358661,3.0078367158939,3.0070391086403,3.00645543117357,3.00595101285288,3.00538387500801,3.0046155776905,3.00352209638904,3.00200388848848,2.99999431587645,2.99746566732643,2.99443217477218,2.99094963657244,2.987111535292,2.98304184609832,2.97888504628285,2.9747941238332,2.97091760968243,2.96738679402071,2.96430430971013,2.96173516536069,2.95970109179378,2.95817874878538,2.95710195830467,2.95636772974794,2.95584546932029,2.95538846377287,2.95484653222234,2.95407866786162,2.95296454577932,2.95141393889731,2.94937333302725,2.94682932825226,2.94380871973337,2.94037543336797,2.93662472577733,2.93267522980857,2.92865953246743,2.92471401666735,2.92096869130165,2.91753768769545,2.9145110253612,2.91194815442183,2.90987367110936,2.90827547867583,2.90710552965859,2.90628313764832,2.90570069010188,2.90523143363652,2.90473884806196,2.90408698642537,2.90315104880672,2.90182739136155,2.90004216184832,2.89775780811091,2.89497683109199,2.8917423465508,2.88813526961411,2.88426822551947,2.88027659320155,2.87630737533335,2.87250682660402,2.86900793090646,2.86591887365893,2.86331359419222,2.86122532507835,2.85964374543305,2.85851602255128,2.85775163046234,2.85723046034698,2.85681342044356,2.85635449863182,2.85571315278384,2.85476590943228,2.85341618095302,2.85160153178735,2.84929790225149,2.84652059762464,2.84332213619679,2.83978729558043,2.83602588447213,2.8321638902208,2.82833371302838,2.82466420365397,2.82127118443802,2.81824906472643,2.81566407072595,2.81354950279032,2.81190331353087,2.81068816944074,2.80983401790147,2.8092430324581,2.80879665620839,2.80836431297915,2.80781321844617,2.80701861052603,2.8058736433011,2.80429816391133,2.80224562729682,2.79970750514287,2.79671471265773,2.79333580252136,2.78967194443114,2.78584899886755,2.78200727711488,2.77828982537136,2.77483024881374,2.77174117637517,2.76910444226968,2.76696392171979,2.76532171582949,2.76413805800157,2.76333494717976,2.76280314396705,2.76241183785861,2.76202004562495,2.76148865949665,2.76069204155062,2.75952815367903,2.75792640209003,2.75585263193918,2.75331099649221,2.75034271159711,2.74702196100547,2.74344942081425,2.73974401169873,2.73603356479873,2.73244510739536,2.72909544829626,2.72608268164799,2.7234791419577,2.72132624002804,2.71963149394002,2.71836794346056,2.71747600148977,2.71686765393151,2.7164327728611,2.71604716276823,2.71558182437972,2.7149128058311,2.71393092885,2.71255064022939,2.71071725660252,2.7084119502517,2.70565396699708,2.70249976914374,2.69903904478618,2.69538780016755,2.69167902901989,2.68805170288591,2.68463901980709,2.68155695925977,2.67889420001572,2.67670435678022,2.67500128625074,2.67375792252809,2.67290875651521,2.67235571331707,2.67197684800255,2.67163701255529,2.67119947560033,2.670537418355,2.66954428654889,2.66814213519948,2.66628733559593,2.66397328894352,2.66123007456667,2.65812122171642,2.65473800982925,2.65119185908548,2.6476054674268,2.64410338577424,2.64080270912851,2.63780450879832,2.63518655105094,2.63299774870785,2.6312546804519,2.62994039110675,2.62900555654368,2.62837196058945,2.62793809086351,2.62758652043532,2.62719260964138,2.6266339467833,2.6257998588481,2.62460027541348,2.62297323099783,2.62089035094162,2.61835978661347,2.6154262445497,2.6121679814828,2.60869089657666,2.60512012091536,2.60158975543099,2.59823161351776,2.59516395706845,2.59248125395124,2.59024591983566,2.58848283871011,2.58717719853543,2.58627585764738,2.58569210947282,2.58531337822366,2.58501109578724,2.58465181251526,2.58410850284853,2.58327104700192,2.58205499367996,2.58040791467637,2.57831292032893,2.57578918188174,2.57288957142552,2.56969575695007,2.56631126265788,2.56285311607781,2.55944275513055,2.55619686762263,2.55321879330702,2.55059104572095,2.5483694170506,2.54657902127231,2.54521251310025,2.54423059513746,2.54356479456941,2.54312235577001,2.54279295997316,2.54245685363732,2.54199385153317,2.54129258894261,2.54025934053394,2.53882571182933,2.53695455095129,2.5346435279558,2.53192598565898,2.52886887224854,2.52556780830183,2.52213959909846,2.51871275253601,2.51541677632072,2.51237117899092,2.50967516580508,2.50739898875388,2.50557777704841,2.50420844996456,2.50325001968582,2.50262725967681,2.50223738216776,2.50195907542873,2.50166303169174,2.50122297395873,2.50052617531971,2.49948255417162,2.4980316060821,2.49614667134629,2.49383630477531,2.4911427792243,2.48813798980067,2.48491721246173,2.48159129887699,2.47827795769231,2.47509278612741,2.47214068475369,2.46950822339351,2.46725743764016,2.46542143156685,2.46400204808333,2.46296974713559,2.46226570532758,2.46180602041796,2.46148777350345,2.46119657541671,2.46081510896499,2.46023208406005,2.45935095867012,2.45809775496662,2.45642732560059,2.45432750512724,2.45182071696989,2.44896279199893,2.44583897948619,2.44255737740697,2.43924025421786,2.43601395267623,2.43299823209141,2.43029599587816,2.42798435035599,2.42610784204209,2.42467452955443,2.42365528010621,2.4229863674321,2.42257512307644,2.42230809401199,2.42206092137934,2.42170900461245,2.42113796734431,2.4202529974352,2.41898628094058,2.41730196571569,2.41519834496745,2.41270721317399,2.40989058825378,2.40683519317302,2.40364523439512,2.40043409953661,2.39731562558061,2.39439557036015,2.39176386443729,2.38948813855035,2.38760892230494,2.38613679909792,2.38505168438074,2.38430427164698,2.3838195647724,2.3835022889436,2.38324384932786,2.38293039284967,2.38245143190613,2.38170841889281,2.38062262666161,2.37914170112676,2.37724431432736,2.37494246153754,2.37228111148108,2.36933512537792,2.3662035933996,2.36300197583674,2.3598526569367,2.35687469685221,2.35417367831445,2.35183257173786,2.34990447620614,2.34840793567575,2.34732529288743,2.34660425181166,2.34616250507061,2.34589498180896,2.34568301905176,2.34540458463902,2.34494460089384,2.34420444084254,2.34310978534384,2.34161622071804,2.33971219534764,2.33741920992565,2.33478936069285,2.33190056466219,2.32884995490972,2.32574603559151,2.32270023127784,2.31981846010896,2.3171933150584,2.31489736294083,2.31297797630708,2.31145400637589,2.31031449053041,2.30951946858254,2.30900285995154,2.30867723126308,2.30844016392947,2.30818181903329,2.30779319919676,2.30717453249954,2.30624316103336,2.30494031496489,2.30323619869665,2.30113291217568,2.29866487629297,2.29589661983157,2.29291800391958,2.28983719038634,2.28677188067034,2.28383953793303,2.28114743367776,2.27878341247342,2.27680823258659,2.27525021439108,2.27410272139378,2.27332473049118,2.27284444744262,2.27256562459596,2.27237597532758,2.27215688379709,2.2717935010331,2.27118430879836,2.27024931791914,2.26893623266491,2.26722413321375,2.26512447539083,2.26267945177728,2.25995797603538,2.2570497248936,2.25405778995318,2.2510905526039,2.24825340460849,2.24564090319439,2.24332988327427,2.2413739607136,2.23979975755026,2.23860506856586,2.23775907229771,2.23720457079356,2.23686212315504,2.2366358209137,2.23642034272783,2.23610882774579,2.23560102879755,2.23481115681371,2.23367481490539,2.23215445138014,2.23024283987947,2.22796422198961,2.22537291820147,2.22254941652169,2.21959416856427,2.21661954042472,2.21374055731885,2.21106522404669,2.20868527795095,2.20666822337743,2.20505140163361,2.20383867339431,2.20300004735757,2.20247430492384,2.2021743773392,2.20199496290333,2.20182165872149,2.20154074813647,2.20104874480287,2.20026084837554,2.19911760396883,2.19758925714956,2.19567753142817,2.19341479748006,2.19086082667113,2.18809750577987,2.18522202278507,2.18233911095364,2.17955296283653,2.17695940461776,2.17463886450108,2.17265058670992,2.17102844414065,2.16977859447232,2.16887911105124,2.16828160391488,2.16791472998474,2.16768937715215,2.16750519822613,2.16725807258064,2.16684799245599,2.16618681501235,2.16520529847196,2.16385885820008,2.16213154129844,2.16003782762034,2.15762201790125,2.15495515758596,2.152129654328,2.14925195984265,2.14643388148082,2.14378324334716,2.14139471073759,2.13934160976604,2.13766950854087,2.13639217892987,2.13549034090143,2.13491332628311,2.13458351440606,2.13440312090714,2.13426269437165,2.13405051942509,2.13366205595589,2.13300856746357,2.13202420022465,2.13067095181596,2.1289411880553,2.12685760402269,2.1244707510472,2.12185444561411,2.11909952332045,2.11630649436412,2.11357769691438,2.11100953694094,2.10868535683904,2.10666940067648,2.10500225050522,2.10369800344032,2.10274334841125,2.10209858805819,2.10170053751147,2.10146711995272,2.10130337186422,2.10110847302988,2.10078333348646,2.10023820880153,2.09939978388169,2.09821717111712,2.09666631648019,2.09475239969461,2.09250995017399,2.09000057263268,2.08730837353304,2.08453338562545,2.08178348304509,2.0791654424597,2.07677591625573,2.07469312512251,2.07297003959659,2.07162970181814,2.07066314841125,2.07003015109088,2.06966271919186,2.06947103836529,2.06935128331764,2.06919456691902,2.0688961926661,2.06836437113337,2.06752764085935,2.06634038655278,2.06478605086804,2.06287786413238,2.06065714280536,2.05818940903773,2.05555874356584,2.05286089292328,2.05019570752496,2.04765949358452,2.04533782710415,2.0432993121927,2.04159067846661,2.04023351149716,2.0392228022863,2.03852739065846,2.03809226594516,2.03784257863163,2.03768911132664,2.03753486014252,2.03728229333904,2.0368407891998,2.03613371668711,2.03510461747035,2.03372198219768,2.03198219065644,2.02991030444119,2.02755855720513,2.02500257194702,2.02233553282317,2.01966073259166,2.01708308574587,2.01470032155214,2.01259463322969,2.01082554749918,2.00942468850591,2.00839294672755,2.00770034142252,2.00728860727139,2.00707627054246,2.00696573767694,2.00685172757522,2.00663025965273,2.00620737507688,2.00550681960668,2.00447604336515,2.00309005696667,2.0013529003463,1.99929670438011,1.9969785320747,1.9944753570138,1.99187766004857,1.98928219639998,1.98678450640202,1.9844717207917,1.98241615504645,1.98067010655456,1.97926217210224,1.97819529813946,1.97744666741,1.97696941604909,1.97669606749502,1.97654346582065,1.97641889443139,1.97622698084168,1.97587692009502,1.9752895048862,1.97440343626318,1.97318041077618,1.97160854203298,1.96970377770645,1.96750911399156,1.96509158055669,1.96253715776311,1.95994397796967,1.95741433514471,1.95504616218737,1.95292471549,1.95111521790451,1.94965714778119,1.94856072508143,1.9478059468816,1.94734428348244,1.94710288874015,1.94699093316729,1.94690746401281,1.94675005627226,1.94642345749083,1.94584745200426,1.94496327084811,1.94373803649355,1.94216693477196,1.94027302476601,1.93810480677018,1.93573184838582,1.93323890542043,1.93071906067726,1.92826643983143,1.92596905451184,1.92390227680599,1.92212337628179,1.9206674594421,1.91954504990231,1.91874144109062,1.91821784566528,1.91791425968785,1.91775385715464,1.91764863451095,1.91750593898961,1.91723544392872,1.91675608452865,1.91600244515502,1.91493010022217,1.91351945932185,1.91177775537103,1.90973894030765,1.90746141018966,1.90502365994623,1.90251815290962,1.90004386399265,1.8976980990137,1.89556828821881,1.89372448500927,1.89221326263921,1.89105359131132,1.89023510347334,1.88971893252971,1.88944106294878,1.88931788536657,1.8892534367453,1.88914764741638,1.88890483139676,1.88844165175917,1.8876938667322,1.88662130257554,1.88521068656886,1.88347618388941,1.8814576914568,1.87921712867137,1.87683311349942,1.87439451343506,1.87199341210252,1.86971803696423,1.86764615905353,1.86583941109712,1.86433888518588,1.86316227342173,1.86230271097444,1.86172937512617,1.8613897891764,1.8612136788639,1.86111813367972,1.86101373927936,1.86081127442986,1.8604285118835,1.85979663319273,1.85886576856545,1.85760920909261,1.85602591261068,1.85414103550015,1.85200436635053,1.84968670481913,1.84727440725111,1.84486249353867,1.84254685931731,1.84041624613741,1.83854467440074,1.83698502917426,1.83576440401977,1.83488165752316,1.83430743453959,1.83398666985452,1.83384335149414,1.83378710147916,1.83372095857138,1.83354964007144,1.83318752911147,1.83256568130075,1.83163726134329,1.83038098956461,1.82880237816584,1.82693274374954,1.82482617420386,1.82255478683595,1.82020272939584,1.81785944174111,1.8156127148177,1.81354206132365,1.81171285740614,1.81017163628821,1.80894282140631,1.8080270854448,1.80740141766877,1.80702087863973,1.80682192122699,1.8067270621118,1.80665060155017,1.8065050147632,1.80620758068296,1.80568677832496,1.8048879733579,1.80377794237346,1.80234784308456,1.80061433561282,1.79861868999669,1.79642387085721,1.79410976058475,1.79176685280778,1.78948890135263,1.78736512895401,1.78547266885208,1.78386991934865,1.78259143076075,1.78164481799166,1.78101001027582,1.78064093021105,1.78046946032594,1.78041133328675,1.78037339683114,1.78026157767219,1.77998881363466,1.77948224461706,1.77868904539875,1.77758043304609,1.77615356876971,1.77443127568691,1.77245968772203,1.7703041120329,1.76804351464883,1.76576411965138,1.76355264560694,1.76148969346729,1.75964375547129,1.75806624377621,1.75678784944948,1.75581644454818,1.75513663800772,1.75471099399052,1.75448282206367,1.75438035442058,1.75432203883054,1.75422260029422,1.75399946365862,1.75357908869851,1.7529027537332,1.75193133860635,1.75064870634201,1.74906336623877,1.747208217671,1.74513831777773,1.74292677793482,1.74065906023713,1.73842610038796,1.73631681058167,1.73441059927208,1.73277057135431,1.73143803469126,1.73042883647084,1.72973189280274,1.72931007209249,1.72910336807692,1.72903407665981,1.72901349698834,1.72894953368041,1.72875449969474,1.72835241551751,1.72768516820487,1.72671702263671,1.72543714951193,1.72386002862224,1.72202377959087,1.71998664578369,1.71782199550332,1.71561229898262,1.71344258747939,1.71139390468055,1.70953722718172,1.70792826854172,1.70660349919298,1.70557762031597,1.70484263005666,1.70436851981218,1.70410553992228,1.70398788038051,1.70393852546804,1.70387496438652,1.70371537671214,1.70338486627879,1.70282129485107,1.70198027247102,1.7008388985127,1.6993979182159,1.69768206294306,1.6957384742804,1.6936332642996,1.69144642516632,1.68926545634882,1.68717821088959,1.68526555769834,1.68359450105568,1.68221238237725,1.68114270991537,1.68038302394238,1.67990502002715,1.67965693977628,1.67956801985305,1.67955459077051,1.6795272596292,1.67939851334405,1.67909005113422,1.6785391984053,1.67770386107453,1.67656563488234,1.67513086837459,1.67342966931574,1.67151302195407,1.66944833043433,1.66731381095128,1.66519221725421,1.66316440172402,1.6613031926472,1.65966801537097,1.65830060954991,1.65722210499769,1.65643162163577,1.65590645987306,1.65560385013991,1.65546413692555,1.65541518585816,1.65537772466276,1.65527126342081,1.65502019042017,1.65455961161951,1.65384049903451,1.65283374017878,1.65153273949962,1.64995431358278,1.64813774170133,1.64614197544943,1.64404116556059,1.64191881734161,1.63986102328882,1.63794932687016,1.63625383120193,1.63482717006704,1.63369990150668,1.63287776796568,1.63234110090342,1.6320464478686,1.63193028733166,1.63191449461946,1.63191305401323,1.63183939654676,1.63161369284296,1.63116944971721,1.63045884376298,1.62945636240842,1.62816049500946,1.6265934026489,1.62479867493292,1.62283743768644,1.6207831944531,1.61871586038361,1.61671547848803,1.61485609910423,1.61320026073217,1.61179444251932,1.61066577408241,1.60982019442126,1.60924215426117,1.60889585947588,1.608727960265,1.60867150381861,1.60865088964889,1.60858749946518,1.60840562098655,1.60803825160328,1.60743235772139,1.60655318297912,1.60538724617409,1.60394374851802,1.60225421776597,1.60037034854162,1.5983601450433,1.59630262240818,1.59428146222209,1.59237813096366,1.59066504338066,1.58919937456426,1.58801808820616,1.58713465382282,1.58653777920603,1.58619229938063,1.58604215882171,1.58601522186834,1.58602946990165,1.58600001299584,1.58584627294233,1.58549869076301,1.58490437359809,1.58403121371755,1.58287017056777,1.58143558565967,1.57976357937641,1.5779087401138,1.57593944548708,1.57393224403717,1.57196577103375,1.57011467571169,1.56844400542518,1.56700443270627,1.56582863252841,1.56492902694134,1.56429701896686,1.56390374195366,1.5637022578971,1.56363105111316,1.56361858440773,1.56358861601823,1.56346592022044,1.56318201636129,1.56268049438773,1.56192153372534,1.56088524972859,1.55957356926719,1.55801043327809,1.55624024525204,1.55432462329278,1.55233765905927,1.55036002650837,1.54847240249109,1.54674874579721,1.5452500192124,1.54401892253691,1.54307613083811,1.54241840554184,1.54201877711582,1.54182880376887,1.54178271153247,1.54180303947972,1.54180727025689,1.54171483669374,1.54145386943913,1.54096708975744,1.5402163492092,1.5391854605026,1.53788113333254,1.53633200571575,1.53458592640517,1.53270578204931,1.53076426346994,1.52883802398455,1.52700169955154,1.52532224024002,1.52385395228262,1.52263457795676,1.52168265471578,1.5209963022036,1.52055349137086,1.5203137577199,1.52022123349832,1.52020879369285,1.52020304029331,1.52012979132815,1.5199196990364,1.51951359906811,1.51886719363926,1.51795469936382,1.51677114697763,1.51533310517142,1.51367771129369,1.51186002163658,1.50994883412651,1.50802127463231,1.50615656122203,1.50442945468461,1.50290395600815,1.50162781304781,1.50062834503487,1.49990998671856,1.49945380217064,1.4992190360056,1.49914657592189,1.49916401629884,1.49919185886714,1.49915028061825,1.49896585269468,1.49857761110013,1.49794195687949,1.4970359890226,1.49585903155225,1.49443228813795,1.4927967242416,1.4910094219052,1.48913876389395,1.4872588753965,1.48544378152591,1.48376173059139,1.48227009276758,1.48101117922803,1.48000924608404,1.47926885778843,1.47877469183799,1.47849277496124,1.4783730536372,1.47835312117124,1.47836285189268,1.4783296328384,1.4781838375688,1.47786415905425,1.47732241258696,1.47652743875414,1.47546778290964,1.47415290174743,1.47261274751189,1.47089570117588,1.46906495963814,1.46719361791918,1.46535881275149,1.46363539538881,1.46208966626099,1.46077372221062,1.45972093263579,1.45894297364406,1.45842871525809,1.45814508786813,1.45803986758057,1.45804613597553,1.4580880086312,1.4580871068278,1.4579691814568,1.45767029391125,1.45714201457102,1.45635520707971,1.45530211174908,1.45399660638081,1.45247268892077,1.45078137666281,1.44898633788951,1.44715865549821,1.44537116520798,1.44369281500111,1.44218346270865,1.44088947236596,1.43984039507193,1.43904693405027,1.43850030273351,1.43817299383081,1.43802089001666,1.43798656567442,1.43800355623986,1.43800130942973,1.4379104837498,1.43766822737037,1.43722305819876,1.43653897705548,1.43559848278472,1.43440422193821,1.43297909523326,1.43136475446499,1.42961855017481,1.42780912259706,1.42601095450062,1.42429831163301,1.42273907192181,1.42138897765093,1.42028682835308,1.41945106401332,1.41887807212282,1.41854239792961,1.41839885993435,1.41838639096708,1.41843325912147,1.41846319116638,1.41840183859805,1.41818300199178,1.41775406429972,1.41708017249712,1.41614683754304,1.41496077872028,1.41354900192883,1.41195625504343,1.41024113260935,1.40847119702756,1.40671753914226,1.40504921777445,1.40352799913328,1.40220376969167,1.40111092775156,1.40026597721932,1.39966645874835,1.39929126366534,1.3991022888855,1.39904730922677,1.39906386948811,1.39908393457868,1.39903898431162,1.39886520305442,1.39850839646651,1.39792827130405,1.39710174244095,1.39602498530261,1.39471403138029,1.39320380650095,1.39154563046803,1.38980332422276,1.38804819610251,1.38635328985334,1.3847873613037,1.38340909688087,1.38226208728812,1.38137101990688,1.38073945552316,1.38034941629838,1.38016284545581,1.38012482206302,1.38016824584179,1.38021956601095,1.38020503064503,1.38005688957309,1.37971899843312,1.37915134100013,1.3783331016606,1.37726406532097,1.37596428084847,1.37447207894503,1.37284067091398,1.37113365976093,1.36941986295072,1.3677678752675,1.36624079315697,1.36489148426921,1.36375872492997,1.3628644515761,1.36221228679093,1.36178741224224,1.36155777396184,1.36147652322883,1.36148552126226,1.36151967013356,1.361511778034,1.36139762689353,1.3611208873152,1.3606375229414,1.35991934643698,1.35895643405122,1.35775817540518,1.35635282775782,1.3547855549589,1.35311505333121,1.35140899015613,1.34973859384894,1.34817282622802,1.34677262516665,1.34558572132628,1.34464250039268,1.34395330206578,1.34350742441239,1.34327394796969,1.34320432357554,1.34323649946781,1.34330021540378,1.34332298105783,1.34323619506807,1.34298085604855,1.34251236699793,1.34180403250739,1.34084898129561,1.33966039876697,1.33827010837213,1.33672568075041,1.3350863634016,1.33341820288194,1.33178877296286,1.33026192694746,1.32889296493162,1.32772455387342,1.32678366737324,1.32607973026793,1.32560406669411,1.32533066403201,1.3252181826901,1.32521306568824,1.32525353462237,1.32527420197943,1.3252109862937,1.32500598901095,1.32461198305835,1.32399617573537,1.32314294466292,1.32205530584883,1.32075495622488,1.31928083568485,1.31768626951653,1.31603487252,1.314395510454,1.31283671116498,1.31142098549729,1.31019954724746,1.30920790560207,1.30846274076494,1.30796036722229,1.30767694814248,1.30757046236509,1.3075842592118,1.30765188410888,1.30770273679288,1.30766804727322,1.30748663099252,1.3071099154907,1.30650581140834,1.30566112014954,1.30458231422143,1.30329467763422,1.30183993675227,1.30027263312181,1.29865557950811,1.2970547937416,1.29553432162078,1.29415134341838,1.29295191438789,1.29196762520941,1.29121339078101,1.2906864916667,1.29036690718977,1.2902188966379,1.29019370825622,1.2902332268945,1.29027431239118,1.29025353423417,1.29011197625062,1.28979977076428,1.2892800274578,1.28853185022218,1.28755218665966,1.28635632908893,1.28497698017536,1.28346190548408,1.28187031168259,1.28026820310399,1.27872306994451,1.27729833734706,1.27604804601412,1.2750122344202,1.2742134467474,1.27365470087883,1.27331912396277,1.27317131090901,1.27316029916044,1.2732238986259,1.27329398594733,1.27330228188604,1.27318608948374,1.2728934826933,1.272387497805,1.27164898468043,1.27067790841923,1.26949303889547,1.26813010955413,1.26663865371808,1.26507782565659,1.26351157841313,1.26200359895859,1.26061239563278,1.25938689801341,1.25836287201173,1.25756038038871,1.25698243779811,1.25661492556116,1.25642774903865,1.25637714294241,1.25640895971902,1.25646271537451,1.25647611785784,1.25638976761127,1.25615170059066,1.2557214435203,1.25507327165512,1.25419840230135,1.25310592275891,1.25182233720337,1.25038971906522,1.24886256709174,1.24730357575477,1.24577863368624,1.24435144647305,1.243078232207,1.24200295156727,1.24115350426199,1.24053925018796,1.24015010152661,1.23995729096391,1.2399157652193,1.239967998596,1.24004888531683,1.24009126719907,1.24003159609911,1.23981522445348,1.23940086189088,1.23876382494095,1.23789782892407,1.23681521151276,1.2355456204681,1.23413332901909,1.23263344944941,1.23110739082933,1.2296179470079,1.22822440660946,1.22697805182055,1.22591836331773,1.22507018178054,1.22444199891562,1.2240254687908,1.22379614837934,1.22371539821985,1.22373330274021,1.22379240722692,1.22383201660221,1.22379276217613,1.2236211186871,1.22327354767967,1.22271995684937,1.22194620001048,1.22095539923401,1.21976794818634,1.21842015040171,1.21696155247503,1.21545114211093,1.21395268504706,1.2125295626359,1.21123953311466,1.2101298656591,1.20923328143393,1.20856507828872,1.20812171854686,1.2078810304435,1.20780402545066,1.20783818128891,1.20792190038735,1.20798974151126,1.20797795076341,1.20782979490749,1.20750022681748,1.20695948564069,1.20619534348011,1.20521384273525,1.20403850852981,1.20270815402046,1.20127351013637,1.19979299631562,1.19832800018058,1.1969380510816,1.19567625781807,1.19458533990978,1.19369452119312,1.19301748117167,1.19255147977248,1.19227769016478,1.19216269609939,1.19216103781874,1.19221862628774,1.19227679129828,1.19227668686684,1.19216374937914,1.1918918924044,1.19142712922579,1.19075034168883,1.18985896274926,1.18876740939735,1.18750618982514,1.18611970902213,1.18466290352425,1.18319694004174,1.18178430420881,1.18048367461859,1.17934501461452,1.17840531339358,1.1776853657917,1.17718789800487,1.17689723052781,1.17678053030125,1.17679055546812,1.1768696541172,1.17695465861998,1.17698223302205,1.17689419167588,1.1766423167639,1.1761922585452,1.17552619754746,1.17464407067758,1.17356329898815,1.17231708882597,1.17095149702682,1.16952154445832,1.16808672421805,1.16670627897944,1.16543461791116,1.16431721171119,1.16338725076067,1.1626632829703,1.1621479710143,1.16182802889685,1.16167531962993,1.16164902257782,1.1616987132357,1.16176814184205,1.16179945213868,1.1617375497807,1.16153431352786,1.16115234357032,1.16056796195819,1.15977322114594,1.15877673793102,1.15760324968104,1.15629188379517,1.15489323377217,1.15346543807596,1.15206955186759,1.15076457681041,1.14960256138199,1.14862419611416,1.14785530065814,1.14730453231633,1.1469625430721,1.14680268305953,1.14678320543664,1.14685078567733,1.14694504282491,1.14700365522787,1.14696760929699,1.1467861125915,1.14642074209276,1.14584847930666,1.14506339564735,1.14407688111979,1.14291644220471,1.14162321740344,1.14024845991536,1.13884930877545,1.1374842089069,1.13620834722722,1.1350694495914,1.1341042374695,1.13333578035463,1.13277190653641,1.13240475693108,1.13221148893354,1.13215606341888,1.13219198081787,1.13226577376682,1.13232101606124,1.13230257238091,1.13216079246086,1.13185534909041,1.13135843339293,1.13065705456051,1.12975424480067,1.12866904236987,1.12743521303602,1.12609876794034,1.12471443651986,1.12334134825941,1.12203825709112,1.12085869798392,1.1198464888363,1.11903197702361,1.11842937730242,1.11803545894064,1.11782972201404,1.11777606683322,1.11782582034091,1.11792185414802,1.11800342495648,1.1180113010048,1.11789271512566,1.11760570801863,1.11712249093997,1.11643155678521,1.11553839042628,1.11446475924795,1.11324668932264,1.11193133968447,1.11057306798305,1.10922903048299,1.10795467682707,1.10679948746875,1.10580326398103,1.10499322574704,1.10438209737067,1.10396729555264,1.10373124726448,1.10364279685918,1.10365959135177,1.10373127282645,1.10380325666413,1.1038208357883,1.10373332622652,1.1034979599203,1.10308323874559,1.10247149053661,1.10166041405663,1.10066346453577,1.09950901213133,1.0982382980808,1.09690231109829,1.09555780174241,1.09426273605938,1.09307155266214,1.09203062140748,1.091174300965,1.09052195401285,1.0900762037034,1.08982260889973,1.08973080803473,1.0897570449794,1.08984785942356,1.08994461328527,1.08998844592751,1.08992521316956,1.0897099720677,1.08931062364294,1.0887104125218,1.08790909518263,1.08692271411139,1.08578204003465,1.08452985608362,1.08321734646563,1.08189991176394,1.08063276098852,1.07946662810878,1.07844393189601,1.07759564809093,1.07693909851849,1.07647678900497,1.07619635228015,1.07607157789191,1.07606444186032,1.07612798684274,1.07620985094227,1.07625620174262,1.0762158034684,1.0760439311653,1.0757058482271,1.07517958392536,1.07445778662079,1.0735484857421,1.07247466956638,1.07127267265845,1.06998946097629,1.06867899689775,1.06739795234084,1.06620110686058,1.06513681076837,1.06424290427103,1.06354345848672,1.06304664275187,1.06274392880401,1.06261072417873,1.06260839585951,1.06268751442801,1.06279203281388,1.06286402511061,1.06284855966334,1.06269827220685,1.06237723956738,1.06186382755983,1.0611522891055,1.06025300820983,1.05919140900173,1.05800566384426,1.05674342998698,1.05545791295419,1.05420359316054,1.05303196003568,1.05198757814693,1.05110476743585,1.05040512078311,1.04989601287594,1.04957018044113,1.04940638007416,1.04937105986726,1.04942091760165,1.04950616352173,1.04957426139377,1.04957388933459,1.04945884351094,1.04919160499699,1.04874630434798,1.04811085075393,1.04728804299388,1.04629554651697,1.04516470189345,1.04393821984828,1.04266691059932,1.04140568239088,1.04020911737038,1.03912698395814,1.03820006652576,1.03745668076776,1.03691019512043,1.03655779733634,1.03638063728747,1.03634535226436,1.0364068520642,1.03651212173547,1.03660470307755,1.03662945264067,1.03653715096377,1.03628855724672,1.03585756264299,1.03523318639247,1.03442027121546,1.03343885507402,1.03232231281229,1.03111446209116,1.02986590500578,1.02862992490246,1.02745827588664,1.02639719219567,1.02548391021213,1.02474394304453,1.02418928243451,1.02381763112724,1.02361269583509,1.02354550055816,1.02357661532402,1.02365913865276,1.02374222509131,1.02377491367226,1.02370999077569,1.02350761322571,1.02313842601532,1.0225859349283,1.02184793786643,1.02093687907865,1.01987906537183,1.01871276868433,1.01748532934304,1.01624946169292,1.01505904045302,1.01396470383367,1.01300964071529,1.01222592854234,1.01163175345176,1.01122977557034,1.01100680529557,1.01093483928396,1.0109733792805,1.01107283595921,1.01117871677606,1.01123622290802,1.01119484381574,1.01101254256697,1.01065916966379,1.01011882195508,1.00939096674468,1.00849026750407,1.00744516405278,1.00629536504581,1.00508849482154,1.00387619404676,1.00271000157719,1.00163734424781,1.0006979352868,0.999920835855488,0.999322373813824,0.998905045109285,0.998657451449796,0.99855525748284,0.998563084934743,0.998637202622765,0.998728821907553,0.998787768647261,0.9987662765861,0.998622634906719,0.998324425892779,0.997851108488448,0.997195740568406,0.99636568649535,0.995382225247893,0.994279054670482,0.99309977417575,0.991894514930458,0.99071596548741,0.989615103908072,0.988636987099376,0.987816958333705,0.987177611186544,0.986726792128074,0.986456838188072,0.986345137644473,0.986355980887469,0.986443547859394,0.986555770701068,0.986638727295028,0.986641172465742,0.986518803938334,0.986237890392392,0.985777954998343,0.985133301562797,0.984313280876865,0.983341309845223,0.98225276363815,0.981091951442679,0.979908452248259,0.978753124725083,0.977674114231536,0.976713162761373,0.975902488694975,0.975262448163809,0.974800124564844,0.97450892276128,0.974369174439097,0.9743496946285,0.974410169314649,0.974504202460867,0.974582809372177,0.974598113689248,0.974506988910237,0.974274383603703,0.973876083608387,0.973300695263964,0.972550681005629,0.971642341200913,0.970604711115502,0.96947742494782,0.968307684033751,0.967146546472719,0.966044822811384,0.965048909437408,0.964196911484821,0.963515395950712,0.963017071978177,0.962699621008592,0.962545800518585,0.962524830362192,0.962594951757196,0.962706938230924,0.962808247470443,0.962847443022749,0.962778491726412,0.962564558837006,0.962180975643244,0.961617137367301,0.960877192488866,0.959979496688651,0.958954913514664,0.957844139080898,0.95669430156039,0.955555133053492,0.954475030026459,0.953497310331007,0.952656943554642,0.951977982317304,0.951471860911119,0.951136659988833,0.950957366747938,0.950907093194656,0.950949153661018,0.951039849109294,0.951131761712169,0.951177330286495,0.951132456811039,0.950959887849763,0.95063212347087,0.950133631071676,0.94946218256257,0.948629189750697,0.947658982269567,0.9465870512772,0.945457365119437,0.944318943643604,0.943221948432021,0.942213599373691,0.941334256959841,0.940614009464885,0.940070072355355,0.939705244696131,0.939507578374157,0.939451308379878,0.939498976608198,0.939604569649864,0.939717394912698,0.939786349733914,0.939764202607676,0.939611507978442,0.93929981550634,0.938813906250701,0.938152883261389,0.937330051753807,0.936371632743202,0.935314452841129,0.934202833009693,0.933084954463888,0.932009007894512,0.931019433141204,0.930153533301152,0.929438704661059,0.928890467307461,0.92851141642055,0.928291146220667,0.928207131618335,0.928226490180781,0.928308491597262,0.928407635325502,0.928477081108441,0.928472192989757,0.928353946679341,0.928091953852378,0.927666876143761,0.927072036601429,0.926314086681471,0.925412650789778,0.924398944745783,0.923313444705363,0.922202763022331,0.921115960272822,0.920100580879133,0.919198736551433,0.918443571575032,0.91785642351857,0.91744494191573,0.917202348963565,0.917107926737371,0.91712870417419,0.917222205378717,0.917340020522908,0.917431882714649,0.917449887310781,0.917352479316817,0.917107860596542,0.916696528148645,0.916112740460996,0.915364810984569,0.914474234836319,0.913473755914029,0.912404567221216,0.911312900450328,0.910246297930571,0.909249870193212,0.908362827651002,0.907615539263812,0.907027319776578,0.906605085729664,0.906342954204066,0.906222791709311,0.906215657414229,0.906284027875984,0.906384641662338,0.906471763430931,0.906500639520188,0.90643090221809,0.906229678834272,0.905874175521056,0.905353535015495,0.904669811877456,0.903837967082577,0.902884853398453,0.901847239802059,0.900769001869259,0.899697679058383,0.898680662021499,0.897761316585635,0.896975369955487,0.896347874992258,0.895891028757047,0.895603053684545,0.895468258938454,0.895458293895239,0.895534495747929,0.895651130395674,0.895759241194946,0.895810763097907,0.895762536460045,0.895579867720212,0.895239331351828,0.894730583116904,0.894057049825462,0.893235464853003,0.892294320635354,0.891271399343775,0.890210613198475,0.889158431512426,0.888160190770427,0.887256577900359,0.886480548703881,0.885854897944033,0.885390640220772,0.885086296820107,0.884928117969789,0.88489120633472,0.884941449221144,0.885038116141873,0.885136936880774,0.88519344442339,0.88516634838508,0.885020699069351,0.884730611049738,0.884281338845651,0.883670535882924,0.882908580591949,0.882017918103852,0.881031439091934,0.879989994030705,0.878939215496332,0.877925886354836,0.876994140918187,0.876181813225337,0.875517246910584,0.875016852397861,0.87468364009828,0.87450687680187,0.874462913529109,0.874517126211837,0.874626806658363,0.874744751441326,0.874823230476476,0.874817982389732,0.874691883969303,0.874417975678471,0.8739815900026,0.873381416638726,0.872629438302911,0.871749772472491,0.870776547498197,0.869751017785933,0.868718176334663,0.867723150978118,0.866807673262472,0.866006888490077,0.865346736294804,0.864842078332043,0.864495688584928,0.864298157334448,0.864228696217476,0.864256772370589,0.864344446996182,0.86444924971276,0.864527386252852,0.864537054718033,0.864441635868769,0.864212526876295,0.863831406360815,0.863291751597954,0.862599475885088,0.861772613555918,0.860840049109359,0.859839361137983,0.858813925710598,0.857809491175524,0.856870490274028,0.856036389696688,0.855338386740946,0.854796744508737,0.85441901073662,0.854199293544774,0.854118675911731,0.854146748021546,0.854244133103751,0.854365788901999,0.854464793589521,0.854496279841114,0.854421168778587,0.854209377722413,0.853842229221164,0.853313867250812,0.852631580732544,0.851815034261273,0.85089450090458,0.849908273180806,0.848899489168739,0.847912647253183,0.846990094294062,0.84616875964807,0.84547737507513,0.844934372919679,0.844546597285478,0.844308900258134,0.844204632012411,0.844206973505762,0.844281006211761,0.844386367084057,0.844480300268372,0.844520891319127,0.844470255999763,0.844297455184854,0.843980920733687,0.843510204843518,0.842886907018589,0.842124687159591,0.841248337951439,0.840291960964112,0.839296363703997,0.838305863319646,0.837364740328566,0.83651362626917,0.835786127155077,0.83520597627568,0.8347849739368,0.83452190977428,0.834402579953857,0.834400914294494,0.834481126583779,0.834600705600178,0.834713984909494,0.8347759750962,0.834746118708015,0.834591638231819,0.834290189389162,0.83383160082545,0.833218568883159,0.832466272854591,0.83160097170569,0.830657728388299,0.829677475080904,0.828703677207474,0.827778873931921,0.826941368720212,0.826222318356216,0.825643426806559,0.825215396594979,0.824937229977008,0.824796409844574,0.824769929816181,0.824826087418625,0.824926905938008,0.825031011164328,0.825096760274739,0.825085402681722,0.824964047838028,0.824708223563062,0.82430383091932,0.823748337947841,0.82305110376712,0.822232784673874,0.821323841740425,0.820362240526456,0.819390502402794,0.818452327452317,0.817589054714409,0.81683625103353,0.816220720697754,0.815758202256355,0.815451966910085,0.815292458162206,0.815258021333645,0.815316672713578,0.815428761551025,0.815550294007338,0.815636625728747,0.815646195739628,0.81554397256166,0.815304313763432,0.814912998766424,0.814368274774276,0.813680848121363,0.812872848236861,0.811975879251358,0.81102834699728,0.810072301061712,0.809150059686953,0.808300889460852,0.807557994003998,0.806946030030152,0.80647931996541,0.806160872791786,0.80598226370996,0.805924362739633,0.805958845819536,0.80605037184852,0.806159267308293,0.806244528101599,0.806266927261961,0.806192008299071,0.805992747984394,0.805651689899474,0.80516238115286,0.804529988722657,0.80377102734912,0.802912195060198,0.801988381300578,0.801039981194377,0.800109711881733,0.79923917703374,0.798465457806408,0.797818017945239,0.797316194617703,0.796967504413516,0.79676692822645,0.796697254653425,0.79673046678684,0.796830061190755,0.796954100452647,0.797058731436123,0.797101857849081,0.797046642730277,0.796864535164891,0.79653756353731,0.79605970922822,0.795437261717943,0.794688149066815,0.793840327095443,0.792929387769625,0.791995605847752,0.791080678910941,0.790224428298886,0.789461718460586,0.788819822939263,0.788316421027806,0.787958354993762,0.787741218540651,0.787649787160578,0.787659243788558,0.78773710145648,0.787845680575335,0.787944963664437,0.787995626063206,0.787962028437146,0.787814956579009,0.787533906749837,0.787108740868105,0.786540574883162,0.785841814425772,0.785035312009786,0.784152686214174,0.783231910859865,0.782314345781411,0.781441434459142,0.7806513317014,0.779975741746258,0.779437240143268,0.77904732032255,0.778805349224155,0.778698539870933,0.778702959006266,0.778785493540039,0.778906610231125,0.779023668305192,0.779094492709843,0.779080892136248,0.778951813264161,0.778685859846231,0.778272967774694,0.777715107954286,0.777025978693576,0.776229738958983,0.775358914428679,0.774451672723316,0.773548707705219,0.772689993188971,0.771911664186474,0.771243261412282,0.770705536146158,0.770308962378198,0.770053046259599,0.769926463715052,0.769907999467884,0.769968207745018,0.770071668877238,0.770179678604562,0.770253179452078,0.770255727143271,0.770156280584564,0.769931612185647,0.769568156523056,0.769063149425342,0.768424955535492,0.767672538424345,0.766834090421398,0.765944905403651,0.765044641783718,0.76417417920666,0.763372315265996,0.762672572700829,0.762100389092605,0.76167093799882,0.761387783131546,0.761242498706586,0.76121530516822,0.761276677986072,0.761389797297252,0.761513627261143,0.7616063546364,0.761628882792773,0.761548073744218,0.761339457039211,0.760989177254276,0.76049502524384,0.759866483971113,0.759123808497237,0.758296242597363,0.75741954386296,0.756533039490486,0.755676463208431,0.754886829451782,0.754195585676184,0.753626251011977,0.75319270370346,0.752898225727342,0.752735355201031,0.752686539682484,0.752725529504184,0.752819402420993,0.752931071003722,0.753022093819796,0.753055591629279,0.75299906149882,0.752826885622798,0.752522348196619,0.752079002921612,0.751501274977422,0.750804233047544,0.750012526681395,0.749158548304212,0.748279942933453,0.747416646779963,0.746607682770908,0.745887971317849,0.74528542405646,0.744818574142634,0.744494958530596,0.744310407552565,0.744249319739309,0.744285912149231,0.744386347121796,0.744511554578346,0.74462050350014,0.74467363415077,0.744636148568869,0.744480872270996,0.744190443034497,0.743758648024727,0.743190810960482,0.742503217715406,0.741721652807218,0.740879192620227,0.740013457695431,0.739163562080504,0.738367011150855,0.737656791437158,0.737058869641931,0.736590277229281,0.736257906307691,0.73605808657807,0.735976956072769,0.735991583809589,0.736071753124293,0.736182272415939,0.736285646883723,0.736344921742842,0.736326495355128,0.736202700476426,0.735953963917616,0.735570379455425,0.735052565376232,0.734411725410574,0.73366888789712,0.732853359614753,0.732000493620841,0.731148929617179,0.730337515420544,0.729602153744627,0.728972835109969,0.728471112036231,0.728108240451417,0.727884162618077,0.727787435563227,0.72779612610847,0.727879606019997,0.728001097382615,0.728120747835342,0.72819896544205,0.7281997191997,0.728093516060037,0.727859798109192,0.727488560301614,0.726981063388018,0.72634960024479,0.725616357927465,0.724811494146815,0.723970608669081,0.723131832679903,0.722332780175972,0.721607605072242,0.72098438803189,0.720483041581108,0.720113875235479,0.71987690874241,0.719761965466138,0.719749523125481,0.719812248518671,0.719917098829018,0.720027836341791,0.720107777242856,0.720122579626601,0.720042871686158,0.719846528838584,0.719520428502441,0.719061543180698,0.718477275503222,0.717784991157702,0.717010764401241,0.716187412334156,0.715351953724383,0.714542680717408,0.713796071954416,0.713143798632664,0.712610077210086,0.712209601877011,0.711946246893513,0.711812666146492,0.711790839919703,0.71185353401296,0.711966552432013,0.712091590668711,0.712189440084485,0.712223261246877,0.712161638770547,0.711981152727177,0.711668249322196,0.711220260819729,0.710645504119868,0.709962470439557,0.709198196830307,0.708385976529308,0.70756261400286,0.706765458889257,0.706029460123172,0.705384468698142,0.704852987838409,0.704448526895282,0.70417466454339,0.704024872185242,0.703983093764298,0.704025026674352,0.704120002686403,0.704233329711566,0.70432892618962,0.704372060996523,0.704332003829799,0.704184394683365,0.703913156607674,0.703511803383183,0.702984032331805,0.702343540799437,0.701613060499967,0.700822663574237,0.700007453631653,0.699204809286268,0.698451391605519,0.697780155579035,0.697217615189125,0.696781599398021,0.696479701827169,0.696308571901748,0.696254123988265,0.696292659913719,0.696392817078739,0.69651817766456,0.696630312322639,0.6966919909765,0.69667027842823,0.696539244909286,0.696282059976733,0.695892297775069,0.695374355953434,0.694742971410834,0.694021895210521,0.693241858848632,0.692438018544236,0.69164709943565,0.690904475966332,0.690241418965727,0.689682716403776,0.689244837178746,0.688934759880979,0.688749535654713,0.688676600118969,0.688694797255675,0.688776030975363,0.688887419815595,0.688993798477214,0.689060387835251,0.689055443560559,0.688952693206244,0.688733382947284,0.688387778169913,0.687915996337741,0.687328094857587,0.686643389002837,0.685889032358693,0.685097950873632,0.684306276860084,0.683550476206333,0.682864395717127,0.682276473605931,0.681807351690772,0.681468101586648,0.681259230122649,0.681170564640248,0.681182042224019,0.681265345472848,0.681386249315515,0.681507476811228,0.68159181403569,0.681605210253664,0.681519592183462,0.681315149842834,0.68098190287853,0.680520424602105,0.679941678682447,0.679266002408978,0.678521342841808,0.677740911488386,0.676960464782171,0.676215439203244,0.675538171204412,0.6749554149574,0.674486338530755,0.674141135522687,0.67392033873328,0.673814869302532,0.673806802489514,0.673870782901099,0.673975979810033,0.674088438956671,0.674173662174739,0.674199231265244,0.674137288474683,0.673966693190175,0.67367469320275,0.673257978814655,0.672723028266402,0.672085701755567,0.671370096148078,0.670606729868128,0.669830183124315,0.669076367806796,0.668379639209469,0.667769983772839,0.667270519893946,0.66689553065142,0.666649208198791,0.666525232003845,0.666507231701705,0.666570106595489,0.666682095503126,0.666807420779565,0.666909276392573,0.666952897782623,0.666908444409727,0.666753445037171,0.666474598628383,0.666068785337987,0.665543215648035,0.664914723414432,0.664208282601532,0.66345489085284,0.662689010492547,0.661945785920012,0.661258264725045,0.660654839313101,0.660157099059896,0.659778243724743,0.659522161241168,0.659383221269007,0.659346783841303,0.659390373256947,0.659485423556688,0.659599465368792,0.659698596033257,0.659750056760455,0.659724732915762,0.659599396856263,0.659358527314587,0.658995564997306,0.65851350017697,0.657924733224377,0.657250201011026,0.656517817788664,0.655760334613985,0.655012772144396,0.654309622943566,0.653682046767422,0.653155291889828,0.652746564974073,0.652463540765927,0.65230365258334,0.652254238986465,0.652293546854421,0.652392513537378,0.652517178658192,0.652631517133938,0.652700445468014,0.652692737636267,0.652583596604289,0.652356661458148,0.652005284418785,0.651532980595621,0.650953028816039,0.650287276452938,0.64956426765765,0.648816866987351,0.648079585224843,0.647385829507563,0.646765296057694,0.646241702927555,0.645831025586044,0.645540353892749,0.645367439203004,0.645300948914497,0.645321396075568,0.64540266646722,0.64551402695369,0.645622468421302,0.645695215413287,0.645702223435438,0.645618484443535,0.645425971571657,0.645115075712932,0.644685418616837,0.644145968575923,0.643514433642969,0.642815960922968,0.642081225276078,0.641344042512933,0.640638686242036,0.639997119387628,0.63944636708617,0.639006254379304,0.638687708652226,0.638491783892257,0.638409504476852,0.638422555307333,0.638504769288935,0.638624289966775,0.63874622416819,0.6388355535048,0.638860049550787,0.638792938048083,0.638615082453185,0.638316503650126,0.637897115477039,0.637366627989307,0.636743644536379,0.636054047426946,0.635328823945668,0.6346015252276,0.633905572515861,0.63327162824377,0.632725234663121,0.63228489325895,0.631960717689817,0.631753745555629,0.631655943900384,0.631650893556023,0.631715091165223,0.631819767274913,0.631933085980234,0.632022567472718,0.632057560423219,0.632011587058658,0.631864390464012,0.631603531141783,0.631225407859495,0.630735615422899,0.630148597634329,0.629486604930867,0.628778019825965,0.628055165373025,0.627351758036146,0.626700202102066,0.626128943985002,0.625660108260968,0.625307621243442,0.625075992441548,0.624959871453395,0.624944431913066,0.625006560951157,0.625116759348707,0.625241591660172,0.625346474039373,0.625398555901656,0.625369443337514,0.625237528197799,0.624989725127504,0.624622475204448,0.624141943035736,0.623563406927261,0.622909911707079,0.622210314365168,0.621496898764116,0.620802764087991,0.620159201301753,0.619593263486589,0.619125711855136,0.618769482956356,0.618528777997259,0.61839882632038,0.618366325549363,0.618410513881538,0.618504787973797,0.618618744739743,0.618720498539277,0.618779107694379,0.618766936717682,0.618661783557693,0.618448614730666,0.618120775231936,0.617680573905212,0.617139187169054,0.616515872582169,0.615836535801283,0.615131746427767,0.614434345879654,0.613776829370731,0.613188710148569,0.612694083868168,0.612309602092118,0.61204303579677,0.611892563772217,0.611846860322276,0.611885986935369,0.611983020208938,0.612106280526381,0.612221969884615,0.612296988881554,0.612301686389474,0.612212302644741,0.612012896494165,0.611696596932235,0.611266082366975,0.610733261468908,0.610118199745558,0.609447399327456,0.608751590240999,0.60806322582445,0.607413891073804,0.606831830709097,0.606339785410644,0.605953292989649,0.605679569952573,0.605517041955868,0.60545554280792,0.605477154261035,0.605557615530374,0.605668194347275,0.605777881953906,0.6058557539147,0.605873327761587,0.605806747818981,0.605638637307101,0.605359477922089,0.604968407044343,0.604473361463552,0.603890542242904,0.603243225504308,0.602559995195533,0.601872522410016,0.601213057346927,0.600611830321349,0.600094573649155,0.59968037404716,0.599380044224433,0.599195163259764,0.599117880789267,0.599131514441681,0.599211899346463,0.599329379835085,0.599451273763248,0.599544595580796,0.5995788001715,0.599528308172342,0.599374595028275,0.599107667992995,0.598726813002679,0.598240560572709,0.597665889548693,0.597026752744759,0.596352063240514,0.595673319966696,0.595022073657207,0.594427438677775,0.593913843807001,0.593499188291985,0.593193531906112,0.592998403182184,0.592906762288249,0.592903607571742,0.592967170484152,0.593070604699321,0.593184043497263,0.593276876167016,0.59332008016139,0.593288441586426,0.593162502649436,0.592930090963847,0.592587311773839,0.592138919349237,0.591598026491082,0.590985159032572,0.590326712437152,0.589652916459987,0.588995457291534,0.588384940483359,0.587848398449553,0.587407050444839,0.587074508930097,0.586855594105073,0.586745869970512,0.586731954346885,0.586792587240596,0.586900373348349,0.58702405226529,0.587131100639517,0.587190439405025,0.587175009735368,0.587063994515683,0.58684449641137,0.586512535160879,0.586073289886927,0.585540580324524,0.584935647036705,0.584285348668275,0.583619939093595,0.582970615712852,0.582367040860245,0.581835031871942,0.581394593896165,0.581058436117386,0.580831070367232,0.580708544890095,0.580678818888068,0.580722738484712,0.580815534405338,0.580928727844964,0.581032305046831,0.581097004031053,0.581096549393828,0.581009673568914,0.580821775519602,0.580526090260628,0.580124274197973,0.579626350768566,0.579050006336309,0.578419275085435,0.577762700383035,0.577111104891086,0.576495138534098,0.575942798406606,0.575477124596323,0.575114268543119,0.574862105289137,0.574719518940722,0.574676434896536,0.574714607663429,0.5748091054382,0.574930368796403,0.575046667405982,0.575126741375268,0.57514239671402,0.57507082930266,0.574896478140556,0.574612253509341,0.574220044098463,0.573730472846079,0.573161937495307,0.572539032220172,0.571890495745144,0.571246865345083,0.570638032997093,0.570090899649402,0.569627307586752,0.569262401934165,0.569003533909581,0.568849774234426,0.568792058744559,0.568813942933818,0.568892900588996,0.569002065928149,0.569112290274668,0.569194364377904,0.569221246783386,0.569170137651205,0.56902424634235,0.568774119830721,0.568418427018699,0.56796413027802,0.567426018329907,0.566825621559835,0.566189578984459,0.56554757172594,0.564929977055716,0.564365425947215,0.563878462207854,0.563487500140707,0.563203259128387,0.563027817996401,0.562954381796499,0.562967792835859,0.563045751905871,0.563160651158383,0.563281863504447,0.56337829071788,0.563420948218843,0.563385361451746,0.563253567191356,0.5630155509355,0.562670004568063,0.562224350957024,0.561694047576819,0.561101243135939,0.560472913838549,0.55983864494825,0.559228246118285,0.558669394723724,0.558185491110219,0.557793885549866,0.557504601940131,0.557319641494257,0.557232904474932,0.557230722759955,0.557292953557416,0.557394547183917,0.557507471188613,0.557602850478296,0.557653169335883,0.557634376894304,0.557527743021657,0.55732132667999,0.557010943256704,0.556600550283864,0.556102010927811,0.555534239554954,0.554921780785167,0.554292919368698,0.553677459214108,0.553104342107726,0.552599296541867,0.552182711773802,0.551867920106684,0.551660041300791,0.551555498628426,0.551542259778848,0.551600792518342,0.551705660707206,0.551827627415405,0.551936084607533,0.55200159826715,0.551998347236438,0.551906244599963,0.551712560934739,0.55141291580046,0.551011562345716,0.550520953688205,0.549960642334613,0.549355619377184,0.548734243727793,0.54812594000885,0.547558855486776,0.547057661907006,0.546641669043161,0.546323386049644,0.546107627745907,0.545991219366805,0.545963308497143,0.546006249862048,0.546096989830391,0.546208844812037,0.54631354258149,0.54638337890216,0.546393334290541,0.546322997716763,0.54615815558715,0.545891925253596,0.545525341857172,0.545067344313341,0.544534148850087,0.543948044245384,0.543335688692339,0.542726030481277,0.542148009641615,0.541628221703232,0.541188734777199,0.540845245187419,0.540605734238663,0.540469750336925,0.540428389270133,0.540464985322193,0.540556462603518,0.54067523577987,0.540791498455492,0.540875701201278,0.540901003530359,0.540845486951933,0.540693939262218,0.540439060905042,0.540081998101076,0.539632168754219,0.539106409599971,0.538527530585175,0.537922409874871,0.537319796394799,0.536748004369787,0.536232685598206,0.53579485146061,0.535449290335407,0.535203490376169,0.535057136006663,0.535002202481295,0.535023629585736,0.535100515649949,0.535207738576055,0.53531788307862,0.535403333894626,0.535438384101955,0.53540120634853,0.535275542902181,0.535051987828307,0.534728760758193,0.534311905631506,0.533814887912587,0.533257607872006,0.532664892737298,0.532064573491283,0.531485289202517,0.530954189407125,0.530494720012592,0.530124678053883,0.529854704214503,0.529687349693867,0.529616807824503,0.529629344513237,0.529704400129304,0.529816274784255,0.529936255177346,0.530034999969522,0.530084976447138,0.530062736678707,0.529950836928601,0.529739238032828,0.529426073054561,0.529017726617148,0.528528231815988,0.527978049403001,0.527392344532555,0.526798914515277,0.526225944108551,0.525699771945917,0.525242843427504,0.52487200373207,0.524597252481287,0.524421042399395,0.524338161551501,0.524336195632785,0.524396526078333,0.524495783710343,0.524607647964649,0.524704859705138,0.524761302095284,0.524753999468225,0.524664888859707,0.524482232807315,0.524201564803316,0.523826089596232,0.523366497995764,0.522840197972362,0.522270008083853,0.521682402508616,0.521105435741391,0.520566505722097,0.520090133479267,0.519695942613256,0.519397011536785,0.519198745149155,0.519098371953568,0.519085120563272,0.519141070563477,0.519242612343769,0.519362394799665,0.519471594492512,0.519542309772312,0.519549871766854,0.519474872293255,0.51930473575752,0.519034705011575,0.518668165297263,0.51821629012301,0.517697052154755,0.517133695300261,0.516552806462686,0.515982153711054,0.515448470307049,0.514975361242475,0.514581492203105,0.514279192747429,0.514073569153706,0.51396218124787,0.513935294880039,0.513976680515892,0.51406489108526,0.514174920657871,0.514280121062586,0.514354237197154,0.5143734141386,0.514318030616957,0.514174224007728,0.513934991440142,0.513600779230373,0.51317950749001,0.512686016733502,0.512140966299269,0.511569257507746,0.510998094381226,0.510454827950579,0.509964753325425,0.509549038953544,0.509222962862856,0.508994610434218,0.508864153195842,0.508823780695822,0.508858301638015,0.508946371255305,0.509062245085815,0.5091779106913,0.509265413546349,0.509299175158079,0.509258102441836,0.509127307358938,0.508899292610322,0.508574508790916,0.508161245596141,0.507674878574053,0.50713654776663,0.506571390378827,0.506006482642838,0.505468664187842,0.504982420992876,0.50456799137416,0.504239835591708,0.504005576503177,0.503865479581768,0.503812498885901,0.503832874255781,0.503907226679203,0.504012065464659,0.5041215941416,0.504209682995591,0.504251865576085,0.504227214798919,0.504119961535304,0.503920734679351,0.503627326109212,0.50324491573847,0.502785729484394,0.502268144373081,0.501715297526567,0.501153296347645,0.500609162460567,0.500108668487267,0.499674241499264,0.499323107712785,0.499065838556888,0.498905428914673,0.498836995914485,0.498848134429913,0.498919908026626,0.499028396943607,0.499146673572865,0.499247036142546,0.499303307150885,0.499292997150578,0.499199147395195,0.49901169523449,0.498728250701602,0.498354226713287,0.497902323085701,0.497391420389985,0.496844988312349,0.496289150511816,0.495750571298222,0.495254337686288,0.494822003958737,0.494469946534174,0.494208147350145,0.494039487312488,0.493959590921628,0.493957222073058,0.494015191972496,0.49411170534597,0.494222042379546,0.494320452330308,0.494382121344605,0.494385072217874,0.494311857872497,0.49415092316468,0.493897530862893,0.493554176459277,0.493130451586488,0.492642355380923,0.49211109476848,0.491561455457488,0.491019862162545,0.490512275911877,0.490062095099504,0.489688232722573,0.489403533447846,0.489213670512843,0.489116625200228,0.48910280346263,0.489155789313939,0.489253677940073,0.48937087869357,0.489480234644722,0.489555275773304,0.489572410398979,0.489512865433096,0.489364209841169,0.489121334752966,0.488786813763011,0.488370622876653,0.487889255613662,0.487364319596442,0.48682074201988,0.48628473954142,0.485781721692476,0.485334295781122,0.484960526680249,0.484672579181648,0.484475836729504,0.484368551577054,0.484342040899389,0.484381403974948,0.484466699593067,0.484574492243363,0.48467965180943,0.484757275403123,0.484784592240196,0.484742713371284,0.484618097677914,0.484403623565203,0.484099181598914,0.483711735836241,0.483254839143645,0.482747628203672,0.482213364524647,0.481677625536081,0.481166281525432,0.48070341657221,0.480309362040319,0.479999007721428,0.479780537677612,0.479654705887455,0.479614723093542,0.479646774308272,0.479731130930537,0.479843767726317,0.479958348483442,0.480048409824791,0.480089554114748,0.480061461632426,0.479949549316842,0.479746136583057,0.479451024402019,0.479071447190333,0.478621412583491,0.478120496428804,0.477592204563904,0.477062045509733,0.476555476892541,0.476095892531893,0.475702807446914,0.475390376479828,0.475166351552539,0.475031545879278,0.474979833906967,0.474998676272747,0.475070122196338,0.475172209528219,0.475280656712776,0.475370722293293,0.475419096995291,0.475405691285574,0.475315187753391,0.475138242536715,0.474872242802298,0.474521557044168,0.47409725027458,0.47361627511016,0.473100189852314,0.472573493033477,0.472061697393674,0.471589291713787,0.47117775353861,0.470843777420583,0.470597870754173,0.470443442683624,0.470376472531687,0.470385795731729,0.47045399158432,0.470558803354678,0.470674972613238,0.470776331308006,0.470837970932496,0.470838300944867,0.470760819112328,0.470595443567137,0.470339297141132,0.469996884663631,0.469579658178935,0.469105018059822,0.468594844766809,0.468073692488572,0.46756679939047,0.467098078491813,0.466688248534336,0.466353247080567,0.466103040896011,0.465940914383088,0.465863278596168,0.465860004194631,0.465915244244918,0.46600867925165,0.466117088882343,0.466216133803039,0.466282217722809,0.466294294671143,0.466235489914099,0.46609441467196,0.465866074538828,0.465552298453239,0.465161648008884,0.464708804098473,0.464213467111355,0.46369884546305,0.463189842110772,0.4627110767892,0.462284900064741,0.461929561573424,0.461657687483401,0.461475200985858,0.461380785503966,0.46136594575969,0.461415670580107,0.461509648066984,0.461623933699408,0.461732930187833,0.461811508826977,0.461837088820866,0.461791495039004,0.461662435513827,0.461444475478948,0.46113943108569,0.460756158263058,0.460309765208668,0.459820325625415,0.459311209716307,0.458807177946789,0.458332396911591,0.457908537001467,0.457553098999704,0.457278093344369,0.457089164329426,0.456985215025234,0.456958550187719,0.45699551666126,0.457077586133435,0.45718279545984,0.457287436538536,0.457367871829609,0.457402343691574,0.457372646061803,0.457265535683688,0.45707377679995,0.456796737341442,0.456440485083223,0.456017367497907,0.455545097103007,0.45504540248307,0.454542340993008,0.454060399362335,0.453622530073328,0.45324828195242,0.452952181098074,0.452742502303825,0.45262054202818,0.452580463618528,0.452609737158775,0.452690144299524,0.452799267699936,0.452912340327578,0.45300429642756,0.453051847062057,0.453035400816618,0.452940664847828,0.452759791337738,0.452491976422475,0.452143468369482,0.451726994124424,0.451260663201645,0.450766450636881,0.450268392758992,0.449790648626043,0.449355585325971,0.448982037532157,0.448683872400288,0.448468962555348,0.448338635466603,0.44828762999208,0.448304553168662,0.448372794912895,0.448471827179158,0.44857878882497,0.448670239076509,0.448723951828509,0.448720620472425,0.448645348626199,0.448488815836406,0.448248028530918,0.447926594346047,0.44753449112013,0.447087338511989,0.44660521805449,0.446111123787556,0.44562915750696,0.445182607184445,0.444792061599434,0.444473716602029,0.444238017557187,0.444088758454682,0.444022722303846,0.444029902482492,0.44409429453253,0.444195197156307,0.444308914864744,0.444410717613979,0.444476888763181,0.444486684378691,0.444424035219776,0.444278846803073,0.44404779020431,0.443734522786417,0.443349329027722,0.442908221967614,0.442431590733514,0.441942515253239,0.441464892882884,0.44102153195624,0.440632364227702,0.440312913102579,0.44007312963343,0.439916676277215,0.43984070232398,0.439836117595917,0.439888335060313,0.439978420590932,0.440084560979667,0.440183740702232,0.440253504710656,0.440273679146495,0.440227924552749,0.440105006855405,0.439899689719568,0.439613177108331,0.439253065799208,0.438832802608564,0.43837067805957,0.437888424713453,0.437409521561982,0.436957332826284,0.436553227465983,0.436214832417517,0.435954566608918,0.435778583770477,0.435686220851119,0.435670007639419,0.435716245376277,0.435806112071552,0.435917204741848,0.436025388666165,0.43610679518991,0.436139795653074,0.436106781210029,0.435995596451504,0.435800506910649,0.435522623325439,0.435169754484284,0.434755710656498,0.434299126162363,0.433821908367924,0.433347448157114,0.432898741920648,0.432496576868948,0.432157920848544,0.431894636656688,0.431712611634384,0.431611358952954,0.431584110412764,0.431618384441764,0.431696979621873,0.431799315327382,0.431903018323673,0.431985638436398,0.432026368293055,0.432007641970446,0.431916495158909,0.431745584887765,0.431493789337168,0.431166336804845,0.430774446072901,0.430334496324409,0.429866781046318,0.429393934353245,0.428939147053159,0.428524310797525,0.428168239405876,0.427885115172702,0.427683293864654,0.427564575612074,0.427524011700154,0.42755027231108,0.427626551501816,0.427731937707114,0.427843135593046,0.427936392540042,0.4279894638711,0.427983447246571,0.427904328848609,0.42774411078775,0.427501427745539,0.427181607190734,0.426796176847021,0.426361870597215,0.425899225270105,0.425430892269479,0.424979807486638,0.424567369449058,0.424211769558475,0.423926601024423,0.423719846978943,0.423593316008449,0.423542557838504,0.423557255903551,0.423622059453481,0.42371778770117,0.423822913855456,0.423915218830011,0.423973493700645,0.423979167003825,0.423917737842738,0.42377990832378,0.423562328598105,0.42326789387382,0.422905563927172,0.422489710170593,0.422039031095408,0.421575111388009,0.421120730471567,0.420698049879787,0.42032682321231,0.420022775499843,0.419796289508952,0.41965151480745,0.419585982478141,0.419590766650697,0.419651187063052,0.41974799899986,0.419858972857489,0.419960729725121,0.420030675500904,0.420048866750385,0.41999964781031,0.419872919913676,0.419664937113232,0.419378566932904,0.419023001533491,0.418612952977389,0.418167409387376,0.417708063605256,0.417257549640001,0.416837633323638,0.416467502061388,0.41616228544404,0.41593191576111,0.4157804076587,0.415705602123756,0.415699384423617,0.415748351127425,0.415834870042117,0.415938450514419,0.416037321329735,0.416110100224953,0.416137433333872,0.416103484918736,0.41599716744227,0.415813019028024,0.415551658921552,0.415219780591967,0.414829675073396,0.414398312084932,0.413946041045027,0.41349500568974,0.413067391886116,0.41268364581965,0.412360806879602,0.412111094853789,0.411940874049501,0.411850088420013,0.41183222365543,0.411874807588066,0.41196041315953,0.412068083098759,0.412175056889645,0.412258652560486,0.412298141289391,0.412276453379947,0.412181569800613,0.412007482570219,0.411754646756515,0.411429892641286,0.411045814068458,0.410619693535051,0.410172062163492,0.409725020218045,0.409300459414048,0.408918331324947,0.40859509734502,0.408342476546993,0.4081665807211,0.40806749360254,0.408039316559116,0.408070668419187,0.408145594942259,0.408244815523938,0.408347212490335,0.408431452759044,0.408477623340085,0.408468761425774,0.408392166699192,0.408240397714432,0.408011875179138,0.407711041743435,0.40734805910818,0.406938057133461,0.406499983984038,0.406055138700921,0.405625495275776,0.405231947720961,0.40489261649412,0.404621356289179,0.404426592858348,0.404310592475744,0.404269233374874,0.404292306644238,0.40436432828319,0.404465798684286,0.404574805190455,0.404668831721538,0.404726620107975,0.404729922807117,0.404664996691537,0.404523711561053,0.404304182423483,0.404010877727177,0.403654202217431,0.403249598360221,0.40281625010864,0.402375503753488,0.40194914038358,0.401557642031478,0.401218589086523,0.400945311278978,0.400745890539276,0.400622583869632,0.40057170076701,0.400583935362537,0.400645120668723,0.400737343132605,0.400840331627391,0.400933017202729,0.400995149099785,0.401008849132568,0.400959990653946,0.400839299792406,0.400643094995146,0.400373605337534,0.400038837362654,0.399651992786668,0.399230473234033,0.398794540906456,0.398365733185855,0.397965152035107,0.397611763308179,0.397320844825695,0.397102714202443,0.396961847836887,0.396896472240246,0.396898670192809,0.396955000291051,0.397047583277556,0.397155566492416,0.3972568431012,0.397329879063008,0.397355490633597,0.397318419670352,0.397208572683668,0.397021820521022,0.396760295557672,0.396432168196347,0.396050929862131,0.395634251188684,0.395202518040223,0.394777171703606,0.394378991510296,0.394026458036652,0.39373432374163,0.393512497204943,0.393365319401501,0.393291278344077,0.393283174602426,0.393328717111986,0.393411498435499,0.393512272943146,0.393610441503345,0.393685633085576,0.39371926767175,0.393695986263092,0.393604842496129,0.393440166095245,0.393202030405535,0.392896283511104,0.3925341335027,0.392131311484137,0.391706868716615,0.391281694440511,0.390876865822333,0.390511958710271,0.390203455404488,0.389963382090834,0.389798293481604,0.389708696155293,0.389688966828851,0.389727780152209,0.389809016278193,0.389913075628794,0.390018491200351,0.390103701231653,0.390148830012457,0.39013732368145,0.390057301206342,0.389902506976964,0.389672787833022,0.389374060134976,0.389017777363758,0.3886199513552,0.388199816733738,0.387778255349869,0.387376113613157,0.38701254984358,0.386703541598107,0.386460665789947,0.386290239427855,0.38619287849066,0.386163499475389,0.386191755053516,0.386262864265925,0.386358770599533,0.386459539504671,0.386544891431765,0.386595757938046,0.386595747167462,0.386532411058981,0.386398219713124,0.386191167873331,0.385914963565413,0.385578778321267,0.385196570421593,0.384786025170156,0.384367187013804,0.383960884866481,0.383587071851968,0.383263211692194,0.383002844510676,0.382814454071599,0.382700736636241,0.382658340022706,0.382678102521998,0.382745778378602,0.382843193530588,0.382949736404624,0.383044057735779,0.383105833881203,0.383117442026526,0.383065403724354,0.382941474528792,0.382743289882684,0.382474517539857,0.38214451059965,0.381767498379183,0.381361390789022,0.380946302261107,0.380542921287763,0.380170860130779,0.379847116274806,0.379584763780783,0.379391970700143,0.379271410522957,0.379220103863064,0.379229693789547,0.37928712670378,0.379375682378729,0.379476273266245,0.379568915582297,0.379634263762397,0.379655096056974,0.379617642421571,0.379512656283815,0.379336148791654,0.379089727000035,0.378780505008363,0.378420587804287,0.378026159613699,0.377616239702648,0.37721119642187,0.376831132392035,0.376494267852749,0.376215453545493,0.376004937978585,0.375867496358065,0.375802000743552,0.375801475074203,0.37585363757008,0.375941890361163,0.376046676115081,0.37614708792682,0.376222595254395,0.376254737726335,0.376228641427885,0.376134228562419,0.375967019506519,0.375728463308951,0.375425774826615,0.375071299746344,0.374681468606095,0.374275434033883,0.373873509080721,0.373495537147147,0.373159325182696,0.372879262265246,0.372665226919116,0.372521860793201,0.372448256086011,0.372438071916621,0.372480063090398,0.372558975479963,0.372656737223571,0.372753855398945,0.3728309146291,0.37287006774418,0.372856409388432,0.372779131270676,0.372632372264281,0.37241569711033,0.372134163069801,0.371797963154768,0.371421665826567,0.37102310222457,0.370621980774727,0.37023833301703,0.369890911393999,0.369595667619639,0.369364437762359,0.369203946812484,0.369115221744316,0.369093469477763,0.369128437270482,0.369205231330245,0.369305528738499,0.369409082117687,0.369495389492498,0.369545386327441,0.36954301445157,0.369476533805418,0.369339466527502,0.369131096395851,0.368856486610244,0.36852602132264,0.368154517077268,0.367759985657221,0.367362156755912,0.366980885429001,0.366634574606289,0.366338737337816,0.366104808152569,0.365939289869522,0.365843293791441,0.365812499954852,0.365837532442074,0.365904714860549,0.36599714477129,0.366096004503346,0.366182010427614,0.366236894026426,0.366244806315864,0.366193542397712,0.366075494891527,0.365888263180286,0.365634868930633,0.365323556014931,0.364967183205154,0.364582248919759,0.364187616690745,0.363803035531276,0.363447568713131,0.363138055563692,0.362887732223826,0.362705128056148,0.362593334657267,0.362549715343504,0.362566086722253,0.362629363608462,0.362722617795442,0.362826463970841,0.362920656114459,0.362985758132444,0.363004745376081,0.362964399882539,0.36285638106138,0.362677883181673,0.362431828331205,0.362126584740982,0.361775241446277,0.361394507328834,0.361003332391037,0.360621369309659,0.360267402666798,0.359957871647503,0.359705600317617,0.359518829523646,0.359400618182982,0.35934865171347,0.359355464053876,0.359409049421704,0.359493812566232,0.359591783321594,0.359684003875352,0.359751986118152,0.359779132183732,0.359752013968387,0.359661416873743,0.359503068795246,0.35927799674255,0.358992479377049,0.358657592783048,0.358288377181725,0.357902681967495,0.357519773121932,0.357158808456029,0.35683730014225,0.356569688909308,0.356366148991655,0.356231727200487,0.35616589406309,0.356162551652745,0.356210504225651,0.35629435751616,0.356395774315289,0.356494981548928,0.356572400815438,0.356610262711113,0.356594066547504,0.35651376116169,0.356364547993721,0.356147241834694,0.355868164155176,0.355538584779055,0.355173765953487,0.354791695113304,0.354411616190187,0.354052482550268,0.353731457034286,0.353462576631431,0.353255682414259,0.353115691500811,0.35304225935264,0.353029850114549,0.353068202270125,0.353143148651946,0.35323772546806,0.353333485759423,0.353411919483223,0.353455875773112,0.353450883093609,0.353386269930103,0.353256002008906,0.353059171203317,0.352800095314166,0.352488015539075,0.352136408044957,0.351761955703558,0.351383253577913,0.351019344895332,0.35068820083777,0.350405265669252,0.350182187203502,0.350025840855269,0.349937733893556,0.349913846391779,0.349944929080802,0.350017238993166,0.350113655091095,0.350215081774735,0.350302021738046,0.350356183830156,0.350361988094252,0.350307839426911,0.350187062414099,0.34999842069001,0.34974618147583,0.349439726036545,0.3490927457499,0.348722097712182,0.348346420376268,0.347984626626865,0.347654398013275,0.347370799713252,0.347145122256369,0.346984034860506,0.346889108641642,0.346856738341606,0.346878460934243,0.346941640647554,0.347030464366886,0.347127170456839,0.347213418767174,0.347271700633339,0.347286685395403,0.34724640439618,0.347143184346573,0.346974258841092,0.346742008851291,0.346453809087514,0.346121485732708,0.34576042041837,0.345388363364856,0.34502404313719,0.344685679299568,0.344389515449423,0.344148492185599,0.343971171685094,0.343861007744426,0.343816028374985,0.343828964299024,0.343887818801037,0.343976835780665,0.344077787210588,0.344171472072728,0.344239299231886,0.344264818702131,0.344235070278743,0.344141635131482,0.343981302984878,0.343756302172582,0.343474078640757,0.343146649077505,0.342789589076767,0.342420746443155,0.342058790071066,0.341721714963597,0.34142542363477,0.341182494084477,0.341001226261754,0.340885034485946,0.340832224990264,0.340836167930609,0.340885844054378,0.340966719655452,0.341061880996018,0.341153342202086,0.341223429506992,0.341256140060877,0.341238375493197,0.341160958892813,0.341019358459377,0.340814061079077,0.340550563461501,0.340238975895115,0.339893262483272,0.339530169988291,0.339167923019356,0.338824784074792,0.338517590858842,0.338260388683925,0.338063271589994,0.337931531789839,0.337865193811184,0.337858978824444,0.33790270858544,0.337982120361513,0.338080027726204,0.338177730791386,0.338256556479391,0.338299397226655,0.338292116387383,0.338224700652684,0.338092062814056,0.337894429824853,0.337637288132072,0.337330896982825,0.336989417141455,0.336629733846943,0.336270076268548,0.335928549494522,0.335621698573067,0.335363217681119,0.335162902337129,0.335025920530491,0.334952451912445,0.334937715110804,0.334972374043621,0.335043286816147,0.335134537040628,0.33522866848257,0.335308030705285,0.335356136422706,0.335358930841977,0.335305879353038,0.335190792187562,0.335012322525981,0.334774097091436,0.334484464337055,0.334155873387954,0.333803925120819,0.333446163110936,0.333100694521549,0.332784747310011,0.332513278611968,0.33229774855836,0.332145163497022,0.332057472915947,0.33203137652945,0.332058564125679,0.332126373766261,0.332218817151815,0.332317887963817,0.332405043090746,0.332462730549026,0.332475833347422,0.332432906044985,0.332327099576694,0.332156698154244,0.331925226832602,0.331641126188128,0.331317027789772,0.330968697287104,0.330613738114742,0.330270166019154,0.329954971840922,0.329682787214172,0.329464755949697,0.329307694444741,0.329213599592259,0.329179534638682,0.329197894519763,0.329257024439258,0.329342140591349,0.32943648137471,0.329522602254991,0.329583718288297,0.329604995563854,0.329574696504711,0.329485093869938,0.329333083964506,0.329120450226588,0.328853752941902,0.328543847920038,0.328205064861447,0.327854102928695,0.327508724658169,0.327186347747313,0.326902645547913,0.32667026982549,0.326497802688905,0.326389028537365,0.32634259228613,0.326352078773524,0.326406512680214,0.326491241682098,0.326589131391924,0.326681972319476,0.32675197949765,0.326783256641238,0.326763099696173,0.326683029153601,0.326539465091664,0.326333991065862,0.326073189447964,0.325768068022673,0.325433132074006,0.325085184765908,0.324741959016213,0.324420694886325,0.324136777375042,0.32390254098566,0.323726330883513,0.323611887761634,0.323558096856061,0.323559113135066,0.323604846662483,0.3236817663902,0.323773958704681,0.323864360078699,0.323936071933138,0.323973660750949,0.323964347787556,0.323899000298751,0.32377284967723,0.323585880573251,0.323342858002062,0.323052985353827,0.32272921357561,0.322387248773322,0.322044330073017,0.321717869726148,0.321424061227928,0.321176567071364,0.320985394640367,0.32085605631281,0.320789088598003,0.320779976486361,0.320819495416206,0.320894447314559,0.320988732378367,0.3210846680002,0.32116444355878,0.321211587064235,0.32121231826854,0.321156673034727,0.321039304487172,0.32085989562366,0.320623152712821,0.320338385503238,0.320018715511706,0.319679984203975,0.319339456130118,0.319014426308664,0.318720845642533,0.318472073124676,0.318277850091969,0.318143571466777,0.318069903842182,0.318052772648103,0.318083712665369,0.318150549792283,0.31823835883496,0.318330623447327,0.318410511098522,0.318462168684148,0.318471943405423,0.318429438803135,0.318328327055513,0.318166855267167,0.317948004653212,0.317679286130115,0.317372182428132,0.317041273723941,0.316703109035327,0.316374907217487,0.316073187415261,0.31581243756615,0.315603929767524,0.315454782411574,0.315367351150022,0.315339005056445,0.315362312744604,0.315425628335834,0.315514032197885,0.315610549642204,0.315697545431601,0.315758175634588,0.315777772812317,0.315745046375967,0.315652996650643,0.315499467040227,0.315287291092519,0.315024026982716,0.314721307490891,0.314393865621653,0.314058321788412,0.313731835932339,0.313430735975572,0.313169232487928,0.312958319111401,0.312804940569522,0.312711486898631,0.312675646029263,0.312690619198179,0.312745676905281,0.312827008983405,0.312918802213163,0.313004463821037,0.313067899839514,0.313094754061498,0.313073516275024,0.3129964174298,0.312860043906827,0.312665622405114,0.312418950109253,0.312129970446879,0.311812021292603,0.3114808081033,0.311153177225882,0.310845782557116,0.310573750085095,0.310349448200349,0.310181466191524,0.310073888934749,0.310025933190883,0.310031981742307,0.31008201819874,0.310162430621235,0.310257119401262,0.310348817300177,0.310420510014341,0.310456836143441,0.310445347044878,0.310377519642646,0.310249437569233,0.310062085805052,0.309821238258393,0.30953695312927,0.30922272405409,0.30889436294817,0.308568710851872,0.30826228451831,0.307989968467457,0.307763855177888,0.307592321159713,0.307479405589011,0.30742453305441,0.307422594928266,0.307464376980907,0.307537295922828,0.307626386098756,0.307715460741373,0.307788360840554,0.307830199270332,0.307828508508829,0.307774206989162,0.307662311487841,0.307492340383722,0.307268374200908,0.306998764374594,0.306695507164191,0.30637332537265,0.30604852414944,0.305737706732388,0.305456449683235,0.305218043447373,0.305032401880762,0.304905233382017,0.30483754688271,0.304825539442292,0.304860880604004,0.304931374693674,0.305021949012279,0.305115886610655,0.305196199985912,0.305247028910604,0.305254943095037,0.305210038815505,0.305106737212872,0.304944218816871,0.304726461273521,0.304461882020706,0.304162621421582,0.303843531532502,0.303520958720347,0.303211423002983,0.302930302417288,0.302690626995904,0.302502074958302,0.302370245030347,0.302296255330584,0.302276693097825,0.302303912755514,0.302366654319587,0.302450931588609,0.302541121192432,0.302621170338318,0.302675833563265,0.302691847263707,0.302658955243539,0.302570708747136,0.302424979898107,0.302224147343477,0.301974936129743,0.301687919065278,0.301376712450683,0.301056923277221,0.300744925895608,0.300456561891909,0.300205865858504,0.300003920715229,0.29985793859979,0.299770647217146,0.299740037845075,0.299759501690938,0.299818348443175,0.299902667608035,0.299996462709023,0.300082963661291,0.30014600615517,0.300171360447889,0.300147896305417,0.300068485561758,0.299930567391403,0.299736331543201,0.299492508466225,0.299209789197541,0.298901928894124,0.298584613226899,0.298274184481621,0.297986332975802,0.297734859057373,0.297530602084667,0.297380616669064,0.297287654857818,0.297249987891302,0.297261574784997,0.297312559219478,0.297390052766689,0.297479142716646,0.297564047748774,0.297629335141382,0.297661109529691,0.297648085498164,0.297582464345747,0.297460548769437,0.29728304730112,0.29705504215531,0.296785618453582,0.29648717806542,0.296174485823409,0.29586351780451,0.295570198887549,0.295309128206157,0.295092395040369,0.294928583280734,0.294822049708861,0.294772540616553,0.294775184171854,0.294820864585755,0.294896951255783,0.294988324712478,0.295078614444366,0.295151544246963,0.295192270655076,0.295188600355906,0.295131983258375,0.295018198064159,0.294847674742976,0.294625430508947,0.294360629550939,0.294065808669758,0.293755838232784,0.293446708205756,0.293154240996757,0.292892835854283,0.292674343860487,0.292507159172341,0.292395592686166,0.292339570677447,0.29233467525411,0.292372517638101,0.292441411137137,0.2925272896895,0.292614801235759,0.292688493721391,0.292734005756727,0.29273917404765,0.29269497559119,0.29259623398339,0.292442035432927,0.292235820358708,0.291985139641088,0.291701089300329,0.291397461975404,0.291089676296653,0.290793564257608,0.290524110257847,0.290294242138308,0.290113773240687,0.289988584885603,0.289920121006108,0.289905242113964,0.289936456194625,0.290002512033314,0.290089308783915,0.290181047332892,0.290261526995054,0.290315477575727,0.290329813291496,0.290294701888892,0.290204358887479,0.290057501543016,0.28985742741043,0.289611715294485,0.289331578736348,0.289030931001007,0.288725243303796,0.288430292985198,0.288160904611265,0.287929784503346,0.287746538722075,0.287616947403711,0.287542546366909,0.287520542091557,0.287544060542585,0.287602705725111,0.287683381890447,0.287771315226694,0.287851197604471,0.28790836713576,0.287929938258582,0.287905797803003,0.287829392776852,0.287698249938812,0.287514185862815,0.287283188134885,0.287014972280069,0.286722243461928,0.286419715222845,0.28612295775535,0.285847163668046,0.285605928377725,0.285410143926447,0.285267098542801,0.285179859696095,0.285146996562421,0.285162670320262,0.285217089766813,0.285297298122226,0.285388227530613,0.285473933563575,0.285538905455558,0.285569340594981,0.285554274756808,0.285486472441904,0.28536300321662,0.285185457974353,0.284959790787358,0.28469580438905,0.284406327279865,0.284106155319811,0.283810848434334,0.283535482494953,0.283293457174806,0.283095453074968,0.282948616814055,0.282856032708422,0.282816516060821,0.282824737910476,0.28287166627315,0.282945286103774,0.283031540836552,0.283115423452571,0.283182135306845,0.283218226818845,0.283212635722373,0.283157545753349,0.283049001038918,0.282887228382043,0.282676640191467,0.282425513816447,0.282145367104136,0.281850073496257,0.281554781173529,0.281274717871838,0.28102397440899,0.280814364370557,0.280654453988708,0.280548844806091,0.280497772759101,0.280497062110267,0.280538443192917,0.280610211757148,0.280698177700324,0.280786825020897,0.280860585542975,0.280905118316494,0.280908485758551,0.280862126722549,0.280761544884038,0.280606656295716,0.280401770151134,0.280155208749607,0.279878603332137,0.279585929064748,0.279292362722735,0.27901305906261,0.278761945789548,0.27855063259572,0.278387517837695,0.278277158474451,0.278219946702519,0.278212112268165,0.278246044644879,0.278310905891157,0.278393484520098,0.278479224274538,0.278553350149526,0.278602007868913,0.278613332536172,0.278578367287446,0.278491763164428,0.278352206543091,0.278162539508116,0.27792956049939,0.277663516061,0.277377318051415,0.277085542536316,0.276803285055864,0.276544960394749,0.27632314197533,0.276147535524696,0.276024173282805,0.275954898965103,0.275937190969069,0.27596434363708,0.276025996071908,0.276108967764605,0.276198332998411,0.276278644338176,0.276335201722406,0.276355259206849,0.276329066784001,0.276250659429379,0.276118328149258,0.275934736074009,0.275706673764388,0.275444478871777,0.275161173244962,0.274871393069483,0.274590202883586,0.274331891352582,0.274108845339517,0.273930589695654,0.273803064551954,0.27372819139599,0.273703755757975,0.273723609820728,0.273778174511139,0.273855199205484,0.273940719375405,0.274020139268439,0.274079358674395,0.274105860289411,0.274089677201948,0.274024168393795,0.27390654342875,0.27373809498379,0.273524118592637,0.273273521705069,0.272998147487647,0.272711861101181,0.272429465787652,0.272165531307335,0.271933226589311,0.271743250747035,0.271602951222996,0.271515704746263,0.27148061670801,0.271492568906383,0.271542616463822,0.27161870464406,0.271706648088253,0.271791291383781,0.271857753246551,0.271892648679471,0.271885185151499,0.271828040020445,0.271717946001016,0.271555937497409,0.271347240499422,0.27110081958853,0.270828624520439,0.27054460324809,0.270263566092185,0.269999995776463,0.269766899775043,0.269574795211828,0.269430903408691,0.269338612586125,0.269297244967561,0.26930214053873,0.269345045824704,0.269414773926955,0.269498083076042,0.269580706146023,0.269648453678199,0.269688308417484,0.269689430334548,0.269643997476471,0.269547819383137,0.26940067560955,0.269206351251372,0.268972363184942,0.268709393667038,0.268430470457279,0.268149953072658,0.267882401497389,0.267641415111109,0.267438534491705,0.267282296252892,0.267177520933905,0.26712489660675,0.267120897462606,0.267158049002067,0.2672255219294,0.267310008113777,0.267396806783503,0.267471029982533,0.267518825222032,0.267528511387878,0.267491531556575,0.267403142703846,0.267262785755819,0.267074107719222,0.266844637965919,0.26658515023232,0.266308767817867,0.266029889611533,0.265763027413442,0.265521649801615,0.265317124551402,0.265157841085009,0.265048577920398,0.264990159295744,0.264979421937786,0.265009489173834,0.265070326959149,0.265149536366897,0.265233320839005,0.265307554879613,0.265358874425222,0.265375708085839,0.265349172794662,0.265273766862653,0.265147807500483,0.264973577784988,0.264757168799306,0.264508025019966,0.264238223518128,0.263961538601006,0.263692361498961,0.263444558018969,0.263230354367518,0.263059341604482,0.262937681962076,0.262867585722721,0.262847106361712,0.262870275772967,0.262927572748602,0.263006689029122,0.263093530890478,0.263173372968479,0.263232066996361,0.263257202824782,0.263239123115723,0.263171706102862,0.263052851512014,0.262884631080941,0.262673094519302,0.262427751381425,0.262160776430685,0.261886008258556,0.261617826388672,0.261369999806675,0.261154599569912,0.260981060360065,0.260855461637969,0.260780079966415,0.260753241864774,0.26076948311289,0.260819997506247,0.260893337230675,0.260976309525244,0.261055001075621,0.261115853272402,0.261146708445285,0.261137749531825,0.261082263174796,0.260977168525715,0.260823270392244,0.260625214907003,0.260391147484398,0.260132095114061,0.259861116479533,0.259592282370486,0.259339563792613,0.259115714649859,0.258931238756088,0.258793526552868,0.258706235183591,0.258668967107562,0.258677278533561,0.258723021526125,0.258794995058268,0.258879853165943,0.258963195313293,0.259030747423027,0.259069533504581,0.259068938353807,0.259021571396699,0.258923859472958,0.258776320453814,0.2585834976974,0.258353564739193,0.258097637514526,0.257828855290913,0.257561309347319,0.257308908970921,0.257084277011509,0.256897762246844,0.256756644030679,0.256664587488856,0.256621386593915,0.256623009609991,0.256661938437631,0.256727771913413,0.256808044493258,0.256889197038626,0.25695762638771,0.257000735477841,0.257007906156604,0.25697132238909,0.256886582010815,0.256753049923106,0.256573923866496,0.256356004585308,0.256109184046813,0.255845686961167,0.255579120606446,0.255323404308038,0.255091661361102,0.254895161481967,0.254742400206546,0.254638392741692,0.254584243965024,0.254577034567144,0.25461003738528,0.254673249975472,0.254754201949845,0.254838971185791,0.25491332410132,0.254963883704923,0.254979226281792,0.254950813731179,0.254873683165542,0.254746836993502,0.254573303194865,0.254359864260061,0.254116481562013,0.253855467162672,0.253590475051976,0.253335397009106,0.253103253832923,0.252905170540791,0.25274951490875,0.252641263606671,0.252581640736114,0.252568051567603,0.25259431148739,0.252651148272346,0.252726936262521,0.252808604956317,0.252882652870187,0.252936190742829,0.252957936597839,0.252939088814784,0.252874011948332,0.252760683091846,0.252600863392028,0.252399978943314,0.252166716556051,0.251912361428932,0.251649924046891,0.251393121106207,0.25115528843938,0.250948311465417,0.250781659647288,0.250661605291988,0.25059069387722,0.250567513699792,0.250586788437236,0.250639789173367,0.250715034927863,0.250799225296808,0.250878327930237,0.250938729361997,0.250968351660883,0.250957640161683,0.250900338922654,0.250793989434679,0.250640112625775,0.250444061970142,0.250214563847499,0.249962987548263,0.249702409144075,0.249446549063445,0.24920867155104,0.249000534905205,0.248831474834572,0.248707690406037,0.248631784290285,0.248602588048108,0.248615280828675,0.248661787772135,0.248731424129019,0.248811733877281,0.248889458405031,0.248951562307536,0.248986239897601,0.248983827740169,0.248937555231774,0.248844076561216,0.248703742694247,0.248520590474487,0.24830204644304,0.248058364259124,0.247801835206059,0.247545829664533,0.247303742117588,0.247087921843884,0.246908674858593,0.246773419200174,0.246686065212629,0.246646675544538,0.246651437333074,0.246692953213831,0.246760830611981,0.246842522708247,0.246924352025995,0.246992630981331,0.24703478468013,0.247040380712581,0.247001978809101,0.246915729217138,0.246781670965679,0.246603707604806,0.246389265977015,0.246148670454598,0.24589428843188,0.245639520711601,0.245397721420897,0.245181135608512,0.24499993881569,0.244861452429611,0.24476959277026,0.244724592205535,0.244723008862489,0.24475801942797,0.244819968695623,0.244897131272253,0.24497662626879,0.245045415630388,0.245091311475324,0.2451039176102,0.245075435212448,0.245001272220337,0.244880409709668,0.244715495699576,0.244512656427468,0.244281035968559,0.244032095778588,0.243778724827158,0.243534226957065,0.243311263532497,0.243120835126969,0.24297138511741,0.242868100265562,0.242812468956622,0.242802137641567,0.2428310817094,0.24289008051205,0.242967459932983,0.243050042203423,0.243124223961032,0.243177091723918,0.243197480259619,0.243176884188309,0.243110146129761,0.242995864530946,0.2428364890609,0.242638098722563,0.242409884992124,0.242163386837986,0.241911544254613,0.241667650412237,0.241444288794835,0.2412523405992,0.241100139685192,0.240992838553584,0.240932030651486,0.240915653456436,0.240938174987473,0.240991045241177,0.24106337496132,0.241142788290585,0.241216384111687,0.241271733850465,0.241297841469299,0.241285994337298,0.241230441403736,0.241128847188349,0.240982485877878,0.240796158385734,0.240577835469727,0.24033805060891,0.240089085890412,0.239844011174272,0.239615649847547,0.239415552267408,0.239253059559521,0.23913453527479,0.239062830567565,0.23903703070507,0.23905250811548,0.239101281638633,0.239172655384071,0.23925408605856,0.239332207176417,0.239393924249995,0.239427488346399,0.239423457023703,0.239375461529214,0.239280716322251,0.239140229791156,0.238958701228201,0.238744116176821,0.238507077646754,0.238259932148873,0.238015765256018,0.237787350301623,0.23758613544122,0.237421348879891,0.237299290476092,0.237222861476768,0.237191364400761,0.237200583747012,0.237243136907751,0.23730906491835,0.23738661573802,0.237463159601269,0.237526167274741,0.237564178178848,0.237567686414826,0.237529878662927,0.23744716833572,0.237319484692555,0.237150293029343,0.236946341525659,0.236717150648616,0.236474280821244,0.236230431911808,0.235998442537636,0.235790266870919,0.235616010511078,0.235483104372662,0.235395686265674,0.2353542443423,0.235355555887693,0.23539293064352,0.235456742024185,0.235535204544915,0.235615333905356,0.235684009626235,0.23572905061566,0.235740212558504,0.235710022779601,0.235634382598624,0.235512887778213,0.235348842461766,0.23514896860395,0.234922838788365,0.234682083136332,0.234439438786016,0.234207721804274,0.233998805700834,0.233822687938756,0.233686716589144,0.233595034686035,0.233548281385938,0.233543568389406,0.233574728903413,0.233632816242046,0.233706811297208,0.233784483629265,0.233853340623705,0.233901593537737,0.233919068534194,0.233897994919901,0.233833611494634,0.233724544685001,0.233572928278501,0.233384253153283,0.23316695527514,0.232931770097299,0.232690899944686,0.232457056565404,0.232242452431154,0.232057820398864,0.231911541177332,0.231808951314345,0.231751891338076,0.231738535055625,0.231763518208364,0.231818359576274,0.231892142424681,0.231972401248079,0.232046140322213,0.232100898482957,0.232125770067197,0.232112295587626,0.232055147165697,0.231952551918228,0.231806419606738,0.231622166660761,0.23140825470886,0.231175485589749,0.230936114379884,0.230702855682618,0.230487865329926,0.230301779490588,0.230152886355299,0.230046493026478,0.229984533322437,0.229965442485499,0.229984303904829,0.230033252508598,0.230102100858173,0.230179138350897,0.230252042181171,0.230308831406015,0.230338792925884,0.230333310489043,0.230286534780858,0.230195843853212,0.230062057942738,0.229889390268114,0.229685134642848,0.2294591104727,0.229222904570109,0.228988965786407,0.228769621348928,0.228576091770429,0.228417583338694,0.228300532968467,0.22822806958577,0.228199739773274,0.228211524286294,0.228256147937593,0.228323660327241,0.228402241243769,0.228479164538949,0.228541839865185,0.228578844350291,0.228580856870124,0.22854141606584,0.22845743883255,0.228329457158391,0.228161555860376,0.2279610195799,0.227737721948408,0.227503310900602,0.227270259923894,0.227050864413827,0.22685626475662,0.226695573439707,0.226575173131988,0.226498237458356,0.22646450759912,0.226470337495342,0.226508999940626,0.226571226652895,0.226645938784875,0.226721111219926,0.226784705101775,0.226825598777081,0.226834447839055,0.226804410153134,0.226731681296316,0.226615799204175,0.226459693231866,0.226269471328266,0.226053958442465,0.225824018333345,0.225591708257601,0.225369330189108,0.225168451994391,0.224998976306035,0.224868333013213,0.22478086311984,0.224737447554787,0.22473541527961,0.22476874219125,0.224828527773139,0.224903712404372,0.224981976957118,0.225050749880699,0.225098237045272,0.225114387244566,0.225091711737951,0.225025889060077,0.224916105304423,0.224765103340185,0.224578939693308,0.224366472716575,0.224138627921409,0.223907504031525,0.223685395053936,0.223483808684022,0.223312559566723,0.223179007842818,0.223087500046883,0.223039052168339,0.223031295100289,0.223058682375479,0.22311294052373,0.223183724898043,0.223259429477351,0.223328088756532,0.223378303890267,0.223400124010014,0.223385817074094,0.223330472495769,0.223232389657531,0.223093221585871,0.222917860652628,0.222714072119435,0.222491900416964,0.222262890901716,0.222039185080168,0.221832558629425,0.221653477862872,0.221510250781296,0.221408343122226,0.22134991799204,0.221333640429623,0.221354766868154,0.221405515683321,0.221475690922762,0.221553509119301,0.221626560927084,0.221682826997766,0.221711662318941,0.221704665757305,0.221656361591917,0.221564636423973,0.221430896390831,0.221259934005374,0.221059518862895,0.2208397495976,0.220612223777513,0.220389096312746,0.220182104429085,0.22000163799089,0.219855928236982,0.219750416650785,0.219687349957302,0.219665628610175,0.219680916179124,0.219725997301657,0.219791353702665,0.21986591236809,0.219937908177105,0.219995795759428,0.220029142380619,0.220029435344224,0.219990743582244,0.219910183417197,0.219788152333837,0.219628311191646,0.219437313633832,0.219224300336891,0.219000193917357,0.218776846433516,0.218566104168681,0.218378862559734,0.218224186800166,0.218108570256547,0.218035393343847,0.21800463040182,0.218012832433152,0.218053390830176,0.218117063360288,0.218192720867729,0.218268253557794,0.218331561292302,0.218371544503751,0.218379011958394,0.218347428767127,0.218273442104898,0.218157141700307,0.218002035385495,0.217814744609433,0.21760444850613,0.217382125746681,0.217159659246349,0.21694887863073,0.216760618596268,0.216603867984419,0.216485075169143,0.216407661328957,0.216371775722043,0.216374307725213,0.216409150666533,0.216467693818579,0.216539502576379,0.216613133806215,0.216677024308494,0.216720385702547,0.216734038986851,0.21671112650547,0.216647647782585,0.216542778156067,0.216398944611595,0.21622165076717,0.2160190615052,0.215801376080934,0.215580035336582,0.215366822580698,0.215172927510735,0.215008047251186,0.214879597483204,0.214792099515694,0.214746796250396,0.214741532127944,0.214770910649409,0.214826719745356,0.214898592192298,0.214974847599756,0.215043446201134,0.215092974404467,0.215113578877663,0.215097770251689,0.215041028955672,0.214942163147622,0.214803390468376,0.214630139323207,0.214430589322036,0.214214992197772,0.213994832079979,0.213781896014848,0.21358733128108,0.213420765181271,0.213289556009573,0.21319823171733,0.21314815668343,0.213137448421874,0.213161146565329,0.213211617520309,0.213279161093682,0.213352771201823,0.213420992292934,0.213472806872243,0.213498487787654,0.213490351727601,0.213443357489466,0.213355503568797,0.213227993867145,0.213065156987913,0.212874122664057,0.212664277161219,0.212446536749916,0.212232493238722,0.212033496859802,0.211859748404734,0.211719473603069,0.211618247900209,0.211558529105992,0.211539439472953,0.211556818766364,0.211603547401269,0.211670115677974,0.211745393654454,0.211817538316742,0.211874962228533,0.211907282036815,0.211906166706574,0.211866014060676,0.211784399301194,0.211662259237821,0.211503799006698,0.211316131916349,0.21110868547938,0.210892425690456,0.210678965625953,0.210479632446273,0.210304568454205,0.210161937179597,0.210057295246398,0.209993176181301,0.209968914751943,0.209980721381345,0.210021997143928,0.21008386215221,0.210155854946363,0.210226748707761,0.210285422359663,0.210321721242075,0.210327243151684,0.210295990998561,0.210224842815238,0.210113802811719,0.209966012840703,0.20978752107067,0.209586822756446,0.209374205531755,0.209160947343954,0.208958427735016,0.208777221489851,0.208626246811523,0.208512037594782,0.208438200952437,0.20840510730267,0.208409841970265,0.208446425803319,0.208506289576035,0.208578964985181,0.208652935918906,0.208716579241571,0.208759116047187,0.208771493068701,0.208747119889149,0.208682400251397,0.208577013886645,0.208433927112302,0.208259133887046,0.208061151860276,0.207850318154411,0.207637945442797,0.207435409094043,0.207253240096539,0.20710029612254,0.20698307497489,0.206905221765368,0.206867264792261,0.206866596672299,0.20689769832279,0.206952585285098,0.207021439851991,0.207093379488441,0.20715730283238,0.207202749577853,0.207220709979914,0.207204323543028,0.207149414400669,0.207054822485807,0.20692250415142,0.206757392563291,0.20656702592353,0.206360969223933,0.206150071516259,0.20594561435229,0.20575841690629,0.205597968356349,0.205471657683611,0.205384164869794,0.205337065736612,0.205328686100113,0.205354220737686,0.205406110538652,0.205474649071404,0.205548769694707,0.205616948202361,0.205668145430134,0.205692710367605,0.205683167550534,0.205634822595144,0.205546135718988,0.205418833433504,0.205257751333738,0.205070423895194,0.204866458297329,0.204656746673394,0.204452583426592,0.20426476050111,0.20410271349859,0.203973785599941,0.203882665190856,0.203831038066649,0.20381747750711,0.203837576843953,0.20388431081975,0.203948595332531,0.204020001130072,0.204087566469049,0.204140647236776,0.204169740841233,0.204167222357735,0.20412793779479,0.204049609509548,0.203933022167835,0.203781973420854,0.203602990700577,0.2034048331071,0.203197814055262,0.202992994908763,0.202801311053533,0.202632698695931,0.202495292318176,0.202394758745907,0.202333824195924,0.2023120359993,0.202325781975231,0.202368569153202,0.202431541524911,0.202504195741105,0.202575236112219,0.202633497655757,0.202668859552768,0.202673071926079,0.202640426333635,0.202568214080093,0.202456935069085,0.202310241657384,0.202134624764876,0.201938871218385,0.201733340010855,0.201529119261826,0.201337134112244,0.201167278104963,0.201027636899096,0.200923864059083,0.200858755175151,0.200832050017146,0.200840474243561,0.200878013825989,0.200936398130055,0.201005752647061,0.201075370590654,0.201134544602173,0.20117339603364,0.201183639833678,0.201159227847133,0.201096822037181,0.200996061232774,0.200859599788358,0.200692913128184,0.200503882484462,0.200302188057434,0.200098555097467,0.199903909820711,0.199728510514391,0.199581122769738,0.199468305929991,0.199393870408975,0.199358552858237,0.199359939071211,0.19939264430907,0.199448739094426,0.199518387367664,0.199590645215391,0.199654353977427,0.19969905285951,0.199715834126528,0.199698068785061,0.199641941965947,0.199546753921046,0.199414963043248,0.199251969632189,0.199065661153874,0.198865759479075,0.198663026340291,0.198468393777011,0.198292090943374,0.198142837204607,0.198027164372697,0.197948919115854,0.197908981234585,0.197905216016321,0.197932660682356,0.197983927379357,0.198049789446296,0.198119904796303,0.198183620925341,0.198230800763225,0.198252607532116,0.19824218996052,0.198195216392395,0.198110217096885,0.197988707786702,0.1978350831685,0.197656286294625,0.197461276455236,0.197260334151,0.197064255103241,0.196883495142235,0.196727333194904,0.196603119789362,0.196515673204478,0.196466874762765,0.196455499424249,0.196477298900526,0.196525333508027,0.196590527748008,0.196662405084963,0.19672994145245,0.196782466216815,0.196810534786094,0.196806699277759,0.196766112495005,0.196686915076381,0.196570374668786,0.196420767504611,0.196245014804543,0.196052106949223,0.19585236554935,0.195656605974658,0.195475269678825,0.195317596456528,0.195190901822037,0.19510001471073,0.195046916744843,0.195030607682703,0.195047203805212,0.195090258278634,0.195151276223658,0.195220383363636,0.195287096526236,0.195341137498284,0.195373229107868,0.195375814012635,0.1953436423521,0.195274183801798,0.195167832085245,0.19502788492157,0.194860298812246,0.194673234944804,0.194476428645605,0.194280429038256,0.194095766700952,0.193932114152178,0.193797506149174,0.193697683600693,0.193635616332774,0.193611246444412,0.193621476487538,0.193660406584392,0.193719803563847,0.193789765136053,0.193859524906898,0.193918331337815,0.193956326875245,0.193965353151026,0.19393961447927,0.193876144265107,0.193775036206959,0.193639422659249,0.1934752042811,0.193290556104002,0.193095253516128,0.192899875818086,0.192714953863308,0.192550131317448,0.192413406278207,0.192310511918434,0.192244482387605,0.192215434649234,0.192220579614619,0.192254458247358,0.192309381557485,0.192376038703223,0.192444225669475,0.192503638844673,0.192544673674553,0.192559168596482,0.192541038587583,0.192486750611098,0.192395604530936,0.192269797009969,0.192114261672319,0.191936295406931,0.191744997013549,0.191550559265298,0.191363467707994,0.19119366805804,0.191049768027856,0.190938338233393,0.190863370340707,0.190825939047532,0.190824098603634,0.190853025540303,0.190905398676438,0.190971987118089,0.191042398753968,0.19110592741869,0.191152427870776,0.191173144946802,0.191161427042939,0.191113264124923,0.191027605832585,0.190906434450275,0.190754588719364,0.190579355675615,0.190389866966647,0.190196351768071,0.190009309214203,0.189838668449577,0.189693003797511,0.189578866464189,0.18950028343069,0.189458459848846,0.189451704666945,0.18947558174788,0.18952327172874,0.18958611448195,0.189654289249303,0.18971758007521,0.189766168562397,0.189791394461478,0.189786427195952,0.18974679790846,0.189670751586871,0.18955939169904,0.189416604765513,0.189248768498286,0.189064263467183,0.18887282357819,0.188684773800671,0.188510213466456,0.188358209140415,0.188236061838996,0.188148708912276,0.188098311297932,0.188084062663465,0.188102239195231,0.188146488887466,0.188208338840317,0.188277880138822,0.188344574148891,0.188398113077034,0.18842926251676,0.188430615006626,0.188397191284407,0.188326839234275,0.188220398216148,0.188081616837443,0.187916833343105,0.187734447712943,0.187544231507427,0.187356534085708,0.187181451091036,0.187028022649242,0.186903524692176,0.18681290782648,0.186758425222027,0.186739475329643,0.186752668188809,0.186792106978503,0.186849860529212,0.186916588814713,0.186982272813632,0.187036993148949,0.187071698899796,0.187078909026242,0.187053293838728,0.18699209256233,0.186895334772766,0.186765847606998,0.186609046304965,0.186432521820339,0.186245454852498,0.186057899554332,0.185879991236009,0.185721139608611,0.185589271716107,0.185490186233519,0.185427073198356,0.185400240861097,0.185407075014633,0.185442237149013,0.185498087680557,0.185565301120133,0.185633623180271,0.185692707098043,0.185732959138735,0.185746322118768,0.185726931021841,0.185671585919298,0.185580003385032,0.185454826880278,0.185301397338496,0.185127305472616,0.184941765327113,0.184754862761521,0.184576741766153,0.184416795180252,0.184282924451511,0.184180925981848,0.184114050189034,0.184082764814387,0.184084737526067,0.184115035851575,0.184166526191622,0.184230439224291,0.184297057297536,0.184356471094237,0.184399348368375,0.184417657086802,0.18440528882619,0.184358535507901,0.18427638305118,0.184160598662319,0.184015603467244,0.183848138096708,0.183666744581922,0.1834811023827,0.183301268429545,0.183136879687334,0.182996381088396,0.182886341148482,0.182810911940904,0.182771479565207,0.182766536474735,0.182791789123953,0.182840494818295,0.182904002090636,0.182972451175929,0.183035576907158,0.18308354702961,0.183107765490413,0.183101573093458,0.183060786784875,0.182984032923356,0.1828728478546,0.182731539238566,0.182566821972539,0.182387261340389,0.182202571554937,0.182022828887361,0.181857664312229,0.181715500770574,0.18160289500656,0.181524034156047,0.18148042389922,0.18147078928489,0.181491192607676,0.181535356245942,0.181595163300985,0.181661296195589,0.181723963856189,0.181773662232882,0.181801910968208,0.181801911040283,0.181769074004125,0.181701382673044,0.181599555169583,0.181466998500562,0.181309553282934,0.181135046955547,0.180952687671401,0.180772343967223,0.180603765188411,0.18045580357985,0.180335700248676,0.180248493511117,0.180196599500428,0.180179601819997,0.180194270390933,0.180234810775347,0.180293325764422,0.180360452662212,0.180426124198363,0.180480389870431,0.180514228868248,0.180520286179112,0.180493470032948,0.180431360928195,0.180334398931816,0.180205835190298,0.180051453798801,0.179879089487705,0.179697983285042,0.179518030994247,0.179348987018669,0.179199688303539,0.17907736001227,0.178987056540625,0.178931279506176,0.178909799588048,0.178919692813522,0.178955585383696,0.179010085603627,0.179074367977952,0.179138863883086,0.17919400602854,0.179230970526957,0.179242360925688,0.179222782915326,0.179169266326157,0.179081501971015,0.178961874236984,0.178815285249625,0.178648781972638,0.178471012705748,0.17829155300684,0.178120152023336,0.17796595760752,0.177836781636084,0.177738465165301,0.177674396316301,0.177645222421543,0.177648782738026,0.177680270106378,0.177732610781596,0.177797032955965,0.177863777963904,0.177922895404647,0.177965055725335,0.177982311974478,0.177968746686329,0.177920949812132,0.177838288343295,0.177722946382884,0.17757973420161,0.177415684409645,0.17723947099897,0.177060701139649,0.176889139128964,0.176733926157341,0.176602858435327,0.176501780062262,0.176434136566717,0.176400721376892,0.176399631827982,0.176426434968951,0.176474527616887,0.176535660913659,0.176600587975501,0.176659784779607,0.176704189646276,0.176725905750064,0.176718814006314,0.176679050211643,0.176605310066557,0.176498958090501,0.176363930695028,0.176206438902038,0.176034491370383,0.175857272459297,0.175684421942343,0.175525271685886,0.175388099271,0.17527945857375,0.175203642479848,0.175162323355493,0.175154403208495,0.175176088645057,0.175221187106252,0.175281602060583,0.175347987550874,0.17541050838369,0.175459642689054,0.17548695953552,0.17548580620994,0.1754518475328,0.175383412468028,0.175281620075523,0.175150275940286,0.174995549794845,0.174825463338766,0.174649232646665,0.174476520774066,0.174316662390076,0.174177923156693,0.174066852304432,0.173987778036569,0.17394248298054,0.17393008206056,0.173947109147986,0.173987802898168,0.174044567447165,0.174108571094247,0.1741704364983,0.174220969793853,0.174251873673949,0.17425639095587,0.17422983029874,0.174169934243265,0.174077061075764,0.173954165492987,0.1738065778203,0.173641596649954,0.173467924176724,0.173294986150047,0.17313218821369,0.172988166566608,0.172870092664541,0.172783088709093,0.172729802938475,0.172710181663419,0.172721459422936,0.172758370777255,0.172813568604886,0.172878215985548,0.172942703492552,0.172997432470794,0.173033598770498,0.173043911083173,0.173023183563055,0.17296875332189,0.172880688637767,0.172761771873811,0.172617260439028,0.172454447839446,0.172282063282934,0.17210956102813,0.171946358728394,0.171801086906944,0.171680909383407,0.171590967387957,0.171533989065865,0.171510092184487,0.171516792336227,0.171549213029525,0.171600478944536,0.17166226032668,0.171725425838888,0.171780753806532,0.171819648042919,0.171834804481519,0.171820778595902,0.171774410797759,0.171695077220289,0.171584745895612,0.171447832540051,0.171290865063631,0.171121980521455,0.170950291475629,0.170785169595588,0.170635501841516,0.170508977989106,0.170411467084052,0.170346534525728,0.170315141121352,0.170315551280725,0.170343460591741,0.170392334724614,0.170453933569832,0.170518978380253,0.170577906987729,0.170621654138221,0.170642391464864,0.170634164911203,0.17059337626942,0.170519069080806,0.170412996151854,0.170279464747622,0.170124974388587,0.169957679400743,0.169786722456296,0.169621495137646,0.169470886355944,0.169342579062951,0.169242450404052,0.169174120958547,0.169138685968873,0.169134646617126,0.169158043692758,0.169202780626041,0.169261108940563,0.169324237609107,0.169383019250115,0.169428661017581,0.169453406649717,0.169451138482386,0.1694178541235,0.169351981537547,0.169254507936024,0.169128911391907,0.168980898653261,0.168817967272817,0.168648823867139,0.168482702023082,0.168328632101785,0.16819472013371,0.168087493571578,0.168011367596488,0.167968277046334,0.167957506356277,0.167975734082139,0.168017290887076,0.168074611822632,0.168138846942939,0.168200580325798,0.168250597799392,0.168280639086075,0.168284071179027,0.168256426501553,0.16819576114013,0.1681028040829,0.167980886460162,0.167835658579956,0.167674620346873,0.167506505859088,0.167340574324606,0.167185866079697,0.167050484059616,0.166940957655395,0.166861738000179,0.166814862217168,0.16679981013052,0.166813561612411,0.166850847330223,0.166904571280772,0.166966371102546,0.16702727250164,0.167078387762223,0.167111605562225,0.16712022027367,0.167099453471976,0.167046828195135,0.166962367097924,0.166848598395501,0.166710367594252,0.166554467548849,0.166389113362354,0.166223301033056,0.166066098559493,0.165925924570065,0.165809871769374,0.16572313019419,0.165668558402081,0.165646439626149,0.16565444537016,0.165687812009174,0.165739718114025,0.165801833010117,0.165864992103244,0.165919943192662,0.165958101466329,0.165972249818982,0.165957125710118,0.165909845590178,0.165830132049376,0.165720325941327,0.165585184188295,0.165431482077793,0.165267454986204,0.165102127229116,0.164944584126704,0.16480324682717,0.164685207876226,0.16459567932384,0.164537595052996,0.164511395992978,0.164515012095789,0.164544039621081,0.164592097557448,0.164651333930686,0.164713042135348,0.164768339878647,0.16480885923639,0.16482739587617,0.164818468681273,0.164778747574356,0.164707316860983,0.164605753293458,0.164478011566377,0.164330124250173,0.164169737295132,0.164005515176149,0.163846460482707,0.163701200373227,0.163577296075056,0.163480631035255,0.163414928231438,0.163381437717002,0.163378822285236,0.163403253173406,0.163448710301846,0.1635074641671,0.163570700753144,0.163629238169185,0.163674275404611,0.163698110469949,0.163694767630108,0.163660481243235,0.163593996169699,0.163496660633196,0.163372305298547,0.163226920510445,0.163068160454483,0.16290471697977,0.16274561581666,0.162599493216303,0.16247391137469,0.162374766569423,0.1623058353175,0.162268491957881,0.162261616986106,0.162281700416035,0.162323129578101,0.162378637133853,0.162439873580965,0.162498059845486,0.162544670200348,0.162572093970086,0.162574226311379,0.162546943621626,0.162488427475211,0.162399311913649,0.162282641758927,0.162143643566529,0.161989324955657,0.161827931358099,0.16166830072429,0.16151916548609,0.1613884562958,0.161282663138388,0.161206306039553,0.161161559820256,0.161148065629257,0.161162947151338,0.161201032602255,0.161255266295336,0.161317277242118,0.161378058456868,0.161428700709294,0.161461119404816,0.161468713604762,0.16144690194691,0.161393490879333,0.161308845181407,0.161195847835502,0.161059654320898,0.160907263669447,0.160746943617803,0.160587558653283,0.16043785679688,0.160305773155664,0.160197805629638,0.160118511123927,0.16007015998896,0.16005257321345,0.16006315226897,0.160097096615548,0.160147789825481,0.160207323032212,0.16026711473523,0.160318579438189,0.160353794490319,0.160366114958163,0.160350690297112,0.160304843752258,0.160228285342419,0.160123141348833,0.159993796681978,0.159846560469881,0.159689178755461,0.159530230326309,0.159378451465,0.159242041939486,0.159128007179177,0.159041589898492,0.158985838360081,0.158961348304133,0.158966201979845,0.158996111730482,0.159044758523318,0.159104299175847,0.159166001333659,0.159220953902191,0.159260793744558,0.159278387745833,0.159268413030866,0.159227786894021,0.159155911038951,0.159054710803009,0.158928467641702,0.158783460642234,0.158627448641969,0.15846903728069,0.158316983990511,0.158179497924956,0.158063591002822,0.157974530877961,0.157915437397868,0.157887051916414,0.157887694782495,0.157913411596279,0.157958294525953,0.158014952110083,0.158075090368858,0.15813016034783,0.158172022837956,0.158193580150672,0.158189327459087,0.158155782137961,0.158091758366006,0.157998465451873,0.157879421215409,0.157740185471488,0.157587932304714,0.157430892424565,0.157277707496854,0.157136746072084,0.157015434831006,0.156919658826113,0.156853280008469,0.156817814748782,0.15681229882387,0.156833353334553,0.15687544844146,0.156931345064763,0.156992679304813,0.157050641755983,0.157096695336255,0.157123271600329,0.157124387140222,0.157096128492751,0.157036965352601,0.156947866770796,0.156832211996959,0.156695505107519,0.156544918950474,0.156388707790128,0.156235538209801,0.156093793573229,0.155970908334787,0.155872784842703,0.155803337512914,0.155764198194146,0.155754603238385,0.155771468371818,0.155809643057694,0.155862322695645,0.155921585603031,0.155979012975704,0.156026344423212,0.156056119495465,0.156062256930979,0.156040528026169,0.155988888230506,0.155907641327475,0.155799422733436,0.155669001772788,0.155522916395928,0.155368966749258,0.155215605318704,0.155071270136771,0.154943712983411,0.154839376037094,0.154762867722244,0.154716581555251,0.154700490986339,0.15471213932102,0.154746827872003,0.154797988879179,0.154857713905917,0.154917394828066,0.154968424478855,0.155002898504256,0.155014259607083,0.154997830199626,0.15495118911244,0.154874361520541,0.15476980737692,0.154642210879425,0.154498090251606,0.154345261887614,0.154192204434931,0.154047375768335,0.153918538571659,0.153812148350006,0.153732851504587,0.153683131316491,0.153663127261478,0.153670639119197,0.153701312983666,0.153748992596995,0.153806207351226,0.153864758601841,0.153916359183193,0.153953277572008,0.153968938151585,0.153958432420398,0.153918902514887,0.153849767663503,0.153752775588818,0.153631873711777,0.153492908449716,0.153343174021812,0.153190844040712,0.153044328862542,0.152911608357445,0.152799592773318,0.152713563262201,0.152656738308982,0.152630002995936,0.152631825368433,0.152658369081261,0.152703795217186,0.152760730085584,0.152820861398052,0.15287561385509,0.152916847980609,0.152937523736309,0.15293227329869,0.152897835159,0.15283331370508,0.152740243543009,0.152622454590867,0.152485750860687,0.152337431306631,0.152185693822359,0.152038972391976,0.151905261896228,0.151791484932359,0.151702950430876,0.151642945433544,0.151612490005911,0.151610271937165,0.151632763733813,0.151674510522897,0.151728564836234,0.151787033692659,0.151841695577663,0.151884640266453,0.151908883156439,0.151908907878912,0.151881096275673,0.15182401301031,0.151738522625639,0.151627729096227,0.151496741071907,0.151352279188446,0.151202154109365,0.151054654433057,0.150917891389021,0.15079915162983,0.150704309886908,0.150637349564308,0.150600031593633,0.150591740525438,0.150609522705152,0.150648315598895,0.150701351237173,0.150760701765892,0.150817922622793,0.150864740096868,0.150893725862922,0.150898901969512,0.150876225658728,0.150823913774856,0.150742580401616,0.150635177449525,0.150506744700369,0.150363991771724,0.150214748177812,0.150067327981241,0.149929861668012,0.149809649469411,0.149712587457304,0.149642710794306,0.149601888280054,0.149589689774357,0.149603434284311,0.149638412571005,0.149688265079549,0.149745484707239,0.14980200511026,0.149849829424429,0.149881651740029,0.149891424508526,0.149874829155398,0.149829614241412,0.149755775114208,0.14965556053278,0.149533304497619,0.149395094631914,0.149248301023673,0.149101000538448,0.148961340378488,0.148836890327308,0.14873403507519,0.148657455916772,0.148609744916564,0.148591184687575,0.148599713913256,0.148631083661694,0.148679193629343,0.148736582093588,0.148795029958362,0.148846229132745,0.148882459597658,0.148897218496858,0.148885748574011,0.148845421922775,0.148775947528221,0.1486793862863,0.148559973666605,0.148423766406817,0.148278144137568,0.148131208395969,0.147991129179944,0.147865492496479,0.147760701154249,0.147681475636475,0.147630492908524,0.147608189365574,0.147612740849914,0.147640218843874,0.147684908608937,0.147739763128851,0.147796957006925,0.147848497554462,0.147886846559492,0.147905505798694,0.14789952221008,0.147865874563891,0.147803712076218,0.147714426169594,0.14760154881961,0.147470483839793,0.147328090172617,0.147182147862896,0.147040747002155,0.146911646740563,0.146801654808091,0.146716077430107,0.14665828491277,0.146629429695515,0.14662834186296,0.146651612855026,0.146693862565454,0.146748169507634,0.146806629643385,0.146860998131389,0.146903360764629,0.146926778996645,0.146925854533292,0.146897166330588,0.146839543858025,0.146754154628956,0.14664439994421,0.146515629067976,0.146374697177209,0.14622940506895,0.146087867728691,0.145957863791314,0.145846218412417,0.145758268260082,0.145697449736832,0.145665040931657,0.145660075165297,0.14567943040474,0.145718085351036,0.145769520618785,0.145826232946221,0.145880322445245,0.145924107973273,0.145950724031964,0.145954654213535,0.14593216096942,0.145881579041515,0.145803449795494,0.145700485313862,0.145577363703176,0.145440369805225,0.14529690747972,0.145154919951342,0.145022262553783,0.144906076846372,0.144812216003963,0.144744768325221,0.144705718726132,0.144694777589625,0.144709393074965,0.144744947990849,0.144795126858647,0.144852424206025,0.144908752785305,0.144956101492305,0.144987188158192,0.144996052583679,0.14497854020865,0.14493263621916,0.14485862281775,0.144759047609619,0.144638507162667,0.14450326530588,0.144360739264121,0.144218897148779,0.144085616824071,0.143968058328854,0.143872099842231,0.143801881012136,0.143759488011612,0.143744802859225,0.143755526366983,0.143787370614724,0.143834404094539,0.143889521506663,0.143945001337115,0.143993108325001,0.144026695045699,0.144039757208326,0.144027900817392,0.143988685826863,0.143921819899664,0.143829186807476,0.143714706171255,0.143584033861478,0.143444124589259,0.143302689134355,0.143167587409979,0.143046204395193,0.142944858286212,0.142868288680596,0.142819267153278,0.142798363471747,0.142803888531814,0.142832020797788,0.142877107781077,0.142932119217837,0.142989215456767,0.143040384378371,0.143078093934688,0.143095905769261,0.143088998560383,0.143054557459483,0.142991997555996,0.142903003607448,0.142791383997394,0.142662752578242,0.142524066305466,0.142383058135066,0.142247612601692,0.142125135267726,0.142021966685872,0.141942886876716,0.141890748141567,0.141866263122666,0.141867962375347,0.141892322395044,0.141934052076094,0.141986513882117,0.14204224633456,0.142093547358243,0.142133073961918,0.142154412881313,0.142152579168499,0.142124405073817,0.142068789567253,0.1419867889801,0.141881540886585,0.141758025744326,0.141622683133281,0.141482910789668,0.14134648415693,0.141220941085444,0.141112979961312,0.141027919487136,0.140969264391588,0.140938413646864,0.140934536804059,0.140954630621297,0.140993753331987,0.141045418936665,0.14110212013384,0.14115593721688,0.141199182549038,0.141225026863837,0.141228054989672,0.141204704578131,0.141153551488759,0.14107541871484,0.140973300887374,0.140852112057995,0.14071827920948,0.140579216481775,0.14044272439342,0.140316363681811,0.140206854466627,0.14011954833787,0.140058014125747,0.140023768256834,0.140016168662843,0.140032478199046,0.14006809047057,0.140116898814267,0.140171778775739,0.140225146413882,0.140269549615402,0.140298247561589,0.140305734622509,0.140288169147909,0.140243674596266,0.14017248974441,0.140076955753898,0.139961339925362,0.13983150825564,0.139694470579031,0.139557832261185,0.139429194297585,0.13931554853847,0.13922271609979,0.139154874558674,0.139114213295597,0.139100746671605,0.13911230227991,0.139144687251487,0.13919202071912,0.1392472063681,0.13930250681873,0.139350172543283,0.139383073007512,0.139395277274439,0.13938253551633,0.13934262138594,0.139275507206397,0.139183358320431,0.139070348358051,0.138942312233228,0.138806267027563,0.138669841418241,0.138540661121403,0.138425740492948,0.13833092890054,0.138260455065677,0.138216603887681,0.138199549141391,0.1382073528665,0.138236129266203,0.138280358490647,0.138333324666158,0.138387643653621,0.138435839808918,0.13847092781478,0.138486955599275,0.138479467397053,0.1384458519111,0.138385548906569,0.138300097890071,0.138193024148922,0.138069569584258,0.137936287630461,0.137800532248651,0.137669879689993,0.137551527714857,0.137451719641283,0.137375239601803,0.137325020606607,0.137301898662597,0.137304534837578,0.137329513643179,0.137371611532557,0.137424214913788,0.137479854162447,0.137530809896229,0.137569741250701,0.137590283729324,0.137587566636699,0.137558606946447,0.13750254709002,0.137420717599215,0.137316520537051,0.137195144813279,0.137063138427392,0.136927874209454,0.136796953807848,0.136677598911607,0.136576078766971,0.136497219106376,0.136444030154346,0.136417481186024,0.136416437132758,0.136437759951035,0.136476564870468,0.136526610112982,0.136580789011923,0.136631686271988,0.136672155808075,0.136695876378689,0.136697843091928,0.136674757651325,0.136625287613652,0.136550174485744,0.136452181578877,0.136335884438715,0.136207318577078,0.136073510318568,0.135941926013575,0.135819881881876,0.135713960680456,0.135629481779316,0.13557006789107,0.135537344744684,0.135530799837526,0.135547813758851,0.135583863439857,0.135632882248038,0.135687748399764,0.135740861961983,0.135784762817029,0.135812738147645,0.13581936866949,0.135800967985125,0.135755878610428,0.135684600580979,0.13558974292005,0.13547580330315,0.135348795619668,0.135215757550254,0.135084179707858,0.134961403599695,0.134854037294499,0.134767435249164,0.134705282641601,0.134669315437717,0.134659196151637,0.134672552809435,0.134705175988994,0.134751356920818,0.134804339319422,0.13485684953312,0.134901664228362,0.134932172443078,0.134942889539091,0.134929884260337,0.134891086499043,0.134826452073937,0.134737971284426,0.134629519551016,0.134506560315399,0.134375721727849,0.134244278665143,0.13411957951682,0.134008462266281,0.133916706144031,0.13384856323289,0.133806408838955,0.133790540514286,0.133799143953204,0.133828430478499,0.13387293658268,0.133925962215839,0.133980112468301,0.134027898138263,0.134062345314058,0.134077563086524,0.134069221962407,0.134034903172479,0.133974290168832,0.133889187168132,0.133783364365537,0.133662244050364,0.133532454979576,0.1334012928836,0.133276132061871,0.133163836189144,0.13307021557172,0.132999573393245,0.132954375519717,0.132935067990964,0.132940054353982,0.132965832474345,0.133007278339427,0.133058053495583,0.133111103865458,0.13315921132418,0.13319555592598,0.133214246213916,0.133210777581155,0.133182383991605,0.133128256167679,0.133049609117491,0.132949592967397,0.132833052751791,0.132706154300232,0.132575903844497,0.13244959765089,0.132334244129593,0.13223600387849,0.13215969259631,0.132108387640218,0.132083171398062,0.132083034082476,0.132104945796264,0.132144093776397,0.132194266790666,0.132248355996131,0.132298931359088,0.132338845961095,0.132361817844864,0.132362940784245,0.132339081378347,0.132289129636943,0.132214082835221,0.132116956688564,0.132002532513983,0.131876962689505,0.131747268210505,0.131620770518697,0.131504504411635,0.131404659466005,0.131326094142466,0.131271960027658,0.131243464204805,0.131239786390756,0.131258155188769,0.131294075554698,0.131341688267471,0.131394232605556,0.131444576153424,0.131485771103331,0.131511594806881,0.131517033723222,0.13149867418442,0.131454970255168,0.131386367949112,0.131295275597792,0.131185881573527,0.131063832091158,0.130935792649569,0.130808926008085,0.130690326665527,0.130586455984369,0.130502622926457,0.130442552621809,0.130408078734122,0.130398986177096,0.130413018838594,0.13044605351633,0.130492427383356,0.1305453932017,0.130597665385881,0.130642011944278,0.130671843097173,0.130681747430694,0.130667930828621,0.130628521743289,0.130563717859739,0.130475762811019,0.130368756059458,0.130248313047177,0.130121104993701,0.129994317239067,0.129875071056213,0.129769855995169,0.129684018039241,0.129621343456755,0.129583769817952,0.129571245025471,0.129581743308992,0.129611434919774,0.129654994642444,0.129706024031518,0.129757554147908,0.129802590006831,0.129834655248843,0.129848295815483,0.129839504581716,0.129806034742488,0.129747577891667,0.129665792645451,0.129564180702374,0.12944781866477,0.129322964990754,0.129196571307468,0.12907573522636,0.128967137071235,0.128876505025737,0.128808151819926,0.128764621169389,0.128746474007195,0.128752233647305,0.128778496200963,0.128820198877027,0.128871025425201,0.12892391614508,0.12897164068825,0.12900738620709,0.129025311822923,0.129021023100467,0.128991927018718,0.128937438205007,0.128859019984011,0.128760057889261,0.128645577400754,0.128521830557013,0.128395786637709,0.128274569458505,0.12816488741988,0.128072502135738,0.12800177743211,0.127955343254053,0.127933899272552,0.127936171606247,0.127959024003213,0.127997713006459,0.128046265920426,0.128097951525752,0.128145806992834,0.12818318067505,0.128204249602086,0.128204472556397,0.128180944440924,0.128132624900613,0.128060423363692,0.127967133227499,0.127857219147361,0.127736472544168,0.127611560730052,0.127489503670905,0.127377118644274,0.127280476338114,0.127204411888267,0.12715213081885,0.127124942950595,0.127122147499506,0.127141080524131,0.127177322565536,0.127225050887643,0.127277508348582,0.127327550747776,0.127368227475491,0.127393347152543,0.127397981036859,0.127378862222361,0.127334647587137,0.127266021236206,0.127175631743193,0.127067869582369,0.126948504478404,0.126824213805695,0.126702041687584,0.126588833437958,0.126490691159626,0.126412493712296,0.126357518246355,0.126327191695636,0.12632098986454,0.126336489969312,0.126369570640229,0.126414742324112,0.126465581491856,0.126515234663273,0.12655695346271,0.126584619977905,0.126593222674694,0.126579246897777,0.126540950285828,0.126478501842695,0.126393973409986,0.126291183236048,0.126175402491301,0.126052946149878,0.125930678861452,0.125815473552813,0.125713664906944,0.125630541100987,0.1255699149897,0.125533810315013,0.12552228982519,0.125533441011839,0.12556352238411,0.125607259848873,0.125658270010203,0.125709576200888,0.125754174855335,0.125785605234234,0.125798474993148,0.125788897737884,0.125754806216493,0.12569611547619,0.125614723174697,0.125514348090525,0.125400221462425,0.125278657896533,0.125156542175881,0.125040774625005,0.12493772028685,0.124852705981578,0.124789604593403,0.124750538210037,0.124735721765064,0.124743457480265,0.124770278600525,0.124811229563514,0.124860259661612,0.124910699098484,0.124955780606355,0.124989166783533,0.125005443173016,0.125000539799192,0.124972049207739,0.124919416652145,0.124843987441818,0.124748907007861,0.124638880264984,0.124519807599889,0.124398324515995,0.124281279855445,0.124175192935546,0.124085732362076,0.124017258397892,0.123972466487588,0.123952162057456,0.123955186510379,0.12397850218637,0.124017430953513,0.124066028153513,0.124117561997429,0.124165059261482,0.124201872163609,0.124222219222336,0.124221654958579,0.124197429335312,0.124148707285402,0.124076630677285,0.123984218508078,0.123876114771105,0.123758206091846,0.12363714175458,0.123519796279671,0.123412718705392,0.123321612974032,0.123250890449213,0.123203329020761,0.123179864146105,0.123179526363619,0.123199528211384,0.12323549200817,0.123281799434347,0.123332034994614,0.123379488806925,0.123417680131608,0.123440861841857,0.123444467666231,0.123425468355233,0.123382609632983,0.123316513455344,0.123229634154742,0.123126071854472,0.12301125634987,0.122891524712314,0.122773624418732,0.122664180152232,0.122569165982606,0.122493425014874,0.122440275613879,0.122411237067399,0.122405898421577,0.122421942864715,0.122455327338616,0.122500604080991,0.122551358690042,0.122600729167263,0.122641963201802,0.12266896741691,0.122676802778614,0.122662084864002,0.122623255812473,0.122560705796447,0.122476734725871,0.122375358450779,0.12226197671808,0.122142931432645,0.122024992423824,0.121914813254449,0.12181840127951,0.121740644157292,0.121684929652177,0.121652887430726,0.121644271415118,0.121656989995721,0.121687279917157,0.121730008797568,0.121779081779473,0.121827920361249,0.121869976468935,0.121899242564498,0.121910719137755,0.121900804215048,0.12186757530022,0.121810942058396,0.121732657548499,0.121636186289373,0.121526438210394,0.121409387845659,0.121291607224498,0.121179748072483,0.121080013544737,0.120997661300742,0.120936578038782,0.120898960629197,0.120885130985627,0.12089350133811,0.120920694419879,0.120961810245646,0.121010818750696,0.121061046695811,0.121105718942981,0.121138509280448,0.121154054926668,0.121148391807304,0.12111927442831,0.121066354054142,0.120991201036373,0.12089717040748,0.12078912304075,0.120673026595728,0.120555470094163,0.120443132535358,0.120342249005352,0.120258117130291,0.120194682652603,0.120154235837706,0.120137241048146,0.12014231100061,0.120166325851469,0.120204686206994,0.120251679205601,0.120300928632362,0.120345894118191,0.120380381192872,0.120399023459563,0.120397700409937,0.120373859215085,0.120326715884994,0.120257320040833,0.120168477621101,0.120064536471421,0.119951050211403,0.119834345281911,0.119721023937344,0.119617441516755,0.119529199074895,0.119460692025916,0.119414751734641,0.119392410152456,0.119392808089439,0.119413256244448,0.11944944558645,0.119495791142805,0.11954588181641,0.119592999590289,0.119630665279176,0.119653165468696,0.119656016713103,0.119636328341496,0.119593033887215,0.119526972416595,0.119440813849066,0.11933883554691,0.119226569818656,0.119110352451793,0.118996810107066,0.118892328784538,0.118802546344095,0.118731909295059,0.118683328135811,0.118657957048218,0.118655113518581,0.118672342330134,0.118705617223804,0.118749663176455,0.118798373419713,0.118845288588155,0.118884101137076,0.118909146619542,0.118915844605845,0.118901055854469,0.118863328537698,0.118803014477818,0.118722245925646,0.118624773782392,0.118515678634916,0.118400975813224,0.118287144153565,0.118180614574243,0.118087258368686,0.118011915889373,0.117958003850225,0.117927233870313,0.11791946643581,0.117932713758145,0.117963292889199,0.118006117939846,0.118055108435473,0.118103680797244,0.118145282593165,0.11817392527161,0.118184670993196,0.118174032977913,0.118140256160315,0.118083455211642,0.118005599182927,0.117910345025948,0.117802734892524,0.117688783289721,0.1175749889269,0.117467811724117,0.117373157571514,0.117295911990223,0.117239559119355,0.11720591496698,0.117194994326015,0.117205019992144,0.117232571801455,0.11727286238114,0.117320117137301,0.117368028508649,0.117410249345933,0.11744088771316,0.117454965561228,0.117448806546079,0.117420323543067,0.117369183790725,0.117296838597409,0.117206414576386,0.117102473772425,0.116990660088398,0.11687725838167,0.11676869977888,0.116671051543399,0.116589531755522,0.116528087856164,0.116489073718466,0.116473052568634,0.116478743266746,0.116503115921352,0.116541630487653,0.116588599945545,0.116637648949644,0.116682230479315,0.116716157796553,0.11673410747158,0.116732051548951,0.11670758292106,0.11666010711265,0.116590885116942,0.116502924603718,0.116400729584567,0.116289930330278,0.116176824981002,0.116067871084251,0.115969168740612,0.115885976955223,0.115822301325672,0.115780584766793,0.11576152422267,0.115764026034938,0.115785301680945,0.115821094819198,0.115866020768711,0.115913991370178,0.115958692145011,0.115994075130182,0.116014829897175,0.116016797070998,0.115997292999416,0.11595532078403,0.115891651241136,0.115808766966191,0.115710672897439,0.115602586916775,0.115490533367426,0.115380870201562,0.115279786154951,0.115192807357975,0.11512435278295,0.115077374764664,0.11505311463426,0.115050994664144,0.115068656676804,0.115102145681952,0.115146224780996,0.115194796381281,0.115241395519594,0.115279714684121,0.115304116581896,0.115310092141087,0.115294625620108,0.115256436615575,0.115196079297108,0.115115891379561,0.1150197980554,0.114912988201103,0.114801490578522,0.114691685606594,0.114589792980315,0.114501376668123,0.114430906644065,0.114381411414966,0.1143542475416,0.114349002665595,0.114363537877646,0.114394164453328,0.114435939842385,0.114483059029103,0.114529310555007,0.114568562024579,0.114595238042817,0.11460475432869,0.114593875115756,0.114560966647115,0.114506127219334,0.114431183330561,0.114339551441844,0.11423597499608,0.114126155949461,0.114016308451911,0.113912668803368,0.113820999839812,0.113746129043738,0.11369155771363,0.113659173499252,0.113649090806948,0.113659633540712,0.11368746313078,0.113727842751074,0.113775017087766,0.113822677046767,0.113864471317954,0.113894522467325,0.113907904629376,0.113901043013304,0.113872002063584,0.113820638637653,0.113748608104284,0.113659223755341,0.11355718222097,0.113448178598091,0.113338443812587,0.113234242631976,0.113141373304771,0.11306470891791,0.113007816441939,0.112972682554451,0.112959566368782,0.112966988932472,0.112991858629454,0.113029721240943,0.1130751141463,0.113121996608906,0.113164222760623,0.113196021062171,0.113212443799737,0.113209752553476,0.113185710366843,0.113139758234782,0.11307306205425,0.112988425775333,0.112890076516604,0.112783337183515,0.112674210955193,0.112568909200068,0.112473359332459,0.112392731353704,0.112331021048249,0.112290723969151,0.112272627633071,0.112275740186087,0.1122973628714,0.112333301807775,0.112378202884266,0.112425983037027,0.112470322767412,0.112505179285536,0.112525277665867,0.112526539110934,0.112506410714168,0.11246406952121,0.112400484437256,0.112318331626143,0.112221771393305,0.112116106035951,0.112007347781322,0.11190173291893,0.111805222040152,0.111723026713294,0.1116592000386,0.111616322713562,0.111595308081652,0.111595339879474,0.111613945861224,0.111647199997498,0.111690036290247,0.111736649081277,0.111780948580058,0.111817036560377,0.111839665970736,0.111844649599753,0.111829186807011,0.111792083399632,0.11173384760466,0.111656654243224,0.111564179047441,0.111461314904749,0.111353790969355,0.111247723364475,0.111149131987034,0.111063461196167,0.11099514255325,0.110947235126519,0.11092117326747,0.110916643556395,0.110931602390676,0.110962434247207,0.111004238934549,0.111051225185282,0.111097178726292,0.111135966378498,0.111162034422824,0.111170859768105,0.111159316374792,0.111125926590063,0.111070976885869,0.110996489058313,0.110906050181448,0.110804516402962,0.110697615987082,0.110591484984453,0.11049217391538,0.110405165554276,0.11033494227067,0.110284636681756,0.110255792113213,0.110248250236857,0.110260173041304,0.110288195814779,0.110327697871223,0.110373169042087,0.110418643067057,0.110458164364246,0.110486252492407,0.110498329022709,0.110491074453692,0.110462688021286,0.110413030424528,0.110343638129231,0.110257607452192,0.110159356429853,0.110054281862527,0.109948337213804,0.109847563580784,0.109757610167368,0.109683282170076,0.109628152497775,0.109594269291585,0.109581984027274,0.109589915553336,0.109615054458303,0.109653000568523,0.109698315153706,0.109744959565954,0.1097867844675,0.109818029239014,0.109833790070289,0.109830417764465,0.109805812231325,0.109759589467016,0.109693107703366,0.109609351363255,0.109512683398677,0.109408487454001,0.109302730149987,0.109201479901637,0.109110421623207,0.109034406303736,0.108977070912813,0.108940557827345,0.108925354564586,0.108930264814363,0.108952511404695,0.108987961719344,0.1090314569465,0.109077218986013,0.109119303349864,0.109152063278964,0.10917058973139,0.109171093867449,0.109151202998193,0.10911014736813,0.109048823186162,0.108969726480938,0.108876762033365,0.108774941163484,0.108669990830454,0.108567903679551,0.108474463751746,0.108394785093625,0.108332900163661,0.108291431624967,0.108271374986057,0.108272010996209,0.10829095635463,0.108324349977402,0.1083671607313,0.108413592183229,0.108457551478291,0.108493143753978,0.108515151090609,0.108519456149415,0.108503375281551,0.108465873595478,0.108407644547572,0.108331048150743,0.108239913825308,0.108139225171836,0.108034713543148,0.107932394433892,0.107838084847234,0.107756940684345,0.10769305087559,0.10764911974803,0.107626261541663,0.107623921745265,0.10763992980721,0.107670677591169,0.107711408452569,0.107756593676069,0.107800366766568,0.107836982096873,0.10786126289309,0.107869004535906,0.107857302576269,0.107824780466101,0.107771699410395,0.10769994146274,0.107612866432737,0.107515052715801,0.107411941127901,0.107309408562985,0.107213304164982,0.107128984196413,0.107060882527852,0.107012151501633,0.106984402896308,0.106977571125651,0.106989911172729,0.107018132830298,0.107057661503451,0.107103005118477,0.107148197539036,0.107187282162834,0.107214795706547,0.107226211966235,0.107218308630701,0.107189426751443,0.107139601639573,0.107070554919514,0.106985549219154,0.106889118461718,0.106786696938248,0.106684178408938,0.106587441755926,0.106501881821403,0.106431982949164,0.106380968627565,0.10635055396166,0.106340819112766,0.106350212079704,0.106375679054854,0.106412910853899,0.106456685293179,0.106501278448668,0.106540912900593,0.10657020861647,0.106584602167624,0.106580702470113,0.106556556000965,0.106511801137257,0.106447699453885,0.10636704095603,0.106273929702254,0.106173465436968,0.106071345029573,0.105973414078296,0.105885203427302,0.10581148714308,0.105755897450895,0.105720628208021,0.10570625188907,0.10571166622394,0.105734176224527,0.105769706201941,0.105813125458483,0.105858661607389,0.105900367828146,0.105932605536927,0.105950502422858,0.105950347749712,0.105929892099924,0.10588852687712,0.105827329142451,0.105748968796936,0.105657486694001,0.10555796294232,0.105456103520871,0.105357779651989,0.105268557691444,0.105193257410111,0.105135573562756,0.105097789934984,0.10508060720588,0.105083096669304,0.105102781893051,0.105135840535267,0.105177409507723,0.105221969106815,0.105263776117427,0.105297312560317,0.105317715862373,0.105321157790069,0.105305143368442,0.105268706945907,0.1052124901648,0.105138695352386,0.105050917168263,0.104953864594732,0.104852993882644,0.104754080226469,0.104662761153936,0.10458408739982,0.104522117073922,0.104479586116837,0.104457682477241,0.104455943488367,0.10447228614214,0.104503169126313,0.104543874509798,0.104588886797106,0.104632338647212,0.104668486655285,0.104692177805615,0.104699267820521,0.104686956631891,0.10465401324074,0.104600871664377,0.104529590635783,0.104443681219662,0.104347817513766,0.104247455147546,0.10414838956629,0.104056290529748,0.103976250574259,0.103912383388931,0.103867503404329,0.103842910869686,0.103838297953845,0.103851781701482,0.103880059797866,0.103918675788193,0.103962372311108,0.104005504566981,0.104042482039336,0.104068204663678,0.104078460271592,0.104070253145051,0.104042038664268,0.103993845970398,0.103927278840867,0.103845394051338,0.103752465759264,0.103653653229869,0.103554596881443,0.103460973554724,0.10337804561012,0.103310239555042,0.103260788198854,0.103231465835898,0.103222438924751,0.103232245664442,0.10325790746826,0.103295164448182,0.10333881657064,0.103383143057992,0.10342236574398,0.103451118118889,0.103464881126648,0.103460349488498,0.103435698192433,0.103390727282805,0.103326873446415,0.103247088178887,0.103155593499826,0.103057536265765,0.102958570243735,0.102864400612112,0.102780328064128,0.102710829086092,0.102659205418707,0.102627329585439,0.102615505287848,0.102622452152169,0.102645414533282,0.102680384586095,0.10272242127867,0.10276604002709,0.102805642633024,0.102835954497793,0.102852435798145,0.102851635406337,0.102831460649638,0.102791342239033,0.102732281446163,0.102656775359026,0.102568625207859,0.102472641685706,0.102374269250279,0.102279157971425,0.102192716035838,0.102119678107358,0.102063724102935,0.102027179522855,0.102010822437777,0.102013813979275,0.102033759312865,0.102066895379433,0.102108391080389,0.102152735994662,0.102194186029442,0.102227229343525,0.102247033939307,0.10224983971736,0.102233262435804,0.102196484509407,0.102140317232883,0.102067129928704,0.101980652710299,0.101885670026526,0.101787631010928,0.101692209163326,0.101604847537062,0.101530326167832,0.101472386024728,0.101433438617961,0.101414383086351,0.101414543770814,0.101431731694632,0.101462423773776,0.101502044691371,0.101545328816679,0.101586733823081,0.101620874099313,0.101642940838853,0.101649076871139,0.101636677758223,0.101604596175083,0.101553233748832,0.10148451287463,0.101401729998584,0.101309300849702,0.101212416476956,0.10111663607563,0.101027447895827,0.100949832545803,0.100887863410171,0.100844376559335,0.100820737506521,0.100816724776481,0.100830541015347,0.100858952016918,0.100897543425445,0.100941074918322,0.100983903268881,0.10102043962487,0.101045603203761,0.101055233729628,0.101046428341221,0.101017775095965,0.100969464002345,0.100903266928595,0.100822388809403,0.100731203309099,0.10063489555814,0.100539041961956,0.100449161803211,0.100370277093068,0.100306515824843,0.100260789663922,0.100234570621274,0.100227783022184,0.100238817810092,0.100264666661542,0.100301164253989,0.100343318980548,0.100385705994687,0.100422892098992,0.100449859906979,0.100462398986429,0.100457434275476,0.100433266760065,0.100389707902041,0.100328097181254,0.100251200830575,0.100162998801483,0.10006837557452,0.0999727380053537,0.099881589390124,0.0998000928308365,0.0997326583918234,0.0996825872470047,0.0996518020240245,0.0996406860824354,0.0996480459621081,0.0996712013424289,0.0997061963580614,0.0997481159178908,0.0997914816839607,0.0998306954195844,0.0998604931718284,0.0998763726349025,0.0998749581851276,0.0998542733181462,0.0998138980929134,0.0997549989768568,0.0996802292960189,0.0995935093440023,0.0994997051341646,0.0994042329400739,0.0993126224933826,0.0992300745707559,0.0991610485505782,0.0991089124767382,0.0990756825928013,0.0990618717528386,0.0990664572480063,0.0990869691460943,0.0991196909618465,0.099159956043139,0.0992025160530928,0.0992419527994912,0.0992731017114586,0.0992914546392996,0.0992935113584267,0.099277053049552,0.0992413168302781,0.0991870577380292,0.0991164929262089,0.0990331316746674,0.0989415035216121,0.0988468047686158,0.0987544901891343,0.0986698414490881,0.0985975461009237,0.0985413207641566,0.098503609165796,0.0984853802095141,0.0984860435301407,0.0985034906416494,0.0985342595444128,0.0985738103734404,0.098616890235639,0.0986579576585004,0.0986916317909075,0.0987131291846671,0.0987186518897586,0.0987056946543092,0.0986732458730374,0.0986218659613828,0.0985536372343653,0.0984719901990644,0.0983814214494931,0.0982871271746828,0.0981945829175514,0.0981091041526236,0.0980354232466969,0.0979773164419959,0.0979373099081624,0.0979164871099468,0.0979144113626532,0.0979291682279521,0.0979575230870827,0.0979951805122746,0.0980371245404312,0.0980780131227699,0.0981125962421723,0.0981361256779161,0.0981447252193654,0.0981356931929539,0.0981077142351515,0.0980609639677448,0.0979970981677611,0.0979191266514245,0.0978311808252109,0.0977381920762477,0.0976455052620171,0.0975584569513245,0.0974819512993347,0.0974200671819257,0.0973757283129186,0.0973504635647941,0.0973442778697258,0.0973556453750131,0.0973816266391657,0.0974181013977015,0.0974600986860406,0.0975021977488308,0.0975389669629708,0.0975654045538249,0.0975773445473038,0.0975717942418505,0.0975471752657347,0.0975034484840953,0.0974421128895041,0.097366079254365,0.0972794297895964,0.0971870844194919,0.0970944017453758,0.0970067477286643,0.0969290672281362,0.0968654926986613,0.0968190207755069,0.0967912815208314,0.096782417357627,0.0967910798404328,0.0968145431457119,0.0968489242290157,0.0968894916379245,0.0969310385204955,0.096968290829678,0.096996319359629,0.0970109241821318,0.0970089622519384,0.0969885932424679,0.096949424751774,0.0968925454735195,0.0968204432680802,0.096736813737674,0.0966462733021201,0.0965539982713349,0.0964653174345429,0.0963852897353283,0.0963183002984794,0.096267707194276,0.0962355678296637,0.0962224679186389,0.0962274680060182,0.0962481731048881,0.0962809209180855,0.0963210741958586,0.09636339390446,0.0964024628555312,0.0964331249459678,0.0964509036363194,0.0964523649242928,0.0964353947199484,0.0963993677879352,0.0963451946371914,0.0962752430774317,0.0961931416894924,0.0961034822301703,0.0960114461625734,0.0959223864005388,0.0958413985432522,0.0957729161698428,0.095720362232524,0.0956858835360771,0.0956701882268898,0.0956724977822133,0.0956906159015874,0.0957211076685372,0.0957595740340474,0.0958009996527998,0.0958401468446715,0.0958719652815874,0.0958919860778085,0.0958966703009189,0.0958836853971071,0.095852088395584,0.0958024016691018,0.0957365750204884,0.0956578363930047,0.0955704419710785,0.095479344245959,0.0953898031905703,0.0953069704938302,0.0952354794095518,0.0951790728813285,0.0951403001045261,0.0951203066884996,0.0951187364097079,0.0951337537157493,0.0951621863325898,0.0951997773503612,0.0952415268886102,0.0952820957171027,0.0953162377589123,0.0953392257510955,0.095347234755643,0.095337651692393,0.0953092853158059,0.0952624595217345,0.0951989827749285,0.0951219968877741,0.0950357184199999,0.0949450947361079,0.0948554035193024,0.0947718287627362,0.0946990476487202,0.0946408612593227,0.0945998979660511,0.0945774120612508,0.0945731923056022,0.0945855862457096,0.0946116371092458,0.0946473215033212,0.0946878686469547,0.0947281359669625,0.0947630119402975,0.0947878152891163,0.0947986601023879,0.0947927591104029,0.0947686419839244,0.0947262718470598,0.0946670507524006,0.0945937131588644,0.0945101149156973,0.0944209333010783,0.0943313006992023,0.0942463999694314,0.0941710529931548,0.0941093349389291,0.0940642452937513,0.094037462689583,0.0940292042361974,0.0940382018876096,0.0940617989436388,0.0940961598900503,0.0941365772590186,0.0941778508927266,0.0942147086784663,0.0942422340968492,0.0942562651626573,0.0942537316451131,0.0942329026437107,0.0941935242051306,0.0941368360049794,0.0940654663382924,0.0939832148451236,0.0938947416422946,0.0938051890476689,0.0937197672601286,0.0936433378201738,0.0935800283004251,0.0935329085882192,0.0935037536748938,0.0934929105888699,0.0934992786509758,0.0935204032916238,0.0935526749405679,0.0935916166141137,0.0936322373244749,0.0936694237455849,0.0936983399734612,0.0937148048462341,0.0937156181181191,0.093698810658025,0.0936637994970913,0.0936114356072133,0.0935439402869615,0.0934647344174324,0.0933781730388964,0.093289205095927,0.093202984244793,0.0931244608209046,0.0930579870364047,0.0930069669719136,0.0929735798807856,0.0929585998901161,0.0929613277248615,0.0929796411551276,0.0930101611766002,0.0930485212868045,0.0930897184584003,0.0931285173365386,0.0931598744729014,0.0931793475178946,0.0931834554275774,0.0931699598225299,0.0931380443072433,0.0930883772228523,0.0930230531791728,0.0929454189000211,0.0928597985092425,0.0927711415490987,0.0926846230809328,0.0926052287059587,0.0925373580440597,0.0924844781537223,0.0924488538344265,0.0924313751845026,0.0924314947915862,0.0924472781877847,0.0924755624029691,0.0925122092579861,0.0925524330333821,0.0925911767916493,0.0926235082499165,0.0926450048801261,0.0926520988961423,0.0926423558756701,0.0926146657341028,0.0925693312781624,0.0925080471833601,0.0924337704493893,0.0923504916278425,0.0922629237999973,0.0921761328338653,0.0920951373476885,0.0920245096243218,0.0919680091633607,0.0919282784970679,0.0919066263967762,0.0919029169312278,0.0919155744849774,0.0919417054556601,0.0919773276983117,0.092017689703444,0.0920576537924489,0.0920921120031181,0.0921164003621558,0.0921266772103886,0.0921202341946631,0.0920957142175898,0.0920532185337052,0.0919942945814774,0.0919218061946026,0.0918396976424914,0.0917526716487415,0.0916658083902811,0.0915841569425919,0.0915123323960579,0.0914541508616604,0.0914123309903894,0.0913882848375694,0.0913820134598286,0.091392114187977,0.0914158977594724,0.0914496050890315,0.0914887060124687,0.0915282563653678,0.0915632856363956,0.0915891854025485,0.0916020689009756,0.0915990743717218,0.0915785890439587,0.091540376545266,0.0914855976929993,0.0914167225933883,0.0913373401806191,0.0912518791993912,0.0911652615990483,0.0910825148296697,0.09100837314504,0.0909468993718734,0.0909011575043769,0.0908729629224683,0.0908627312096669,0.0908694388602496,0.0908907001924849,0.0909229552478694,0.0909617541653747,0.0910021152988936,0.0910389279454596,0.091067366573664,0.0910832822800391,0.0910835389982819,0.0910662666104284,0.0910310101548597,0.090978763149892,0.0909118828461192,0.090833895103442,0.0907492056938844,0.0906627423825535,0.0905795575150856,0.0905044236290922,0.0904414546466052,0.0903937825879289,0.0903633147940754,0.0903505898450277,0.0903547423170799,0.0903735778976179,0.0904037518450116,0.0904410359831316,0.0904806529036182,0.0905176512389772,0.0905472930506585,0.0905654236934379,0.0905687959812677,0.0905553239674483,0.0905242469136871,0.0904761906973984,0.0904131215457406,0.0903381950758459,0.0902555116063266,0.0901697960089743,0.0900860264325983,0.0900090405590938,0.0899431502599985,0.0898917953658267,0.0898572646614882,0.0898405072856336,0.0898410507510002,0.0898570333281816,0.0898853492253782,0.0899218956323438,0.0899619020861893,0.0900003155266427,0.0900322094969018,0.0900531836991653,0.0900597207797528,0.0900494707661483,0.0900214396941789,0.0899760670915529,0.0899151863885623,0.0898418721664707,0.089760187556266,0.0896748532428449,0.0895908657226165,0.0895130962206707,0.0894459027529645,0.0893927862214902,0.0893561173816314,0.0893369554333051,0.0893349714192487,0.0893484812136086,0.0893745843317272,0.0894093967374389,0.0894483588406,0.0894865944306331,0.0895192927206659,0.0895420841840448,0.0895513815120182,0.0895446597323256,0.0895206541012702,0.0894794605020958,0.0894225303382091,0.0893525598109519,0.0892732814755842,0.0891891735099961,0.0891051086524498,0.089025969754099,0.0889562619165171,0.0888997519354267,0.0888591641046594,0.0888359573949434,0.0888302028541853,0.0888405722111421,0.0888644396998122,0.088898089785979,0.0889370145733109,0.0889762769937406,0.0890109101547657,0.0890363199661495,0.089048657722482,0.0890451317477734,0.0890242323224826,0.0889858514637785,0.0889312880486874,0.0888631384417166,0.0887850823429306,0.0887015821751186,0.0886175212546798,0.0885378106806593,0.088466996983722,0.0884089019970768,0.0883663232862365,0.0883408181598251,0.0883325872915385,0.0883404659225472,0.0883620221386877,0.0883937534825315,0.0884313657755685,0.0884701120056449,0.0885051648655201,0.0885319942557831,0.0885467208975701,0.0885464191167451,0.0885293457141534,0.0884950773559223,0.088444545725481,0.0883799673133482,0.0883046726640791,0.0882228476010113,0.0881392058490943,0.0880586180403425,0.087985725852046,0.0879245716458056,0.0878782732440246,0.0878487703685178,0.0878366639292133,0.0878411621422381,0.0878601389172484,0.0878903007732781,0.0879274494961163,0.0879668196264823,0.0880034633970623,0.0880326515255652,0.0880502567412729,0.0880530882525204,0.0880391494555644,0.0880077976775542,0.0879597930499534,0.0878972329753316,0.087823378241986,0.0877423858075606,0.0876589708348998,0.0875780260925351,0.0875042299095899,0.0874416743177454,0.0873935428698795,0.08736186315659,0.0873473526897025,0.0873493691640651,0.0873659677989577,0.08739406015859,0.0874296611712563,0.0874682045417475,0.0875049018147747,0.0875351173115397,0.0875547301996081,0.0875604560898447,0.0875501036675373,0.087522746728585,0.0874787982810729,0.0874199806743005,0.0873491935355817,0.0872702890780205,0.0871877715253578,0.0871064434496319,0.0870310262622546,0.0869657845508978,0.0869141841395824,0.0868786115538304,0.0868601780827311,0.0868586251406915,0.0868723396245456,0.0868984790587508,0.0869331972434358,0.0869719526422532,0.0870098746336477,0.0870421576728298,0.0870644508670618,0.0870732107099066,0.0870659877485079,0.0870416235158472,0.0870003416592873,0.0869437261551804,0.0868745890033182,0.0867967389888213,0.0867146711801162,0.0866332031269587,0.0865570877384524,0.0864906342752469,0.0864373677300203,0.0863997532778943,0.0863790068412655,0.0863750056679253,0.0863863047840465,0.086410256896327,0.0864432254056542,0.0864808732322253,0.0865185046228999,0.0865514333721498,0.0865753491490099,0.086586653952986,0.0865827430656547,0.0865622090488246,0.0865249530797159,0.0864721948191617,0.0864063796080403,0.0863309895565019,0.0862502724850973,0.0861689091564732,0.0860916442950632,0.0860229100982367,0.0859664719824114,0.0859251250238772,0.0859004659646196,0.0858927599607069,0.0859009138430195,0.0859225590984339,0.085954238763618,0.0859916837260657,0.0860301563155599,0.0860648332315896,0.0860911963347949,0.0861053989880516,0.0861045775823086,0.0860870824743411,0.0860526093883968,0.0860022207664999,0.0859382558283114,0.0858641373969085,0.0857840920504078,0.0857028071422969,0.0856250531169175,0.0855553019624355,0.0854973724655174,0.0854541302691304,0.0854272658965445,0.0854171673523272,0.0854228962183961,0.0854422679670424,0.0854720291614164,0.0855081169106796,0.0855459798991029,0.0855809359036326,0.0856085382127039,0.0856249228927027,0.0856271104199017,0.0856132386767993,0.0855827094518981,0.085536237026125,0.0854757947413073,0.0854044631308472,0.085326190716364,0.0852454853917984,0.0851670599077439,0.0850954588768289,0.0850346965914378,0.0849879345590746,0.0849572249633221,0.0849433413785656,0.0849457113255025,0.0849624571509662,0.0849905428932904,0.0850260159892614,0.0850643246544493,0.0851006852490861,0.0851304695358063,0.0851495798741466,0.0851547812805129,0.0851439628568107,0.0851163070477241,0.0850723529924109,0.0850139491862373,0.0849440999561505,0.0848667190542022,0.0847863112249933,0.0847076082751723,0.0846351895261562,0.0845731173460082,0.0845246167451826,0.0844918240117533,0.084475623462523,0.0844755841355851,0.0844900002605403,0.0845160312531978,0.0845499294060182,0.0845873369271987,0.0846236289584182,0.0846542759842652,0.0846751978121036,0.0846830820956678,0.0846756431204707,0.0846518010644918,0.0846117678819499,0.0845570329249559,0.0844902489421948,0.0844150266582453,0.0843356532077345,0.0842567557505297,0.0841829361451151,0.084118405208409,0.0840666455680441,0.0840301303025444,0.0840101205294079,0.0840065590887682,0.0840180699071831,0.0840420640949969,0.0840749450288106,0.0841123963523692,0.0841497297358376,0.0841822640193659,0.0842057045322404,0.0842164912123217,0.0842120866934467,0.0841911805674704,0.0841537931156358,0.0841012703056036,0.0840361710028024,0.083962056329337,0.0838831991285955,0.0838042378743634,0.0837298035899895,0.0836641501213663,0.0836108173652482,0.0835723539313057,0.0835501205426501,0.0835441887404086,0.0835533417489072,0.0835751763196606,0.083606296625901,0.08364258438178,0.0836795237769893,0.0837125559088677,0.083737435400707,0.0837505619210772,0.0837492613272111,0.0837319949793241,0.0836984811390974,0.0836497189145062,0.0835879125083875,0.0835163010696825,0.0834389066969283,0.0833602195681195,0.0832848442776202,0.0832171348317069,0.0831608470732152,0.0831188363881331,0.0830928253756545,0.0830832609124771,0.0830892730776866,0.0831087402568147,0.0831384560621838,0.0831743852165646,0.0832119879901589,0.0832465868477883,0.0832737452185404,0.0832896271117794,0.0832913078038509,0.0832770098936334,0.0832462453214956,0.0831998519058636,0.083139921854894,0.0830696287519674,0.082992967889586,0.0829144318218184,0.0828386480538377,0.0827700085082182,0.0827123206307994,0.0826685077756941,0.0826403821058607,0.0826285071055732,0.0826321594827331,0.0826493923512205,0.0826771937382403,0.0827117272383492,0.0827486355498818,0.0827833830946431,0.0828116112193929,0.082829478746488,0.0828339618866463,0.0828230906393444,0.0827961035686036,0.0827535089324135,0.0826970471469501,0.0826295569971677,0.0825547553434837,0.0824769467975004,0.0824006854464142,0.0823304147444639,0.0822701137948884,0.082222978181176,0.0821911611999596,0.0821755969071333,0.0821759201011439,0.0821904906890043,0.0822165214106318,0.0822502993376849,0.0822874836566027,0.082323455700346,0.0823536926138462,0.0823741338643588,0.0823815102700178,0.0823736083056931,0.082349447893244,0.0823093592040176,0.0822549525315971,0.08218898426622,0.0821151306261995,0.0820376883281265,0.0819612271718236,0.0818902231173349,0.0818287015931053,0.0817799194787551,0.0817461106444529,0.0817283144680011,0.0817262998901321,0.0817385898958389,0.0817625834476541,0.0817947644505584,0.081830980833763,0.0818667717276379,0.0818977173154879,0.0819197844485077,0.0819296415986802,0.0819249191276701,0.0819043949839997,0.0818680915123487,0.081817275689257,0.0817543623435307,0.0816827272812575,0.0816064441898996,0.0815299652237067,0.0814577697993985,0.0813940089659505,0.0813421734795278,0.0813048122792407,0.0812833244517518,0.0812778422044036,0.0812872152297297,0.0813090986876285,0.0813401385184971,0.0813762396527952,0.0814128956182077,0.0814455527123281,0.0814699788143153,0.0814826063635061,0.0814808211120678,0.0814631727941548,0.0814294904478321,0.08138089318756,0.0813196960274779,0.0812492191097876,0.0811735166295335,0.0810970481929994,0.0810243197819728,0.0809595235928687,0.0809062056642411,0.0808669875047347,0.0808433631912587,0.0808355870839514,0.0808426599587326,0.0808624135894618,0.0808916862177163,0.0809265744904505,0.0809627418100532,0.0809957590030363,0.0810214510134332,0.0810362230685603,0.0810373414281855,0.0810231472828647,0.0809931873755239,0.0809482511410145,0.0808903111619048,0.0808223710385176,0.0807482318574744,0.0806721948084858,0.0805987226607101,0.0805320863380436,0.0804760243940926,0.0804334425914691,0.0804061780139967,0.0803948473373533,0.0803987923720184,0.0804161282449273,0.0804438912140337,0.0804782748181802,0.0805149355868202,0.080549343548522,0.080577148835189,0.0805945341555185,0.0805985239734372,0.0805872248114693,0.0805599769025822,0.0805174049154357,0.0804613639928244,0.0803947861047117,0.0803214399563374,0.0802456247051216,0.0801718229450482,0.0801043414048198,0.0800469683787243,0.0800026750967955,0.0799733842812423,0.0799598234283198,0.0799614734098943,0.0799766153857321,0.0800024713598473,0.080035426585602,0.0800713159399566,0.0801057517553193,0.0801344677010951,0.0801536523036624,0.0801602466188048,0.0801521833403665,0.08012854904116,0.0800896569879593,0.0800370246571749,0.0799732572453927,0.079901845625293,0.0798268938319233,0.0797527967784491,0.0796838930439321,0.0796241198858819,0.0795766978676941,0.0795438705648021,0.0795267207990281,0.0795250789982936,0.0795375320087279,0.0795615325641805,0.0795936013127307,0.0796296055234657,0.0796650920408523,0.0796956473213703,0.0797172549307181,0.0797266209524339,0.0797214403800009,0.0797005825153387,0.0796641802378778,0.0796136161255743,0.0795514070726502,0.0794809974876621,0.0794064786342091,0.0793322575641371,0.0792627029195886,0.0792017963734146,0.079152817579776,0.0791180873697583,0.079098788885889,0.0790948798778216,0.0791051020377158,0.0791270856317083,0.0791575403668848,0.0791925169575838,0.079227718672691,0.0792588385941956,0.0792818966022346,0.0792935502976025,0.0792913561332492,0.0792739607965147,0.0792412081047891,0.0791941529932178,0.0791349811484953,0.0790668399913808,0.0789935935277056,0.0789195195774861,0.0788489725927671,0.0787860382899424,0.0787342073580258,0.0786960944095546,0.0786732251316463,0.0786659094592218,0.0786732118833745,0.0786930222257737,0.0787222219784619,0.0787569333278613,0.0787928309609204,0.0788254913294816,0.078850750728355,0.0788650426436651,0.0788656864603813,0.0788511036644249,0.07882094378965,0.0787761099931694,0.0787186825974077,0.0786517474527833,0.078579143806803,0.0785051528531607,0.0784341527503299,0.0783702682893613,0.0783170434067401,0.0782771624503411,0.0782522417870707,0.0782427074171246,0.0782477672595149,0.0782654792715069,0.0782929091433932,0.0783263645229793,0.0783616870558195,0.0783945793602521,0.0784209416453309,0.0784371921481816,0.0784405469151954,0.0784292375645215,0.078402650325567,0.0783613755360255,0.0783071634853066,0.0782427895611198,0.0781718385871923,0.0780984245358036,0.0780268669848742,0.0779613493465453,0.0779055856914552,0.0778625227228373,0.0778341010641614,0.0778210956320659,0.0778230487644256,0.0778383024122563,0.0778641276610562,0.077896941786575,0.0779325956680416,0.0779667083410709,0.0779950213370204,0.0780137436253423,0.0780198586431926,0.0780113680239392,0.0779874519546778,0.0779485331308537,0.0778962394031112,0.0778332687006817,0.0777631679147452,0.0776900444309331,0.0776182343252429,0.0775519544641725,0.0774949666618241,0.077450280640216,0.0774199190071239,0.0774047621671097,0.077404484497109,0.0774175858056916,0.0774415146430291,0.0774728730082678,0.077507685922919,0.0775417146163642,0.0775707889970444,0.0775911338318569,0.0775996636792705,0.0775942240545253,0.0775737603703457,0.0775384016077187,0.0774894520519795,0.0774292913402165,0.0773611900312954,0.0772890544394396,0.0772171200827872,0.0771496173413771,0.077090435423983,0.0770428112588308,0.0770090683470485,0.0769904270079075,0.076986902020383,0.0769972968025915,0.0770192954914822,0.0770496462275301,0.0770844213079306,0.0771193333269457,0.0771500815676175,0.077172700196839,0.0771838795167505,0.0771812336984179,0.0771634928975942,0.0771306040338026,0.0770837322256032,0.077025163220622,0.0769581153976038,0.0768864773339671,0.0768144928976096,0.076746419850779,0.0766861897497366,0.0766370964010039,0.0766015374135936,0.0765808287643064,0.0765751062028958,0.0765833202945028,0.0766033245060474,0.0766320485704347,0.0766657429389,0.07670027490186,0.0767314532591137,0.0767553564728266,0.0767686391448356,0.0767687934043108,0.07675434523223,0.076724970634937,0.0766815225708259,0.0766259662254964,0.0765612271659086,0.0764909635954636,0.0764192798862248,0.0763504033191451,0.0762883491258589,0.0762366002073203,0.076197827143988,0.0761736712949186,0.0761646090587958,0.0761699090590035,0.0761876865934521,0.0762150517546247,0.076248339840789,0.0762834057190847,0.0763159582913923,0.0763419076710364,0.0763576964523161,0.0763605876849946,0.0763488857601025,0.0763220720579409,0.0762808444014106,0.0762270574546661,0.0761635694864972,0.0760940086483632,0.0760224784319821,0.0759532267333439,0.0758903055962441,0.0758372490743677,0.0757967947721528,0.0757706707266713,0.0757594637602751,0.0757625787667187,0.0757782911538965,0.0758038874256301,0.0758358821838932,0.0758702941483097,0.0759029595082435,0.0759298583158887,0.0759474288400574,0.0759528458460746,0.0759442415481705,0.0759208522965086,0.0758830796178384,0.0758324606486464,0.0757715498373606,0.0757037205638445,0.07563290154167,0.0755632680687438,0.0754989119639823,0.0754435160393838,0.0754000589880354,0.0753705745434822,0.0753559847753,0.0753560216912131,0.0753692443335617,0.0753931508309987,0.0754243770296015,0.0754589660528616,0.0754926870756973,0.0755213773034654,0.0755412790328871,0.0755493439549481,0.0755434795405953,0.075522717205033,0.0754872885459316,0.0754386037008498,0.075379134073481,0.0753122096110215,0.0752417477899753,0.075171936900666,0.0751068996771645,0.0750503645537347,0.0750053708015728,0.0749740306696597,0.0749573667505084,0.0749552365684709,0.0749663493759065,0.0749883729062086,0.0750181209291795,0.0750518063899846,0.0750853401084755,0.0751146517795461,0.0751360085339402,0.0751463066592521,0.0751433141936994,0.0751258458314541,0.0750938566560662,0.0750484472967818,0.0749917797628024,0.0749269099904829,0.0748575495583483,0.0747877746125182,0.0747217043646095,0.074663174209067,0.074615429294761,0.0745808631501964,0.0745608227325062,0.0745554962421839,0.0745638935708827,0.0745839218191191,0.0746125505317135,0.074646053809473,0.0746803099257296,0.0747111341031691,0.0747346171582324,0.0747474420864479,0.0747471524221014,0.0747323502206068,0.0747028074346721,0.0746594817603067,0.0746044360597433,0.0745406685061082,0.0744718679323715,0.0744021148810664,0.0743355530568816,0.0742760579689662,0.0742269293927772,0.0741906319588937,0.0741686039470181,0.0741611486381543,0.0741674158680957,0.0741854742870534,0.0742124678176789,0.074244843432417,0.0742786320893651,0.0743097608291506,0.0743343718846555,0.0743491243048325,0.0743514550336976,0.0743397794923304,0.0743136162616876,0.0742736261449953,0.0742215623128169,0.0741601349580777,0.0740928004380148,0.0740234907789093,0.0739563042178393,0.0738951807623807,0.0738435882642193,0.0738042440485988,0.0737788946875819,0.073768172179181,0.0737715388833416,0.0737873265058324,0.0738128667715537,0.0738447038289491,0.0738788715382441,0.0739112132339499,0.0739377178273417,0.0739548445851059,0.0739598097529145,0.0739508113396249,0.0739271735720532,0.0738893993071034,0.0738391264357918,0.073778992339908,0.0737124180627877,0.0736433303787056,0.0735758448465715,0.0735139358259149,0.0734611201231558,0.0734201794334417,0.073392943246521,0.0733801487442858,0.0733813878948592,0.0733951449756299,0.0734189206940141,0.0734494324610627,0.0734828746876537,0.0735152186006244,0.0735425282905912,0.0735612686638073,0.0735685817198259,0.0735625100410322,0.0735421503743018,0.0735077254262092,0.07346056812108,0.073403019167213,0.0733382453828188,0.0732699923742815,0.0732022903726077,0.0731391359059538,0.0730841741862302,0.073040407394778,0.0730099523761572,0.0729938676500906,0.0729920643528151,0.0730033091034552,0.0730253193764731,0.0730549443551564,0.0730884170873035,0.0731216576910081,0.0731506029205971,0.0731715350263418,0.0731813827710096,0.0731779697304423,0.0731601894123147,0.0731280928876755,0.073082881996979,0.0730268091114611,0.0729629921993835,0.0728951608828415,0.0728273546846995,0.0727635983155538,0.0727075803802517,0.072662361225994,0.0726301329267638,0.0726120498861562,0.0726081426635571,0.0726173209022838,0.0726374642188483,0.0726655931440043,0.0726981061807627,0.0727310641757416,0.0727604998071045,0.0727827282848196,0.0727946354267065,0.0727939210845052,0.0727792793009108,0.0727505013342773,0.0727084934638564,0.0726552078915761,0.0725934916461037,0.0725268647050539,0.0724592441156643,0.0723946352796528,0.0723368144081498,0.0722890271831197,0.072253727745943,0.0722323792798611,0.0722253328215392,0.072231794842473,0.0722498870398013,0.0722767942407578,0.0723089889947445,0.0723425149437709,0.0723733060064499,0.0723975152478988,0.0724118263457313,0.0724137219183575,0.0724016865610723,0.0723753279280158,0.0723354061085139,0.0722837692506001,0.0722232011990471,0.0721571941619999,0.0720896654818875,0.0720246419585006,0.0719659375139323,0.0719168501558583,0.0718799022464966,0.0718566442550505,0.0718475368313324,0.0718519196535743,0.0718680686002869,0.0718933359246661,0.0719243617968737,0.0719573402791353,0.0719883188609506,0.0720135083430139,0.0720295792461622,0.0720339220553268,0.0720248513958233,0.0720017384756803,0.0719650615100936,0.0719163699975842,0.0718581652212787,0.0717937057531988,0.0717267525829117,0.0716612733262798,0.0716011284003307,0.0715497637739319,0.0715099347383987,0.0714834830405691,0.0714711857812804,0.0714726889559842,0.071486531804048,0.071510260770714,0.0715406244843725,0.0715738343481284,0.0716058697401915,0.0716328029239127,0.0716511169589597,0.0716579903732596,0.0716515250824008,0.0716308987973686,0.0715964295209349,0.0715495471293477,0.0714926748110992,0.071429030601709,0.0713623657647271,0.0712966617779758,0.071235810796594,0.0711833054679091,0.0711419628427581,0.0711137040190835,0.0710994063819536,0.0710988393097424,0.0711106875162852,0.0711326593354716,0.071161670748243,0.0711940902694835,0.0712260253457446,0.0712536279595669,0.0712733958716574,0.0712824464125529,0.0712787418944066,0.0712612493824963,0.0712300224896325,0.071186198702551,0.0711319121175499,0.0710701279037902,0.0710044108599723,0.070938645634685,0.0708767301409226,0.0708222660802341,0.070778271065251,0.0707469354786557,0.0707294439704557,0.0707258765753072,0.0707351981831019,0.0707553379997422,0.0707833532625496,0.0708156644448922,0.070848343113895,0.0708774290483677,0.0708992506136489,0.0709107219857963,0.0709095926775304,0.0708946287914995,0.070865711166684,0.070823842580809,0.0707710638004964,0.0707102858539284,0.0706450527754588,0.0705792546543466,0.0705168146573784,0.0704613755032343,0.0704160105480472,0.0703829822871615,0.0703635669459015,0.07035795831269,0.0703652575433677,0.0703835488652082,0.0704100544657786,0.070441355860641,0.0704736641166113,0.0705031177877426,0.0705260855138794,0.0705394500380281,0.0705408519076767,0.0705288742141709,0.0705031541682737,0.0704644127973765,0.0704144002029314,0.0703557602125078,0.0702918244498243,0.0702263513743333,0.0701632302815626,0.0701061732407613,0.0700584192073296,0.0700224739341191,0.0699999068043254,0.0699912214525185,0.0699958113137451,0.0700120044718604,0.0700371949089934,0.0700680500968103,0.0701007784372428,0.0701314349276267,0.0701562400673349,0.0701718857670832,0.0701758030081781,0.0701663691597943,0.070143037924156,0.0701063813925388,0.0700580410784638,0.0700005923932298,0.0699373341750178,0.0698720209598315,0.0698085601852888,0.0697506990994039,0.0697017266399303,0.0696642139758788,0.0696398139523457,0.0696291346905497,0.0696316965166798,0.0696459747403118,0.069669524108443,0.0696991745306847,0.0697312823502509,0.0697620173847108,0.0697876634394147,0.0698049091510557,0.0698111068779691,0.0698044798344088,0.0697842615830222,0.0697507570788361,0.0697053203495529,0.0696502501930247,0.0695886115303929,0.0695239958218533,0.0694602388005379,0.0694011173242754,0.0693500490757972,0.069309818955367,0.0692823542347166,0.0692685669577495,0.0692682769156873,0.0692802221667271,0.0693021570049118,0.0693310300862984,0.0693632287065268,0.0693948695887542,0.0694221125011285,0.0694414709604911,0.0694500944027043,0.0694459985214888,0.0694282248066011,0.0693969162686318,0.0693533033888514,0.0692996018471388,0.0692388308958706,0.0691745677309318,0.0691106583177377,0.0690509084493209,0.0689987801044208,0.0689571173841189,0.0689279235677614,0.0689122064317728,0.0689099033228913,0.068919891052083,0.0689400789972218,0.0689675773920655,0.0689989271143561,0.069030372762251,0.0690581577159934,0.0690788183996621,0.0690894551584198,0.0690879590178184,0.0690731769550314,0.0690450029456242,0.0690043876249449,0.0689532655310998,0.0688944051533065,0.0688311929564995,0.0687673677542957,0.0687067258494762,0.0686528199097449,0.068608675353295,0.0685765469687421,0.0685577356134688,0.0685524802945605,0.0685599350499671,0.0685782332582859,0.0686046348594485,0.0686357450697412,0.0686677871268205,0.0686969069485476,0.0687194847667155,0.0687324280792,0.0687334217406305,0.0687211145682718,0.0686952271684922,0.0686565723167008,0.0686069865594709,0.0685491791008906,0.0684865108384742,0.068422722045397,0.0683616311944823,0.0683068294839567,0.0682613956335088,0.0682276535294472,0.0682069915344862,0.0681997571016552,0.0682052342017163,0.0682217045006362,0.068246586724584,0.0682766427091568,0.0683082336695142,0.0683376065849495,0.0683611884954609,0.0683758660738515,0.0683792290635452,0.0683697589527526,0.0683469483889695,0.0683113420385145,0.0682644955056848,0.0682088551318115,0.0681475675548054,0.068084233385508,0.0680226238365588,0.0679663822620968,0.0679187340503677,0.0678822279831605,0.0678585300013845,0.0678482864136673,0.0678510682194224,0.067865401785277,0.06788888411494,0.0679183739618323,0.0679502436563655,0.0679806713290922,0.0680059496861121,0.0680227859683667,0.0680285683576132,0.0680215768438056,0.0680011212139751,0.0679675949544284,0.0679224409257273,0.0678680320397429,0.0678074771907631,0.0677443687687835,0.067682492709444,0.0676255248457925,0.067576738122592,0.067538744001485,0.0675132882937503,0.0675011170231507,0.067501922166638,0.0675143707263334,0.0675362140600194,0.0675644682408163,0.0675956508848371,0.0676260557505893,0.0676520437381637,0.0676703278488546,0.0676782302496323,0.0676738917642317,0.0676564177252768,0.067625948913427,0.0675836519417509,0.0675316295222077,0.0674727571535558,0.0674104584639787,0.0673484363043914,0.067290380332277,0.0672396739351854,0.0671991237080919,0.0671707332389816,0.0671555397307506,0.0671535271947729,0.0671636239310819,0.0671837852267407,0.0672111552124955,0.0672422952130111,0.0672734602853439,0.0673009014720213,0.0673211689920365,0.06733139139054,0.0673295076096905,0.0673144328680629,0.0672861447955233,0.0672456829689665,0.0671950622412387,0.0671371074164644,0.067075223275448,0.0670131191394521,0.0669545106547342,0.0669028230315798,0.0668609195129506,0.0668308764814589,0.0668138225847769,0.0668098539342565,0.06681803126891,0.0668364584917207,0.0668624356950396,0.0668926741655091,0.0669235562825799,0.066951419991413,0.0669728458387387,0.0669849245062779,0.0669854843473384,0.0669732615006449,0.0669479994918846,0.0669104705296025,0.0668624165943238,0.0668064145050333,0.0667456749968011,0.0666837910244046,0.0666244546142434,0.0665711642793256,0.0665269460446293,0.066494110375541,0.0664740647635852,0.0664671975435117,0.0664728429765956,0.0664893311495649,0.0665141193256489,0.0665439946264564,0.0665753319106703,0.0666043859859439,0.0666275942778094,0.0666418650712643,0.0666448275501919,0.0666350230116615,0.0666120215608425,0.0665764548615043,0.0665299625630503,0.0664750572178305,0.0664149192131558,0.0663531389022609,0.0662934272640597,0.0662393187305012,0.0661938901391345,0.0661595181231486,0.0661376938406189,0.0661289091080539,0.0661326221726047,0.0661473050170494,0.0661705677396359,0.0661993496666153,0.0662301618672708,0.066259361993151,0.0662834400930133,0.0662992933874821,0.0663044689390651,0.0662973556386515,0.0662773107676187,0.066244711315311,0.0662009258923196,0.066148209086739,0.0660895260420549,0.0660283204636,0.0659682437746799,0.0659128663792818,0.0658653936614424,0.0658284092872448,0.0658036665269771,0.0657919447712712,0.0657929834031339,0.0658054990696849,0.0658272856522991,0.065855389421047,0.065886345564851,0.0659164570668043,0.0659420932166887,0.0659599832669224,0.0659674810308752,0.0659627785931985,0.0659450515525147,0.0659145239705938,0.0658724479436437,0.0658209998432263,0.0657631021725111,0.0657021860533079,0.0656419140873709,0.0655858863412427,0.0655373532753129,0.065498958541978,0.0654725318503318,0.0654589478129509,0.0654580612410741,0.0654687232030023,0.0654888758088738,0.0655157176279167,0.0655459263276556,0.0655759209137287,0.0656021431154248,0.0656213361766052,0.0656307996395523,0.0656286006077108,0.0656137252937576,0.0655861591605706,0.0655468893294757,0.0654978287933088,0.0654416679248962,0.0653816643889483,0.0653213874270447,0.0652644362087113,0.0652141542134616,0.0651733622146971,0.0651441312794954,0.0651276143124994,0.0651239502300179,0.0651322491615731,0.0651506605761848,0.0651765194470028,0.0652065590751152,0.0652371735593132,0.065264708626935,0.0652857570272719,0.0652974341810849,0.0652976113482407,0.0652850871008566,0.0652596830657999,0.0652222562651566,0.0651746273672175,0.0651194311471547,0.0650599018411937,0.0649996113199675,0.0649421816747726,0.0648909956243697,0.0648489280039214,0.0648181195651912,0.0647998106271996,0.0647942471192494,0.0648006656852703,0.0648173582490933,0.0648418102696155,0.0648709013117605,0.0649011519281156,0.0649289974957522,0.0649510677849043,0.0649644507484157,0.0649669203113134,0.064957110707111,0.0649346239515104,0.0649000620771114,0.0648549814206755,0.0648017721634658,0.0647434720610108,0.0646835284446985,0.0646255267374919,0.0645729065569808,0.0645286877259326,0.0644952280327833,0.064474032368289,0.0644656290281243,0.064469523767962,0.0644842360123056,0.0645074149446733,0.064536026604423,0.0645665971542991,0.0645954926875469,0.0646192127501731,0.0646346734703164,0.0646394569554481,0.0646320063931646,0.0646117508343427,0.0645791495437948,0.0645356525474229,0.0644835809918559,0.0644259375523829,0.0643661628063224,0.0643078577551593,0.0642544951963576,0.0642091432504722,0.0641742230467016,0.0641513195218908,0.0641410597877719,0.0641430679713905,0.064155999309751,0.0641776500802049,0.0642051341476866,0.0642351119217503,0.0642640536744618,0.0642885167236743,0.0643054150875064,0.0643122609079157,0.0643073591525047,0.064289940658367,0.064260223222584,0.0642193958525361,0.0641695270979657,0.0641134041892847,0.0640543150785137,0.063995790011295,0.0639413225922375,0.0638940921611213,0.0638567094908849,0.0638310062792819,0.0638178856953003,0.0638172465626079,0.0638279879571666,0.0638480945189238,0.0638747961564636,0.0639047896163581,0.0639345041379515,0.0639603895980723,0.0639792035316973,0.063988273398661,0.0639857124724157,0.0639705715871694,0.0639429143578509,0.0639038099090058,0.0638552440460134,0.06379995656564,0.0637412184438305,0.0636825674450652,0.0636275238847872,0.0635793096144819,0.063540592725425,0.0635132780842412,0.0634983598672668,0.0634958471165407,0.063504767442831,0.0635232478339248,0.0635486655722292,0.063577856965563,0.0636073673200235,0.0636337226140645,0.0636537018491421,0.0636645891328855,0.0636643861710131,0.0636519688770828,0.0636271760329804,0.0635908230474154,0.0635446395082749,0.0634911350165287,0.0634334033158735,0.0633748795852773,0.0633190695605799,0.0632692715771538,0.0632283134543984,0.0631983252672838,0.0631805664877866,0.063175321877583,0.0631818751511944,0.0631985632098891,0.0632229071749785,0.0632518100805933,0.0632818054729494,0.0633093368013648,0.063331044774899,0.0633440390634687,0.0633461319435313,0.0633360146372787,0.0633133618957441,0.0632788564006386,0.0632341312713096,0.0631816357740542,0.063124435649802,0.0630659647606342,0.0630097485654584,0.0629591219777321,0.0629169643122097,0.0628854723382095,0.0628659891141596,0.0628589015950692,0.0628636143913198,0.0628786009888361,0.0629015277088514,0.0629294401474463,0.0629589971791647,0.0629867341409442,0.0630093347532223,0.0630238908124494,0.0630281297240738,0.0630205924433417,0.063000748156493,0.0629690367944762,0.0629268359000114,0.0628763540998674,0.0628204590653303,0.062762452956983,0.0627058125468622,0.0626539141545689,0.0626097649746309,0.0625757621616229,0.0625534991390001,0.0625436350939415,0.0625458387405775,0.062558811541665,0.0625803891468276,0.0626077133672809,0.0626374611070136,0.0626661118234351,0.0626902317366595,0.0627067514704983,0.0627132142561393,0.0627079742400498,0.0626903286037576,0.0626605727550802,0.0626199742969581,0.0625706682544351,0.0625154825501836,0.0624577084012824,0.0624008346856336,0.0623482680475421,0.0623030613898006,0.0622676724123573,0.0622437711414287,0.062232111220397,0.0622324744821641,0.0622436924396226,0.0622637422922835,0.062289909317839,0.0623190025172533,0.0623476064589365,0.062372349678563,0.0623901688916298,0.0623985487170091,0.0623957185385259,0.0623807913996097,0.0623538341991277,0.0623158636294119,0.0622687679111088,0.0622151600398138,0.0621581735591526,0.062101216417783,0.0620477018967402,0.0620007776191886,0.0619630740819009,0.0619364928951222,0.0619220520301368,0.0619198010296526,0.0619288136433649,0.0619472591331402,0.0619725470545321,0.0620015342089802,0.0620307772063075,0.0620568101505179,0.0620764247290791,0.0620869296692122,0.0620863681760809,0.0620736754555246,0.0620487634440786,0.0620125259759148,0.0619667642680511,0.0619140392170108,0.0618574629981521,0.0618004473339687,0.0617464291531738,0.061698595948382,0.0616596328694638,0.0616315115363369,0.061615336937352,0.0616112639365611,0.0616184892702829,0.0616353189381433,0.0616593050546082,0.0616874409558184,0.0617163990235249,0.0617427925858469,0.0617634415832865,0.0617756215424558,0.061777276763333,0.061767181380162,0.0617450358973781,0.0617114916568683,0.061668101130155,0.0616171975697734,0.061561712991354,0.0615049482867328,0.0614503131186017,0.0614010558098015,0.0613600044867868,0.0613293401378756,0.0613104199930978,0.0613036658492819,0.0613085269147262,0.0613235208138729,0.0613463500456641,0.0613740849532643,0.0614033986728982,0.061430835086611,0.0614530879185295,0.0614672680634218,0.0614711371313193,0.061463287969297,0.0614432573478975,0.0614115616903779,0.0613696531722331,0.0613198001504181,0.0612649021132416,0.0612082546425087,0.0611532838172893,0.0611032717589023,0.0610610954619977,0.0610289996818853,0.0610084216199298,0.0609998807711175,0.061002941969085,0.0610162538283589,0.0610376588969025,0.0610643663369204,0.0610931732525586,0.0611207172140791,0.0611437403231889,0.0611593444444537,0.0611652180087564,0.0611598170018287,0.0611424862270002,0.0611135114371172,0.0610740981492339,0.061026278514473,0.0609727531165679,0.0609166796216919,0.0608614244272738,0.0608102965243253,0.060766284425546,0.0607318170450247,0.0607085677930017,0.0606973179544311,0.0606978908659828,0.0607091628223322,0.0607291504581342,0.0607551680708187,0.0607840425081607,0.0608123683599768,0.0608367827086047,0.0608542369328193,0.0608622432016043,0.0608590753468047,0.0608439075997344,0.0608168798851336,0.0607790845222135,0.0607324757407559,0.0606797098066123,0.0606239292159031,0.0605685088838322,0.0605167851605482,0.0604717896415273,0.060436009057228,0.0604111901369223,0.0603982044911003,0.060396983595521,0.0604065283107271,0.0604249914952974,0.0604498266282658,0.0604779903654866,0.060506182965077,0.0605311077905221,0.060549729803791,0.0605595131619845,0.0605586196948424,0.0605460530346125,0.0605217372766612,0.0604865239821073,0.0604421267514289,0.0603909881195349,0.0603360887483768,0.060280713432683,0.0602281919374596,0.0601816348671307,0.0601436854226172,0.0601163069312953,0.060100623454251,0.0600968267410577,0.0601041576066925,0.0601209638519594,0.060144830615866,0.0601727730486507,0.0602014759399234,0.060227560900182,0.0602478592589731,0.0602596682538691,0.0602609694105471,0.060250591144654,0.0602283022774891,0.0601948289430356,0.0601517937685699,0.0601015826715001,0.060047150563723,0.0599917821799,0.0599388277443268,0.0598914350022392,0.0598522991582372,0.0598234505333747,0.0598060964618967,0.0598005294082047,0.0598061078960843,0.0598213110551894,0.0598438618625436,0.0598709089205409,0.0598992522426804,0.0599255953112595,0.0599468038306716,0.0599601512282532,0.0599635320542923,0.059955626912124,0.0599360062271865,0.0599051647796824,0.0598644841531871,0.0598161257229308,0.0597628621357776,0.0597078600341636,0.059654430684383,0.0596057678659082,0.0595646936192034,0.0595334320958301,0.0595134297907372,0.059505236973565,0.0595084604048368,0.0595217917689729,0.0595431101221075,0.0595696505485104,0.059598225674353,0.0596254821922761,0.0596481715094891,0.0596634123305219,0.0596689235613332,0.0596632083481091,0.0596456741406889,0.0596166790363339,0.0595775008328993,0.0595302316549538,0.059477607154228,0.0594227846042364,0.0593690882632682,0.0593197428443266,0.0592776166323236,0.0592449947197247,0.0592234001347089,0.0592134765776769,0.0592149414225469,0.0592266120044142,0.0592465024625009,0.0592719829854189,0.0592999886120562,0.0593272610957897,0.059350604975046,0.0593671380531202,0.0593745170241885,0.0593711209370569,0.0593561784093657,0.0593298287544356,0.059293112162312,0.0592478894454359,0.0591966972444284,0.0591425495984659,0.0590887010333855,0.0590383894710852,0.0589945790556805,0.0589597232579482,0.058935567293306,0.05892300601558,0.0589220092028796,0.0589316208414011,0.05895003305875,0.0589747292516604,0.0590026852051173,0.0590306121013688,0.0590552217049835,0.0590734920274479,0.059082911627383,0.0590816824249106,0.0590688643556849,0.0590444500563465,0.0590093636307502,0.0589653838829342,0.058914998663779,0.0588612026175643,0.0588072551505373,0.058756418510307,0.0587116972410716,0.0586755998956323,0.0586499418175972,0.0586357042673119,0.0586329604803326,0.0586408738292701,0.0586577675586658,0.0586812600239305,0.0587084543966351,0.0587361677478543,0.0587611815631889,0.0587804942610423,0.0587915562613056,0.0587924695621962,0.0587821365112707,0.0587603463038283,0.0587277924390164,0.0586860195839014,0.0586373036698367,0.0585844741875584,0.0585306921796403,0.0584792010050305,0.0584330692768813,0.0583949462353425,0.0583668490982502,0.0583499996444016,0.0583447235664675,0.0583504212445827,0.0583656129021925,0.0583880550610743,0.0584149193132874,0.0584430191868712,0.0584690667717516,0.0584899381712285,0.0585029259987055,0.0585059581398056,0.0584977647744665,0.0584779799694555,0.0584471696327345,0.0584067837814543,0.0583590373686937,0.0583067297904192,0.058253018153008,0.0582011630151623,0.0581542673457006,0.0581150297278895,0.0580855314133404,0.0580670738503872,0.0580600790686935,0.0580640601688738,0.0580776635728788,0.0580987790863986,0.0581247086371847,0.058152380157596,0.0581785897735936,0.0582002534557453,0.0582146486998049,0.0582196276591349,0.0582137853739234,0.0581965701633382,0.058168327616386,0.0581302746274101,0.0580844052261378,0.0580333351793802,0.0579800971113739,0.0579279018363392,0.0578798844001965,0.0578388547464977,0.0578070728109432,0.0577860661753531,0.0577765052573922,0.0577781465803175,0.0577898492804885,0.0578096640945979,0.0578349881129118,0.0578627730969499,0.0578897706196709,0.0579127941012059,0.0579289762836582,0.0579360009726223,0.0579322899650126,0.0579171298088181,0.0578907280756823,0.0578541947275949,0.0578094504038724,0.0577590694954315,0.057706071187467,0.0576536757929628,0.0576050463406135,0.0575630363360498,0.0575299638473175,0.0575074296824539,0.0574961936659847,0.0574961182257884,0.0575061830859148,0.057524569266334,0.0575488052482479,0.057575963464042,0.0576028915437476,0.0576264602451572,0.057643808869643,0.057652569274898,0.057651051293717,0.0576383753199642,0.0576145418174772,0.0575804322678042,0.0575377412666361,0.0574888447371148,0.0574366141680437,0.0573841910382837,0.0573347388268869,0.0572911919648799,0.0572560215725542,0.0572310367603391,0.0572172376855358,0.0572147326129387,0.0572227262086088,0.0572395805901519,0.0572629447233869,0.0572899420887833,0.0573174016305997,0.0573421132864245,0.0573610872214906,0.0573717954766856,0.0573723761387341,0.057361783243695,0.0573398701599525,0.0573073997637037,0.0572659808288539,0.0572179361714433,0.0571661136869414,0.0571136560188801,0.0570637478191038,0.0570193611583313,0.0569830195300443,0.0569565991221038,0.0569411828007217,0.0569369778594805,0.056943303410411,0.0569586477630789,0.0569807906930608,0.0570069805571184,0.0570341521211728,0.0570591680016658,0.0570790649670571,0.0570912861001069,0.0570938809836776,0.0570856585454081,0.0570662807928728,0.0570362901322118,0.0569970679800071,0.0569507276036878,0.0568999491883254,0.0568477696502504,0.0567973433481513,0.0567516922862176,0.0567134654502343,0.0566847264514488,0.0566667866631542,0.056660097625345,0.0566642118916736,0.0566778160466246,0.0566988337683855,0.0567245910417956,0.05675203042675,0.0567779571139805,0.0567992967314614,0.0568133437684896,0.0568179801816396,0.0568118461921868,0.056794449268934,0.056766202462903,0.0567283891660515,0.0566830574863625,0.0566328532321605,0.0565808054803252,0.056530082451334,0.0564837376362321,0.0564444666667772,0.0564143942874232,0.0563949081150406,0.0563865519189673,0.0563889862755265,0.0564010190606096,0.0564207027729919,0.0564454905474632,0.0564724382958587,0.0564984370149236,0.0565204571471452,0.056535786101681,0.0565422406662084,0.0565383380042659,0.0565234120898403,0.0564976665583252,0.0564621597594189,0.0564187229418787,0.0563698176153913,0.0563183428530856,0.0562674072694635,0.05622008331901,0.056179163156839,0.0561469354197535,0.0561250008736381,0.0561141420037783,0.0561142574892456,0.0561243673963577,0.0561426892381301,0.0561667792380016,0.0561937277039834,0.0562203928453953,0.0562436540589856,0.0562606639757418,0.0562690785629538,0.0562672463403931,0.0562543411595475,0.056230427718117,0.0561964546149507,0.0561541757891845,0.0561060071046903,0.0560548301355127,0.0560037594380814,0.0559558924142388,0.0559140620585081,0.0558806123830286,0.0558572142216128,0.0558447356550265,0.0558431767872361,0.055851673413321,0.0558685686715183,0.0558915464974041,0.0559178160044235,0.0559443321382899,0.0559680353356815,0.0559860916108576,0.0559961145670522,0.0559963522705253,0.0559858246283953,0.0559644006746165,0.0559328097123798,0.0558925852620471,0.0558459458779223,0.0557956217689971,0.0557446404273372,0.0556960877903739,0.0556528635570131,0.0556174499539755,0.0555917124285231,0.0555767484520222,0.0555727969846363,0.0555792164171,0.0555945333281989,0.0556165586261774,0.0556425620709561,0.0556694912800194,0.0556942175268476,0.0557137882886213,0.0557256658230562,0.0557279321420091,0.0557194435238249,0.0556999219215465,0.0556699759020779,0.0556310496286889,0.0555853043686061,0.0555354425548055,0.0554844890774943,0.0554355478343457,0.055391553371084,0.0553550375904976,0.0553279300372119,0.0553114073403034,0.0553058032826337,0.0553105860210157,0.0553244036240601,0.0553451937615536,0.0553703484790306,0.0553969208695972,0.0554218573855033,0.0554422377123625,0.055455503673615,0.0554596595596168,0.0554534285004513,0.0554363528502817,0.0554088307813085,0.0553720861047044,0.0553280734117713,0.0552793255988985,0.055228755335147,0.0551794257055277,0.0551343078247347,0.0550960444473904,0.0550667383714533,0.0550477827117553,0.0550397469967552,0.0550423287232632,0.05505437481557,0.0550739717883548,0.0550985977699241,0.0551253243807806,0.05515105223302,0.0551727609037117,0.0551877529171975,0.0551938716835301,0.055189675462529,0.055174553078044,0.0551487719774871,0.0551134548883173,0.0550704872655367,0.0550223634322865,0.0549719843006254,0.0549224234086472,0.0548766804187639,0.0548374420157883,0.0548068692914967,0.0547864283189502,0.0547767769473489,0.0547777162242475,0.0547882096692887,0.0548064682945773,0.0548300941972936,0.0548562711151996,0.0548819868543446,0.0549042702071191,0.0549204240154325,0.0549282364368009,0.0549261541896027,0.0549134044578214,0.0548900560221816,0.0548570147820202,0.0548159538134505,0.0547691831153193,0.0547194688615225,0.0546698159622493,0.0546232307308001,0.0545824822056189,0.0545498810157862,0.0545270935305324,0.0545150064466417,0.0545136531105742,0.0545222080250886,0.0545390505253555,0.054561892964643,0.0545879633964196,0.0546142281444581,0.0546376362299258,0.0546553656926927,0.0546650515912448,0.0546649769289892,0.0546542108178417,0.0546326825916676,0.0546011859383924,0.054561312957812,0.0545153238573389,0.0544659632652195,0.0544162384254894,0.0543691774970094,0.0543275875899116,0.0542938319543053,0.0542696439451618,0.0542559922111232,0.0542530072913379,0.0542599748279882,0.0542753953252882,0.054297105220649,0.0543224493643298,0.0543484911625825,0.0543722438902087,0.0543909052004126,0.0544020767358563,0.0544039519612132,0.0543954577902788,0.0543763390890136,0.0543471794534294,0.0543093564870839,0.0542649347959574,0.0542165047172008,0.054166979046835,0.0541193634051776,0.0540765181063311,0.0540409302807826,0.0540145144298623,0.0539984575660228,0.0539931217301213,0.0539980122105718,0.0540118145583494,0.054032497913477,0.0540574766939045,0.0540838178127171,0.0541084767140628,0.0541285430064289,0.0541414755655752,0.0541453077790351,0.0541388060544705,0.0541215686062646,0.054094056527074,0.0540575548036477,0.0540140667538474,0.0539661508399333,0.0539167134829206,0.0538687749757243,0.0538252275958201,0.0537886054178964,0.0537608841342587,0.0537433265474785,0.0537363855594433,0.0537396717811064,0.053751987721415,0.0537714252987218,0.0537955185555596,0.0538214393037206,0.0538462202665871,0.053866988323925,0.053881189818727,0.0538867905834589,0.0538824353196649,0.0538675540684319,0.0538424075144224,0.0538080674914137,0.0537663339802488,0.0537195947616695,0.0536706383487205,0.0536224345351804,0.0535778995631823,0.0535396643111323,0.0535098638938349,0.0534899656090437,0.0534806493243022,0.0534817503583252,0.0534922699716045,0.0535104531334292,0.0535339277247237,0.0535598942295075,0.0535853507012565,0.0536073347463559,0.0536231627353239,0.053630646594275,0.0536282703477954,0.0536153119254327,0.053591900313421,0.0535590035310895,0.0535183486681402,0.0534722808339428,0.0534235728559231,0.0533752014980184,0.0533301085358924,0.053290966039809,0.0532599646358721,0.0532386414300703,0.05322776089537,0.0532272576471791,0.0532362450438638,0.0532530883561772,0.0532755362557454,0.0533008999474225,0.0533262657261256,0.0533487243159782,0.0533655992023273,0.0533746563538419,0.0533742792177322,0.0533635955371547,0.0533425461937095,0.0533118906637921,0.05327314848628,0.053228481026854,0.053180522436591,0.0531321726988416,0.0530863687322618,0.0530458514144755,0.0530129469287067,0.0529893799309909,0.0529761337197064,0.0529733690118807,0.0529804083493082,0.0529957879172572,0.0530173730729731,0.053042528607326,0.0530683301602201,0.0530917996936679,0.0531101458192895,0.0531209892777809,0.0531225550353766,0.0531138152098665,0.0530945711360462,0.053065467969387,0.0530279408545747,0.0529840973554277,0.0529365460655659,0.0528881856576614,0.0528419717286125,0.052800680416523,0.0527666877959458,0.0527417825392468,0.0527270264372692,0.0527226733792985,0.0527281526468453,0.0527421172643164,0.0527625530743204,0.0527869395552718,0.0528124495176712,0.0528361719703756,0.0528553408174644,0.0528675517193369,0.0528709504331107,0.0528643781577365,0.0528474626855862,0.0528206482666613,0.0527851617313808,0.0527429172675429,0.052696366964495,0.0526483084773689,0.0526016645979987,0.0525592518645818,0.052523556394404,0.0524965347739351,0.0524794560801875,0.0524727980311139,0.0524762060721073,0.0524885192085715,0.0525078609909829,0.0525317887012101,0.0525574889349217,0.0525820038452994,0.052602469657606,0.0526163479343571,0.0526216305912166,0.0526170018071059,0.0526019435561892,0.05257677619829,0.0525426309832504,0.0525013569817958,0.0524553703596052,0.0524074585968026,0.0523605558277585,0.0523175076552627,0.0522808444317606,0.0522525810855861,0.0522340592130764,0.0522258435818724,0.0522276807168251,0.0522385222555191,0.0522566106760862,0.0522796202050716,0.0523048415495028,0.0523293958493354,0.0523504611343908,0.0523654937350188,0.0523724275822922,0.0523698360835533,0.0523570441270415,0.0523341815452297,0.0523021737912547,0.0522626703526131,0.0522179162002025,0.0521705759931579,0.0521235244942771,0.0520796194088041,0.0520414744168135,0.052011250375174,0.0519904814565541,0.0519799504171084,0.0519796234107404,0.0519886500791457,0.0520054294103651,0.0520277364941489,0.0520529002522341,0.0520780179212555,0.0521001889069324,0.0521167489101225,0.0521254851172897,0.0521248147699008,0.0521139124531767,0.052092775716936,0.0520622237910642,0.0520238297331665,0.0519797918533674,0.0519327552219213,0.0518855980633433,0.0518412005584057,0.0518022148125699,0.0517708544325865,0.0517487203422506,0.0517366763514376,0.051734783862373,0.0517423003160712,0.0517577409412889,0.0517789984581277,0.0518035109729914,0.0518284646989758,0.051851015595405,0.0518685127059424,0.0518787059563959,0.0518799224306837,0.0518711975737471,0.0518523511960612,0.0518240023333611,0.0517875216522567,0.0517449248583792,0.051698715115229,0.0516516864824296,0.0516067035226402,0.0515664742497606,0.0515333343140227,0.0515090596514284,0.0514947227793212,0.0514906046180871,0.0514961693901822,0.0515101051190057,0.0515304269249216,0.051554635137725,0.0515799156574434,0.0516033664005946,0.0516222313932062,0.0516341233350125,0.0516372163471839,0.0516303930654972,0.0516133340412941,0.0515865422293514,0.05155130075221,0.051509567663709,0.0514638166115442,0.0514168366763147,0.0513715078780738,0.0513305706416835,0.0512964077845204,0.0512708563525311,0.0512550640218899,0.0512494010471174,0.0512534342006006,0.0512659641962687,0.0512851231236589,0.0513085238177988,0.0513334491855723,0.0513570665668382,0.0513766504211553,0.0513897961093679,0.0513946083043819,0.051389849546218,0.0513750375007121,0.0513504833693125,0.0513172683561452,0.0512771598133473,0.051232473317453,0.0511858911379091,0.051140251027118,0.0510983217176766,0.0510625827452012,0.0510350260907157,0.051016995620716,0.0510090774775966,0.0510110506358347,0.0510219020868552,0.0510399059158434,0.0510627603017951,0.0510877716456842,0.0511120710375527,0.0511328454824345,0.0511475649814432,0.0511541868356552,0.0511513203891852,0.0511383387007859,0.0511154280547987,0.0510835714109352,0.0510444673899138,0.051000391711909,0.0509540126868823,0.0509081760141406,0.0508656764970143,0.0508290351463374,0.0508002994895324,0.0507808828085975,0.0507714547140564,0.0507718912322817,0.0507812878029286,0.0507980336328605,0.0508199411084041,0.0508444197818459,0.0508686811267908,0.0508899580311281,0.0509057220026824,0.0509138813415663,0.0509129450424175,0.0509021398146051,0.0508814711662,0.0508517237381315,0.0508144006940408,0.0507716066339691,0.050725882867957,0.0506800076379157,0.0506367767242925,0.0505987815795059,0.0505682025277015,0.0505466335915273,0.0505349531919508,0.0505332514666994,0.0505408205167001,0.050556208854961,0.0505773361021446,0.0506016589866963,0.0506263753978975,0.0506486499907611,0.0506658429486916,0.0506757231554875,0.0506766482618976,0.0506676968593842,0.0506487419629522,0.0506204599052254,0.0505842741232457,0.0505422387074006,0.0504968715138765,0.0504509507011766,0.0504072914057001,0.0503685207042287,0.0503368689352819,0.0503139939110085,0.0503008517098658,0.0502976238613585,0.0503037061561914,0.0503177594198236,0.0503378177629241,0.05036144543156,0.0503859297362269,0.0504084948918778,0.0504265201253644,0.050437745190588,0.050440447471655,0.050433577058169,0.0504168393776402,0.0503907189409505,0.0503564422221727,0.0503158823384719,0.0502714126811708,0.0502257206401176,0.0501815957563734,0.0501417087809799,0.0501083990235712,0.0500834869356341,0.0500681270786395,0.0500627135795129,0.0500668460926323,0.0500793594823082,0.0500984152917629,0.0501216479898269,0.0501463544115322,0.0501697111381951,0.0501890021369383,0.0502018380325895,0.0502063490124937,0.050201335519721,0.0501863643915127,0.0501618026487614,0.0501287863430398,0.0500891272608994,0.050045165396304,0.0499995794948958,0.0499551712906179,0.0499146410402674,0.0498803724731935,0.0498542442951972,0.0498374830330051,0.0498305685134594,0.0498331989612957,0.0498443179352487,0.0498622004781477,0.0498845912954549,0.0499088838354432,0.0499323261100961,0.0499522371773747,0.0499662175158923,0.0499723370817403,0.0499692865853454,0.049956480336237,0.0499341026797754,0.0499030943309843,0.0498650794860409,0.049822239130205,0.0497771401353983,0.049732533244866,0.0496911356008313,0.049655414858789,0.04962739200488,0.0496084787115414,0.049599362504058,0.0495999493409687,0.049609368695857,0.0496260412076973,0.049647803846942,0.0496720827638815,0.0496960999686643,0.0497170970968328,0.0497325579994635,0.0497404119079276,0.0497392004790558,0.0497281950105581,0.0497074542744973,0.0496778183764505,0.0496408393663348,0.0495986545414914,0.0495538130546127,0.0495090701823028,0.0494671661171119,0.0494306072202496,0.0494014672528576,0.0493812242700732,0.0493706458123844,0.0493697310430215,0.0493777138928528,0.0493931264513939,0.049413917160837,0.0494376141894708,0.0494615209872295,0.0494829286876085,0.0494993288583593,0.0495086101760543,0.04950922388697,0.0495003053204397,0.0494817420664335,0.0494541834754669,0.0494189905961859,0.049378130216498,0.0493340209908483,0.0492893434002881,0.0492468282123498,0.0492090399434869,0.0491781724096485,0.0491558727009119,0.0491431078549644,0.0491400852590996,0.049146233611505,0.049160246441344,0.0491801851097634,0.049203633310028,0.0492278907727058,0.0492501905414752,0.0492679221248069,0.0492788422493226,0.0492812559096824,0.0492741528520195,0.0492572883330923,0.0492312016424782,0.0491971710558805,0.0491571091530913,0.0491134073281435,0.0490687424233955,0.0490258613950629,0.0489873615356692,0.0489554839352463,0.0489319365812868,0.048917760918991,0.0489132520602653,0.0489179384617667,0.0489306221533835,0.0489494758662923,0.0489721890451721,0.0489961510490612,0.0490186571058176,0.0490371209658484,0.0490492777979169,0.0490533616938805,0.0490482441271739,0.0490335226927772,0.0490095532290006,0.0489774227160424,0.0489388648589439,0.0488961246704369,0.0488517823488865,0.0488085499939967,0.0487690569565215,0.0487356406817291,0.0487101596690577,0.0486938436180073,0.0486871930491543,0.0486899368650523,0.0487010517281823,0.0487188421424274,0.0487410751427771,0.0487651589524732,0.0487883512542666,0.0488079801725542,0.0488216599113205,0.0488274833576796,0.0488241758293413,0.0488111973648221,0.0487887852471546,0.0487579334350136,0.0487203108115206,0.0486781251976389,0.0486339444863404,0.0485904896683401,0.0485504166653936,0.0485161046063791,0.0484894674486686,0.0484718037622986,0.0484636962635508,0.0484649685979691,0.0484747022754232,0.0484913119236494,0.0485126725198985,0.0485362883173999,0.0485594900830412,0.048579645212916,0.048594364422064,0.0486016890581258,0.0486002446244066,0.0485893486940161,0.0485690648628752,0.0485401984799716,0.0485042343211466,0.0484632208221102,0.0484196096311308,0.0483760627687964,0.0483352423166182,0.0482995990813463,0.0482711769542991,0.0482514486469257,0.0482411961761372,0.0482404460437961,0.0482484647555408,0.0482638154902077,0.0482844717519524,0.0483079791255893,0.0483316522145787,0.0483527908310962,0.0483688978098624,0.0483778805993527,0.0483782200786873,0.0483690927503522,0.0483504363369669,0.0483229535277722,0.0482880537657137,0.0482477380884252,0.0482044366925369,0.0481608126879383,0.048119548140375,0.0480831297695532,0.0480536514980559,0.0480326494807356,0.0480209824489716,0.0480187664412004,0.0480253685882829,0.0480394599407227,0.0480591227294742,0.0480820032886546,0.0481054984414918,0.0481269607001026,0.0481439063123616,0.048154210075234,0.0481562719108275,0.0481491423827435,0.0481325974600879,0.0481071566919926,0.0480740432583224,0.0480350888002479,0.0479925901873806,0.0479491291382411,0.0479073685946992,0.0478698417148724,0.0478387501101874,0.0478157874155859,0.0478020024570143,0.0477977132831747,0.0478024793720297,0.0478151347006614,0.0478338794407986,0.0478564232178257,0.0478801685631827,0.0479024197809643,0.0479206002475746,0.0479324603734748,0.0479362591629302,0.0479309044648721,0.0479160404363934,0.0478920751417574,0.0478601461955245,0.0478220274916987,0.0477799848990631,0.0477365929362992,0.047694527526399,0.0476563517237281,0.0476243116845544,0.0476001591174735,0.0475850141275344,0.0475792789791793,0.0475826091446082,0.0475939434230938,0.0476115902823387,0.0476333632440126,0.0476567544314953,0.0476791325754767,0.0476979500172642,0.0477109426680577,0.0477163075013895,0.0477128439178682,0.0477000480897463,0.0476781529647791,0.0476481107313526,0.0476115189300897,0.0475704957273716,0.0475275138232688,0.0474852057485288,0.0474461556545228,0.0474126939207954,0.0473867108757304,0.0473695046103151,0.0473616753253464,0.0473630750590969,0.0473728172668557,0.0473893459125159,0.0474105588746695,0.0474339759661277,0.0474569381023812,0.0474768214730804,0.0474912492290801,0.0474982833324554,0.0474965808241735,0.0474855017050558,0.0474651596470649,0.0474364115106966,0.0474007867295257,0.0473603625886951,0.0473175958355078,0.0472751245448214,0.0472355564460082,0.0472012608418912,0.0471741807672151,0.0471556802110884,0.0471464382411633,0.0471463979912611,0.0471547740496999,0.0471701171773404,0.0471904308461915,0.0472133301451137,0.0472362304296527,0.0472565509212286,0.0472719174312962,0.0472803485515586,0.0472804109764598,0.0472713320001764,0.0472530604869399,0.0472262715242908,0.0471923142560976,0.0471531067435692,0.0471109857981653,0.0470685232684298,0.0470283229757633,0.0469928141596479,0.0469640577503678,0.0469435809627572,0.0469322536296226,0.0469302165079313,0.0469368677275738,0.0469509089169386,0.0469704476935652,0.0469931485516439,0.0470164201173752,0.047037623645814,0.0470542857830685,0.0470642981857695,0.0470660876217678,0.0470587425948167,0.0470420861435056,0.0470166889514398,0.0469838218755071,0.0469453520123004,0.0469035910446545,0.0468611084539965,0.0468205249391025,0.0467843028354578,0.0467545503840983,0.0467328553807041,0.0467201611900382,0.0467166945792745,0.0467219506149593,0.0467347353292029,0.0467532623489955,0.0467752955424854,0.0467983262714609,0.0468197712909663,0.0468371758704465,0.046848406411887,0.0468518177147731,0.0468463820115411,0.0468317698210997,0.0468083763279951,0.0467772911299233,0.0467402135153747,0.0466993196289237,0.0466570916442977,0.0466161221030255,0.0465789086417089,0.0465476552453922,0.0465240958336235,0.0465093544044622,0.0465038532172493,0.0465072767705328,0.0465185949038125,0.0465361435739212,0.0465577571260373,0.0465809415969209,0.0466030751230241,0.0466216191871679,0.0466343234450525,0.0466394073341145,0.0466357035575603,0.0466227516962884,0.0466008343544639,0.0465709530273152,0.0465347458765591,0.0464943543784948,0.0464522499622731,0.0464110349339707,0.046373233933813,0.0463410927624199,0.0463164006220188,0.046300349747118,0.0462934432449786,0.0462954580112754,0.0463054651676826,0.0463219059450168,0.0463427166563853,0.0463654926824773,0.0463876784875538,0.0464067687981263,0.0464205053287473,0.0464270538674567,0.0464251480877822,0.0464141890099292,0.046394292404429,0.0463662803811166,0.0463316176580184,0.0462922972528652,0.0462506842696322,0.0462093297650971,0.0461707691173316,0.0461373206793366,0.0461109006579215,0.0460928690644354,0.0460839192885868,0.0460840204973734,0.0460924179022954,0.0461076912942999,0.0461278674945413,0.0461505779087402,0.0461732485873732,0.0461933074174395,0.0462083915587281,0.0462165381367481,0.0462163425417517,0.0462070713534425,0.0461887206851573,0.0461620152886342,0.0461283486810603,0.0460896694227551,0.0460483230702877,0.0460068628868992,0.0459678448202355,0.045933623371438,0.0459061647161712,0.0458868918548399,0.0458765738300234,0.0458752674044361,0.0458823153518584,0.04589640102373,0.0459156544726305,0.045937801474722,0.0459603435810525,0.0459807550586798,0.0459966813987592,0.0460061240378698,0.046007597052624,0.0460002437580025,0.0459839042035758,0.0459591282932439,0.0459271333863146,0.0458897094797358,0.0458490791206956,0.0458077227543691,0.0457681829941823,0.0457328630811273,0.0457038354169662,0.045682675441767,0.0456703342963146,0.0456670607728236,0.045672379213876,0.0456851255598599,0.0457035390293353,0.0457254023397147,0.0457482193273363,0.045769415656876,0.0457865463043514,0.0457974928477985,0.0458006343822373,0.0457949780364129,0.0457802384224118,0.0457568596008123,0.0457259779220792,0.0456893289967068,0.0456491066318785,0.0456077854598558,0.0455679218480962,0.0455319492987368,0.0455019848093985,0.0454796615915479,0.045466001248056,0.0454613352115973,0.0454652812277021,0.0454767762680562,0.0454941628368954,0.0455153215267855,0.0455378391885497,0.0455591994448019,0.0455769806721452,0.0455890461040755,0.0455937113847999,0.045589876670782,0.0455771130942603,0.04555569687245,0.0455265883221907,0.0454913572421974,0.0454520602520435,0.0454110794227226,0.0453709346113887,0.0453340840787902,0.045302729038868,0.0452786376577479,0.0452630026611662,0.0452563441964678,0.0452584660972028,0.0452684694753998,0.0452848229513302,0.0453054841995553,0.0453280632319268,0.0453500143218144,0.045368841013593,0.045382297487601,0.0453885697824342,0.0453864220057436,0.0453752955576737,0.0453553532984855,0.0453274651741524,0.0452931366708585,0.0452543861788225,0.0452135815031261,0.0451732490166877,0.0451358710495128,0.0451036878973488,0.0450785202754275,0.0450616262149127,0.0450536034794936,0.0450543448309956,0.0450630492180041,0.045078287549472,0.0450981174888707,0.0451202379753725,0.0451421712107066,0.0451614578469064,0.0451758502026062,0.0451834885741801,0.0451830470585519,0.0451738376556428,0.0451558645951994,0.0451298246107216,0.0450970529983301,0.0450594194570859,0.0450191816024095,0.0449788073797345,0.0449407801217216,0.0449074014860772,0.0448806078469817,0.044861814833494,0.0448518026437364,0.0448506516433633,0.0448577338084671,0.0448717611058293,0.0448908872782775,0.0449128551009976,0.0449351773682654,0.0449553369945964,0.0449709899368983,0.0449801543312653,0.044981370331473,0.0449738175468159,0.044957380496428,0.0449326568211156,0.0449009077478023,0.0448639550735122,0.0448240333126673,0.0447836092610718,0.0447451837778719,0.044711091880104,0.0446833172030679,0.0446633355369203,0.0446519996452728,0.0446494741389307,0.0446552251175223,0.044668064940474,0.0446862481890044,0.0447076109554513,0.0447297423314886,0.0447501745930224,0.0447665772554647,0.0447769399748347,0.0447797301914128,0.044774013373649,0.0447595265761738,0.0447366995750227,0.0447066218330451,0.0446709576905748,0.0446318161683219,0.0445915853172116,0.0445527438860538,0.04451766497524,0.0444884271330074,0.044466647936867,0.0444533534878816,0.044448894530935,0.0444529162923776,0.0444643848675073,0.0444816684246077,0.0445026669916828,0.0445249805421657,0.0445461018563359,0.0445636184997224,0.0445754074244916,0.0445798062481721,0.0445757471608655,0.0445628425033208,0.0445414150799383,0.044512470869424,0.0444776165667535,0.0444389289196794,0.0443987867287619,0.0443596793414967,0.0443240072531719,0.0442938909005422,0.0442710028876619,0.0442564368200759,0.0442506228461438,0.0442532961851943,0.0442635206802058,0.0442797650867537,0.0443000257360294,0.0443219856925819,0.0443431978165166,0.0443612774145235,0.0443740895287983,0.0443799163976185,0.0443775921815391,0.0443665945658947,0.0443470861371881,0.0443199022494164,0.0442864861743371,0.0442487763774021,0.044209054484523,0.0441697656212339,0.0441333250661711,0.0441019263735382,0.0440773661685743,0.0440608996748725,0.0440531387498776,0.044054000933873,0.0440627139961345,0.044077876004781,0.0440975664190745,0.0441194994833024,0.0441412076505021,0.0441602401947018,0.0441743608212279,0.0441817280941281,0.0441810438822734,0.0441716576660774,0.0441536182139331,0.0441276685116775,0.0440951845330202,0.0440580630696956,0.0440185679988086,0.0439791476967433,0.0439422385420004,0.043910070419554,0.043884489798059,0.0438668143597219,0.0438577304778914,0.04385724129995,0.0438646691060364,0.0438787113154093,0.0438975453418397,0.0439189737693014,0.0439405982959151,0.0439600087857716,0.0439749727136074,0.0439836103465087,0.0439845421581448,0.0439769971177592,0.0439608734793352,0.0439367473055483,0.0439058279426811,0.0438698637297786,0.0438310050771435,0.043791635395689,0.043754182943904,0.0437209282775774,0.0436938224937868,0.0436743307838388,0.0436633139666493,0.0436609577792973,0.0436667559658656,0.0436795489169809,0.0436976151121453,0.0437188082737807,0.0437407293241551,0.0437609192817241,0.0437770574129342,0.0437871484426805,0.0437896834789578,0.043783761459283,0.0437691611974127,0.0437463582172907,0.0437164851488974,0.0436812391270048,0.0436427439754528,0.043603378609627,0.0435655857498402,0.0435316765014379,0.043503646524161,0.0434830183978921,0.0434707225183891,0.0434670256412779,0.043471512317635,0.0434831202497905,0.0435002263746705,0.0435207765771976,0.0435424486371496,0.0435628355536785,0.0435796349350016,0.0435908297718406,0.0435948466410394,0.0435906791472066,0.0435779670739031,0.0435570250886053,0.0435288186845673,0.0434948890721698,0.0434572326625921,0.0434181443298303,0.0433800365240394,0.0433452483075271,0.0433158593202431,0.0432935234564362,0.0432793356383314,0.0432737425874677,0.0432765050890473,0.0432867151706626,0.0433028671919704,0.043322977428954,0.0433447427099425,0.0433657253704756,0.0433835495346678,0.043396092710298,0.0434016570073591,0.0433991059403505,0.0433879556176116,0.0433684129116135,0.0433413576118386,0.0433082702028588,0.0432711113828877,0.0432321633605563,0.0431938460120601,0.0431585229043062,0.0431283128538141,0.0431049220693377,0.0430895101001332,0.0430825999578753,0.0430840391526532,0.0430930142905492,0.0431081176561516,0.0431274601780902,0.0431488216486601,0.0431698262886627,0.0431881299029609,0.0432016040792662,0.0432085031861122,0.0432076012925059,0.0431982884529027,0.0431806189028774,0.0431553073679091,0.043123673640101,0.0430875395449618,0.0430490861154433,0.0430106819351065,0.0429746959567778,0.042943309449575,0.0429183419494661,0.0429011051449596,0.0428922965673381,0.0428919419074973,0.0428993909655596,0.0429133679452361,0.0429320723795285,0.0429533227923778,0.0429747316246163,0.0429938972956374,0.0430085977719868,0.0430169698129892,0.0430176591963416,0.0430099296104016,0.0429937213334458,0.0429696550003755,0.0429389803136673,0.042903474092322,0.0428652961870101,0.0428268151786112,0.0427904181432397,0.0427583199216201,0.0427323871986314,0.0427139913242395,0.0427039013405434,0.0427022253521095,0.0427084044700295,0.0427212593883463,0.0427390855414016,0.0427597890598048,0.0427810526700862,0.0428005184832221,0.0428159734286623,0.0428255229761783,0.0428277397409862,0.042821775513824,0.0428074280555597,0.0427851574423645,0.042756050592108,0.0427217365675535,0.0426842590506595,0.0426459157356555,0.0426090770404671,0.0425759982712386,0.0425486400379566,0.0425285112317718,0.0425165472448337,0.042513033441197,0.0425175803615588,0.0425291530326917,0.0425461523806879,0.0425665424734676,0.0425880135024441,0.0426081673892929,0.0426247109464831,0.0426356408170151,0.0426394050447206,0.0426350280342512,0.0426221886873367,0.0426012453893447,0.0425732059340044,0.0425396450325517,0.0425025763588385,0.0424642897625385,0.042427167033535,0.0423934912121191,0.0423652648060008,0.0423440513925364,0.0423308530470122,0.0423260330326497,0.0423292894836404,0.0423396817286886,0.0423557067727304,0.0423754195920066,0.0423965875789262,0.0424168669298147,0.0424339871775926,0.0424459295391782,0.042451085297125,0.0424483820081857,0.0424373678021238,0.0424182472241749,0.042391865761613,0.042359644116866,0.0423234671585798,0.0422855360083128,0.0422481946393244,0.0422137444518778,0.0421842613728365,0.0421614299927408,0.0421464080667577,0.0421397324294435,0.0421412741698513,0.0421502470282171,0.0421652687093885,0.0421844704976653,0.042205646556563,0.0422264309542009,0.0422444880784851,0.0422577009208584,0.0422643418250279,0.0422632117112592,0.0422537363803112,0.0422360120579331,0.0422107965590696,0.0421794469624634,0.0421438090940831,0.042106068040336,0.0420685720242277,0.0420336440348294,0.0420033964515173,0.0419795634993909,0.0419633647690972,0.041955410393477,0.0419556550389919,0.0419634039378081,0.0419773700746629,0.0419957776690204,0.0420165035550679,0.0420372452185231,0.0420557022982555,0.0420697574269205,0.0420776424160881,0.0420780769639872,0.0420703691870743,0.042054470195249,0.0420309784322637,0.0420010933328532,0.0419665217302869,0.0419293441035671,0.0418918509139215,0.0418563617001078,0.0418250410770334,0.0417997261727775,0.0417817792897528,0.0417719777222132,0.0417704498268189,0.0417766628269632,0.0417894637058447,0.0418071702353335,0.0418277050572882,0.0418487621378174,0.0418679921702523,0.0418831918556279,0.0418924815955181,0.0418944570389823,0.0418883020664327,0.0418738539884893,0.0418516157092427,0.0418227140040113,0.0417888075102598,0.0417519521455991,0.041714435100951,0.0416785910267154,0.041646615342932,0.0416203896763203,0.0416013332818483,0.0415902920676304,0.0415874737151753,0.0415924336423674,0.0416041125050364,0.0416209218991568,0.0416408712197287,0.0416617255247799,0.0416811819595652,0.0416970509683771,0.0417074282407689,0.0417108441124528,0.0417063789010804,0.0416937352689196,0.0416732619777391,0.041645927102815,0.0416132426391405,0.0415771461829596,0.0415398487263537,0.0415036603047482,0.041470807072138,0.0414432541894874,0.0414225486106865,0.0414096944309752,0.0414050710064911,0.0414084007319609,0.0414187694273423,0.0414346980444172,0.0414542602059394,0.0414752362852196,0.0414952916534008,0.0415121646427306,0.0415238488926525,0.0415287551516777,0.0415258392766321,0.0415146859625401,0.0414955414112836,0.0414692923866187,0.041437393539398,0.0414017491366158,0.0413645590293974,0.0413281415403024,0.0412947477118753,0.041266381909097,0.0412446430888713,0.0412305992263422,0.0412247045985918,0.0412267661185303,0.0412359609787745,0.0412509038223284,0.0412697578188755,0.0412903806818576,0.0413104940536834,0.0413278629902517,0.0413404715953336,0.0413466812226408,0.0413453590410491,0.0413359670417653,0.0413186045872577,0.0412940011404236,0.0412634596138971,0.0412287545715791,0.0411919930225351,0.0411554485076215,0.0411213813557226,0.0410918591939271,0.0410685919201888,0.0410527943561454,0.0410450877445583,0.0410454482746768,0.0410532071221866,0.0410671023612531,0.0410853788805347,0.0411059284701956,0.0411264588850722,0.0411446782250423,0.0411584796287284,0.0411661111810943,0.0411663171131551,0.0411584387314878,0.0411424668549286,0.0411190415643799,0.0410893994382465,0.0410552727737698,0.041018749213285,0.0409821033735664,0.0409476142558944,0.0409173832303846,0.0408931671826836,0.0408762400302935,0.0408672933983562,0.0408663840068919,0.0408729315416603,0.0408857667730258,0.0409032257715781,0.0409232825416818,0.0409437095056132,0.0409622532188836,0.0409768116181996,0.0409855990650414,0.0409872864412718,0.0409811054935298,0.0409669093602358,0.0409451845501563,0.040917013340041,0.0408839893588783,0.0408480927498887,0.0408115344736502,0.0407765817901303,0.0407453785367743,0.040719774368576,0.040701176576976,0.0406904364670356,0.0406877796433622,0.0406927861225287,0.0407044222200903,0.0407211219741779,0.0407409118078157,0.040761568536582,0.040780798007007,0.04079641986128,0.0408065433404624,0.0408097197285151,0.0408050589507699,0.0407923008072136,0.0407718350854689,0.0407446690361469,0.0407123450411728,0.0406768153901333,0.0406402845511767,0.0406050318916803,0.0405732292680535,0.0405467681665848,0.0405271101461542,0.0405151723130196,0.0405112566346249,0.0405150283263902,0.0405255446215793,0.0405413312775062,0.0405605004893828,0.0405809007470898,0.0406002867982594,0.0406164964298141,0.0406276203405913,0.0406321519711785,0.0406291057313899,0.0406180944982018,0.0405993603648659,0.0405737561806063,0.0405426791784948,0.0405079616797403,0.0404717272136135,0.0404362231439196,0.0404036428221037,0.0403759512306756,0.0403547279498184,0.0403410400627104,0.0403353553761373,0.0403375032180401,0.0403466863098473,0.0403615430978159,0.0403802558065181,0.0404006956976192,0.0404205938989412,0.0404377239822896,0.0404500814150481,0.0404560452017143,0.0404545084687565,0.0404449673109302,0.0404275606830637,0.0404030581834044,0.0403727968829001,0.0403385725435402,0.0403024942822724,0.0402668146604387,0.0402337490722542,0.0402052990306263,0.0401830934743184,0.0401682606169525,0.0401613402798869,0.0401622433241047,0.0401702610023529,0.0401841231051188,0.0402020999858472,0.0402221402047583,0.0402420328625617,0.0402595818856949,0.0402727786936174,0.0402799598767806,0.0402799377146356,0.0402720934661744,0.0402564262104567,0.0402335533971825,0.0402046629506053,0.0401714204916564,0.0401358387280244,0.0401001190437478,0.0400664775653581,0.0400369693096501,0.0400133243096595,0.0399968088215218,0.0399881228667251,0.039987342580187,0.0399939123189066,0.0400066875112473,0.0400240251110987,0.0400439146028071,0.0400641391148776,0.0400824536439203,0.0400967659002544,0.0401053050046196,0.04010676422458,0.0401004060631957,0.0400861211259041,0.0400644360296188,0.0400364698475664,0.0400038428315263,0.0399685450505189,0.0399327758054508,0.0398987669677581,0.039868604574595,0.0398440630124694,0.0398264649526149,0.0398165779848716,0.0398145558435862,0.0398199285014912,0.0398316415262195,0.0398481412493913,0.0398674987761965,0.0398875629231357,0.0399061300268191,0.0399211173647473,0.0399307267383925,0.0399335855832065,0.039928854718414,0.0399162944043714,0.0398962835559085,0.0398697905366922,0.0398382976694472,0.0398036851672142,0.0397680833607708,0.0397337046301768,0.0397026681417728,0.0396768311926017,0.0396576405885487,0.0396460160339523,0.039642275082897,0.0396461059713098,0.0396565908555038,0.0396722779204361,0.0396912968187026,0.0397115082991456,0.0397306759999968,0.0397466464762906,0.0397575227807763,0.0397618173970047,0.0397585720008034,0.0397474342635781,0.0397286854738667,0.0397032168331316,0.0396724565239861,0.0396382536891295,0.0396027289537049,0.0395681037817317,0.0395365225659682,0.0395098817956792,0.039489679919044,0.0394768997055782,0.0394719321913355,0.0394745478925647,0.0394839171850028,0.0394986778726434,0.0395170443153856,0.039536949324027,0.0395562075876533,0.0395726878353776,0.0395844803491787,0.0395900468671181,0.0395883413060765,0.0395788919824468,0.0395618389507382,0.0395379235009183,0.0395084305112171,0.0394750879809913,0.0394399314006251,0.0394051433987816,0.0393728811221895,0.0393451048823856,0.0393234216450616,0.039308955911419,0.0393022584988156,0.0393032608057586,0.0393112785606533,0.0393250650858526,0.0393429100793793,0.0393627761606266,0.039382462263542,0.0393997806715256,0.0394127332851509,0.0394196727157212,0.0394194350144921,0.0394114331787391,0.0393957038232586,0.0393729032910666,0.0393442536647926,0.039311443267284,0.0392764899495625,0.0392415784443571,0.0392088850753221,0.0391804040084161,0.0391577889618491,0.0391422228987559,0.0391343258484088,0.0391341078527894,0.0391409703895175,0.0391537557816627,0.0391708403708239,0.0391902638798823,0.0392098846666461,0.0392275486604241,0.0392412588095444,0.0392493319061973,0.0392505306774481,0.0392441609507937,0.039230126374886,0.039208936409811,0.0391816668678744,0.0391498759285404,0.0391154820011448,0.0390806128056666,0.0390474373538502,0.0390179939550011,0.0389940278159429,0.0389768511938503,0.0389672374123103,0.0389653574676092,0.0389707646194686,0.0389824285357929,0.0389988165511753,0.0390180157335708,0.0390378860582698,0.0390562323572145,0.0390709810835353,0.0390803474629667,0.0390829793503057,0.0390780660140937,0.0390654029731678,0.0390454076536504,0.0390190847093659,0.0389879440023714,0.0389538781167129,0.0389190095479821,0.0388855201024525,0.0388554763666512,0.0388306652834902,0.03881245290669,0.0388016774051921,0.0387985845371352,0.0388028103566336,0.0388134121452453,0.0388289447775998,0.0388475762283789,0.0388672329622394,0.0388857637272315,0.0389011089455081,0.0389114625459805,0.0389154137245147,0.0389120576901825,0.0389010668396633,0.0388827168222452,0.0388578653988679,0.0388278856131294,0.0387945583162922,0.0387599322598952,0.0387261625480677,0.0386953400246153,0.0386693250053744,0.0386495985655811,0.0386371433422708,0.0386323635855401,0.0386350511475666,0.0386444004651056,0.0386590716532836,0.0386772969021579,0.0386970217801617,0.0387160701122766,0.0387323190817388,0.0387438702904612,0.0387492027938652,0.0387472955829844,0.0387377095008313,0.0387206219398576,0.0386968115843046,0.0386675945945796,0.0386347176207571,0.038600216537697,0.038566252525987,0.0385349388642586,0.0385081724213094,0.0384874833099697,0.0384739145567981,0.0384679411114726,0.0384694342945105,0.0384776741332783,0.0384914082561586,0.0385089523969041,0.0385283243808639,0.0385474009556633,0.0385640851631039,0.0385764712280279,0.0385829941977022,0.0385825527732832,0.0385745958440875,0.038559166015331,0.0385368967053268,0.0385089629366081,0.0384769895001084,0.0384429234776364,0.0384088809216718,0.0383769795912816,0.03834917084779,0.0383270840082202,0.0383118956040764,0.0383042341461856,0.0383041282760211,0.0383110027818059,0.038323723129506,0.0383406852130173,0.0383599433002648,0.0383793659651806,0.0383968074266631,0.0384102803727471,0.0384181161583109,0.0384190992609222,0.0384125649895115,0.0383984524851784,0.0383773087640581,0.0383502436041034,0.0383188391237986,0.0382850215996166,0.0382509061089376,0.0382186267134825,0.0381901659494178,0.0381671973012092,0.0381509531447371,0.0381421284740903,0.0381408277676306,0.0381465588525739,0.0381582738848756,0.0381744538775645,0.0381932298699425,0.0382125310702195,0.0382302483095521,0.0382444000476504,0.0382532880433492,0.0382556306516773,0.0382506634589233,0.0382381994774011,0.0382186442043788,0.0381929642885352,0.0381626121035475,0.0381294119437592,0.0380954165684998,0.0380627451912051,0.0380334155497108,0.0380091832798744,0.0379914013829958,0.0379809111292272,0.0379779733524145,0.0379822459347683,0.0379928096017336,0.0380082402496352,0.0380267222285306,0.0380461936091132,0.0380645117630547,0.0380796258283395,0.0380897419904638,0.0380934680586082,0.0380899255078314,0.0380788198435232,0.0380604635926746,0.0380357501479145,0.0380060807513188,0.0379732507521383,0.0379393045708986,0.0379063712771533,0.0378764941517724,0.037851467960692,0.0378326969078046,0.0378210844383148,0.0378169633950557,0.0378200717291518,0.0378295753190473,0.0378441357537384,0.0378620174649863,0.0378812255994347,0.0378996637194869,0.0379152989767471,0.0379263219108475,0.0379312885082359,0.0379292335559777,0.0379197465338485,0.0379030041468122,0.0378797569087488,0.0378512707083967,0.0378192277586227,0.0377855944912656,0.0377524665758942,0.0377219031110984,0.0376957630038914,0.0376755565157241,0.0376623238870789,0.0376565509184683,0.0376581285291036,0.0376663598496206,0.0376800145966466,0.0376974266267962,0.03771662699698,0.0377355018794984,0.0377519625635348,0.037764113711354,0.0377704061266882,0.0377697615340691,0.0377616591640787,0.0377461771001618,0.0377239850958009,0.0376962895880178,0.0376647355643216,0.0376312734500489,0.0375980019807931,0.0375669998863875,0.0375401599982128,0.037519039055591,0.0375047350825929,0.0374978018736671,0.0374982070737836,0.0375053368243734,0.0375180462567683,0.0375347515423345,0.0375535560265892,0.0375724004135117,0.0375892251999514,0.0376021327006521,0.0376095361020615,0.037610284023303,0.0376037509636037,0.0375898866324632,0.0375692202978018,0.0375428197218691,0.0375122077404851,0.0374792428259417,0.0374459728099177,0.0374144731060416,0.0373866820839582,0.0373642465923467,0.0373483899619595,0.037339813168556,0.0373386373020957,0.037344392252841,0.0373560528362539,0.0373721197352815,0.0373907389598306,0.0374098503189195,0.0374273529478499,0.0374412744524672,0.0374499298688666,0.0374520574342665,0.0374469200613606,0.0374343642420824,0.0374148316334555,0.0373893224952397,0.0373593141196856,0.0373266410755871,0.0372933471686011,0.0372615212444009,0.0372331301608117,0.0372098623517103,0.0371929944125776,0.0371832911582386,0.037180946820076,0.037185571707398,0.0371962250357593,0.0372114910108307,0.0372295919224505,0.0372485291940284,0.0372662412505081,0.0372807658585493,0.037290394330029,0.0372938056648523,0.0372901702769562,0.037279215280718,0.0372612462490343,0.0372371236809615,0.037208195892323,0.0371761934081676,0.0371430929405834,0.0371109614551559,0.037081792476022,0.0370573475095507,0.0370390151964086,0.0370276995250882,0.0370237462377273,0.0370269135922387,0.0370363901370107,0.0370508583751085,0.0370685994456581,0.0370876305465319,0.0371058640669993,0.0371212755423818,0.0371320667537716,0.0371368106479184,0.0371345662208688,0.0371249539772916,0.0371081858408128,0.0370850471685285,0.03705683248327,0.0370252403347353,0.0369922360129829,0.0369598933946995,0.0369302288029125,0.0369050402864561,0.0368857651505793,0.0368733669654732,0.0368682608014429,0.036870282310305,0.036878702755508,0.0368922884698248,0.0369093997709064,0.0369281213513751,0.0369464138009673,0.0369622743756673,0.0369738944994501,0.0369798017987291,0.0369789756947069,0.0369709276205468,0.0369557396386753,0.0369340584114914,0.036907044895683,0.0368762835374923,0.036843657893095,0.0368112022486663,0.0367809407625793,0.0367547267368419,0.0367340947432416,0.0367201374468924,0.0367134171284441,0.0367139192303367,0.0367210519431232,0.0367336921651992,0.0367502744090321,0.0367689156953573,0.0367875664697791,0.0368041753601199,0.036816854376651,0.0368240310640596,0.0368245751600892,0.0368178894099422,0.0368039571457384,0.0367833428160357,0.036757145540729,0.0367269096382741,0.036694499587471,0.0366619497415039,0.036631301075411,0.0366044381793024,0.0365829395593516,0.0365679531095081,0.0365601064808448,0.0365594591895525,0.0365654999206418,0.0365771888911066,0.0365930416221565,0.0366112472966941,0.0366298122686586,0.0366467174261184,0.0366600771201519,0.0366682873219381,0.0366701515518304,0.0366649748571284,0.0366526185653647,0.0366335115318528,0.0366086169240413,0.0365793570020392,0.0365475016097119,0.0365150289362028,0.0364839693258004,0.0364562443309888,0.0364335136973375,0.0364170424769086,0.0364075989982581,0.0364053920674343,0.036410052707417,0.0364206622011302,0.0364358244667864,0.0364537771664012,0.0364725327319888,0.0364900379700022,0.0365043393022128,0.0365137401723405,0.0365169377489231,0.0365131277412045,0.0365020687755277,0.03648410112963,0.0364601184014004,0.0364314945697497,0.0363999725553977,0.0363675235018935,0.0363361883161902,0.0363079143499666,0.0362844003705529,0.0362669621633278,0.036256429318054,0.0362530811510626,0.0362566265309542,0.0362662288687745,0.0362805739826918,0.0362979752274245,0.0363165074418473,0.0363341591194977,0.036348990889667,0.0363592879889176,0.0363636949194547,0.0363613218876302,0.0363518147897306,0.0363353833036149,0.0363127848477489,0.0362852655494532,0.0362544626770902,0.0362222759950733,0.0361907179691783,0.0361617544848166,0.0361371485922624,0.0361183196760174,0.0361062293502834,0.0361013033743271,0.0361033960970348,0.0361118005820131,0.0361253038938765,0.0361422833431789,0.0361608361040772,0.036178931826376,0.0361945759066162,0.0362059701374571,0.0362116576145627,0.0362106400447447,0.0362024578679887,0.0361872266849015,0.0361656271013417,0.0361388489497633,0.0361084945924504,0.0360764493386128,0.0360447296374487,0.0360153214291835,0.035990021716155,0.0359702960216855,0.0359571629936837,0.0359511151213268,0.0359520815693671,0.0359594357448237,0.0359720466705264,0.0359883698285249,0.0360065701138277,0.0360246671247242,0.0360406913755121,0.03605283925591,0.0360596147209341,0.0360599467549686,0.0360532735315573,0.0360395867456985,0.0360194326401139,0.035993869559124,0.0359643852039722,0.0359327798891749,0.0359010247781703,0.0358711060990839,0.0358448675385309,0.0358238632711918,0.0358092333650702,0.0358016116441253,0.035801073603242,0.035807128833965,0.0358187588695759,0.0358344976758369,0.0358525485056825,0.0358709278057816,0.0358876245774387,0.035900762257535,0.0359087499195909,0.0359104104326372,0.0359050750954792,0.0358926370319088,0.0358735590509039,0.0358488354453988,0.0358199109954723,0.0357885639334553,0.0357567625294904,0.0357265070314813,0.0356996697801846,0.035677846341879,0.0356622294774766,0.0356535158081101,0.0356518523270118,0.0356568266811382,0.0356675016655065,0.0356824909109935,0.0357000695677454,0.0357183111292928,0.0357352395990128,0.035748985101688,0.0357579308526364,0.0357608401137997,0.035756953328591,0.0357460479183622,0.0357284560772265,0.0357050391129407,0.0356771202166161,0.0356463807584884,0.0356147280611583,0.0355841448770767,0.0355565323122111,0.0355335585622046,0.0355165254925939,0.0355062638040522,0.0355030653559231,0.0355066583296092,0.0355162275162259,0.0355304783781966,0.0355477399579204,0.0355660984889084,0.035583550984496,0.0355981663675246,0.0356082410204024,0.0356124360478355,0.0356098850262852,0.035600263442795,0.0355838141956426,0.0355613271681523,0.0355340746789894,0.0355037082289078,0.035472125097384,0.0354413157364381,0.0354132043769085,0.0353894956983961,0.0353715397985521,0.0353602260983406,0.0353559143906414,0.0353584082002196,0.0353669722334532,0.0353803922281837,0.0353970722298669,0.035415161461426,0.0354327007297972,0.0354477768817634,0.035458673280005,0.0354640046404826,0.0354628258113737,0.0354547060842767,0.0354397632657146,0.0354186548131406,0.0353925266306726,0.0353629233821408,0.0353316671712024,0.0353007139380234,0.0352719987369189,0.0352472820360536,0.0352280092195376,0.0352151945470229,0.0352093389907915,0.0352103887567417,0.035217738097084,0.0352302764805541,0.0352464765797698,0.0352645161665446,0.0352824241701685,0.0352982391054343,0.0353101669988436,0.0353167259299055,0.0353168653689607,0.0353100505542273,0.0352963050409276,0.0352762080240884,0.0352508467771077,0.0352217282341537,0.0351906570659637,0.0351595902854674,0.0351304802552089,0.0351051188061659,0.0350849949597606,0.0350711775138479,0.0350642316405634,0.0350641758453183,0.0350704823864197,0.0350821208100303,0.0350976408843721,0.0351152881834892,0.0351331431047743,0.0351492723784965,0.0351618812480035,0.0351694545112138,0.0351708755089933,0.035165513859016,0.0351532751384617,0.0351346086335,0.0351104724798855,0.0350822587863247,0.0350516844298175,0.0350206559132949,0.0349911187667573,0.0349649032738424,0.0349435786976922,0.0349283276210532,0.0349198505376892,0.0349183085313967,0.0349233089100234,0.0349339352420619,0.0349488196454767,0.0349662517082741,0.0349843153797821,0.0350010428219443,0.0350145727532163,0.0350233003856796,0.0350260067006217,0.0350219564888014,0.0350109571597242,0.0349933735745335,0.0349700977944017,0.0349424763480229,0.0349122010944556,0.0348811727000904,0.03485134791557,0.0348245830563188,0.0348024862745598,0.0347862903712592,0.0347767561274041,0.0347741135991116,0.0347780457368737,0.0347877153090896,0.034801832705925,0.0348187590367321,0.0348366362497905,0.0348535339882739,0.034867601686449,0.0348772140791601,0.0348810988567003,0.0348784365966429,0.0348689252383777,0.0348528040802815,0.0348308353773815,0.0348042448724321,0.0347746257643193,0.0347438134686704,0.0347137408427898,0.0346862851516357,0.0346631188071692,0.0346455757380272,0.0346345441273161,0.0346303942601905,0.0346329474951706,0.0346414891231153,0.0346548243578282,0.0346713731906439,0.0346892966280514,0.0347066441960887,0.0347215107787676,0.0347321900302255,0.0347373118390087,0.0347359526101491,0.0347277093599361,0.0347127316053537,0.0346917085232595,0.0346658125513551,0.0346366041803099,0.034605905836107,0.0345756552139809,0.0345477500083401,0.0345238965723322,0.0345054746035758,0.0344934285414175,0.034488194111311,0.0344896655665645,0.0344972059054821,0.0345096989484955,0.0345256389070772,0.0345432502066347,0.0345606280469197,0.0345758886568106,0.0345873175273549,0.0345935041243067,0.0345934526613039,0.0345866603703102,0.0345731571985087,0.0345535038094401,0.034528747958332,0.0345003425158978,0.034470031395526,0.034439712170674,0.0344112860541056,0.0343865069928681,0.0343668418135329,0.0343533525975688,0.0343466108141427,0.0343466502967938,0.0343529630990965,0.0343645388388183,0.0343799446156358,0.0343974392552393,0.0344151127745167,0.0344310398275188,0.0344434346746478,0.0344507950362032,0.0344520230725413,0.0344465136057215,0.034434202401182,0.0344155706307487,0.034391605258002,0.0343637187141713,0.0343336345561679,0.0343032485354091,0.0342744764325789,0.0342491009842494,0.0342286301822546,0.0342141781901542,0.0342063781947235,0.0342053338667419,0.0342106129750034,0.0342212833435859,0.0342359880327719,0.0342530536071498,0.034270622846884,0.0342868014368859,0.0342998071621176,0.0343081100117325,0.0343105523464926,0.0343064398434529,0.0342955961775598,0.0342783771703678,0.0342556432366561,0.034228692166525,0.0341991573536274,0.0341688792854993,0.0341397602433765,0.0341136135518119,0.0340920192546669,0.0340761977092088,0.0340669112859606,0.0340644022190552,0.0340683718284233,0.034078003051129,0.0340920247332096,0.0341088127242137,0.0341265197666966,0.0341432237488131,0.0341570823118605,0.0341664812246567,0.0341701644096162,0.0341673349937849,0.0341577191394633,0.0341415874850624,0.0341197325354031,0.0340934039760665,0.0340642073318099,0.0340339743517648,0.0340046157443637,0.0339779682303033,0.0339556482349587,0.0339389238872196,0.0339286154008629,0.0339250315389405,0.0339279469156068,0.0339366216224312,0.0339498613371417,0.0339661129360946,0.0339835879205745,0.0340004038795352,0.034014732894342,0.0340249453285363,0.0340297378573483,0.0340282358364005,0.0340200620906626,0.0340053667777086,0.0339848159566906,0.033959539660267,0.033931043390571,0.0339010898115995,0.0338715597720769,0.0338443034772456,0.0338209934933764,0.0338029912336863,0.0337912376244708,0.0337861768387898,0.033787719432199,0.0337952481059265,0.0338076659005998,0.0338234831703469,0.0338409364941693,0.0338581300200723,0.0338731878354872,0.0338844049850836,0.0338903848127006,0.0338901513978926,0.0338832279030766,0.0338696744666343,0.0338500826232217,0.033825526817685,0.0337974771006035,0.0337676802545242,0.0337380191327375,0.0337103616867411,0.0336864118862084,0.0336675744596797,0.0336548441537501,0.0336487281428059,0.0336492074981194,0.0336557404729136,0.0336673070402062,0.0336824909006193,0.0336995923043646,0.0337167627097563,0.0337321506866971,0.0337440476748106,0.0337510222746274,0.0337520326753081,0.033746508526599,0.0337343959123684,0.0337161619039967,0.0336927582630588,0.0336655470045342,0.0336361934936525,0.0336065353052614,0.0335784370231102,0.0335536423400537,0.0335336351361841,0.033519520618228,0.0335119361238131,0.0335109989231255,0.0335162954523819,0.0335269131119051,0.0335415123201438,0.0335584332152268,0.0335758285166588,0.033591811854137,0.0336046095374217,0.0336127034051525,0.0336149530870842,0.0336106876889468,0.0335997594251437,0.0335825548711185,0.0335599630140166,0.0335333028406783,0.0335042165067551,0.0334745369019955,0.0334461404430589,0.0334207970331996,0.0334000292494388,0.0333849919562444,0.0333763817889118,0.0333743834663401,0.0333786569027222,0.0333883658386622,0.0334022454577548,0.0334187034403523,0.0334359463577289,0.0334521214156789,0.0334654624491059,0.033474428813256,0.0334778264144368,0.0334749015201189,0.0334654000831889,0.0334495879580215,0.0334282303829534,0.0334025322317717,0.0333740435653382,0.0333445377230374,0.0333158713810209,0.0332898374952172,0.0332680227070876,0.0332516805452435,0.0332416306087341,0.033238191946521,0.0332411561956138,0.0332498029011558,0.0332629560528607,0.0332790775066555,0.033296389905217,0.0333130192381722,0.0333271455125272,0.0333371492830492,0.0333417420879552,0.0333400701302962,0.0333317827398151,0.0333170600611111,0.0332965977892781,0.0332715503180533,0.0332434370721624,0.033214019779023,0.0331851607509335,0.0331586737123883,0.0331361792073287,0.0331189761333553,0.0331079395358094,0.0331034525920929,0.0331053779206646,0.0331130701932538,0.0331254287666702,0.0331409859373829,0.0331580236945518,0.0331747097042025,0.0331892418461552,0.0331999900359619,0.0332056243280056,0.0332052193857316,0.0331983272361208,0.0331850126609355,0.0331658484375481,0.0331418707191152,0.033114497914319,0.0330854192656795,0.0330564617185547,0.0330294454324789,0.0330060392656885,0.0329876276712077,0.0329751996514139,0.0329692687699414,0.0329698308269192,0.0329763628418337,0.0329878636865179,0.0330029333339875,0.0330198845155667,0.0330368778791424,0.0330520697522895,0.0330637605154358,0.0330705314885661,0.0330713591479486,0.0330656973443454,0.0330535208344182,0.0330353266354414,0.0330120931950045,0.0329852008334489,0.0329563200726684,0.0329272770462677,0.0328999069815714,0.0328759076150626,0.0328567042938725,0.0328433374569967,0.0328363812897399,0.0328358997749621,0.0328414433431933,0.0328520860965302,0.0328665004042794,0.0328830627877467,0.0328999826420752,0.0329154436507378,0.0329277468427083,0.0329354441754074,0.0329374522947574,0.0329331376684465,0.0329223664948413,0.0329055154922876,0.03288344267025,0.0328574202560056,0.0328290348778901,0.0328000626749028,0.0327723290145421,0.0327475637880261,0.0327272636967386,0.0327125724955507,0.0327041888392602,0.0327023092760668,0.0327066111938359,0.0327162773519521,0.0327300602731837,0.0327463815054819,0.0327634578745015,0.0327794445846857,0.0327925835860022,0.0328013451338039,0.0328045509838007,0.0328014691521936,0.0327918725124984,0.032776056493469,0.0327548145240625,0.0327293733487774,0.0327012936158728,0.0326723439487536,0.0326443588154983,0.0326190917425476,0.0325980756871148,0.0325825016874248,0.0325731253312904,0.0325702082698838,0.0325734991525673,0.0325822552049114,0.0325953024695051,0.0326111297303104,0.0326280085729845,0.0326441300786864,0.0326577474376499,0.0326673133768318,0.032671601743493,0.032669803835283,0.0326615920206633,0.0326471457038326,0.0326271375704896,0.0326026810964023,0.03257524329042,0.0325465293570082,0.0325183481930553,0.0324924692006891,0.0324704816689866,0.0324536678781861,0.032442900100736,0.032438569872786,0.0324405554119579,0.0324482300470093,0.0324605112361586,0.0324759464486312,0.0324928291441889,0.0325093355702481,0.0325236713285885,0.0325342158040898,0.0325396526784059,0.0325390758678802,0.0325320622372933,0.0325187051817994,0.0324996064050729,0.0324758266727445,0.0324487996873761,0.032420216226706,0.0323918880625382,0.0323656027455367,0.0323429809847426,0.0323253480316489,0.0323136292400521,0.0323082779346904,0.0323092410678815,0.0323159651013576,0.0323274413674699,0.0323422870870136,0.0323588554821125,0.0323753662235041,0.032390045948832,0.0324012678822623,0.0324076797140634,0.0324083098403527,0.032402643742751,0.0323906645813226,0.0323728548153693,0.0323501586554409,0.0323239081667065,0.0322957186660181,0.0322673614712506,0.0322406238855569,0.0322171673818875,0.0321983951953744,0.0321853398956079,0.0321785800277028,0.0321781926789633,0.0321837460097749,0.0321943325994193,0.0322086411554367,0.0322250609918201,0.0322418109620528,0.0322570824721515,0.0322691849801247,0.0322766821283511,0.0322785073892704,0.0322740497777864,0.0322632026532767,0.0322463716850986,0.0322244414247125,0.0321987033288112,0.0321707512240929,0.0321423528304068,0.0321153078460484,0.032091304098047,0.0320717833066401,0.0320578271255037,0.0320500723909985,0.0320486620987604,0.0320532357283939,0.0320629593975257,0.032076593199758,0.0320925902107323,0.0321092192428754,0.0321247016587209,0.0321373515339164,0.0321457082615184,0.0321486513174113,0.0321454883079979,0.0321360094835567,0.0321205044686621,0.0320997398509376,0.0320748992766924,0.0320474906074196,0.032019227273117,0.0319918930137474,0.0319672005657017,0.0319466554149756,0.0319314354467785,0.0319222961731642,0.0319195092799965,0.0319228396363637,0.0319315628544087,0.0319445222231831,0.0319602206339531,0.0319769402296643,0.0319928801895975,0.0320063015075037,0.0320156669860899,0.0320197650216474,0.0320178070670308,0.0320094908263302,0.0319950240636174,0.0319751071599207,0.0319508759505772,0.0319238096286181,0.0318956113311641,0.031868071198772,0.0318429230408892,0.0318217061585339,0.0318056433512374,0.0317955447285185,0.0317917447872317,0.0317940774961082,0.031801891078909,0.0318141010562257,0.0318292771353779,0.0318457569486557,0.0318617776192889,0.0318756148239769,0.0318857185076594,0.031890834717162,0.031890104122429,0.0318831295999658,0.0318700076286013,0.031851321019412,0.0318280934677868,0.0318017093596716,0.0317738049692594,0.0317461394483963,0.031720455650446,0.0316983417141239,0.0316811043706507,0.0316696641110142,0.0316644807095419,0.0316655152595649,0.0316722320070403,0.0316836400854716,0.0316983720143318,0.0317147927960918,0.0317311308970319,0.0317456205492528,0.0317566438282458,0.0317628609312024,0.0317633180174314,0.0317575238038216,0.0317454886849769,0.0317277232476979,0.031705196401849,0.031679256663952,0.0316515231262346,0.0316237550754485,0.0315977108959716,0.031575007670636,0.0315569927289528,0.0315446373195265,0.0315384607104183,0.0315384905176696,0.0315442621398412,0.0315548570710616,0.0315689768224602,0.0315850464373392,0.031601339344011,0.0316161137095549,0.0316277496398812,0.0316348765627954,0.0316364809233159,0.0316319858531098,0.0316212966349829,0.031604808408398,0.0315833754581993,0.0315582443833662,0.0315309562403907,0.0315032251906688,0.031476803066874,0.0314533404548097,0.0314342552566152,0.0314206192111471,0.0314130715197432,0.0314117666511088,0.0314163607291126,0.0314260378428981,0.0314395743984944,0.0314554365170076,0.0314719027421886,0.0314872021919837,0.0314996569659305,0.0315078172226583,0.0315105779075004,0.0315072675975735,0.0314977022215851,0.0314821993135099,0.0314615517227078,0.0314369630418416,0.0314099501388389,0.0313822208297443,0.031355536694639,0.031331572167608,0.0313117812394502,0.0312972823909895,0.0312887708012612,0.031286464600419,0.0312900891684187,0.0312989004483953,0.0313117451830197,0.0313271531218972,0.0313434538021513,0.0313589086566388,0.0313718480885023,0.0313808028360377,0.0313846194431628,0.0313825508997957,0.0313743154302115,0.031360118850219,0.031340638708845,0.0313169713689748,0.0312905460446201,0.0312630123889006,0.0312361103256007,0.031211532274589,0.0311907886098857,0.031175087034279,0.0311652355493819,0.0311615769108797,0.0311639600159865,0.0311717507558832,0.0311838817023023,0.0311989368366303,0.0312152646377991,0.0312311104742251,0.0312447576058257,0.0312546653421376,0.0312595930932084,0.0312587001832217,0.0312516132833268,0.0312384559923519,0.0312198382214536,0.0311968063503722,0.0311707583362406,0.0311433308011438,0.0311162673654291,0.0310912789474898,0.0310699073062124,0.0310534027312736,0.0310426255423025,0.0310379790614621,0.0310393791496191,0.0310462624562647,0.0310576324660472,0.0310721394756488,0.031088188031034,0.0311040632862876,0.0311180663509644,0.0311286480618787,0.0311345307856634,0.0311348088137841,0.0311290195773667,0.0311171801565392,0.0310997862189263,0.0310777734009349,0.0310524440378369,0.0310253648439102,0.0309982434371069,0.0309727933111243,0.030950597839604,0.030932984065317,0.0309209163544459,0.0309149185169218,0.0309150308048739,0.03092080546171,0.0309313414164466,0.0309453555499066,0.0309612849622154,0.0309774120962992,0.0309920026431439,0.0310034450466902,0.0310103802464954,0.0310118110686657,0.0310071823371338,0.0309964251871831,0.0309799620172364,0.0309586717624393,0.0309338184358036,0.0309069488785044,0.030879768136389,0.0308540026351925,0.0308312622311312,0.0308129122075735,0.0307999653862407,0.030793002809021,0.0307921290798383,0.0307969656450971,0.0308066822729486,0.0308200640044009,0.0308356081149166,0.030851643340846,0.0308664619570393,0.0308784543612575,0.0308862356891019,0.0308887546456481,0.0308853761338761,0.0308759312770363,0.0308607309282009,0.030840541559047,0.0308165253177484,0.0307901488250317,0.0307630677261485,0.0307369959477156,0.0307135698716326,0.0306942181267003,0.0306800473571039,0.0306717531608854,0.0306695634737849,0.0306732191425589,0.0306819934797926,0.0306947494534466,0.0307100300940935,0.0307261749590315,0.030741453311492,0.0307542032464999,0.0307629654531212,0.0307666007016969,0.0307643814602529,0.0307560501705204,0.0307418394689738,0.0307224527815268,0.030699006980006,0.0306729418879483,0.0306459041052977,0.0306196146660507,0.0305957312837166,0.0305757162824,0.0305607207445097,0.0305514939989358,0.0305483254611365,0.0305510232024717,0.030558930686128,0.0305709800952246,0.030585777832645,0.0306017153096299,0.0306170962406455,0.0306302704536472,0.0306397637828213,0.0306443939587111,0.030643363518094,0.0306363225380533,0.0306233963195136,0.0306051758317897,0.0305826715862148,0.0305572344288894,0.0305304493236259,0.0305040103380977,0.0304795865757907,0.0304586895842065,0.0304425527439659,0.030432032293471,0.0304275380189001,0.0304289993482337,0.0304358697968768,0.0304471696387347,0.0304615635715656,0.0304774672687727,0.0304931743058185,0.0305069932260228,0.0305173836230494,0.0305230801526377,0.0305231943503424,0.030517285947789,0.0305053978931591,0.0304880522779281,0.0304662075950679,0.0304411809276701,0.0304145415192774,0.0303879844684791,0.0303631948371481,0.0303417131503698,0.0303248130565782,0.0303134008397349,0.0303079446323392,0.0303084387328549,0.0303144055957158,0.0303249350739205,0.0303387575884532,0.0303543452909934,0.0303700331642509,0.0303841505192391,0.0303951526063581,0.0304017421045747,0.0304029710747289,0.0303983154868286,0.0303877165403052,0.0303715855391124,0.0303507718793912,0.0303264965523351,0.0303002562450984,0.0302737054335931,0.0302485256247695,0.0302262919825967,0.0302083478677517,0.0301956972953054,0.0301889239884487,0.0301881436669818,0.0301929936060362,0.0302026605336627,0.0302159448402159,0.0302313561012523,0.0302472323201423,0.0302618733034071,0.0302736773689581,0.0302812702660668,0.0302836157908234,0.0302800990673039,0.030270575711512,0.030255382912158,0.0302353116060684,0.0302115421243227,0.0301855486651186,0.0301589804625897,0.0301335293630561,0.030110794545939,0.030092155262568,0.0300786617164758,0.0300709526546077,0.0300692060250002,0.0300731263738089,0.0300819697231607,0.0300946037239092,0.0301095981434237,0.0301253384346031,0.0301401534053851,0.0301524469841642,0.0301608238183193,0.0301641989599832,0.0301618831425601,0.0301536370387396,0.0301396902744635,0.0301207236766124,0.0300978160575188,0.0300723595816502,0.0300459502166361,0.0300202617539299,0.0299969132336976,0.0299773402078946,0.0299626800650957,0.0299536806221498,0.0299506394242282,0.0299533788093661,0.0299612589634656,0.0299732281389289,0.0299879061842968,0.0300036947867666,0.0300189055991159,0.0300318959027641,0.0300412007879843,0.0300456510778182,0.0300444673704631,0.0300373225321027,0.0300243675724909,0.0300062188575205,0.0299839077980553,0.0299587972289592,0.0299324713939005,0.0299066085546945,0.0298828465823071,0.0298626523648725,0.0298472054636132,0.0298373052079464,0.0298333084596725,0.0298351027642272,0.0298421167596087,0.0298533667662736,0.0298675356662752,0.0298830777066345,0.0298983409065314,0.0299116974463401,0.0299216718572395,0.0299270570476819,0.0299270091739708,0.0299211140077475,0.0299094196473788,0.0298924330010775,0.0298710802495698,0.0298466342737418,0.0298206146037075,0.0297946676160526,0.0297704363045743,0.0297494298427275,0.0297329032600629,0.0297217568472898,0.0297164634267643,0.0297170294792828,0.0297229934598869,0.0297334616663457,0.0297471789802848,0.0297626289368382,0.029778155141312,0.0297920942541196,0.0298029097659317,0.0298093156746307,0.0298103799724749,0.0298055994972639,0.0297949400600534,0.0297788386303024,0.0297581674871593,0.0297341633642614,0.0297083274639442,0.0296823045603003,0.0296577510565816,0.029636202677936,0.0296189524096201,0.0296069483606425,0.0296007195428276,0.0296003352597338,0.0296054010886908,0.029615091528503,0.0296282165063298,0.0296433163180043,0.0296587774163015,0.0296729599127867,0.0296843268188415,0.0296915649685763,0.0296936882417508,0.0296901150884639,0.0296807143441983,0.0296658157611001,0.02964618438642,0.0296229606973621,0.0295975710554026,0.029571615376018,0.0295467407361236,0.0295245108077287,0.029506281411289,0.0294930920875013,0.0294855824116728,0.0294839398933651,0.0294878838417853,0.0294966867168318,0.0295092314580225,0.0295241003442687,0.0295396883365371,0.0295543318109258,0.0295664422757026,0.0295746342034092,0.0295778365520934,0.0295753788715659,0.0295670449804902,0.0295530898760086,0.0295342185688669,0.029511528666868,0.0294864214935752,0.029460489075585,0.0294353862463075,0.029412698245201,0.029393814462717,0.0293798183899444,0.0293714024417871,0.0293688142558411,0.0293718385024248,0.0293798153931284,0.0293916941814764,0.0294061172367718,0.0294215279388105,0.0294362938497781,0.0294488354950411,0.0294577507057088,0.0294619248649471,0.0294606185179935,0.0294535255602258,0.0294407974763004,0.0294230317050928,0.0294012249640496,0.0293766950786057,0.029350977320831,0.029325703277825,0.0293024716899715,0.0292827214081801,0.0292676165476842,0.0292579530464555,0.0292540942162129,0.0292559406201033,0.0292629368996181,0.0292741152179596,0.0292881720206863,0.0293035720759146,0.0293186714781761,0.0293318496891162,0.029341639896181,0.0293468470723455,0.0293466441081766,0.029340638178612,0.0293289019539591,0.029311967164477,0.0292907811325865,0.0292666299250097,0.0292410344871133,0.0292156282794876,0.029192026374413,0.0291716965815831,0.029155842917811,0.0291453106464344,0.0291405202937507,0.0291414356690619,0.0291475681784339,0.029158016850742,0.0291715407077994,0.0291866576174369,0.0292017617564476,0.0292152504282372,0.0292256503216313,0.0292317333958656,0.0292326134108498,0.0292278156244631,0.0292173142420311,0.0292015346795353,0.0291813204086551,0.0291578668850148,0.0291326276165319,0.0291071996170675,0.0290831971466895,0.029062123630064,0.0290452518766061,0.0290335221626175,0.0290274664038564,0.0290271646391297,0.0290322375111112,0.0290418755640879,0.0290549032061129,0.0290698723471167,0.0290851782647983,0.0290991883811095,0.0291103735210908,0.0291174309764679,0.0291193893377848,0.0291156865420756,0.0291062147848432,0.02909132867808,0.0290718160662407,0.0290488339795511,0.0290238150471862,0.0289983520724557,0.0289740701936945,0.0289524969848168,0.0289349409262428,0.028922387909193,0.0289154239009087,0.0289141897330242,0.0289183713672998,0.0289272261613927,0.0289396428311681,0.0289542302018701,0.0289694276478028,0.0289836284937474,0.0289953067048839,0.029003136990381,0.0290060989970605,0.0290035575228942,0.0289953125344414,0.0289816150890189,0.0289631478757044,0.0289409718127528,0.0289164427718284,0.0288911048402053,0.0288665683981182,0.028844382532912,0.0288259118334676,0.0288122273550322,0.0288040205162504,0.0288015469465959,0.0288046049665235,0.02881255063539,0.0288243483635979,0.0288386531938514,0.0288539182486766,0.0288685187379724,0.0288808825082172,0.0288896165275002,0.0288936189985367,0.028892167954157,0.028884979117914,0.0288722283427407,0.0288545368597991,0.0288329206301948,0.0288087080315141,0.0287834326776322,0.0287587101496804,0.0287361086525695,0.028717024017272,0.0287025690263397,0.0286934857989766,0.0286900880466643,0.0286922375698038,0.0286993566170254,0.0287104748956318,0.028724307324574,0.0287393562625791,0.0287540300954851,0.0287667688597147,0.0287761670939417,0.0287810843730017,0.0287807349574749,0.0287747496114469,0.0287632047807277,0.0287466168297214,0.0287259017236677,0.02870230321382,0.0286772950356114,0.0286524646794122,0.0286293877834326,0.028609503007656,0.0285939972988635,0.0285837107261521,0.0285790685932459,0.0285800464226836,0.0285861708182436,0.0285965563474544,0.028609975671608,0.0286249574233128,0.0286399040228147,0.0286532199392029,0.0286634399966905,0.0286693472841656,0.0286700710549691,0.0286651566348699,0.0286546016551013,0.0286388557029205,0.0286187834985495,0.0285955947029784,0.0285707461763435,0.0285458247137318,0.0285224198099929,0.0285019967359078,0.0284857800977365,0.028474657119712,0.0284691082214201,0.0284691702097527,0.0284744347671011,0.0284840821143769,0.0284969469792213,0.0285116115101687,0.0285265177268617,0.0285400906342059,0.0285508623601995,0.0285575876522908,0.0285593417745308,0.0285555932235701,0.0285462456207082,0.0285316455012803,0.0285125553428547,0.0284900938568939,0.0284656481112594,0.0284407642597647,0.0284170253626746,0.0283959258561117,0.0283787525759687,0.0283664818168097,0.0283597007207404,0.0283585594236476,0.0283627579772321,0.0283715693024576,0.0283838965307947,0.0283983602853386,0.0284134089770202,0.0284274432584844,0.0284389445657547,0.0284465972991677,0.0284493946871994,0.0284467197003136,0.028438394427284,0.0284246939234315,0.0284063234691851,0.0283843611864837,0.0283601707901941,0.0283352916625436,0.0283113152339254,0.028289757693977,0.0282719392690611,0.0282588796817265,0.0282512180200845,0.0282491632179916,0.02825247885758,0.0282605032613539,0.0282722030618502,0.0282862558384017,0.0283011551879809,0.0283153299114549,0.0283272679634414,0.0283356354991186,0.028339381769452,0.0283378217316578,0.0283306899692691,0.0283181617254773,0.0283008393792571,0.0282797053503239,0.0282560450133732,0.0282313455447743,0.028207178537566,0.0281850755484559,0.0281664063683175,0.0281522696737343,0.0281434048212825,0.0281401319464237,0.0281423253359959,0.028149422417144,0.028160467847952,0.0281741893390641,0.0281890992237947,0.028203613651102,0.0282161797871804,0.0282254007082196,0.0282301478158271,0.0282296516049293,0.0282235633839528,0.028211982939897,0.0281954499501672,0.0281748999264089,0.0281515883787701,0.0281269894678104,0.0281026774516072,0.0280802005721252,0.0280609575565093,0.0280460866063411,0.0280363756534202,0.0280322008790875,0.0280334981812473,0.028039769622736,0.0280501241222533,0.0280633489744522,0.0280780064135468,0.0280925475388454,0.0281054346336926,0.0281152623171098,0.0281208681045487,0.028121423802798,0.0281165006558764,0.028106103180874,0.0280906690366822,0.028071034879583,0.0280483707864538,0.0280240882726978,0.0279997290116634,0.0279768429137067,0.0279568651218062,0.0279410016475874,0.027930132778477,0.0279247420611505,0.0279248766960084,0.0279301427076177,0.027939735480238,0.0279525033900832,0.0279670395604639,0.0279817944381126,0.0279952001384966,0.0280057964910956,0.0280123485309533,0.0280139458558943,0.0280100757470948,0.028000664108747,0.0279860809348864,0.0279671099312675,0.0279448848598956,0.0279207978853191,0.0278963874572707,0.0278732148777685,0.0278527395451196,0.0278362028860266,0.0278245301956197,0.0278182580852176,0.0278174931256015,0.0278219047485117,0.0278307527387189,0.0278429469319184,0.0278571342411641,0.0278718060523156,0.0278854175046547,0.0278965093096627,0.0279038226142329,0.0279063979888552,0.0279036508684376,0.0278954175956259,0.0278819684757303,0.0278639867831619,0.0278425152798031,0.0278188743258413,0.0277945578934092,0.0277711155571823,0.0277500296899043,0.0277325975379609,0.0277198275493757,0.0277123582844917,0.0277104065218963,0.027713748896602,0.0277217387455186,0.027733357000358,0.0277472931949327,0.0277620501743589,0.027776064116136,0.0277878301688173,0.0277960235043712,0.0277996059207744,0.0277979093006528,0.0277906891309419,0.027778143753619,0.0277608978388665,0.0277399515118541,0.0277165993738206,0.0276923260972719,0.0276686871386006,0.0276471842509727,0.02762914581793,0.0276156215533181,0.0276072998770961,0.0276044543886913,0.027606923482126,0.0276141244850652,0.0276251009786905,0.0276385993797792,0.0276531686273879,0.0276672750705871,0.0276794235254344,0.0276882750419061,0.0276927522224035,0.0276921239284324,0.0276860628141803,0.0276746712124449,0.0276584733232568,0.0276383742489456,0.027615588989631,0.0275915468598011,0.0275677787257846,0.0275457958481579,0.0275269698383074,0.0275124232396976,0.0275029394985544,0.0274988996272753,0.0275002507871639,0.0275065094907856,0.0275167993560719,0.0275299205554233,0.0275444455121997,0.0275588332144183,0.0275715529340769,0.0275812073145949,0.0275866448042322,0.0275870522713424,0.0275820202593047,0.0275715755848697,0.0275561786682392,0.0275366858847571,0.0275142800995328,0.027490375137321,0.0274665020286521,0.0274441862922721,0.0274248261621819,0.0274095815084617,0.0273992822582538,0.0273943634828707,0.0273948321232453,0.0274002677692926,0.027409857204197,0.0274224597857447,0.0274366983608296,0.0274510684683144,0.0274640572188531,0.0274742625449481,0.0274805035349086,0.0274819132889981,0.0274780071021789,0.0274687206805512,0.0274544153989944,0.0274358501397996,0.0274141218313592,0.0273905792400549,0.02736671667201,0.0273440558506076,0.0273240252209646,0.0273078462088398,0.0272964354951963,0.0272903311806002,0.0272896488834947,0.0272940714737979,0.0273028734658287,0.0273149782960699,0.0273290440240132,0.0273435706460107,0.027357020404223,0.0273679413625888,0.027375084209755,0.0273775027708964,0.0273746300306604,0.027366323480178,0.0273528761301006,0.0273349923602729,0.0273137306624514,0.0272904180316636,0.0272665430491892,0.0272436363876424,0.0272231484219492,0.0272063337815825,0.0271941520322926,0.0271871922985119,0.027185627655978,0.0271892027070052,0.0271972550987045,0.0272087690719441,0.0272224566445537,0.0272368599213898,0.0272504664362054,0.0272618284747667,0.027269677069187,0.0272730218040159,0.0272712286953478,0.0272640701050959,0.0272517428035194,0.0272348527368461,0.027214367618549,0.0271915409565097,0.0271678133657574,0.027144698822239,0.0271236647421863,0.0271060153232149,0.0270927874060113,0.0270846672090767,0.0270819347062888,0.0270844402670371,0.0270916156236867,0.0271025184753454,0.027115907305567,0.0271303405096649,0.0271442919026473,0.0271562732879698,0.0271649541398847,0.0271692686532838,0.0271685014339262,0.0271623448522197,0.0271509234142592,0.027134783217178,0.0271148474243876,0.02709234147795,0.0270686942231843,0.0270454230459682,0.0270240123596521,0.0270057952363094,0.0269918476361146,0.0269829035938853,0.0269792979736773,0.0269809411499924,0.0269873274061098,0.0269975761675658,0.0270105026252883,0.0270247120441686,0.027038710262181,0.0270510216856452,0.0270603055577379,0.027065461452455,0.0270657158069122,0.0270606827823539,0.0270503947249907,0.0270352998336693,0.0270162271619262,0.0269943216043019,0.0269709538550089,0.0269476123030807,0.0269257852855963,0.0269068429389679,0.0268919279945967,0.0268818642391748,0.0268770900364429,0.0268776223753102,0.0268830545096248,0.0268925875728669,0.026905093802584,0.0269192064223327,0.026933429020826,0.026946255629216,0.0269562917737936,0.0269623666602342,0.0269636273460504,0.0269596072254381,0.0269502632614433,0.0269359789743021,0.0269175330125613,0.0268960359554443,0.0268728405817182,0.026849432974052,0.0268273133340271,0.026807876146131,0.0267922993000602,0.0267814509764704,0.0267758215997109,0.0267754860947468,0.0267800992316681,0.0267889242050687,0.026800891989558,0.0268146866356916,0.0268288496953648,0.0268418955316315,0.0268524284755419,0.0268592526959053,0.0268614662476651,0.0268585320077864,0.0268503199952983,0.026837117770789,0.0268196080619342,0.0267988152887591,0.0267760250782704,0.026752682978255,0.0267302802391568,0.0267102355993384,0.0266937823934201,0.0266818699642663,0.0266750873070372,0.0266736151747175,0.026677210650855,0.0266852256174246,0.0266966578181465,0.0267102305622469,0.0267244947521659,0.0267379450536273,0.0267491408229954,0.0267568219747242,0.0267600103540345,0.0267580883502551,0.0267508483496985,0.0267385090279976,0.0267216972150828,0.0267013968950539,0.0266788695854181,0.0266555526510911,0.026632943861234,0.0266124815537802,0.0265954300536976,0.0265827794830627,0.0265751678599763,0.026572831527706,0.0265755876505918,0.0265828499507299,0.0265936762398677,0.0266068438249937,0.0266209467227851,0.0266345069692273,0.0266460912750466,0.0266544239200735,0.0266584871127276,0.026657601031058,0.0266514773349164,0.0266402419811604,0.0266244255355173,0.0266049216795053,0.0265829170716727,0.0265597979568769,0.0265370407577098,0.0265160951844389,0.0264982690534717,0.0264846239456759,0.0264758900564725,0.0264724071384801,0.0264740964164199,0.0264804659111678,0.0264906489339215,0.0265034728194175,0.0265175524853708,0.026531401345613,0.0265435506432538,0.0265526675349427,0.0265576623186111,0.0265577760611177,0.026552641483615,0.0265423121654422,0.0265272577393787,0.0265083255457271,0.0264866719543615,0.0264636690253378,0.0264407941567481,0.0264195116999692,0.0264011561020337,0.0263868259270867,0.0263772971487367,0.0263729624874292,0.0263738014340752,0.026379383130186,0.0263889016662933,0.0264012408227263,0.0264150630060082,0.0264289152973364,0.0264413442550417,0.0264510104863158,0.0264567940643877,0.0264578826058724,0.0264538351786653,0.0264446170776944,0.0264306027445723,0.0264125465553635,0.026391523681267,0.026368845556277,0.026345956485333,0.0263243194388596,0.0263052999838085,0.0262900575200538,0.0262794524947508,0.0262739770780941,0.0262737149787085,0.0262783337888059,0.0262871106575131,0.0262989894037091,0.0263126646154009,0.026326686052734,0.0263395749678813,0.0263499429311952,0.0263566035073613,0.0263586676852593,0.0263556152855225,0.026347336539221,0.0263341404848638,0.0263167295623871,0.0262961425583485,0.026273670637105,0.0262507533597362,0.0262288631705973,0.0262093877012687,0.0261935193437824,0.0261821608808935,0.0261758545946725,0.0261747403305582,0.026178545643254,0.0261866085914923,0.0261979311839962,0.0262112591031356,0.0262251813217316,0.0262382417303719,0.0262490540151132,0.0262564108245367,0.026259378744395,0.0262573717133655,0.0262501971803317,0.0262380714016897,0.0262216026526839,0.0262017436021793,0.0261797164896562,0.0261569168687989,0.0261348033849782,0.0261147822008879,0.0260980951755811,0.0260857206827017,0.0260782950266124,0.0260760608432418,0.0260788467718832,0.026086080212181,0.0260968323270138,0.0261098918290396,0.0261238617168851,0.0261372712135708,0.0261486938734336,0.0261568622783386,0.026160769990301,0.026159752451341,0.0261535402422872,0.0261422803867805,0.0261265240192574,0.0261071814985482,0.0260854487073319,0.0260627106108285,0.0260404299640488,0.0260200302080764,0.0260027819930824,0.0259897023888305,0.0259814747414265,0.0259783954145215,0.0259803514628312,0.0259868308050448,0.0259969638900245,0.0260095933892293,0.0260233662916535,0.0260368410843219,0.0260486015874967,0.0260573685492004,0.0260621003144986,0.026062074752898,0.0260569460863659,0.0260467721993503,0.0260320102836281,0.0260134811066838,0.0259923046159259,0.0259698118251099,0.0259474398041373,0.0259266179592525,0.0259086545335861,0.025894632311448,0.0258853218594473,0.0258811193203466,0.025882013879268,0.0258875876846811,0.0258970484109729,0.0259092920075453,0.0259229907107078,0.0259366993050198,0.0259489710872117,0.0259584741441348,0.0259640984888956,0.0259650453233362,0.0259608911536483,0.0259516215540575,0.0259376318723576,0.0259196948875587,0.0258988981354003,0.0258765560845833,0.0258541043683516,0.0258329846856831,0.0258145296744465,0.025799856982094,0.0257897809391689,0.0257847487576957,0.0257848061608437,0.0257895949724261,0.0257983826508532,0.0258101212461017,0.0258235309833107,0.0258372018009786,0.0258497048285601,0.0258597050691275,0.0258660665035763,0.0258679414505793,0.0258648372500422,0.0258566550918713,0.025843697955489,0.0258266470012379,0.0258065081887266,0.0257845332096918,0.0257621208400314,0.0257407063809807,0.0257216478466975,0.025706117879002,0.025695009992729,0.0256888666935383,0.0256878353344519,0.0256916554086753,0.0256996784793325,0.0257109193189773,0.0257241342877905,0.0257379207330087,0.0257508294362608,0.0257614810242019,0.0257686768925686,0.0257714956129432,0.0257693669656882,0.025762117575576,0.0257499844633132,0.0257335954667541,0.025713918204709,0.025692181822851,0.0256697779597126,0.0256481490195705,0.0256286728078238,0.0256125528044469,0.0256007228177069,0.0255937735311092,0.0255919066423334,0.0255949200491384,0.0256022250513428,0.0256128940120119,0.0256257345530338,0.0256393843278452,0.0256524188625184,0.0256634639932259,0.0256713041184887,0.025674977845546,0.0256738536086403,0.0256676793926003,0.0256566026894387,0.0256411591030598,0.0256222304325926,0.0256009754310277,0.0255787385734258,0.0255569439115442,0.0255369823020947,0.0255201008764487,0.0255073035171504,0.0254992703144167,0.0254963025379935,0.0254982976759522,0.0255047567134063,0.0255148232409748,0.0255273514044357,0.0255409973429225,0.0255543268107889,0.0255659303086835,0.0255745363897723,0.0255791139238857,0.0255789549899233,0.0255737316493616,0.0255635219972355,0.0255488034126224,0.0255304136265058,0.0255094828608366,0.0254873426417545,0.0254654187543388,0.025445117037892,0.0254277112310313,0.0254142418360433,0.0254054340120388,0.0254016409130313,0.0254028168005265,0.0254085218607963,0.0254179581435928,0.0254300336092879,0.0254434491063565,0.0254568013581439,0.0254686938423616,0.0254778468833785,0.0254831983811152,0.0254839873546185,0.0254798138200202,0.0254706703493645,0.0254569428347162,0.0254393803519973,0.025419036406593,0.0253971860704126,0.0253752254197206,0.0253545611070639,0.0253364987316598,0.025322138834433,0.0253122888120393,0.0253073978503603,0.025307520206674,0.0253123099497701,0.0253210477640584,0.0253326978325348,0.0253459903494849,0.0253595230912046,0.0253718738788597,0.0253817148402244,0.0253879191949306,0.0253896518701995,0.0253864365609691,0.0253781937786736,0.0253652468246972,0.0253482952681345,0.0253283581710057,0.0253066917618068,0.0252846883109605,0.0252637644469229,0.0252452479513882,0.0252302721246152,0.0252196861218433,0.0252139883021301,0.0252132877304105,0.0252172966968576,0.025225354649249,0.0252364814656863,0.0252494557166337,0.025262911651307,0.0252754472360639,0.0252857347687771,0.0252926254413279,0.0252952397235542,0.0252930365542142,0.025285855964795,0.025273931809102,0.0252578735735677,0.0252386186289133,0.0252173585762238,0.0251954453686847,0.0251742844996757,0.0251552236108948,0.0251394452996046,0.0251278726466368,0.0251210950523509,0.0251193204159363,0.0251223576363057,0.0251296310082123,0.0251402255259373,0.0251529595965785,0.0251664794126704,0.0251793674291018,0.0251902561904344,0.0251979382735944,0.0252014633978034,0.025200214789883,0.0251939585918635,0.0251828623139398,0.0251674808812006,0.0251487114820399,0.0251277209746648,0.0251058518297376,0.0250845142968892,0.0250650735442514,0.0250487408567439,0.0250364775759994,0.0250289193677045,0.0250263267109367,0.0250285653656881,0.0250351181695269,0.0250451270381248,0.0250574616905657,0.0250708095656722,0.0250837797901925,0.0250950130182702,0.0251032885549894,0.0251076204268747,0.025107334941792,0.0251021237191949,0.0250920680622741,0.0250776327486912,0.0250596296746478,0.0250391541218098,0.0250174985518996,0.0249960506075839,0.0249761832742554,0.0249591458319714,0.0249459642362876,0.0249373588950902,0.0249336864939325,0.0249349106580497,0.0249406039664763,0.0249499813291819,0.0249619622007489,0.0249752567425562,0.0249884690598252,0.0250002092036906,0.0250092048708014,0.0250144037233045,0.0250150579966388,0.0250107845034472,0.0250015951609941,0.0249878955964741,0.024970452010462,0.0249503290772979,0.0249288040121008,0.0249072638439213,0.024887094251115,0.0248695689369869,0.0248557484086455,0.024846396189694,0.024841919028722,0.024842335693435,0.024847276634202,0.0248560143492753,0.0248675218793269,0.0248805546841485,0.0248937493709579,0.0249057314811219,0.0249152238882421,0.0249211473565408,0.0249227054462614,0.0249194471784633,0.0249113025908324,0.0248985884019799,0.0248819833020971,0.0248624747344471,0.024841281250091,0.0248197564384897,0.0247992819098296,0.0247811577134179,0.024766498842737,0.0247561460698294,0.0247505982871375,0.0247499718831128,0.0247539905594221,0.0247620065764971,0.0247730518836091,0.0247859151554324,0.0247992386209407,0.0248116269147953,0.0248217591545209,0.0248284951446578,0.0248309670644534,0.0248286491728005,0.024821399863906,0.0248094726784316,0.024793495426864,0.0247744191981655,0.0247534414836285,0.024731909734575,0.0247112132215248,0.0246926719520922,0.0246774315736548,0.0246663726319472,0.0246600413332157,0.0246586071758871,0.0246618506337811,0.0246691816709665,0.0246796874415449,0.0246922052613205,0.0247054150000892,0.0247179435753111,0.024728473336284,0.0247358458729996,0.0247391531750737,0.0247378090654064,0.0247315953623399,0.0247206791709473,0.0247055999272006,0.0246872271533294,0.0246666921532736,0.0246452989130679,0.0246244211192754,0.0246053933414987,0.0245894049464361,0.0245774051658726,0.0245700269263267,0.0245675356179145,0.0245698070401253,0.0245763364593999,0.0245862782230878,0.0245985128934514,0.0246117366014336,0.0246245654707607,0.0246356466935877,0.0246437672600764,0.0246479515057285,0.0246475395325274,0.0246422401160699,0.0246321538067736,0.0246177643906243,0.0245998994776205,0.0245796635071544,0.0245583486888259,0.0245373311572586,0.0245179607730485,0.0245014534580295,0.0244887946773681,0.0244806617062015,0.0244773707425434,0.0244788528966554,0.0244846607717861,0.024494004933661,0.0245058172301061,0.0245188358459841,0.0245317053220685,0.024543083653209,0.0245517480847014,0.0245566913694315,0.0245572010112495,0.0245529153429008,0.024543852074259,0.0245304070676626,0.0245133233933273,0.0244936330166101,0.0244725755992208,0.0244515006995318,0.0244317609942667,0.0244146049043087,0.0244010771201815,0.0243919349666611,0.0243875873537343,0.0243880613177444,0.0243929989904486,0.0244016854097253,0.0244131050947394,0.0244260229556255,0.0244390830939112,0.0244509175503369,0.0244602562042052,0.0244660289000128,0.0244674514889222,0.0244640887780093,0.0244558892727615,0.0244431889184679,0.0244266835954348,0.0244073726825853,0.0243864783569616,0.024365347247214,0.0243453424498416,0.0243277346393654,0.0243136010071829,0.0243037400593072,0.0242986089614718,0.0242982882630157,0.0243024766180267,0.0243105157346829,0.0243214434094221,0.0243340703238247,0.0243470744632299,0.0243591056911221,0.0243688922747395,0.0243753410507373,0.0243776234435473,0.0243752406589231,0.0243680629874271,0.0243563401483809,0.0243406818359516,0.0243220099291894,0.0243014860261321,0.0242804198956754,0.0242601659633369,0.0242420159358313,0.0242270960360688,0.0242162770225625,0.0242101042181788,0.0242087532398847,0.0242120151166537,0.0242193121567742,0.0242297434562804,0.0242421565260034,0.0242552393608655,0.0242676255708046,0.0242780040881556,0.0242852245573348,0.0242883898368977,0.0242869280798019,0.0242806385255279,0.0242697072996433,0.0242546919862895,0.0242364763017343,0.0242161986338041,0.0241951603214204,0.0241747211609564,0.0241561906129287,0.0241407234666559,0.0241292282869845,0.024122295866133,0.024120153240731,0.0241226467556915,0.0241292553332879,0.0241391327206885,0.0241511752283746,0.0241641095091967,0.024176593410407,0.0241873219655271,0.0241951302410746,0.0241990850320989,0.0241985582843425,0.0241932765418321,0.0241833425697018,0.024169227444775,0.0241517336826293,0.0241319322126629,0.0241110780556867,0.0240905112450658,0.024071550727946,0.024055389588168,0.0240429998923869,0.0240350547693047,0.0240318740297342,0.0240333978110206,0.0240391905173621,0.024048474901623,0.0240601936929079,0.0240730939199831,0.0240858272021353,0.0240970579358979,0.0241055706184069,0.0241103675842292,0.0241107491973258,0.0241063699715514,0.0240972660691635,0.0240838519786442,0.0240668867024988,0.0240474122798293,0.0240266697161861,0.0240059992050644,0.0239867327533849,0.0239700878753607,0.0239570708631397,0.0239483973029355,0.0239444360601665,0.0239451810320116,0.0239502527252906,0.023958929348509,0.0239702047974052,0.0239828688375187,0.0239956030955047,0.024007085284932,0.0240160934971464,0.0240216024232594,0.0240228640288205,0.0240194664206822,0.0240113663312475,0.0239988926752918,0.0239827208623278,0.0239638198092335,0.0239433757230749,0.0239226985507039,0.023903118379502,0.0238858799123566,0.0238720433556259,0.02386239962031,0.0238574066646097,0.0238571521757832,0.0238613457243827,0.0238693411833466,0.0238801877698333,0.0238927057333101,0.0239055806753556,0.0239174689256145,0.0239271054558984,0.0239334055757002,0.0239355521387039,0.0239330611618318,0.023925820522207,0.02391409860877,0.0238985222772167,0.0238800259751765,0.0238597762522263,0.0238390778505044,0.0238192690280542,0.0238016145861138,0.0237872051931895,0.0237768710212125,0.0237711164909327,0.0237700811782004,0.0237735298123293,0.0237808719767075,0.0237912097833929,0.0238034096177608,0.0238161922021856,0.0238282338462219,0.0238382709311997,0.0238451994705008,0.023848161999495,0.0238466150462704,0.0238403719408193,0.023829617623749,0.0238148942733796,0.0237970588218081,0.0237772156102063,0.0237566293796308,0.023736625357004,0.0237184842507877,0.0237033404271129,0.023692091350274,0.0236853255466262,0.0236832749409951,0.0236857955178839,0.0236923780170501,0.0237021879611433,0.0237141319309503,0.0237269448508708,0.0237392913046252,0.0237498727171696,0.0237575317186904,0.0237613452042,0.0237606985098227,0.0237553346708707,0.0237453747747229,0.0237313077970578,0.0237139508120276,0.023694382885733,0.0236738580949714,0.0236537047812467,0.0236352192174378,0.0236195622525526,0.0236076671896072,0.0236001661814851,0.023597340887943,0.0235991011562898,0.0236049932357021,0.0236142366958387,0.0236257869798561,0.0236384185483829,0.0236508220067968,0.0236617075647584,0.0236699067283797,0.0236744643000198,0.0236747135377889,0.0236703286407214,0.0236613504756118,0.0236481835207917,0.0236315642220203,0.023612503171224,0.023592205560697,0.0235719760766207,0.0235531156462791,0.0235368181455049,0.0235240752438098,0.0235155969918537,0.0235117545668802,0.023512549871288,0.0235176145625816,0.0235262387480972,0.0235374271887861,0.0235499786111726,0.0235625818115801,0.0235739208220422,0.023582780625848,0.0235881448369191,0.0235892773976119,0.0235857816485028,0.0235776319742509,0.0235651754809197,0.0235491036236103,0.0235303961662314,0.0235102421043031,0.0234899440288376,0.0234708137096903,0.0234540673331644,0.0234407287946376,0.0234315487309208,0.0234269456467648,0.0234269736684593,0.023431319306398,0.0234393273047637,0.0234500533770848,0.0234623395417671,0.0234749060385965,0.0234864525576077,0.0234957608364874,0.0235017906220081,0.0235037615361373,0.0235012144906121,0.023494047874087,0.0234825256805995,0.023467256913638,0.0234491478221506,0.0234293306347255,0.0234090742988264,0.0233896841665289,0.0233723984836953,0.0233582898538773,0.0233481795212372,0.0233425713614243,0.0233416109534965,0.023345073144143,0.0233523792575959,0.0233626427245845,0.0233747395916126,0.0233873983210765,0.0233993016823462,0.023409192507643,0.023415974736864,0.0234188015357195,0.0234171433147836,0.0234108301190179,0.0234000649617153,0.0233854070653622,0.023367726439919,0.0233481335659054,0.0233278899591419,0.0233083069123381,0.0232906406164275,0.0232759920956826,0.0232652199355642,0.0232588726884146,0.0232571462095942,0.0232598691481841,0.0232665175629545,0.0232762573374184,0.0232880109048407,0.0233005429257343,0.0233125581229068,0.0233228035767412,0.0233301674795102,0.0233337666582895,0.0233330160694665,0.0233276748700115,0.0233178654759216,0.0233040640963676,0.0232870634334158,0.0232679103983429,0.0232478236506095,0.0232280973623591,0.0232099987256025,0.0231946672625229,0.023183023921956,0.0231756972392898,0.0231729725421032,0.0231747683908065,0.0231806422902366,0.0231898253658643,0.0232012833554371,0.0232137991135744,0.0232260700424935,0.0232368126031976,0.0232448654437548,0.0232492827651261,0.0232494103269872,0.0232449379108309,0.0232359239872189,0.0232227906171336,0.0232062890611884,0.0231874389660301,0.0231674461402347,0.0231476056442977,0.0231291980651244,0.0231133873395536,0.0231011283026148,0.0230930912881752,0.0230896096815471,0.0230906544426171,0.0230958374458169,0.023104443197939,0.0231154862747696,0.0231277898304105,0.0231400789264049,0.023151081318365,0.0231596278031324,0.0231647443014678,0.0231657285167297,0.0231622052151104,0.0231541558271713,0.0231419200509775,0.0231261692965672,0.0231078539887014,0.023088128778292,0.0230682614513234,0.023049532633919,0.0230331341656182,0.0230200741778717,0.0230110964462288,0.0230066205105144,0.0230067074551361,0.0230110542306325,0.0230190171290229,0.0230296626760287,0.0230418419644117,0.0230542825154617,0.0230656902903477,0.0230748536083632,0.0230807405416502,0.0230825818656611,0.0230799328135007,0.023072708616717,0.0230611909693555,0.0230460049414836,0.0230280682877849,0.0230085173419361,0.0229886155728286,0.022969652250847,0.0229528394220335,0.0229392154603539,0.0229295628687402,0.0229243467916321,0.0229236789961764,0.0229273100202449,0.0229346499396462,0.0229448159517675,0.0229567028853846,0.0229690709876755,0.0229806440389331,0.0229902100913915,0.0229967169663969,0.0229993550782585,0.022997621148851,0.0229913578599959,0.0229807663493232,0.0229663905494381,0.0229490745436179,0.0229298962044325,0.0229100822401303,0.0228909112548555,0.0228736124119011,0.0228592676881983,0.0228487254833524,0.0228425325083464,0.0228408894848842,0.0228436343340357,0.0228502543574584,0.0228599265845566,0.0228715831661312,0.022883996636646,0.0228958782201908,0.0229059812586571,0.0229132013876909,0.0229166653196067,0.0229158010033895,0.0229103834520174,0.0229005525290025,0.0228868012938485,0.0228699359188657,0.0228510105045217,0.0228312421487122,0.0228119132031039,0.0227942686473451,0.0227794168486863,0.0227682416311587,0.0227613325989861,0.0227589391409106,0.0227609516177399,0.0227669110596832,0.0227760464436036,0.0227873364605921,0.0227995907923491,0.0228115444348608,0.0228219576429531,0.0228297136786385,0.0228339067484298,0.022833913292027,0.022829441080557,0.0228205523003155,0.022807658806766,0.0227914898810752,0.0227730349488343,0.0227534656722373,0.0227340434569987,0.0227160195947515,0.022700535890796,0.0226885336472069,0.0226806782718669,0.0226773056027328,0.0226783943558861,0.0226835670485839,0.0226921194739045,0.0227030764949941,0.0227152697757965,0.0227274312525452,0.0227382948308147,0.0227466980831054,0.0227516756893335,0.022752537017551,0.0227489215326566,0.0227408275380446,0.0227286119446723,0.0227129611395099,0.0226948353901554,0.0226753913739429,0.0226558891757618,0.0226375913156655,0.0226216619544014,0.022609074347631,0.0226005338956305,0.0225964228297543,0.0225967708003762,0.0226012535349397,0.0226092194968798,0.0226197422794873,0.022631694480949,0.0226438371695639,0.022654917875598,0.0226637694222422,0.022669401878026,0.0226710804750664,0.0226683834417709,0.0226612352556118,0.0226499127148583,0.0226350233217004,0.0226174576113892,0.0225983190915219,0.0225788372152304,0.0225602701646583,0.0225438050616885,0.0225304634822583,0.0225210197974175,0.0225159389105495,0.0225153384673997,0.0225189786952276,0.0225262808309236,0.0225363728004917,0.0225481585976859,0.0225604058592942,0.022571844615719,0.0225812692445958,0.0225876353604676,0.0225901437642629,0.0225883046215747,0.0225819766532504,0.0225713781727396,0.0225570691189248,0.0225399056114013,0.0225209707926775,0.0225014876315449,0.0224827207918038,0.0224658755101838,0.022452001613298,0.0224419103255405,0.0224361104264541,0.0224347687111643,0.0224376977346592,0.0224443716440412,0.0224539686913113,0.0224654369397535,0.0224775778888388,0.0224891413831523,0.0224989243397565,0.0225058655776295,0.0225091293676771,0.0225081712104877,0.0225027807267197,0.022493098313301,0.0224796042456206,0.0224630810361034,0.0224445519316298,0.0224252002938948,0.022406276121643,0.0223889970235785,0.0223744514426864,0.022363511813883,0.0223567646064693,0.02235446291348,0.0223565054983226,0.0223624441243824,0.0223715187312926,0.0223827177618624,0.022394858877225,0.0224066836061245,0.0224169583057754,0.0224245732654053,0.0224286319066185,0.0224285228224647,0.022423968792046,0.0224150487971712,0.022402191289574,0.0223861393172262,0.0223678904134795,0.0223486161934195,0.022329568224005,0.0223119778086017,0.022296957767023,0.0222854140680634,0.0222779743123756,0.0222749386538788,0.02227625691444,0.0222815335432134,0.022290059866331,0.022300870936333,0.0223128223879097,0.0223246811807671,0.0223352230724981,0.0223433291845537,0.022348074130327,0.0223487988517479,0.0223451625054257,0.0223371693608375,0.022325168600245,0.0223098270001416,0.0222920765726612,0.0222730411968064,0.0222539479260315,0.0222360298910107,0.0222204284227166,0.0222081021376074,0.0221997502351489,0.022195756187609,0.0221961564283157,0.022200636682838,0.0222085563868308,0.0222189993678597,0.0222308468228056,0.0222428667808465,0.0222538128646383,0.0222625243703688,0.0222680195504614,0.0222695745155386,0.0222667813353749,0.0222595806190055,0.0222482659506914,0.0222334598715387,0.0222160634260751,0.0221971834410428,0.0221780434927735,0.0221598858067187,0.0221438720179721,0.0221309907548798,0.0221219793945504,0.0221172661411836,0.0221169369050991,0.0221207294556153,0.0221280551477635,0.022138046352797,0.0221496257239149,0.0221615917545081,0.0221727138596578,0.0221818295163002,0.0221879358757701,0.022190268716623,0.0221883625998145,0.0221820875480665,0.0221716593859531,0.0221576229093087,0.0221408091507302,0.0221222700187457,0.0221031953633618,0.0220848189227429,0.0220683205191362,0.0220547322171915,0.0220448559008978,0.0220391988803112,0.022037932762398,0.0220408790066545,0.0220475224690054,0.0220570519850015,0.0220684248447298,0.0220804500535136,0.0220918837171767,0.0221015288670814,0.0221083316384564,0.0221114659814778,0.0221104000075885,0.0221049385787737,0.0220952387014285,0.0220817965175711,0.0220654070074627,0.0220470997401141,0.0220280559485199,0.0220095136997052,0.0219926688491969,0.0219785797471039,0.0219680832932237,0.0219617289689754,0.0219597359903838,0.0219619768480761,0.0219679883795352,0.0219770093330642,0.0219880413131445,0.0219999282023161,0.0220114477596137,0.0220214081903694,0.0220287421285436,0.0220325906994985,0.0220323711224362,0.0220278226014377,0.022019026935899,0.0220064022266965,0.0219906701255737,0.021972799126034,0.0219539282710617,0.0219352772058885,0.0219180496055241,0.0219033375688326,0.0218920345488028,0.0218847637766169,0.0218818279677587,0.0218831844477428,0.0218884478267599,0.0218969201481371,0.0219076462158324,0.0219194897513855,0.0219312243087738,0.0219416316342818,0.0219495995125717,0.0219542111545756,0.0219548188595869,0.0219510959641246,0.0219430628652527,0.0219310850305528,0.0219158432056873,0.0218982783076405,0.0218795155489426,0.021860774000364,0.0218432689357349,0.0218281148326241,0.0218162367942771,0.0218082974255265,0.0218046449007271,0.0218052862193479,0.0218098876090026,0.0218178018787081,0.0218281204168326,0.021839745623126,0.0218514780007778,0.0218621110286033,0.0218705263681963,0.0218757819735475,0.0218771862495343,0.0218743524987074,0.0218672294197428,0.0218561052668678,0.0218415853136371,0.0218245443335893,0.0218060577558913,0.0217873168281396,0.0217695343948797,0.0217538486797839,0.0217412326729775,0.0217324163427397,0.0217278279300613,0.0217275591127813,0.021731356954217,0.0217386434231548,0.0217485610541675,0.0217600411885035,0.0217718893754795,0.0217828810840465,0.0217918599993232,0.0217978309369882,0.0218000398242324,0.0217980342397208,0.0217916995936608,0.0217812680295502,0.021767299369567,0.021750635713729,0.0217323334460281,0.0217135782216542,0.0216955898598684,0.02167952483867,0.0216663842227736,0.0216569343555341,0.0216516465620997,0.0216506605438544,0.021653774225389,0.0216604607008488,0.0216699107866314,0.0216810976920071,0.0216928586212541,0.0217039868429041,0.0217133269902489,0.0217198661420581,0.0217228135859363,0.0217216630608959,0.0217162326406144,0.0217066791485123,0.0216934859594702,0.0216774250967558,0.0216594965273566,0.0216408493457384,0.0216226909758254,0.0216061914971482,0.0215923906316315,0.0215821147726402,0.0215759107011432,0.021574001361749,0.0215762673534704,0.0215822557558221,0.0215912157206501,0.0216021580909143,0.0216139343387063,0.0216253285120544,0.0216351547836782,0.0216423527047952,0.02164607243006,0.0216457429842922,0.0216411180214105,0.0216322953676882,0.0216197087933828,0.0216040927370213,0.0215864229177301,0.0215678377220581,0.02154954678189,0.0215327341527761,0.0215184638875713,0.0215075955544654,0.0215007163935508,0.0214980954170275,0.0214996629599426,0.0215050171401966,0.0215134565583365,0.0215240365217347,0.021535644262263,0.0215470871647504,0.0215571870457418,0.0215648730917278,0.0215692662080134,0.0215697482206934,0.021566010555168,0.0215580785986831,0.0215463098295788,0.0215313658249212,0.0215141602855057,0.0214957870864745,0.0214774339324149,0.0214602883516199,0.021445443413739,0.0214338106360043,0.0214260470330526,0.0214225021927172,0.021423189705905,0.0214277853639189,0.0214356524080599,0.0214458919374413,0.0214574145260382,0.0214690273447387,0.021479529785722,0.021487809861128,0.0214929335587861,0.0214942198931957,0.0214912955473126,0.0214841246689525,0.0214730114263949,0.0214585751650864,0.021441700247296,0.0214234647104085,0.0214050535802568,0.0213876638880837,0.0213724090661276,0.0213602303896865,0.0213518225023473,0.0213475788723201,0.0213475613915178,0.0213514963832326,0.0213587971833109,0.0213686113674139,0.0213798887781474,0.0213914649103789,0.0214021530589007,0.0214108379962112,0.0214165638654571,0.0214186094446225,0.0214165449277018,0.0214102658040559,0.0214000011893198,0.0213862959343582,0.0213699678651334,0.0213520434377785,0.021333676787177,0.0213160584730095,0.0213003210756254,0.0212874490911362,0.0212782002902851,0.0212730448537988,0.0212721272345694,0.0212752539204554,0.0212819082145905,0.0212912909773812,0.0213023841657231,0.0213140321357645,0.021325034201705,0.0213342409896058,0.0213406467793197,0.0213434703289663,0.0213422176064824,0.0213367213335655,0.0213271541500623,0.0213140143689665,0.0212980855334543,0.021280373122049,0.0212620235968959,0.0212442323973759,0.0212281483318429,0.0212147820533388,0.0212049259152204,0.0211990915337116,0.0211974699219809,0.021199917226471,0.0212059670427626,0.0212148681837387,0.0212256447861875,0.0212371739242455,0.021248274572242,0.0212578009170566,0.0212647327173888,0.0212682556635263,0.0212678254846044,0.0212632108184124,0.021254511503752,0.0212421508527998,0.0212268424699487,0.0212095341562338,0.0211913332284908,0.021173419054193,0.0211569496399795,0.0211429696266394,0.0211323269858768,0.0211256050795674,0.0211230755723955,0.0211246760689805,0.0211300143980639,0.0211383993381218,0.0211488954396967,0.0211603976267451,0.0211717196214194,0.0211816890773933,0.0211892417279995,0.0211935069091621,0.0211938775036398,0.0211900586194312,0.0211820910576396,0.0211703476953332,0.0211555031286667,0.0211384791023312,0.0211203702126928,0.0211023559541678,0.021085606252459,0.0210711881073493,0.0210599808176318,0.0210526065065996,0.0210493813853871,0.0210502914986665,0.0210549947317647,0.0210628487740513,0.0210729626936198,0.021084267944141,0.0210956031392898,0.0211058059013246,0.0211138045841811,0.0211187027142,0.0211198495754224,0.0211168914485317,0.0211097995135477,0.021098872231744,0.0210847119935687,0.0210681778092668,0.021050317682431,0.0210322859065853,0.0210152517363272,0.0210003066051014,0.0209883772251992,0.0209801514919678,0.0209760231504424,0.0209760597375077,0.0209799964903368,0.0209872568478432,0.0209969980287424,0.0210081781247388,0.0210196393745791,0.0210302009369199,0.0210387536735166,0.0210443492609291,0.0210462763903255,0.0210441178588367,0.0210377839173237,0.0210275191868101,0.0210138826239528,0.0209977022207518,0.0209800081792814,0.02096195003642,0.020944704484169,0.0209293813383145,0.020916935202296,0.0209080898568001,0.0209032813300511,0.0209026240646767,0.0209059027260059,0.0209125901489234,0.0209218898609651,0.0209327997072252,0.0209441914811234,0.0209549002528756,0.0209638163715124,0.020969972945463,0.0209726219867872,0.0209712932996357,0.0209658315335704,0.020956408507666,0.0209435098196044,0.0209278967445424,0.0209105463508932,0.0208925744667778,0.0208751474907539,0.0208593899486435,0.0208462950808221,0.0208366455618626,0.0208309507084218,0.0208294052686748,0.0208318732004431,0.0208378978664129,0.0208467379591223,0.020857426384527,0.0208688474510426,0.0208798261909642,0.02088922261775,0.020896023288815,0.0208994227404845,0.0208988881751178,0.0208942021440871,0.020885479771958,0.0208731591562624,0.020857965775784,0.0208408538603053,0.0208229295374029,0.0208053620249995,0.0207892900673429,0.0207757311469504,0.0207655007254985,0.0207591479034793,0.0207569125224456,0.020758706985494,0.0207641240883523,0.0207724700949,0.0207828203171821,0.0207940927211659,0.0208051337056631,0.0208148092925128,0.0208220945833796,0.0208261545039797,0.0208264095523753,0.0208225814390021,0.0208147150635465,0.0208031751009589,0.0207886174298491,0.0207719375860207,0.02075420021723,0.0207365550162642,0.0207201456997379,0.0207060191888584,0.0206950421823472,0.0206878317803795,0.0206847057553356,0.0206856565446551,0.020690351174501,0.020698157253466,0.0207081930691405,0.0207193978521228,0.0207306166087506,0.0207406927072014,0.0207485607374623,0.0207533321145707,0.0207543664669452,0.0207513230048769,0.0207441877028776,0.0207332741143972,0.0207191977989987,0.0207028264974235,0.0206852101585646,0.020667496540881,0.0206508392471074,0.0206363056160395,0.0206247918506742,0.0206169521225998,0.0206131472205567,0.0206134167095705,0.0206174766698209,0.0206247430464086,0.0206343786260975,0.0206453598223444,0.0206565579341121,0.0206668284556673,0.0206751014276129,0.0206804657708321,0.0206822410340352,0.0206800309734546,0.0206737547944996,0.0206636536127725,0.0206502716058728,0.0206344132855206,0.0206170801768351,0.0205993918091353,0.0205824971753567,0.0205674836034821,0.0205552902347283,0.0205466329918909,0.0205419470632358,0.0205413515813913,0.0205446394402559,0.0205512931972363,0.0205605259101037,0.0205713437299261,0.020582625284783,0.0205932114950328,0.0206019985795527,0.0206080267212262,0.0206105571895717,0.0206091316477768,0.0206036088265559,0.0205941756048895,0.0205813316377394,0.0205658488339931,0.0205487090331613,0.0205310249885528,0.020513951093636,0.0204985910788261,0.0204859100981177,0.020476658212425,0.0204713113056611,0.0204700340302269,0.0204726675927411,0.0204787432037848,0.0204875199864088,0.0204980442281212,0.0205092252174562,0.0205199216495488,0.0205290318017431,0.0205355804214565,0.0205387955495583,0.0205381693005907,0.0205334978735414,0.0205248976756353,0.0205127962844181,0.0204978989151804,0.0204811329613548,0.0204635748938447,0.0204463652067044,0.0204306180660297,0.0204173327752788,0.0204073140746039,0.0204011076469015,0.0203989560493516,0.0204007787032357,0.0204061776725098,0.0204144688935132,0.0204247364565962,0.020435905658031,0.0204468289927976,0.020456378173899,0.020463534736938,0.0204674718742167,0.0204676208429334,0.0204637165510998,0.0204558186327783,0.020444306333255,0.0204298476661462,0.0204133454019366,0.0203958643269998,0.0203785457150997,0.0203625159538353,0.0203487966894136,0.0203382236724583,0.0203313807334431,0.0203285540591185,0.0203297102861457,0.0203345000105246,0.0203422862891936,0.0203521957480546,0.0203631881619731,0.0203741389657248,0.0203839281875597,0.0203915288334155,0.0203960878203297,0.0203969931549534,0.0203939221305624,0.0203868667898919,0.0203761346589017,0.0203623246664835,0.0203462800862203,0.0203290221265448,0.0203116693202812,0.0202953490047773,0.0202811078459479,0.0202698284838778,0.0202621589451078,0.0202584605028968,0.0202587782404993,0.0202628367902016,0.0202700617190767,0.0202796249675594,0.0202905107866602,0.0203015969292467,0.0203117445776472,0.020319889747073,0.0203251287580573,0.0203267908361944,0.0203244919377901,0.020318165432183,0.0203080671689808,0.0202947545605558,0.020279041435939,0.0202619323903966,0.0202445420023111,0.020228005484242,0.020213387986525,0.0202015998315836,0.0201933244261749,0.0201889645277399,0.0201886110273535,0.0201920365881779,0.0201987144968628,0.020207861103198,0.0202184983906361,0.0202295316730546,0.0202398362655389,0.020248346313066,0.0202541388272113,0.020256506381313,0.0202550128117148,0.0202495275943033,0.0202402362119562,0.0202276256797476,0.0202124463165491,0.020195652701098,0.0201783283856277,0.0201616002321797,0.0201465490827458,0.0201341238055073,0.0201250655444456,0.0201198482457741,0.0201186402889393,0.0201212904008126,0.0201273391053934,0.0201360549122311,0.020146492441926,0.0201575678912528,0.0201681458027602,0.0201771301488179,0.0201835523561532,0.0201866491237724,0.020185923709751,0.0201811857109607,0.0201725661199855,0.0201605064681826,0.020145722984718,0.0201291487396425,0.0201118585211304,0.0200949825730231,0.0200796161790978,0.0200667323647375,0.020057104682914,0.0200512461918137,0.0200493693909235,0.0200513701745744,0.0200568369317966,0.0200650839293258,0.0200752062184789,0.0200861516482135,0.0200968042648328,0.0201060725263927,0.0201129754183155,0.0201167197485035,0.0201167626056902,0.0201128541247622,0.0201050572274101,0.0200937427830161,0.0200795605337996,0.0200633880095086,0.020046261377835,0.0200292936044538,0.0200135863193024,0.0200001423207244,0.0199897856481218,0.0199830956072744,0.0199803600733547,0.0199815519002054,0.0199863304435178,0.0199940682015228,0.0200039005487712,0.0200147946529464,0.020025632080516,0.0200352984517237,0.0200427729008748,0.0200472100884946,0.0200480081021926,0.0200448567274202,0.0200377621743867,0.0200270462785835,0.0200133202847728,0.0199974353993449,0.0199804141793894,0.0199633683639534,0.0199474098199054,0.0199335617878459,0.019922677536282,0.0199153728807817,0.0199119778632936,0.0199125113190945,0.0199166802157001,0.0199239036776626,0.0199333596695163,0.0199440505482237,0.0199548822514482,0.0199647508634318,0.0199726297646741,0.0199776505569592,0.0199791714584789,0.0199768278464372,0.0199705610119817,0.0199606228784681,0.0199475562909835,0.0199321523752175,0.0199153882486837,0.0198983499132888,0.019882146343958,0.0198678215153721,0.0198562713149669,0.0198481719536956,0.0198439256260907,0.0198436278450873,0.0198470591788055,0.0198537021751218,0.0198627822318446,0.0198733292245257,0.0198842550019324,0.0198944405421235,0.0199028257420503,0.0199084945665805,0.0199107486394679,0.0199091632945448,0.0199036215402726,0.0198943232001251,0.0198817685221234,0.0198667176361072,0.0198501292045289,0.0198330832951661,0.0198166947584326,0.0198020241161116,0.019789993114085,0.0197813116617759,0.0197764219209525,0.0197754638973524,0.0197782651448828,0.0197843552587418,0.0197930038721245,0.0198032790391875,0.0198141213219919,0.0198244277105452,0.0198331387741172,0.0198393222203412,0.0198422463424397,0.0198414376379756,0.0198367181184853,0.0198282194010641,0.0198163724638168,0.019801873827786,0.0197856307606789,0.0197686897426489,0.0197521537623179,0.0197370949165948,0.0197244691978274,0.0197150402290869,0.0197093180527749,0.0197075179287882,0.0197095425376833,0.0197149891316764,0.0197231811791951,0.0197332220684324,0.0197440666329481,0.0197546047878884,0.0197637505468896,0.019770529219642,0.0197741557146469,0.0197740975842039,0.0197701176907533,0.0197622930414322,0.0197510082907632,0.019736924484938,0.0197209256400114,0.0197040475409848,0.0196873945710918,0.0196720513156561,0.0196589960609507,0.0196490231021172,0.0196426800124957,0.019640224782143,0.0196416061146617,0.0196464683124163,0.0196541802290751,0.019663885879462,0.0196745726177262,0.0196851514539739,0.019694543172797,0.0197017635032849,0.0197060006916644,0.0197066794338541,0.0197035061911258,0.019696492358059,0.0196859534668117,0.019672484463972,0.0196569129480981,0.0196402339730637,0.0196235314775198,0.0196078924791516,0.0195943207811031,0.0195836570199091,0.0195765114278193,0.0195732147199986,0.0195737911178396,0.019577955783843,0.0195851369998766,0.0195945214228922,0.019605118868371,0.0196158414635867,0.019625590817367,0.0196333461716798,0.0196382463929523,0.0196396591430569,0.0196372316073894,0.0196309186657403,0.0196209862414806,0.0196079895975038,0.0195927283923618,0.0195761821973171,0.0195594317482251,0.0195435723342922,0.0195296263185954,0.0195184618025436,0.0195107238987707,0.019506784019438,0.019506711110673,0.0195102669904315,0.0195169260217707,0.0195259174341749,0.0195362868445743,0.0195469720591437,0.019556887160067,0.0195650082709342,0.0195704542920977,0.019572556309513,0.0195709102743192,0.0195654088540888,0.0195562499688147,0.0195439213245611,0.0195291621141681,0.01951290483108,0.0194962017047688,0.0194801414915044,0.0194657631437162,0.019453973169202,0.0194454732490617,0.0194407039204539,0.0194398088966341,0.0194426229818482,0.0194486846666951,0.0194572725097478,0.0194674624836293,0.0194782017460847,0.0194883929334092,0.0194969821843156,0.0195030437687861,0.0195058544525739,0.0195049515553379,0.0195001699897686,0.0194916552891187,0.0194798515973418,0.0194654656441637,0.0194494096837635,0.019432728075597,0.0194165134887242,0.0194018195132077,0.0193895767046276,0.0193805187594745,0.0193751246555646,0.0193735812710886,0.0193757693321317,0.0193812736693383,0.019389416840449,0.0193993133479711,0.0194099400908625,0.0194202174539524,0.019429094646649,0.0194356326059407,0.0194390779939934,0.0194389225282244,0.0194349430267569,0.0194272190474454,0.0194161267307926,0.0194023092963771,0.0193866264532672,0.0193700866336359,0.0193537673196574,0.0193387296976035,0.019325934357852,0.0193161647207126,0.0193099643036405,0.0193075928934759,0.0193090052215813,0.0193138539664845,0.0193215169636709,0.0193311465433012,0.0193417371090429,0.0193522055679266,0.0193614781485367,0.0193685765948828,0.0193726967470745,0.0193732731232608,0.0193700242549725,0.0193629751043603,0.0193524547706656,0.0193390697146141,0.0193236547248062,0.0193072056549291,0.0192907994247921,0.0192755077797742,0.0192623117630418,0.0192520237440494,0.0192452231869751,0.0192422111977233,0.0192429873554957,0.0192472505404849,0.0192544235590046,0.0192636994959152,0.0192741060386674,0.0192845826430693,0.0192940644451832,0.0193015663325422,0.0193062606038079,0.0193075421650176,0.0193050761896022,0.0192988245313985,0.0192890488216824,0.0192762899823788,0.0192613257161137,0.0192451092524234,0.0192286941052151,0.0192131507136282,0.0191994815085055,0.019188541114561,0.0191809680434978,0.0191771333717742,0.0191771105851257,0.0191806691077969,0.0191872921493641,0.0191962175479431,0.0192064984225101,0.0192170788209677,0.0192268783013105,0.0192348786222329,0.0192402055196145,0.0192421989287731,0.0192404659483753,0.0192349122509804,0.0192257494091088,0.0192134775772561,0.0191988449838572,0.0191827875728886,0.0191663537344116,0.0191506202460377,0.0191366062203655,0.0191251919677314,0.0191170492368633,0.0191125883327494,0.0191119262192324,0.0191148780145627,0.019120972421567,0.0191294897478629,0.0191395194100622,0.019150032313164,0.0191599623655461,0.0191682907136316,0.0191741261027517,0.0191767750974737,0.0191757966959901,0.0191710370874491,0.0191626418382405,0.0191510445384078,0.0191369327615733,0.0191211939548144,0.0191048454471632,0.0190889540272511,0.0190745513908581,0.0190625521244199,0.0190536807347775,0.0190484135648214,0.0190469402961653,0.0190491482155888,0.0190546306233773,0.0190627188268738,0.019072535249079,0.0190830634521455,0.0190932294778846,0.0191019879606168,0.0191084060519477,0.0191117383511889,0.0191114867528904,0.019107440349882,0.0190996921638711,0.0190886313753054,0.0190749117277054,0.019059398721641,0.0190430999299395,0.0190270841166452,0.0190123957159607,0.0189999715555932,0.0189905664748948,0.0189846937237275,0.0189825848042516,0.0189841718372472,0.0189890937252075,0.0189967254936903,0.0190062283742249,0.0190166165889441,0.0190268355256967,0.0190358451396479,0.0190427020406475,0.0190466338519133,0.0190471000452726,0.0190438345205878,0.0190368666153981,0.0190265188954603,0.0190133818673535,0.0189982675438328,0.018982145448866,0.0189660660406976,0.018951077542502,0.0189381427187658,0.0189280621790349,0.0189214103235588,0.0189184890941115,0.0189193033174637,0.018923559726693,0.0189306898518102,0.0189398950440071,0.0189502100978404,0.0189605804093105,0.0189699464796243,0.0189773289432081,0.0189819072270227,0.0189830854511541,0.0189805402181003,0.0189742464196772,0.0189644789893018,0.0189517904940633,0.0189369664331355,0.0189209619211112,0.0189048249324218,0.018889612341842,0.0188763055350242,0.0188657323488234,0.0188585015448428,0.0188549549717396,0.0188551411213951,0.0188588120538033,0.0188654438011024,0.0188742785143815,0.0188843849294086,0.0188947323224184,0.0189042721055285,0.0189120206474448,0.0189171368392382,0.0189189883575682,0.0189172014694968,0.0189116905022476,0.0189026646725704,0.018890611719686,0.018876259584459,0.0188605190890468,0.0188444120634537,0.0188289905228904,0.0188152532330447,0.0188040662488633,0.018796093748104,0.018791744712493,0.0187911397874768,0.0187941010687615,0.0188001657443324,0.0188086226086402,0.0188185686127653,0.0188289809711591,0.0188387990520088,0.0188470094504016,0.0188527273582621,0.0188552676295577,0.0188541997700833,0.0188493823892661,0.0188409743300652,0.0188294216036347,0.0188154212362835,0.0187998650168363,0.0187837677531439,0.0187681858754678,0.0187541329681902,0.0187424990168567,0.0187339798133286,0.0187290220997492,0.0187277887288017,0.0187301464886718,0.0187356774260523,0.0187437126460312,0.0187533858150562,0.0187637020719192,0.0187736168749756,0.0187821185706457,0.0187883082121127,0.0187914704001287,0.018791129632496,0.0187870877767367,0.0187794397394532,0.0187685660915949,0.0187551031963864,0.018739893138115,0.0187239173290048,0.0187082189583877,0.0186938203478366,0.0186816417173804,0.0186724278073801,0.0186666882281087,0.0186646563580195,0.018666270161753,0.0186711765663398,0.0186787591560299,0.0186881870681419,0.0186984812420649,0.0187085927362643,0.0187174868130007,0.0187242259926053,0.0187280453445952,0.0187284139047839,0.0187250772329508,0.0187180776635323,0.0187077506277684,0.018694697386635,0.0186797364403608,0.0186638376065899,0.0186480441434535,0.0186333892290765,0.0186208135261582,0.0186110904296001,0.0186047649301405,0.0186021108885423,0.018603110006736,0.0186074540362792,0.0186145699228393,0.0186236657889799,0.0186337940402554,0.0186439265637477,0.0186530360747813,0.0186601772233706,0.018664561122751,0.0186656174948547,0.0186630395966363,0.0186568084251436,0.0186471943017216,0.0186347356876434,0.0186201968513407,0.0186045076563386,0.0185886901447766,0.0185737776476596,0.0185607327754103,0.0185503707747529,0.0185432943599116,0.0185398452588368,0.0185400764215545,0.0185437472152121,0.0185503421032902,0.0185591114179921,0.0185691310376212,0.0185793762258765,0.0185888037116044,0.0185964353884819,0.0186014368573356,0.0186031844364038,0.0186013151966887,0.0185957559646405,0.018586728956428,0.0185747336211278,0.0185605062128528,0.018544960421452,0.0185291139172097,0.0185140067811605,0.0185006184102667,0.0184897895623993,0.0184821557438728,0.0184780971889559,0.0184777093194196,0.0184807959154343,0.0184868854127041,0.0184952689132123,0.0185050568044179,0.0185152494528214,0.0185248163737726,0.0185327776521728,0.0185382812404488,0.0185406701006456,0.0185395339601939,0.0185347416521416,0.0185264515159871,0.018515099030493,0.0185013626107724,0.0184861102002433,0.0184703307961989,0.0184550562471829,0.0184412794531356,0.0184298754190034,0.0184215314297547,0.01841669193789,0.0184155226282061,0.0184178966285066,0.0184234040812567,0.0184313844183057,0.018440978840984,0.0184511988540316,0.0184610053737964,0.0184693920433259,0.018475466018269,0.0184785196729047,0.0184780874032259,0.0184739829155026,0.018466313984213,0.018455473509157,0.0184421076411234,0.0184270636133697,0.0184113215553011,0.0183959158414493,0.0183818523429704,0.0183700282394236,0.0183611607965527,0.0183557307479541,0.0183539447057172,0.0183557194749206,0.018360689391105,0.0183682359788948,0.0183775374836157,0.0183876342879851,0.018397505009703,0.0184061472745619,0.0184126568297692,0.0184162988204109,0.0184165656783348,0.0184132171170567,0.0184062991119356,0.0183961403706776,0.0183833265436839,0.0183686541538795,0.018353067809682,0.0183375855830064,0.0183232183857296,0.018310889685997,0.0183013619231098,0.018295175495744,0.0182926052427378,0.0182936379772526,0.0182979729758431,0.0183050454924002,0.0183140715095934,0.0183241102100903,0.018334139191894,0.0183431363901857,0.0183501620935502,0.0183544344088131,0.0183553920456003,0.0183527393208739,0.0183464697388183,0.0183368662567642,0.0183244782530584,0.0183100771100014,0.0182945940592672,0.0182790453655127,0.0182644509255926,0.0182517528526662,0.0182417405636964,0.0182349883142481,0.018231810085992,0.018232235319284,0.0182360073067234,0.0182426042556501,0.0182512812359951,0.0182611296019823,0.0182711491387288,0.0182803272308176,0.0182877188383119,0.0182925210270216,0.0182941362374604,0.0182922193612425,0.0182867049569905,0.0182778124795856,0.0182660290969196,0.018252071401913,0.0182368289698581,0.0182212941401472,0.0182064835037949,0.0181933572610953,0.0181827428183982,0.0181752687000417,0.0181713140790378,0.0181709780295531,0.018174071059915,0.0181801297132112,0.0181884531666982,0.0181981589756174,0.0182082535400875,0.0182177116552615,0.0182255587372907,0.0182309490709826,0.0182332337282702,0.0182320126400336,0.0182271665979345,0.0182188666062806,0.0182075598570167,0.0181939335088812,0.0181788592561049,0.0181633232224691,0.0181483468840486,0.0181349054150232,0.0181238500151523,0.0181158404100543,0.0181112928542614,0.018110347688451,0.0181128589159125,0.0181184065013698,0.0181263303003058,0.0181357828387581,0.0181457967089957,0.0181553612327683,0.0181635023522523,0.0181693594880917,0.0181722533652303,0.0181717395246657,0.018167643354918,0.0181600739074685,0.0181494154012633,0.0181362970512305,0.0181215435431196,0.0181061099920764,0.0180910064490397,0.0180772178635366,0.0180656258064735,0.0180569381638004,0.0180516324272115,0.0180499171671144,0.0180517148526573,0.0180566674949792,0.0180641647666632,0.0180733924372893,0.0180833973073578,0.0180931634584962,0.0181016936873129,0.0181080895405338,0.0181116234633912,0.0181117972053399,0.0181083817437811,0.0181014354949533,0.0180912993570231,0.0180785690256755,0.0180640468764898,0.0180486773632825,0.0180334711993785,0.0180194244648007,0.0180074391519474,0.0179982515028794,0.017992373821775,0.0179900543256199,0.0179912581219881,0.0179956707014,0.0180027235443375,0.0180116397109253,0.0180214957346354,0.0180312948928764,0.0180400460678426,0.0180468420040507,0.0180509308428503,0.0180517753579073,0.0180490952818365,0.0180428894264284,0.0180334358602384,0.0180212701044591,0.0180071430155712,0.0179919616108118,0.0179767174364923,0.0179624080752381,0.0179499579588547,0.0179401447505251,0.0179335371666657,0.0179304492440415,0.0179309147813437,0.0179346840946442,0.0179412434500042,0.0179498557152163,0.0179596190503036,0.0179695389728877,0.0179786080174492,0.0179858865594054,0.017990578257894,0.0179920939971048,0.0179900991374378,0.017984540246736,0.0179756491579489,0.017963924055349,0.0179500891698154,0.0179350364023736,0.0179197536467978,0.0179052456306792,0.0178924536622472,0.0178821807185825,0.0178750278389832,0.0178713468367759,0.0178712129987614,0.0178744198225946,0.0178804960859995,0.0178887437862694,0.0178982938648722,0.0179081752604973,0.017917391818408,0.0179250010019943,0.017930188243746,0.0179323311368072,0.0179310484697574,0.0179262302846047,0.0179180466062994,0.0179069341439747,0.0178935619741303,0.0178787788524212,0.0178635462395184,0.0178488622605024,0.017835682559101,0.017824844293669,0.0178169993177276,0.0178125619004526,0.0178116752215277,0.0178141994062268,0.0178197221630792,0.0178275912779313,0.0178369664470472,0.0178468863456872,0.017856345565607,0.0178643752266115,0.0178701207456995,0.0178729104603107,0.0178723095346247,0.017868154773179,0.0178605675272518,0.0178499436744468,0.0178369215266911,0.0178223303174518,0.0178071234864287,0.0177923021922524,0.017778835243176,0.01776758188392,0.0177592236005405,0.0177542103365053,0.0177527253232916,0.017754671218108,0.0177596785324633,0.0177671355662604,0.0177762373756438,0.0177860498317989,0.0177955836810198,0.0178038727709856,0.0178100503118516,0.0178134172129674,0.0178134971649563,0.0178100741753274,0.0178032096315054,0.0177932375508232,0.0177807383634154,0.017766493239027,0.0177514224908566,0.0177365128512155,0.0177227393119259,0.0177109876813649,0.0177019839911647,0.0176962363870751,0.0176939941917367,0.0176952274950609,0.0176996290073926,0.0177066381292443,0.0177154853967521,0.0177252538041134,0.0177349521185486,0.0177435943035722,0.0177502786396459,0.0177542601299201,0.0177550103113955,0.0177522596162105,0.0177460188551317,0.0177365781030904,0.0177244831121789,0.0177104912086717,0.0176955102948534,0.0176805259334956,0.01766652243028,0.0176544042751846,0.0176449242303334,0.017638623774003,0.0176357905810657,0.0176364363271045,0.0176402964639868,0.0176468518651134,0.0176553705197446,0.0176649658993411,0.017674667339729,0.0176834968739139,0.0176905464772314,0.017695049681565,0.0176964419736151,0.0176944052739678,0.0176888930303361,0.0176801339585098,0.0176686141180104,0.0176550386922407,0.0176402764263025,0.0176252910382393,0.017611064957337,0.0175985213757402,0.0175884507729044,0.0175814477633533,0.017577863341099,0.017577776403243,0.0175809869211653,0.0175870314085258,0.0175952195457235,0.0176046891035019,0.0176144748064755,0.0176235856194323,0.0176310842278337,0.0176361622822639,0.0176382053044625,0.0176368419854906,0.017631973877608,0.017623783085588,0.0176127173643237,0.0175994538741921,0.0175848445786517,0.0175698477473147,0.0175554511325144,0.017542593029287,0.017532087558192,0.0175245601234372,0.0175203981370532,0.0175197208434711,0.0175223705347787,0.0175279257395827,0.0175357352322168,0.0175449700803412,0.0175546895551249,0.0175639156740152,0.0175717105057381,0.0175772501816735,0.0175798898355368,0.0175792144112081,0.0175750713811827,0.0175675828211621,0.0175571358834282,0.0175443523842692,0.017530039845672,0.0175151277866414,0.0175005942310424,0.0174873881917447,0.0174763542396949,0.0174681651410343,0.0174632679503735,0.0174618479213443,0.0174638132067794,0.0174688016740557,0.0174762093881462,0.0174852385625641,0.0174949611913132,0.017504393283364,0.0175125737325032,0.0175186414494107,0.0175219045024604,0.0175218956543252,0.0175184097894465,0.0175115202070653,0.0175015724811915,0.0174891564206871,0.0174750584478865,0.0174601983013839,0.0174455552226081,0.0174320896043021,0.017420666403511,0.0174119864368767,0.017406531003776,0.0174045241800391,0.0174059156833654,0.0174103855538527,0.0174173701598002,0.0174261073694703,0.0174356972483054,0.017445173453436,0.0174535796887833,0.0174600452157662,0.0174638535137501,0.0174644987378838,0.0174617255801768,0.0174555494265709,0.0174462552248487,0.0174343751265793,0.0174206466181651,0.0174059543827407,0.0173912604161371,0.0173775278584095,0.0173656445265085,0.0173563521992614,0.0173501872968946,0.0173474377334292,0.0173481194621977,0.017351974681496,0.0173584919431892,0.017366946647641,0.0173764587520146,0.017386063101483,0.0173947867385021,0.017401726951055,0.0174061237415992,0.0174074208406295,0.0174053103146002,0.0173997571524199,0.0173910018507692,0.0173795408201431,0.017366086246124,0.0173515087072952,0.0173367672339633,0.017322832481614,0.0173106092159632,0.0173008643241718,0.0172941660807164,0.0172908394515147,0.0172909409011467,0.0172942545917746,0.017300310158999,0.0173084205525948,0.017317736867876,0.0173273157842435,0.0173361942699786,0.0173434656763018,0.0173483512636771,0.0173502615789191,0.017348842900961,0.0173440051353663,0.0173359289760413,0.0173250517586534,0.0173120330826462,0.0172977028535456,0.0172829957768666,0.0172688774142094,0.0172562676042169,0.0172459672954035,0.017238594607884,0.0172345352486303,0.0172339112993219,0.0172365709587424,0.0172421001616205,0.0172498552419901,0.0172590141029926,0.0172686418391257,0.0172777655605232,0.0172854523951299,0.0172908843623553,0.0172934240483919,0.0172926657525939,0.017288467956433,0.0172809644931143,0.0172705535384759,0.0172578653553844,0.017243711452021,0.0172290193145574,0.0172147580234665,0.0172018607686599,0.0171911504899157,0.0171832745753459,0.0171786537823764,0.0171774493712438,0.0171795509610207,0.0171845859570874,0.0171919496919545,0.0172008538021178,0.0172103889542502,0.017219596938196,0.0172275464420399,0.0172334065658072,0.0172365123302459,0.0172364170751314,0.0172329276656805,0.0172261197585424,0.0172163319224406,0.0172041390483006,0.0171903070953221,0.017175732679442,0.0171613722076368,0.0171481661039803,0.0171369640938558,0.0171284574709088,0.0171231237601343,0.0171211882418934,0.0171226054864994,0.0171270624699976,0.0171340031216991,0.017142672426812,0.0171521766121736,0.0171615546146095,0.0171698550878112,0.0171762127299473,0.0171799177518878,0.0171804728517343,0.0171776330718208,0.0171714253094309,0.0171621459180463,0.0171503366302225,0.017136740800602,0.017122243558583,0.017107800746119,0.0170943623977135,0.0170827969287639,0.0170738221031311,0.0170679482620182,0.017065438270362,0.0170662872685386,0.0170702237247791,0.0170767315947151,0.0170850917378696,0.0170944392424434,0.0171038320849048,0.0171123256936858,0.0171190475575426,0.0171232660433601,0.0171244480563027,0.0171223010496423,0.0171167961078156,0.0171081702937403,0.0170969080586949,0.0170837031378883,0.0170694038756846,0.0170549462282708,0.0170412796782628,0.0170292918840338,0.0170197380227452,0.0170131804526909,0.0170099435395403,0.0170100873195185,0.0170134021964787,0.017019425199462,0.0170274765928965,0.0170367139758142,0.0170461995701853,0.0170549753053572,0.0170621396488012,0.017066919969541,0.0170687345669474,0.017067239329842,0.0170623552428198,0.0170542745235041,0.0170434449226439,0.0170305335005579,0.0170163728594613,0.0170018942242185,0.0169880528083875,0.0169757514942016,0.0169657689507983,0.0169586979142894,0.0169548984971981,0.0169544701602033,0.0169572444700167,0.0169627991072184,0.0169704919099538,0.0169795121747287,0.016988945103752,0.0169978442878804,0.017005306516968,0.0170105430558074,0.0170129418204358,0.0170121156097159,0.0170079326340981,0.0170005269555133,0.0169902880077974,0.0169778299901282,0.0169639434938765,0.0169495331161632,0.0169355459242159,0.0169228963769582,0.0169123936236117,0.0169046769522682,0.016900164556832,0.0168990197677837,0.016901137526555,0.0169061522805326,0.0169134667620089,0.0169222994263525,0.0169317468001731,0.0169408557583718,0.0169486999167787,0.016954453968947,0.0169574599446166,0.0169572800132491,0.0169537315478938,0.016946901613613,0.0169371397294327,0.0169250295291811,0.0169113416630665,0.0168969717955257,0.0168828687441606,0.016869958575701,0.0168590707675764,0.0168508723365931,0.0168458151523426,0.0168441005575664,0.0168456640093219,0.0168501808511975,0.0168570926540426,0.0168656519493123,0.016874981749872,0.0168841451188384,0.016892219292872,0.0168983685429875,0.0169019100791843,0.0169023678602157,0.0168995101144633,0.0168933676429219,0.0168842314657729,0.0168726299759381,0.0168592873547502,0.0168450664679064,0.0168309006849366,0.0168177199569366,0.0168063769703484,0.0167975792240733,0.0167918324457181,0.0167893999005791,0.0167902809161427,0.0167942104347194,0.016800679730518,0.0168089767181065,0.0168182426811469,0.0168275409013503,0.0168359316819402,0.0168425477189538,0.0168466637229921,0.0168477546431912,0.0168455377643397,0.0168399952648423,0.0168313754252894,0.0168201724250222,0.0168070864075924,0.0167929670918153,0.0167787455251394,0.0167653595144586,0.0167536787503934,0.0167444356269394,0.016738167256292,0.0167351732393115,0.0167354924613964,0.0167389006512772,0.0167449287894243,0.0167529008117275,0.0167619875494101,0.0167712725933237,0.0167798248653006,0.0167867721868605,0.0167913700870267,0.0167930604821956,0.0167915156572235,0.0167866641178098,0.0167786962873879,0.0167680495844685,0.0167553740204825,0.0167414809791321,0.0167272791580845,0.0167137026722628,0.0167016369581909,0.0166918483289131,0.016684922784102,0.0166812189874862,0.0166808392290542,0.0166836207756428,0.0166891483933849,0.0166967871288928,0.0167057327979169,0.0167150761822969,0.0167238757996336,0.0167312333858269,0.016736365985958,0.0167386688090357,0.0167377637467826,0.0167335296236439,0.0167261117372756,0.0167159099416127,0.0167035462761132,0.0166898148074582,0.0166756177848889,0.0166618932995461,0.0166495402953671,0.0166393469549895,0.0166319281710246,0.0166276770439515,0.0166267341923136,0.0166289772174347,0.0166340310515469,0.0166412982648257,0.0166500068439207,0.0166592716038016,0.0166681643568862,0.0166757873107441,0.0166813439404929,0.0166842017968946,0.0166839423496357,0.0166803939797103,0.0166736455466289,0.0166640394627065,0.0166521447930419,0.016638712449756,0.0166246159502793,0.0166107823558292,0.0165981188037721,0.0165874404257382,0.0165794053670735,0.0165744620964036,0.0165728132552747,0.016574399013704,0.0165789013595382,0.0165857690748166,0.0165942614776344,0.0166035074761389,0.0166125752224048,0.0166205467726802,0.016626591729954,0.016630033905121,0.0166304055867974,0.0166274850156377,0.0166213140322638,0.0166121944897743,0.01660066375484,0.0165874513226029,0.0165734201003608,0.0165594971454934,0.0165465994710901,0.0165355608934007,0.0165270657682015,0.0165215948703496,0.0165193876660236,0.0165204238929983,0.0165244258090288,0.0165308808205662,0.0165390826006352,0.0165481873719855,0.0165572808732143,0.0165654507201163,0.0165718584775513,0.0165758057989696,0.0165767894693409,0.0165745410627536,0.0165690481255791,0.0165605552259253,0.0165495447659034,0.0165366990239771,0.0165228463636413,0.0165088957958487,0.0164957650140292,0.0164843075575422,0.0164752448603283,0.0164691085953843,0.0164661979507691,0.0164665553186413,0.0164699624291337,0.0164759573307529,0.0164838709418494,0.0164928803105121,0.0165020743518861,0.0165105267961516,0.0165173704679943,0.0165218668874206,0.0165234655482104,0.016521848064773,0.0165169536107895,0.0165089836013077,0.0164983852668588,0.0164858154908345,0.0164720878833381,0.0164581074118468,0.0164447978931418,0.0164330281971435,0.016423543082532,0.0164169041735507,0.0164134457344607,0.0164132486793641,0.0164161347780391,0.0164216814082043,0.0164292555880606,0.0164380645209738,0.0164472186083337,0.0164558019338383,0.0164629446657473,0.0164678917022141,0.0164700622004923,0.0164690953522551,0.0164648788375087,0.0164575577306833,0.0164475231468402,0.0164353814900866,0.0164219066791942,0.0164079790606297,0.0163945157747591,0.016382398035574,0.0163724010605604,0.0163651322167866,0.0163609823369057,0.0163600941457137,0.0163623503993966,0.0163673827781502,0.0163746009109872,0.0163832392827501,0.0163924183121691,0.0164012147196976,0.0164087355255752,0.0164141897005187,0.0164169516641622,0.0164166114794456,0.0164130076723679,0.0164062400257707,0.0163966613330707,0.016384848814982,0.0163715575559006,0.0163576597698765,0.0163440748385397,0.016331695782711,0.0163213180800452,0.0163135765099823,0.0163088950230738,0.0163074535571731,0.0163091743486044,0.016313728723856,0.016320563731925,0.0163289464191991,0.016338022180156,0.0163468825413308,0.0163546370297358,0.0163604834869025,0.0163637713323495,0.0163640528416147,0.016361118440761,0.0163550132610075,0.0163460336507542,0.0163347038979578,0.0163217349553133,0.0163079683668073,0.0162943097604349,0.0162816571096963,0.0162708294093966,0.0162625014181906,0.0162571496801902,0.0162550141760037,0.016256078733613,0.0162600718481719,0.0162664879349721,0.0162746273983772,0.0162836523703565,0.0162926536807703,0.0163007236818713,0.016307029049003,0.0163108776647363,0.0163117741656986,0.0163094596485477,0.0163039323194259,0.0162954474267906,0.0162844965126157,0.0162717677058987,0.0162580903188065,0.0162443682614689,0.0162315076693509,0.0162203445735562,0.0162115784079426,0.0162057166410734,0.0162030348902572,0.0162035556037262,0.0162070468986632,0.0162130415421166,0.0162208744811889,0.0162297358850587,0.0162387354632916,0.0162469729663149,0.0162536093204302,0.0162579328291888,0.0162594152768692,0.016257753561913,0.0162528936109563,0.0162450346980209,0.0162346138157708,0.0162222712975874,0.0162088003497913,0.0161950844140068,0.0161820272487028,0.0161704812210263,0.0161611794794077,0.0161546774078763,0.0161513080586794,0.0161511551754124,0.0161540460402387,0.0161595648104088,0.0161670853685905,0.016175821127405,0.0161848878350526,0.0161933743501084,0.0162004156849804,0.0162052624155156,0.0162073408347285,0.0162062989709696,0.0162020347386461,0.0161947039500559,0.0161847075655317,0.0161726592533141,0.0161593359275252,0.0161456153025017,0.0161324055354378,0.0161205726434358,0.0161108715259175,0.0161038860915333,0.0160999832166565,0.0160992841232785,0.0161016553557034,0.0161067199710956,0.0161138879610922,0.0161224034156811,0.0161314046443117,0.0161399924808101,0.0161473013883553,0.0161525677884534,0.0161551902735205,0.0161547770067943,0.016151176615494,0.0161444901655812,0.016135063271312,0.0161234589314967,0.0161104131843459,0.0160967770215529,0.0160834490936966,0.0160713044838644,0.0160611251629402,0.016053537640423,0.0160489627932894,0.0160475819261939,0.0160493218521356,0.0160538602768377,0.0160606511428331,0.0160689679758118,0.0160779618107061,0.0160867290776812,0.0160943839969711,0.0161001296391049,0.016103321893681,0.0161035211555343,0.0161005275365367,0.0160943967579703,0.0160854354571043,0.0160741763202735,0.0160613350951508,0.016047753001394,0.0160343292288398,0.016021948989737,0.0160114129160066,0.01600337344508,0.0159982832380057,0.0159963596761857,0.0159975681735781,0.0160016255286971,0.0160080229493516,0.0160160668387088,0.0160249340523999,0.0160337372253614,0.0160415950055025,0.0160477016744501,0.0160513907068423,0.0160521873089232,0.016049845842886,0.0160443692180668,0.0160360087263874,0.0160252443146811,0.0160127468077977,0.0159993250079759,0.0159858617888729,0.0159732441836748,0.0159622929655136,0.0159536972919534,0.0159479596216096,0.015945355331636,0.0159459103249471,0.0159493985009856,0.0159553593827973,0.0159631345716114,0.0159719201700594,0.0159808310045868,0.0159889714985536,0.0159955074846192,0.0159997331485523,0.0160011276779597,0.0159993970202048,0.0159944973668086,0.0159866384754442,0.0159762665884171,0.0159640283691182,0.0159507188166937,0.0159372174077408,0.0159244176469262,0.0159131557111174,0.0159041439070399,0.0158979142350038,0.0158947765049259,0.015894794260554,0.0158977803319028,0.0159033122696462,0.0159107663436205,0.0159193673366078,0.015928250147267,0.0159365283218854,0.0159433641235452,0.0159480346505871,0.0159499888384623,0.0159488908966346,0.0159446467915647,0.0159374117058924,0.0159275778801194,0.015915743764238,0.0159026668606576,0.0158892039192903,0.0158762431528094,0.0158646337929938,0.0158551185506023,0.0158482743464538,0.015844466060694,0.0158438170443112,0.0158461988253521,0.0158512409214641,0.0158583600595095,0.015866806532499,0.0158757240238529,0.0158842181165361,0.0158914279760416,0.0158965954162504,0.0158991257534504,0.0158986355130805,0.0158949831220583,0.0158882801079794,0.0158788819192883,0.015867359144207,0.0158544515005825,0.0158410083595035,0.0158279206377129,0.0158160495634522,0.0158061580387497,0.0157988500767671,0.0157945231097304,0.0157933369000777,0.0157952014364595,0.0157997846722621,0.0158065393931204,0.0158147470044547,0.0158235747213511,0.0158321416165313,0.0158395883136277,0.0158451448524896,0.0158481914179276,0.0158483071951448,0.0158453035453633,0.0158392389120008,0.0158304142819694,0.0158193495349328,0.0158067425021392,0.015793413910771,0.0157802425045515,0.0157680954206073,0.0157577593043992,0.0157498776225233,0.0157448991801847,0.0157430419932666,0.0157442754669879,0.0157483223875339,0.0157546806542936,0.0157626630922252,0.0157714522127007,0.015780165559416,0.0157879263914922,0.0157939339996997,0.0157975279656411,0.0157982411566132,0.0157958371602243,0.0157903291284833,0.0157819785185935,0.0157712738611544,0.0157588913155164,0.0157456402472067,0.0157323982609691,0.0157200409508823,0.0157093720248425,0.0157010593970147,0.0156955823267531,0.0156931937616173,0.015693900797416,0.0156974647076351,0.0157034204391809,0.0157111139430208,0.0157197543215086,0.0157284766323285,0.0157364103784898,0.0157427482955287,0.0157468100489577,0.0157480958703694,0.0157463259522566,0.0157414625283564,0.0157337129073657,0.0157235132051599,0.0157114940227967,0.0156984307285323,0.015685182212515,0.0156726229001251,0.0156615733636699,0.0156527350162524,0.0156466340872398,0.015643579378864,0.015643637235843,0.0156466258058964,0.0156521291353826,0.0156595300531168,0.0156680592736701,0.0156768568234196,0.0156850408710827,0.0156917784193836,0.0156963521432927,0.0156982179600055,0.0156970486624614,0.0156927600806713,0.015685517660897,0.0156757229532695,0.0156639811387438,0.0156510522665541,0.0156377901839168,0.0156250741149757,0.0156137384109151,0.0156045061074706,0.015597931585004,0.0155943568613383,0.0155938849258723,0.0155963721421728,0.0156014402213873,0.0156085067233372,0.0156168315954778,0.0156255760204783,0.0156338689030978,0.0156408757554686,0.0156458645773347,0.0156482635822127,0.0156477062678487,0.0156440603178533,0.015637438075894,0.0156281877611549,0.015616866088119,0.0156041944030412,0.015591001743489,0.0155781592654329,0.015566511181731,0.0155568076583553,0.0155496449924396,0.0155454178543517,0.0155442874512602,0.0155461682286864,0.0155507342611224,0.0155574449064327,0.015565587739873,0.0155743353727917,0.0155828116184109,0.0155901616890869,0.0155956207613577,0.0155985753587344,0.0155986125732689,0.0155955531328511,0.0155894656410739,0.0155806608571608,0.0155696665125684,0.0155571847416428,0.0155440356070526,0.0155310913132766,0.0155192064327078,0.0155091497598358,0.0155015432398584,0.0154968128107118,0.015495155010336,0.0154965219201838,0.0155006255458964,0.0155069611935609,0.0155148479070768,0.0155234827057438,0.0155320043026321,0.0155395612702338,0.0155453792985856,0.0155488222824524,0.0155494424688164,0.0155470157548127,0.0155415593823913,0.0155333306406351,0.0155228066578238,0.0155106468349684,0.0154976408313672,0.0154846461554223,0.0154725202480424,0.0154620524027632,0.0154539009086873,0.0154485404241288,0.0154462238144617,0.015446961568366,0.0154505205219735,0.0154564420780492,0.0154640785345343,0.0154726446660271,0.0154812804549295,0.0154891199469066,0.015495360684697,0.0154993281038803,0.0155005296678785,0.015498694349765,0.0154937942654356,0.0154860467222665,0.0154758965452757,0.0154639801468461,0.0154510742852193,0.015438033689058,0.0154257226074627,0.0154149458057548,0.0154063845350393,0.0154005425663026,0.0153977065402744,0.015397923714524,0.0154009987855095,0.0154065099402965,0.0154138427748295,0.0154222393229938,0.0154308582781449,0.0154388416391281,0.015445382535317,0.0154497889137117,0.0154515381102166,0.0154503180489216,0.0154460518585761,0.0154389039820432,0.0154292672862764,0.0154177321536162,0.015405039942203,0.0153920244357965,0.0153795458614718,0.0153684226583223,0.0153593663825635,0.0153529249181754,0.0153494385410577,0.0153490123988941,0.0153515076855444,0.0153565523034062,0.0153635702394687,0.0153718273629795,0.0153804900129291,0.0153886916921028,0.0153956025067401,0.0154004957450753,0.0154028062009278,0.0154021755095144,0.0153984808200609,0.0153918444929797,0.0153826240603976,0.0153713832965326,0.0153588467765801,0.0153458416345781,0.015333231252692,0.0153218462422886,0.0153124182619397,0.0153055219509528,0.0153015295696041,0.0153005818918471,0.0153025775804068,0.0153071817941155,0.0153138532523545,0.0153218875335462,0.015330473127225,0.015338755785986,0.015345906102586,0.0153511850097322,0.0153540020794222,0.0153539620704092,0.0153508960926123,0.0153448749548362,0.0153362036449946,0.0153253973555491,0.0153131409020274,0.0153002346822239,0.0152875313889338,0.0152758684355956,0.0152660014200053,0.0152585439023262,0.0152539183076917,0.0152523219115493,0.015253710689525,0.0152578024027807,0.0152640987549996,0.015271924920557,0.0152804833298627,0.0152889174248181,0.0152963802655813,0.0153021024533877,0.0153054538724645,0.0153059942464654,0.0153035084112947,0.0152980234517288,0.0152898063301638,0.0152793422282732,0.0152672953922323,0.0152544556875343,0.0152416752136311,0.0152298001101571,0.015219603045659,0.0152117217912851,0.0152066087574621,0.0152044954594043,0.0152053746577963,0.0152090014985421,0.0152149134664264,0.0152224674897203,0.0152308911984333,0.0152393442486972,0.0152469848616327,0.0152530363428281,0.0152568483728588,0.0152579482829589,0.015256078317503,0.0152512159760497,0.0152435758405797,0.0152335927295641,0.0152218874712085,0.0152092179447217,0.0151964191989527,0.0151843373327131,0.0151737623384274,0.0151653652229249,0.0151596444111477,0.0151568857317484,0.0151571392318445,0.0151602147503544,0.0151656966926115,0.0151729769061752,0.0151813030843938,0.0151898388478039,0.0151977306869144,0.0152041763762686,0.0152084893347278,0.0152101537214039,0.0152088657986818,0.0152045582083152,0.0151974052036973,0.0151878084408749,0.0151763645163545,0.0151638169171147,0.0151509962991076,0.0151387539370205,0.0151278937170314,0.0151191081320276,0.0151129233796274,0.0151096578945408,0.015109397541442,0.0151119893493352,0.0151170541921689,0.0151240173265681,0.0151321543002059,0.0151406485523754,0.0151486561342921,0.0151553724469095,0.0151600957628016,0.0151622825690048,0.0151615904147813,0.0151579049222638,0.0151513488465926,0.015142272464133,0.0151312260183129,0.0151189163526925,0.015106151102743,0.0150937748048388,0.0150826019350367,0.0150733521583914,0.0150665929276078,0.0150626940233858,0.0150617977129781,0.0150638069828725,0.0150683928686837,0.0150750203746411,0.0150829909722455,0.0150914983168398,0.0150996927333706,0.0151067492898262,0.0151119339636421,0.0151146625441826,0.0151145474959712,0.0151114289851475,0.0151053875631329,0.0150967374985368,0.0150860013263879,0.0150738677116875,0.015061136073455,0.0150486524731246,0.0150372419520669,0.0150276427567792,0.0150204477036058,0.0150160573289294,0.0150146484983874,0.0150161608919078,0.0150203023454031,0.0150265725328324,0.0150343030333803,0.0150427105572924,0.0150509590946927,0.0150582260784342,0.0150637673630489,0.0150669759353073,0.0150674297742163,0.0150649251278519,0.0150594926070093,0.0150513948283943,0.0150411057741132,0.0150292734596674,0.0150166688083774,0.0150041247157893,0.0149924700717619,0.0149824639308975,0.0149747350459929,0.0149697315919112,0.0149676851291733,0.0149685917443554,0.0149722119469853,0.0149780894093588,0.0149855871238883,0.0149939381402661,0.0150023068464636,0.0150098558774063,0.0150158132547413,0.0150195343262402,0.0150205534877024,0.0150186214974392,0.0150137253643824,0.015006089210738,0.0149961560627354,0.0149845520782527,0.0149720361452135,0.0149594389591562,0.0149475965171792,0.0149372833859653,0.0149291510861397,0.0149236764906831,0.0149211243020898,0.0149215265228542,0.0149246804631493,0.0149301653512079,0.0149373761444893,0.0149455717982633,0.014953934134835,0.0149616326525901,0.0149678901755251,0.0149720441992291,0.0149735991389728,0.01497226540206,0.0149679822352005,0.0149609225592537,0.0149514794015283,0.0149402349643555,0.0149279147219773,0.014915330115117,0.0149033143228978,0.0148926561601677,0.0148840373243329,0.0148779779809451,0.0148747950470341,0.0148745765514802,0.0148771741941249,0.0148822147830692,0.014889129714037,0.0148972001913813,0.0149056146017958,0.0149135334493745,0.0149201566291012,0.0149247876077808,0.0149268893164151,0.0149261272214076,0.0149223960832727,0.0149158282444513,0.0149067827982267,0.0148958165490732,0.0148836391506102,0.014871056080975,0.0148589040844915,0.0148479842950145,0.014838998413252,0.0148324930287278,0.0148288164873406,0.0148280916720308,0.0148302067764669,0.0148348247142405,0.0148414103318901,0.0148492731983131,0.014857622534513,0.0148656299188641,0.0148724948214163,0.0148775078245866,0.0148801065862933,0.0148799201772755,0.0148767983332292,0.0148708233358557,0.0148623035855487,0.0148517493495899,0.0148398325568124,0.0148273337593127,0.0148150803991305,0.014803881221735,0.0147944620084811,0.0147874077254549,0.0147831157083472,0.0147817636565664,0.0147832950568908,0.014787423282532,0.0147936541219954,0.0148013250028903,0.0148096578135668,0.0148178211069363,0.0148249966916872,0.0148304452416706,0.0148335656171669,0.0148339430905304,0.0148313825661469,0.0148259241081444,0.0148178395351688,0.0148076103863411,0.0147958890764896,0.0147834464174896,0.0147711097753178,0.0147596968699556,0.0147499505478717,0.0147424797427149,0.0147377113063127,0.0147358564910944,0.0147368946747947,0.0147405755346307,0.0147464394109291,0.01475385416661,0.0147620655633129,0.0147702571367886,0.0147776148381794,0.014783391361148,0.0147869651183081,0.0147878892590893,0.0147859269031,0.0147810698383322,0.0147735392186927,0.0147637681918871,0.0147523677924771,0.0147400787422793,0.0147277129122274,0.0147160890281269,0.0147059676786953,0.0146979907669369,0.0146926302257601,0.0146901501164837,0.0146905851931167,0.0146937377208181,0.0146991928829599,0.014706351615351,0.014714478292262,0.0147227594745179,0.0147303690153055,0.0147365342819549,0.0147405981409882,0.014742071684036,0.0147406734201281,0.0147363517626044,0.0147292890023782,0.014719886468868,0.0147087321107681,0.0146965531546962,0.0146841577019047,0.0146723700013697,0.0146619646210318,0.014653604793823,0.0146477898446917,0.0146448158457661,0.0146447525646376,0.0146474384550282,0.0146524939975953,0.0146593522482538,0.0146673041068595,0.014675554682812,0.0146832862892449,0.0146897231037289,0.0146941924244867,0.0146961777323155,0.0146953594162563,0.0146916399848582,0.0146851517912217,0.0146762466575667,0.0146654681913818,0.0146535089340753,0.0146411556725424,0.0146292271837658,0.0146185092988814,0.014609692413863,0.0146033164131073,0.0145997274152893,0.0145990498372862,0.0146011760715588,0.0146057746787795,0.0146123165185141,0.014620116792332,0.0146283896739313,0.0146363111603132,0.0146430850890905,0.0146480069919252,0.0146505206171151,0.0146502625421729,0.0146470912624292,0.0146410984059317,0.0146326011840966,0.0146221167187603,0.0146103203593393,0.0145979913954397,0.0145859505753615,0.0145749944802878,0.0145658320288547,0.0145590281824568,0.0145549593098624,0.014553783706509,0.0145554295335766,0.0145596010464621,0.0145658025329965,0.0145733779918654,0.0145815633584586,0.0145895471225535,0.0145965345507004,0.0146018104690425,0.0146047956935858,0.0146050927013355,0.0146025169782388,0.0145971115949775,0.0145891438645349,0.0145790843267087,0.0145675696795334,0.0145553525332234,0.014543241904097,0.0145320391117728,0.0145224741301163,0.0145151474351141,0.0145104819875327,0.0145086892134995,0.0145097517584311,0.0145134244694005,0.0145192536079868,0.0145266128252678,0.0145347530655162,0.0145428624215432,0.0145501311400468,0.014555816539426,0.0145593025928092,0.0145601493495283,0.0145581281882869,0.0145532400489011,0.0145457151801122,0.0145359944501534,0.014524693766814,0.0145125545199828,0.0145003840804909,0.0144889911740414,0.0144791213362363,0.0144713976163199,0.0144662712418858,0.0144639861277716,0.0144645599820621,0.0144677834252458,0.0144732371041372,0.0144803253643546,0.0144883237545082,0.0144964365695652,0.0145038598783631,0.0145098450749956,0.0145137579730119,0.0145151288237122,0.0145136893553634,0.0145093939427884,0.0145024232491904,0.0144931700418542,0.0144822082693255,0.01447024779552,0.014458078315473,0.0144465068394556,0.0144362936581422,0.0144280918481537,0.0144223951295103,0.0144194982576218,0.0144194731641925,0.0144221628239906,0.0144271934140477,0.0144340038625986,0.0144418904778376,0.0144500631168014,0.0144577084029504,0.0144640549076113,0.0144684350294356,0.0144703385590939,0.0144694535867654,0.0144656914412182,0.0144591936526391,0.0144503203965482,0.0144396213825365,0.014427791576073,0.0144156153661445,0.0144039037126299,0.0143934293491179,0.0143848652397082,0.0143787311916445,0.0143753528416356,0.0143748362212574,0.0143770598475542,0.0143816848804095,0.0143881824545417,0.0143958759484593,0.0144039947996529,0.0144117355970272,0.0144183256366305,0.0144230839522603,0.014425475042663,0.0144251510971808,0.0144219794256244,0.0144160529519163,0.0144076829442785,0.0143973745305254,0.0143857868866739,0.0143736811912269,0.0143618604106625,0.0143511056428064,0.0143421140384014,0.0143354432234335,0.0143314666614634,0.0143303435582692,0.0143320057778909,0.0143361628929388,0.014342325039571,0.0143498418092106,0.0143579541044589,0.0143658548229742,0.0143727534982623,0.0143779396842201,0.0143808399548492,0.0143810638995534,0.0143784353870413,0.0143730065718327,0.0143650535256039,0.0143550538737403,0.0143436482806372,0.0143315889329561,0.0143196792096057,0.0143087094175397,0.014299393761859,0.0142923135888587,0.0142878714062007,0.0142862592916073,0.0142874441278049,0.0142911707480365,0.0142969826553913,0.0143042586017147,0.0143122620800575,0.0143201997892171,0.0143272844455819,0.0143327969994435,0.0143361433819844,0.0143369013529851,0.0143348537972088,0.0143300058692595,0.014322584637451,0.0143130212369112,0.0143019169073812,0.014289995553742,0.0142780465279153,0.0142668621095684,0.0142571746020396,0.0142495980219679,0.014244579032197,0.0142423610636294,0.0142429645435228,0.0142461848772535,0.014251608419224,0.0142586452265209,0.014266576028379,0.0142746096769841,0.0142819464733632,0.0142878422655628,0.0142916681396681,0.0142929608728308,0.0142914600614335,0.0142871289177555,0.0142801570598389,0.0142709450911795,0.0142600722525587,0.0142482497995687,0.0142362639028194,0.0142249126950198,0.0142149425382095,0.0142069886208612,0.0142015246159565,0.014198825371454,0.0141989455337492,0.014201715717796,0.0142067564411247,0.0142135086407567,0.0142212782969516,0.01422929159472,0.0142367562478858,0.0142429241522241,0.0142471504539705,0.0142489444170175,0.0142480081194705,0.0142442599588809,0.0142378411254825,0.0142291045257567,0.0142185870036908,0.0142069670101231,0.0141950110131566,0.0141835128376943,0.014173230698678,0.0141648269010593,0.0141588149980778,0.0141555186377058,0.0141550454254718,0.0141572779568522,0.0141618828124096,0.014168336869578,0.0141759688833083,0.0141840130410474,0.0141916702114714,0.0141981719642836,0.0142028421951819,0.0142051513690613,0.0142047589849381,0.0142015408220522,0.0141955987685092,0.0141872524560843,0.0141770134071819,0.0141655438188826,0.0141536033479879,0.0141419882184632,0.0141314675711044,0.0141227221685127,0.0141162903463846,0.0141125254895187,0.0141115683627842,0.0141133364229869,0.0141175308759633,0.0141236608350245,0.0141310825950283,0.0141390508650375,0.0141467778879832,0.0141534957822176,0.0141585172080658,0.0141612896084237,0.0141614387846318,0.0141587984068555,0.0141534231553433,0.0141455844599022,0.0141357491541508,0.0141245426897414,0.0141126997654336,0.0141010062235166,0.0140902367708087,0.0140810934334802,0.0140741496231858,0.0140698042764344,0.0140682497586212,0.0140694561538983,0.0140731732702432,0.0140789502749558,0.014086171453267,0.0140941052707369,0.0141019628295382,0.0141089610305301,0.0141143853526333,0.0141176471740313,0.0141183309900239,0.014116227699209,0.0141113512663225,0.014103937429166,0.0140944245814341,0.0140834184099567,0.0140716431763331,0.0140598836040351,0.0140489220758874,0.014039476201873,0.0140321417559499,0.0140273455140002,0.0140253117001659,0.0140260446397113,0.0140293289151765,0.0140347469318789,0.0140417124272761,0.014049517214081,0.0140573874260166,0.0140645448137611,0.014070268267312,0.0140739507428798,0.0140751471443744,0.0140736094221233,0.014069306149349,0.014062425043146,0.0140533582196407,0.0140426713146245,0.0140310588619161,0.014019289405965,0.014008144646113,0.0139983573993856,0.0139905532856695,0.0139852007729099,0.0139825735880977,0.0139827285453409,0.0139855006326806,0.0139905158259553,0.0139972206721779,0.0140049263253653,0.0140128635380022,0.0140202442083967,0.0140263245331137,0.0140304646639121,0.014032180038442,0.0140311802249352,0.0140273921372681,0.0140209657514433,0.014012261880584,0.0140018230255456,0.013990329691751,0.0139785457348162,0.0139672571697192,0.0139572093804972,0.0139490477650926,0.0139432665426476,0.0139401697682673,0.0139398476008319,0.0139421696349466,0.0139467957415417,0.0139532034758654,0.0139607298163796,0.0139686238909524,0.0139761065074267,0.0139824317944935,0.0139869461131773,0.0139891396285688,0.0139886865149851,0.0139854706576456,0.0139795948414778,0.0139713726988788,0.0139613040281436,0.0139500353915317,0.0139383090568604,0.0139269042700966,0.0139165754670334,0.0139079922993326,0.0139016862373705,0.0138980080206747,0.0138970993896994,0.0138988814142623,0.0139030604218366,0.0139091511247805,0.0139165151589246,0.0139244119887828,0.0139320581142854,0.0139386898212678,0.0139436244144065,0.0139463149822451,0.0139463942595736,0.0139437040328046,0.0139383077103926,0.0139304850562848,0.0139207095414592,0.0139096101805278,0.0138979209696099,0.0138864220301652,0.0138758772153456,0.0138669731986418,0.0138602649164421,0.0138561316911981,0.0138547474740944,0.0138560674978811,0.0138598323185395,0.0138655888489647,0.0138727266516154,0.0138805265646255,0.0138882177836333,0.0138950388844521,0.0139002979915862,0.0139034273849763,0.0139040282798131,0.0139019022806232,0.0138970670485072,0.0138897549512538,0.0138803947916356,0.0138695780249931,0.0138580120856972,0.0138464644572945,0.0138357018666423,0.0138264293935817,0.0138192343223973,0.0138145392106735,0.0138125679430718,0.013813327528556,0.013816607164593,0.0138219947207909,0.0138289093920238,0.0138366479536957,0.0138444409348796,0.0138515142054613,0.013857151019266,0.0138607495029183,0.0138618709362868,0.013860274910768,0.0138559385189688,0.0138490580341074,0.0138400329672119,0.0138294338234443,0.0138179561971342,0.0138063649415914,0.0137954329357444,0.0137858793821134,0.0137783125790961,0.013773181719948,0.0137707415186522,0.0137710324145103,0.0137738778501918,0.0137788987554426,0.0137855440113384,0.0137931344240343,0.0138009166954938,0.0138081231164395,0.0138140322787491,0.0138180260425368,0.0138196383010227,0.013818591736927,0.0138148197034139,0.0138084715174566,0.0137999007390067,0.0137896373322353,0.0137783458657499,0.0137667730079707,0.0137556884242569,0.0137458237177946,0.0137378142353998,0.0137321483647734,0.0137291283878106,0.0137288460606906,0.0137311749324169,0.0137357800830229,0.0137421445692609,0.0137496105193899,0.0137574316250934,0.0137648328356709,0.0137710724520159,0.0137755016045874,0.0137776163022982,0.0137770978390639,0.0137738382890334,0.0137679490330166,0.0137597516408926,0.0137497518742124,0.0137385989465684,0.0137270333677813,0.0137158276038795,0.0137057243404601,0.0136973773043217,0.0136912993665892,0.0136878220389181,0.0136870695343116,0.0136889493788524,0.0136931602339372,0.0136992162286768,0.0137064858122389,0.0137142420100752,0.0137217200903093,0.0137281780852982,0.0137329554113228,0.0137355249975477,0.013735534854404,0.0137328358381421,0.0137274934406428,0.0137197826734363,0.0137101664297345,0.0136992589972121,0.0136877775579247,0.0136764854612861,0.0136661317183997,0.0136573914874362,0.013650812269753,0.013646770112927,0.0136454393485058,0.0136467783363385,0.0136505324239251,0.0136562539556371,0.013663337792207,0.0136710695384618,0.013678682634073,0.0136854197269642,0.0136905933842167,0.0136936412332638,0.0136941710670354,0.0136919922579058,0.0136871309408114,0.0136798277512481,0.0136705183259378,0.0136597981737738,0.0136483747875927,0.0136370108905421,0.0136264634104371,0.0136174230948468,0.0136104595963946,0.0136059763862391,0.0136041790393549,0.0136050593487195,0.0136083964546002,0.0136137748211331,0.0136206175639042,0.0136282324344799,0.0136358667931114,0.0136427672198608,0.01364823907404,0.0136517013339706,0.0136527324298729,0.0136511034918003,0.0136467964164992,0.0136400053364959,0.0136311213630856,0.0136207017764833,0.0136094260532085,0.0135980421588604,0.013587307311706,0.0135779278767932,0.0135705031441667,0.0135654774669532,0.0135631046012022,0.0135634271428841,0.013566272768841,0.0135712676516132,0.0135778660400151,0.0135853936891633,0.0135931016917455,0.0136002264013233,0.0136060506241927,0.013609961136513,0.0136114978714714,0.0136103907934211,0.0136065814759269,0.0136002276461877,0.0135916903466952,0.0135815047806523,0.0135703372312122,0.0135589315650463,0.0135480496566517,0.0135384105372383,0.0135306331472077,0.0135251872519355,0.0135223563973048,0.013522215794529,0.0135246268176489,0.0135292484710243,0.0135355648432416,0.0135429263120538,0.0135506011991356,0.0135578337748252,0.0135639040398057,0.0135681845933495,0.0135701901396385,0.0135696157644702,0.0135663609917772,0.0135605377374047,0.0135524615310075,0.0135426266778828,0.0135316672825291,0.0135203071631538,0.0135093025694725,0.0134993822039357,0.0134911892852928,0.0134852302568642,0.0134818342383046,0.0134811264895984,0.013483018063248,0.0134872125447228,0.0134932294161858,0.0135004422323452,0.0135081285852522,0.0135155278640383,0.0135219021691653,0.0135265954708938,0.0135290862301444,0.0135290292196322,0.0135262831567863,0.0135209219168526,0.0135132284356387,0.013503671821167,0.0134928695548835,0.0134815378661271,0.0134704343107401,0.0134602971970676,0.0134517867296831,0.0134454325693893,0.0134415919613473,0.0134404217139988,0.0134418661915447,0.01344566219999,0.0134513603026291,0.0134583608055986,0.0134659615130511,0.0134734134509213,0.0134799801595229,0.0134849958960706,0.0134879181864911,0.0134883706162531,0.0134861725186224,0.013481353243305,0.0134741498865464,0.0134649886450673,0.0134544512289202,0.0134432289400057,0.0134320680017754,0.0134217104295943,0.0134128351006152,0.0134060036877086,0.013401615764254,0.0133998766894707,0.0134007808932962,0.0134041119656076,0.0134094596116679,0.0134162521757639,0.0134238021721202,0.0134313611998976,0.0134381798433695,0.0134435677344346,0.0134469489232996,0.0134479080728941,0.0134462237349426,0.0134418860175969,0.0134350972268684,0.0134262554510091,0.0134159224441233,0.0134047784370713,0.0133935675535873,0.0133830382512012,0.0133738835827795,0.0133666860605976,0.0133618715069704,0.0133596755292865,0.0133601252264988,0.0133630375052724,0.0133680340595573,0.0133745717538593,0.0133819859491077,0.0133895433108807,0.0133964999167402,0.0134021600855429,0.013405931314041,0.0134073710240146,0.013406221469375,0.0134024300770055,0.0133961536279089,0.0133877459411962,0.0133777300071893,0.0133667567298737,0.0133555534914718,0.0133448665627412,0.0133354018869473,0.0133277689190051,0.013322431986184,0.0133196730660894,0.0133195689938385,0.0133219849798514,0.0133265850275486,0.0133328584852698,0.0133401606587392,0.0133477642605603,0.0133549175806427,0.0133609047017809,0.0133651029035196,0.0133670326112738,0.0133663958432795,0.01336310004088,0.0133572653611867,0.0133492148620075,0.0133394484009718,0.0133286023886541,0.0133173986738757,0.0133065867069106,0.0132968836511294,0.0132889172523528,0.0132831760209003,0.0132799706636879,0.0132794097810357,0.0132813916919792,0.0132856129631349,0.0132915928910406,0.0132987119334446,0.0133062610022575,0.0133134977016569,0.0133197050757605,0.0133242482536612,0.0133266245563241,0.0133265031479259,0.013323751134633,0.0133184440714702,0.0133108600494673,0.0133014578094252,0.0132908405728189,0.0132797084022961,0.0132688028154916,0.0132588480007209,0.0132504932697133,0.013244261308335,0.013240506356043,0.0132393856862975,0.0132408467237081,0.0132446308953248,0.0132502939728324,0.0132572413319903,0.013264775345966,0.0132721511368497,0.0132786362145836,0.0132835691957537,0.0132864128518525,0.0132867971893871,0.0132845490747467,0.0132797060135623,0.0132725129840782,0.0132634026017372,0.0132529602463029,0.0132418770007377,0.013230894228635,0.0132207442730344,0.0132120920448831,0.013205482168878,0.0132012958819792,0.0131997210754895,0.0132007378015982,0.0132041203194154,0.0132094554387023,0.0132161756385496,0.0132236042903233,0.0132310093825467,0.0132376614978967,0.0132428914781523,0.0132461432551165,0.013247017717551,0.0132453041909904,0.0132409970722942,0.01323429631231,0.0132255916942907,0.0132154321190515,0.0132044822826868,0.0131934701269022,0.0131831291783122,0.0131741403139879,0.0131670775608065,0.0131623622449965,0.0131602291727419,0.0131607075882805,0.0131636184935208,0.0131685886123052,0.0131750799452338,0.0131824325957273,0.0131899174612485,0.0131967945692597,0.0132023723649755,0.0132060631665578,0.0132074303013654,0.0132062231034076,0.0132023969370988,0.0131961166354977,0.0131877430970964,0.0131778041559975,0.0131669521108875,0.0131559113674028,0.0131454204331402,0.0131361729418949,0.0131287624372359,0.0131236353128956,0.0131210556227351,0.0131210845008953,0.0131235757561671,0.0131281879167258,0.0131344117013696,0.0131416106831377,0.0131490718876129,0.0131560623105472,0.0131618869007258,0.0131659434599831,0.0131677701651883,0.0131670819979029,0.0131637932343352,0.0131580242352636,0.0131500919976687,0.0131404851924603,0.0131298256215905,0.0131188190937488,0.0131081995593626,0.0130986708942469,0.0130908509294514,0.0130852221727398,0.013082093163687,0.0130815735849788,0.0130835651757781,0.0130877692399856,0.0130937102123899,0.0131007734486386,0.0131082542481126,0.0131154141966279,0.0131215403044882,0.0131260021689783,0.0131283025359295,0.0131281171649887,0.0131253207733794,0.0131199969674229,0.0131124313738265,0.0131030885478596,0.0130925745525285,0.0130815882622461,0.0130708653470772,0.0130611194639047,0.013052985376919,0.0130469685446539,0.0130434051663522,0.0130424358229048,0.0130439947455992,0.0130478154900363,0.0130534524879407,0.0130603167029323,0.0130677225235055,0.0130749421656815,0.0130812632893896,0.0130860452980135,0.0130887699079482,0.0130890820342526,0.013086817800763,0.0130820174868908,0.0130749223925037,0.0130659558510413,0.0130556898570647,0.0130447999030904,0.0130340115529977,0.0130240429417222,0.0130155477310569,0.0130090630405954,0.0130049665071565,0.0130034459278688,0.0130044839610656,0.0130078591702848,0.0130131633938554,0.0130198341096007,0.0130271992469908,0.0130345308782293,0.0130411034828054,0.0130462520919101,0.0130494256150491,0.0130502310331997,0.0130484648803791,0.0130441294685775,0.0130374325545723,0.013028770496883,0.0130186962930913,0.0130078751099972,0.0129970309217293,0.0129868885737108,0.0129781159378407,0.0129712707899627,0.0129667566317639,0.0129647909349411,0.0129653882726665,0.0129683596071588,0.0129733277173306,0.0129797574774052,0.0129869985356169,0.0129943369828179,0.013001051917192,0.0130064724511072,0.0130100306907111,0.0130113065450905,0.0130100608642038,0.0130062543156988,0.0130000505211087,0.0129918031961892,0.0129820282847634,0.0129713632470967,0.012960516674998,0.0129502121782869,0.0129411309575298,0.0129338576045255,0.012928833441238,0.0129263211352359,0.012926383456981,0.0129288779353154,0.0129334679056495,0.0129396491299186,0.0129467899061119,0.0129541814839657,0.012961094754566,0.0129668386563049,0.0129708155838436,0.0129725693170087,0.0129718215876702,0.0129684943258828,0.0129627157939642,0.0129548101300753,0.0129452711719204,0.01293472270517,0.0129238683750897,0.0129134353230452,0.0129041160953978,0.012896513484753,0.0128910926990806,0.0128881446401002,0.0128877631623009,0.012889838053607,0.0128940642211857,0.0128999662826723,0.0129069365556362,0.0129142833989994,0.0129212860666168,0.0129272517436184,0.0129315702849506,0.012933762370979,0.0129335173183972,0.0129307175938458,0.0129254481114919,0.0129179895781267,0.0129087963915948,0.0128984608051288,0.0128876661475253,0.0128771327541438,0.0128675608509107,0.0128595748966078,0.0128536738019777,0.0128501910062758,0.0128492676307909,0.01285084090288,0.0128546488355006,0.0128602508517923,0.0128670627624758,0.0128744033365502,0.012881548750388,0.0128877905419793,0.0128924923967002,0.0128951411755858,0.0128953880580745,0.0128930764695366,0.0128882545362026,0.0128811710706333,0.01287225543502,0.0128620829415433,0.012851328616376,0.0128407130813087,0.0128309449237175,0.0128226641867741,0.0128163914983053,0.0128124868781745,0.0128111214621327,0.0128122643264622,0.0128156853840002,0.0128209740478774,0.0128275721224036,0.0128348182730843,0.012842000533457,0.0128484126939436,0.0128534101334414,0.0128564607161999,0.0128571867749487,0.0128553949024402,0.0128510912237782,0.012844480950268,0.0128359522373278,0.0128260455917733,0.012815411204606,0.0128047575381233,0.0127947951966907,0.0127861805016471,0.0127794632377662,0.0127750427335178,0.0127731358008291,0.0127737591388176,0.0127767276686572,0.0127816689994979,0.0127880529277704,0.0127952336513876,0.0128025013396646,0.01280913892803,0.0128144795685298,0.0128179600994571,0.0128191662082672,0.0128178656293724,0.0128140266903957,0.0128078207160595,0.0127996081157875,0.0127899093072287,0.0127793628535229,0.0127686742184142,0.012758559288276,0.0127496872133894,0.0127426271506823,0.0127378031471675,0.0127354607220538,0.0127356477484403,0.0127382110838509,0.0127428091453448,0.0127489393668998,0.012755978311589,0.0127632312294064,0.0127699871291053,0.012775575022031,0.0127794169240547,0.0127810734688125,0.0127802785685481,0.0127769604138555,0.0127712471669008,0.0127634568938407,0.012754072509823,0.0127437036801433,0.0127330386451409,0.0127227897365773,0.0127136368668476,0.0127061734556135,0.012700859091528,0.0126979827177852,0.012697639315925,0.0126997220044124,0.0127039302477243,0.0127097935827442,0.0127167090151168,0.0127239891225278,0.0127309170202204,0.012736803772198,0.0127410436184415,0.0127431625534321,0.0127428563230291,0.0127400147640415,0.0127347305236139,0.0127272914696634,0.0127181574306336,0.0127079231718909,0.0126972706242078,0.01268691423825,0.0126775438780994,0.0126697698426765,0.0126640744043049,0.0126607737009139,0.0126599929654965,0.0126616569971923,0.0126654965601033,0.0126710701338237,0.0126777992325002,0.0126850144527864,0.0126920085871068,0.0126980926072974,0.0127026501194719,0.0127051860247811,0.0127053655811822,0.0127030408139865,0.0126982622101164,0.0126912747758188,0.0126824987524999,0.0126724964802108,0.0126619279849638,0.0126514987610039,0.0126419038487401,0.0126337726188892,0.0126276186370746,0.0126237986039377,0.0126224836720784,0.0126236454810686,0.0126270580926365,0.0126323157373237,0.0126388650060691,0.0126460489450274,0.0126531595391907,0.0126594943790399,0.01266441294958,0.0126673879946366,0.0126680477965729,0.0126662059459235,0.0126618761958418,0.0126552712139169,0.0126467853544547,0.0126369628699239,0.0126264541565584,0.0126159635898241,0.0126061931704442,0.0125977865164805,0.0125912776805457,0.0125870488560703,0.0125853003023883,0.0125860348263429,0.0125890579875479,0.0125939939397956,0.0126003155853519,0.0126073866015644,0.0126145119853557,0.0126209931155433,0.0126261829990244,0.0126295373674497,0.0126306576256954,0.0126293222961494,0.0126255045025324,0.0126193741232946,0.0126112844352999,0.0126017442753261,0.0125913778798432,0.0125808755354016,0.0125709389056099,0.0125622253367803,0.0125552955468303,0.0125505688599774,0.012548289577368,0.0125485072102954,0.0125510722118524,0.0125556476096893,0.0125617356663574,0.0125687174787629,0.0125759023737691,0.0125825831501325,0.0125880927263693,0.012591857623482,0.0125934439556581,0.0125925922038828,0.0125892379582505,0.0125835169587324,0.0125757540445723,0.0125664369315808,0.0125561769651469,0.0125456600440303,0.0125355916912254,0.0125266407011443,0.0125193858825293,0.0125142701401247,0.0125115655231594,0.012511351970597,0.012513511377988,0.0125177373879241,0.0125235600617674,0.0125303834223732,0.0125375328575544,0.0125443086189668,0.0125500411955323,0.0125541442134196,0.0125561607209124,0.012555799239359,0.0125529567622311,0.0125477269028274,0.012540392548122,0.0125314035815587,0.0125213413999994,0.0125108729841167,0.0125006981106014,0.0124914938526967,0.0124838607531243,0.0124782749451655,0.0124750500482629,0.0124743119085743,0.0124759882504549,0.0124798141275873,0.0124853528014702,0.0124920304297063,0.012499181820648,0.012506103601018,0.0125121105277884,0.0125165904070377,0.0125190531835231,0.0125191702288569,0.0125168006476665,0.012512002476346,0.0125050278804128,0.0124963027603302,0.0124863924422027,0.0124759562534182,0.0124656946715715,0.0124562933165502,0.0124483682861445,0.0124424172009658,0.0124387798408755,0.0124376114654738,0.0124388708816575,0.0124423241366317,0.0124475634722029,0.0124540399758612,0.0124611072995641,0.0124680729670072,0.0124742532146943,0.0124790270518857,0.0124818852986076,0.0124824707635889,0.0124806064229233,0.0124763093989518,0.0124697896434913,0.0124614334168638,0.0124517728372143,0.0124414438656916,0.0124311360081153,0.0124215376787038,0.0124132815307681,0.0124068940825439,0.0124027536500017,0.0124010599645487,0.0124018179468264,0.012404836994033,0.0124097459023435,0.0124160222866755,0.0124230341820413,0.0124300905138621,0.0124364963930413,0.0124416087868021,0.0124448880728269,0.0124459413075518,0.01244455370572,0.0124407057848893,0.0124345747966769,0.0124265203477308,0.012417055398961,0.0124068050139539,0.0123964562100862,0.0123867029701938,0.012378190843663,0.0123714655753003,0.0123669298503714,0.0123648115678402,0.012365146110851,0.0123677739549615,0.0123723537329079,0.0123783896559641,0.0123852710705534,0.0123923209896481,0.0123988497523094,0.0124042095817142,0.0124078457584117,0.0124093404024978,0.0124084454425691,0.0124051021952495,0.0123994460218916,0.0123917956895775,0.0123826282541705,0.0123725414142574,0.012362206270539,0.012352314188869,0.0123435219452928,0.0123363994875611,0.0123313844641997,0.0123287471604301,0.0123285686761867,0.0123307341437829,0.0123349415898911,0.0123407257923947,0.0123474952698014,0.0123545794704229,0.0123612823899379,0.012366938309733,0.012370965160855,0.012372911198494,0.012372491208254,0.012369609315261,0.0123643665589877,0.0123570526376747,0.0123481225124789,0.0123381597871719,0.0123278298445941,0.0123178265391886,0.0123088167487151,0.0123013872378285,0.0122959980732245,0.012292946277451,0.012292342566881,0.0122941029606965,0.0122979558584558,0.0123034639586354,0.0123100592254911,0.0123170880966657,0.012323863336649,0.0123297184397856,0.0123340603061847,0.0123364160645479,0.0123364703824604,0.0123340903495905,0.0123293359861981,0.012322455546471,0.012313865970106,0.0123041199960803,0.0122938624999452,0.0122837794685976,0.0122745436177691,0.0122667609401996,0.0122609224218866,0.0122573647794258,0.0122562433786015,0.0122575195437759,0.0122609633315383,0.01226617160883,0.0122726000432001,0.012279606481412,0.0122865022575263,0.0122926073139281,0.0122973046955379,0.0123000900167255,0.0123006118997166,0.0122987001110072,0.0122943791212463,0.0122878660023489,0.012279552853263,0.0122699752032534,0.0122597689728945,0.0122496194865108,0.0122402066548312,0.0122321507356912,0.0122259630119553,0.0122220053067679,0.0122204615240588,0.0122213234215831,0.0122243916785451,0.0122292921035019,0.0122355056362365,0.0122424097213285,0.0122493277533639,0.0122555826799275,0.0122605505424459,0.0122637097559028,0.0122646822716333,0.0122632634057306,0.0122594380007165,0.0122533816526263,0.0122454468977605,0.0122361354245953,0.0122260584688556,0.012215888481422,0.0122063058570978,0.0121979449195132,0.0121913434371269,0.0121868996879485,0.0121848405144778,0.0121852029578004,0.0121878309936167,0.0121923876930718,0.0121983818920846,0.0122052072770518,0.012212190781361,0.0122186464211707,0.0122239302433152,0.0122274919517466,0.0122289190350144,0.0122279698199401,0.0122245927780068,0.0122189305335344,0.0122113082691548,0.0122022074898094,0.0121922272893451,0.0121820362691879,0.0121723190040433,0.0121637213720989,0.0121567991331242,0.0121519738478281,0.012149499617766,0.0121494432427041,0.0121516793129728,0.0121559005622749,0.0121616425963727,0.012168320983205,0.0121752777307599,0.0121818334627663,0.0121873411779258,0.0121912373721077,0.0121930865202353,0.0121926154394393,0.0121897348478538,0.0121845464323593,0.0121773348656699,0.01216854538295,0.0121587486543393,0.012148595688589,0.0121387662968877,0.0121299151692633,0.0121226198233812,0.0121173345582428,0.0121143540916814,0.0121137898137745,0.0121155606024806,0.012119398995818,0.0121248722862606,0.0121314168977085,0.0121383833242409,0.0121450880436574,0.0121508682397411,0.0121551349241038,0.0121574201644005,0.0121574145951507,0.0121549921743735,0.0121502201885411,0.0121433537112752,0.0121348149859982,0.0121251594244813,0.0121150309923527,0.0121051106011999,0.0120960616756479,0.0120884772688543,0.0120828329485039,0.0120794491862428,0.0120784662020481,0.0120798332074536,0.0120833128384924,0.0120885003620653,0.0120948560750141,0.01210174828627,0.0121085034587138,0.0121144595472718,0.0121190183387135,0.0121216926903201,0.012122144971215,0.0121202137014715,0.0121159263067042,0.0121094969873526,0.0121013098587537,0.0120918886641942,0.0120818554142172,0.0120718811820592,0.0120626329165957,0.0120547204664312,0.012048648012209,0.0120447737772304,0.0120432812530489,0.0120441642819762,0.0120472272467364,0.0120521004117668,0.0120582692390643,0.0120651153674547,0.0120719659931059,0.0120781476983889,0.0120830404010951,0.0120861270695355,0.0120870351792961,0.012085566552939,0.0120817131703664,0.0120756576828083,0.0120677586086267,0.0120585214311297,0.0120485579575196,0.0120385372418362,0.0120291320447327,0.0120209651428622,0.0120145597856537,0.0120102982355532,0.0120083916568041,0.0120088636959676,0.0120115489983292,0.0120161067145794,0.0120220478665234,0.0120287743545108,0.0120356264882086,0.0120419352732544,0.0120470753338252,0.0120505143175024,0.0120518549143979,0.0120508662051449,0.0120475018873879,0.0120419039534188,0.0120343915239204,0.0120254356983796,0.0120156223746262,0.0120056059356136,0.0119960574283886,0.0119876113103581,0.0119808149731911,0.0119760850598679,0.0119736740756242,0.0119736499949016,0.0119758905440727,0.0119800926736531,0.0119857965167302,0.0119924219604726,0.0119993149305298,0.0120057996893574,0.012011232947215,0.0120150554229843,0.0120168366871026,0.0120163096571132,0.0120133919546898,0.0120081924025159,0.0120010021504818,0.0119922711710635,0.0119825720488353,0.011972554011542,0.011962890927708,0.011954227466311,0.0119471277403832,0.011942030530793,0.011939214632078,0.0119387770304521,0.0119406255872477,0.0119444867434597,0.0119499275730062,0.0119563903855298,0.0119632371023057,0.0119697998772081,0.0119754339647365,0.0119795686801085,0.0119817524590265,0.0119816884923267,0.0119792581485746,0.0119745303510175,0.0119677561706966,0.0119593490494508,0.0119498521864848,0.0119398956266319,0.0119301464028912,0.0119212556468829,0.0119138068408146,0.0119082693173426,0.0119049607205339,0.0119040214504864,0.0119054031779355,0.0119088724039399,0.0119140288387316,0.0119203371790251,0.0119271697733668,0.0119338567727215,0.0119397397437079,0.011944224427019,0.0119468283802465,0.0119472196508052,0.0119452433499001,0.011940933982419,0.0119345125473084,0.0119263686613663,0.0119170291742567,0.0119071158343978,0.0118972954435276,0.01188822652945,0.0118805068248456,0.0118746257491531,0.01187092566456,0.011869574954714,0.0118705550155417,0.0118736621288788,0.0118785240030323,0.0118846296076764,0.0118913698952034,0.0118980861640927,0.011904122240357,0.0119088763703454,0.011911848752769,0.0119126809876085,0.0119111843570167,0.0119073547273053,0.011901372903211,0.0118935903971805,0.0118845017132211,0.0118747053009781,0.0118648562290344,0.0118556142866373,0.0118475915985198,0.0118413038978944,0.0118371293391362,0.0118352781578446,0.0118357756407703,0.0118384598166897,0.011842994107008,0.0118488939766613,0.01185556549654,0.0118623527568059,0.0118685903367347,0.0118736566075968,0.0118770235634255,0.0118782991500501,0.0118772586703678,0.0118738627302536,0.0118682602817675,0.0118607765311727,0.0118518867101838,0.0118421778556866,0.0118323017077366,0.011822922538551,0.0118146641136858,0.0118080600344335,0.0118035114170124,0.0118012552539913,0.0118013459279556,0.0118036512829245,0.011807863496449,0.011813523828545,0.0118200592405799,0.0118268279571782,0.0118331703560958,0.0118384611686605,0.0118421588878106,0.011843848514676,0.0118432743042901,0.0118403599526415,0.0118352146427028,0.0118281244659668,0.0118195298767404,0.0118099909305288,0.0118001430188174,0.011790646565463,0.0117821346372064,0.0117751626044118,0.0117701638503625,0.0117674150729976,0.011767013981634,0.0117688712180463,0.0117727172023928,0.0117781234104024,0.0117845364252128,0.0117913220694668,0.0117978160960004,0.0118033773683636,0.011807439244075,0.0118095550064529,0.0118094336675901,0.0118069632467223,0.0118022196485597,0.0117954604382236,0.0117871040358029,0.0117776960342958,0.0117678653837752,0.0117582739960449,0.0117495638399303,0.0117423057764841,0.0117369542164177,0.0117338111902324,0.0117330026496695,0.0117344688310325,0.0117379693849026,0.0117431028025965,0.0117493385431122,0.0117560592754174,0.0117626098745197,0.0117683493001973,0.0117727012783387,0.01177519981045,0.0117755259493751,0.0117735329667292,0.011769257945162,0.011762918884886,0.0117548975391125,0.0117457093047468,0.0117359625103984,0.0117263102844832,0.0117173987829594,0.0117098158592061,0.0117040442427098,0.0117004229584937,0.0116991200885517,0.0117001190936813,0.0117032198437116,0.0117080543300948,0.011714115852834,0.0117207993814967,0.0117274498773125,0.0117334147052933,0.0117380959183478,0.0117409981920162,0.0117417685325567,0.0117402245455072,0.0117363689811366,0.011730389389824,0.0117226429321329,0.0117136275947513,0.0117039421633842,0.0116942382050658,0.0116851679420734,0.0116773322098658,0.0116712326620931,0.0116672320228629,0.0116655255210407,0.0116661257295438,0.0116688619517074,0.0116733941371599,0.0116792401649993,0.0116858142898368,0.0116924736832434,0.0116985693831542,0.0117034976339767,0.0117067475850909,0.0117079416134794,0.0117068651202223,0.0117034834729707,0.0116979447654648,0.0116905681675952,0.0116818187635087,0.0116722708342187,0.0116625624515602,0.0116533449408577,0.0116452311870928,0.011638746870684,0.0116342885120569,0.0116320916887962,0.0116322119997898,0.0116345203466794,0.0116387129637257,0.0116443354451319,0.0116508188890658,0.0116575252915851,0.0116637985624201,0.0116690170633151,0.0116726434315955,0.0116742676612425,0.0116736399556905,0.0116706906960154,0.0116655359162269,0.0116584678570994,0.0116499313832614,0.0116404881938622,0.0116307717395332,0.0116214364972432,0.0116131056917831,0.0116063216559906,0.0116015027870859,0.0115989105054789,0.0115986288025172,0.011600557944542,0.011604422767507,0.0116097948419779,0.0116161267025638,0.0116227954002592,0.0116291519195136,0.0116345725572946,0.0116385082227796,0.0116405277927943,0.011640352132881,0.0116378761267512,0.0116331769904766,0.0116265082130687,0.0116182795842317,0.0116090248585585,0.011599359577922,0.0115899323528105,0.0115813734281256,0.0115742445897203,0.0115689943854265,0.0115659222394612,0.0115651543550526,0.0115666333755007,0.0115701226819205,0.0115752250356856,0.0115814141201769,0.0115880764914781,0.0115945605946569,0.0116002289136861,0.0116045090528651,0.011606939623033,0.0116072072219323,0.011605171518838,0.0116008764188894,0.0115945464139301,0.0115865684322301,0.0115774606781675,0.0115678310043121,0.0115583281942125,0.0115495900887467,0.0115421927224834,0.0115366045345476,0.0115331492906966,0.0115319806351549,0.0115330702434541,0.0115362104526745,0.0115410310948473,0.0115470291438072,0.0115536087890637,0.0115601287457697,0.0115659530578365,0.0115705013932999,0.0115732948850985,0.0115739939289785,0.0115724249833085,0.0115685942745355,0.0115626873322543,0.0115550543818878,0.0115461827257705,0.0115366582607149,0.0115271191355392,0.0115182051811764,0.011510507098139,0.0115045194279561,0.0115006010569356,0.0114989464208749,0.0114995697438793,0.0115023036191639,0.0115068121024694,0.0115126173256613,0.0115191375413196,0.0115257335713523,0.0115317599373617,0.0115366165588154,0.0115397968493805,0.0115409283257224,0.0115398024440885,0.011536391252,0.0115308495153788,0.0115235021652979,0.0115148181018573,0.011505372495261,0.0114958006466884,0.0114867471412319,0.0114788143886317,0.0114725146756942,0.0114682295474259,0.0114661797220976,0.0114664078847765,0.0114687756675746,0.0114729749952431,0.0114785528399216,0.0114849473775514,0.0114915326532216,0.0114976682115937,0.0115027497781,0.0115062570104197,0.0115077945796914,0.0115071233680501,0.0115041793432983,0.0114990786330128,0.0114921083945407,0.0114837041825185,0.0114744155697514,0.0114648627018679,0.0114556871890096,0.0114475011988268,0.0114408387741399,0.011436113241437,0.0114335841144688,0.0114333361646921,0.0114352723793999,0.0114391214284365,0.0114444590968063,0.0114507420094293,0.0114573509724963,0.0114636404680336,0.0114689903291841,0.011472855434701,0.0114748094093205,0.011474578793916,0.0114720649198961,0.0114673517231331,0.0114606988790141,0.0114525208344471,0.0114433534551038,0.0114338110032952,0.0114245369327792,0.0114161524699102,0.0114092071082454,0.0114041349668894,0.0114012204700798,0.0114005760407743,0.0114021335286876,0.0114056499925128,0.0114107273161497,0.011416844050698,0.0114233969231038,0.0114297487102918,0.0114352786974224,0.0114394317528149,0.0114417621715652,0.0114419688553895,0.0114399190764273,0.0114356589653683,0.0114294098996257,0.0114215510651556,0.0114125895428541,0.0114031202473368,0.0113937788490501,0.0113851913766047,0.0113779244765223,0.0113724402752785,0.0113690594431362,0.0113679354268919,0.0113690419478006,0.0113721748167568,0.0113769679794964,0.0113829225586354,0.011389446601689,0.0113959023657767,0.0114016573468562,0.0114061349468588,0.0114088606911084,0.0114095002601283,0.0114078862582573,0.0114040315555031,0.0113981281335522,0.0113905315483048,0.0113817322885226,0.0113723163661016,0.0113629183342296,0.0113541705282629,0.011346652613213,0.0113408454775863,0.0113370931405595,0.0113355756729271,0.0113362952328308,0.0113390762630378,0.0113435797726247,0.011349330518427,0.0113557548938815,0.0113622265020639,0.0113681158006532,0.0113728399043135,0.0113759086347092,0.0113769632144356,0.011375804581175,0.011372409107678,0.011366930492443,0.0113596876629671,0.01135113962603,0.0113418492223412,0.0113324386163194,0.0113235400090055,0.0113157454528287,0.0113095597385639,0.0113053601048284,0.0113033660000256,0.0113036213433104,0.011305990746638,0.0113101700527363,0.0113157103997785,0.0113220539315346,0.0113285783194722,0.0113346465329382,0.0113396578525783,0.0113430960113194,0.0113445705752097,0.0113438482209972,0.011340871383212,0.0113357627669651,0.0113288153728108,0.0113204688609477,0.0113112741907954,0.0113018494133552,0.0112928301927313,0.0112848190395064,0.0112783373247384,0.0112737839024462,0.0112714036181239,0.0112712681675052,0.0112732707668415,0.0112771349914461,0.0112824370225515,0.0112886394960884,0.0112951342459695,0.0113012905470913,0.0113065050454663,0.0113102494477977,0.0113121122346141,0.0113118311377045,0.011309313844022,0.0113046453022767,0.0112980810505086,0.0112900270750994,0.0112810077672856,0.011271624477917,0.0112625079135123,0.0112542681120373,0.0112474459468327,0.0112424700101338,0.0112396223234699,0.0112390156382211,0.0112405841793498,0.0112440886219441,0.0112491349565878,0.0112552057825454,0.0112617015563743,0.0112679885036591,0.0112734493466058,0.011277532760168,0.0112797975642464,0.0112799480801695,0.0112778577922785,0.0112735794039329,0.0112673404851201,0.0112595250828168,0.0112506428045223,0.0112412878942408,0.0112320916175615,0.0112236717971383,0.0112165835519505,0.0112112751773705,0.0112080526688883,0.0112070556791783,0.0112082467686929,0.0112114147426686,0.0112161917489781,0.0112220827291505,0.0112285048520731,0.0112348337896286,0.0112404531734705,0.0112448033394744,0.0112474255358912,0.0112479981350711,0.011246362017563,0.0112425331428418,0.0112367013184055,0.01122921525312,0.0112205550506713,0.011211294283903,0.0112020546148157,0.0111934565225004,0.0111860700232928,0.0111803692863776,0.0111766947599628,0.0111752258476941,0.0111759663535725,0.0111787439075007,0.0111832234705065,0.011188933887917,0.0111953054024004,0.0112017151438319,0.0112075369542458,0.0112121915399298,0.0112151929028915,0.0112161872970764,0.0112149815581612,0.0112115585191158,0.0112060782743773,0.0111988652060551,0.011190381841047,0.0111811916731503,0.0111719139707509,0.0111631742254623,0.011155554229983,0.0111495457810165,0.0111455116896622,0.0111436571764765,0.011144013882838,0.0111464377141472,0.0111506206264524,0.0111561153655391,0.0111623711534883,0.011168777469842,0.0111747124556228,0.0111795921228745,0.0111829165039521,0.0111843091251138,0.0111835467173913,0.0111805768424816,0.0111755220532031,0.011168670255272,0.0111604520112558,0.0111514065484933,0.011142139122967,0.0111332730806717,0.0111254003902661,0.0111190345585691,0.0111145696706526,0.0111122488305036,0.0111121445505865,0.0111141527023951,0.0111180005649799,0.0111232683786336,0.0111294227191091,0.0111358590456025,0.0111419500239957,0.01114709574736,0.0111507718079945,0.0111525713363983,0.0111522376041885,0.0111496845532566,0.0111450035979746,0.0111384561656122,0.0111304525976868,0.0111215191374932,0.0111122556886496,0.0111032877676637,0.0110952165280445,0.0110885708668492,0.0110837654311637,0.0110810678457069,0.0110805777298104,0.01108221912332,0.0110857468690712,0.0110907663893708,0.0110967652367277,0.0111031538818338,0.0111093124945842,0.0111146400244756,0.0111186017223,0.011120771376118,0.011120864953396,0.0111187630174111,0.0111145201654675,0.0111083607480717,0.0111006611941757,0.011091920310424,0.0110827198661374,0.0110736785474613,0.0110654028994008,0.0110584391273627,0.0110532295794481,0.011050077380817,0.0110491220661593,0.0110503281984618,0.011053487934475,0.0110582373810967,0.0110640854760673,0.0110704531128896,0.0110767193952441,0.011082271316687,0.0110865528671376,0.0110891095996474,0.0110896250520261,0.0110879460788441,0.0110840950516292,0.0110782679512544,0.0110708185203342,0.0110622297740912,0.0110530751927466,0.0110439727486816,0.0110355354861029,0.0110283226258358,0.0110227951004943,0.0110192790486198,0.0110179401434265,0.011018770754028,0.0110215909045243,0.0110260628950065,0.0110317183699958,0.011037995649287,0.0110442843451013,0.0110499737340097,0.0110545010722016,0.0110573960594455,0.0110583179685686,0.0110570825368752,0.0110536765168569,0.0110482587443982,0.0110411476321634,0.0110327960554065,0.0110237555854715,0.0110146328653076,0.0110060415464187,0.0109985535698098,0.0109926536454353,0.0109887005550821,0.010986898383937,0.0109872800124644,0.0109897042325558,0.0109938667679524,0.0109993243651358,0.011005530065638,0.0110118768588641,0.0110177462230066,0.0110225576516605,0.0110258151723092,0.0110271470990307,0.0110263358056836,0.011023335113346,0.0110182738918926,0.0110114455974798,0.0110032846112918,0.0109943313134245,0.0109851887306346,0.0109764742653772,0.0109687703944919,0.0109625782898934,0.0109582780573035,0.0109560987361957,0.0109561004042099,0.0109581697520017,0.0109620294204971,0.0109672603062375,0.0109733350246896,0.0109796598537399,0.0109856218267733,0.0109906372563669,0.0109941978731437,0.0109959109634866,0.010995530366231,0.0109929759045623,0.010988339730941,0.0109818790820983,0.0109739960006905,0.0109652055991444,0.0109560953413935,0.0109472785302406,0.0109393456562198,0.0109328174498284,0.0109281033651362,0.0109254688138001,0.0109250137922127,0.0109266646509763,0.0109301797141324,0.010935168348422,0.0109411219992714,0.0109474547381631,0.0109535500859278,0.0109588103542261,0.0109627045299827,0.0109648108358532,0.0109648505263691,0.0109627101887126,0.0109584507500245,0.0109523024731368,0.0109446463612737,0.010935983495114,0.010926894799907,0.010917994504559,0.0109098810478954,0.0109030893732644,0.0108980484207256,0.0108950471897037,0.0108942120405942,0.0108954969907082,0.010898687715725,0.0109034188793694,0.0109092033677923,0.0109154710797442,0.0109216141866161,0.0109270352826253,0.0109311946327915,0.0109336528103038,0.0109341053858692,0.0109324069573245,0.0109285826389721,0.0109228261053509,0.0109154843319312,0.010907030215975,0.0108980252127624,0.0108890749103019,0.010880781028707,0.010873693625973,0.0108682672955164,0.0108648248475758,0.0108635313931539,0.0108643809365365,0.0108671965940214,0.0108716444711467,0.0108772601349583,0.0108834855987891,0.0108897138775931,0.010895337544808,0.0108997973829432,0.0109026272012302,0.0109034911978305,0.01090221084642,0.0108987791372393,0.0108933610305709,0.0108862801009416,0.0108779924704172,0.0108690501564843,0.0108600568097374,0.010851619419657,0.0108442998750725,0.0108385702567802,0.0108347754178635,0.0108331058033591,0.0108335826273943,0.0108360565318212,0.0108402197756923,0.0108456309354536,0.0108517501163102,0.0108579818614554,0.0108637223579691,0.0108684072176809,0.0108715560796895,0.0108728105395278,0.0108719624377768,0.0108689702963235,0.0108639626141102,0.0108572277559371,0.010849191212207,0.0108403819970788,0.0108313908107471,0.0108228232484857,0.0108152517402461,0.0108091700182922,0.0108049537288801,0.0108028303398873,0.0108028607794838,0.0108049343202416,0.0108087771682981,0.0108139741157219,0.0108200015594456,0.0108262692685893,0.0108321675662289,0.0108371161387524,0.0108406105374099,0.0108422626119592,0.0108418316052581,0.0108392433979222,0.0108345963562189,0.0108281533231351,0.0108203204154789,0.0108116143591235,0.0108026210205463,0.0107939484954417,0.0107861785361474,0.0107798202102828,0.0107752694825921,0.010772777920691,0.010772432981858,0.0107741514004012,0.0107776861420744,0.0107826463138572,0.0107885284024068,0.0107947563382503,0.0108007272054787,0.0108058589864793,0.0108096365825941,0.0108116524982889,0.0108116390051756,0.0108094892741052,0.0108052658231497,0.0107991956131122,0.0107916521607985,0.0107831260570102,0.010774186190285,0.0107654347138969,0.0107574592943024,0.0107507864071881,0.0107458393848853,0.0107429045659541,0.0107421082740044,0.0107434065027825,0.0107465881763721,0.0107512917700823,0.0107570340062455,0.01076324836276,0.0107693303282858,0.0107746857754441,0.0107787785548642,0.0107811734660059,0.0107815711313231,0.0107798319559866,0.0107759872408621,0.0107702365597259,0.0107629316279719,0.0107545479865159,0.0107456468087392,0.0107368299284896,0.010728691720165,0.0107217716973157,0.010716511618128,0.0107132205037975,0.0107120503235117,0.0107129842340509,0.0107158382546592,0.010720276189414,0.0107258365640467,0.0107319694041162,0.0107380799201464,0.0107435756403592,0.0107479132790703,0.010750641662964,0.0107514373532534,0.0107501301756932,0.0107467166601701,0.0107413603359712,0.0107343788533637,0.0107262189279183,0.0107174210553705,0.0107085767519785,0.0107002816756566,0.010693088324846,0.0106874620625377,0.0106837439657531,0.0106821234760642,0.0106826230652729,0.010685096187775,0.0106892387360603,0.0106946131303671,0.0107006831482731,0.0107068567234471,0.0107125332892229,0.0107171518643005,0.010720236005549,0.0107214319953891,0.0107205371734082,0.010717516121819,0.0107125034041372,0.0107057926507815,0.0106978128925496,0.0106890940732364,0.0106802245429441,0.0106718039717589,0.0106643954765521,0.010658480795093,0.0106544220740288,0.0106524332884935,0.0106525635279674,0.0106546934278736,0.0106585449755105,0.0106637038581494,0.0106696525371531,0.0106758114013137,0.0106815847351839,0.0106864078761135,0.0106897918521958,0.01069136199943,0.0106908875347079,0.0106882997729068,0.0106836975636684,0.0106773395174273,0.0106696236174504,0.0106610557999402,0.0106522099530798,0.0106436824691368,0.0106360449253758,0.0106297986329397,0.0106253346637448,0.0106229025512797,0.0106225901902913,0.0106243165818022,0.0106278380511363,0.0106327674889519,0.0106386051156432,0.0106447783332324,0.010650687483646,0.0106557538411489,0.0106594659735906,0.0106614207301001,0.0106613555426178,0.0106591694302906,0.0106549310120786,0.0106488728893461,0.0106413728690134,0.0106329235655956,0.0106240928570952,0.0106154783986447,0.0106076598620683,0.0106011527346938,0.0105963673659562,0.0105935765094974,0.0105928939100054,0.0105942655881766,0.0105974744596883,0.0106021578669743,0.0106078365881459,0.010613952993127,0.0106199153108487,0.0106251445064229,0.010629120077376,0.0106314211749081,0.0106317598298245,0.0106300036836189,0.0106261864456701,0.0106205052548421,0.0106133051443787,0.0106050518149994,0.0105962948368075,0.0105876241569601,0.0105796233280094,0.0105728231466479,0.0105676593785619,0.0105644379401192,0.0105633103335554,0.0105642613321344,0.0105671099456111,0.0105715236384065,0.0105770447070012,0.0105831267369729,0.0105891782364378,0.0105946099506246,0.0105988820520084,0.0106015473992947,0.0106022873694336,0.0106009373659964,0.0105974999453082,0.0105921445080106,0.0105851935945779,0.0105770969093676,0.0105683951902929,0.010559676857554,0.0105515309467048,0.010544500112305,0.0105390374604412,0.0105354706400108,0.0105339760244189,0.0105345649964891,0.0105370833755005,0.0105412239757891,0.0105465512480712,0.0105525360108466,0.0105585975005827,0.0105641494106326,0.0105686462893636,0.0105716266504462,0.0105727494150228,0.0105718208346013,0.0105688097904591,0.0105638502705819,0.010557230821337,0.010549371786409,0.010540792104245,0.0105320682610093,0.0105237886207459,0.0105165067277598,0.0105106972706782,0.0105067182067235,0.0105047820794806,0.0105049388530483,0.0105070716797976,0.0105109059886179,0.0105160312106908,0.0105219334391587,0.0105280364303763,0.0105337476701216,0.0105385058054044,0.0105418256194763,0.0105433369178377,0.0105428141818367,0.0105401945936668,0.0105355829808985,0.0105292432926849,0.0105215773148606,0.0105130923646131,0.0105043605905742,0.0104959731700621,0.0104884930914693,0.0104824103078208,0.0104781028400516,0.0104758069121443,0.0104755984575361,0.0104773874134945,0.0104809251974718,0.0104858247192436,0.0104915913027437,0.0104976620430382,0.0105034504713571,0.0105083929966564,0.0105119934678164,0.0105138623622246,0.0105137475357617,0.0105115541299837,0.0105073520757771,0.0105013705984242,0.0104939801444809,0.0104856631363814,0.0104769758380365,0.0104685043165112,0.0104608179588663,0.0104544242128068,0.010449728144278,0.0104470000439088,0.0104463536909995,0.0104477370464805,0.010450936162321,0.0104555920417701,0.0104612291447569,0.0104672932880908,0.0104731959188761,0.0104783612094479,0.0104822721809591,0.0104845121327197,0.0104847980298398,0.0104830031514763,0.0104791671729164,0.0104734928756815,0.0104663297665883,0.0104581459484967,0.0104494905336707,0.010440949647001,0.0104330995701416,0.0104264607901978,0.010421456623911,0.0104183797016173,0.0104173689490235,0.0104183988536977,0.0104212818170585,0.0104256833512879,0.0104311488673917,0.0104371398953259,0.0104430768490227,0.0104483849517974,0.0104525397054707,0.0104551083343318,0.0104557839574499,0.0104544098148221,0.0104509916507099,0.0104456972814672,0.0104388433743017,0.0104308704614045,0.010422308135193,0.0104137331450682,0.0104057236840904,0.0103988134692614,0.0103934492534447,0.0103899551537642,0.0103885066573877,0.0103891164102485,0.0103916329657871,0.0103957526412861,0.0104010435792656,0.010406980124266,0.0104129847824697,0.010418474405166,0.0104229068820861,0.0104258245790494,0.0104268910112894,0.0104259177883843,0.0104228796546699,0.0104179164161708,0.0104113216115466,0.0104035188611507,0.0103950278245367,0.0103864225303682,0.0103782854468001,0.0103711609881079,0.0103655121806865,0.0103616839385601,0.0103598758500667,0.0103601266012916,0.0103623112237098,0.010366151330387,0.0103712374785052,0.0103770618456963,0.010383058606872,0.0103886488075442,0.0103932861923048,0.010396500386188,0.0103979340439416,0.0103973710596458,0.0103947536297262,0.0103901868323828,0.0103839303591801,0.0103763780358027,0.0103680267234137,0.0103594370276076,0.0103511888942452,0.0103438355875743,0.010337859689797,0.0103336346184995,0.0103313947382491,0.0103312164764765,0.0103330119911702,0.0103365359438402,0.0103414048827964,0.0103471277238345,0.0103531449127,0.0103588731420922,0.0103637520350044,0.0103672890350726,0.0103690988797945,0.0103689344653845,0.0103667066086689,0.0103624911137124,0.0103565225829211,0.010349175488351,0.0103409340506739,0.0103323533760195,0.0103240149996932,0.0103164804228664,0.0103102463701398,0.0103057053359611,0.0103031145445822,0.010302575760673,0.0103040275115215,0.0103072502872434,0.010311884253656,0.0103174580272774,0.010323426200994,0.0103292126362212,0.0103342561000076,0.0103380546543846,0.0103402053129662,0.0103404358579902,0.0103386263291309,0.0103348185034405,0.0103292126207563,0.0103221516012388,0.0103140939783475,0.0103055776576426,0.0102971773390637,0.0102894589487012,0.0102829346744963,0.0102780221690231,0.010275011172329,0.0102740402385697,0.0102750854615282,0.0102779621448455,0.0102823393287458,0.010287766050947,0.0102937072698452,0.0102995865901731,0.0103048323696089,0.0103089234977483,0.0103114311537175,0.0103120531675168,0.0103106382076245,0.010307197843289,0.0103019055153439,0.0102950825126428,0.0102871721047884,0.0102787039385968,0.0102702515865623,0.0102623866765866,0.0102556332910602,0.0102504262820811,0.0102470768153659,0.0102457478588273,0.0102464415238614,0.0102489992148058,0.0102531145220929,0.0102583577885403,0.010264210364933,0.0102701058208521,0.0102754748454416,0.0102797902985639,0.0102826088735794,0.0102836061066698,0.0102826019922911,0.010279575199631,0.0102746647744455,0.0102681591862994,0.0102604735689034,0.0102521169260222,0.0102436518664836,0.010235650027049,0.0102286466933833,0.0102230982079889,0.0102193455521062,0.0102175870192815,0.0102178621937922,0.0102200485577469,0.0102238710445757,0.0102289238157223,0.0102347025494096,0.010240644677343,0.0102461743555438,0.0102507485606337,0.0102539005970248,0.0102552774983728,0.0102546682971315,0.0102520208791259,0.0102474460701645,0.0102412086383422,0.0102337059542091,0.0102254360479981,0.010216957658321,0.0102088455074096,0.0102016444084327,0.010195825882344,0.0101917507368448,0.0101896405646523,0.0101895603947077,0.0101914138332187,0.0101949510310935,0.0101997887926834,0.0102054411845093,0.0102113581890862,0.0102169693363128,0.0102217288719073,0.0102251589124431,0.0102268871994791,0.0102266764922649,0.0102244432974625,0.0102202644709727,0.0102143711731363,0.0102071306420718,0.0101990171994792,0.0101905747495071,0.010182373708327,0.0101749657533862,0.0101688399677864,0.0101643838604497,0.0101618523735381,0.0101613473719316,0.0101628092901582,0.0101660216508952,0.0101706281404375,0.0101761609136429,0.0101820778881103,0.0101878060514518,0.0101927873085891,0.0101965231799609,0.0101986147451382,0.0101987946043384,0.0101969482736088,0.0101931232868128,0.0101875252782083,0.0101805013786808,0.0101725122866629,0.0101640952861573,0.0101558212064207,0.0101482487946533,0.0101418801670259,0.0101371208990971,0.010134247923721,0.0101333877596305,0.0101345067553657,0.0101374140717568,0.0101417771173051,0.0101471481706396,0.0101530000479601,0.0101587679711788,0.0101638943201951,0.0101678727441706,0.0101702881715508,0.0101708495866483,0.0101694130068261,0.0101659928588045,0.0101607608589662,0.0101540324794162,0.0101462420512165,0.0101379084445433,0.0101295940076486,0.0101218599873561,0.010115221948065,0.010110108724308,0.0101068281775998,0.0101055425020776,0.0101062550782745,0.0101088099672673,0.0101129041348583,0.0101181114731982,0.0101239167290804,0.0101297566372857,0.0101350649646275,0.010139317844796,0.0101420757509366,0.0101430187159105,0.0101419719517812,0.0101389197988074,0.0101340068847625,0.0101275264156604,0.0101198965611994,0.0101116268585493,0.0101032773599727,0.0100954138273648,0.0100885625809798,0.0100831686164461,0.0100795603193104,0.0100779235604681,0.0100782871960988,0.01008052108088,0.0100843467037236,0.0100893595522589,0.0100950613901212,0.0101008998642249,0.010106312302572,0.0101107702513984,0.0101138212526272,0.0101151245836835,0.0101144781584067,0.0101118344834784,0.0101073044220202,0.0101011484658425,0.0100937561891304,0.0100856154794926,0.0100772739487774,0.0100692955509704,0.0100622158244823,0.010056499298098,0.0100525024441395,0.0100504451406922,0.0100503929463484,0.0100522516427219,0.0100557745263164,0.0100605819103098,0.0100661913121555,0.0100720559347398,0.010077608367885,0.0100823060011962,0.0100856744887839,0.0100873457570829,0.0100870874863674,0.0100848216862169,0.0100806308679995,0.01007475132322,0.0100675540647714,0.010059514990515,0.0100511766981554,0.0100431050434549,0.0100358439400837,0.0100298720229546,0.0100255646317395,0.0100231641302357,0.0100227608942329,0.0100242864334022,0.0100275191381816,0.0100321021430892,0.0100375718500952,0.0100433948274975,0.0100490101513668,0.010053873839322,0.0100575018752281,0.0100595084482494,0.0100596364145956,0.0100577776006279,0.0100539813558856,0.0100484506788258,0.0100415262095618,0.0100336593356736,0.0100253765119477,0.0100172375864964,0.0100097914043727,0.0100035321903844,0.00999886017293281,0.00999604959488973,0.00999522668481816,0.00999635937790723,0.00999925964626465,0.0100035982964854,0.0100089310941527,0.0100147341568257,0.0100204457954666,0.0100255114481438,0.0100294280888063,0.0100317845299569,0.0100322943658294,0.0100308188947292,0.0100273781697458,0.0100221492918986,0.0100154520982735,0.0100077234203779,0.00999948200869565,0.00999128696478154,0.00998369303497903,0.00997720635984859,0.00997224422045913,0.0099691019815113,0.00996792983459838,0.00996872114738791,0.00997131329417671,0.00997540085320563,0.00998056008110793,0.00998628269074906,0.00999201623591712,0.00999720790174011,0.0100013482492614,0.0100040114797834,0.0100048890642231,0.0100038141037105,0.0100007745125016,0.00999591398820388,0.00998952068844632,0.00998200449263689,0.00997386461956185,0.00996565013057738,0.00995791641655253,0.00995118109793604,0.00994588283070167,0.00994234629747927,0.00994075618804567,0.00994114227301731,0.00994337680223588,0.00994718448116004,0.00995216427062029,0.00995782129903485,0.00996360635172081,0.00996895977892824,0.00997335629543937,0.00997634706173414,0.00997759564864284,0.00997690497865991,0.00997423306813884,0.00996969630482625,0.00996356000811082,0.00995621705080739,0.00994815628635029,0.0099399233447436,0.00993207696755084,0.00992514439772123,0.00991957939816146,0.00991572624272455,0.00991379252733767,0.00991383293009702,0.0099157451665254,0.00991927841112551,0.00992405346763163,0.00992959304750151,0.009935359731439,0.00994079860064975,0.0099453811739438,0.00994864719659297,0.00995024100232924,0.0099499395983772,0.00994767027335625,0.00994351634871749,0.00993771062085722,0.00993061700050601,0.00992270177638933,0.00991449674410408,0.0099065570878701,0.00989941733001888,0.00989354883186866,0.00988932222218271,0.00988697775290985,0.00988660596669107,0.00988814025443731,0.00989136194331911,0.00989591755553845,0.00990134689528431,0.00990711973857339,0.0099126781956012,0.00991748134759094,0.00992104856749089,0.00992299803089183,0.00992307730479807,0.00992118354044363,0.00991737164154246,0.00991184975920546,0.00990496249429334,0.009897163181166,0.00988897750456662,0.00988096139469954,0.00987365659779865,0.0098675474918261,0.00986302259620811,0.00986034382615261,0.00985962590575781,0.00986082753469655,0.00986375496475729,0.00986807765654315,0.0098733547314323,0.00987907008801817,0.00988467338360095,0.00988962363853147,0.00989343203176607,0.00989570052949937,0.00989615331947025,0.00989465858853459,0.00989123893763826,0.00988606961633922,0.00987946470861402,0.00987185234118473,0.00986374084604403,0.00985567852504359,0.0098482101785334,0.00984183382809909,0.00983696106222241,0.00983388416297283,0.00983275265162818,0.00983356115818778,0.00983614962672902,0.00984021588418341,0.00984533960488237,0.00985101578091144,0.00985669503535399,0.00986182755366717,0.00986590710375814,0.00986851159546334,0.00986933690130475,0.00986822120370078,0.0098651579036578,0.00986029605646057,0.00985392831271862,0.00984646735522638,0.00983841275109346,0.00983031090806177,0.00982271137030736,0.00981612296858664,0.00981097333281648,0.00980757498694817,0.00980610070274632,0.00980657003643329,0.00980884807208511,0.00981265642163807,0.00981759556232691,0.00982317670465401,0.00982886064524128,0.00983410052392906,0.00983838511184823,0.0098412792274864,0.00984245811134264,0.00984173306748831,0.00983906636494242,0.00983457423072701,0.00982851769534951,0.00982128199905075,0.00981334616132835,0.00980524508981076,0.0097975271989086,0.00979071087636302,0.00978524324382942,0.00978146449249763,0.0097795806468468,0.00977964695260803,0.00978156325080467,0.00978508175186996,0.0097898266332401,0.00979532392825899,0.00980103933383699,0.00980642091312423,0.00981094326461108,0.00981414960306155,0.00981568835900784,0.00981534133963565,0.00981304117323958,0.00980887662971517,0.00980308539803167,0.00979603492223961,0.00978819286289041,0.00978008958269159,0.00977227568945943,0.00976527805666373,0.00975955785020995,0.00975547391026258,0.00975325438716321,0.00975297885328965,0.00975457226753491,0.00975781122420959,0.0097623419457416,0.00976770855402974,0.00977338935209653,0.00977883822962742,0.0097835279191829,0.00978699169930343,0.00978886027229613,0.00978889092714518,0.00978698670362396,0.00978320405638758,0.00977774841619077,0.00977095798924595,0.00976327705359099,0.00975522083512305,0.00974733471332048,0.00974015096411802,0.00973414645583781,0.00972970465448559,0.00972708497014938,0.00972640191005857,0.00972761573719172,0.00973053542297434,0.0097348337000642,0.0097400730468008,0.00974574054936792,0.0097512888641634,0.00975617999968608,0.00975992839683181,0.00976213983215125,0.00976254300014374,0.00976101122256818,0.00975757253483812,0.00975240734377513,0.00974583385898479,0.00973828248983299,0.00973026129057307,0.00972231525405438,0.00971498274032822,0.00970875254197354,0.00970402501842599,0.00970108038631407,0.00970005666266813,0.00970093897358638,0.00970356102867307,0.00970761859542716,0.00971269386378046,0.0097182887403412,0.00972386441873786,0.00972888409031469,0.00973285542582374,0.00973536948995693,0.00973613303979667,0.00973499167963602,0.00973194205817245,0.00972713214830395,0.00972084958128178,0.00971349894271395,0.00970556980284238,0.00969759798069908,0.00969012307854103,0.00968364563032337,0.00967858725880586,0.00967525701808095,0.00967382662199965,0.0096743165613829,0.00967659425269547,0.00968038440752154,0.00968529083761944,0.00969082798700533,0.00969645968548891,0.0097016420192036,0.00970586686941983,0.00970870261159154,0.00970982869316037,0.009709061299547,0.00970636803516738,0.0097018704362048,0.00969583412258067,0.00968864740230873,0.00968079007458965,0.00967279496203033,0.00966520527794828,0.00965853125904909,0.00965320954016736,0.00964956851035977,0.00964780238957296,0.00964795604983421,0.00964992173901966,0.00965344791920965,0.00965815947620591,0.00966358766335645,0.00966920738227575,0.00967447883758648,0.0096788902758696,0.00968199844991811,0.00968346363690339,0.00968307646732453,0.00968077446126137,0.00967664697357856,0.00967092815724287,0.0096639784902848,0.00965625630440814,0.00964828153670418,0.00964059454388735,0.00963371322165959,0.00962809182238771,0.00962408474438506,0.00962191818397396,0.00962167192966379,0.00962327278462562,0.00962650018738036,0.0096310036280505,0.00963633050478922,0.00964196221285229,0.00964735558252482,0.00965198634021809,0.00965539109516136,0.00965720446547151,0.00965718834448816,0.00965525094231947,0.00965145406803273,0.00964600807488326,0.0096392548928031,0.00963164053521741,0.00962367931325823,0.00961591265214273,0.00960886582911159,0.00960300610580533,0.00959870559887064,0.00959621183440339,0.00959562830048976,0.00959690650220952,0.00959985010210451,0.00960413077018476,0.0096093144461902,0.00961489590406885,0.00962033886670736,0.00962511849636925,0.00962876291395991,0.00963089048840526,0.00963123997604987,0.00962969115110607,0.00962627430959605,0.00962116789650974,0.0096146844340315,0.00960724584543379,0.00959935010196175,0.00959153180404565,0.00958431979208358,0.00957819512945221,0.00957355278952772,0.00957067010402434,0.00956968450781727,0.00957058238524461,0.00957319994415394,0.00957723608767335,0.00958227629426181,0.00958782562767426,0.00959334825157964,0.00959831028368555,0.00960222254138767,0.00960467973148064,0.00960539291983021,0.00960421265848834,0.00960114090364151,0.00959633076777973,0.009590074138929,0.00958277818478989,0.00957493265651965,0.00956707064223985,0.00955972593712206,0.00955339045613765,0.00954847509715002,0.00954527716791603,0.00954395694722308,0.00954452520640506,0.00954684263706716,0.00955063118454337,0.00955549634689473,0.00956095863841307,0.00956649170265852,0.00957156404999839,0.0095756811263248,0.00957842440842299,0.00957948446302709,0.00957868538118735,0.00957599867321365,0.00957154553276319,0.00956558728778253,0.00955850477897831,0.00955076827198303,0.00954290025318739,0.00953543402622592,0.00952887137107413,0.00952364261888895,0.00952007232080349,0.0095183532591076,0.00951853089812385,0.00952049955051245,0.00952401060572337,0.00952869220270943,0.00953407880595178,0.00953964833853148,0.00954486390609124,0.00954921676331611,0.00955226706289981,0.00955367909737944,0.0095532481852597,0.0095509170293596,0.00954678023078444,0.00954107660444283,0.00953416993165214,0.00952651972096701,0.00951864435291307,0.00951107959084365,0.00950433579927315,0.00949885729671677,0.00949498708024236,0.00949293971357299,0.00949278450662711,0.00949444028464792,0.00949768211647611,0.0095021594207184,0.00950742397373656,0.00951296557421111,0.00951825253141836,0.00952277377904654,0.00952607929943433,0.00952781568366002,0.00952775404030735,0.00952580806854664,0.00952204088085125,0.00951666003777074,0.00951000117597357,0.00950250150261802,0.00949466522549855,0.00948702362697628,0.00948009292019033,0.00947433321464552,0.00947011184839245,0.00946767401676106,0.00946712306342769,0.00946841204004042,0.00947134724609157,0.00947560350415684,0.00948074998371479,0.00948628453367187,0.00949167378805843,0.00949639583034378,0.00949998198330013,0.00950205435423559,0.00950235610487344,0.00950077200194252,0.00949733759045435,0.00949223625411603,0.00948578441151892,0.00947840606032715,0.00947059874245296,0.00946289368892928,0.00945581335955326,0.00944982978590402,0.00944532704488307,0.00944257084217109,0.00944168760093729,0.0094426546804414,0.00944530245598196,0.00944932804859675,0.00945431957440954,0.00945978896105437,0.00946521071571179,0.00947006357553159,0.00947387175855348,0.00947624257453602,0.00947689744554953,0.00947569390456986,0.00947263684815342,0.00946787816129512,0.00946170474126099,0.00945451585142307,0.00944679156887472,0.00943905479107689,0.00943182978387945,0.00942560054161638,0.00942077226045391,0.00941763899286412,0.00941636007332538,0.00941694722198481,0.00941926339558675,0.00942303352345317,0.00942786631107566,0.00943328539411324,0.00943876736059327,0.00944378359620028,0.00944784259248607,0.00945052931319787,0.00945153844315816,0.00945069883257318,0.0094479871615548,0.00944352972671347,0.00943759221803503,0.00943055832712461,0.00942289892800247,0.00941513432825478,0.00940779264101475,0.00940136763026462,0.00939627940755886,0.00939284110853261,0.00939123417935927,0.00939149420270003,0.00939350834702762,0.00939702459776083,0.00940167199537011,0.00940699023964379,0.00941246629079478,0.00941757506255068,0.00942182099663243,0.00942477725056102,0.00942611942402956,0.00942565117966795,0.00942331975021135,0.00941922011616667,0.00941358752325119,0.00940677891862458,0.00939924475118481,0.00939149333939197,0.009384050601534,0.00937741831964838,0.00937203423705839,0.00936823715864708,0.00936623984174376,0.00936611186198769,0.00936777385712449,0.00937100365100465,0.00937545381011215,0.00938067926242614,0.00938617278960727,0.00939140555726595,0.00939586942986166,0.00939911766294165,0.00940080069022336,0.00940069411687288,0.00939871666026268,0.00939493659369494,0.00938956618066366,0.0093829445612979,0.0093755104882329,0.00936776712781702,0.00936024177576224,0.00935344373329653,0.00934782372152951,0.00934373807167182,0.00934142053107607,0.00934096390288275,0.00934231294114956,0.00934526901954234,0.00934950615487772,0.00935459707321083,0.00936004722504204,0.00936533404485635,0.00936994835208419,0.00937343463378615,0.00937542704535572,0.00937567830679954,0.00937407923156299,0.00937066735807596,0.00936562400420054,0.0093592599672975,0.00935199098026041,0.00934430483944957,0.0093367227809672,0.0093297581436328,0.00932387558207807,0.00931945406279622,0.00931675659119379,0.00931590909930972,0.00931689020934183,0.00931953273029496,0.00932353681008296,0.00932849372809432,0.00933391845110125,0.00933928836002029,0.00934408504609881,0.00934783581587875,0.00935015155818185,0.00935075791457875,0.00934951723507507,0.00934643954850055,0.00934168166965316,0.00933553452831413,0.00932839975913485,0.00932075745763281,0.00931312771484591,0.00930602903436246,0.00929993697226828,0.00929524630677098,0.0092922397454813,0.00929106564057966,0.00929172645023069,0.00929407881952587,0.00929784522751761,0.00930263623362609,0.00930798152794357,0.00931336730773781,0.0093182770172495,0.00932223223596794,0.00932483050063288,0.00932577709614663,0.00932490832797426,0.00932220445477173,0.00931779126469451,0.00931193016347105,0.00930499754093506,0.00929745502527576,0.00928981295344316,0.00928258992536614,0.00927627162789215,0.0092712721870791,0.00926790112546732,0.00926633857252276,0.00926662073119943,0.00926863679254533,0.00927213758052369,0.0092767552737673,0.00928203266154205,0.00928745961620998,0.00929251386801428,0.00929670280508877,0.00929960292852791,0.00930089377826238,0.00930038359213197,0.00929802462843696,0.00929391691769421,0.00928830014753948,0.0092815343497199,0.00927407096732452,0.00926641665449533,0.0092590927358747,0.00925259358645123,0.00924734726306558,0.00924368152375667,0.00924179792590577,0.00924175603485729,0.00924346895761836,0.00924671051065419,0.00925113341017879,0.0092562970084274,0.00926170235481672,0.00926683179405874,0.00927118996888691,0.00927434299887432,0.00927595276219071,0.00927580359727853,0.00927381933473194,0.00927006932297465,0.00926476296997456,0.00925823322159073,0.00925091026392911,0.0092432875041038,0.00923588249344439,0.00922919586470599,0.00922367152771014,0.00921966128722716,0.00921739671254794,0.00921697052315901,0.00921832900482243,0.00922127609648814,0.00922548885968856,0.0092305431291982,0.00923594731840924,0.00924118168384788,0.00924573989985184,0.00924916959802186,0.00925110860348662,0.00925131394384086,0.00924968128820044,0.00924625324723897,0.00924121586896595,0.00923488362511022,0.00922767411776557,0.00922007456557244,0.00921260278441428,0.00920576580804671,0.00920001946829661,0.0091957321615488,0.00919315567766448,0.00919240538900406,0.00919345133856553,0.00919612089093225,0.00920011268978189,0.00920502077494856,0.0092103669195597,0.00921563861265853,0.00922032968134688,0.00922398035011405,0.00922621358791555,0.00922676489131072,0.00922550317072467,0.00922244110519597,0.00921773415389484,0.00921166829698354,0.00920463745756068,0.00919711236474117,0.00918960329395156,0.0091826196110924,0.00917662931191344,0.00917202176310712,0.00916907661344962,0.00916794136828981,0.00916861944425064,0.00917096969475196,0.00917471748461006,0.00917947646531959,0.00918477933651238,0.00919011514550378,0.00919497013849839,0.00919886888054987,0.00920141233228089,0.00920230981229541,0.00920140226546832,0.00919867495927107,0.00919425858683654,0.00918841869667194,0.00918153431650022,0.00917406751277522,0.00916652635506331,0.00915942427685021,0.0091532391010703,0.00914837501023009,0.00914513048853276,0.00914367476936473,0.00914403462803704,0.00914609252548679,0.00914959620321031,0.00915417892574934,0.00915938873453222,0.00916472437801025,0.00916967506951368,0.00917376093413629,0.00917657096110758,0.00917779548146446,0.00917725062538471,0.00917489284416266,0.00917082235875135,0.0091652752606089,0.00915860487636874,0.00915125384884252,0.00914371911826829,0.00913651255177103,0.00913012032042591,0.00912496423402471,0.00912136810418241,0.00911953182547523,0.00911951526760906,0.00912123330139048,0.00912446239616638,0.00912885829802086,0.00913398340356721,0.00913934165789134,0.00914441819060339,0.00914872051100269,0.00915181794617507,0.00915337613932428,0.00915318382205743,0.00915116970087791,0.00914740810067975,0.00914211291897137,0.00913562038996704,0.00912836206221226,0.00912083018324684,0.0091135382931091,0.00910698020360164,0.0091015906532437,0.00909771077489632,0.00909556111172846,0.00909522430194885,0.00909663877243081,0.00909960389844805,0.00910379617403781,0.00910879507057952,0.00911411650812197,0.00911925127965107,0.00912370539284066,0.00912703915312056,0.009128901917447,0.00912905979270104,0.00912741410882533,0.00912400921951332,0.00911902901596054,0.00911278241933355,0.00910567897986656,0.00909819648902851,0.0090908431443151,0.00908411724282992,0.00907846758514298,0.00907425772835077,0.00907173693834321,0.00907102017505477,0.00907207873779969,0.00907474235490738,0.00907871258974509,0.00908358652674397,0.0090888888691432,0.00909410989238279,0.00909874621175235,0.00910234108400241,0.00910452099259707,0.00910502556348236,0.00910372839699977,0.00910064713705713,0.00909594197141156,0.00908990269588895,0.00908292540249499,0.00907548068832222,0.00906807595963693,0.00906121487020737,0.00905535715042525,0.0090508820389551,0.00904805822553545,0.00904702267759733,0.00904777000029985,0.00905015313181365,0.00905389527342778,0.00905861206828871,0.00906384224076787,0.00906908425145083,0.00907383606148444,0.00907763486937556,0.0090800936982009,0.00908093196629929,0.00907999764793029,0.00907727928670881,0.00907290691605274,0.00906714180780656,0.0090603558448915,0.00905300212761313,0.00904557911372375,0.00903859110745317,0.00903250821238335,0.00902772892050388,0.00902454831601161,0.00902313443981182,0.00902351472276275,0.0090255736029771,0.00902906155616732,0.00903361485564539,0.00903878451227549,0.00904407209595484,0.00904896957393679,0.00905299996695355,0.00905575554945447,0.00905693051193206,0.00905634544657869,0.009053961678137,0.00904988428681411,0.00904435359018975,0.0090377257879476,0.00903044434822467,0.00902300445641833,0.00901591339780434,0.00900965006111505,0.00900462680680163,0.0090011567379376,0.00899942896310614,0.00899949378886631,0.00900125897949747,0.00900449733845402,0.00900886496936048,0.00901392873478211,0.00901920071397097,0.00902417692129428,0.00902837722502184,0.0090313833239774,0.00903287180128584,0.0090326396660709,0.0090306203842859,0.00902688914296661,0.0090216569313038,0.00901525389377984,0.00900810324982072,0.00900068781706432,0.00899351176350039,0.00898706059983735,0.00898176257529817,0.00897795454349159,0.00897585502528329,0.00897554663702318,0.00897696931678692,0.00897992492554382,0.00898409289197286,0.0089890556818677,0.0089943320774262,0.00899941561317741,0.00900381508791978,0.00900709389340998,0.00900890498799635,0.00900901869122236,0.00900734105497888,0.00900392133027313,0.00899894793336991,0.0089927332485642,0.00898568850987703,0.00897829080470784,0.00897104487193737,0.00896444277423381,0.00895892467926182,0.00895484387862868,0.00895243881869573,0.00895181434448247,0.00895293361341459,0.00895562128028753,0.00895957765814186,0.00896440269409064,0.00896962783250387,0.00897475322830536,0.00897928736487084,0.00898278595328474,0.00898488705498232,0.00898533967254886,0.00898402356963896,0.0089809587692643,0.00897630398583218,0.00897034410837891,0.00896346770619518,0.00895613631022604,0.00894884787466637,0.00894209729085413,0.00893633707035231,0.00893194131418512,0.00892917583898822,0.00892817685641021,0.0089289399345139,0.00893132015879685,0.00893504351824399,0.00893972863971085,0.00894491715650981,0.00895011029419222,0.00895480874594812,0.00895855263479827,0.00896095834378838,0.00896174924219384,0.00896077782680437,0.00895803749209293,0.00895366298384747,0.00894791950848642,0.00894118138992361,0.00893390201166282,0.00892657748268827,0.00891970696273247,0.0089137528364346,0.00890910392065591,0.0089060446302493,0.00890473253811033,0.00890518608430125,0.00890728337118041,0.008910772094876,0.00891528978247374,0.00892039269934641,0.00892559112105978,0.00893038817566973,0.00893431919020961,0.00893698844243731,0.00893810043026213,0.00893748320884505,0.00893510197059679,0.00893106180489073,0.00892559941551268,0.00891906443495641,0.00891189179184643,0.00890456729560609,0.00889758914192332,0.00889142837032511,0.00888649139782241,0.00888308760419776,0.00888140456311917,0.00888149292176527,0.00888326217164083,0.00888648768512428,0.00889082848878761,0.00889585438019685,0.0089010802381234,0.00890600478692547,0.00891015070411067,0.008913102840921,0.0089145414726781,0.00891426789617929,0.00891222031047907,0.00890847870318358,0.00890325835431197,0.00889689249277265,0.00888980551980614,0.0088824789743373,0.00887541299297954,0.00886908636755188,0.00886391840104514,0.00886023560417187,0.00885824587279386,0.00885802217487835,0.00885949700576474,0.00886246800766933,0.00886661426430128,0.00887152194306958,0.00887671722940783,0.00888170393510916,0.00888600280775546,0.00888918944670013,0.00889092784897973,0.00889099695479553,0.00888930811064587,0.00888591207876067,0.00888099504021231,0.00887486390110503,0.00886792204804237,0.00886063744686441,0.00885350558278145,0.00884701015548908,0.00884158463455325,0.00883757772759332,0.00883522551656828,0.00883463249898987,0.00883576307335652,0.00883844418524196,0.00884237896328286,0.00884717029022358,0.00885235244603454,0.00885742829868819,0.00886190906144265,0.00886535342091828,0.00886740288381086,0.00886781048885433,0.0088664605638989,0.00886337793472333,0.00885872585115911,0.00885279281234662,0.00884596936894571,0.00883871678480416,0.00883153009202466,0.00882489851930711,0.00881926647501396,0.0088149982058968,0.00881234893832706,0.00881144477394364,0.00881227290358712,0.00881468287839737,0.00881839879774859,0.00882304140904796,0.00882815833555954,0.0088332600186945,0.00883785852748698,0.00884150617766357,0.00884383092708466,0.00884456577108033,0.00884356983295338,0.008840839496348,0.00883650870528441,0.00883083840284977,0.00882419592707097,0.00881702597024085,0.00880981537607718,0.00880305454307438,0.00879719847971923,0.00879263059477015,0.00878963210173265,0.00878835948675696,0.00878883186344061,0.0087909292600573,0.00879440201355464,0.00879889055204019,0.00880395400885746,0.00880910539563453,0.00881385052522874,0.00881772756103168,0.00882034400567423,0.00882140814083642,0.00882075237762889,0.00881834663533768,0.00881430067686871,0.00880885522350445,0.00880236257805332,0.00879525833233498,0.00878802645290436,0.00878116056654405,0.00877512456051841,0.00877031565092736,0.0087670328581187,0.00876545338259515,0.00876561873427758,0.00876743168289159,0.00877066423077705,0.00877497593326996,0.00877994107804629,0.00878508254691165,0.00878990967157404,0.0087939570942169,0.00879682157488618,0.00879819385581279,0.0087978830851522,0.00879583188836599,0.00879212090774674,0.00878696245190487,0.00878068374503818,0.00877370107774698,0.00876648687697608,0.00875953227711707,0.00875330814078698,0.00874822761352557,0.00874461318809688,0.00874267090900472,0.00874247379337157,0.00874395582264161,0.00874691702375824,0.00875103927183143,0.00875591158002717,0.00876106286997453,0.00876599960457743,0.00877024526572289,0.0087733785031935,0.0087750668802649,0.00877509349054521,0.00877337429543281,0.00876996478645749,0.00876505544685192,0.00875895639568376,0.00875207246949763,0.00874487076189486,0.00873784324207385,0.00873146746120276,0.00872616849756079,0.00872228517649618,0.00872004324263538,0.00871953759422096,0.00872072496110499,0.00872342757524802,0.00872734750890856,0.00873209051005807,0.00873719741694551,0.00874218064462005,0.00874656284957193,0.00874991471981189,0.00875188891582964,0.00875224749740498,0.00875088068922053,0.00874781552274678,0.00874321368600115,0.00873735875323232,0.00873063379131128,0.00872349108998863,0.00871641638336439,0.00870989036936484,0.008704350554943,0.00870015643944034,0.00869756080027472,0.00869668938301928,0.00869753065236119,0.0086999364734535,0.0087036337222614,0.00870824593998351,0.00871332332734591,0.0087183786896214,0.00872292644837764,0.00872652157175485,0.0087287952672624,0.00872948453689709,0.00872845319688405,0.00872570266997292,0.00872137170203093,0.00871572506154323,0.00870913217398713,0.0087020374501436,0.00869492472276339,0.00868827865681244,0.00868254621213982,0.00867810120469963,0.00867521474579001,0.00867403386523904,0.00867456998062535,0.00867669810644326,0.00868016685985625,0.00868461847588293,0.00868961725891062,0.00869468422892359,0.0086993352210603,0.00870311940774881,0.00870565516312697,0.00870666039180492,0.00870597488764403,0.00870357293768626,0.00869956518477855,0.00869418963862026,0.00868779260174887,0.00868080107903411,0.00867368889999621,0.0086669392516474,0.00866100656496181,0.00865628071228792,0.00865305626780598,0.00865150918504707,0.00865168268916106,0.00865348350489502,0.00865668878366561,0.00866096329665123,0.00866588567217043,0.00867098172681378,0.00867576232702717,0.00867976277783363,0.00868258052092681,0.00868390797727056,0.00868355771119817,0.00868147771468402,0.00867775546515882,0.00867261041477901,0.00866637561488671,0.00865947014969349,0.00865236484101283,0.00864554420913936,0.00863946788861306,0.00863453460099348,0.00863105142312084,0.00862921053421824,0.00862907496580012,0.00863057419024224,0.00863350971688015,0.0086375702412581,0.008642355316498,0.00864740598110135,0.00865224028402614,0.00865639120984963,0.00865944416297808,0.00866107098453557,0.0086610575268119,0.00865932216443091,0.00865592330444094,0.00865105493421748,0.00864503041725715,0.00863825596303452,0.00863119628354153,0.00862433573906931,0.00861813864539408,0.00861301231439119,0.00860927587188803,0.00860713706536407,0.0086066783165108,0.00860785236945706,0.00861048717107736,0.00861429915505602,0.00861891386064345,0.00862389270433418,0.00862876460843547,0.00863306096149559,0.0086363519923372,0.00863828212578671,0.00863860139039889,0.00863718966274866,0.00863407065799311,0.00862941324914521,0.00862351893593345,0.00861679595811845,0.00860972238762655,0.0086028021804283,0.00859651926068179,0.00859129497776987,0.00858745362807278,0.00858519928858771,0.00858460528738305,0.00858561567811604,0.00858805654183846,0.00859165414075174,0.00859605700987635,0.00860085985315573,0.00860562825418183,0.00860992425494594,0.00861333337312283,0.00861549336909278,0.00861612405169413,0.00861505591550876,0.00861225392591163,0.00860783187315218,0.00860205286792754,0.00859531296428212,0.00858810744560162,0.00858098252141139,0.00857447832268563,0.00856907133057077,0.00856512504166609,0.00856285642592798,0.00856232272746331,0.00856342905671836,0.00856595305107288,0.00856957975378242,0.00857393864687679,0.00857863580803282,0.00858327710907181,0.00858748229891397,0.00859089345173534,0.00859318341042529,0.00859406976544127,0.00859333752677491,0.00859086964681624,0.00858668014385835,0.00858094115809457,0.00857399404106231,0.00856633619831821,0.00855857979897549,0.00855138478467986,0.00854537537047188,0.00854105462090633,0.00853873401502909,0.00853849310805326,0.00854017842270681,0.00854344176586046,0.00854780854642634,0.00855275915446014,0.00855780348269583,0.00856253143356353,0.00856663017335422,0.00856986963971118,0.00857206799527485,0.00857305504150147,0.00857265197239985,0.00857068009625435,0.00856700106615236,0.00856157981673242,0.00855455216942078,0.00854627461393672,0.0085373354525568,0.00852851415367227,0.00852068789352118,0.00851469829682224,0.00851120403109708,0.00851055263948506,0.00851270479397327,0.00851723453497394,0.00852341112180071,0.00853034597861158,0.00853716840544978,0.00854318323801302,0.00854796728378652,0.00855137938191711,0.00855348621266739,0.00855443345578349,0.00855430985650681,0.00855305370168963,0.00855043649830823,0.00854613269239974,0.00853985614344807,0.00853152276539527,0.00852138989254221,0.00851012751139437,0.0084987918232842,0.00848869347827102,0.00848117732329517,0.00847735419313904,0.00847784408604102,0.0084825984083817,0.00849086060568713,0.00850129577535627,0.00851227386662745,0.00852223983710194,0.00853006632965919,0.00853527828007489,0.00853807291545051,0.00853912523961021,0.00853924510314252,0.00853900721764233,0.00853848645579401,0.00853719205343008,0.008534221856618,0.00852858155094193,0.00851956346843288,0.00850707037452229,0.00849179691956021,0.00847522616807373,0.00845944050123379,0.00844677575457754,0.00843936915381398,0.00843867577963279,0.00844505762860934,0.00845757020838178,0.00847405835621682,0.00849160514043154,0.00850726033139454,0.00851884752628044,0.00852557339018344,0.00852819186539009,0.00852862124734598,0.00852912460114714,0.00853135246681102,0.00853561916319894,0.00854069742761125,0.0085442046431801,0.0085434154403085,0.00853618209031247,0.00852164183558543,0.0085005232796141,0.00847504586475978,0.00844853403791135,0.00842488483114802,0.00840795938489559,0.00840090192346103,0.00840540782932972,0.0084210796504423,0.0084451461579306,0.00847284423272393,0.00849858488888297,0.0085176721802267,0.00852798077001429,0.00853084705511648,0.00853063931608548,0.00853300945327238,0.00854245816884683,0.00856023991076267,0.00858355339508006,0.0086064063737758,0.00862177267871029,0.0086240743219895,0.00861093428663548,0.00858359582559839,0.00854612283775366,0.00850405833028302,0.0084633002567777,0.00842954050087567,0.00840801653053186,0.00840299382788748,0.00841661319891405,0.00844740294283672,0.00848941641926273,0.00853307067555256,0.00856807686960657,0.00858763049605927,0.00859196505023169,0.00858920874562154,0.00859252660018464,0.00861437733402602,0.00866039747582441,0.00872593177545975,0.00879712292188386,0.00885622842661016,0.00888863967632778,0.00888819110633523,0.00885832810927184,0.0088090307065992,0.00875171360720126,0.00869524295678885,0.00864515157426483,0.0086057594529605,0.00858276268565222,0.00858342547641912,0.0086132275799773,0.00867067682745701,0.00874408003185445,0.00881374692980861,0.0088601743952392,0.00887476477599057,0.00886707498149681,0.00886341471084589,0.00889585378249786,0.00898622049763619,0.00913324117893569,0.00931016411934108,0.00947502749945151,0.00958884574505079,0.00963236096811547,0.00961254702790371,0.00955573966288265,0.0094919255538242,0.00943978292370982,0.00940131708800756,0.00936864165291542,0.00933741783974382,0.00931681786676611,0.00932788428639651,0.00938994636615238,0.0095035622614495,0.00964240087540275,0.00976231562116062,0.00982537945623931,0.00982602240728672,0.00980264964775443,0.00982459806574084,0.00995817183013577,0.0102288761641363,0.0106013907673466,0.0109906026198325,0.0113000065981262,0.011467626016728,0.0114941916885124,0.0114376413488748,0.0113772550627679,0.0113687055049175,0.0114168983407727,0.0114826931194499,0.0115184371606485,0.0115085975110492,0.0114876818733219,0.0115215672525204,0.0116623814349492,0.0119061743397628,0.0121838133512899,0.0123964960863113,0.0124786239859193,0.0124503044255529,0.0124235325328066,0.0125512106164551,0.0129428865060642,0.0135944290516589,0.0143751632184314,0.0150852287476161,0.0155549392265176,0.0157311669330727,0.0157006401649981,0.0156354507127613,0.0156919586794914,0.015922933437901,0.0162557321765238,0.0165494893405939,0.0166952109145495,0.0166947489474702,0.016666352968124,0.016770174851174,0.0170992713191281,0.0176072498260413,0.0181247030077002,0.0184622759722612,0.0185410620945661,0.0184675270571708,0.0184979218611028,0.0189023742456315,0.0198029868927664,0.0210828135232296,0.0224265762457169,0.0234781185393409,0.0240284484586092,0.0241258023220045,0.0240414726435172,0.0241090968714544,0.0245310787296478,0.0252671551073957,0.0260719838457953,0.0266584135960568,0.0268852214290419,0.0268513095682696,0.0268350571076842,0.0271145176002865,0.0277816142104075,0.0286716454761652,0.0294604257843932,0.0298758832789826,0.0298942175362931,0.029792542083335,0.0300127730460808,0.0309072931225378,0.0325150184567272,0.0345067056606457,0.0363426644094748,0.0375595712950454,0.0380221159665163,0.0379909953742738,0.0379648484581829,0.0383878704740039,0.0393958441860451,0.0407507763393695,0.0420005929242589,0.042764040942576,0.0429653239759318,0.0428747612942067,0.0429319670674424,0.0434632267976477,0.0444715471862091,0.0456341412318153,0.0465134409953815,0.046852701221324,0.0467699231531453,0.046721710513831,0.0472484144945372,0.048648532745028,0.0507790518803621,0.0531074769027465,0.0549922627280039,0.0560311913125424,0.056275176205484,0.0561837265259264,0.056350556113589,0.0571622388410383,0.0585893191603849,0.0602271276558514,0.0615532931585841,0.0622415215054843,0.0623427563596606,0.0622306822317687,0.062354432763575,0.0629573790734438,0.0639368906679231,0.0649284256281108,0.0655566654729553,0.0656938541313569,0.0655629367840891,0.0656200550181694,0.0662865530520323,0.0676920391729595,0.0695829201559424,0.0714512844328005,0.0728083589890561,0.0734434314720774,0.073521310136904,0.073469070804033,0.0737255396522228,0.0745016527829307,0.075685060218373,0.0769315279519664,0.0778763319222145,0.0783358166219645,0.0783859858563998,0.0782857015493883,0.0783047784103859,0.0785669400767305,0.0789987199804905,0.07940462532562,0.0796120410339416,0.0795921767010105,0.0794846211336606,0.0795156220580248,0.0798639764029563,0.0805558895551017,0.0814482485085277,0.0823052914095543,0.0829207893752519,0.0832165189355457,0.0832669051266949,0.0832443543356988,0.0833224606315104,0.0835918444655505,0.084029499237377,0.0845288811831137,0.0849654372825341,0.0852581055930751,0.0853963216902279,0.0854257429087213,0.0854091277452438,0.085389046973647,0.0853728582990379,0.0853437459120025,0.085285564633039,0.0852028398686553,0.08512300802544,0.0850810330709332,0.0850982742536929,0.0851706901883967,0.0852744745857951,0.0853847734246072,0.0854935423488332,0.0856126458536597,0.085758701353499,0.0859304956578408,0.0860979611702121,0.0862164966949945,0.086263171839039,0.0862725054996537,0.0863428257999314,0.0865975104954205,0.0871137126059592,0.087857734353109,0.0886719451634482,0.0893345214123293,0.0896702639921491,0.0896534129727484,0.0894376958041618,0.089284262108774,0.0894183235250685,0.089894693856315,0.0905570220154117,0.0911259343551786,0.0913727183820792,0.0912753532666986,0.0910541078242953,0.0910513469476719,0.0915180284335969,0.0924370279938037,0.0935035847308773,0.0942940643985675,0.0945353240278746,0.0943118592113574,0.094069437596953,0.0943881674825803,0.0956412761608672,0.0977398779819168,0.100129825162051,0.10206544757621,0.103016687003479,0.102974343157949,0.102465519064377,0.10225696691997,0.10291165783242,0.104458790812456,0.106377451292835,0.107910239521616,0.108523580523906,0.108237567608092,0.107621000632741,0.107447624724713,0.108218385092734,0.109843065164356,0.111684127679404,0.112946436880196,0.113181108185861,0.112593932391728,0.11196030138233,0.112184531509835,0.113759310552005,0.116447793811901,0.119384643925359,0.121546754234287,0.122324490334462,0.121860867210717,0.120958902341398,0.120610191617215,0.121421221962107,0.123273946491357,0.125416618932659,0.126923991900937,0.127247783752617,0.126529769459091,0.125497572917118,0.12501480835399,0.125560471777513,0.126948925321995,0.128454508748889,0.129263122351112,0.12897857457866,0.12787798096068,0.126759525266587,0.126470982333323,0.127401612542402,0.129244014065226,0.131169866979032,0.132313297733559,0.13227140751755,0.131325056237185,0.130254752640176,0.129868506252438,0.130525271934701,0.131934786430228,0.133348596551838,0.134024973034994,0.133685824313487,0.13268573805826,0.131786979948455,0.131678450270682,0.132539100275586,0.133920894931183,0.135025827795597,0.135202922017945,0.13435392259028,0.132996839943454,0.131952148776438,0.131848072119163,0.132747437071761,0.134121376154565,0.13518507665159,0.135390443337507,0.134769920619539,0.13391225083938,0.133580989491368,0.134218341936074,0.135656438360632,0.137226574627149,0.138197139627884,0.138255157463592,0.137718705776883,0.137344284074031,0.13785345265129,0.139476162477407,0.141791165979058,0.1439590087074,0.145207180663747,0.145276506073974,0.144559876105407,0.143850941791203,0.143862072460345,0.14481421308801,0.146349639948927,0.14780487663177,0.148649361986559,0.14880125485796,0.148632245665903,0.14868908000998,0.149336782201796,0.150554128864925,0.151989302322509,0.153212035640783,0.153988284813103,0.15440866037796,0.154806046085214,0.155532873681139,0.156750200426557,0.158357865907983,0.160087335201522,0.161667055368119,0.162936431398358,0.163848523139722,0.1644043931914,0.164613933606024,0.164534524881716,0.164342195283243,0.164333595855417,0.164800442192385,0.165830421517655,0.16717621120695,0.168319788774799,0.168740810738422,0.168249804422073,0.167171649920456,0.166227064851827,0.166138603792381,0.167178071218594,0.168944654928016,0.170549743113267,0.171136241942723,0.170429189884296,0.168961097290796,0.167796094156252,0.167891203189863,0.169479546003631,0.17187052761108,0.173817375580725,0.174250698631211,0.172938753012254,0.170664442700846,0.168794442609395,0.168485642565019,0.170000890557237,0.172547255007502,0.174738200646284,0.175405496595818,0.174277024184737,0.172120415158768,0.170276083548557,0.169866939656297,0.171155685205366,0.17341934170967,0.175395380214007,0.176020417547907,0.175027592121961,0.17307232995529,0.171341748822989,0.170893954708904,0.172104576978095,0.174509550373312,0.177095559046919,0.178848602477219,0.179257108303965,0.178522993629907,0.177408364402229,0.176830726662348,0.177422729457909,0.179259627520006,0.181857344751876,0.184416948121212,0.186193154278906,0.186824777234538,0.186487578716131,0.185802717053425,0.185534813005229,0.186209878001907,0.187834084886425,0.189865325511891,0.191477124759785,0.192001898219192,0.191326626643589,0.190012722550979,0.189042875791229,0.189302421718862,0.19106840090439,0.193802168667582,0.196391945061094,0.197741444813276,0.197389179895056,0.195800874593734,0.194145598334784,0.193660011094922,0.194954037231846,0.197659691221289,0.200632949601485,0.202595545600204,0.202844310760387,0.201619018955826,0.199926382319787,0.198938319475589,0.19932289175477,0.200890547545627,0.202743893448673,0.203825659539937,0.203535162438882,0.202054993133252,0.200211614129597,0.198974924123284,0.198909036068323,0.199894328717016,0.20125501953345,0.202176528980844,0.202144072544663,0.201161626777313,0.199675006106325,0.198298496734443,0.197523162785415,0.197546462418011,0.198264137514946,0.199378144375718,0.200538892531134,0.201458047404959,0.201973004734339,0.20207690642118,0.201924466342703,0.201796968810344,0.202000649240936,0.202709844052091,0.203830654242979,0.204992225894228,0.205720201377505,0.205723864066668,0.205120260595601,0.204421978660731,0.204253161977957,0.20494683687628,0.206281543627966,0.207552336260659,0.207968983370952,0.207157657444895,0.205453862481722,0.20378180603442,0.203163380672343,0.204136764928207,0.206435836215876,0.209132223923652,0.211159480787333,0.211902374245224,0.211497577054558,0.210679467484423,0.210292350396023,0.21078905598561,0.212020042740005,0.213408483851662,0.214354389196998,0.214584185496016,0.214234801167704,0.213665618067447,0.213174617675278,0.212831202652967,0.212517559767373,0.212098648858762,0.211553788560885,0.210961433981912,0.210374768781624,0.209730981369503,0.20890853390922,0.207904380613764,0.206967800073362,0.206525021860588,0.20688332003378,0.207905792375407,0.208931455713479,0.209084749589756,0.207839370988116,0.205469835195232,0.203031149868278,0.201788236023964,0.202403791432759,0.20441442913875,0.206395983023332,0.20678984795435,0.204905338277379,0.201446544750271,0.198176198308874,0.196874178941635,0.19822314493727,0.201336496325724,0.20426040783649,0.205164019582962,0.203477110546233,0.200248918769894,0.197491257149384,0.196921645174451,0.198908018041714,0.202278557661015,0.205092137015997,0.20584874930848,0.204362566317903,0.201777292035597,0.199777989651568,0.199549614309222,0.201137233196004,0.203548738914863,0.205451036842538,0.205970005214818,0.205107279774179,0.203591496385732,0.202357496550834,0.202039055386495,0.202765467060389,0.204280692610246,0.206182099350273,0.208064158908639,0.209524178844979,0.210163385111021,0.209725590566762,0.208344986660235,0.206686862546368,0.205756163476035,0.206368651544407,0.208573845138915,0.211445791138944,0.213480678753351,0.21344633865106,0.211181938837219,0.207807617861532,0.205138931754793,0.204613588203043,0.206387754496135,0.209192989592115,0.211081033874348,0.210614955915058,0.207767465849487,0.203963655337095,0.20124420775312,0.201073559791061,0.203521349582545,0.207285885800643,0.210492818001224,0.211746211294596,0.210812140343709,0.208601809257352,0.206568645744945,0.205942430346276,0.207225302512405,0.210127776411172,0.21383895644019,0.217396033585557,0.219982162326868,0.221123272817903,0.220824079869434,0.219632529783634,0.218536546358061,0.218609850482783,0.220480043837513,0.22388921645454,0.227674696297534,0.230308412484606,0.230775491636816,0.229282629743036,0.227300098062031,0.226807787377908,0.229130436373977,0.234066487564534,0.239892715310455,0.24430425980532,0.245752232180422,0.244366732409097,0.241896118065323,0.240701488455252,0.242421468823098,0.247098777635827,0.253243913864147,0.258728841931517,0.261931309767404,0.262467330553404,0.261170372706599,0.259460205282568,0.258568027657862,0.259062921745814,0.260829418726844,0.263330081875863,0.265880123780363,0.267796697874348,0.268493747117512,0.267660181013327,0.265519055200296,0.262962048211457,0.261311529645268,0.261678786548736,0.264227053313285,0.267839810924036,0.270541889057361,0.270568005313397,0.267501823248372,0.262756800097281,0.258993622920608,0.25870695011588,0.262769137772074,0.269813117286233,0.27687524588194,0.280970604011405,0.280705449159538,0.277004408782606,0.272558205081097,0.270344776365402,0.272081681375151,0.277444437798897,0.28439117458201,0.290304580318418,0.293274931965413,0.292883698273603,0.290208096956119,0.287186391697655,0.285726366845643,0.28694058598549,0.290748112348347,0.295928315709261,0.300604407671352,0.30303585885929,0.302467504546533,0.299663072076605,0.296768924739947,0.296406726903436,0.300319871445316,0.308259298073437,0.317811567983441,0.32543824993126,0.328299578309851,0.325888828938519,0.320491381129302,0.31608828579444,0.316230879290392,0.322068223768025,0.331675954700727,0.341095902782482,0.346490554146522,0.346169414147563,0.34135558741163,0.335341782216485,0.33162578541754,0.332135545602045,0.336480824731356,0.342482007268186,0.347496406394039,0.349721852695023,0.348842019890835,0.345878191665114,0.342553626028301,0.340596908308875,0.341230029065956,0.344847959423252,0.35083189615943,0.357566126637194,0.362847315432174,0.364763373642641,0.362767334043839,0.358338629151583,0.35464644905031,0.355125615338813,0.361591738013483,0.372972375571278,0.385535600033113,0.394684302330087,0.397417934164239,0.394064946227483,0.388224905139318,0.384872352108304,0.387660036091445,0.396945003245042,0.409642976908397,0.420954352988995,0.426949421134314,0.426572300368012,0.422032385874024,0.417498205679809,0.416907321340049,0.422068885358438,0.431944738703638,0.443312106957748,0.452354423263604,0.456400047424378,0.455085674427446,0.450525067200095,0.446442648353352,0.446584412073274,0.452998997572549,0.464918093376916,0.478839916627727,0.489963456310766,0.494451559192656,0.491450025087569,0.483740701743021,0.476515051169855,0.474767547003542,0.48065303807746,0.492280885324716,0.504681289449224,0.512461291457634,0.512683469156553,0.50635832110822,0.497750400933616,0.491972061248413,0.492292643297934,0.49865337610109,0.508063483422142,0.516430050164696,0.520657864016479,0.519921137533566,0.515678861710429,0.51074299082699,0.508048619908884,0.509641863005475,0.516074747266639,0.526204637993404,0.537426569458552,0.546438996393452,0.55051846389159,0.548918399692827,0.543662727479498,0.539045856556313,0.539742099441609,0.548311972853128,0.563488108487102,0.580417113461761,0.592998916409265,0.597170506430902,0.593265258774846,0.585984483952059,0.581878180002185,0.585730076196455,0.597928034432579,0.614325211295965,0.628617867014093,0.63581060216713,0.63479284160562,0.628685418913808,0.622961686870213,0.622546567264704,0.629481787897411,0.642225014448703,0.656674062871862,0.668190308634215,0.6736118898944,0.672471128910788,0.667080369238198,0.661561368909125,0.660178062254354,0.665531188623461,0.677294965663361,0.692115927519669,0.704922951232982,0.711246015970907,0.709500962287576,0.702002289520868,0.693985600489533,0.690985112797698,0.695919381277411,0.707519931633808,0.721032154261504,0.730808679797061,0.733313338684149,0.728857105974114,0.721199462329891,0.715411680321283,0.715302808732972,0.721761618672193,0.732677982540824,0.744208215592096,0.752575712940309,0.755568867926812,0.753261501820379,0.747897121095908,0.743098116753219,0.742600104150505,0.748769474932249,0.761358631352583,0.777142341214003,0.79094441895434,0.797941863481965,0.796272526618123,0.788466072348924,0.780588980237985,0.779223564275588,0.787802871448626,0.804443622539341,0.822715657294591,0.835083099438292,0.837094360800834,0.829869932642431,0.819420470719431,0.813222798483428,0.816094139288436,0.827737681380347,0.843232181216948,0.855961880095551,0.861158124276518,0.85809783670366,0.850002497352096,0.842052192563955,0.838813873648187,0.842379670292388,0.851845777493072,0.8640047487448,0.874722099207565,0.880470103607984,0.879636208338325,0.873270294552064,0.864916308888086,0.859333096709644,0.86039239401676,0.869047380620115,0.882521782711435,0.895415156009385,0.902372070744724,0.900942384242052,0.892990884828728,0.883774179598486,0.879157955953553,0.882532874110975,0.893124748093122,0.90654959468394,0.917195947776437,0.921069208946867,0.917606453658501,0.909667592202978,0.901945794877059,0.898771736501707,0.902356873569126,0.912069073786913,0.924788976453202,0.936083542039036,0.941852201186605,0.940035037936279,0.931801536369411,0.921532352354644,0.915194167221656,0.917501631081185,0.929182614530654,0.946004661543235,0.960500779060774,0.965794931235792,0.959500405331808,0.945356635004849,0.931436909157474,0.925778332210916,0.931904445227933,0.946861926404278,0.962925338768248,0.971939659257551,0.969741523055841,0.958162155619444,0.943661091860712,0.933631138994955,0.932608491418702,0.940388607141103,0.952718567252267,0.963771297322981,0.968885266190849,0.966312378604605,0.957525746860566,0.946350513337617,0.937446567365072,0.934608735288689,0.939283254337564,0.949772835935677,0.961627264635817,0.969390885857257,0.969169607889178,0.960792238649289,0.948262182361591,0.937987264459001,0.935551035346323,0.942729499199466,0.956424804580435,0.970177253314292,0.977499976784999,0.975241445480696,0.965135624663171,0.952733250184402,0.944414163392114,0.944206797291139,0.952073579305855,0.964318448038557,0.975579571402165,0.981224727678885,0.979100489442663,0.970170443037887,0.958088402785864,0.947930082432141,0.944324939693645,0.949419367818103,0.961481104668291,0.975094502704156,0.983350484414776,0.981295460154908,0.968877264985053,0.951536363128595,0.937725812745841,0.934450581260685,0.943276510579856,0.959207374620098,0.973254463039602,0.977332449100086,0.96868381780048,0.951295597486579,0.933574298250338,0.923740668194595,0.925624810200384,0.937099999167193,0.951701457449878,0.962185803896267,0.963963996672125,0.956789884934806,0.944282868594736,0.931954617553241,0.924842041954594,0.92564560938479,0.933836379772633,0.945875792392666,0.956511758069503,0.960869079598069,0.956649710158606,0.945435948664254,0.932251511827719,0.92332295080374,0.923012056993925,0.931486708623514,0.944441022582763,0.955167773799935,0.958015050164903,0.951388581262448,0.938588495275929,0.925976993189474,0.9195597433673,0.921967408631587,0.931452862655116,0.943199111272375,0.951907282033678,0.954140392837626,0.949396791665312,0.939835626263473,0.929221896925431,0.921651868652314,0.920264811734175,0.926024212375384,0.936944634503353,0.94841243456625,0.954952695064151,0.952918016295511,0.942719131910301,0.92911730905463,0.919033032145663,0.917836078592859,0.926199329916718,0.939482462822737,0.950189792358319,0.952158870757269,0.944014941339568,0.929845213885995,0.916758270256363,0.910879105231972,0.914173126587725,0.923814152286847,0.93416137544977,0.93992033687164,0.938630581621906,0.931340393574318,0.921541110662874,0.913299257432498,0.909617607887668,0.911567147575432,0.918187341103284,0.926933234235861,0.93451991565493,0.938067484970206,0.936279338734283,0.930137479171625,0.922616969780068,0.91736510458315,0.916913523739247,0.921353552153623,0.928246844417688,0.933916570096046,0.935459081350205,0.932302855199386,0.926356979791623,0.920702808543451,0.91775347514473,0.918091799979836,0.920599759234705,0.92352194637535,0.925531101788505,0.926084635927706,0.925107550687728,0.922621514214946,0.918847905178064,0.914663913073461,0.911749851625493,0.911917965759709,0.915872000213241,0.92231819017825,0.928286526557359,0.93070343986713,0.928287991951722,0.922477268283678,0.916656686066473,0.914118781283077,0.916080292759973,0.921071340519238,0.926057937800801,0.928456344951511,0.927623708938828,0.924869357030737,0.922152008237714,0.920553882850017,0.91967623467993,0.918294548762848,0.915611773258225,0.912034339548331,0.90885328052028,0.907133562771722,0.906750272140098,0.906373250185887,0.904433600672547,0.900333441854293,0.894982827234766,0.890270902897778,0.887864273685774,0.888170352978926,0.890117609525354,0.891802528679145,0.891520795412741,0.888577334502206,0.883527320358961,0.877866146985923,0.873414615469732,0.871660893960158,0.87321064211625,0.877427261711989,0.882403009466241,0.88546705595923,0.884279873916769,0.878143021837024,0.868765426797573,0.859792657670545,0.855063554070398,0.856448307822893,0.862588332064008,0.869454219075256,0.872531018950819,0.869360066129226,0.860887839526176,0.850818797555801,0.843432124752492,0.841240388482619,0.843854392359291,0.84855379576268,0.851991406548102,0.851897554079324,0.847886267146199,0.841199900357505,0.83386884656922,0.827894248032545,0.82473638298585,0.825012009745139,0.828234267519779,0.832676842476024,0.83568180663631,0.834618232477432,0.828223353634671,0.817584062041126,0.805995584047972,0.797511305908022,0.794844098906633,0.797803804028633,0.803242338171044,0.806615550243104,0.804309621275069,0.795443769739048,0.78220924941697,0.768670294935979,0.758766547823026,0.754558954089033,0.755481703543011,0.758783589429146,0.760828294309611,0.758670401289744,0.751313155262187,0.740186581685532,0.728618140815344,0.720412422394589,0.718063049695596,0.721411325090003,0.727507646608249,0.731919543821823,0.730949749655741,0.723620845551593,0.712285602159159,0.701432948007453,0.695302115064501,0.695644138508482,0.700894598660351,0.707172493113537,0.71043922724105,0.70852748677322,0.701947795986602,0.693210411261149,0.685278016341591,0.680137669960171,0.678195838942462,0.678560136004698,0.679761159881421,0.680389384276743,0.679410344411182,0.676259201616159,0.670920514991791,0.664039770179516,0.656898510053415,0.651057212104917,0.647689188464314,0.646921651128883,0.647609450444323,0.647769080255104,0.645510450154923,0.639987358376744,0.631858118064067,0.623015402837908,0.615727637959048,0.611607626329796,0.610868682739339,0.612173625252247,0.613136024394467,0.61129315503357,0.605189340433709,0.595124878567748,0.583191295825593,0.572466618659872,0.565636304170846,0.563660962514587,0.565197302528144,0.567164779781397,0.566250119354051,0.560589500904319,0.550719839531126,0.539274543090318,0.529603967164207,0.524098565063873,0.523119859934489,0.525042371252217,0.527255106660468,0.527478361246169,0.52469305406385,0.519323532282897,0.512780796187456,0.506753761420754,0.502609039255356,0.501040792047203,0.501925707698957,0.504320655201822,0.506641349248437,0.507111167577084,0.504454256118831,0.498581608053648,0.490874272110294,0.483771413598411,0.479716665549868,0.479912105062895,0.483525550939357,0.487847525320829,0.489443044653422,0.485807850011253,0.476709356056187,0.464479440269552,0.453022538872133,0.445965193913245,0.444849680346857,0.448298977832408,0.452620825380241,0.45359664161702,0.448582768307432,0.437862195280382,0.424539058157039,0.413000915363112,0.406715342310799,0.406488144408657,0.410086424800385,0.413422128712996,0.412669633795995,0.406200211993563,0.395329176149278,0.383524755585803,0.374553062206017,0.370571852477165,0.37115457728005,0.37367578970505,0.374755224786752,0.371949355199034,0.364839928444028,0.355061964479368,0.345380229095332,0.338356035285794,0.335257465982892,0.335658834517212,0.337803391220613,0.339466584679927,0.338896202231684,0.335449274854487,0.329726982299301,0.323225267319239,0.317687049080658,0.314419494239325,0.313821418096175,0.315272489842079,0.3174043735164,0.318645414572615,0.317839757419909,0.31471200620389,0.309990518449029,0.305113180315494,0.301597761596008,0.300319146379879,0.301027087510425,0.302384553406929,0.302581141151909,0.300259972418338,0.295272030248578,0.288811042118459,0.28280638712681,0.278885843149975,0.277492823355078,0.277668205436928,0.277617857946604,0.275722749387571,0.271399999739141,0.265340226304029,0.259040666865554,0.253964391673041,0.250830953843728,0.249402384135487,0.248796540578811,0.248063526440557,0.246667620694813,0.244641033745704,0.242400253032911,0.240394681907318,0.238808648636463,0.237469817561432,0.235991242296006,0.234054871790481,0.231673398072215,0.229268589012228,0.227486795334994,0.226816748745609,0.22721663251401,0.228002655836718,0.228136125776779,0.226804244391543,0.223964069439632,0.220479776235885,0.217699359899864,0.216677054602813,0.217513148442716,0.21925079071097,0.220431841305572,0.21998370984308,0.217880563365719,0.215160217631598,0.213293854792843,0.213316260583273,0.215254295463792,0.21816873832037,0.22072288267854,0.221891168156646,0.221403674658352,0.219751758076523,0.217858844059353,0.21665751037862,0.2167644855014,0.218312891224495,0.22092023638608,0.223782207539991,0.225914329406428,0.2265244287041,0.225386173312785,0.223001298670786,0.220399022063056,0.218628750393499,0.218220410103854,0.218940206551366,0.219993166281707,0.220531077777803,0.220128812445624,0.218938496940704,0.21747796929741,0.216262015509892,0.215552324294202,0.215353657324562,0.215564355548061,0.216089489200365,0.216815943564621,0.217526510029488,0.217915460856652,0.217772825935115,0.217214593142238,0.216736133936967,0.216970770938993,0.218276121555814,0.220444789443713,0.222779167485677,0.224506975365229,0.225249308465589,0.225205209297266,0.224933056049355,0.224918715030306,0.225273033776545,0.22577496445787,0.226180551658038,0.226501113889981,0.226995833176244,0.227884568417326,0.229041405125865,0.229959731625905,0.230057752373778,0.229105029644094,0.2274374221428,0.225783865698649,0.224824407087168,0.224794524677269,0.225396990601081,0.226039472936825,0.226190772872998,0.225613285600868,0.224380994707278,0.222772255641595,0.221174128024055,0.22003316994652,0.219768990236935,0.220577058021981,0.222195121015424,0.223845326927065,0.224522765954854,0.223560719582394,0.221138081956247,0.218341359723698,0.216644207575682,0.217068957949747,0.219551254561086,0.222931623281223,0.225596888852519,0.226370549726094,0.225104313800584,0.222645487357867,0.220270118916834,0.218980093574751,0.219071787375708,0.220139393318401,0.221393452968497,0.222050912819019,0.221618135577976,0.220022083443076,0.217614376084898,0.215055721027523,0.213068488929224,0.212101883892425,0.212061239307407,0.212294036843152,0.211911035485185,0.210296741044948,0.20749650416455,0.204211719774287,0.201387800775782,0.199664801806289,0.199058810619043,0.199070944974146,0.199107118256155,0.198876051536099,0.198478724275581,0.198165538055431,0.198002631833208,0.197744794479161,0.197023252669719,0.195686451426864,0.194004400053177,0.192559687006483,0.191898334339534,0.192193765495356,0.193150976855666,0.194185820457566,0.19472426971409,0.194423952643936,0.19323027478653,0.191320606673264,0.189035636950484,0.186829291404885,0.185183299897746,0.184436415119755,0.184580148596168,0.185170792760048,0.185485498796044,0.184893967658843,0.183240291400995,0.180981492546669,0.178966789797086,0.177973741821189,0.178276178320414,0.179492845390256,0.180784114136216,0.181263629491995,0.180402247419199,0.178251289850039,0.175428151290837,0.172897893741567,0.171620151318348,0.172149648490398,0.174319367268379,0.177171891271048,0.179259464579156,0.17926573392485,0.176682699766007,0.172163947128001,0.16729460805964,0.163839051454976,0.162855158020303,0.16417167902793,0.166523012778242,0.168248151325742,0.16814097783459,0.165987686882605,0.16255259241973,0.159102970492715,0.156782373332532,0.156146451418949,0.157020681674686,0.158662065877091,0.160106225017591,0.160562601085328,0.159732771761651,0.15794009199071,0.155996271426953,0.154826802984172,0.155011635085327,0.156480934811328,0.158549372727039,0.160280314663285,0.160964139714198,0.160425710187718,0.159003262520823,0.157270556332793,0.155729711747933,0.154670026177114,0.15421186306958,0.15439586920281,0.155173685776818,0.15629997908981,0.15727330104533,0.157474857315235,0.156491779651046,0.154421987513561,0.151916238960601,0.149876354768174,0.148978038598531,0.149322956166574,0.150435897150689,0.151579497253894,0.152153685991557,0.151931486995649,0.151045247687756,0.149824635638721,0.148646879705333,0.147869086259047,0.147786784820102,0.148535749025444,0.149950845755234,0.151511603157622,0.15250471539434,0.152384783632581,0.151128156159122,0.149321180944584,0.14787874155046,0.147548913521265,0.148519271643122,0.150366829314878,0.152345306791765,0.153781625854889,0.154327846791722,0.153979762883251,0.152963948767301,0.151643919494655,0.150485975826897,0.149994733918791,0.150528600299114,0.152048897524235,0.154000027435536,0.155497667699108,0.155792934730949,0.154738721837447,0.152923403620404,0.151339854491479,0.150788641712746,0.151416555213464,0.152697584415134,0.153839621535748,0.154299137790057,0.154040367911899,0.153407191904408,0.152783376044496,0.152348744820367,0.152104138661121,0.152073695475314,0.152436796772251,0.153424912965245,0.155056623104438,0.15695850039155,0.158471274818381,0.159008988554151,0.158424128428249,0.157117203526719,0.155821887482052,0.155228396448356,0.155689923550426,0.157145538509382,0.159213291329693,0.161325011771922,0.162838928979603,0.1631749887007,0.162029763819023,0.159612869861642,0.156721924962958,0.154492251571183,0.153857646526559,0.1550044828313,0.157184554256495,0.159067048625417,0.15946114138518,0.157978045351885,0.155227117110743,0.152443539518627,0.150805205429371,0.150859020915934,0.152349841533114,0.154456654860553,0.156216632205323,0.15689479774185,0.156189625353273,0.154296275815029,0.151868850980588,0.149861362415156,0.14920613812142,0.150383094401442,0.153080890936307,0.156198819217011,0.158289416011564,0.158263628297095,0.155971178598769,0.152302428085816,0.148735744064898,0.146591543578097,0.146418201175113,0.1478228309427,0.149770137174109,0.151116727840822,0.151082642693932,0.149480666722846,0.146695140903118,0.143496788496088,0.14077527328032,0.139239013227769,0.139143722739777,0.140157152695178,0.141468557841477,0.142150321365987,0.141617275539556,0.139929411846788,0.137746877860943,0.135953381000622,0.135175715357472,0.135488151858098,0.136455548313313,0.137440745706989,0.137948524900086,0.137800841072862,0.137095491148635,0.136055085048234,0.134909954868397,0.133874301948764,0.133165272029504,0.132979929960099,0.133404075009173,0.134313186193815,0.135357642902028,0.136075399465986,0.136087934461554,0.135277433818273,0.133853034023659,0.132276416631736,0.131084444174453,0.130681494752656,0.131174423201492,0.132307870348491,0.133536349481412,0.134231532941046,0.133961360178623,0.132716982415175,0.130955597544696,0.129405096027549,0.128711217069848,0.129113974710125,0.13033618281666,0.131744564670124,0.132682002257134,0.132777280375876,0.132073352652275,0.130941213730649,0.129869114634035,0.129258215102623,0.129309451818399,0.130008948050273,0.131173277687616,0.132519044967548,0.133744110747086,0.134614155474876,0.135033568691834,0.135069977112163,0.134918903033552,0.134828720003506,0.135024148413916,0.135651945057116,0.136743980028021,0.13818544322869,0.139700820730006,0.140898643389171,0.141404610982853,0.141050105386411,0.140012175741055,0.138790627657186,0.137990862776567,0.138013217544132,0.138832439342905,0.140010314442958,0.140938063733466,0.141157312456225,0.140568860354569,0.13943151975306,0.138198255653553,0.137318796864662,0.137106909407783,0.137679691626458,0.138924003500085,0.140477735142285,0.141780884189896,0.142258865286787,0.14160894352185,0.140037165965205,0.138259097088014,0.137196165944937,0.137504276358208,0.139208528134655,0.141671138853237,0.143912281236196,0.145085484741015,0.144836556166137,0.14338478322255,0.141353555490096,0.139496537773421,0.138450111253088,0.138553806684702,0.139729714574682,0.141445246010777,0.142836311154816,0.143036119920583,0.141614481274494,0.138886999817705,0.135853112974678,0.133720466788649,0.133254752005298,0.134347309221587,0.136080974139789,0.137258774709857,0.137062868362934,0.135445258416944,0.133053977103576,0.130806398566998,0.129410713360614,0.129097599123897,0.129631339846851,0.130495811777715,0.131112147633972,0.131017451653555,0.130004959553696,0.128218954282884,0.12614532681839,0.124437153195224,0.123610177452462,0.123768057629036,0.124545591129301,0.125330951375633,0.125627121505183,0.125303284423489,0.124571753732652,0.123744374289743,0.122992207138074,0.122307168507823,0.121666187265487,0.12120453453595,0.121192825977386,0.121798885503607,0.122836429916027,0.123753221821532,0.123931546759318,0.123107482309074,0.121590895270603,0.120100668687349,0.119318622506346,0.119477527692647,0.120264483250612,0.121076012351391,0.121409001762163,0.121107743836033,0.12033975343378,0.119393209987793,0.118492308633834,0.117751291592494,0.117231692898835,0.116983817698744,0.117007764245414,0.117187661975062,0.117304686144964,0.117163127752672,0.116740793618217,0.11622779251535,0.115902614874332,0.115937908990069,0.116295312316379,0.116791954876607,0.117268461212706,0.117700592007402,0.118156321552107,0.118651845592142,0.119061008511015,0.11918572513293,0.118940527041024,0.118485013383113,0.118167627363984,0.118302018090174,0.118944810366499,0.11984949139625,0.120629431247812,0.120997776840321,0.120904505670484,0.120494280054161,0.119962320809934,0.119451058075926,0.119058407864733,0.118899394270681,0.119106275233115,0.119723706181608,0.12058394956767,0.121303317651835,0.121459952564739,0.120857748555973,0.119688186848375,0.118458473976721,0.11772006341509,0.117773071426846,0.118529138683526,0.119592780291949,0.120476714363666,0.120810405912971,0.120453513238423,0.119514288312057,0.118312206058833,0.117298713662511,0.116918699914589,0.117419368309148,0.118684499470218,0.120214739933388,0.121320553129697,0.121459396031648,0.120531415380844,0.118949343419141,0.117430974499622,0.116634651117806,0.116846616661471,0.117878769383972,0.119197052151997,0.120179691747049,0.120371246749574,0.119642205322282,0.118223510740736,0.116617627592992,0.11540275359154,0.114979147974717,0.115358574455701,0.116120799457173,0.116601110182723,0.116238429884549,0.114892020749354,0.112928806899951,0.111018851369872,0.109766222815315,0.109407480359818,0.10975167333844,0.110361806073704,0.110823159137655,0.110919663648224,0.110645150368348,0.110109716449726,0.109453319591383,0.108824462589319,0.108391903298477,0.108322810575912,0.108707937171267,0.109486757353087,0.110445346705387,0.111305382078989,0.111847023782235,0.111984143662528,0.11175750764456,0.111280394956364,0.110694597529436,0.110156147814022,0.109818153364226,0.109774458924709,0.109981465483746,0.110230137667058,0.110229246168866,0.109776438703625,0.108904094294807,0.107879769614793,0.107040020995164,0.106568659254969,0.106383262037279,0.10621480646325,0.105815206315982,0.105131027746811,0.104318526052286,0.103609916383588,0.103155463715778,0.102965921537946,0.102975862870751,0.103141291231023,0.103469782160651,0.103962622712211,0.104541667666677,0.105049133279539,0.105334874555415,0.105356980867883,0.105204408668555,0.105021247463116,0.104902709149908,0.104856109482916,0.104853863337795,0.104913774300667,0.105113685459411,0.105511860529909,0.106041802143293,0.106487940479395,0.106587786665376,0.106198262677906,0.105403883709998,0.104484556734698,0.103765511694356,0.103452985109501,0.103554937233455,0.103911522529606,0.104286320335185,0.104454647950933,0.104264341106007,0.103682098227581,0.102831333784452,0.101989816036284,0.101503163988206,0.101618625239734,0.102322039571202,0.103295142587002,0.1040524475748,0.104197340666565,0.103645960326467,0.102679515016862,0.101795344428804,0.101452605836119,0.101860476459363,0.102909029384493,0.104245832184607,0.105430656710712,0.106093026811458,0.106049746054153,0.105365812025925,0.104343482392355,0.103423456144291,0.103010077867417,0.103285444507339,0.104111338331655,0.105088971290678,0.105758119585929,0.105827476643984,0.105305064182328,0.104461478480531,0.103663250461754,0.103183902140709,0.103093712759865,0.103264521077564,0.103458855688623,0.103445325457907,0.103093886768425,0.102426846007717,0.101614007459029,0.100908891720668,0.100542727190617,0.100621221209254,0.101080326888734,0.101729174689221,0.102352307647826,0.102802539715047,0.103027821544515,0.103033706234784,0.102836690881043,0.102462961847807,0.101991491976737,0.101583392087183,0.10143943772681,0.101690927944431,0.102299218238358,0.103048396142365,0.103649008359259,0.103883912361026,0.103696143460817,0.103169888984895,0.102442328274363,0.101629221323723,0.100814522256135,0.100080983945565,0.099518428122072,0.0991781119462698,0.0990115687236152,0.0988664603051967,0.0985696977657513,0.0980449576747433,0.0973683124925426,0.0967098007672115,0.09620577575843,0.0958684780149131,0.0956061559199368,0.0953273110619159,0.0950281383732017,0.0947827343609393,0.0946517712250808,0.0946054270326633,0.0945430662825338,0.0943968956078422,0.0942203741169357,0.0941689284663932,0.09437727443114,0.0948349035497076,0.0953673925854016,0.0957396307950148,0.0957932705842061,0.0955107193526324,0.094976417499988,0.0943026040101051,0.0936050504229403,0.0930381614601122,0.0928103755571055,0.093099925160286,0.0938929558764312,0.0948772370678155,0.0955266794054079,0.0953775618166068,0.0943292326560109,0.0927489790141204,0.0912841518483758,0.0904957899549068,0.0905582155183083,0.0912137182928209,0.0919797674370571,0.092436517116431,0.092403565406808,0.0919393622897533,0.0912388329117911,0.0905429112831419,0.0900984855189008,0.0901183331939221,0.0906896419940164,0.0916669607829722,0.0926604914618963,0.0931957223154333,0.0929846909445321,0.092130229896394,0.0911013710609704,0.0904752506549639,0.0906150897197475,0.0914995897190066,0.0927981260598395,0.0941019560578652,0.0951270615231364,0.0957667091907607,0.0960194332157908,0.0959125061585181,0.0955059429903417,0.094948353478065,0.0944845803920492,0.0943579999711264,0.0946629208331606,0.0952700711540773,0.0958994336906513,0.0962914877879526,0.0963449336731199,0.0961234824458906,0.0957524184317911,0.0953156599693311,0.0948439286168514,0.0943799245437381,0.0940237448417396,0.0938842336500859,0.0939675139980745,0.0941162634187246,0.0940850444537976,0.0937165988341424,0.0930815721614941,0.0924587986291295,0.0921588245957128,0.0923215694849038,0.0928379796182066,0.0934409615305789,0.0938771233076774,0.0940231210152418,0.0938811610460076,0.0935026936365556,0.0929398534481971,0.092271024097043,0.0916512175253957,0.0912987534699138,0.0913874259684715,0.0919123725995634,0.0926416179976318,0.093208701177165,0.093293163316231,0.0927699654634666,0.0917398302855081,0.0904464821760315,0.0891592843633783,0.0880954476593571,0.0873951041555553,0.0871131769181685,0.0871997036103802,0.0874860420426322,0.0877197151168229,0.0876611210012146,0.087196799174685,0.0863957676399066,0.0854695596058649,0.084664762067001,0.0841586253881089,0.0840103136040362,0.0841671467709059,0.0844914698630732,0.0847877134760006,0.0848448744761126,0.0845166630186239,0.0838212166092566,0.0829920988864205,0.0824118954254976,0.0824293969860422,0.0831540607661436,0.0843588581367897,0.0855650297527998,0.0862673526596547,0.0861716530387534,0.085318624394503,0.0840478466781582,0.0828457789162352,0.0821609128958603,0.0822523259226263,0.0831040322433155,0.084421748932918,0.0857255288502358,0.0865300441535907,0.0865538298417262,0.0858548182175269,0.0848042902364674,0.083897588292026,0.0835047856734201,0.0837070223735061,0.0843058538732271,0.0849758129647107,0.0854444896286148,0.0855914352287095,0.0854392644716621,0.0850905026774306,0.0846776226281379,0.0843451313248209,0.0842322292372585,0.084426081319735,0.0849029645583109,0.0855113766365715,0.0860317945714301,0.0862854549558006,0.0862194159050739,0.0859132862168538,0.0855185851801456,0.0851916416927072,0.0850679605720145,0.0852668522929647,0.0858745473976901,0.0868788629862266,0.0880977368246189,0.089185576357036,0.0897621448988601,0.0896103857140729,0.0888158547217759,0.0877428196109115,0.0868517668418356,0.0864736573275866,0.0866784719321241,0.0872960437072169,0.0880382170519791,0.0886229907939629,0.0888404384226567,0.0885730633016236,0.0878140985941902,0.0866934866379723,0.0854711694002508,0.08445582736653,0.0838664028573769,0.0837184061704525,0.0838190618902967,0.0838827414985655,0.083689895699913,0.0831851335400275,0.0824654863405427,0.0816962651287647,0.0810328829519482,0.0805934187474232,0.0804611984650838,0.0806686356416896,0.0811496902930266,0.0817071456419721,0.0820557856396047,0.0819495335823404,0.0813241441272377,0.0803582470980926,0.0794043420821778,0.0788284855269587,0.0788519437311415,0.0794720701956723,0.0804780455131753,0.0815274873663835,0.0822456029862665,0.0823314861742894,0.0816641088205809,0.0803776403777471,0.0788523726748841,0.0775876106478352,0.0769916315208693,0.077192170725977,0.077976669485794,0.0788992098986452,0.0794910906047053,0.0794584947639325,0.0787772088759018,0.0776682972733722,0.0764969585002555,0.075645336621385,0.0753883113748477,0.0757911997941006,0.0766633427314872,0.0776111632386527,0.0782007638983842,0.0781686262763207,0.07756503317971,0.0767359087380017,0.0761448246981821,0.07614051856812,0.0768059866992731,0.0779602620361528,0.0792788040176602,0.0804369307945532,0.0812013879119377,0.0814619168567389,0.0812380489670092,0.0806822677166085,0.080059550624195,0.0796725290739216,0.079742081679972,0.0803059469150594,0.0812039892131735,0.0821623337844825,0.0829172131280011,0.0832987199070187,0.0832426897554451,0.0827663576393338,0.0819623085148253,0.0810183437364246,0.0802113267187459,0.0798217248296035,0.0799865509164681,0.0805880811305342,0.081280351282708,0.0816646035517738,0.0815086715793486,0.0808647110153174,0.0800134963774892,0.0792903488594196,0.0789210714129741,0.0789612628629245,0.0793331152874101,0.0798864061137424,0.0804295184511882,0.0807461778480721,0.0806497861993973,0.0800856037885704,0.0792142198623818,0.0783847400783163,0.0779744640340784,0.0781821293148296,0.078913772932934,0.0798400291598529,0.0805781590095445,0.0808682116054138,0.0806389323479712,0.0799631502171967,0.0789847921624886,0.0778893606337918,0.0769098831869481,0.0763011719440774,0.0762419527633617,0.0767117379234234,0.0774463667700194,0.0780371577978208,0.0781299384780342,0.0775976756479634,0.0765788125206397,0.0753758463292457,0.0743037843503014,0.0735872239718521,0.073333946846912,0.0735409743135308,0.0740863207010381,0.0747187828149924,0.0751047926875783,0.0749632503116593,0.0742327762184616,0.0731541653334564,0.0721836906306461,0.0717661841301244,0.0721008048969117,0.0730413939736577,0.0741814410899781,0.0750568776343085,0.0753455375875319,0.0749750197258059,0.0741229836483832,0.0731410163587454,0.0724351676486243,0.0723246816366142,0.0729108150408533,0.0740129182369281,0.0752262088847293,0.0760983852313369,0.0763408343696053,0.0759531441094004,0.0751890437156202,0.0743971924597667,0.0738490436223382,0.0736563995822974,0.0737975200620569,0.0741890521640495,0.0747290866723886,0.07529293355311,0.0757243900622451,0.0758704288114502,0.0756557825924776,0.0751417940097325,0.0745151244646999,0.0740054299750642,0.0737849999081731,0.0739089735001522,0.0743139817177797,0.0748515476880984,0.075328932044292,0.0755561834339283,0.0754120210394737,0.0749175338159891,0.0742690519533821,0.0737796403855798,0.0737330448436789,0.0742266589880355,0.0751052719179527,0.0760341423768637,0.0766660087776926,0.0767973744315206,0.0764303082544701,0.0757323480429802,0.0749496155007611,0.0743296544404932,0.074067286214721,0.0742557033446146,0.0748402135602579,0.0756089938697559,0.0762595580242993,0.0765301044240691,0.0763226184072051,0.0757348178270109,0.0749813711122807,0.0742696365463245,0.0737235282308304,0.0733936120187618,0.0733058099459842,0.0734700092037646,0.0738255457910308,0.0741872596463864,0.0742818039173594,0.0738924070687774,0.0730211961332981,0.0719358803178477,0.0710418224850477,0.0706548709389809,0.0708299927964717,0.0713568103584241,0.0719052301460477,0.0722028361621944,0.0721301324228935,0.0717101457578718,0.0710529526707004,0.0703205868494879,0.0697163261834819,0.0694515043814581,0.0696612355600444,0.0703084562865817,0.071158153234749,0.0718679691793292,0.0721530741446718,0.0719221720469471,0.0713036699783211,0.0705641159941218,0.0699886034211235,0.0697907273908024,0.0700664332073216,0.0707675641296538,0.0716871495796657,0.0724905632211406,0.0728296377595453,0.0725148525459503,0.0716447107791025,0.0705846631596891,0.0697799483856008,0.06951255777618,0.0697640834159047,0.0702716851430939,0.0707210343265113,0.0709266130608357,0.0708807632201671,0.0706732937043818,0.0703836695750643,0.0700450998795624,0.0696903381292515,0.0694051557486116,0.0693148113949618,0.0695034140769916,0.0699372960390068,0.0704628981297156,0.0708833616621044,0.071054084634171,0.0709342190889082,0.0705812362628432,0.0701210658248063,0.0697227296556266,0.0695689620721291,0.0697966518630356,0.0704126381502784,0.0712408441214227,0.0719650980656844,0.0722729988306166,0.072023039055155,0.0713251389861927,0.0704790066309765,0.0698139402384522,0.0695360051863998,0.0696666145928027,0.0700787402983541,0.0705757630877518,0.0709590725420106,0.0710736933098618,0.0708494494922361,0.07033866297678,0.0697179726438412,0.0692229116275364,0.0690332270791326,0.0691799384216163,0.0695427348546715,0.0699394274709871,0.0702348711575117,0.0703854898688669,0.0704002050164935,0.0702780422973986,0.0699994130364495,0.0695848786707055,0.0691546799788672,0.0689069787396024,0.0690033632423356,0.0694426153990292,0.0700290799926553,0.0704721186982594,0.070548803635461,0.0702155730955323,0.069603365595013,0.0689247668341648,0.0683751993662139,0.0680842709195963,0.0681082819766782,0.0684227923740058,0.0689035698701843,0.0693331759117063,0.0694742611542151,0.0691937403284701,0.0685581118122919,0.0678191467070674,0.0672839761554898,0.0671525136928463,0.0674289482054835,0.0679522556195258,0.0685008928066855,0.0688881065975359,0.0690014619955034,0.0688043830040244,0.0683403664855754,0.0677452771351046,0.0672291713901506,0.066996149089623,0.0671314567532982,0.0675378136461193,0.0679843741083745,0.0682460287440316,0.0682326132168815,0.068012403361303,0.0677228094273042,0.0674548140624051,0.0672113704171947,0.0669631630611151,0.0667318865354709,0.0666091255142334,0.0666860028706461,0.0669582163242314,0.0672974591159906,0.0675209788474276,0.0675048285828451,0.0672532102072002,0.0668809707281924,0.0665396632256006,0.0663501766343143,0.0663755958826888,0.0666187896591782,0.0670158712826982,0.0674284251855699,0.0676697120069942,0.0675858171733769,0.0671567972583997,0.0665416067227869,0.0660145588768748,0.0658199819140119,0.0660389494224485,0.0665565409907969,0.0671431920695557,0.0675837664945443,0.0677680285460878,0.0677033456117309,0.0674735902575147,0.067191854530024,0.0669706354463491,0.0669002085308403,0.0670223242836842,0.0673095191435763,0.0676744254398354,0.0680141560516109,0.0682597208473783,0.0683906861661724,0.0684080403658389,0.0683027199956254,0.0680641032155986,0.067728127586337,0.0674109866460982,0.0672712202799603,0.0674044633290509,0.0677482150158736,0.0680855368572356,0.0681654806669698,0.0678613744024727,0.0672516453614241,0.066566257343248,0.0660450948824536,0.0658141067494893,0.0658548533284961,0.0660592752350302,0.0663030013222952,0.0664828791020223,0.0665208403177103,0.0663716800997674,0.0660525728857519,0.0656663119412669,0.0653756886541847,0.0653250232656758,0.0655587211655362,0.0659983047899216,0.0664930957864496,0.0668997173647343,0.067130348521976,0.0671511400157412,0.0669636292766274,0.0666079960312902,0.0661834713867716,0.0658406820243367,0.0657156022427314,0.0658376549346556,0.0660903643810968,0.0662752576149377,0.0662432629784694,0.0659915364188923,0.0656453967310837,0.0653421302108778,0.0651191185263083,0.0649028482073239,0.0646018789295156,0.0642123129852967,0.0638363080844572,0.0635981649480983,0.0635376479736499,0.0635778107823176,0.0635923503760304,0.0635076839331867,0.0633514259329018,0.0632168964064831,0.0631898421440519,0.0633048387561918,0.0635530173784856,0.0639060998833926,0.0643155256774122,0.0646915284565517,0.0649083668677343,0.0648659866337641,0.0645757052358434,0.0641935737868227,0.0639528892736367,0.0640296798380853,0.064437039809049,0.0650258198218508,0.0655847886411814,0.0659588295220859,0.0661031980357088,0.0660578438675841,0.0658909628700488,0.065667272859789,0.0654501623240782,0.0653048778104362,0.0652765925652217,0.0653587763388473,0.0654911170094016,0.0656011683169705,0.0656557243732166,0.0656717067463241,0.0656751415364184,0.0656531098322061,0.065556208275351,0.0653587562060051,0.0651182353716112,0.0649635533578747,0.0650032417505061,0.0652248871776227,0.0654774076938059,0.0655633259870647,0.0653747088019088,0.0649685829496472,0.0645285487485632,0.0642505080276587,0.0642404431852656,0.0644842511669872,0.0648815548829282,0.0652953607074697,0.0655863463901471,0.0656406949562441,0.0654106505767706,0.0649556713102901,0.0644411187552738,0.0640676065417128,0.0639628581922073,0.0641122797966104,0.0643832729509286,0.0646231731093603,0.0647498846346363,0.0647663968229805,0.064704262127656,0.0645649597465566,0.0643204404494689,0.0639657548262463,0.0635592051655002,0.0631982104516524,0.0629480691586441,0.0627933681504137,0.0626619276170462,0.0624981819543708,0.0623121494749903,0.0621552415168934,0.0620505828073937,0.0619545474433674,0.0617956086366629,0.061555494191851,0.0613086178322494,0.0611712486863539,0.0611996398318167,0.0613301565944822,0.0614199856404779,0.061356311624935,0.0611415870126157,0.0608882282774995,0.0607388644516607,0.0607865971629312,0.0610520914484373,0.0615081186563212,0.062100650553679,0.0627394447943696,0.0632871206413053,0.0635950820466055,0.0635889057392212,0.0633404600118763,0.0630524670345755,0.0629464070425503,0.0631303098579589,0.0635465541771409,0.0640349542483409,0.0644512315772821,0.0647424510290227,0.0649310091241421,0.0650450836232243,0.0650735254253629,0.0649849794552638,0.0647802764253157,0.0645165237039334,0.064276570440054,0.0641157784121168,0.0640372164965696,0.0640107974939575,0.0640051036977105,0.063994978619937,0.0639465811480564,0.0638163678874135,0.0635870296126784,0.06331301001539,0.0631185368111969,0.0631236626744434,0.0633447794239677,0.0636550070483421,0.0638508145638578,0.0637832488589409,0.0634551046451994,0.0630129192293833,0.0626493867817423,0.0624980335765162,0.0625915664715137,0.0628876182920114,0.0633113759987941,0.0637723086549742,0.0641619659952325,0.0643700212379945,0.0643319444753531,0.0640732464583542,0.0637013703492426,0.0633392845575184,0.06305283959281,0.0628342433981923,0.0626510446858639,0.0625053945248742,0.0624390725010063,0.062477544607897,0.0625728735072156,0.0626111508194585,0.0624871403079325,0.0621803384169635,0.0617629732922759,0.0613359498607171,0.0609567693772714,0.0606251577787026,0.0603278012480356,0.0600819630430685,0.0599238873309164,0.05985457240054,0.0598101750867423,0.0597052148947468,0.0595194559378772,0.0593435527982107,0.0593265636522401,0.0595586978867475,0.0599881324647643,0.0604454552934862,0.0607555205660902,0.0608433330321206,0.0607553979876386,0.060600646369043,0.0604812385624852,0.0604717802229072,0.060637646642449,0.0610372445099065,0.0616788632385479,0.0624693870065329,0.0632222448939378,0.0637457629421244,0.0639531188938212,0.0639041900967827,0.0637444406291191,0.0635965430602213,0.0634985214961903,0.0634309516530391,0.0633875179878823,0.0634063720593828,0.0635286972071155,0.0637322012235465,0.0639160751616335,0.0639617022485368,0.0638157779246036,0.0635199814096982,0.0631654510606418,0.0628229848502678,0.0625159795039145,0.062249360263184,0.0620450690049097,0.0619318618949232,0.0618966830623585,0.0618598178766164,0.0617219041783986,0.0614564704953002,0.0611631511912238,0.061019453673088,0.0611576751319521,0.0615644590573613,0.0620841946744208,0.0625187511932893,0.062738863987929,0.0627262290831229,0.062537983754472,0.0622503958818201,0.0619360013374981,0.0616728797728143,0.0615438765557436,0.0616018407292038,0.0618286922154254,0.0621370737765844,0.0624244984940427,0.0626320546844916,0.062749667055481,0.0627651946746284,0.0626195625649161,0.0622321053876151,0.0615891170041121,0.0608131851834732,0.0601318977302149,0.0597497969219053,0.0597188973740174,0.0599116449967181,0.0601150029521739,0.0601648428286335,0.0600176100522543,0.0597254712066177,0.0593679670057037,0.0590134226085292,0.0587272946079536,0.0585818065374912,0.0586228335222836,0.058812288579912,0.0590138585594439,0.0590644873839921,0.0588918542704037,0.0585822897457471,0.0583358892724301,0.0583403689002964,0.0586629075547416,0.0592362558855794,0.0599277417286669,0.0606149069473145,0.0612083821773747,0.0616337830179989,0.0618290202260817,0.0617846742176235,0.061589088259507,0.0614146124880448,0.061430905205861,0.0617065538559364,0.0621806542183963,0.0627251788980725,0.0632358275722906,0.0636679690264941,0.0639970366434521,0.0641643138377291,0.0640841014813349,0.063720002137034,0.0631568573242839,0.0625863425110943,0.0622007041389233,0.0620761867317032,0.0621395800973509,0.0622373608628181,0.0622405451916028,0.0621011104788588,0.0618360348044198,0.0614844513287648,0.0610920936911419,0.0607255147012733,0.0604718373573469,0.0603938844842501,0.0604699655332075,0.0605829357936992,0.0605881010966252,0.0604141696748205,0.0601131120538398,0.0598166749113746,0.0596409451898081,0.0596235018647346,0.0597387191770393,0.0599574696151894,0.0602790497759007,0.0607019959122651,0.0611718774903603,0.0615714782825606,0.0617746595958286,0.0617188460963265,0.0614335257664204,0.0610096233399937,0.0605525213191375,0.0601658496594309,0.0599617670513315,0.060048816098559,0.06046794793426,0.0611164278961243,0.0617420950423909,0.0620496730666623,0.0618639719986,0.0612331673450255,0.0603936811453953,0.0596266721210938,0.0591164219262278,0.0589023047318783,0.0589241718644588,0.0590887773397615,0.0592967504728434,0.0594388470662672,0.0594131083009559,0.0591830465585217,0.0588299406076668,0.0585314895259783,0.0584576530770871,0.0586574502198968,0.0590303232137016,0.0594056537549569,0.0596595482281844,0.0597714539274356,0.0597889822225311,0.0597587212443286,0.0597031320708362,0.0596600734496734,0.0597235171488378,0.060016923426147,0.0606032831144212,0.0614108685282366,0.0622499863524546,0.0629143958213869,0.0632841947122532,0.0633524765022582,0.0631772478083755,0.0628283368561537,0.0623862203177072,0.0619744649592371,0.0617561873843738,0.0618580102730297,0.0622703901995536,0.0628184697858155,0.0632478789931905,0.0633684800443583,0.0631455732811839,0.0626764900445026,0.062092969674778,0.0614855481756446,0.0609048392448402,0.0604056462501927,0.0600586454225349,0.0599014741902032,0.0598812170436023,0.0598632104302135,0.059718632124913,0.0594200133096261,0.0590585123596291,0.0587682762278457,0.0586295597740983,0.0586360106402552,0.0587409656447783,0.0589180710463818,0.0591654305553685,0.0594530980397106,0.0596833620135352,0.0597263272742572,0.0595159351867556,0.0591243126238628,0.0587449498332232,0.0585944154291868,0.0588080368215676,0.059395645838613,0.0602585504987769,0.0612227561327177,0.0620616056706762,0.0625309553960554,0.0624508860506105,0.0618147266411012,0.0608440713090281,0.059916252780489,0.0593814463839883,0.0593834733736789,0.0598069959189849,0.0603785068736394,0.0608327214024429,0.0610224890610239,0.0609215711713973,0.0605687220849432,0.0600326345851513,0.0594215990831548,0.0588907244282446,0.058594896145161,0.0586014865357507,0.0588375703997092,0.0591302341719022,0.0593164599998462,0.0593343550242847,0.0592274536778083,0.0590779159580281,0.05894591299443,0.0588701073179363,0.0589063528769241,0.0591351389663574,0.0596043863639864,0.0602540817053912,0.0609050833532045,0.0613434848615625,0.0614429453538918,0.0612302227246526,0.0608508379451427,0.060478737368235,0.0602491964077358,0.0602490071759213,0.0605286834455701,0.0610860759909299,0.0618235846848429,0.0625377182889863,0.0629890691209838,0.0630253956075734,0.0626674682335509,0.0620870791352471,0.0614961077774923,0.0610385581872683,0.0607629295114384,0.0606678531724893,0.0607473198174859,0.0609790393788336,0.0612769159052709,0.0614799520598837,0.0614184514207076,0.0610168283485674,0.0603471603207041,0.0595871649713881,0.0589202753516742,0.0584588731220169,0.058234836652554,0.058229855243742,0.0583901286070429,0.0586118245352533,0.0587411514576152,0.0586339860425451,0.0582560685793352,0.057743241489192,0.0573539313780862,0.0573304126051362,0.0577631850415667,0.0585496649310653,0.0594596360618853,0.0602431607981252,0.0607101697574488,0.0607653626890206,0.0604272715017471,0.0598467007721324,0.0592931850130432,0.0590682162729361,0.0593606278777381,0.0601313871784857,0.0611201549082502,0.0619823255720469,0.0624629141632948,0.0624887134346331,0.0621368183796598,0.0615414254946648,0.0608333030271148,0.0601444615227789,0.0596273388895216,0.0594233326851787,0.0595821739190448,0.0600051937786574,0.0604802616032124,0.0607951194733877,0.0608421999454675,0.0606384756562095,0.0602668140974214,0.059813408144921,0.0593598172517299,0.0590106821220146,0.0588885743635146,0.059063851485321,0.0594719984756077,0.0599089698653151,0.0601370033605439,0.0600312367308424,0.0596533832829453,0.0591991493350791,0.0588728443672738,0.0587927812524341,0.0589822050422902,0.0594111798265983,0.0600192813876829,0.0606970895621116,0.0612739828648244,0.0615673241208356,0.0614819607872861,0.0610818529566896,0.0605651337598182,0.0601563342079709,0.0600017170569256,0.0601414262228294,0.0605501152955665,0.0611741858139397,0.0619158283451421,0.0625948007529757,0.0629657519513725,0.062823960672453,0.0621370875112318,0.0610946361976203,0.0600234253526374,0.0592257596377291,0.058853896303653,0.0588897389509332,0.0592041910279383,0.0596218367035873,0.0599522794745583,0.0600153683345839,0.0597012845014283,0.0590505343882456,0.0582804927118779,0.0577011912535203,0.0575520826456209,0.0578692164534345,0.0584778384333694,0.0591073695290281,0.0595352056536128,0.0596638902549377,0.0595131635607833,0.0591791547131711,0.0588101060880526,0.0585906846017463,0.0586931955130862,0.0591894770996932,0.0599821871625799,0.060827795837061,0.0614567037682383,0.0617091059713128,0.0615879646387694,0.0612048141586251,0.0606876125141199,0.0601392202524549,0.0596642351841457,0.0593992370102417,0.0594767627136242,0.0599318910315275,0.0606370446013001,0.0613405768434036,0.0617939676300188,0.0618722456951608,0.0616029045190075,0.0611057934625768,0.0605187312201033,0.0599706134398537,0.0595896979463081,0.0594881211972307,0.0596984256407601,0.0601133975542636,0.0605066088172444,0.0606485377875396,0.0604404699025015,0.0599620964041348,0.0594005321333317,0.0589294247789363,0.0586381293084141,0.0585465004848538,0.0586527908481018,0.0589424949084658,0.0593493347344649,0.0597303529790401,0.0599137105891142,0.0598017853821009,0.0594458825301568,0.0590254945191323,0.0587491955873888,0.0587590108954553,0.0591011625127812,0.0597501068871361,0.0606259127479561,0.0615770592502358,0.0623701341783226,0.0627484302885817,0.0625594798032257,0.0618674208021635,0.0609521445379763,0.0601782055242606,0.0598196190204121,0.0599548442677182,0.0604775998717284,0.0611768423093985,0.0618117901524353,0.0621570906408848,0.0620484327069016,0.06145100827523,0.0605138378184804,0.0595406657401619,0.0588570201480139,0.0586458877363107,0.0588666485049545,0.0593122563823632,0.0597492044122232,0.0600279121908984,0.0600985407101539,0.0599644587767482,0.0596519337731546,0.0592293154464355,0.0588312928044253,0.058625144958277,0.058718740486032,0.0590837883700554,0.0595675397465505,0.0599871427295849,0.0602253256428557,0.0602536852815856,0.0600904674151886,0.0597643222076001,0.0593338831624058,0.0589314322622342,0.0587520736867059,0.0589565265616662,0.0595515600520147,0.0603543388677932,0.0610841787819529,0.0615151492927799,0.0615740787942525,0.061326985007363,0.0608993778142015,0.0604180536478209,0.0600091837041537,0.0598077657571304,0.0599197089690186,0.0603445101519738,0.0609346207786579,0.0614534334237369,0.0617039999246533,0.0616282723623934,0.0613011392205937,0.0608425680485841,0.0603425176466399,0.0598637517343128,0.0594920203530618,0.0593467458939215,0.0595107213389639,0.0599358746937532,0.0604260361941218,0.060735437674134,0.0607140561392934,0.0603868128331111,0.0599156830743592,0.0594955857965026,0.0592743600986843,0.0593345846869886,0.0596997821006492,0.0603164682140826,0.0610233629524195,0.0615711884953551,0.0617283811626791,0.0614194343236678,0.0607883270176169,0.0601262690282781,0.059713023967811,0.0596881735507521,0.0600293643613334,0.0606141029171393,0.0612838268164764,0.0618648045149134,0.0621767834281996,0.0620830838202553,0.0615768339047031,0.0608273576486492,0.0601180552911533,0.0596983978028232,0.0596574663256904,0.0599132227774736,0.060308441560034,0.0607139337832557,0.0610524220870658,0.0612536742549212,0.0612264808655691,0.0609057863037875,0.0603364073784863,0.0596972923109125,0.0592185721197829,0.0590490282316377,0.0591827216733491,0.0594966245687131,0.0598472608900722,0.0601323666625246,0.0602820331387185,0.0602312847050617,0.0599420890830086,0.0594701249330716,0.058995772287346,0.0587527594275023,0.0588865097408667,0.0593553019969435,0.0599607230191402,0.0604805130746856,0.0607895471875664,0.0608795618578601,0.0607945718376398,0.0605736684179484,0.0602622271394412,0.059958662158582,0.0598150534986701,0.0599605366924678,0.0604081885502724,0.0610350030174659,0.0616563703039886,0.0621250902015965,0.0623698528640022,0.0623636640019489,0.0620918813875935,0.0615811576062591,0.0609626854345129,0.0604770844657237,0.0603673166088409,0.0607196489035616,0.0613834606441002,0.0620480509551016,0.062423131346427,0.0623858065623002,0.0619987697135111,0.0614234450778811,0.0608272425382272,0.0603507834153242,0.0601120782447763,0.0601857200561521,0.0605456707826827,0.0610332705971071,0.0614140184104127,0.0615055481810678,0.0612808106508674,0.0608635048726377,0.0604290200847438,0.0601047707928194,0.0599466308104303,0.0599771625318672,0.0602092106503831,0.0606122407331808,0.061065608328739,0.0613785808617309,0.0613941138019729,0.0610974080294044,0.0606289313137315,0.0601853009380016,0.059896310040135,0.0597828688478131,0.0598121749405923,0.0599682859615454,0.0602526956983195,0.06062079118975,0.0609427707252048,0.0610581650729718,0.060890760228509,0.0605171115165493,0.0601192201723893,0.059862948721465,0.059811503476816,0.0599381668394152,0.0601967846962475,0.060557920653473,0.0609747158509752,0.0613374055280569,0.0614985170431773,0.0613726891071861,0.0610215947067569,0.0606323367192862,0.0603958739247367,0.0603894504926039,0.0605610183013724,0.0608110880108828,0.0610769313409442,0.0613383394757897,0.0615612520728294,0.0616658473522491,0.0615732327196051,0.0612893420544649,0.0609346569931803,0.0606800502078263,0.0606447063990155,0.0608461696571614,0.0612302284794906,0.0617234373779656,0.0622410743485963,0.0626572218380566,0.0628103497748087,0.0625903797825031,0.0620525732112963,0.0614420926430504,0.0610717317985907,0.0611283385884949,0.0615588872908034,0.0621241916830439,0.0625648247487166,0.0627386613027726,0.0626391727695135,0.0623266050821037,0.0618710671244461,0.0613584960932785,0.060915896938659,0.0606841012065078,0.0607345304588539,0.0610075133630308,0.0613444031974538,0.0615939568570322,0.0616959858627743,0.061670463049516,0.0615426292031338,0.0613010271768838,0.0609408698741686,0.0605386159860832,0.0602557936380686,0.060239470588343,0.0605018366622693,0.0608961833050336,0.0612185770377045,0.0613434842537766,0.061274195473825,0.0610819395958297,0.060819351861924,0.0605054534221186,0.0601836849003368,0.0599628028571421,0.0599673062700306,0.0602312438828764,0.0606454755212995,0.0610244159850388,0.0612374272451023,0.0612827257267354,0.0612421756444613,0.0611790001587476,0.0610934803073274,0.0609777376164064,0.0608929445335161,0.060962466858568,0.0612675835798855,0.0617473348771353,0.0622131440568471,0.0624779306547549,0.0624843684051145,0.0623190074737419,0.0621144852354638,0.0619478014637163,0.061829883152773,0.0617717721289,0.0618297330021961,0.0620643052612513,0.062455093659698,0.0628716146186228,0.0631452197798397,0.0631804138348691,0.0630039781122627,0.0627186022558333,0.0624247286907315,0.062191897668569,0.0620850660532342,0.0621765024809617,0.0624924543950606,0.0629374601232509,0.063295961532707,0.0633523724436363,0.0630472703240148,0.062530790044274,0.062055417536015,0.0617962327501814,0.0617518006851623,0.0617976089037299,0.0618199077052151,0.0617958710430654,0.0617606155777692,0.06172446140906,0.0616439052132088,0.0614741431046831,0.0612332351626502,0.0609984953120775,0.0608389918104653,0.0607632557824245,0.0607405880937129,0.060763498096467,0.0608663418613194,0.0610663637505559,0.0612923945426508,0.0613973040402436,0.0612687555031192,0.0609417221727541,0.0605983163824438,0.0604427393622039,0.060559241352176,0.060875037600217,0.0612453666124051,0.061565174730026,0.0618053375063187,0.0619671461315831,0.0620353481337039,0.0619944550671557,0.0618823511581689,0.0618006742817584,0.0618488250933865,0.0620425668229781,0.062306629774179,0.0625545692773259,0.0627709171617035,0.0630035244875319,0.0632722962646737,0.0634986535985618,0.0635465696196683,0.0633487671520934,0.0629941292451678,0.0626817047449219,0.062576297482046,0.0626965672728312,0.0629303880053429,0.0631452584226978,0.0632780472076742,0.0633299330544801,0.0633037503781479,0.063176335046112,0.0629421739061814,0.0626688177579592,0.0624828140757508,0.0624825115498644,0.0626607791927848,0.062915683541909,0.0631348293204586,0.0632638247875752,0.06329611451383,0.0632179272724428,0.0629948954549345,0.0626318896023525,0.0622366229956886,0.0619914054518961,0.0620272256640903,0.0623081511158818,0.0626434553041018,0.0628286228963632,0.0627904883274379,0.0626083443713875,0.062407148454775,0.0622415752253825,0.0620845661997964,0.0619128087292175,0.0617782386923919,0.0617785749083992,0.0619585801717432,0.0622527461912671,0.0625333545079151,0.0627112290915478,0.0627822002775273,0.0627795854902877,0.0627025453822969,0.0625151854655881,0.0622221685448966,0.0619260178928618,0.0617786968605205,0.06185473772386,0.0620704131555447,0.0622409248493543,0.0622321470848306,0.0620661588342658,0.061884490114436,0.0618136231610562,0.0618673099533291,0.0619701441911252,0.0620572779807905,0.0621364379500275,0.0622564434823425,0.0624362448625156,0.0626444707712916,0.0628475752192468,0.0630563537506282,0.0633032077455069,0.0635734326888426,0.0637826782604582,0.0638502335704284,0.0638036476586684,0.063794571300071,0.0639829267891673,0.0643846777483639,0.0648305019990267,0.0650854128003674,0.0650265645817564,0.0647228330377847,0.0643579582551336,0.0640855153722422,0.0639509684380756,0.0639269709499486,0.0639888248744188,0.0641345653880776,0.0643396868264705,0.0645222528466048,0.0645806574292921,0.0644741157331313,0.0642571091078542,0.0640251457372091,0.0638283043515508,0.0636456959306462,0.0634435989192561,0.0632422604129843,0.0631051298686695,0.0630560143022462,0.0630209714868658,0.0628749766130058,0.0625604514793095,0.0621584887760546,0.0618328991589791,0.0616951939336022,0.0617199018101479,0.0617872590759594,0.0618007813166198,0.0617584354561014,0.061717125150909,0.0617083645556957,0.0617076346902609,0.0616872355907465,0.0616807116098409,0.0617735282122203,0.0620230334414357,0.0623968817976251,0.0628018470448929,0.0631724754208714,0.0635189808547761,0.0638789348493188,0.0642292639924107,0.0644666065320352,0.0644927237342818,0.0643228221587259,0.0641002398566577,0.0639928108896912,0.0640677714996165,0.0642631380083712,0.0644725956743505,0.0646476996004096,0.0648150199527895,0.0650065216653755,0.0651939880852377,0.0653034539527548,0.0652880805295656,0.0651727211233524,0.0650225611786607,0.0648803655934837,0.064750541266012,0.0646437088074524,0.064612228919207,0.0647104581748909,0.0649076298519779,0.0650576433731658,0.0649897852757612,0.0646573775466484,0.0642029705010939,0.0638632096779353,0.0637878575694972,0.0639323725231001,0.0641134282211849,0.0641633627950956,0.0640384084571968,0.0638014777142974,0.0635325126777452,0.0632755330008389,0.0630631106116815,0.0629571767021025,0.0630302363442023,0.0632951220332178,0.063668321733321,0.0640245182807303,0.0642956205336395,0.064508518356505,0.0647172839279899,0.0649044708709489,0.0649679099603185,0.0648203153609043,0.0645019927464678,0.0641824723793833,0.0640370427376186,0.0641136646846819,0.0643159986019378,0.0645086656179779,0.0646302003018975,0.0647044368848831,0.0647598509967034,0.0647641924383605,0.0646531565888129,0.0644157233586369,0.0641305045619249,0.0639042053233495,0.0637778922743615,0.0637059538120839,0.0636302305413673,0.0635618885144717,0.0635733910084097,0.0637066229096345,0.0639037520568121,0.0640480804079353,0.064080244009493,0.0640656099794834,0.0641342348053123,0.0643494550000734,0.0646392350216827,0.0648602636854189,0.0649274765896838,0.0648785284302407,0.0648180297502562,0.0648135949946387,0.0648564498583586,0.064915913863713,0.0650095657096718,0.0652002597750646,0.0655233960159201,0.0659319527739706,0.0663253486603065,0.0666290837394307,0.0668337164686864,0.0669534894053467,0.0669653350539803,0.0668168346605635,0.0665087353495424,0.0661573913176867,0.0659458282525549,0.0659864596294544,0.0662223859129458,0.0664692709223409,0.0665644223308013,0.0664839858190185,0.0663243774672645,0.066181932409087,0.0660595582621477,0.0658860845178852,0.0656085052403386,0.0652485347247668,0.0648703935789921,0.0645130120539071,0.064172636985998,0.063849432792937,0.0635870285517478,0.0634418136679706,0.0634107923446633,0.063410553836676,0.0633517943871424,0.0632414330794857,0.0631972677401487,0.0633418128491775,0.0636715526278189,0.0640342090629021,0.0642444579879267,0.064231882911953,0.0640862604397801,0.0639713597221398,0.0640037318532022,0.0642080365892318,0.0645615944118722,0.0650465768516067,0.0656412718920485,0.0662752305412656,0.0668280735098002,0.067200040853079,0.0673867339093387,0.0674701025059769,0.0675254665865799,0.0675431600116506,0.0674554862526297,0.0672451272636491,0.0670145460754344,0.0669289096234714,0.0670780993856965,0.0673936702325336,0.0677044170518402,0.0678740454768316,0.0678861838327875,0.0678064470473602,0.0676832086992171,0.067503075767252,0.0672404261941181,0.0669267763120772,0.0666461480969298,0.0664556966988075,0.0663245959173756,0.0661672578329951,0.0659381561454359,0.0656819526718683,0.0654819706080766,0.0653673213169403,0.0652881513109849,0.0651897030344465,0.0650974609415312,0.0651055431864398,0.065267630621028,0.0655065489685005,0.0656508435722389,0.0655759498209181,0.0653139537028302,0.0650244905041385,0.064860818776183,0.0648672853400271,0.0649996809602825,0.0652227145516324,0.0655620249176147,0.0660522382631381,0.0666487020132803,0.0672137007790418,0.0676020282667077,0.0677577419061512,0.0677239791252444,0.0675695123400045,0.0673284420582948,0.0670244156861022,0.066738487252373,0.0666150983418315,0.0667657818271681,0.0671556954047118,0.0675985089144935,0.0678851010692009,0.0679334993737786,0.0678216259427511,0.0676816192695769,0.067570597274886,0.0674444395091801,0.0672424355196818,0.0669754095656529,0.0667207909970274,0.0665424504046813,0.0664356031904626,0.0663570778901765,0.06629369044591,0.0662775271093459,0.0663281564276218,0.0663999348567927,0.0664149685321653,0.0663592827608152,0.0663308403436624,0.0664648202201074,0.0667941144205155,0.0671862376091039,0.0674326759251851,0.0674151319139513,0.0671948154506896,0.066949058617067,0.0668296204726004,0.0668806346559192,0.0670722010381017,0.0673782775706865,0.0677964233174456,0.0682962067527044,0.0687788484525038,0.0691181157217025,0.0692495950952969,0.0692089514360691,0.0690733877661669,0.0688740189723168,0.0685849029456475,0.0682061870161505,0.0678420267566292,0.0676661145456204,0.0677865797174289,0.0681395010713413,0.0685231217923476,0.0687458521744809,0.0687483452567028,0.0685938088816027,0.0683611186920507,0.0680676679018903,0.067697172711294,0.0672787035781611,0.0669065569985637,0.0666672570013105,0.0665559176665123,0.066482089588165,0.0663640286904193,0.0662085343297971,0.0660902969346051,0.0660608253070361,0.0660969265854495,0.066148517499738,0.0662235629317124,0.0663983623950196,0.0667264551794126,0.0671440003035283,0.0674877318146439,0.0676252027306659,0.0675720585252415,0.0674780459967655,0.0674980553978945,0.067680308897518,0.0679755884608932,0.0683346323442181,0.0687699659371146,0.0693118107809729,0.0699183912388458,0.070456476873342,0.0707861057211471,0.0708618014123415,0.0707435899558555,0.0705159426566446,0.0702173222937487,0.0698634268903963,0.0695259566444769,0.0693504005476483,0.0694593799133589,0.069826429053066,0.0702591091394012,0.0705292450036667,0.070535652286814,0.0703475469684288,0.0700982572495905,0.0698487721437556,0.0695589598316008,0.0691774134755711,0.0687334238853149,0.0683248819523463,0.06802302422221,0.067808727178262,0.0676110504602296,0.0673953151621524,0.0671933224454515,0.0670450203086146,0.0669338329121504,0.0668081114914865,0.0666724453358606,0.0666338285092369,0.0668232577616933,0.0672535329592819,0.0677618054176477,0.0681135227939105,0.0681818466761063,0.0680372062655623,0.0678719200450401,0.0678472636427424,0.0680118854147493,0.0683436917745587,0.0688294723505327,0.0694722037472608,0.070222565070776,0.0709354400183152,0.0714290659347575,0.0716025567900832,0.0714928739748858,0.0712154714409388,0.0708615338383328,0.0704680753389448,0.0700831576588292,0.0698271406646732,0.0698476298957316,0.0701905862154222,0.0707213178853863,0.0711941936018744,0.0714196258893351,0.0713748004420505,0.0711640246883221,0.0708900652779553,0.0705787733886029,0.0702216715526278,0.0698600022887415,0.0695915675833728,0.0694823608066543,0.0694862472983179,0.069473749370841,0.0693473594216278,0.0691206396605177,0.0688795876097217,0.06867988586468,0.0685046236466978,0.0683299889181274,0.0682111963963232,0.0682682923369908,0.0685653372156097,0.0690090060916928,0.0693884619888792,0.0695339990968009,0.0694442875876818,0.0692630875854096,0.0691425861399381,0.0691402730721588,0.0692425520158487,0.0694585759673653,0.0698538212444046,0.0704742535499042,0.0712486473229471,0.0719885235737886,0.0724974361053656,0.0726816009343263,0.0725604812846526,0.0721963054466181,0.0716493520611918,0.0710161055358364,0.0704822329121881,0.0702789124830388,0.0705337535141931,0.0711451202272534,0.0718172863338519,0.0722479401046603,0.072309448206641,0.0720732556718842,0.0716851553086239,0.0712374267856523,0.0707583396224799,0.070290954567031,0.0699349227263035,0.0697837875279603,0.06982814651438,0.0699453210148137,0.0699994759211326,0.0699478438511298,0.0698415751049046,0.0697331751252176,0.0696107483900823,0.0694427858819114,0.0692768809307262,0.0692580657640439,0.069515484978409,0.0700211532807549,0.070573571182383,0.0709387066103314,0.0710189309018414,0.0708941032355663,0.07071555691299,0.0705808010153015,0.0705150738454103,0.0705477174459551,0.0707611686147209,0.0712331123937685,0.0719314411063288,0.0726892777013426,0.0733024238632157,0.0736540988298357,0.073743862966678,0.0736119383291908,0.0732709216854994,0.0727395308178779,0.0721361368139089,0.0716967320043874,0.0716505568319373,0.0720477727603626,0.072705035678081,0.0733288067584995,0.0737030382192178,0.073774408799823,0.073588429561962,0.0731853940854354,0.0725847212655158,0.0718583443162187,0.071174939059857,0.0707271386641508,0.0705957206241934,0.0706894294548511,0.0708254708347985,0.0708678061923986,0.0707879609566994,0.0706128080690556,0.0703543009552865,0.0700225368136913,0.0697012585949705,0.0695657648120858,0.0697751096699169,0.0703219072421873,0.0709971082916121,0.07152656133455,0.0717621102724704,0.0717530232330981,0.0716484641903716,0.0715521188293479,0.0714810539646321,0.0714463396511978,0.0715314943468491,0.0718561619679592,0.0724563517900343,0.0732172353836881,0.0739384280078479,0.0744635047731136,0.0747401891363311,0.0747695019827505,0.0745380206543675,0.0740418569760282,0.0733842119317971,0.0728129111011926,0.0726066720921128,0.0728834202877411,0.0735068686436948,0.0741854451090049,0.0746721449909026,0.0748837535302742,0.0748567960229905,0.074630664742658,0.0742047173544737,0.0736042107949897,0.0729497662550677,0.0724210443039707,0.0721361968037427,0.0720744677874138,0.0721232245945491,0.0721887094671432,0.0722424778742753,0.0722636092046321,0.0721733997263703,0.0718757209189909,0.071384850455841,0.0708957069518879,0.0706864729050726,0.0709155557084711,0.0714966107097331,0.0721676468225676,0.0726817900023787,0.0729401345022177,0.0729705760235421,0.0728274657460371,0.0725517837685773,0.0722276376322353,0.0720324574456336,0.0721743223034864,0.0727456108669258,0.0736350180400321,0.0745926307753652,0.0753857638599363,0.0758962573792575,0.076090919060829,0.075947182359004,0.075457080406614,0.0747167389354702,0.0739769946000288,0.0735478763831396,0.0736071111673409,0.0740833299315207,0.0747251072093779,0.0752858583854103,0.0756490024537644,0.0758002637229277,0.0757259205527273,0.075382351284687,0.0747754302552149,0.0740411553822265,0.0734068246455202,0.0730484542516807,0.0729831752780336,0.0730999001847454,0.0732795236769616,0.073465721430752,0.0736227566517415,0.0736640910381035,0.0734753277737554,0.0730354742823106,0.072502558591269,0.0721429058495595,0.0721446457482836,0.0724867246719374,0.072984184258929,0.0734508651250222,0.0738099451036073,0.0740597932419934,0.0741734047119673,0.074077508264841,0.0737494224974741,0.0733173652689161,0.0730329299793141,0.073121852158499,0.0736505165275509,0.0745212849008548,0.0755650374456282,0.076608489717502,0.0774602657169721,0.0778928467010029,0.0777232901187746,0.0769696787832789,0.0759292355499547,0.075056843920957,0.074706554689416,0.0749411704019801,0.0755573082938577,0.0762719348644098,0.0768832871767762,0.0772864265233239,0.0774003765273321,0.0771463348175904,0.0765224516237776,0.0756761558522275,0.0748589339465389,0.0742805802575337,0.0740005111981135,0.0739560804572131,0.0740742878190498,0.0743258016969373,0.0746636325144397,0.0749436510358454,0.0749619266069541,0.074611069458924,0.0740044940947269,0.0734262431868615,0.0731357845937968,0.0732052404313488,0.0735274492208679,0.0739530901938065,0.0743953330413756,0.0748074857136984,0.0751033755475251,0.0751559612275625,0.0749041373439849,0.0744522116806157,0.0740378880634383,0.0738853646684513,0.0740850017166613,0.0746035607174499,0.0753757991633235,0.0763431632933295,0.077390152494238,0.0782798386378024,0.0787190723360394,0.0785438959601012,0.0778625880271979,0.0770092056450377,0.0763388819858281,0.0760456224887328,0.0761424935079825,0.0765649765794551,0.0772445470299464,0.0780720081790342,0.0788313103631714,0.0792376234409563,0.0790938683966151,0.0784295841627477,0.0774845068599961,0.0765524507736587,0.075834883431092,0.075418737629193,0.0753390249596785,0.0756002720362633,0.0761120125655774,0.0766369829905173,0.0768716616226416,0.0766374730870005,0.0760166992900566,0.075295227495283,0.0747576824730207,0.0745221109490867,0.074546729649107,0.0747548442910395,0.075114844105757,0.0755944451663948,0.0760749207469709,0.0763633583440151,0.0763212276612465,0.0759819223339963,0.0755324509696961,0.0751813980319449,0.075052335859828,0.0751931926969397,0.0756419221633423,0.0764232233546764,0.0774527096280985,0.0784702791261861,0.0791287128128426,0.0792041633383107,0.0787477590918521,0.0780361370776581,0.0773713355183117,0.076919700695171,0.0767164390455547,0.0767748634225604,0.0771398604303331,0.077817350539767,0.0786766198755204,0.0794636360545856,0.0799365506040821,0.0799942677734972,0.0796812907442711,0.0790974037729967,0.0783406322109088,0.077545966100345,0.0769350064083084,0.0767516436244895,0.0770890353064162,0.077766828748608,0.0784057739515112,0.0786635945172897,0.0784350432095302,0.0778570870870748,0.0771549178675254,0.0765026801028352,0.0760126996952806,0.0757952963709988,0.0759548993538433,0.0764906764306273,0.0772179885830208,0.0778339005247802,0.0780995159431625,0.0779783710040459,0.0776116401533096,0.0771815315059664,0.0768174675174825,0.0766203063218872,0.0767198606096044,0.0772372351926865,0.0781519724254141,0.0792200325799029,0.0800688361414963,0.0804179497672401,0.0802353170534917,0.0796989373318602,0.0790288388007159,0.0783685851846839,0.0778092451695793,0.0774718538245674,0.0775045486211221,0.0779704298369491,0.0787513148938944,0.0795899228196655,0.0802417323924308,0.0805884248201769,0.0806183671237539,0.0803390027779377,0.0797574342058973,0.0789620170082873,0.078186485471117,0.0777297811969651,0.0777628590440369,0.0781988380689379,0.0787597079061317,0.0791789876428153,0.079348323597289,0.079291863791887,0.0790451268433272,0.0786046928259768,0.0780057289326609,0.0774126836785869,0.0770799218030615,0.0771871865376714,0.0777047682475839,0.0784196671946616,0.0790859097808509,0.0795451242261621,0.0797267841033643,0.0795937706827409,0.0791534532010609,0.0785422417449928,0.0780567227535042,0.0780262318288977,0.07859321713998,0.0795945943770683,0.0806627433107912,0.081458118516171,0.0818290814485214,0.0817912977589378,0.0814129092020769,0.0807643418975652,0.0799740634008251,0.0792774537803073,0.0789439432715145,0.0791177559415183,0.0797254113167651,0.0805430613159675,0.0813472830302524,0.0819944012354836,0.0823773186031611,0.0823670404637038,0.0818635579557118,0.0809314750642304,0.0798591800716292,0.0790304481769785,0.078691744056733,0.078819784068698,0.0791998969191876,0.0796167392116573,0.0799648674030173,0.0802037163833282,0.0802652020822132,0.080059763899156,0.0795848401714664,0.0789970435290746,0.0785394732308051,0.0783816052918719,0.0785309950696042,0.0788919898435165,0.0793788243648289,0.0799408976673686,0.0804849613781566,0.080825261839572,0.0807739277317117,0.0803129743205304,0.079667574129506,0.079180874759478,0.0790929124712141,0.0794236740095921,0.0800431714346476,0.0808146750084633,0.081643989563737,0.0824095379523857,0.0829084692794179,0.0829392291863498,0.0824689634166215,0.0817115614590503,0.0810186136270927,0.0806763076870406,0.0807881989487637,0.0813127643940647,0.0821537704761376,0.0831730806045662,0.0841340767553857,0.0847088486407063,0.084628365378274,0.0838757935278355,0.08273363823863,0.0816161369020823,0.0808265877540017,0.0804453804608623,0.0804069244605969,0.0806317966837199,0.0810571731079951,0.08156504622868,0.0819470640481923,0.0819996441445548,0.0816728643766621,0.0811124586596379,0.0805426266640954,0.0801116591801708,0.0798549501808533,0.0797824662005442,0.0799485672819409,0.0803926762246885,0.0810144011160892,0.0815529045623853,0.0817403533271212,0.0815005906872868,0.080997977299634,0.0804913042880248,0.0801478918151809,0.0799983372022704,0.0800395860509838,0.0803270044817273,0.0809263920855499,0.0817810167113376,0.0826641532445579,0.0832974101927145,0.0835278372361519,0.0833935456110199,0.0830383326432486,0.0825997352230446,0.082197163980689,0.0819931648179304,0.0821886002608243,0.082888528467705,0.0839539826647004,0.0850156824689286,0.0856794010935632,0.0857548129640488,0.0853141950982016,0.0845647009130072,0.0836974343471303,0.0828602356896657,0.0822230191068751,0.0819854253635366,0.0822590050273719,0.0829355450222631,0.0837053691346799,0.0842416606711182,0.0843874344815653,0.0841809762378567,0.0837347018192799,0.0831315679095593,0.0824509226084584,0.0818527305901961,0.0815624484143484,0.0817183407597573,0.0822272505813935,0.0827978346933677,0.0831425435849085,0.0831601005646802,0.0829350898720258,0.0825917014635941,0.0821844084157169,0.0817373994662607,0.0813506820760813,0.0812080841274056,0.0814465701804083,0.0820236670952787,0.082734535422068,0.0833637612821794,0.0838088346677461,0.0840587538903117,0.0840926326124943,0.0838567312625223,0.0833684876961067,0.0828168693892763,0.082503628129115,0.0826419631638417,0.0832009865298853,0.0839505742133698,0.0846528425317844,0.0851996916749436,0.0855763782097849,0.0857400882311798,0.0855935897905304,0.0851037842336594,0.0844231692050712,0.0838504036711649,0.0836424164438129,0.0838574886357439,0.0843714274945517,0.0850155535165316,0.0856663972044854,0.086208039666036,0.0864682755664427,0.0862715707549348,0.0855987146699502,0.0846813701083408,0.0838950557899915,0.083520580725675,0.0835880040963876,0.0839312031455449,0.0843623343930196,0.0847725464148584,0.0850864645956734,0.0851872040971161,0.0849560427689374,0.0844082302686248,0.0837586399004625,0.0833066101727027,0.0832304236119514,0.083490610574773,0.0839247857134697,0.0844086806081121,0.0849013885862559,0.0853503398430794,0.0856105853349645,0.0855162028212258,0.0850480545648342,0.0844057979302109,0.0838823578548245,0.0836562446727472,0.083708141450288,0.0839262829617799,0.0842564247511934,0.0847189603298873,0.0852905273963526,0.0858175045975589,0.0860913826086088,0.0860188525976145,0.0857007104221396,0.085335237746917,0.0850604255760029,0.0849073470069075,0.0848887593517791,0.0850773166856385,0.0855460339520502,0.0862284318534763,0.0868789824358621,0.0872176763493295,0.0871324655939299,0.0867383330883701,0.0862449039105147,0.0857895191184359,0.085411431847543,0.0851583765012953,0.085153407282684,0.085504629059367,0.0861468554680483,0.0868112586070163,0.08719152711886,0.0871570755423719,0.0868094429567872,0.0863500507259514,0.0859239980014408,0.0855998481329317,0.0854571966527687,0.0856176099577981,0.086136886683191,0.0868738010033074,0.0875146388371243,0.0877737256813083,0.0875886876486577,0.0871241087288792,0.0865995151205085,0.0861351355739224,0.0857608289947643,0.0855267426259009,0.0855394730878651,0.0858577688124584,0.0863752918817005,0.0868529626584942,0.0870927484261882,0.0870737297721263,0.0869093230353647,0.0866901924982345,0.0864053826968373,0.0860302337212652,0.0856584253073067,0.0854932699370211,0.0856794088415791,0.0861541782746694,0.0866892201439222,0.0870826233595252,0.0872956879636345,0.0874008207972378,0.0874299398329777,0.0873210104198702,0.0870284756792175,0.0866538799696585,0.0864198111283729,0.0864939156568898,0.0868498890198697,0.0873133168333741,0.0877293549646314,0.0880584727814806,0.0883089620851606,0.088421742559316,0.0882805250045145,0.087857861030386,0.0873236164875172,0.0869650536008649,0.0869773749066869,0.0873336734498567,0.0878552963147,0.0883818165653737,0.0888459676472883,0.0891982928303255,0.0893225292793548,0.0890929039225834,0.088534710131058,0.087893689608886,0.0874968617659552,0.087517610672369,0.0878726291976114,0.0883397488174596,0.0887521340861101,0.0890639178315336,0.0892561791100944,0.0892453585766002,0.0889379124990182,0.0883744643143099,0.0877745366859597,0.0873958724023125,0.0873402843034578,0.0875082671168063,0.0877393992488156,0.0879690949604436,0.088228229400154,0.0885112424485178,0.088698440638773,0.0886469638183686,0.0883511869823591,0.0879786570281417,0.0877288541083906,0.0876696971158757,0.0877303038859722,0.0878398987834834,0.0880303270480882,0.088371940992645,0.0888254562200384,0.0892055469832218,0.0893242544028986,0.0891645019350404,0.0888892246611623,0.0886775499765567,0.0885763573220766,0.08852878571185,0.0885238603494832,0.0886654096486687,0.0890601158669233,0.0896517050027851,0.0902063862594855,0.0904867609983073,0.0904352390892492,0.0901790670085343,0.0898751724172928,0.089587094401672,0.0893246537171076,0.0891626620999823,0.0892534265525592,0.0896839302714979,0.0903353061394608,0.090923676124684,0.0912041539151524,0.0911353667413343,0.0908487267400242,0.0904874468546178,0.0901118321936437,0.0897588021001035,0.0895367119797737,0.0895904375352503,0.0899448991207125,0.0904124095305785,0.0907034213675727,0.0906532647609862,0.0903362907398717,0.0899563022109206,0.08964611776568,0.0893965322370505,0.0891681217472013,0.0890210611109696,0.0890875974110632,0.0894152130187068,0.0898752138543986,0.0902585308016361,0.090457000044175,0.0905258257381054,0.0905657560674776,0.0905785448359757,0.0904759506808151,0.0902289386333768,0.0899657517946359,0.0898831304709299,0.0900594502862735,0.0903813770214804,0.0906670510846091,0.0908414774627732,0.0909652465009641,0.0910992205077074,0.0911849805010828,0.0910965063770171,0.0908048069035211,0.0904546655338133,0.0902540507739682,0.0902984249319653,0.0905256084053503,0.0908350502550961,0.0912079288166869,0.0916736171370138,0.092172019920027,0.0925071111251688,0.0924885423856454,0.0921266483744008,0.0916608155238874,0.0913731192136666,0.0913734793253049,0.0915676323557735,0.0918091550986629,0.09204061404159,0.0922717925344024,0.0924599207257853,0.0924779802102624,0.0922372431929967,0.0918223462702575,0.0914622426350588,0.0913466139044389,0.0914808289563285,0.0917299875976745,0.091983752400038,0.0922415946864563,0.0925296093988943,0.0927755388387067,0.0928225400141997,0.0925872607627312,0.0921781825250758,0.0918216236090862,0.0916639970631574,0.0916659716936783,0.0916985041064141,0.091716402120362,0.0918011782440993,0.0920296814490057,0.0923379005907788,0.0925539393596215,0.0925673386678293,0.0924357949702044,0.092305698293587,0.0922466045202051,0.0921994226707729,0.0920938329771385,0.0919799158292283,0.0920003020754155,0.0922261982938523,0.0925533454105115,0.0927900044409051,0.0928426055609727,0.0927880454186346,0.0927560700215554,0.0927695792769145,0.0927356590588875,0.0925932585121675,0.092431692463335,0.0924286510953672,0.0926735037028111,0.0930782521431984,0.0934720562366346,0.0937590381076073,0.0939562186781184,0.0940900175441178,0.0941102085799012,0.0939526248056496,0.0936794547166939,0.0935036210065659,0.0936244694087161,0.0940308620124382,0.0944885949787298,0.0947380719040942,0.0947007637441118,0.0944913403321502,0.0942548042017743,0.0940325903133588,0.0937989719047813,0.0935880106123258,0.0935243722327989,0.0937031621617652,0.0940644267103573,0.0944256313146052,0.0946468409416637,0.0947406982944914,0.0948042504632061,0.0948647294728605,0.0948337510937191,0.0946277816020284,0.0943034598658815,0.0940316437222536,0.0939274847589997,0.0939322096723698,0.0938876543785363,0.0937194286689524,0.0935177079594284,0.0934272967113049,0.0934826876746623,0.0935816898013331,0.0936183186779082,0.0936054994675888,0.0936401593777607,0.0937644976866981,0.093906141531853,0.0939771248094449,0.0940058809494525,0.0941258217357445,0.0944170628530236,0.0947855671682678,0.0950333208712293,0.0950532506547118,0.0949339415430829,0.0948605838989883,0.0949306904895041,0.0950917413101199,0.0952529472608376,0.0954161183365831,0.0956598042324366,0.0960026181090465,0.0963268248534224,0.096471496543692,0.0963953964612434,0.0962206315024448,0.0961081346609872,0.0961134557486755,0.0961855208433106,0.0962879048256482,0.0964705348282165,0.0967885999697713,0.0971696252456571,0.0974127747635813,0.0973549308130031,0.0970312748201211,0.0966470259352911,0.0963839807451167,0.0962501924909786,0.0961267360403214,0.0959381524688252,0.0957414057876489,0.095641077788393,0.0956513402192798,0.0956801291107499,0.0956494652588808,0.0955938891828122,0.0956095064903719,0.095717864746778,0.0958201703409616,0.0958068868163676,0.0956908436729583,0.0955948292640994,0.0955994237024868,0.0956329522626223,0.0955444430696467,0.0952849019421949,0.094988704326749,0.0948574539864674,0.0949741523626129,0.0952503041466358,0.0955488056993573,0.0958261138258337,0.0961332589422759,0.096499796058368,0.0968649957221033,0.0971470984207607,0.0973541236929103,0.0975792942780918,0.0978706763640874,0.0981357114036916,0.0982168096038587,0.0980719845706189,0.0978562064434089,0.0977985208355873,0.0979980996228657,0.0983532943320519,0.0986856820150634,0.0989064014733714,0.0990441561163859,0.0991346495219192,0.0991347945637942,0.0989772455280028,0.0986909105124442,0.0984220139929022,0.0983112594873198,0.0983637598979688,0.0984630936826177,0.0985090870690155,0.0985120235057702,0.0985352094191526,0.0985697817549445,0.0985118502700274,0.0982833020151478,0.0979508721997727,0.0976861693496301,0.0975942865394089,0.0976004443128283,0.0975256257529853,0.0972689833729548,0.0968978391703672,0.0965601533079433,0.0963383750696728,0.0962148217379138,0.0961658977382317,0.0962415346558363,0.096515086645958,0.0969651085060951,0.0974482921382266,0.0978160190052148,0.098046371214815,0.0982354630000305,0.0984572136221575,0.0986603371093317,0.0987289069207313,0.0986360172471592,0.0985054892377603,0.0985034817861606,0.0986825632648451,0.0989548848907211,0.0992159664233421,0.099465163384066,0.0997824500457274,0.100200883608386,0.100637835562242,0.100968373281579,0.101145959332305,0.101221716606641,0.101247595884795,0.101198676511533,0.101024146042689,0.100765198030932,0.100577640503789,0.100601501871568,0.100809910195686,0.101012700272696,0.101024987010481,0.100826409373474,0.1005487710466,0.100323066600423,0.100164438284782,0.100009059245541,0.0998293356165916,0.0996723748834232,0.0995807640028496,0.0995117482097368,0.099371950239965,0.0991319577575119,0.0988753656590042,0.0987128673632379,0.0986616240616286,0.0986396756890848,0.0985865574749372,0.0985614864696031,0.0986889420621643,0.0990030863617113,0.0993708500322142,0.0995915330464927,0.0995719356147812,0.0993932978119751,0.0992132920784756,0.0991282616044709,0.0991448804427525,0.0992605498456144,0.0995204448388879,0.0999655366516628,0.100542494611698,0.101108511933208,0.101548924246574,0.101876667632188,0.102191245474804,0.10253892694386,0.10283780123435,0.102959166906828,0.102873033486159,0.10268974393111,0.102552421268481,0.102508020874857,0.102501838829761,0.102486066831303,0.102498047148502,0.102610130184083,0.102818032374457,0.103012663392602,0.103077025001912,0.102995495110213,0.102848788077436,0.102709148748209,0.102569402876438,0.102388753599188,0.102183869607267,0.102032724496327,0.101971443527221,0.101911807208114,0.101700271835452,0.101276003770972,0.100758700550068,0.100363243947166,0.100225531986146,0.100315823424458,0.100509939178865,0.100715142896693,0.100908785161003,0.101075785281397,0.101157870747109,0.101098197008988,0.100926331275524,0.100763685391535,0.100724380698177,0.100821703008606,0.100991429053735,0.101202296058716,0.101513412463436,0.101999220862313,0.102626145006572,0.103232794696538,0.103651063496359,0.10384219735039,0.103903774664604,0.103950937257846,0.104012075850482,0.104047013431874,0.104042403676433,0.10405405773407,0.104146352336581,0.10431524205516,0.104499824260408,0.104667723966909,0.104857935780922,0.105114938396265,0.105390635794753,0.105545148321472,0.105467293877875,0.105188696980008,0.104861330853235,0.104618054654682,0.104465170382917,0.104314269349942,0.104100544004253,0.103846567540721,0.103611711650378,0.103409740921591,0.103205598742855,0.10299000535041,0.102825361755944,0.102792476009277,0.102897308425058,0.103053628008641,0.103166651001783,0.103216979041183,0.103242799469363,0.103246716742165,0.103153150168766,0.102885684290232,0.102484884818843,0.102126308411524,0.102003431187345,0.102189884470205,0.102614930530837,0.103156592945906,0.103734511530886,0.104309287535775,0.104824121116762,0.105192875421016,0.105365896214301,0.105391028553183,0.105382089220842,0.105419720807003,0.105497267330103,0.105573005138816,0.105659835976295,0.105835944964383,0.106156754018631,0.106572752158822,0.106956229056164,0.107212076198834,0.107347899721847,0.107427681196251,0.107471388296991,0.107423422157762,0.107225104402465,0.106900139976242,0.106550003028873,0.106267977123647,0.106075150665107,0.105944992755916,0.10586772222799,0.105860402522132,0.105909634490505,0.105933918985312,0.105838466610388,0.105617414589186,0.105383498356908,0.105274038755597,0.105321032108412,0.10541895454456,0.105420415986808,0.10525614816778,0.104963483409007,0.104621109070102,0.104286338202872,0.104002681544447,0.103839563164031,0.103882954946338,0.104167862308627,0.104632523495042,0.105159673054504,0.105665795854609,0.106137090778164,0.106574228770899,0.106922665585514,0.107088101146895,0.107034014320185,0.106851834949775,0.106715015187089,0.106755451008731,0.106985599672747,0.107334239253848,0.107737208375457,0.108176152254907,0.108637389488766,0.109064463145062,0.1093771952624,0.109535865420181,0.109566562498877,0.109513395466112,0.109379988809262,0.109139981877148,0.108808133457475,0.108479883626531,0.108276530263768,0.108245107524686,0.108321311939204,0.108396096508745,0.108411012059202,0.108380932811302,0.108333869883702,0.108253526909442,0.108096909613475,0.107859139341539,0.107597691153956,0.107381084528313,0.107223008077627,0.107080642851073,0.10691500581432,0.10673539686701,0.106575205491462,0.106438857556296,0.106299544842665,0.106160694187355,0.106103440071012,0.106245119504149,0.106634440320036,0.107189212664025,0.107744147352125,0.10816128985782,0.108396469578954,0.108475431029551,0.108435011196322,0.108307224858657,0.108150608333859,0.108064391255097,0.108144543083206,0.108422048817394,0.108854403686635,0.109379225459533,0.109962608017396,0.110583279867993,0.111178892446937,0.111635588369139,0.11185388403906,0.111828207238363,0.11165173164105,0.111437484438895,0.111238681174757,0.11104738043617,0.110857447489557,0.110707557962868,0.110653072561643,0.110705761753459,0.110815954336901,0.110914267843409,0.110957398697241,0.110926301661069,0.110795506872447,0.110533542859659,0.11014992609206,0.109730783558526,0.109401671136356,0.10923606058796,0.109197745294409,0.109177727089962,0.109088590001785,0.108923365364249,0.108733198635689,0.108568445634308,0.108454819407682,0.108416306421121,0.108492284369392,0.108709022605974,0.109034637608736,0.109378705607511,0.109648690266843,0.109806271419671,0.10986618075731,0.109850732032636,0.10976645520821,0.10963685953566,0.109546617717392,0.109627004447112,0.109976154474669,0.110586340903264,0.111349232124498,0.112129203508729,0.112828776227543,0.113393000949714,0.113777170865766,0.113938712350936,0.113870326233092,0.113629223298891,0.113317423729157,0.113028379100943,0.112816188214828,0.112712182761989,0.112750965968662,0.112956556028874,0.113296114432764,0.113661676716313,0.113918525461001,0.113983911048391,0.113861755750241,0.113605616677077,0.113259273763206,0.112841162385446,0.112378539207756,0.111935449874731,0.111589406554522,0.111378109193015,0.111275740247466,0.111223018756859,0.111173454245656,0.11110721995977,0.111013288784333,0.110882401482176,0.110732212053201,0.110630182631525,0.110666251389667,0.110881330191933,0.111217073480589,0.111542099591129,0.111735864282572,0.111756089384817,0.111639797991405,0.11145930469342,0.111289460161603,0.111207731210022,0.111296810935413,0.111618065179374,0.112170944146699,0.112883147233404,0.113647125887522,0.114366667464136,0.114969829380858,0.115391906138315,0.115573381507254,0.115497725638383,0.115234981062799,0.114933981680292,0.114752631627357,0.114780715726831,0.115017515187804,0.115408388869203,0.115888669457863,0.116391655532,0.116832726236029,0.117112524534482,0.117153380338292,0.116936004331738,0.116499846009577,0.115913491628942,0.115253653721925,0.114610615070924,0.114092823039101,0.113795927454979,0.113746576058122,0.113874049757818,0.114046496490567,0.114146545368459,0.114123413860139,0.113987656739924,0.11377454436429,0.113523316918171,0.113283424825874,0.11311660668617,0.113069724732216,0.113137461549865,0.113256924738278,0.113346307814676,0.113353124858159,0.113271357949617,0.11312675809151,0.112963470683345,0.112850737352466,0.112887284595801,0.113170664966873,0.113737922331103,0.114526284348751,0.115393655542156,0.116184354328759,0.116786487146862,0.117145962212135,0.117252371048261,0.117133314401382,0.116865601470169,0.116575623263906,0.1164055285902,0.116460793943089,0.116777870964167,0.117328571417106,0.118039783527115,0.11880176840347,0.119470387679109,0.119892482203876,0.119962777039715,0.119677075231548,0.119135324768265,0.118488652860029,0.117873729177633,0.117381345217596,0.117063030949911,0.116942179300282,0.117005566076775,0.117189216598681,0.117388318743124,0.117495380292597,0.117438577024859,0.117194443498611,0.116780553382776,0.116251597477377,0.115703149483949,0.115259401971542,0.115026971786209,0.115036380053673,0.115219182848853,0.115445493013804,0.115594704725443,0.11560712887678,0.115490595818754,0.115299866877188,0.115118497759248,0.115047162679046,0.115180138647476,0.11556465553894,0.116168405665259,0.116885652506554,0.117580742374063,0.118135522660244,0.118472177645519,0.11855677755447,0.118407343688283,0.118110385207638,0.117819480343599,0.11771203209288,0.117918798123431,0.118471801218336,0.119302638129996,0.120279731331642,0.121248176786914,0.122053007825442,0.122558152545229,0.122677571798042,0.122409113438391,0.121842632366161,0.121129643619589,0.120434619731527,0.11989826796723,0.119620249750335,0.119644712704021,0.119938964930392,0.120383624180185,0.120801414145786,0.121023158781808,0.120952771500593,0.120590787076632,0.120012048018502,0.119327594965628,0.118658255256991,0.118118366389343,0.117792652305294,0.117705762514592,0.117807405572444,0.117992390431897,0.118145745774575,0.118183066418207,0.118068141205753,0.117815883356436,0.117494435864016,0.117220920943681,0.117131473132667,0.117323644466102,0.117802458558849,0.118470068797395,0.119168019649297,0.119741081808258,0.120083484270195,0.120155587324833,0.119986005473433,0.119671381224375,0.119364803703935,0.119238426379812,0.119427306361429,0.11998369596218,0.120865125322311,0.121951908425347,0.12307342536777,0.124034618367449,0.124653364648535,0.124814759130436,0.124521234724092,0.123902397870332,0.123169985418127,0.122543200691153,0.122186753531911,0.122182931257634,0.122527564374844,0.123133108040685,0.12384058789967,0.12445425524792,0.124797877757433,0.12476711734162,0.124350722532591,0.123618765024924,0.122698956862075,0.121756156847509,0.120967077705303,0.120476273210605,0.120342761386595,0.12051140811181,0.12083552695887,0.121139992779246,0.121285609558943,0.121203782367145,0.120901608316459,0.120454366462373,0.119991105270768,0.119663135782505,0.119592277332391,0.119820131257904,0.120289832094868,0.12087119073871,0.121409608929441,0.121770908545924,0.121872169751561,0.121705212599139,0.121352661442495,0.120979409478001,0.120784892744168,0.120930058531854,0.121478061481417,0.122379604069854,0.12349942059765,0.124656247628718,0.125657115410549,0.12633042300145,0.126567617690592,0.126363761900096,0.125830385525579,0.12516519941015,0.124592820901036,0.124306201498094,0.12442574151498,0.124972860675215,0.125854189569785,0.126868916351851,0.127756349843112,0.128277472689523,0.128293875953073,0.127804239888164,0.12692831818323,0.125860761635255,0.12482161108783,0.124011426393134,0.123566934080906,0.12352326586443,0.123803221989129,0.124246713594683,0.124667015595334,0.124903816040737,0.12485484131384,0.124491672996426,0.123870807354581,0.123133319130536,0.122473536556427,0.122073242575785,0.122030479224035,0.122324348279174,0.122832848961586,0.123384280287552,0.12381040841456,0.123987039702612,0.12386626560634,0.123500270499607,0.123040008746881,0.122693027021992,0.122651033554529,0.123022923302297,0.123804389772453,0.124886394850302,0.126084035009901,0.127173517089432,0.127940979587298,0.128244316963048,0.128067181488502,0.127532345898489,0.126861256065614,0.126301996385622,0.126062987331631,0.12627177751956,0.126952563823547,0.128013366397265,0.129251983864934,0.130398229643415,0.131190140324785,0.131452795571543,0.131143344984977,0.130350861740927,0.129266470889093,0.128141085581071,0.127232372633058,0.126738523031392,0.126734765416104,0.127145791300584,0.127775464826356,0.128379530747886,0.128742168965459,0.128726375758452,0.128296026368231,0.127520921969483,0.126565409795559,0.125649655355259,0.124983708413125,0.124699390539717,0.124813439302065,0.12523466509584,0.12580000419147,0.126318168828818,0.126614833237141,0.12658269094901,0.126226620153241,0.125676285725753,0.125145731228547,0.124853673937329,0.124946669057294,0.12546062566722,0.126323378844428,0.12737831892226,0.128415970477768,0.129218292077661,0.129619350776332,0.129564295971661,0.129134840957518,0.128525079989927,0.127982383762094,0.127742342350361,0.127974248596709,0.128737140864943,0.12994963891107,0.131392215836464,0.132759434495389,0.133751631615943,0.134165783593444,0.133945864296665,0.133183396133411,0.132086298025079,0.130933480704798,0.130015884468528,0.129562497964546,0.129670037502198,0.130271005260547,0.13116042704552,0.13206587551835,0.132723890034376,0.132937523168665,0.132614671558562,0.131793106366634,0.130642551119384,0.129425300083057,0.128416249509994,0.12781511960278,0.127692764938455,0.127988429053819,0.128542417657493,0.129140985274143,0.129566278312705,0.129654538708505,0.129352851822134,0.128746198681476,0.12803197032308,0.127450238169155,0.127204793766997,0.127406757998587,0.128048904095003,0.12900477558745,0.130053270100486,0.130936081520483,0.131440649926523,0.131475131586611,0.131096524821124,0.13048144368029,0.129865221459338,0.129483317526302,0.129526421776991,0.130099565527365,0.131182642758155,0.132612959726176,0.134115216303694,0.1353781013424,0.136145112821905,0.13628242159706,0.135808596841834,0.134890908572761,0.133811869647027,0.13290185536047,0.132443706426438,0.132581120578348,0.133274204963719,0.134322503021992,0.135436151726316,0.136316820677357,0.136724459044427,0.1365285366787,0.135744192718818,0.13453828510967,0.133187564678142,0.13199551682609,0.13120348977191,0.130933400450132,0.131172348259305,0.131785258249459,0.132544307083527,0.13318018770471,0.133458818880302,0.133261690016483,0.132628629168152,0.131737425348535,0.13083508306024,0.13016087178072,0.129889753519598,0.130096969911943,0.130735988562284,0.131637856737544,0.132550649482251,0.13321932618013,0.133473851198707,0.133283103098047,0.132756182299902,0.132104686599035,0.131587879149356,0.131449293018631,0.131846911526926,0.13279380577737,0.134140908336512,0.135620163129475,0.136929367858994,0.137815920119631,0.138129676407556,0.137846984582937,0.137080373847696,0.136070988420802,0.135143577626139,0.134617739586307,0.134705149189783,0.135441165147167,0.136678757238101,0.138135113159631,0.139463912592831,0.140336441193632,0.140525408457362,0.139975263371255,0.138826921633425,0.137374236816927,0.135967315874249,0.134909595770784,0.134389701324063,0.134455215583332,0.135012662830136,0.135846320699551,0.136666020090931,0.137188050596008,0.13722448561677,0.136739181895734,0.135847134037027,0.13476962024468,0.133773341388926,0.133108005771239,0.13294170514697,0.133302888811518,0.134058722858446,0.134956152764102,0.135714469459636,0.136121191528555,0.13608595016637,0.135645567703539,0.134944318576288,0.134206712204469,0.133694786471753,0.133638535678709,0.134155893484577,0.135203354065272,0.136586287373726,0.138019502959636,0.139204418768588,0.139899201833181,0.139978859369713,0.139481086422336,0.138614759305953,0.137706732770124,0.137096308804566,0.137026101795737,0.13757986557124,0.138679106608163,0.14011363082863,0.141583108286921,0.142753528419641,0.143339816573747,0.143197827726958,0.142379656827151,0.141116966284412,0.139742662540155,0.138595113232262,0.137940213963262,0.137915980057724,0.138494569273138,0.139475389229692,0.140534050466666,0.14132579222138,0.141598934307878,0.141262338213292,0.140386745615163,0.139164942389505,0.137863691037679,0.136772978860391,0.13613974126833,0.136091879424705,0.136589325680429,0.137437366707991,0.138357685558262,0.139076430302449,0.139392683981171,0.139221342968019,0.138618508466114,0.137780968486151,0.136997388656108,0.136551182544546,0.13661801805167,0.137214241502242,0.13821478574325,0.139408544858076,0.140549286286247,0.141394709805279,0.141755642028655,0.141561817179799,0.140910637929208,0.140054958633848,0.139324212508837,0.139019857832579,0.139332530541739,0.140296794063764,0.141775397483165,0.143474606154921,0.145008652462923,0.146014506796232,0.146274035685879,0.14577999646768,0.144716865577786,0.14338562170638,0.142123683545563,0.14124166120767,0.140963296681832,0.14136131199426,0.14231800505827,0.143550737469091,0.144703926501494,0.145459900975268,0.145615885251872,0.145114866055286,0.144051585625272,0.142663633674309,0.141287260115358,0.140261686377142,0.13981197160004,0.139975570913968,0.140613442283577,0.141483377217141,0.142318342542182,0.142878444167814,0.142991017543686,0.142599026701873,0.141800177779944,0.14083393162802,0.140002106466574,0.139562977521659,0.13965664240085,0.140283398901378,0.141314384213701,0.142513984478557,0.143584252770834,0.144248305029013,0.144351853244767,0.143924686430978,0.143160830415383,0.142337329016101,0.141730858414664,0.141567514059911,0.141989772317987,0.143013044919885,0.144485289445169,0.14609879336795,0.147479252732931,0.14831380206789,0.148447550886407,0.147911109902127,0.1468963184226,0.145711550209088,0.144719082111338,0.144240431627386,0.144446074660507,0.145287442279663,0.146520169427638,0.147804440835926,0.148815813240671,0.149313428436379,0.149169327631322,0.148391224952854,0.147141971305234,0.145719873411271,0.144475779712405,0.143698391075374,0.143531859496832,0.143959138511736,0.144828925427522,0.145889927403505,0.146831907789443,0.1473592827707,0.147293966608524,0.146651855721762,0.145633731899317,0.144533779687587,0.143632270701648,0.143133688211443,0.143149750905901,0.143686483731084,0.144621202543565,0.145706069905452,0.146635756972262,0.147159209886795,0.147168052593311,0.146714584023869,0.145974551258845,0.145199131964906,0.144670175174858,0.144636036705808,0.145221514844817,0.146357660818322,0.147792231308833,0.149186540264679,0.150235302383713,0.150740474189669,0.15063006467974,0.149962051948127,0.148934458020806,0.147869346200142,0.147130861547669,0.146995839877099,0.147552119465308,0.148683825611405,0.150131092556309,0.15156661071755,0.152657186543972,0.153127629422552,0.152843627376683,0.151879422100986,0.150508783424844,0.149103865635481,0.148002244925835,0.147421627352358,0.147443972219417,0.148027492480875,0.149009095993252,0.150114794714806,0.151020181254164,0.151458565504154,0.15131519875588,0.150648691045981,0.14964439422557,0.148552483622544,0.147642905162273,0.147158444615097,0.147241942831946,0.147864819262859,0.1488203615454,0.149807246511076,0.150550934088167,0.150882566366486,0.150748988089462,0.150196255483913,0.149370299571683,0.14851878314006,0.147942896508795,0.147889831304409,0.148447428273435,0.149513642142864,0.150849470393097,0.152160845476122,0.153162142062348,0.15362757645555,0.153456151720953,0.152733128650437,0.151729249600009,0.150807324088372,0.15028398289464,0.150332978037942,0.150969511959092,0.152079924531699,0.153445915037882,0.154765163730388,0.155710849032843,0.156039637106662,0.155689913033762,0.154798931542605,0.153632897426705,0.152492932161619,0.151653866512181,0.151329201836259,0.151623033294622,0.152471075394136,0.153628549929852,0.154748842817298,0.15551772553004,0.155754968887712,0.155432207935811,0.154637726004221,0.153548176737905,0.152417508208493,0.151539255489592,0.151156696231764,0.151364753321367,0.152076853427559,0.153077258666226,0.15410654018446,0.15492051508558,0.155320841274073,0.155195692752538,0.154577047409665,0.153663490860697,0.152759714028827,0.15215572999297,0.152026900569818,0.152409296316735,0.153227140759281,0.15431565861173,0.155428651263192,0.156276038329781,0.156620298011255,0.156386385084182,0.155701727777387,0.154834869643157,0.15408611044401,0.153704945213895,0.153852460820646,0.154573167669983,0.155758597100364,0.157141760875918,0.158369308544019,0.159132850368154,0.159277783036547,0.158826235413767,0.157930652395694,0.156821446301009,0.155777004597471,0.155084210374824,0.154958332238418,0.155453647964716,0.156435404886669,0.157641112146194,0.1587812421281,0.15960908211547,0.1599461843052,0.159705383324535,0.15893497649136,0.157843938638817,0.156751238222765,0.15596589844596,0.155675757940219,0.155914287999837,0.156596136410981,0.157558590958071,0.158577299024169,0.159389759262455,0.159767091117146,0.159610825157647,0.159000588639795,0.158151153808044,0.15731828372837,0.156725934410535,0.156538635504328,0.156842118134883,0.157602851427227,0.158638466500303,0.159656860690315,0.160367403788022,0.160594344714181,0.16031996444017,0.159655876331251,0.158797682473763,0.15799667353278,0.157522824099455,0.157584815462578,0.158232882064169,0.159319933733791,0.160562892516122,0.16166032566467,0.16238275705794,0.16260070622379,0.162286290373104,0.161529065510407,0.16054850799923,0.159650951363125,0.159122572820772,0.159121606499615,0.159641609834357,0.160550295139942,0.161646732443373,0.16269435700718,0.163448356709161,0.163715750558241,0.163436252030972,0.162720436993554,0.161803371361741,0.160947359068066,0.160366606123771,0.160204452960044,0.160528375910729,0.161303741429297,0.162365177535923,0.163441534545695,0.164250063776537,0.164603030253178,0.164455310028177,0.163882782519832,0.163041865567097,0.162148569622177,0.161456226762583,0.16119134865297,0.161459034531195,0.162186456937782,0.163156257123591,0.164103924091783,0.164804618475615,0.165108674270267,0.164951269058232,0.164374582969681,0.163549965068888,0.162749395924825,0.162249758827155,0.162223249242229,0.162686166421265,0.163522381303159,0.164535844090216,0.165490150507982,0.166145141467615,0.166321334909529,0.16597951261279,0.165254164813888,0.164399118067754,0.163679247300449,0.163286619477858,0.163320762668269,0.163800927614344,0.164661412500841,0.165733566992359,0.166764446173546,0.167496654358597,0.167766240692705,0.167550981052213,0.16695038485182,0.166139035503801,0.165334350672398,0.164769639858456,0.164639244481225,0.165021600234753,0.16583595280667,0.166876899604874,0.16790322325683,0.168712964052231,0.169167476025664,0.169191240153704,0.16878995323765,0.168081075907029,0.167287299912528,0.166666420922955,0.166415224501099,0.166610848234932,0.167210914817805,0.168080092740357,0.169011849270521,0.169758646750277,0.170100527559854,0.169938450366809,0.1693484980909,0.168547549957577,0.167793821837091,0.167296083879964,0.167178258633657,0.167480249197617,0.168152799792334,0.169044764550472,0.169922782181763,0.170544984905024,0.170752470302049,0.170518482471598,0.169935473879372,0.169173074181008,0.168442319448217,0.167960970946693,0.16789607302028,0.168294430519462,0.169052609842106,0.169962326702554,0.170802490506811,0.171409782849126,0.171692520661387,0.171616611333561,0.17120978578959,0.170584635371067,0.169936104599366,0.169485241413487,0.169398095914392,0.169734833713466,0.170449586599316,0.171414302306418,0.172439060225775,0.173299035701795,0.17379325370789,0.173823772742488,0.173441768240527,0.17282008933636,0.172173628987995,0.171689270610393,0.171500618898709,0.17168575461314,0.172250338477743,0.173098906272953,0.174036252499421,0.174824245881625,0.175266405607122,0.175268227274229,0.174851347165239,0.174140359368276,0.173341336922134,0.172701277380688,0.172432420586063,0.172624417200007,0.173202965295395,0.173971286730161,0.174704608944239,0.175228881562076,0.175445185894144,0.175321390653739,0.174891734068922,0.17426830134989,0.173631023085969,0.173175782588242,0.173045687021915,0.173289293166382,0.17386012279744,0.174635856587954,0.175438614717563,0.176067216665161,0.176357368028648,0.1762504383061,0.175821216938177,0.175237441914989,0.174682118859342,0.174298143752418,0.174180646012925,0.174387892403664,0.174931383224354,0.175747269868944,0.176688130456159,0.177560047126894,0.178185237090577,0.178451385632914,0.1783330382637,0.177898356471434,0.177307640304243,0.176784648327764,0.176545183445918,0.176708779352798,0.177250623601895,0.178027090636869,0.178848831071359,0.179544393712166,0.179985638896185,0.180094334576713,0.179858856388762,0.179355960701964,0.17874548652527,0.178223064443319,0.177955068960022,0.17803208497782,0.178451941895663,0.179119477411432,0.179858559033404,0.180452367978315,0.18071892644029,0.180589487205945,0.180135861332177,0.17952504095814,0.178938082247299,0.178512632114756,0.178332443520683,0.178437496185375,0.178820947125259,0.179414243264372,0.180089080712063,0.180690749965969,0.181084523107521,0.181188668783419,0.180989551899873,0.180550054489289,0.18000924697524,0.179552929653402,0.179348174256143,0.179474084873161,0.179897768347769,0.18051066001837,0.181188438355996,0.181825201138677,0.18233154467884,0.182628597721515,0.18266713238781,0.182461554788519,0.182104047920215,0.18174170324054,0.181532161025824,0.181600848378964,0.18200544046581,0.182705285839158,0.183550460735968,0.184317733510834,0.184796260845099,0.184879400992797,0.184602874680061,0.184108810105744,0.183572561987103,0.183146201853481,0.182938145105972,0.183008496741478,0.183358434832714,0.183920096744655,0.184567634666778,0.185152283644655,0.185541739173039,0.185647531947907,0.185444256821988,0.184987793007031,0.184418932515926,0.183927398346991,0.183677096723771,0.183735249850208,0.184055561109927,0.184522828473397,0.185016210936469,0.185443414249822,0.185738834260336,0.185855228613332,0.185772547475486,0.185515582693389,0.1851576691284,0.18480418756657,0.184568681927644,0.184550280927473,0.184806646048893,0.185321348615734,0.18598754900792,0.186636169552233,0.187105572547959,0.187309230218354,0.187255514652887,0.187016555589741,0.186685267762096,0.18635634388102,0.186127771867962,0.186093900913944,0.186316799561753,0.186794487156723,0.187451769532003,0.188157913842566,0.188757535454548,0.189107035089661,0.189119754752518,0.188811860137997,0.188317373578534,0.18784318232595,0.187577044293854,0.187605513818863,0.187894798963864,0.188335663589622,0.188806218735039,0.189208805883065,0.189476623535564,0.189573011125904,0.18949692076614,0.189286063237734,0.189007633895495,0.188742777738881,0.188575945102544,0.188584655116856,0.188814890291433,0.189245428618139,0.189772661719105,0.190244956486699,0.190534054654836,0.190592660139009,0.190457257334906,0.190205158424947,0.189911103505971,0.189635425529992,0.189434762001815,0.189366415620032,0.189474748746089,0.189772626117052,0.19023209971232,0.190783527445329,0.191319236653376,0.191710877494061,0.191852036295421,0.191713163677685,0.191369086431039,0.190968915604989,0.190663922765629,0.190544915755031,0.190627591140885,0.190877652902652,0.191238827853368,0.191642396276167,0.192009353201274,0.192264201167354,0.192358786140917,0.192288280307325,0.192090712845643,0.191838783670607,0.191630564342507,0.191568888877347,0.191719224294224,0.192063474448713,0.192490420498341,0.192845286007694,0.193010809952162,0.192961907739717,0.192759551271445,0.192501979476229,0.192278249666045,0.192149661085511,0.192150514996125,0.192290420894727,0.192555583338401,0.192915725600273,0.193333102218833,0.193761423568863,0.194136032177592,0.194377312002437,0.194423811507774,0.19427707686932,0.194016032701756,0.193759509136227,0.193603954573266,0.193586541414447,0.193695878860652,0.193905864507458,0.194194036947022,0.194533684567024,0.194880452507712,0.195174258688615,0.195355025305469,0.195379400172228,0.195235108120354,0.194956740452341,0.194634580393066,0.194394725539391,0.194343527179773,0.194506624040574,0.194810588377289,0.195125756781647,0.195337721842603,0.195394822898257,0.195308273122706,0.195124509666926,0.194901004708731,0.194694999108735,0.194554880598054,0.194509116970322,0.19456155978944,0.194698459921208,0.194895890653721,0.19511459199794,0.195291082535952,0.195350541714463,0.19524932989174,0.195017044185431,0.19475550924841,0.194586239520286,0.194585225864658,0.194753680070572,0.195037237843336,0.195365812897533,0.195681779907585,0.195949033927106,0.196153331474683,0.196298883427667,0.196397175153713,0.196451906692674,0.19645712661919,0.196417588737978,0.196372465418988,0.196390435544511,0.196529279084144,0.196792776084995,0.197125383640134,0.197448963883027,0.197705665849492,0.197871319257395,0.197940242999493,0.197910164171869,0.197785811621311,0.197591168262896,0.197371170212601,0.197180347305542,0.197070326017423,0.197080585713315,0.197223746317579,0.197464178199478,0.197711020477751,0.197849430700279,0.197801842971511,0.197575293757802,0.197254966774787,0.196949104633721,0.196730289128872,0.196612994001306,0.196568813704526,0.196553513047254,0.196526525117763,0.196462947399021,0.196361596777392,0.196242879539187,0.196131671075462,0.196038374772367,0.195960185518887,0.195904346052147,0.195905365457337,0.196007921909241,0.196223626231094,0.19650330989522,0.196756395748576,0.196904091671595,0.196922527428676,0.19684631598754,0.196741067479921,0.196672276091737,0.19668575318208,0.196797562533368,0.196992053655825,0.197234468288594,0.197496888725832,0.197776979966078,0.198087333174781,0.198421400730287,0.198731246102732,0.19894518892984,0.199013192355525,0.198938900689679,0.198772260825338,0.198576751675113,0.198404073794332,0.198289921985996,0.198257026767151,0.198310433799459,0.198430300950442,0.198576721928761,0.198706034157611,0.198782279357806,0.198775859715203,0.198662881810183,0.198440314036167,0.198146646350013,0.197858123551472,0.197648118753785,0.197537309762199,0.197478453986542,0.197390167812872,0.19721037435191,0.196928402926612,0.196581942985948,0.196235044682927,0.195955585996068,0.195795164804149,0.195770205823986,0.1958543264282,0.19599415853886,0.196140550796057,0.196267141523345,0.19635909529764,0.196389616456061,0.196319250765248,0.1961282245824,0.195851576729461,0.195578348160113,0.195410320704837,0.195413608342049,0.195597345506752,0.195923288916574,0.196327275890961,0.196738843351981,0.19709986162663,0.197381331255174,0.197585607580173,0.197725771501414,0.197798527813623,0.197781249378905,0.197662368531795,0.197476127739902,0.197302583767527,0.197226823197317,0.197291626054786,0.197480939500679,0.197737954928478,0.197992969853755,0.198181582246799,0.198256329984592,0.198200320325514,0.198035842538253,0.197813255931098,0.197582872258099,0.197373619673231,0.197195781000575,0.19705567998298,0.196955880437323,0.196876424046969,0.196764119309025,0.196555548723605,0.196222770638418,0.195801631290521,0.195376488907395,0.19503579477312,0.194834164782916,0.194779695329196,0.194838266130462,0.194942736562778,0.195009659877764,0.194968940124774,0.194793787483942,0.194506583028803,0.194154770406691,0.19378216915236,0.193425130168572,0.19313083189517,0.192964902415233,0.192986058606556,0.193205513498442,0.193570239068779,0.193986465190775,0.194361257572575,0.194630017179374,0.1947616767961,0.194755879943427,0.194641412890549,0.194468347078054,0.194288210993788,0.194136111354706,0.194034293887155,0.194012645814501,0.194115881149562,0.194376794370192,0.194774780540628,0.195222485040262,0.19560031313982,0.19581326031413,0.195827424006223,0.195669338303333,0.195404599035725,0.195116081383018,0.194883097337737,0.194755622507315,0.194733158035865,0.194768606297335,0.19479976852954,0.194782237791638,0.194695944973371,0.194529427796398,0.194272293510555,0.193932630925468,0.193558459886484,0.193229134308105,0.193012801887014,0.192924019134111,0.192916336797442,0.192909633133522,0.192824462342103,0.192603740753928,0.192225715897713,0.191715827167484,0.191147987251368,0.190620497760017,0.190214467224253,0.189966151643582,0.189874099817341,0.189924897751776,0.190102557316085,0.190370953553405,0.190656625342594,0.19086302856766,0.190911965632697,0.190777230633433,0.190485791870245,0.190096893549547,0.189684680655629,0.189331184085403,0.18911522708206,0.18908988800902,0.189264207196074,0.189607432484121,0.190068987963363,0.190588743631228,0.191088639363475,0.191468974616054,0.191636110447829,0.19155280757713,0.191269248262937,0.190903907042206,0.190587979404948,0.190414895448965,0.190420585004049,0.190587034174416,0.190852189937261,0.191125638366543,0.191318294962689,0.191377868735756,0.191304399038588,0.191132697031186,0.190901530733112,0.190641405141146,0.190385904704013,0.19017873398213,0.190052938341978,0.189996704023221,0.18994397116952,0.189806628101776,0.189523347864142,0.189087054397266,0.188539762007186,0.187953135956894,0.187411731768678,0.186995344270572,0.186752983087444,0.186680409527639,0.186724117674614,0.186813673471869,0.186893468668686,0.186925276415767,0.18686839898068,0.186672186417767,0.186300612066633,0.185768229598578,0.185150576855453,0.184558379221307,0.184099559832984,0.183855305559856,0.183870479566721,0.184143569367735,0.184615872612398,0.185178107466546,0.185703486693132,0.18608820974052,0.18627149601601,0.186231927628469,0.185983296348211,0.185585333502869,0.185152167479789,0.184828850706623,0.18473496236895,0.184912022016803,0.185312621284023,0.185832245444924,0.186352862596662,0.186772792436691,0.18702362784919,0.187084168878626,0.186986429457875,0.186799548641519,0.186594491968991,0.186415399384938,0.186278534839986,0.186188809333079,0.18614551156095,0.186128007031489,0.186084672280873,0.185950960629356,0.185689531092428,0.185317189311456,0.184894891294867,0.18449355534334,0.184166141792344,0.183938991796627,0.183811310171712,0.183752517157447,0.183705380905624,0.183605968794795,0.183410976075715,0.183108013125334,0.182700634119741,0.182190575048274,0.181584633103425,0.180922766944831,0.180293663712262,0.179812159669836,0.179570810792162,0.179601470023587,0.179867946401902,0.180281060069876,0.180719037453602,0.181051200675541,0.181171484407318,0.181034346024202,0.180670179601092,0.180167680954428,0.179639047929756,0.179195251961069,0.178937804257668,0.178947959318825,0.179259002728316,0.179827394886404,0.180534354798974,0.181227640273442,0.18177755715518,0.18211224017186,0.182221689160839,0.182145398027842,0.181957452397416,0.181747002643422,0.181590069153495,0.181524438607445,0.181546749253997,0.181632882728521,0.181759066457413,0.181903072894396,0.182032181743617,0.182102760340556,0.182081429906035,0.18196842159087,0.18179745973491,0.181611286273298,0.181436599633008,0.181277715927175,0.181124237979391,0.1809568370048,0.180747889925219,0.180467535288698,0.180098915233235,0.179649438322147,0.17914495183841,0.178614281670681,0.178085094686153,0.177597168478727,0.177212442489875,0.176997957037265,0.176985780934155,0.177141580494002,0.17736843371516,0.177541800154666,0.177550529729955,0.177325996649475,0.176859082610624,0.176207580201381,0.175486925109651,0.17483787936642,0.174382772446557,0.174195219679942,0.17429627221788,0.174664522970799,0.175240084703744,0.175921881353599,0.176577865976403,0.17708028834231,0.177350279605818,0.177381826709428,0.17723191040693,0.176990747459002,0.176753534286784,0.176600868156995,0.176583394452366,0.176711676098633,0.176960685743391,0.177290435249488,0.177666527282905,0.178062089948788,0.178443524295921,0.178762741400578,0.178971801005048,0.179048828722888,0.17900948112132,0.178893355109826,0.178740116699834,0.178575663901395,0.178411800954072,0.178248690660363,0.178074688711814,0.17787047517601,0.177622409501645,0.177335598012182,0.177032638807825,0.176739152265602,0.176473046780555,0.176248421284536,0.176083321366105,0.175992282811419,0.175963076055772,0.175940562457191,0.175839128633204,0.175579092617362,0.175121782858084,0.17448404858642,0.173733425340739,0.172973844098367,0.172324043357779,0.17188627128312,0.171713541857236,0.171794868094343,0.172068947787731,0.172453116682768,0.172863784108466,0.17322072036358,0.173450160081503,0.17350170228728,0.173371682011977,0.173110492689928,0.172803430171308,0.17253913272685,0.17238714324185,0.172390729542053,0.17256570515495,0.172899139783163,0.173353556729558,0.173881104578773,0.174438157287484,0.174985987963959,0.175479243187096,0.175862231299655,0.176087556022053,0.176145329668604,0.176075228570208,0.175948322097582,0.175834080392242,0.175777655223768,0.175795913611362,0.175882066074531,0.176009881402457,0.176141144318443,0.176241242086878,0.176294533250763,0.176304679616604,0.176279127391296,0.176215422484554,0.176104622272761,0.175944757944367,0.175743713007787,0.17550477716227,0.175212376245748,0.174838499454228,0.174367444469321,0.173815995112679,0.173232295718436,0.172679156856046,0.172217426315257,0.171894131167015,0.171729268265696,0.171702234696552,0.171752185004211,0.171801814956785,0.171791207068712,0.171695427128342,0.171515637468422,0.171261074795613,0.170944971591585,0.170595337301723,0.170260688098482,0.16999749681254,0.169849794122801,0.169840213297747,0.169975598825345,0.170252630542503,0.170653467604803,0.171139813011078,0.171658695297226,0.172157560274943,0.172593149524125,0.17292828466017,0.173130386100855,0.173186165583895,0.173123996722707,0.173018085455471,0.17296175253724,0.173027585063982,0.173244075346103,0.173598958440779,0.174054363354576,0.174557280856974,0.175046393481069,0.1754647385548,0.175775628911966,0.175967189198437,0.176040124819256,0.175993858443296,0.17582908233772,0.175563273771917,0.175236935289445,0.174897956155956,0.17457843442849,0.174288044127764,0.174027988399033,0.173805637024123,0.173632071374112,0.173508028758146,0.173416734212822,0.173329894485692,0.173215746539749,0.173040438594281,0.172770519105418,0.172387611854678,0.171908023830355,0.171384921266997,0.170883427505428,0.17044790416871,0.170090286597703,0.169805508818657,0.169592180562837,0.16945672848354,0.169403677250216,0.169430207836548,0.169531489289608,0.169704285079697,0.169938190150188,0.1702036770802,0.170454783235186,0.170647982372746,0.170759089144455,0.170784036037897,0.170731554147442,0.170625034822218,0.170513531136302,0.170471781316891,0.170575762049587,0.170867939648331,0.171340388329094,0.171946145865467,0.172621862378236,0.173300927675474,0.173916575773834,0.174408901084992,0.174739651678695,0.174901377777101,0.174910130343032,0.174791153850159,0.174575977364443,0.174312430358517,0.174068134644354,0.173912333392277,0.173886917958151,0.173992076384723,0.174196222787334,0.174454212743615,0.174714614572119,0.174917524553121,0.174999428844146,0.174911220185271,0.174635771427899,0.174190389168199,0.173617557918832,0.172978039792121,0.172348550727713,0.171810484090726,0.171422529344204,0.171193684225177,0.171082269287704,0.171025077189919,0.170972073083186,0.170900032671223,0.17080402931772,0.170686275523645,0.170554602337071,0.17042282976797,0.170302086465947,0.170188769421708,0.170065117729281,0.169915293773163,0.169740355953629,0.169556918416845,0.169385552357545,0.169247120352728,0.169171284526592,0.169200571475787,0.169375258352787,0.169708206559692,0.170173558502704,0.170719101027291,0.171287119338262,0.171824263470953,0.17228041239641,0.172611680462826,0.172793595577639,0.172831936014605,0.17275834828765,0.172616716036785,0.172457238240117,0.172341532405533,0.172341965701737,0.172520807388127,0.172899205027165,0.173441660873249,0.174068159105296,0.174680322978783,0.175181435526831,0.175487354892163,0.17553985297161,0.175325834888659,0.174888642703624,0.174317648782121,0.17372139310422,0.17320245231327,0.172842664242019,0.172690748987793,0.172745825074129,0.17294806323413,0.173194375704265,0.173377965360179,0.173426409251152,0.173313971819453,0.173049679154659,0.172662227426743,0.172194697419627,0.171701433376406,0.171235540987518,0.170831703775013,0.170500170756078,0.170236587356292,0.170033970989723,0.169883415726014,0.169768703250926,0.169670347075207,0.16958118596343,0.169516494034936,0.169504023791804,0.169562079170853,0.169687450492891,0.169862032520295,0.170064773321111,0.170273208134054,0.170457508936432,0.170582681810067,0.170623776933638,0.170580537135826,0.17047797512465,0.170357437544627,0.170272445562885,0.170290479916369,0.170484802543935,0.170906116248743,0.171548837759541,0.172339705628668,0.173159329021585,0.173879657010394,0.174393912133809,0.174633330810375,0.174579979879896,0.174278026642771,0.173831159268732,0.173376550992069,0.173045548912048,0.172932560398701,0.173081667328326,0.173482319817852,0.174065821630839,0.174710564956143,0.175269414605026,0.175614592101734,0.175674844915064,0.175444068375495,0.17496625062884,0.174317732840676,0.173596861252693,0.172911553613588,0.17235521356135,0.171980142829515,0.171787615781133,0.171739657090817,0.17177752533385,0.171832305349215,0.171831548164637,0.171714998999319,0.171458188617364,0.171084835995045,0.170654051756777,0.17023224291025,0.1698724659844,0.169610199887239,0.169463752999203,0.169427426821904,0.169464172830603,0.169513874908023,0.169518951147744,0.169449596072899,0.169312472746485,0.169145791173656,0.169013330593703,0.16899787339031,0.169181196658983,0.169607269981288,0.17024947465051,0.171009488973661,0.17175199388387,0.172350728480398,0.172719449566211,0.172823974827999,0.172687529497472,0.172393199551425,0.172072051194385,0.171869491500888,0.17190290152734,0.17223302148249,0.172856925585367,0.17371153842588,0.174678366258283,0.17559719798416,0.176300910783008,0.176664343589119,0.176640701559461,0.17626574052173,0.175636482820636,0.174885760464734,0.174161786861842,0.17360414901711,0.173310606661374,0.173308192575785,0.173548634936653,0.17393010141851,0.174326755720521,0.174610385646271,0.174668163800977,0.174427975768603,0.173886364443228,0.1731172283023,0.172248049377348,0.171417108720313,0.170737982523518,0.170282751033938,0.170074669241929,0.170081394179144,0.170216730720738,0.170364221526292,0.170418413017387,0.17032087427586,0.170072629914435,0.16972620868228,0.169371049980032,0.16911527331898,0.169055894282166,0.169239610016951,0.169636352343185,0.170148204086361,0.170650107070334,0.171034217189065,0.171234445325355,0.171232917600876,0.171063001466437,0.170811050508704,0.170603446006239,0.170572057258583,0.170812829978905,0.171359979468389,0.172182081177558,0.173188555464404,0.174238653527128,0.175161380234639,0.175796043977046,0.176042503599692,0.175893214600786,0.175429672983671,0.174793047785356,0.174151086848087,0.173670080865526,0.173484688706941,0.173663285478405,0.174183892789763,0.174938338963288,0.175762984104798,0.176476755537681,0.176912742048057,0.176947353667012,0.176533450978146,0.175726048507655,0.174677294486603,0.173592851607139,0.172670626268729,0.172052606017163,0.171802466493038,0.171900572424548,0.172248348337409,0.172687832320889,0.173043265566089,0.173173609550238,0.17301086511268,0.172568767463762,0.171928624078023,0.171217128878482,0.170579639486583,0.170143754671173,0.16997866696107,0.170071732736591,0.17033939103197,0.170664640707348,0.170935585858502,0.171068688278967,0.171021697535925,0.170806197537871,0.17049456238106,0.170205912122662,0.170068506076189,0.170177430205097,0.170569247362786,0.171216978598723,0.172034388604689,0.172885360450471,0.173607930495854,0.174058451002594,0.174160127112661,0.17392883144383,0.173464315792691,0.172919795228051,0.172469111510592,0.172275928746006,0.172458500614313,0.173052950985222,0.173993276644558,0.175123272911954,0.176234958900714,0.177114483527821,0.177584017236511,0.177541127542928,0.176993612698537,0.176072223150754,0.175002252491854,0.174038385020776,0.173393085555856,0.173189027125665,0.173442724582705,0.174068379490419,0.174895105192478,0.175702328889722,0.17627412423287,0.176455636970223,0.176187656570922,0.175510253537551,0.174545704393351,0.173472549644158,0.17249040964424,0.171772290468133,0.171415817750415,0.171417416807151,0.171683356431189,0.172067016358293,0.172409955110656,0.172575460761998,0.17247777951826,0.172107286373587,0.171538469920415,0.170907841138061,0.170368610790565,0.170045948959557,0.170010427176387,0.170267429203508,0.170753217890609,0.171340552016942,0.171866334481565,0.172181678126589,0.172202679567335,0.171935783851003,0.171471231017778,0.170958159599157,0.170573983837958,0.17048720527829,0.170811341703096,0.171562913437021,0.172646493101157,0.173877256476542,0.175028448270779,0.175883196283387,0.176281312009098,0.176160732914078,0.175585229675754,0.174739015232569,0.17387823801418,0.17325663464062,0.173059372228311,0.173367091470706,0.174147344838868,0.175261827831957,0.176489059140216,0.177569906812968,0.17827108911434,0.17844353305755,0.17805288130397,0.177179094388858,0.175996893784356,0.174743700853007,0.17367110583356,0.172981732498111,0.172772371916379,0.173010801076089,0.173555087506601,0.17419919703477,0.174723244709425,0.17494008434496,0.174738373818135,0.174113781768789,0.173171038159804,0.172090078592535,0.171072506028144,0.170293604748097,0.169870657062131,0.169841321370629,0.170148942409672,0.170647452562843,0.171139661257137,0.17144062493372,0.171436236535719,0.171111552099728,0.170547294589043,0.169897812361716,0.169357286228294,0.169111608979523,0.169281398067852,0.169878805722127,0.17080147813125,0.171864871530091,0.172852580126389,0.173565436258412,0.173865448959989,0.173714724052501,0.173196928393871,0.172502149126451,0.171872905308131,0.171535173444938,0.171644304486044,0.172256500494958,0.173317873408075,0.174666570705256,0.176057666344667,0.177218529757657,0.177920530545554,0.178037008407126,0.177567622588538,0.176632585973003,0.175449046200227,0.174291334434338,0.173430283423257,0.173060860632664,0.173246622504824,0.173906923260357,0.174847214367174,0.175811402009309,0.176537811439061,0.176814413932459,0.176530209490247,0.175707154470818,0.174493905415859,0.173121337752759,0.171842050823247,0.170876920149616,0.170374004203289,0.170375363193606,0.170798392406324,0.17145053032707,0.172085061123185,0.172477379210827,0.172486652438395,0.172082949679874,0.171344768304629,0.170438651683284,0.169581882388067,0.168985901102715,0.168793458524627,0.169037090403088,0.169637454746944,0.170434298888413,0.171228882293372,0.171826398377127,0.172080487048933,0.171937047296325,0.171458600469603,0.170809992238557,0.170208730745089,0.169864937538833,0.169933192433852,0.170479664609292,0.171460258301167,0.172716915597172,0.174007428214127,0.175069278639608,0.175692676353849,0.175771698953562,0.175322183076764,0.174475687560095,0.173457725937893,0.172545274230673,0.172000003980619,0.171994389959058,0.172562533208429,0.173595408172851,0.174873550889056,0.176117709313002,0.177046758138221,0.177440907167423,0.177199948128264,0.176373408663908,0.17514559495318,0.173783236941066,0.172570864731068,0.171752397840159,0.171481449800108,0.171781998971535,0.172534396440213,0.173504097100055,0.17440922761185,0.174998037036437,0.17510598100744,0.174683506922532,0.173802038025794,0.172640990632777,0.171448554644605,0.170476478863019,0.169910300131499,0.169824708469488,0.170176629784173,0.170825577261344,0.171566849978122,0.172175410994178,0.172462215765889,0.172330425193193,0.171805879916735,0.171025990560356,0.170196326918393,0.169537417806117,0.169235193713543,0.169396127546271,0.170012224814384,0.170953292812307,0.172000199830509,0.172909088303992,0.173477311806271,0.173588301480535,0.173233822151181,0.172520570253557,0.17165727097171,0.17091084028344,0.170534459057619,0.170693808936093,0.171422308384534,0.172616335360947,0.174060670756147,0.17547296211985,0.176564852275784,0.177114447928959,0.177028897883527,0.17636970679831,0.175331059636615,0.174186756248219,0.173228560261719,0.172706437326086,0.172772277440844,0.173437000945186,0.17456138026368,0.17589177507877,0.177127270657704,0.177990513001522,0.178284084517914,0.177930627278859,0.17699562586526,0.175680574991857,0.174275146742636,0.173078631263328,0.172322032027006,0.172118825306624,0.172449878955252,0.173173195533737,0.174054057800996,0.174818825131231,0.175226716800279,0.175135808605442,0.174536526639495,0.173545026713326,0.172369186969619,0.171261386625633,0.170462012412744,0.170137707520501,0.170332168076157,0.170953614489795,0.171806536116262,0.172650061243733,0.173257676151383,0.17346665816892,0.173217701180591,0.172579234184387,0.171739766407698,0.170958662579577,0.170490500082144,0.170514654256573,0.17109278786595,0.172156257789468,0.173517732016384,0.174908364155046,0.176042739081132,0.176697491903977,0.176773194342899,0.176315328988211,0.175494914400842,0.174566234401366,0.173814269869454,0.173493412318919,0.173762898866796,0.174639074680639,0.175986872088145,0.177554095384167,0.17903125881766,0.180117722874822,0.180586270160591,0.180340902368356,0.17945112430753,0.178140725464613,0.176727068954065,0.175535136170835,0.174820464184749,0.174719212622709,0.175224317126614,0.176185280759199,0.177338179841642,0.178369225022123,0.178996009541826,0.179036980042769,0.178448530273585,0.177329174608545,0.175898373360156,0.17445102316,0.173287168637096,0.172631615685972,0.172573878079215,0.173052672972704,0.17388377558094,0.174811475693839,0.17556744535484,0.175932364723497,0.175793759411094,0.17518084682782,0.174256519873074,0.173267238093758,0.172474194978506,0.172090727579278,0.17223538728026,0.172901169637702,0.173948612141726,0.175136146958249,0.176187096239591,0.176868674685078,0.177050977389475,0.176731301220662,0.176029986655584,0.175166470292109,0.174414417081879,0.174035311192883,0.174206178016225,0.174969049874373,0.176220079917523,0.177734837229224,0.179216429275059,0.180358968180861,0.18092191033352,0.180798933636406,0.180052891253337,0.17889792297816,0.177637983476574,0.176590705545981,0.176019651723436,0.176080751339593,0.176784415726575,0.177984682723134,0.179409201132235,0.180726947837134,0.181629953217236,0.181902969342757,0.181469364454991,0.18041139282676,0.178958910287518,0.17743796389228,0.176185584897852,0.175459858349541,0.175379520331168,0.175907674901421,0.176871030363589,0.178001314028473,0.178994237930436,0.179581957379658,0.179601786882595,0.17903566920618,0.178007131077511,0.176744389002112,0.175526913974522,0.174624536244028,0.174232521338556,0.174415871146362,0.175087451215951,0.176035537657927,0.176989385493066,0.177692815161426,0.177962464214772,0.177725695109354,0.177039256958094,0.17608187033872,0.175112178310313,0.174399138457183,0.174149773782941,0.174458650759003,0.175287027550604,0.176468450284415,0.177740881174186,0.178808285525172,0.179421744599708,0.179451327699392,0.178919088504961,0.177985825309515,0.176907262629885,0.175977715819001,0.175467655631255,0.175558678088186,0.176291090064884,0.177546781548367,0.179077398274968,0.180565489697794,0.181696937805028,0.182230592254136,0.18205763704019,0.181237065792747,0.17998771234229,0.178630288523916,0.177499695917689,0.176862451014731,0.17686254574719,0.177497658428754,0.178620363000477,0.179966346881665,0.181213169614568,0.182058758594524,0.182294099440716,0.18184816299959,0.18080022020291,0.179364336758251,0.177846378073171,0.176572067558039,0.175799457709234,0.175647921942525,0.176073586068535,0.176895080406525,0.177848841705249,0.178651759561168,0.179062616674008,0.17893865019715,0.17827408701338,0.177202540827911,0.17595899893728,0.174817737339933,0.174028023880815,0.173758684213505,0.174055270373928,0.174820339237251,0.175833299488697,0.176812820001311,0.177499025060383,0.177721427302871,0.177433471825932,0.176716779354954,0.175763716913323,0.17483796323008,0.174211465972289,0.174091206895417,0.174562542341226,0.175568732004167,0.176925905236845,0.178362154738759,0.179574881832702,0.180303867602912,0.180405065769871,0.179895433697323,0.178946092300917,0.177829371713304,0.176847502753521,0.176266888883291,0.176264227703992,0.176884972840611,0.178024552895182,0.179447268578561,0.180842968068752,0.181901496389613,0.182381619160749,0.18216368719734,0.181282587449552,0.179930545750561,0.178415537094057,0.177078347264588,0.176198658126459,0.175928427918528,0.17626970269429,0.177087502778793,0.178142908065527,0.179142939223349,0.179807300255955,0.17993844201958,0.179469811336062,0.178476246513641,0.177151198641579,0.175764101586139,0.17460346300595,0.173907333877475,0.173796016488348,0.174236232502529,0.175056942212137,0.176007191105791,0.176825428296841,0.177296872720133,0.177295529787633,0.176813217443297,0.175967194964666,0.174973734856613,0.174090513132133,0.173549792189143,0.173504569456288,0.173994422586302,0.174929962385903,0.176102966228061,0.177233967491915,0.178052089358104,0.178375975852826,0.178159993346082,0.177494061539283,0.176572286605222,0.175648763054494,0.174984971333359,0.174788754038038,0.175157963306491,0.176051866091445,0.177302139907326,0.178653917793215,0.17982015802308,0.180542218207713,0.180654155953315,0.18013560361636,0.179125919206466,0.177884841284626,0.176716455037212,0.175892088164254,0.175596077609826,0.175894805418466,0.176722797080782,0.177890988399176,0.179126837218281,0.180140731294065,0.180695350038123,0.180656349350704,0.180019229574214,0.178914984698951,0.177589166842713,0.176345491610579,0.175462662842577,0.175116971233655,0.175344022585298,0.176046416598872,0.17702864666339,0.17804055275338,0.178826669692462,0.179183168175854,0.179010369216999,0.178338945058394,0.177319119794972,0.176182198262885,0.175189374907177,0.174573583762043,0.174477768172994,0.174906800420563,0.175720460027348,0.176679054521918,0.177520732380158,0.178033127430219,0.178096762236225,0.177702413571454,0.176951158445728,0.176035053737265,0.175192735471845,0.174648297198096,0.174555728558572,0.174965818920647,0.175815681346393,0.176935811995779,0.178079256372866,0.178980244954243,0.179431397921851,0.179346812275525,0.178781373096811,0.177904994256423,0.176954395287314,0.176182399636789,0.175808054728129,0.175966899192028,0.176673049063783,0.177811393514115,0.179165102058709,0.180465243954929,0.181446734392877,0.181905117607399,0.181750458721756,0.181041695628545,0.179978070927359,0.17884233290879,0.177920244641334,0.177431586649669,0.177490055372774,0.178087178999451,0.179093187375372,0.180279601590133,0.181369525114364,0.182105505458877,0.18231135319913,0.181930352353995,0.181037761842719,0.179829615589735,0.178582826197806,0.177584286366017,0.177047445812173,0.177052587929179,0.177537033527732,0.178330006942129,0.179205542645702,0.179933163395761,0.180323574117846,0.180269980701812,0.179774897119694,0.178948899651824,0.177981143946864,0.177095461116165,0.17650377670986,0.176358435509717,0.176707001380794,0.177467542811728,0.178446040031405,0.179396181274785,0.18009363390755,0.180391628595939,0.180245690105858,0.179716048774181,0.178955806680565,0.178181510073954,0.177623423953249,0.177467541598352,0.17780990234137,0.178634485590576,0.1798125950328,0.181121834018298,0.182290595106862,0.183068548773798,0.183302067307534,0.18297992803857,0.18222921638382,0.181271776585983,0.180367155079898,0.179758292015353,0.179621662281655,0.180025011727024,0.180906654500267,0.182089030962135,0.183322343980056,0.184340998228669,0.184919692360668,0.184925415818857,0.18435801523519,0.183360199121008,0.182180953932938,0.181101680240775,0.180358686573612,0.180092988091341,0.180333460180574,0.181001258098056,0.181927493011579,0.182887259887441,0.183650300692218,0.184034925556391,0.183947411612617,0.183400083344241,0.182511286697475,0.181486570756495,0.180573893569683,0.179995481573825,0.179880856587903,0.180233304533548,0.180942034503328,0.18182372862098,0.182668984216927,0.18328364776486,0.183527907180966,0.183350800591981,0.182806582132787,0.182042379348904,0.18126222760162,0.18068120601719,0.180477363370375,0.180743718543613,0.18145135880459,0.182445838702561,0.183490223976326,0.184339652890477,0.18481185724575,0.18482676119424,0.18441381571881,0.183699409991877,0.182880213773388,0.182180506839721,0.181798413993332,0.181858048565757,0.182383096837524,0.183293247292108,0.184417194218412,0.18552267011876,0.18636894439231,0.18677439784592,0.186671853596257,0.186123670062372,0.185293348327548,0.184395866620642,0.183650196583361,0.183240106047029,0.183279224250873,0.183783853742813,0.184665955739389,0.185752581740521,0.186823842902442,0.187657577048643,0.188076322110631,0.187993927257618,0.187447762477594,0.186594934714481,0.185665517893946,0.184893463410782,0.18445791383046,0.184452169794228,0.184874737289241,0.185632088004466,0.18655439486149,0.187430888582944,0.188060335707778,0.188299614110087,0.188096049603426,0.187500927901147,0.186664571300522,0.185806721754247,0.18515810389657,0.184888520159067,0.185054727781868,0.185593503585721,0.186355677689615,0.187155163107646,0.187811950351016,0.188186033313033,0.188205494221408,0.187883628401603,0.187315584536907,0.186654560188984,0.186078334339775,0.185754328236256,0.185802480089907,0.186257973936454,0.187050003080826,0.188016436745995,0.188954509584765,0.189681935083427,0.190079198772378,0.190104792243922,0.189794885484819,0.189257107639963,0.18865455105982,0.188173637732794,0.187981522506415,0.18818738993651,0.188816504968689,0.189797637620181,0.190967368914829,0.192101460213225,0.192975254989499,0.193432359116988,0.193428276673312,0.193031084927357,0.192390146115893,0.191696353701849,0.191145573471517,0.19090234242286,0.191063340081904,0.191632092270866,0.192517227868317,0.193553729753033,0.194537494287127,0.195267838190734,0.195597328280184,0.195478930707477,0.194986658929627,0.194291317576579,0.193600792761414,0.193097888104891,0.192903205845489,0.193064666434039,0.193559163477396,0.194298694495031,0.195145945871244,0.195942845248034,0.196544449306838,0.196847843002096,0.196814029348774,0.196484007502326,0.195980855917793,0.195483616083464,0.195173127440964,0.195174397197764,0.195526026298493,0.196185225006429,0.197051142164126,0.197987134921338,0.198840664120003,0.199470471574401,0.199781212463454,0.199751736020751,0.199444392153477,0.198994934330742,0.198587471067697,0.198413839273486,0.198618499513471,0.19924623980971,0.200222020673363,0.201378463425623,0.202514702467189,0.203452680879376,0.204070205376248,0.204314940496485,0.204210985933227,0.203857738405596,0.203412367731725,0.203055656093623,0.202952842214782,0.203219626498711,0.203894366868817,0.204918742732192,0.206140528020818,0.207352005871767,0.208355103959714,0.209020397274819,0.209310667878843,0.209269142964884,0.208995632813936,0.208627944988681,0.208325007560373,0.208240951106738,0.208491618373658,0.209126162600961,0.210112402979945,0.211336080895842,0.212615998138849,0.213742549933712,0.214538089418213,0.214915615738909,0.214903525296902,0.214625001611548,0.214252090875219,0.213963476088648,0.213915797103249,0.214218869782107,0.214908942577101,0.215931157505673,0.217146399229458,0.218363303162637,0.219383104428192,0.220046884239078,0.220280322482614,0.220125027617682,0.219736138327692,0.219335269904506,0.219136928893762,0.219286632101503,0.219836606112562,0.220753409390263,0.22193554628652,0.223230690811145,0.22445944822419,0.225451564361799,0.226086062598851,0.226320988771953,0.226206859409147,0.22588438800419,0.225562121089322,0.22546718204988,0.225777675530082,0.226566818772756,0.2277884543562,0.229305239090591,0.230932999206123,0.232476360161433,0.233754788575359,0.234632253522776,0.235052531547396,0.235064412317581,0.234820598937085,0.234548636110456,0.234501923583639,0.234897994910471,0.23585377318723,0.237339991867358,0.239182142452441,0.241115188887032,0.242865793007591,0.244221953241745,0.245069190011608,0.24540073948043,0.245315830595308,0.245005493129747,0.244716287347547,0.244693484440963,0.245121280147,0.246078405117519,0.247516478859973,0.249263734602779,0.251060660477565,0.252629232029049,0.253756109748138,0.25435276933102,0.254466458369328,0.254248697791609,0.25390965773729,0.253677905927468,0.253763301628366,0.254315441645916,0.255384233891107,0.256900120120838,0.258684409269682,0.260486249731971,0.262038228085961,0.263123912560506,0.263643639516491,0.263652257510571,0.263345479572815,0.262998403239375,0.262888109201215,0.263233224455463,0.264158773721381,0.265675288604766,0.267667225018456,0.269902697124698,0.27207734637801,0.273886596131322,0.275104077283379,0.2756442294587,0.275594888838094,0.275208138337336,0.274840851193745,0.274854280697016,0.275508515272139,0.27689584995229,0.278933414417195,0.281400743579816,0.283994902202728,0.286389285315814,0.28829683229964,0.28953390523578,0.290067396100046,0.290026837467602,0.289677822456588,0.28936539591089,0.28943705467392,0.290156008298762,0.291626567732002,0.293762586350589,0.296316495397963,0.298954313690598,0.301340379125063,0.303204324363575,0.304387141860254,0.304873101193171,0.304803041512798,0.304454196434922,0.304180782828623,0.304329335578555,0.305152616542473,0.306742171334071,0.308995266884399,0.311631519351277,0.314265313480001,0.316515111027545,0.318107740101617,0.318939635544158,0.319086240622174,0.318775874695694,0.318343618490499,0.318166175761018,0.318577255153935,0.319779913455163,0.321785818350863,0.324404046957688,0.32728236534627,0.329990485399854,0.332129551557819,0.333443413179941,0.333895456436728,0.33367832994056,0.333152726759212,0.332745951755843,0.332851118759548,0.333749201789916,0.335555138095845,0.338188338742393,0.341379018384861,0.344720933022911,0.347763082779686,0.350115923413617,0.351546034704669,0.352039821914072,0.351819248528996,0.351295641281262,0.350965381166474,0.351279889710111,0.352536450333104,0.354820016230163,0.357995705121982,0.361737433291197,0.365586713932019,0.369044115813674,0.371684695481984,0.373267771770069,0.373805060613578,0.373565910163553,0.373018341353538,0.37271723422132,0.373161830422288,0.374660312954454,0.377247657371916,0.380686059141878,0.384539805005285,0.388288034665518,0.391440389979829,0.3936394317256,0.394741853755559,0.394861555730023,0.394352712990137,0.393727281701171,0.393528259291996,0.394194561410329,0.395950178688623,0.398742726475535,0.402251364932577,0.405970741402715,0.409349351869053,0.411934483492339,0.413476676218654,0.413974545406745,0.413667758744268,0.412989651670477,0.41248122774999,0.412670517409138,0.413940657745586,0.416425611977942,0.419966354800282,0.424139660780451,0.428353879734299,0.431994161216203,0.434584406339068,0.435917603310759,0.436109368023328,0.435560540426213,0.434852905529342,0.434617052164634,0.435399068236352,0.437538958575499,0.441078618258881,0.445729440922249,0.450923552958841,0.455943922397376,0.460099067677743,0.462896791492309,0.46417469517674,0.464151914495607,0.463379567594438,0.462596895055501,0.462537869077227,0.463751633322183,0.466483790885635,0.470632136340221,0.475770824842189,0.481237791919243,0.48627974852327,0.490230920659044,0.492679002020693,0.49356933788392,0.493219977282725,0.492246871305515,0.491416104846054,0.491454105138046,0.492863697503096,0.495801426653852,0.500052217640987,0.505097573163735,0.510243277571958,0.514771561382966,0.518096645208673,0.519904418383729,0.520243816756825,0.519533392402597,0.51846880689874,0.51785267636558,0.518392162396803,0.520514591751934,0.524247776106105,0.529203274819828,0.534676842145211,0.539838648570251,0.543949979763504,0.546540890826851,0.547512725677178,0.547159420394654,0.546110071421173,0.545194346584715,0.545246419321168,0.546891994951397,0.550380294428354,0.555510394879684,0.561670347289435,0.567979707003369,0.573505987458283,0.577504606436998,0.579614567110172,0.579948931515285,0.579057852959098,0.577788649968068,0.577089723357163,0.577799263214788,0.580450972203224,0.585134602607469,0.591454563610598,0.598611352400288,0.605590149229622,0.611405807877966,0.615342589106708,0.617133247210338,0.617032422079938,0.615757713669138,0.61430850154672,0.613716457308223,0.614802433093487,0.617997412769491,0.623251825241008,0.630039093640542,0.637458342737072,0.644432427435015,0.649966773808187,0.653401667951935,0.654585193969787,0.653919737900938,0.652270476764247,0.6507541405598,0.650454462653769,0.652139018980844,0.656062408338076,0.661913381582169,0.668909121804474,0.675994973394748,0.682095452602371,0.68636868075127,0.68841616419639,0.688393820600366,0.686982786001123,0.68522019479413,0.684237891507926,0.684980725481342,0.687971820237287,0.693177806725353,0.700010649467691,0.707473928270322,0.714417022092254,0.719823125267452,0.723053326415066,0.723996493525538,0.723104211615463,0.721303593193938,0.719792225564437,0.719748707924286,0.722030337581186,0.726944978129002,0.734161282597346,0.742777987546446,0.751534782676858,0.759119141312448,0.764497255263173,0.767179434286108,0.767342814794223,0.765782336742049,0.763716846844064,0.7625071688946,0.763344553092973,0.766965746822444,0.773457676308227,0.782212085574101,0.792056730561285,0.80153410673704,0.809254247196626,0.814234437410506,0.816146739065632,0.815410472282388,0.813095923804974,0.810656200193798,0.809561163551986,0.810936851420532,0.81529971321338,0.822437406207589,0.831455709404432,0.840987282134432,0.849525275319367,0.855802052303321,0.85910800681056,0.859462712067818,0.857601070458436,0.854788341662579,0.852511422338766,0.852116099231062,0.854477340963836,0.859788859848667,0.867525023787579,0.876575071772532,0.885507640063975,0.892907358805007,0.897719554737244,0.899527797944229,0.898684232457025,0.896240517563236,0.893688919165368,0.892585387122122,0.894156001687524,0.898983099690801,0.906846263509249,0.91676348392056,0.927231365277064,0.936604101964006,0.943506985917429,0.947177075518475,0.947655178119842,0.945791419666433,0.943057822738256,0.941197259463839,0.941786516230905,0.945830287654829,0.953500383094318,0.964086473364885,0.976161829860403,0.987919660570175,0.997605229200181,1.00394567305411,1.0064692655642,1.00562789491643,1.00269224667046,0.999451512048532,0.997790440468683,0.999235073652004,1.00456873932629,1.0136196621715,1.02528995003272,1.03782654606616,1.04925773196191,1.05787500593523,1.06264216806715,1.06344158519981,1.06110285560102,1.05720310329538,1.053684749668,1.05238820807222,1.05461588080436,1.06082474001324,1.07050977671406,1.0823082742363,1.09431794652965,1.10456743314988,1.11152007479637,1.11446938703091,1.11371799749449,1.11050065472152,1.1066786481607,1.10428023716786,1.10499454729636,1.10974452363226,1.11845170558989,1.13005366191143,1.14276443867572,1.15451146525288,1.16345031875078,1.16844068344473,1.16936012790421,1.16715683177837,1.16361292573747,1.16088398540173,1.16094858876169,1.16511466334812,1.17369799811423,1.18594115517296,1.20019020346729,1.21428971397351,1.22610126046088,1.23401999522331,1.23737042210964,1.23659379189062,1.23317741593054,1.22932184076397,1.227406245503,1.22938359730918,1.23627457851343,1.24790207326377,1.26292957058034,1.27918156413988,1.29416306751258,1.30565864531667,1.31227165382878,1.31377081744835,1.31115643717792,1.30643169875085,1.30213492471737,1.30073624806604,1.304031156826,1.31267837609758,1.32601393844225,1.34220697109882,1.35871913566963,1.37293769074863,1.38281404445209,1.38735607581667,1.38686619715015,1.38287085427003,1.37775296452566,1.37417268593202,1.37441872458678,1.37984703266052,1.3905377538017,1.40525469772162,1.42173337906805,1.43724713740739,1.44931358433603,1.45634463975746,1.45805428597048,1.45551889459123,1.45089138530927,1.44685645857865,1.44596510741789,1.450008276403,1.45958039072249,1.47393580681738,1.49116497342827,1.5086427697371,1.52365133661088,1.53404846328448,1.53882882090414,1.53842303972649,1.53462947480034,1.5301788655438,1.52804858223396,1.53071343232385,1.53952303050658,1.55435215319966,1.5736062797693,1.59458702493764,1.61413567348467,1.62939998721024,1.63853880380805,1.64119732242463,1.63863587881255,1.6334627372401,1.6290100726015,1.62849673160174,1.63420284559615,1.64688863306657,1.66560979342464,1.68795788240932,1.71064544449616,1.7302894255515,1.74421481752911,1.75109586793812,1.75128330214983,1.7467373368622,1.74057837608998,1.73635139147136,1.73716358690987,1.74489769317338,1.75971107607292,1.77997553211996,1.8026892004625,1.82424559463018,1.84134341589214,1.85180035386233,1.85507895739754,1.8524090417905,1.84648202965098,1.8407921176698,1.83878684128783,1.84303341183872,1.85459397143467,1.87275054392673,1.89515159963937,1.91836848862727,1.93874730913638,1.9533442058328,1.96069044453471,1.96117976004285,1.956983173478,1.9515221124152,1.94863084292251,1.95160612743171,1.96237332230211,1.98097911939152,2.00554329965025,2.03268656272712,2.05833829485039,2.07874198857556,2.09142076238758,2.09585020614801,2.09363731749384,2.08813528719527,2.08359581069817,2.08409743135399,2.0925348064264,2.10991241901991,2.13509650130403,2.16507277147244,2.19564785717539,2.2224332516901,2.24188718540788,2.25217848899277,2.2536713896558,2.24889849714475,2.24199190013023,2.2376802174434,2.24009960783668,2.25174263041227,2.27283178059858,2.30127095700943,2.33316528014173,2.36376694283023,2.38862000083916,2.40463704819292,2.41085219829699,2.40866806227164,2.40153614551157,2.39414239653233,2.39127996907333,2.39666820032405,2.41201039432662,2.43654722507717,2.46723944031266,2.49953313508591,2.52849733128024,2.55003998083986,2.56191266196434,2.56427492567163,2.55968280252574,2.55248963038103,2.54778989526669,2.55015864932541,2.56249604337531,2.58526452469669,2.61632051307806,2.65140967363005,2.68522766719249,2.71278037885451,2.73067425224429,2.73798472127185,2.73648424229861,2.73019615469706,2.72440584621327,2.72437427879612,2.73405763799313,2.75513486130541,2.78657290994169,2.82483144172085,2.86466410944277,2.9003481440376,2.92707634024874,2.94218165281999,2.94586577483494,2.94120786031291,2.93342899330424,2.92860654914303,2.932178669071,2.94761174506753,2.97554347762804,3.01359859023754,3.0569252240755,3.09933455006046,3.13477963313359,3.15882510180185,3.16975693003411,3.16905387593842,3.16107651117848,3.15201725936324,3.1483629021584,3.15527613697231,3.17532826915109,3.20789640490503,3.24934018841354,3.29388274158439,3.33498223258538,3.36689069530314,3.38605009381913,3.39199182775489,3.38750444138024,3.37800155084398,3.37021582156914,3.37052109798675,3.38330394663693,3.4098238118309,3.447884354007,3.49240637688542,3.53673053940163,3.57428905681358,3.60022193014461,3.61255871667958,3.61270028450323,3.60509144954514,3.59615891161357,3.59276431531102,3.60053886244664,3.62249208434429,3.65822758648306,3.70397225343575,3.75344562997763,3.79938403619672,3.83534469880038,3.85732470637941,3.86478036659443,3.86079867460884,3.85138583677745,3.84404027979537,3.84593982127411,3.8621712388068,3.89443506148767,3.94055418492712,3.99492586553773,4.04983321155683,4.09732147644102,4.13118485447699,4.14854770974296,4.15060705426501,4.14233215591832,4.13121752565111,4.12544007412634,4.13189571380664,4.1545761025092,4.19363561069174,4.24533869050182,4.30289753584294,4.35802957287755,4.40290715164007,4.43206422133195,4.44379495292449,4.44065714326205,4.428895460574,4.41689533649545,4.41307139842731,4.42376319847217,4.45168816299835,4.49531780068625,4.5492905119867,4.60573336345692,4.65617253692308,4.69358519265828,4.71410901840758,4.71799962116614,4.70959837193585,4.69630275261841,4.68676992881724,4.68878521744589,4.70733357415986,4.74337083332138,4.79359869546605,4.85127434604742,4.9078347035684,4.95494977934996,4.9865428857809,5.00031423918485,4.99838824396755,4.98688820573673,4.97450111144749,4.97035797501397,4.98174312600002,5.01221037790745,5.06060823401355,5.12130236086234,5.18556582908872,5.24377435078417,5.28781576843549,5.31308437474751,5.31957570501219,5.31185014879954,5.29791050802895,5.28728339281285,5.28876553829715,5.30835550068712,5.34782781226801,5.40425659913084,5.47061002392441,5.53733307561343,5.5946086057545,5.63477113931404,5.65424364815575,5.65446277136961,5.64154062774818,5.62476575409691,5.6143394552526,5.61890692148242,5.64346924771858,5.68816796111194,5.7482337238611,5.81511980630705,5.87856069232543,5.92907302981432,5.96029558656084,5.97057572522158,5.96337414700902,5.94636833345638,5.92950746784337,5.922564439293,5.93282345863336,5.96342801939486,6.01269730176944,6.07451117388941,6.13969094609915,6.1981260741839,6.24120812201672,6.26399851521182,6.2665603086986,6.25405756592267,6.23553390887542,6.22164582227671,6.22193974540995,6.24241121432279,6.28400176973623,6.34240559554844,6.40918983133119,6.47390698778186,6.52666489492299,6.56053423927742,6.57321813430955,6.56758485881049,6.55094767554954,6.53328935301805,6.52487758741565,6.53383646105243,6.56422174405522,6.6150266554126,6.68035289412117,6.750738450872,6.81536714255608,6.86465611054813,6.89260105990578,6.8982973765143,6.88624142613116,6.86530772787397,6.8466274493614,6.84087627348821,6.85563558091187,6.89348156933849,6.95129235525863,7.02097833379804,7.09148400451462,7.15155823160055,7.19255793552039,7.21053780111788,7.20710197317278,7.18886494787402,7.1657475702037,7.14859852303591,7.14672114913689,7.16581613948138,7.20670609162694,7.26507453882399,7.33233231362313,7.3975414490419,7.45004512792122,7.48216663442307,7.49122184897516,7.48024531453158,7.45721487515274,7.4330091445515,7.41866968710478,7.4226770683098,7.4488991659344,7.49568655353922,7.55631945521335,7.62069407839479,7.67783474104779,7.71861005463814,7.73797461285595,7.73616957420353,7.71858030137852,7.69431575665787,7.67393393509075,7.66694182717706,7.6796620496108,7.71385622806813,7.76630040513053,7.82940002922399,7.89282067574321,7.94588813892693,7.98022920423433,7.99195696830082,7.98277488999363,7.95965942408801,7.93316747130523,7.9147855168164,7.91400470183162,7.9358985677291,7.97985210940041,8.03976560566754,8.10564342553842,8.16611810488475,8.21124925526548,8.23489952348787,8.23611405620015,8.21919681243838,8.19253507542454,8.16655429183273,8.59604551298905
