55.415878509562,55.4789092963432,55.4758202158559,55.4709698048633,55.4646735793882,55.4578082469703,55.4511859996883,55.4454267235162,55.4408789999063,55.4375524279504,55.4350252346115,55.4323157596422,55.4277419986176,55.4188355781631,55.4024284125429,55.3750932657232,55.3341755147762,55.2796353366457,55.2166751862126,55.1584277250277,55.1267052622348,55.147496341341,55.2384501693054,55.3908757889807,55.558642716666,55.6713900137422,55.6746394533397,55.5686860092677,55.408756285327,55.2648927727105,55.1802592739945,55.1596983586947,55.1843319776977,55.2306812937558,55.28135080031,55.3270481725875,55.3644785416738,55.3936166290515,55.4157408516284,55.4323591132179,55.4447517827178,55.453852353188,55.4602829543068,55.4644459052562,55.4666225469016,55.467055737484,55.4660051943508,55.4637731969507,55.4607046380738,55.4571695799344,55.4535374881467,55.4501504304067,55.4472990805397,55.4452019378213,55.443985791355,55.4436644116493,55.4441125184762,55.4450329411758,55.4459164710084,55.4459965548564,55.4442056050824,55.4391478371491,55.4291172240454,55.4122101173527,55.3866093960494,55.3511415183654,55.3062021587687,55.255052210285,55.205215272108,55.1691941433076,55.1630921210897,55.201570468817,55.2890292140034,55.4106781916158,55.5312380139398,55.6076381840568,55.6115594184504,55.5458914509762,55.4414153314844,55.3371994204373,55.2611673061198,55.2228439447371,55.2175068801231,55.2342675270337,55.2623016816999,55.2936702687342,55.3236714012897,55.3500991164,55.3723128565061,55.3904979038403,55.4051880662004,55.4170001231385,55.4265069226412,55.4341898739636,55.4404317845434,55.4455272121422,55.4496981455046,55.4531090720998,55.4558788840163,55.4580887931647,55.4597862209443,55.460984921743,55.461661627186,55.4617493931204,55.4611276908492,55.4596092101163,55.456923479599,55.452697998606,55.446439004135,55.4375168903573,55.4251665374018,55.4085214255451,55.386713047559,55.3590825377584,55.3255632498474,55.2872842016123,55.2473806825475,55.2118292535879,55.1898123442338,55.1927310035171,55.2308559691578,55.307401663955,55.4120633245536,55.5188905042861,55.593510817663,55.6089658960181,55.5606567734036,55.4688132914363,55.3664261112333,55.2824299397182,55.2315634030128,55.2142788724303,55.2225360834561,55.2460043216096,55.2758853716091,55.3062458026286,55.3338468457087,55.3574110312836,55.3768581211387,55.3927065537671,55.4056629818711,55.416366288079,55.4252515511204,55.4325122291257,55.4381452282651,55.4420580388027,55.4442034427675,55.4446945411714,55.4438516454108,55.4421502471272,55.4400750561073,55.4379277974311,55.4356670762529,55.4328583758129,55.4287734161439,55.4226117957082,55.413752990094,55.4019181542207,55.3871511465762,55.3696121873225,55.3492827100506,55.3257595544254,55.2983326924957,55.2664803954033,55.2307897578383,55.1941325678682,55.1626929767463,55.1461503306282,55.1560618455472,55.2016223168805,55.2831391556399,55.3860641442623,55.4808835139231,55.5330014563585,55.5196553574752,55.4427489881041,55.3273269012104,55.207031183546,55.1081913008821,55.0425735130188,55.0095633562892,55.0023551972942,55.0130852096803,55.0351239998772,55.0631740203893,55.0925019548298,55.1183143180452,55.1357341458643,55.1403990101206,55.1294279702706,55.1023684339278,55.061716627074,55.0127091310268,54.9622988752277,54.9175101035747,54.8836228686669,54.8627610711447,54.8533739556738,54.8508148779949,54.8488339415645,54.8414722887018,54.8247180039925,54.7974085961137,54.7611767929521,54.7195882758508,54.6768638098231,54.6366365636344,54.6010867392358,54.5706056803933,54.5439673266291,54.5188873023345,54.4928375341874,54.4640230480233,54.432459885028,54.401050388168,54.3763664928319,54.3684997366616,54.3889663481543,54.4457777810128,54.5362473055931,54.641203260441,54.7269502977442,54.7588491773022,54.720778879081,54.6260267523401,54.5097258096027,54.4089408613747,54.3460715619821,54.324895183194,54.3365993676435,54.3681557395456,54.40798738207,54.4480839355351,54.4838574217336,54.5131770528027,54.5354191364854,54.5508166504334,54.5600981239378,54.5643071451376,54.5646940558237,54.5626068631747,54.5593498793041,54.5560146983671,54.5533136361654,54.5514573720779,54.5501149792633,54.548477791949,54.545423923771,54.539754817242,54.5304557959651,54.5169241207719,54.49911266961,54.4775541605774,54.4532559739045,54.4274831485678,54.4014707520621,54.3761222523354,54.3517571606918,54.3279721696673,54.3036800506817,54.277392357112,54.2478105700244,54.2147653731226,54.1804499346278,54.1506584116335,54.1353052278652,54.1469564188218,54.1959674245768,54.282182323318,54.3868699898634,54.4728261815988,54.4991798746396,54.4456900487605,54.3279662429242,54.1888122815402,54.0726581871708,54.0044727777097,53.9858348551467,54.0038171935077,54.0419309226864,54.0867842707733,54.1300094151253,54.1675280950622,54.1980486634714,54.2217501420767,54.2394109891985,54.251927411411,54.2600908773669,54.2645140282864,54.2656331711387,54.2637471182382,54.2590716714077,54.2517990577947,54.2421556292958,54.2304519341646,54.2171188021334,54.2027226825448,54.1879540340304,54.1735845980702,54.1603929958049,54.1490629023648,54.1400632638739,54.1335245358053,54.1291277190931,54.1260235983002,54.1227985973544,54.1175027967858,54.1077575682935,54.0909678173199,54.0646784594197,54.027133454975,53.978104560424,53.9200200855834,53.8592712736803,53.8072076926029,53.7797110764662,53.7936232250648,53.8586566569641,53.9663193636878,54.0830985235599,54.1587488507196,54.1526109711228,54.0614878222528,53.9234927936175,53.7925139543357,53.7066431466882,53.6751180422683,53.6857226333429,53.7190860739578,53.7587673324532,53.7947299951581,53.8226662252621,53.8419705303882,53.8538839674533,53.860255109701,53.8628639572279,53.8631278835642,53.8620303855778,53.860165478473,53.8578326981052,53.855144325394,53.852122262983,53.8487720315007,53.8451286154182,53.8412744820846,53.837334072271,53.8334512191363,53.8297563544692,53.826329451154,53.8231630887908,53.8201284101431,53.8169454057045,53.8131580480363,53.8081144243907,53.8009526124382,53.7905955692407,53.7757643146681,53.7550301427438,53.7269451645759,53.6903158178139,53.6447095537811,53.5912896031505,53.5340071207666,53.4809546391115,53.4451919387612,53.4436037053913,53.4918052964426,53.5941142608236,53.7318670121656,53.8599479070939,53.9226287338427,53.8859629692914,53.7624381069353,53.6033319558379,53.4647995742108,53.3784724531655,53.3461809744577,53.3524058461315,53.37863489586,53.411135998833,53.4423836616129,53.4694381879905,53.4918215923712,53.5099605533046,53.5243496251732,53.5352492789946,53.5426912243933,53.5466166379244,53.5470353471479,53.5441430530559,53.5383692414135,53.5303542988459,53.5208724660294,53.5107276140947,53.5006509464129,53.4912241544247,53.4828405536046,53.4757039253966,53.4698540657619,53.4652021839334,53.4615591629272,53.4586442055568,53.4560683346283,53.4532944479004,53.4495821144981,53.4439316316392,53.4350501223111,53.4213754971953,53.4012141179661,53.3730736678018,53.3362933776919,53.2920585539149,53.244769892281,53.2034170628253,53.1819959684295,53.1972533982484,53.2619133794784,53.3736254692325,53.5052517721394,53.6075489970126,53.6314838171813,53.55944154688,53.4189509982362,53.2645242092406,53.1442656684924,53.0792871091408,53.065326265591,53.0858382369013,53.1235945926404,53.1659853349262,53.205505172619,53.2382967833357,53.2625959093523,53.2777319331736,53.2836844901746,53.2809824654243,53.2707275531723,53.2545884709477,53.2346860081355,53.2133557278008,53.1928281774352,53.174900407508,53.1606821292322,53.1504832018728,53.1438711658943,53.1398799448204,53.1373090205538,53.135029952227,53.132220645368,53.1284744180524,53.1237699152835,53.1183254909714,53.1123866220251,53.1060026408104,53.0988423742362,53.0900852682979,53.078415078061,53.0621451329794,53.0395202995605,53.009264515056,52.9714509796712,52.928713556262,52.8876059673089,52.8594567390104,52.8593981141718,52.9018336321357,52.9916288818582,53.1140470626054,53.2317256383621,53.2974621412864,53.2803800565304,53.1867131480578,53.056081815498,52.9362198091719,52.8582950620559,52.8292302751581,52.8389507822489,52.8715077133043,52.9125522281218,52.9519959415426,52.983787638158,53.0047931880508,53.0138221914076,53.0110716626054,52.9978826802091,52.9766043450279,52.950388569707,52.9228197225789,52.8973785678696,52.8768282935971,52.8626705768989,52.8548322085724,52.851698501407,52.8505175006601,52.8480873935714,52.8415480432962,52.8290612485305,52.8101980567569,52.7859428344763,52.7583384501627,52.7298938692691,52.702924548922,52.678988893998,52.6585342009316,52.6407993165984,52.6239656383935,52.6055210945391,52.5828079494821,52.5537544808892,52.5178152405338,52.4771134598489,52.437613539301,52.4097729298836,52.4075690334251,52.4444688485459,52.5257733268821,52.6398344750529,52.7549406078133,52.8292261450264,52.8323492572092,52.7644318726252,52.6559291305425,52.5483464648225,52.4724159046985,52.4386889889768,52.4414423516153,52.4677418594417,52.5046395578231,52.5424327814779,52.5750684073811,52.5993586945075,52.6140813927918,52.6193651471839,52.6163642235486,52.6070738314728,52.5941240062736,52.5804440662263,52.5687740516869,52.5610905773673,52.5580877021958,52.5588828382597,52.5610852465272,52.561271542977,52.5557851451944,52.5416600272298,52.5174105291749,52.4834557994391,52.4420536504195,52.3967657984654,52.3516107845521,52.3101368240763,52.2746457435978,52.2457336941859,52.2222186114022,52.2014368350379,52.1798392746386,52.1538092412662,52.1206469995351,52.07968665357,52.0334725964948,51.9887500483774,51.9566637232698,51.9511069334039,51.9840859714526,52.0581627762408,52.1591130553808,52.2552898296666,52.3090631042973,52.2967637287352,52.22317513559,52.1182087059952,52.0186502411655,51.9500324581136,51.9199980812477,51.9225677187301,51.9461493411156,51.9796361680543,52.015066331369,52.0478205726273,52.0757755259808,52.0983415471221,52.1157620565817,52.1287172925545,52.1381373589246,52.1451027622778,52.150735473536,52.1560306048319,52.1616332962604,52.1676146590775,52.1733302633381,52.1774421460426,52.1781465775408,52.1735842592649,52.162339497135,52.1438879279171,52.1188501783301,52.0889565835881,52.056711001847,52.0248307620667,51.995603952118,51.9703249102555,51.9489428406054,51.9300029837315,51.9108992856603,51.8884138978688,51.8595018567555,51.8222800791463,51.7771661169811,51.7280262639887,51.682965380016,51.6540060255062,51.6545552079715,51.6938379547846,51.7692523026703,51.860905898936,51.9348131579436,51.9575982937668,51.9154237405897,51.8227081208367,51.7129381321921,51.6194551137953,51.5610554994184,51.5396588227205,51.5465114003269,51.5698501491056,51.5998118732313,51.6300942177683,51.6576106491923,51.6814282920944,51.701738461672,51.7191343612277,51.7342116301282,51.7474097533012,51.7589958736366,51.7691079517166,51.7778000655471,51.7850611930534,51.7908058482373,51.7948556355864,51.7969400273471,51.7967394694857,51.7939758469787,51.7885311266349,51.780554640781,51.7705123456181,51.7591421049421,51.7473051711747,51.735756835857,51.7248873700862,51.7144988437706,51.703681306946,51.6908373621933,51.6738863905734,51.6506675884965,51.6195569762222,51.5803059031598,51.5350631980726,51.4894006379854,51.4528601460602,51.4381080320114,51.4575224490223,51.5167044336924,51.6068197091879,51.7012409588318,51.7629138859221,51.7625182009771,51.696256257017,51.5885440816783,51.4768577806751,51.3915560614161,51.3451243647029,51.3340275806079,51.3468179222308,51.3714981544208,51.399283271658,51.4252745751166,51.4475854039002,51.4661095374367,51.4815060548815,51.4945524996414,51.5058254591906,51.5156117632676,51.5239553605059,51.5307639797416,51.535921289344,51.5393710322854,51.5411587980655,51.5414333487094,51.5404205805481,51.5383874341025,51.5356101267108,51.5323529585925,51.5288543813093,51.5253101763946,51.5218423899634,51.5184476338302,51.5149275561959,51.5108143711586,51.5053123191138,51.4972807322365,51.4852874921271,51.4677663478339,51.4433202656658,51.4112225973279,51.3721621638434,51.3292184621847,51.2888735035017,51.2615022000863,51.2602793809949,51.2971835132423,51.3756712280524,51.4825630077399,51.5857263452133,51.6444626730486,51.6309306817167,51.5480859520748,51.4282911018283,51.313242953912,51.2322971298742,51.1939820908021,51.190965966096,51.2097719191212,51.2380754205433,51.2676754876799,51.2944417720543,51.3170488223586,51.3356415320828,51.3508749716054,51.3633766558544,51.3735330428905,51.3814799504588,51.387196964049,51.3906334212073,51.3918181352893,51.3909258958556,51.3882916843601,51.3843781978852,51.3797124294003,51.3748114453451,51.3701158458452,51.365942895051,51.3624624746172,51.3596908590709,51.3574923415246,51.3555781522126,51.3534956113302,51.3506067236228,51.3460630474072,51.338792099014,51.3275205564133,51.3108727817984,51.2876004757437,51.2570165082854,51.2197068416255,51.1785396342887,51.1398096762565,51.1139677536208,51.1148023765945,51.1555295406576,51.2409950233968,51.3583281622216,51.4732510562771,51.5405709822541,51.5282643809378,51.4388782354007,51.308803349032,51.1851558777065,51.1005454148899,51.0636035209661,51.0652881047365,51.0902561408246,51.1249508670319,51.1605669974648,51.1927002330067,51.2198337760903,51.2419004059993,51.2593295450289,51.2725665187785,51.2819195674426,51.2875890718836,51.2897698259215,51.2887548315196,51.2849996496033,51.2791304045607,51.2718975290882,51.2640912864249,51.2564430395902,51.2495372893989,51.2437539497892,51.2392500183202,51.2359778419215,51.2337270405617,51.2321715628116,51.2309034931243,51.2294405899209,51.2272034087322,51.2234683612621,51.217314091714,51.2075904265186,51.1929533899027,51.1720277091518,51.143777654739,51.1081755679642,51.0672213396332,51.0262182765871,50.9948567940064,50.9870543421058,51.0178917273123,51.096263933789,51.2145016529581,51.3415107269537,51.4295407648301,51.4379784828425,51.3600390486643,51.2287691601185,51.0954502702177,50.9999319163236,50.956071291392,50.9563221172925,50.984255339988,51.0243817678114,51.0661635913597,51.1039743682658,51.1355354327583,51.1603535224568,51.1786802876122,51.1909895688999,51.1978036103949,51.1996986914339,51.197367296815,51.1916621896866,51.1835866836396,51.1742251933799,51.164629970788,51.1556935370546,51.1480406369772,51.1419682272444,51.1374486445977,51.1341934382525,51.1317585066216,51.1296600519503,51.1274685143506,51.1248543155152,51.121572502238,51.1173892915239,51.1119683243695,51.1047460777597,51.0948347848807,51.0809999916963,51.0617718413759,51.0357651340196,51.0022954757667,50.9623609620854,50.9199522153223,50.8833641596547,50.8656318928028,50.8825249825952,50.9463973202996,51.0560290565959,51.1874132932726,51.2954683080716,51.3336651811823,51.2827728036386,51.1651486830229,51.0300947397297,50.9234724058452,50.8671437529542,50.858703984332,50.8830312337225,50.9235378846443,50.9678418604178,51.0086853882938,51.0426831039947,51.0687453370028,51.0869291747477,51.0978111547374,51.1022313880727,51.1012289070017,51.0960315201114,51.088018685722,51.0786243528045,51.0691850386918,51.0607655873866,51.0540090691782,51.0490562042972,51.0455638776488,51.0428259090505,51.0399699641694,51.0361815152286,51.0308965866023,51.0239126548572,51.015388890477,51.0057357948513,50.9954214638371,50.9847402663871,50.9735970225682,50.9613581215337,50.946816490947,50.9283169963601,50.9040968751152,50.8729076025558,50.8349776178769,50.793296848876,50.75496571531,50.7318675948664,50.7392667446128,50.7906524847009,50.8884958190603,51.0146846216223,51.1294489404916,51.1866326115104,51.1603762684759,51.0629388028318,50.9367736672079,50.8277775011417,50.7627323486622,50.7446948380028,50.7618159769989,50.7983441487306,50.8412857405165,50.8823288233216,50.9171635128708,50.944100283509,50.9629181430335,50.9741675055638,50.9788375407269,50.9782224278152,50.9738453660091,50.967351906678,50.9603387501909,50.9541318398984,50.9495629069266,50.9468105572999,50.9453658956408,50.9441538410125,50.9417972303873,50.9369653774029,50.9287178478705,50.9167496678384,50.9014687252261,50.8838819424558,50.8653185971711,50.8470604444552,50.8299678326781,50.8141867782033,50.7990010140462,50.782867883271,50.7636602758364,50.7391357030344,50.7076634391842,50.6692370547819,50.6267287971495,50.5871198512434,50.5619945426747,50.566008868458,50.611873168289,50.7017505791808,50.8187236040811,50.9262365217057,50.9820785003372,50.9621025009442,50.8760384524618,50.7610256044659,50.6585632590131,50.5943003535482,50.5729009739815,50.5849646521778,50.6166300951118,50.6558703270754,50.6946624841991,50.7286634145903,50.7560610765014,50.7765149092883,50.7904672930462,50.7987909045065,50.8026368696498,50.8033514341168,50.8023692980891,50.8010428786249,50.8004175145169,50.8010043827453,50.8026257987228,50.8044032437655,50.8049250542269,50.8025765251615,50.7959580024652,50.7842778666042,50.7676036620773,50.7468899272845,50.7237644407385,50.7001238532052,50.677641758254,50.6573119894493,50.6391357231188,50.6220240722736,50.6039464940597,50.5823265259876,50.5546781610369,50.5194806932884,50.4772761190687,50.4318812215046,50.3913571653771,50.3679388655774,50.3756777587451,50.4247345813659,50.5130916000137,50.6201596633813,50.7095733851232,50.7448509821564,50.7102673910469,50.6207837799133,50.5121480796775,50.4199091573274,50.3638989617071,50.3459981621275,50.3569797182592,50.3846297910643,50.4187604897476,50.4527941761845,50.4833434846733,50.5091470619468,50.5301013599502,50.5466256438196,50.5593396968908,50.5689456853837,50.576199818992,50.5818860587382,50.5867426756724,50.591334516234,50.5959021769334,50.6002447662952,50.6036966598042,50.605236751587,50.6037261696437,50.5982214025081,50.5882731962986,50.5741134551135,50.5566585124555,50.5373098705759,50.5175945697098,50.4987357009332,50.4812643278687,50.4647743131763,50.447890448645,50.4284839929425,50.4041431479073,50.3728941223061,50.33415788806,50.2898795321382,50.2456165889129,50.2110593071438,50.199025657503,50.2217764098287,50.2843123577507,50.3768841073843,50.4723619210899,50.534424795071,50.5356141153162,50.4737106897234,50.3729469341417,50.2689079198288,50.1898393304661,50.1472493527886,50.1379691549376,50.1516142167558,50.1772207425465,50.2066237505913,50.235085023679,50.2605446852917,50.282553290891,50.3013968107793,50.3175514050316,50.3314283318932,50.3433139837204,50.3534091224707,50.3618906058406,50.3689454824889,50.3747567913466,50.3794487904477,50.3830209833102,50.3853091209656,50.3860038751195,50.3847359338575,50.3812075548009,50.3753263869238,50.3672880741721,50.3575648229491,50.3467849734674,50.3355241222332,50.3240593670812,50.3121553730442,50.2989513961762,50.2830066288642,50.2625459140798,50.2359357777465,50.2024085189407,50.1630172020756,50.1216988277965,50.0860844878886,50.0673093798716,50.0777262945432,50.1256834796976,50.2082262656584,50.3057768505932,50.385058104784,50.4131625345768,50.3759642773426,50.2869582099365,50.1787567112875,50.0844782323051,50.0233933460549,49.9982152309768,50.0009121809485,50.0201959650912,50.0464458591759,50.0734570355261,50.0981717089123,50.1196543865393,50.1380668450812,50.153933775818,50.1677311855221,50.1797284448877,50.1899934980254,50.1984797280713,50.2051309203675,50.2099612222614,50.2130883504805,50.2147187964187,50.2151003176792,50.2144660370803,50.2129938016417,50.210794734249,50.207929981642,50.204440422532,50.2003662914795,50.1957355804458,50.1905112343559,50.1845037275944,50.1772723058717,50.1680507812731,50.1557410100569,50.1390208906818,50.1166165282984,50.0877884890458,50.0530660303361,50.015195928664,49.9800963560708,49.9572709430273,49.9587063037005,49.9951192590323,50.0693284610795,50.1691815372813,50.2658066651078,50.3228670479165,50.3150758823298,50.2437412455495,50.1361981787309,50.0292979191723,49.9506361413262,49.9101164151547,49.9030533326708,49.9181503520668,49.944140703795,49.9729436608156,50.0000697908406,50.0237306027877,50.043701793563,50.0604199026249,50.0744244979121,50.0860969352514,50.0956034914929,50.102955295698,50.1081153855497,50.1111025447087,50.1120601057643,50.1112755780333,50.1091529646885,50.1061520481155,50.1027155939747,50.0992051657682,50.095859685584,50.0927805702158,50.0899369276467,50.0871775080608,50.0842350811717,50.0807138507328,50.0760598518539,50.0695257247183,50.0601531177701,50.0468079419798,50.028316440429,50.0037627268166,49.9730134525614,49.9375096484901,49.9012624703654,49.8717416188523,49.8599185002744,49.8782722198456,49.935655861003,50.0295326190584,50.1396103187817,50.2299699891558,50.2639584827059,50.2252091877457,50.1286678272779,50.0114012010769,49.9109735899104,49.8486667737259,49.8266249172036,49.8350085391422,49.8607787157469,49.8931752039871,49.9254307445311,49.9542626513608,49.9786452385109,49.9986851975159,50.0148669866296,50.0276571358947,50.0373667912689,50.0441675970455,50.0481778054983,50.0495598667109,50.0485920263309,50.0456948019991,50.0414091874422,50.0363364748018,50.0310582560422,50.0260581101201,50.0216633697726,50.0180173755429,50.0150823236122,50.0126633939107,50.0104391231691,50.0079825485787,50.0047625255091,50.0001236543447,49.9932549279423,49.9831705960928,49.9687418863586,49.9488353966923,49.9226308987674,49.8901972153323,49.8533709737511,49.816852872563,49.7891327479777,49.7823499291842,49.8097021731555,49.8792653234889,49.9852366705373,50.1018616319296,50.1882523369469,50.2073812997854,50.1489150623037,50.0369390168249,49.9147438515542,49.8199764808365,49.7695535108017,49.7606011861284,49.7800946576598,49.8139666656404,49.8517529211651,49.8874021142382,49.918242539188,49.943593588276,49.9636846213167,49.9790131598939,49.9900563659666,49.9972048685963,50.0008078599037,50.0012512874744,49.9990202734184,49.9947203667179,49.9890511257572,49.9827404497183,49.976458377558,49.9707335650507,49.9658936789244,49.9620431901654,49.9590807195042,49.9567464583014,49.954681621257,49.952478791383,49.9497051637518,49.9458892001007,49.9404731872798,49.9327477971727,49.921799095881,49.9065139439897,49.8857070972443,49.8584505784709,49.8246919995367,49.7862128273334,49.7478386009645,49.7184846810384,49.7110657844507,49.7397401546109,49.813206494277,49.9251410914021,50.0476156992623,50.136637538522,50.153276353909,50.0884048370502,49.9699002616086,49.8446670703935,49.7515080974736,49.7060922184772,49.7034487553804,49.7289265977959,49.7676845676681,49.8090970759534,49.8472049694068,49.8794545846179,49.9052366253512,49.9248248274826,49.9387842394233,49.9477253374323,49.9522563176366,49.9530187030039,49.9507316801891,49.946204378988,49.9403016229941,49.9338687995061,49.9276355941478,49.9221254419787,49.9175967156827,49.9140332114807,49.9111876235153,49.9086663159306,49.9060313340836,49.9028899434973,49.8989446972016,49.8939872511287,49.8878340374543,49.880217954833,49.8706647835517,49.8583953939015,49.8423064136262,49.8210950781235,49.7936080542625,49.7594992062437,49.7202471809707,49.6804472975563,49.6489625806847,49.6389491317995,49.6651761271491,49.7372546069965,49.8497483791696,49.9750385391428,50.068431389713,50.0894904072578,50.0276836582682,49.9104592758392,49.7853130652994,49.6919869564625,49.6467978778715,49.6449570637334,49.6716792233295,49.7118671902735,49.7546318698911,49.7937885643099,49.82661415179,49.8523998547124,49.8714035226543,49.8842667733871,49.8917674112603,49.8947553014453,49.8941554831509,49.8909661174258,49.8862166146065,49.8808812410828,49.8757657966923,49.8713985366125,49.8679596865549,49.8652760109217,49.8628897837848,49.8601898976602,49.8565732932923,49.8515937430271,49.8450560989415,49.8370273011709,49.8277567554698,49.8175219524211,49.8064345380808,49.7942541948212,49.7802631776919,49.763257015095,49.741711567984,49.7141947521,49.6800932774765,49.6406892080911,49.6004831049669,49.5683294574636,49.5573877208736,49.5823334143859,49.6525460368053,49.7624137134869,49.88466329866,49.9758117215671,49.9970339117044,49.938520272153,49.8266636713661,49.7067724543039,49.6168297727043,49.5727358867094,49.5703529232781,49.5958331509087,49.634759065574,49.6765353846987,49.7149977213542,49.7473278287246,49.7727196922283,49.7913884484068,49.8040039253928,49.8114360145362,49.8146694951071,49.8147758954107,49.8128722280647,49.8100361125349,49.8071803917384,49.8049157158976,49.8034434127058,49.8025201305457,49.8015196848032,49.7995901352565,49.7958736046499,49.7897330105582,49.7809223767928,49.7696492193491,49.7565054230234,49.7422782545245,49.727684922513,49.7130939536474,49.698301698149,49.6824259114329,49.6639683805583,49.6410930118863,49.6121668494166,49.5766070518917,49.5360297666914,49.4955374709294,49.4646270843181,49.4566565282154,49.4853986970573,49.5578367282637,49.6651341842175,49.7781440444246,49.8553836304936,49.8639676338475,49.8001954734399,49.6921570673776,49.5816493766446,49.5012739865036,49.4633099813418,49.4628444566647,49.487096057165,49.5231850236593,49.5617464086346,49.597361475062,49.6275811045553,49.6517464853792,49.6701064953651,49.6833067028117,49.6921568400194,49.6975523288612,49.7004468648705,49.7018089597145,49.7025329290528,49.7033096790975,49.7044905127602,49.7059923350579,49.7072900954997,49.7075211102212,49.7056913936357,49.7009374702646,49.6927718375549,49.681236854345,49.6669132663054,49.6507695401915,49.6338835386794,49.6171043444021,49.60073934674,49.5843484686166,49.5667103275892,49.5460054145969,49.5202484632262,49.4879957361836,49.4493334837969,49.4070737292623,49.3678695048314,49.3425607118673,49.3445834421337,49.3852288811139,49.4658868259948,49.5707310181406,49.666726781153,49.7162126965353,49.6974898114039,49.6184456064603,49.5112906758487,49.4130176600284,49.3476382347217,49.3208663177643,49.3254289928517,49.3493489552897,49.3818003767539,49.4154131499474,49.4462079336,49.4726015504837,49.494366628451,49.5118855311996,49.5257325109455,49.5365001647368,49.5447646771891,49.5511000516077,49.5560791525085,49.5602306805417,49.5639525988922,49.567409335003,49.5704558986926,49.5726312769626,49.5732446774844,49.5715464156911,49.5669413708626,49.5591801256935,49.5484612185226,49.5353998033527,49.5208568141864,49.5056654726447,49.4903248578838,49.4747444880779,49.4581189992336,49.4389952442957,49.4155756620529,49.3862872334171,49.3506265229183,49.3102365626063,49.2700225757481,49.2388106559821,49.228627524519,49.2514395236123,49.3128682666954,49.4047669414447,49.5019269345061,49.5689712424625,49.5774103850474,49.522423223443,49.4257730464623,49.3222265827147,49.2409688041254,49.1951834084144,49.1830630585494,49.194844457127,49.2195632371673,49.2487426518426,49.277280624839,49.3028390521057,49.3248148860862,49.3434477951082,49.3592345001076,49.3726310523402,49.3839606489536,49.3934381601815,49.401236721126,49.407542719787,49.4125694544551,49.4165245242039,49.4195479554387,49.421652029864,49.4226953444942,49.422411664528,49.420492299244,49.4166969621113,49.4109518114039,49.403391751824,49.3943188401488,49.3840752674698,49.3728591249243,49.3605348935008,49.3465028175457,49.3296920849165,49.30873645017,49.2823816213491,49.2501571809038,49.2133000165896,49.1757952226533,49.1451475939751,49.1321117547015,49.1483001406636,49.2009397038502,49.2858379555566,49.3827238284378,49.4589206601592,49.4834940066906,49.4446066558769,49.3568596321253,49.2522118380433,49.162152882156,49.1045695133645,49.0816486771165,49.0855400253186,49.1053975795171,49.1319706777759,49.1592397198381,49.1841795288334,49.2058125854721,49.2242499385694,49.2399927305566,49.2535294902422,49.2651700952661,49.2750360223067,49.283133027492,49.2894471206398,49.2940218747944,49.2969936632921,49.2985801867136,49.2990340214296,49.2985834252702,49.2973845463062,49.2955020849006,49.2929219901959,49.2895850164259,49.2854196796248,49.2803515460392,49.2742738678479,49.2669799530574,49.2580757814331,49.246907794607,49.2325530359155,49.2139268397136,49.190067274132,49.160650664573,49.1267606186375,49.0918348981129,49.0624954519192,49.0486043930963,49.0615209537238,49.1096414767823,49.1916692601403,49.2909466167657,49.3766928764325,49.4158931831089,49.3910593999797,49.3110843524801,49.2058497284266,49.1090413032083,49.0426937533465,49.0124055007743,49.0118350455589,49.0300453280598,49.0569239066633,49.0854855280946,49.1119590047428,49.1349119481122,49.1542443318539,49.1704100371911,49.1839394489303,49.1952154712057,49.204424577696,49.2116091888327,49.2167619251821,49.2199177326449,49.2212152327158,49.2209139802453,49.2193687649007,49.2169737179762,49.2140955505793,49.2110153738034,49.2078925786478,49.2047544327818,49.2015049172936,49.1979395028366,49.1937515127342,49.1885210037521,49.1816874945761,49.1725212759448,49.1601225860689,49.1434926039218,49.1217338469278,49.0944453780127,49.0623651389555,49.0282438333665,48.9977573699004,48.9799309853785,48.9861200248859,49.0264307614652,49.1033367582909,49.2048188703876,49.3026134051429,49.3611271212276,49.3554472540732,49.2866495065341,49.1815099275459,49.0765095387686,48.9993214250472,48.9602293958707,48.9549239036023,48.9722756308113,49.0009458773504,49.0326193568637,49.0625112260357,49.0885595025445,49.1103400714974,49.1281863008409,49.1426311617247,49.1541291156705,49.1629721459351,49.1693193266266,49.1732769112143,49.1749836919744,49.174672146014,49.1726902125939,49.169481634931,49.1655337540702,49.1613089242896,49.1571780067205,49.1533713836856,49.1499557275293,49.1468357035126,49.1437717978627,49.1404011060842,49.1362486747961,49.1307230101778,49.1230997989902,49.1125116023172,49.0979774456922,49.0785240167418,49.0534666364797,49.0229231355587,48.9886015066433,48.9547833068283,48.9291539011621,48.9226881564491,48.9473770093604,49.0108027346763,49.108408070058,49.217908594025,49.3028870421639,49.3287703356845,49.2831326693668,49.1842858260015,49.0700302772409,48.9761457501412,48.9213456069319,48.9059615709527,48.9195071084421,48.9490692961236,48.9842596375154,49.0186145250008,49.0490029478,49.0744392823461,49.0950307368916,49.1112795701369,49.1237154697515,49.1327601606063,49.1387277288581,49.1418866953187,49.1425330056548,49.1410422675396,49.137885364779,49.1336049662602,49.1287613092952,49.12386296923,49.1193010032858,49.115302436642,49.1119122996145,49.1090042953744,49.106311374539,49.1034616511754,49.1000040241587,49.095412143051,49.0890644377979,49.0802107389742,49.0679516442555,49.0512747870278,49.0292116212504,49.0011946948156,48.9676937924883,48.9311545610779,48.8970923356261,48.8748350683614,48.876878866981,48.9154474692242,48.9955095656405,49.1062695715833,49.217437657452,49.2878970532363,49.2867717781742,49.213282984815,49.0980513974679,48.9839686393555,48.9031696551406,48.8665945204422,48.8679756677174,48.8936691027133,48.9305032769793,48.9692284884897,49.0047352798685,49.0349104882497,49.0593513476859,49.0784211505212,49.0927059823901,49.1027750119752,49.1091249076563,49.1122130026617,49.112514397227,49.1105638192331,49.1069630542302,49.1023505569932,49.0973420871745,49.0924593206973,49.0880663770411,49.0843315649547,49.0812240679831,49.0785448080633,49.0759803177716,49.0731611788276,49.0697046522865,49.0652252700496,49.0593066165891,49.0514406304227,49.0409558463494,49.026972264632,49.0084380470167,48.9843214654347,48.9540451350616,48.9182403084987,48.879824198797,48.8451895024858,48.8248678451703,48.8324401129414,48.880168525614,48.9708874018246,49.0891738139253,49.1994307207073,49.2584286065382,49.2393292314929,49.1498509083544,49.0278084158132,48.9174995524434,48.8472398497769,48.8227157535873,48.8340459609607,48.8663367216296,48.9067415434615,48.9468940068241,48.9824992817464,49.0119781178165,49.0352056059572,49.0526721178369,49.0650423806892,49.0729843897597,49.0771439777968,49.0781749302946,49.076768546448,49.0736537471701,49.0695598347941,49.0651499468688,49.0609439672834,49.0572541388769,49.0541541037007,49.0514931283766,49.0489541652042,49.046140882886,49.0426689684534,49.0382339841874,49.0326329833589,49.0257287826356,49.0173614393295,49.0072279161195,48.994766020641,48.9790922815889,48.9590568022503,48.9334918253598,48.9017390382371,48.8645221184414,48.8251362919803,48.7906751597321,48.7725379010007,48.7848582949338,48.8393413506373,48.9364716188674,49.0570495484955,49.1624170212422,49.2099412572578,49.1778555857048,49.0803074303381,48.9583443717959,48.8547006778136,48.7935683297397,48.7770661876347,48.793721217887,48.8286860341838,48.8698726373344,48.9097005592413,48.9444156444842,48.9727274303339,48.9946403383668,49.0107112775832,49.0216752836217,49.0283062226415,49.0313935292871,49.0317520010266,49.0302162467391,49.0275997403021,49.0246208294609,49.0218143696006,49.0194564973649,49.0175298589259,49.0157471695749,49.0136345582903,49.0106574312262,49.0063564871103,49.0004552008761,48.9929050666952,48.983850049118,48.9735127936013,48.9620266053661,48.9492543975651,48.9346469494368,48.917199481555,48.895571294317,48.8684396926673,48.835159369727,48.7967649165401,48.757229466744,48.7245936073885,48.7110643254981,48.7306493896128,48.7930618773354,48.8947033931697,49.0118310081035,49.104283262003,49.1337128841473,49.0867814851244,48.9844013544174,48.868129717957,48.7758268366609,48.7258512782596,48.7168937192109,48.7369091497521,48.7720949943994,48.8117493854501,48.8493693954714,48.8818418052079,48.9081857362234,48.9285282152847,48.9434696579284,48.9537703422762,48.9602355818845,48.963692593054,48.9649847222328,48.9649412432694,48.9643096045083,48.9636608278632,48.9632956600169,48.9631859753563,48.9629806130969,48.9620879602169,48.9598236930901,48.9555887847571,48.9490284572071,48.9401230139556,48.9291773245079,48.9167026497498,48.9032144026776,48.8889939911652,48.8738769006251,48.8571325400508,48.8374985751561,48.8134293406357,48.7836156101086,48.7478189459104,48.7080007458916,48.6695465773424,48.6420195234921,48.6383587242765,48.6711473204521,48.7454106222524,48.8503054065444,48.9561015492512,49.0233936640953,49.0234418095955,48.956115524327,48.8500365889892,48.744571439007,48.6691224988279,48.6339785842958,48.6338803275544,48.65670035335,48.690456255005,48.7265181506429,48.7599541114347,48.7886067207643,48.8119791894671,48.8303859742622,48.8444463351129,48.8548470275951,48.8622682506934,48.8673811808881,48.8708520871623,48.8733163255726,48.8753127996909,48.8771935672991,48.8790402923205,48.8806246697315,48.8814411476858,48.8808187695094,48.8780911838458,48.8727795532744,48.8647317692143,48.8541684707281,48.8416106880186,48.8276980303932,48.8129395841961,48.7974627760459,48.7808341986395,48.7620229734015,48.7395680921182,48.7120016338481,48.6785655528304,48.6402167420745,48.6007916650358,48.567930961905,48.5529339420906,48.568336579172,48.6223285805293,48.7110530703327,48.8133192037544,48.8943955509046,48.9213864501701,48.8821088213933,48.7927518520949,48.6875157041319,48.5992078355635,48.5456108058358,48.5279679698118,48.5374385206369,48.5625392570298,48.5937321826634,48.6248967858471,48.6529553835668,48.6768715322611,48.6967020325498,48.7129391140056,48.7261482242911,48.7368241496579,48.7453762579601,48.7521671232828,48.7575495170142,48.7618697903542,48.7654294551498,48.7684185933435,48.7708500999652,48.7725280540428,48.7730744641349,48.7720183611201,48.7689264052859,48.7635341290716,48.7558299918326,48.746054433682,48.7346006785381,48.7218354686649,48.7078866129932,48.6924628302902,48.6747776045823,48.6536454586132,48.6278104090169,48.5965507886342,48.5605649283553,48.523037480651,48.4905587763886,48.4731982065197,48.4826693122107,48.5276775873331,48.6070084921274,48.7038827847431,48.7875077490999,48.8252986560532,48.8005115125338,48.7224556546485,48.6205862261034,48.5275152254916,48.4642428381229,48.4358825996642,48.436179125272,48.4545729545406,48.4813424601794,48.5097687965284,48.5362090075683,48.5592645906305,48.578826967822,48.595338217001,48.6093371659197,48.6212462575005,48.631323450487,48.6397060269702,48.6464863573914,48.6517761065976,48.6557336688663,48.6585487877325,48.6603957389748,48.6613782829271,48.6614923779356,48.6606252485308,48.658594144908,48.6552105110146,48.6503421420892,48.6439428082238,48.6360277424215,48.6265920201255,48.6154917232452,48.6023288016153,48.5863956045214,48.5667430785375,48.5424378410319,48.513064031609,48.4794900576208,48.4448221081472,48.4152546481359,48.4001827666014,48.4105937672194,48.4548562995929,48.532303407919,48.6277052818069,48.7121089956588,48.7536920699041,48.7344792843776,48.6611824462833,48.5610854662865,48.4663815014821,48.3992509204248,48.3664864720333,48.3630596383412,48.3788879250464,48.4041627028589,48.4318308326913,48.4579041855965,48.4807394833787,48.5001032576269,48.5164045534403,48.5301966771153,48.5419211264791,48.5518276993697,48.5600032594843,48.5664518083801,48.571181347879,48.5742668778723,48.5758737017946,48.5762400376403,48.5756304979632,48.574279570972,48.5723448827384,48.569883752635,48.5668556943203,48.5631421126918,48.5585668881441,48.5529009445905,48.545841051547,48.5369664210189,48.5256931430924,48.5112631983973,48.4928195652541,48.4696295282029,48.4415184242906,48.4095485637214,48.3768877117816,48.3496088236678,48.3368251080935,48.3492099404372,48.3950035373525,48.4737827605102,48.5708770019638,48.657786375893,48.7024956821656,48.686095982823,48.6142379902356,48.5138282576717,48.4176017031592,48.3487314852067,48.3148245709247,48.3111857083425,48.3276474632724,48.3541074851971,48.3831862322824,48.4106263962206,48.4345980538992,48.4547584826052,48.4714704314458,48.4852880214726,48.4966848289609,48.5059584617968,48.5132455629892,48.5185924496299,48.5220393475388,48.5236885139611,48.5237388251376,48.522481600159,48.5202634104522,48.5174295698867,48.5142652658535,48.5109492557875,48.507528611905,48.5039144566314,48.4998910310443,48.4951265694345,48.48917600613,48.4814727608091,48.47131881159,48.4578975237564,48.4403506559212,48.4179770029225,48.3906184452303,48.359282575505,48.3269746518246,48.2995236145447,48.2858527664927,48.296754127564,48.3411645168061,48.4199474243899,48.5197488736582,48.6123451007119,48.6641773486032,48.6535279597678,48.5838001294467,48.4817448332324,48.381870128345,48.3095880860224,48.273917662847,48.2704399445775,48.2885334901035,48.317429789919,48.3491789837928,48.3791373772538,48.4052471240461,48.4270446723857,48.4448401495953,48.4591823138275,48.4705766420325,48.4793831518156,48.4858235638561,48.4900422371185,48.4921803118782,48.4924355170445,48.4910917876345,48.4885136999263,48.4851103091679,48.4812800807424,48.4773519827742,48.4735368289168,48.4698980866386,48.4663441920787,48.4626372678331,48.4584084219982,48.4531693172833,48.446314273712,48.4371167347995,48.4247378690978,48.4082824744061,48.3869563198706,48.3603941642307,48.3292243584506,48.295882390945,48.2655287469178,48.2466121216313,48.2501799853534,48.28677678532,48.3604118939498,48.4614147374421,48.5634136645495,48.6305548668639,48.6349563481646,48.5736674385247,48.471085454418,48.3642606140473,48.2833684958976,48.2411946486163,48.2347558802212,48.2530365511835,48.2841249269886,48.3189552257341,48.3520961028662,48.3810342698041,48.4050855607393,48.4244804103653,48.4397684916814,48.4515055232711,48.4601359095499,48.4659904176024,48.4693378018838,48.4704482520913,48.469641886278,48.4673080992318,48.463892357259,48.4598560056022,48.455621026501,48.4515144706492,48.4477259768241,48.4442868199364,48.4410717284007,48.4378174325426,48.4341468135081,48.4295863964028,48.4235686864835,48.4154195390315,48.4043439202182,48.389440440944,48.3697949355877,48.3447230022147,48.3142411138744,48.2798213619796,48.2453783359561,48.218180706803,48.2089407143078,48.2298667245785,48.289549961179,48.385195890702,48.4962878064935,48.5868569121321,48.620583891933,48.5818544130589,48.4864580098512,48.3719165635344,48.2756642087102,48.2184824801512,48.2019875565542,48.2159628732064,48.2471264122639,48.2845223527587,48.3211831117319,48.3536270086714,48.380671475214,48.4023524595655,48.4191961273822,48.4318236608033,48.4407899489871,48.4465585309207,48.4495396477926,48.4501428269949,48.4488148346457,48.446048828414,48.4423625122202,48.438252460602,48.4341380119049,48.430310384605,48.4269005367686,48.4238733006335,48.4210470851266,48.418130292898,48.414759990747,48.4105271569677,48.4049768162073,48.397580315521,48.3876900166232,48.3745028850547,48.3570782453078,48.334475260067,48.3060929563156,48.272295425807,48.2353526716774,48.2005608257407,48.1770502335952,48.177254690232,48.2136146891826,48.2916879426379,48.4015375006243,48.5136005111292,48.5868077369348,48.5894192419088,48.5193243565197,48.406179819274,48.2927752843143,48.2118125081872,48.1749316158331,48.176313919488,48.2024364818049,48.240027591932,48.2796516039936,48.316020957201,48.346898529024,48.3718263123533,48.3911778637785,48.4056020175809,48.415764571749,48.4222714203161,48.4256804853676,48.4265403473552,48.4254187642027,48.4229035140874,48.4195727771154,48.4159434190228,48.4124127146661,48.4092113943221,48.4063829555254,48.4037966076072,48.4011909756934,48.3982357033706,48.3945913988401,48.3899471872235,48.3840202007469,48.3765118443621,48.3670298137537,48.3550007830796,48.3396154180438,48.3198648051882,48.2947447114664,48.2637152925844,48.2274892058771,48.1891355134454,48.1552557558091,48.136544786907,48.1464733166364,48.1966265707487,48.2884957982251,48.4051496294176,48.5105099433148,48.5629429090044,48.5387958200012,48.4483872544679,48.3296474015216,48.2247647761006,48.1595689549581,48.1383538541771,48.1511184022321,48.1835267577868,48.223375665661,48.2627516472438,48.297599784436,48.3264452381022,48.3492113866578,48.3664280803892,48.3788066252735,48.3870645128406,48.3918868106604,48.3939419777508,48.3939007193046,48.3924313107701,48.390164165231,48.3876332359196,48.3852118189943,48.3830642916656,48.3811324277222,48.3791656855747,48.3767916267532,48.3736092602092,48.3692788798011,48.3635800962631,48.3564163223038,48.3477575376934,48.3375305537803,48.3254836932201,48.3110684923947,48.2933944799932,48.271325452357,48.2437964559933,48.2104311889446,48.1725023017322,48.1341451789289,48.1034295115039,48.0923798138183,48.1145269437723,48.1788018519693,48.2807165630986,48.3960134467871,48.4849394132249,48.5105443548905,48.4611185280946,48.3583677645773,48.2434172829979,48.1530301241944,48.1046246003141,48.0964974059654,48.116660121078,48.1515561820651,48.1907322472027,48.227868908011,48.2599735583698,48.2861428664548,48.3065504931053,48.3218125264128,48.3326670579929,48.3398536532397,48.3440928052797,48.3460951890186,48.3465588482581,48.3461363639642,48.3453737921853,48.344638134113,48.3440584500586,48.3435055121646,48.3426256681022,48.3409285120979,48.3379097588781,48.3331764272139,48.3265363215504,48.318020317437,48.307822783306,48.2961680506238,48.2831333270525,48.2684761687907,48.2515259759596,48.2312055843387,48.2062535113878,48.1757179557242,48.1397749617772,48.1008453037111,48.0647792911585,48.0414826179834,48.0438369751737,48.0835658307375,48.1637624595016,48.2709507501798,48.3734336955586,48.4322697102504,48.4221146024006,48.3473193404859,48.2391885253849,48.1366511859475,48.0666420144312,48.0369247812808,48.0408188152081,48.0659084279139,48.1005529899946,48.1366249998618,48.169612949454,48.1976374612352,48.2203615423884,48.2381825950103,48.2517561375515,48.2617730538896,48.2688904883614,48.2737330377736,48.2769057632323,48.2789849659334,48.2804752584702,48.2817413549389,48.2829377791454,48.2839660124025,48.2844840849015,48.2839787081055,48.2818888919928,48.2777496247547,48.2713122063013,48.2625994226361,48.2518695338121,48.2394887054318,48.2257396099687,48.2106170911716,48.193675772303,48.1739995380468,48.1503622486134,48.1216444790744,48.0875542006314,48.0496413383659,48.0124416368712,47.9842718229335,47.9767448195591,48.0017724241539,48.0654119905746,48.1602421723511,48.2615060491039,48.3334437936675,48.346392942766,48.2943720555872,48.1988674784103,48.095367082446,48.0141472013448,47.9691749106753,47.9588729072309,47.9732820673578,48.0010449897019,48.0332614376107,48.0644606887984,48.0920287968876,48.115197112232,48.134155308411,48.1494583817573,48.1617082224571,48.1714303701192,48.1790635002751,48.184994472034,48.1895911735241,48.1932057065176,48.1961409119684,48.1985919001495,48.2005874881675,48.2019603885128,48.2023676444671,48.201365763077,48.1985237073273,48.1935391550359,48.186316442805,48.1769721013388,48.1657544268994,48.1528911622278,48.1384062124205,48.1219660175568,48.1028262482135,48.079951094741,48.0523718016326,48.0198320501813,47.9837119053041,47.9480827449695,47.9204694350392,47.9114973500387,47.932323806904,47.989219519554,48.0766207785761,48.1730860891457,48.2459571919577,48.2660309669659,48.2241352382084,48.1367575045684,48.0358346226539,47.9513218612015,47.8993386887877,47.8810146767827,47.8882792643981,47.9105387282838,47.9388770558714,47.9674902301146,47.9934231085774,48.0156820387254,48.0343488392429,48.0499340814063,48.0629963879746,48.0739730399239,48.0831500459766,48.0907064036543,48.0967804653532,48.1015215266162,48.1051064364499,48.1077183322405,48.1095000061362,48.1105043208584,48.1106654459818,48.1098066827745,48.1076857365961,48.1040617936158,48.0987570752303,48.0916837337221,48.0828166852365,48.0721119347757,48.0593929916853,48.0442494746666,48.0260080498799,48.0038447432259,47.9771074377957,47.9458996133915,47.9119178193812,47.8793934721692,47.85572054688,47.8509827675579,47.8753746087057,47.9340246280056,48.0206126922087,48.1139909833268,48.1830258535736,48.2004961685815,48.1583373795393,48.0725545193664,47.9735828485176,47.8900569965586,47.8376687853005,47.8178913685876,47.8232612783861,47.8436647187671,47.8704188937731,47.8977633880955,47.9226997052069,47.9441800880102,47.9622549321489,47.9774264865183,47.9902509697818,48.0011475875588,48.0103522090486,48.0179567438561,48.0239851565694,48.0284685067544,48.0314939774131,48.0332165217165,48.0338352678008,48.0335477483443,48.032500722562,48.030755247951,48.0282761956449,48.0249452928656,48.020586216324,48.0149844817262,48.0078866051661,47.9989725754977,47.9878111344942,47.9738255595625,47.9563154123285,47.9345940525005,47.9083076733936,47.8779871085284,47.8458223906136,47.8164995446321,47.7976629591171,47.799212856087,47.8304923664954,47.895052409988,47.9846502914053,48.0767947375472,48.1406331354251,48.1511100557464,48.1031383664256,48.0147883391744,47.9166861830503,47.8362071213294,47.7874591031472,47.7708371748259,47.7784844930901,47.8003504570127,47.8279816789456,47.8558308722573,47.8810323567838,47.9025965619863,47.9205873767791,47.9355044601714,47.947903019668,47.958208800202,47.9666693882768,47.9733877286158,47.9783936281566,47.9817192384575,47.9834548237329,47.9837719509733,47.982912132092,47.9811484528357,47.9787339708078,47.9758522380683,47.972581989758,47.968881148326,47.9645873767976,47.9594264895047,47.9530186096809,47.9448763412649,47.9343992773154,47.9208836942425,47.9035833754701,47.8818741549467,47.8555845318536,47.8255427295564,47.794327177268,47.7670477968211,47.7516960460841,47.7582454253049,47.7955699178059,47.86599656307,47.9594245732239,48.0515860544538,48.1110866837109,48.1143379108972,48.0592212681075,47.9666202179024,47.8683176098843,47.7909774678988,47.747046836098,47.7353784066876,47.747224156197,47.7722737645766,47.8021814427234,47.831622291066,47.8579223835433,47.8802057173383,47.8985807681293,47.9135531791422,47.9256758896582,47.935384974894,47.9429600987282,47.9485572456084,47.9522731719444,47.9542117153946,47.9545317951771,47.9534663166737,47.9513102336511,47.948383843678,47.9449827074449,47.9413273337224,47.937523702051,47.9335406263016,47.9292036725947,47.9242000986508,47.9180872003879,47.9102989960069,47.9001539304085,47.8868790159758,47.8696825154758,47.8479253482335,47.8214542185929,47.7911511697474,47.7596930905715,47.7323521730122,47.7173656286211,47.7250204719918,47.7644584202001,47.8379741722681,47.9348277974327,48.0294521221795,48.0890385353256,48.0894895426981,48.0297467592071,47.9328355103792,47.8324253623852,47.7557981282009,47.7147717598028,47.7070403591978,47.7228530540569,47.7513367619619,47.7839725762985,47.8154779650561,47.8432855695593,47.8666085498218,47.8856047930778,47.9008003679061,47.9127614582579,47.9219496781634,47.9286936232642,47.9332231437911,47.9357274588864,47.9364103621077,47.9355258327024,47.933386298281,47.930343814309,47.9267509698419,47.922912458112,47.9190392065567,47.9152146352254,47.911377769707,47.9073221167606,47.9027043681109,47.8970550011882,47.8897850820704,47.8801907777139,47.8674693724782,47.8507774407649,47.8293813738635,47.8029670462659,47.7721744839409,47.7393739750001,47.7095507181913,47.6908634300538,47.6940173326958,47.7293279083021,47.800939548213,47.8998715407531,48.0008642265109,48.0689930152377,48.0763647172088,48.0188824707704,47.9193749662289,47.8139305981215,47.7328094724696,47.6895710079794,47.6820622728956,47.6997619855651,47.7308695722063,47.7661851399731,47.8000559231391,47.8297651489666,47.8544911638918,47.8744026351114,47.8900524890765,47.9020448182268,47.9108946801133,47.9170039012022,47.9206947883611,47.922261976922,47.9220170241687,47.9203115563917,47.9175340042206,47.9140826403023,47.9103233816351,47.9065438917505,47.9029153673845,47.8994701104709,47.8960974819405,47.892554716916,47.8884842736984,47.8834276512842,47.8768281669283,47.8680226059627,47.8562339841027,47.8405945570447,47.8202485537252,47.7946041415068,47.7638129162118,47.7295267424856,47.6958669065439,47.6702737033099,47.663462806647,47.6872793619641,47.7494244240207,47.8458024751234,47.9548090268137,48.0405637153664,48.0684993170224,48.0256087851082,47.9294289459527,47.8172976343726,47.7250298465758,47.6716769780575,47.6579052382691,47.6733786699571,47.7051340986262,47.7426030869559,47.7790990204042,47.8112934965665,47.8380727700884,47.8595057677249,47.8761469920595,47.8886530303702,47.897619006236,47.9035441008968,47.9068587573038,47.9079691747656,47.907292427605,47.9052688181753,47.9023484201235,47.898956831785,47.8954506739039,47.8920756675455,47.8889387958001,47.8860013923544,47.883093216048,47.8799405726794,47.8761964666125,47.8714593894928,47.8652706960406,47.8570887342373,47.8462505572243,47.8319485457163,47.8132689312703,47.7893602111262,47.7598154141979,47.7253451682885,47.6887488965679,47.6559929917085,47.6368128015875,47.6437231314591,47.688061215953,47.772645003493,47.8837254768483,47.9889971687613,48.048463719366,48.0359218797444,47.9561069247254,47.8421910200577,47.7353725488822,47.6638819115517,47.6353623728903,47.6421383676469,47.6706954229379,47.7086315396709,47.7474577366093,47.7825764776861,47.8121531550932,47.8359290334953,47.8543649133516,47.8681459209957,47.8779528793711,47.8843939217736,47.8880144539178,47.8893313881129,47.888859779151,47.8871165482825,47.8845985631719,47.8817418170915,47.8788745966867,47.8761796190359,47.8736777263427,47.8712393438491,47.8686211647265,47.8655169124663,47.8616052134882,47.8565766350318,47.8501266453486,47.8419111709413,47.8314752377404,47.8181814867784,47.8011832875355,47.7795061339873,47.7523184360668,47.7194786816393,47.6824131626997,47.6452525106084,47.6158595687846,47.6058816818123,47.6284520765531,47.6923450946488,47.7933974187059,47.9081138047246,47.9974487685444,48.0244560743549,47.9765951529982,47.8745616402831,47.7590947124729,47.667354711145,47.6174687713993,47.6082482356159,47.6278615647915,47.6626611281637,47.7020236083164,47.739488213653,47.7719838221902,47.7985825510735,47.8194627255113,47.8352482019629,47.8466665701849,47.8544151288666,47.859137354326,47.8614416655191,47.8619206092025,47.861149155582,47.8596567636895,47.8578801405227,47.8561118273492,47.8544628351159,47.8528547654595,47.8510486685857,47.8487063984002,47.8454688116866,47.8410275261956,47.8351659012776,47.8277513722521,47.8186740988825,47.8077434609712,47.7945714182432,47.7784883566336,47.7585524610172,47.733727724308,47.7033141684635,47.6677001842981,47.6294311266529,47.5943819992618,47.5724190382101,47.5763946356958,47.6180747407874,47.7006214311762,47.8104403359714,47.9152797600426,47.9752801517058,47.9644169500588,47.8872865915146,47.776364984184,47.6718947485567,47.6014736110685,47.5727255317206,47.5783999976156,47.6055042216997,47.6420168662914,47.6796311421381,47.713784393634,47.7426058612453,47.7657882824162,47.7837643928863,47.7972251821717,47.8068932005292,47.8134489352429,47.8175292098004,47.8197428308414,47.8206717259392,47.8208450427083,47.8206896370892,47.8204723603569,47.8202557769306,47.8198877508315,47.819036556953,47.817268945365,47.8141531987517,47.8093578942349,47.8027141439911,47.7942163455103,47.7839525054463,47.7719760330556,47.7581517508177,47.7420262145536,47.7227852564002,47.6993708181426,47.6708338386722,47.636990549042,47.5993970362189,47.5625051830597,47.5345442798081,47.5271916625636,47.5527269878646,47.6178610648474,47.7157465571696,47.8214760727773,47.8980264660143,47.9138914345002,47.8619791864372,47.7643022459583,47.6580664724929,47.5751862285662,47.5303197859621,47.5216622021779,47.5386104021415,47.5691803126165,47.604036647602,47.6374585624844,47.6667041213829,47.6909486344305,47.7103742948903,47.7255704797679,47.7372122805859,47.7459301956901,47.7522870147652,47.7567973988479,47.7599466987947,47.7621852136326,47.7638923287029,47.7653208652017,47.766543070755,47.7674230885727,47.7676348347596,47.766730077545,47.764243338578,47.7598042852885,47.7532207166822,47.7444997197982,47.733790727435,47.7212578257127,47.7069135332612,47.6904668820274,47.6712522668464,47.648312445199,47.6207094969656,47.5881250244981,47.5517624282698,47.5154326202618,47.486430603447,47.4753909337392,47.4939617265893,47.5494799808323,47.6377047061853,47.7379546906672,47.8169034048719,47.8432311999771,47.805424199492,47.7189601472182,47.6165726888942,47.5299367585712,47.476603941633,47.458281103735,47.4667615384282,47.4909979577788,47.5216023068274,47.5524042320215,47.5802023171825,47.6038548612753,47.6233730589807,47.6392624441511,47.6521349104235,47.6625306907473,47.6708751324362,47.677504729311,47.6827122563103,47.686777180211,47.6899644080212,47.6924912661789,47.6944770968131,47.6958986158497,47.6965742881942,47.6961917543214,47.6943763510429,47.6907814627579,47.6851694111328,47.6774500675665,47.6676550957248,47.6558462735216,47.6419812513825,47.6257833213792,47.6066790358707,47.5838771028248,47.5566624327369,47.5249632595858,47.4901949962203,47.4562495175578,47.4302345158179,47.4221884515056,47.4427267489369,47.4979895663954,47.5830574037711,47.6779117591533,47.7514234524553,47.7749085314018,47.7380696783019,47.6552352786191,47.5565737927959,47.4716419087794,47.4173909296278,47.3961987246402,47.4009544747146,47.4214897428727,47.4488827263737,47.4771082602851,47.5029523513237,47.5252221083276,47.5438902803796,47.5594387126841,47.5724490476528,47.5834003430284,47.5926109930722,47.6002655327535,47.6064771667166,47.6113488246879,47.6150087524673,47.6176110291753,47.6193055092327,47.6201927476256,47.6202844839153,47.6194875046291,47.6176188744283,47.6144469854456,47.6097407080699,47.6033031419727,47.5949700899068,47.5845663492929,47.5718323175312,47.5563548510876,47.5375556231354,47.5148039674522,47.4877247354907,47.4567538420122,47.4239298559944,47.3937580430017,47.3737084501912,47.3735601553819,47.4026528773274,47.4647335409783,47.5520180831089,47.6426891636284,47.7065290046658,47.7186705558719,47.6735038696424,47.5880520353089,47.4919374078761,47.4120746202815,47.3627346008795,47.3448223154107,47.3510007351461,47.3715590159981,47.3981801241704,47.4253151144511,47.4500377823236,47.4712954527106,47.4891135546328,47.5039833566018,47.5164750049043,47.5270411821959,47.5359571713926,47.5433454557338,47.5492411390578,47.5536636943434,47.5566705729883,47.5583793483753,47.5589566433082,47.5585822732204,47.5574035343247,47.5554956637444,47.5528399850873,47.5493228076334,47.5447489710448,47.5388577126507,47.5313281991435,47.5217688093807,47.50969734412,47.4945365859443,47.4756680269206,47.4526020113737,47.4253274205858,47.3948822481253,47.3641077530327,47.3383720728343,47.3257554700898,47.3358748578966,47.3765360629583,47.448332163785,47.5394615211865,47.6252634869617,47.6762075492431,47.672233742821,47.6142542556213,47.5237007596357,47.4303893334736,47.3581911514496,47.3176299720029,47.3070495710983,47.3181772921005,47.3414932669876,47.3693226751589,47.3967569662339,47.4213231781803,47.4422192160483,47.4595727790963,47.4738937770982,47.4857375434368,47.4955386866495,47.5035642360631,47.5099398421773,47.5147112776071,47.5179118596343,47.5196147654306,47.5199580685029,47.5191394446077,47.5173857325244,47.514908318099,47.5118573537997,47.5082857805063,47.5041288915217,47.4991987922752,47.4931881286838,47.4856762304814,47.476134833014,47.4639401416426,47.4484123823188,47.4289210501615,47.4051093189872,47.3772944878982,47.3470721620304,47.3180545722709,47.2964668228536,47.2910092387272,47.3111209937698,47.3629788994623,47.4438385995537,47.5377101188761,47.6171177143341,47.6535466254664,47.6322301374173,47.5609556743084,47.4656225178921,47.3760758197312,47.3129014911506,47.2826402735926,47.2808745058797,47.2982535212505,47.325379340078,47.3552168076666,47.383535660891,47.4083648656899,47.4291918602287,47.446268142074,47.4601289740553,47.4713150592679,47.4802462591227,47.4871956871491,47.492321499907,47.495723556321,47.4975006765585,47.4977919896336,47.4967934678312,47.4947481566332,47.4919150565725,47.4885260158212,47.4847414824395,47.4806143514606,47.4760671315751,47.4708827643084,47.4647056134488,47.4570483161442,47.4473037905843,47.4347704451841,47.418712331108,47.398492938137,47.3738366394639,47.3452735023508,47.3147866327788,47.2865658168784,47.2675343407088,47.2669727728511,47.2943156525926,47.3545554670124,47.44228021763,47.5379987140188,47.6117862272557,47.6358929979554,47.5999797440654,47.5176402022332,47.4185508653154,47.3325774909377,47.2775192979126,47.2565223268213,47.262782476239,47.2859763902289,47.3167612937074,47.3486205108149,47.3778976907358,47.4030592111574,47.4238534100916,47.4406504895629,47.4540184039251,47.46449601658,47.4725034873025,47.4783365026006,47.4822037437645,47.4842784632514,47.4847442057169,47.4838224254279,47.4817767475231,47.4788949230295,47.4754545635875,47.4716817282979,47.4677118262223,47.4635601332418,47.4591052655595,47.4540845884607,47.4480974745004,47.4406122219059,47.430976618261,47.4184413725642,47.4022199760211,47.3816265589389,47.3563500665424,47.3269258774803,47.2954278879912,47.2662798922019,47.2468260002621,47.2469198172039,47.2765140278601,47.3406332257603,47.4329085551854,47.5318035894049,47.6051029429703,47.6241515421431,47.5802317656483,47.4903980899999,47.3874502043677,47.3022734944111,47.251546211622,47.2363746999785,47.2482150756676,47.2758216805028,47.3096544515918,47.3434006848865,47.3737242743995,47.3993686848755,47.420263845311,47.4368748384588,47.4498102021805,47.4596291603709,47.4667776275622,47.4715964387189,47.4743616801198,47.4753303276565,47.4747744863946,47.472995559916,47.4703164672775,47.4670556243775,47.4634903333928,47.4598188814312,47.4561297444873,47.4523831196662,47.4484055170572,47.4438937803451,47.4384223093722,47.4314479236606,47.4223118589738,47.4102484954907,47.3944256724969,47.3740607888719,47.3486761928843,47.318565098203,47.2855093003311,47.2536750825916,47.2303547800634,47.2258078191359,47.2510776498545,47.3129080509263,47.4066208552461,47.51110602543,47.5923114995489,47.6179950709726,47.576344904969,47.4839979401713,47.3760375782407,47.2863525190261,47.2334200147132,47.2184816409603,47.2321477640266,47.2621835909492,47.2983607083933,47.3340382216025,47.3657963036347,47.3924086228616,47.4138655823759,47.4306879213442,47.4435304425124,47.4529976000551,47.4595893025935,47.4637145542273,47.4657308737155,47.4659831789934,47.4648273532101,47.4626325147457,47.4597630120577,47.4565464255336,47.4532369317299,47.4499837891118,47.4468123675131,47.4436206567764,47.4401887991503,47.4361945466462,47.4312253208484,47.4247790815443,47.416252299599,47.4049242946893,47.3899629716611,47.3704968691637,47.3458196699661,47.3158073268883,47.2816131071148,47.2466184482247,47.2173918863796,47.2039979749838,47.21851095632,47.2705201359131,47.3597205898475,47.4689701139527,47.564643370582,47.6095302133179,47.5835908269567,47.4972568497864,47.3852093001296,47.2857757934214,47.2228016912013,47.2008237707438,47.211174574321,47.2407968614865,47.278234578465,47.315839794922,47.349565402277,47.3778706307867,47.400627692692,47.4183436504183,47.4317103265459,47.4413941556569,47.447971352835,47.4519364355744,47.4537365913458,47.4538033622997,47.4525668828598,47.4504481772317,47.447832847795,47.4450349281882,47.4422622422218,47.4395938585084,47.4369762915796,47.4342389339426,47.4311225096918,47.4273091592174,47.4224409320509,47.4161161501843,47.4078606338256,47.3970828218828,47.3830377757158,47.364844269749,47.3416201688691,47.3128188997206,47.2788488410411,47.2420027960992,47.2075542675851,47.1845211353566,47.1850745873784,47.2212107614923,47.2979631511304,47.4051319113651,47.513638735295,47.5838118934415,47.5855575543751,47.5174351923167,47.4081718878687,47.2987251336221,47.2203543862575,47.1843251626533,47.1852767312651,47.2103841708503,47.2469028329815,47.2856486451726,47.3213860423601,47.3518448399149,47.3765312745503,47.395817228019,47.4103861421324,47.42095771188,47.4281874088686,47.4326568924489,47.4348985805765,47.4354201311445,47.4347113192668,47.4332284066537,47.4313606789023,47.4293903389452,47.4274596884835,47.4255579277574,47.4235342056122,47.4211351608135,47.4180565002271,47.4139919066497,47.4086610292181,47.401802586627,47.3931284175111,47.3822483142723,47.3685920818564,47.3513733267153,47.3296581976653,47.3026191908278,47.2700598080774,47.2332647902657,47.1961110292947,47.1660927263632,47.1544366039831,47.1739887670162,47.2336971040594,47.3303704415083,47.4422701435672,47.5321354339809,47.5635167979764,47.5222885645232,47.4262486815749,47.3137909730596,47.2215633447731,47.1687814272853,47.1558409696334,47.1720945566074,47.2044159744929,47.2422083821174,47.2788126130458,47.3109294359329,47.3374631116223,47.3585013177722,47.3746362130869,47.3865943972368,47.3950776083718,47.4007221099035,47.4041096502282,47.4057869753505,47.406270185853,47.4060255980222,47.4054310770139,47.4047307059849,47.4039999184057,47.4031367618538,47.4018878321914,47.3999063672832,47.3968282918326,47.3923435511869,47.3862380774416,47.3783876013432,47.3686974148569,47.3569995097034,47.342937165132,47.325884770806,47.3049665545786,47.2792510318054,47.2482029906339,47.2124533626045,47.1748577463082,47.1415903870316,47.1226110707506,47.1303463232527,47.1753270181628,47.2587710191486,47.365329449308,47.46272266964,47.5137204398175,47.4964353678849,47.418270897424,47.3112411725285,47.2126545785075,47.1470874668017,47.1206845204283,47.1262891562122,47.1517673667172,47.1859963718446,47.2212925139653,47.2534279920749,47.2806767434864,47.3027798570914,47.320176311604,47.3335410368656,47.3435594791783,47.3508503427671,47.3559636420458,47.3594024351335,47.3616359084343,47.363088362841,47.3641035889607,47.3648963442601,47.3655101835567,47.3658016771874,47.3654643095624,47.3640925985165,47.3612720619732,47.3566687319533,47.3500876453479,47.3414755419355,47.3308581085028,47.3182229900056,47.3033817467043,47.2858631131442,47.2649044988731,47.2396180043783,47.2094076699778,47.1746916791871,47.1379015452604,47.1045322229266,47.0836561397346,47.0868692892246,47.1245146101925,47.1990415509107,47.2981182036319,47.3933248304759,47.4497134381225,47.4438260742756,47.3779571626447,47.278671210657,47.1807830457638,47.1100027623122,47.0754865731208,47.0728797154194,47.0916320272579,47.1210497452449,47.1532263169351,47.1835163784613,47.2098322491802,47.2316839886514,47.2493887316073,47.2635552105363,47.2748086864148,47.2836831796091,47.2906111250398,47.295955195503,47.3000428810285,47.3031799127916,47.3056340133543,47.3075948925655,47.3091275175265,47.3101405286413,47.310388311413,47.3095141059702,47.3071259669745,47.3028828180556,47.2965599887941,47.2880662757961,47.2773981099447,47.2645377306259,47.2493262128675,47.2313637703463,47.2100057360155,47.184531028149,47.1545561464725,47.1207370647995,47.0857104662616,47.0550243173725,47.0374667586058,47.0438256452405,47.0831070447562,47.1563325370037,47.2506051558849,47.3387532608155,47.3887763855183,47.3801618676168,47.3160238298264,47.2210958106948,47.1272628950919,47.0582009322921,47.0227063856102,47.0172295027431,47.0323119319239,47.0580875448686,47.0870900374065,47.1148327755201,47.1392492990769,47.1598288606049,47.1768627615034,47.1909276369746,47.2025940355463,47.212303787415,47.2203554446055,47.2269456681209,47.232225690868,47.2363440482998,47.2394599250367,47.2417252129261,47.2432456880997,47.2440396601237,47.2440135212489,47.2429671450227,47.2406299804967,47.2367152270303,47.2309698993484,47.2231972013909,47.2132361434565,47.2009003492083,47.1858997289816,47.167790584747,47.146017650762,47.120121276354,47.0901762235145,47.0574865256738,47.0254484582406,47.0002688383144,46.9908910131988,47.0072017870895,47.0558297679904,47.1342270100885,47.2262348818669,47.3040608999071,47.3391381464456,47.3170718519146,47.246085546074,47.1520473087403,47.064182606664,47.0022517253482,46.9722299023088,46.9695781662892,46.9851662735693,47.0099602131251,47.0372842463859,47.0631984032569,47.0859430881433,47.1051485212343,47.1211515269218,47.134523259307,47.1457983086628,47.1553582747623,47.1634185670856,47.1700732568963,47.1753610163036,47.1793241187956,47.1820425880901,47.1836367559829,47.1842423602998,47.1839706272608,47.1828693448971,47.1808986857542,47.1779282784833,47.1737524373972,47.1681123194779,47.1607106949065,47.1512091745807,47.1392092424696,47.1242354692792,47.1057587159818,47.0833147672521,47.0567829446755,47.0268766035188,46.9958377542115,46.9681836707157,46.951096254454,46.9537285970687,46.9845868554129,47.0467514312206,47.1324741593617,47.2210031886989,47.2838446718946,47.2974076367138,47.2558806748706,47.1746716634295,47.0815428103325,47.002491209084,46.9520904494887,46.9322240164295,46.9365130560574,46.9558034386322,46.9819045349785,47.0091136798361,47.0342424217936,47.0559886869162,47.0742028873327,47.0892919005505,47.1018203264588,47.1122877962044,47.121037901205,47.1282543402736,47.1340062939739,47.1383121676673,47.141198049924,47.1427351079793,47.1430487895251,47.1423012631396,47.1406554658373,47.1382328660596,47.1350767292344,47.13112864375,47.126219972533,47.1200742578324,47.1123140620503,47.1024682477445,47.0899840702573,47.0742620905476,47.0547486957149,47.0311364101809,47.0037267079359,46.973984804721,46.9452290319079,46.9232115726636,46.9160603694882,46.9327920356986,46.9797445619818,47.055358722524,47.1458567130484,47.2261152206891,47.2685191611397,47.2566219416427,47.1945573394048,47.1047337025727,47.0155900706461,46.9486638536915,46.9126593314924,46.9051875531727,46.9180889811877,46.9423030634478,46.9705930547955,46.9983202920819,47.0231160702795,47.0441786583822,47.061596957097,47.0758480450761,47.0874823501513,47.096960502702,47.1045969694242,47.1105707733252,47.1149713746651,47.117854881288,47.1192922663123,47.1193978837558,47.118333445824,47.1162891754415,47.1134490218496,47.1099495937582,47.1058423083564,47.1010655031504,47.0954291203648,47.0886108794726,47.080161591588,47.0695201007983,47.0560461973242,47.0390925689265,47.0181524275232,46.9931321821434,46.9647954667286,46.9353809952069,46.9092744445889,46.893381897971,46.8965459837712,46.927187893017,46.9888334716508,47.0747747823949,47.1654148699381,47.2326000781525,47.2516269416067,47.2145859162399,47.135199080095,47.041063470164,46.9594222587676,46.9065087629488,46.8853665021071,46.889984550125,46.9109834020107,46.9396855590855,46.9698810513609,46.9979637019637,47.022328285017,47.0426276297249,47.0591615757528,47.0724650986615,47.0830727942126,47.0914122026088,47.0977807391294,47.1023703310259,47.1053128624839,47.1067268481576,47.1067520210092,47.1055644331697,47.1033703517107,47.1003822226117,47.0967835251088,47.0926908013787,47.0881203378399,47.0829643644227,47.0769783395122,47.0697784485544,47.0608485273085,47.0495596714287,47.0352147042978,47.01714326603,46.9948891223491,46.9685420646135,46.9392557434959,46.9099288307064,46.8858670870268,46.8749635812443,46.8866136890931,46.9285417820869,47.0015452070196,47.0942374984041,47.1822032609993,47.2355634735082,47.233361384392,47.1757364863732,47.0841862911452,46.9894594342263,46.9165810642349,46.8767875128912,46.8684935727761,46.8830563479351,46.9104389085301,46.94249215107,46.9739384275399,47.0020348888343,47.0257890292735,47.045207886818,47.0607511555404,47.0729967573351,47.0824704096043,47.0895841130061,47.0946386803525,47.0978576424632,47.0994297869646,47.0995451625919,47.0984155764405,47.0962760868474,47.0933688019997,47.0899140212318,47.0860758481113,47.0819295103075,47.0774358504348,47.0724254791922,47.0665920778512,47.059492766028,47.0505548144207,47.0390935713943,47.0243570841828,47.0056282575339,46.9824327113209,46.9549112729529,46.9244006171867,46.8941874791227,46.870211837997,46.8611688591282,46.8771073444224,46.9256461621378,47.0060234797471,47.1036944689818,47.1906557653546,47.2354133962568,47.2193091318171,47.1480140698792,47.0484960675703,46.9537357912973,46.887212918184,46.8566957042657,46.8574155087607,46.878939413534,46.9107957101439,46.9452043651263,46.9775254922003,47.0056027272887,47.028857822299,47.0475369776728,47.0622100205346,47.0734907762001,47.0819122562161,47.087896017273,47.0917708501122,47.093810417958,47.094270278102,47.0934126893287,47.0915138939823,47.0888537726221,47.0856918762843,47.0822364530568,47.0786137981615,47.0748439733518,47.0708260634027,47.0663325843193,47.0610097286932,47.0543792752969,47.0458405643647,47.0346780480824,47.0200922250168,47.0012889847614,46.9776818870047,46.9492752985141,46.9172833827031,46.8849614229632,46.8584252977363,46.8468761656974,46.8612319842729,46.9101264617144,46.9933724314627,47.0957890163175,47.1872422269918,47.2335572361954,47.2147545495037,47.1377828763104,47.0326624564611,46.9350242086075,46.8691036678927,46.8417035978311,46.8464810842244,46.8717548297849,46.9064471491414,46.9426892424456,46.9760153697277,47.0045060667421,47.0277801918142,47.0462130687043,47.0604466513942,47.0711341922128,47.0788387796171,47.0840188978329,47.0870544692657,47.0882836317187,47.0880325774521,47.0866294922579,47.0844002909175,47.0816490095665,47.0786292824529,47.075514908287,47.0723768310053,47.069171089028,47.0657381617043,47.061809888737,47.0570172360131,47.0508920583165,47.0428598105543,47.0322286505304,47.018193930928,46.9998954400806,46.9765859214526,46.9479865691414,46.9149005579236,46.8800917337621,46.8492518106943,46.8315195882029,46.8385347058358,46.8807846819241,46.9608853252809,47.0662173784928,47.1669892477502,47.2258786046837,47.217503654236,47.1445909920822,47.0367933421747,46.9327434977026,46.8603733814154,46.8287153376483,46.8318150205222,46.8573057600943,46.8931966502239,46.9309219927839,46.9656219246046,46.9952095967615,47.0192631250489,47.0381733946532,47.0526185878936,47.063296469411,47.0708216252488,47.0757124365489,47.0784166761487,47.0793441800403,47.0788890211768,47.0774336448007,47.0753349436922,47.0728977684902,47.07034466996,47.0677913216986,47.0652349227438,47.0625584045481,47.0595476388787,47.0559137259833,47.0513095881928,47.0453309168862,47.0374968271169,47.0272155649359,47.0137550986416,46.9962569531598,46.9738528827625,46.9459632782966,46.9128600236832,46.8765332367751,46.8417534232037,46.8168981926531,46.8136150505368,46.8439865875751,46.9143185682189,47.0170099140766,47.1259406916982,47.202703900248,47.2151304014934,47.1571026232312,47.0530956047705,46.9428612138552,46.8595013804537,46.8172162788106,46.8128564319792,46.834495193378,46.869305436366,46.9075996575619,46.9436113527672,46.9746801923978,47.0000863410444,47.0201019483287,47.0353871611863,47.0466726250651,47.0546295654754,47.0598431146397,47.0628304309472,47.0640673582915,47.0640037223237,47.0630593741856,47.0616022020394,47.0599159152097,47.0581690190534,47.0563964250316,47.0545014672047,47.0522795435298,47.0494569483662,47.0457320600951,47.040803146887,47.034369148485,47.0260972541887,47.0155632847093,47.002186660992,46.985200042726,46.9637134774505,46.9369512760874,46.9047473834786,46.8683569851035,46.8315286238577,46.8015112279125,46.7892089476184,46.8072100727483,46.8645225155115,46.9585861139434,47.0688432835097,47.1592099030692,47.1935035441959,47.1564804700677,47.0640385475536,46.9531468593018,46.860270403112,46.805434293291,46.7900781486911,46.8042766268376,46.8351787281753,46.8721540592855,46.9083840026702,46.9404062739588,46.9670100982569,46.9882221320813,47.0046128147558,47.0169063081015,47.0258035269262,47.031929609217,47.0358400073891,47.0380421643496,47.0390078248442,47.0391651838453,47.038871460303,47.0383751560492,47.0377822759644,47.0370410372774,47.0359547427451,47.0342236017309,47.0315058797761,47.0274802137472,47.0218874061161,47.0145333841253,47.0052452742216,46.993788001273,46.9797669787642,46.9625611299436,46.9413482870787,46.9153000859108,46.8840291232276,46.8483477060208,46.8113024736379,46.7792176452688,46.7620680806036,46.7720277043038,46.8190024188603,46.9032917185835,47.0087538253441,47.1031005510059,47.1502403219642,47.1300595434376,47.0511931014766,46.9455549667174,46.8493266098258,46.7858680148329,46.7606774080196,46.7665672209206,46.7916943528173,46.8252672863251,46.8598407092699,46.8913172228111,46.9180270484978,46.9397302306698,46.9568702950046,46.9701209192606,46.9801600680716,46.9875890313093,46.9929279567409,46.9966389226549,46.9991450093972,47.0008288749376,47.0020077540358,47.0028931909511,47.0035515455999,47.0038834180441,47.0036355741728,47.0024485950099,46.9999303317022,46.995733776298,46.9896125653034,46.9814307759336,46.9711160390052,46.9585637836362,46.9435217650605,46.9255042921991,46.9038024280553,46.8776678614234,46.8467482460228,46.8118228994197,46.7757914754842,46.7446475409042,46.7277913691774,46.7366207821986,46.7803513101704,46.8592745101769,46.9585597117193,47.0485104033866,47.0955935277172,47.0802334878541,47.0087602987243,46.909378481581,46.8155998126944,46.7504189761927,46.7207174058885,46.7211240688348,46.7411239682607,46.7705436644917,46.8020434878342,46.8313980042771,46.8567678581244,46.8777841094013,46.8948100049344,46.9084630488103,46.9193600966123,46.928017406474,46.9348419415008,46.9401636019369,46.9442720242706,46.9474351190861,46.9498901049677,46.9518108458807,46.9532657624088,46.9541857738422,46.9543596983399,46.9534653839368,46.9511312410815,46.9470095122388,46.940834752188,46.932442370419,46.9217335919341,46.9085925923956,46.8927845844677,46.8738857226447,46.8513132174677,46.8245333970369,46.7935188132137,46.7594833460053,46.7258088250639,46.6988405784091,46.687869483539,46.7033049715904,46.7522712549376,46.8323225040432,46.9266867530069,47.0063478716587,47.0416212770859,47.0179774108736,46.9446840941521,46.8490760390919,46.7612686561586,46.7009536218577,46.6734180219542,46.6733702545418,46.6911981430058,46.7176989644579,46.746229885515,46.772958498092,46.7962271304231,46.8157324984182,46.8318452589045,46.8451546984419,46.8562166955189,46.8654513078991,46.8731356067836,46.8794456305619,46.8845111522262,46.8884574157688,46.8914195807824,46.8935278923986,46.8948727099948,46.8954658114237,46.8952155585725,46.893927916051,46.8913346476592,46.8871380715545,46.8810532537703,46.8728274152319,46.8622243620603,46.848977913148,46.8327393927556,46.813066049324,46.7895151094896,46.7619156442021,46.7308749244107,46.6985124965887,46.6692652610772,46.6503404267933,46.6510631548287,46.680237915293,46.7412592177726,46.8265361871172,46.9151958956537,46.9784087893493,46.9922776406262,46.9509282325471,46.8699218308337,46.7771720428052,46.6986609378936,46.6488046328032,46.6293164216308,46.633730956674,46.6529045887888,46.6787165178465,46.7055501203604,46.7302924814582,46.7516969615253,46.7696498024732,46.784578519913,46.7970583288546,46.8075943293158,46.8165346771853,46.8240698256072,46.8302789680608,46.8351918955225,46.8388422019561,46.8412967024081,46.8426558645323,46.8430296367143,46.8425002055638,46.8410860212337,46.8387190842403,46.8352408788773,46.8304139948447,46.8239398428728,46.8154711627308,46.8046131749026,46.790919314286,46.7739047494959,46.753119946378,46.7283417865515,46.6999409745324,46.6694523467945,46.640277658477,46.618254007616,46.6115320483038,46.6289720398449,46.676469508474,46.7517832184844,46.8405484947732,46.9176820421345,46.9565271267292,46.9421094314308,46.8795975896601,46.7913035466396,46.7046123036695,46.6398301298771,46.6049138457638,46.5973605111167,46.6093037252104,46.632089452217,46.6588194739708,46.6850725545281,46.7085958343735,46.7286409738826,46.7453192330563,46.7591160276367,46.7705818450771,46.7801690901049,46.788174370372,46.7947488773626,46.7999454410633,46.803776757059,46.8062653994706,46.8074731362742,46.8075046634523,46.8064882271656,46.804541275899,46.8017319743163,46.7980465627397,46.7933687331137,46.7874720918652,46.7800227453534,46.7705884239929,46.7586550249854,46.7436614920345,46.7250784823145,46.7025718832985,46.6763012928993,46.6473906669027,46.6185466620955,46.5946548722905,46.5829393288847,46.5920022511258,46.6290433819069,46.6952695108097,46.7812323878411,46.8657663579977,46.921964870342,46.929265539756,46.8845747882974,46.8041172463215,46.7144592060185,46.63960888759,46.5926592377479,46.5750065443203,46.5805154680141,46.6005196399414,46.6272221208573,46.6551050224246,46.6809849127253,46.703464879733,46.7222762242686,46.7377333936817,46.7503595855192,46.760666622955,46.7690512798181,46.7757705494376,46.7809645760639,46.7847023241445,46.787030606568,46.7880124218493,46.7877461883373,46.7863633149189,46.7840069216871,46.7807984654229,46.7768007557499,46.7719851602851,46.7662082615147,46.7592001482288,46.7505646551742,46.7397929889598,46.7262976427567,46.7094836997035,46.6888881658966,46.6644300007,46.636812577185,46.6080842926436,46.5822584003894,46.5656898468576,46.5666309789122,46.5932214833798,46.6495244895227,46.7305532906861,46.8192965573109,46.8897335154425,46.9171351643566,46.8907903846099,46.8202434990404,46.7300058412133,46.6468445959632,46.5887414058944,46.5612253529054,46.5602308928914,46.5773153764826,46.6038938656492,46.63338824873,46.6616913855024,46.6867535136147,46.7079124271288,46.7252872082853,46.739340481009,46.7506078797402,46.7595573601677,46.7665374480106,46.7717804514406,46.7754346714926,46.7776062254252,46.77839645867,46.7779258046586,46.7763397474833,46.773797094766,46.7704445339821,46.766383800161,46.7616383473159,46.7561253028647,46.7496363939464,46.7418296788345,46.7322338013909,46.7202696016943,46.7053013312112,46.6867414238393,46.6642463361769,46.6380489185738,46.6094584097716,46.5814927110954,46.559450931848,46.5509726479119,46.5648553549773,46.6079268984125,46.6801196372898,46.7698244077416,46.8535787716469,46.9034642555358,46.9003750166433,46.844871737819,46.757141552636,46.6659093508811,46.5948010767864,46.5548429533911,46.545096111457,46.5577777307773,46.5834848629663,46.6143573487711,46.6451400905667,46.6729768595123,46.6967295594256,46.7162853949363,46.7320308370548,46.7445153276456,46.7542678439483,46.7617187729067,46.7671867743021,46.7709007051488,46.7730353921184,46.7737465943612,46.7731956886231,46.7715591458812,46.7690219805595,46.7657578188167,46.7619006135225,46.7575139590509,46.7525633705656,46.7468951910286,46.7402238509645,46.7321282765081,46.7220597418202,46.7093687264137,46.693368197871,46.6734646744349,46.6494027041537,46.6216725479213,46.5921024689444,46.564558562524,46.5454649635174,46.5435410690765,46.5678966429257,46.6238800661523,46.7074394468195,46.8011838628779,46.8769182928602,46.9068478265009,46.8783918491994,46.8019790026979,46.7052091697818,46.6179858954602,46.5596959802681,46.5353432189447,46.5393444554089,46.5617660518728,46.5930711188805,46.626296395477,46.6573203637142,46.6842392632867,46.7065595091383,46.724531304317,46.7387028317725,46.7496665146779,46.7579408386169,46.7639362348469,46.767966779632,46.7702815546805,46.7710984825407,46.7706299594449,46.7690946806758,46.7667142890047,46.7636969484754,46.7602123855845,46.7563640127148,46.752163313997,46.7475099670002,46.7421788704124,46.7358134095006,46.7279242243505,46.7178958201111,46.7050107805702,46.6885137594849,46.6677539514269,46.6424607717528,46.6132103331326,46.5821030097893,46.5535500851581,46.5348126173405,46.535564161962,46.565483879288,46.6292969158451,46.720457345941,46.8175524559004,46.888859542148,46.9064074266192,46.8619850501989,46.7726977402756,46.6709876941691,46.5872696423684,46.5379025348101,46.5238931499714,46.5367364596086,46.5652557387768,46.5999464375205,46.6344852859891,46.665495898237,46.6916763703062,46.7129273113719,46.7297133875638,46.7426750989669,46.7524309087665,46.7595015988944,46.7643032541053,46.7671722209985,46.7683986433781,46.7682544955692,46.767008701941,46.7649270326422,46.7622584659888,46.7592125491051,46.7559336802678,46.7524779676914,46.7487964990365,46.7447260295674,46.7399852237059,46.7341729000235,46.7267655584384,46.7171160533072,46.7044646226774,46.6879880669437,46.6669317686029,46.6408878896919,46.610288558354,46.5771465645371,46.5459481920989,46.524325508844,46.5227126671919,46.5518523857152,46.6174031628876,46.7128484266704,46.8152471066282,46.890108301841,46.9071155674739,46.8580395879122,46.7625323605738,46.6562906932338,46.5715241653939,46.524288779344,46.5140733344773,46.5308331100997,46.562467181864,46.5991922764205,46.6348033097306,46.6661856404647,46.6922884312508,46.7131930227878,46.7294718177007,46.741821414766,46.7508904294475,46.7572246906643,46.7612730391891,46.7634168301908,46.7640009031715,46.7633539043543,46.7617930614327,46.7596139124064,46.7570694067062,46.7543450469282,46.7515370266718,46.7486385909822,46.7455365159831,46.7420155963609,46.737765632643,46.7323840263629,46.7253689777306,46.7161043935816,46.7038485693067,46.6877547043678,46.6669715527466,46.6408932789509,46.6096377156043,46.5748052074307,46.5404561290954,46.5139772295833,46.5060611869453,46.5285823665687,46.589332799672,46.6843644701603,46.7922681502219,46.8773979096895,46.9054151000688,46.8634140313388,46.7687741693736,46.6584331488159,46.5677659113541,46.5155656706984,46.5024862765999,46.5183314058341,46.5502965034915,46.5879109582769,46.6245140604138,46.6567606146785,46.683515450147,46.7048498261208,46.7213567641606,46.7337648170616,46.7427606031206,46.7489343894132,46.7527866297568,46.7547557770697,46.7552441870219,46.7546304480445,46.7532647983069,46.7514504683996,46.7494179690721,46.7473011724794,46.7451231816079,46.7427965800973,46.7401375249917,46.7368877328501,46.7327344663898,46.7273177731993,46.7202175729133,46.7109211976324,46.6987846029835,46.6830173263056,46.6627415540079,46.6371966497318,46.6061735525596,46.5707463430731,46.5342755261239,46.5034207610875,46.4884726475415,46.5018112692716,46.5532495022312,46.6424143727611,46.7517407197403,46.8471065236089,46.8912393166292,46.86467811426,46.7786124762053,46.6679474964373,46.5705059811091,46.5093489923211,46.4884870355808,46.4991619363094,46.5285150875491,46.5653596483365,46.6022550621381,46.6352695817611,46.6629114146629,46.685073273674,46.7022825988833,46.7152650142616,46.7247353544692,46.731326052856,46.7355848947974,46.737997556258,46.7390084494506,46.7390266407205,46.738413644901,46.7374575827476,46.736343330016,46.735130183431,46.7337467112347,46.7320071329493,46.7296461304535,46.7263616414889,46.7218504182611,46.7158209715101,46.7079739337672,46.6979506266355,46.6852656133098,46.6692569359864,46.6491073306704,46.6240088324596,46.5935552365371,46.5584335456262,46.5214069476295,46.4883739515912,46.4688967048194,46.4750941069033,46.5176296683737,46.5986006776076,46.7041740705921,46.8034119517471,46.8590928449458,46.8475672348751,46.7737174394201,46.6679804211604,46.5678610208455,46.4993270569471,46.4699861736379,46.4735275182099,46.4979982332947,46.5320646084761,46.567714195709,46.6004296161633,46.6282884207102,46.650926735086,46.6687471745766,46.6824297335163,46.6926812142438,46.7001377764644,46.7053502226028,46.7088026425982,46.7109329914362,46.7121384764336,46.712760502523,46.7130538034387,46.7131515153623,46.7130409583191,46.7125627672977,46.7114389776389,46.7093255635907,46.7058749341669,46.7007875899171,46.6938323196707,46.6848219938222,46.673546215206,46.6596804396862,46.6427109929521,46.6219345128123,46.5966064396577,46.566320441658,46.5316826546974,46.4952650237006,46.462622957369,46.4427977847888,46.4472736432812,46.486228759333,46.5619310590897,46.6618894645724,46.757592568127,46.8141155499224,46.8081546420668,46.7422313255103,46.6430940679404,46.5456141644118,46.4754431357675,46.441640014606,46.439776771788,46.4592661055613,46.4893926506338,46.5222219641796,46.5530678935585,46.5797969810404,46.6018825728187,46.6196260718631,46.6336463229684,46.6446011985945,46.6530701775194,46.6595318782931,46.6643857458901,46.6679821377257,46.6706385037268,46.6726319684618,46.6741704324233,46.6753539537614,46.6761434820536,46.6763531827025,46.6756753442091,46.6737351181787,46.6701599543584,46.6646401841234,46.6569565370238,46.6469589541123,46.6344976618239,46.6193287976384,46.6010389880303,46.5790527165801,46.5527996038503,46.5221187847451,46.4879466988026,46.4532367714733,46.4238440098638,46.4087525213459,46.4186553661169,46.4619574362028,46.5384951723085,46.633930615596,46.7202153237373,46.7658897702592,46.7524280572134,46.6852472149879,46.5902685963324,46.4989499558204,46.4335898760666,46.4016649870242,46.3989183162868,46.4157806412503,46.4425912255343,46.472148634652,46.5001605053261,46.5246597508297,46.5451679131278,46.5619806376032,46.5756811968074,46.5868645031923,46.5960165159661,46.6034926615135,46.6095481224491,46.6143835317341,46.6181803500721,46.621111606976,46.6233256352479,46.6249113682015,46.6258611787941,46.6260487837756,46.6252345317122,46.6230998322684,46.6193001554673,46.613516665692,46.6054843665665,46.5949817586022,46.5817827986447,46.565593366836,46.5460172475847,46.5226162077789,46.495139211488,46.4639860442105,46.4309179118041,46.3998942323358,46.3776641433178,46.37340163797,46.3964659142585,46.4518067792254,46.5341763052764,46.6248024390544,46.6952041920392,46.7192584474331,46.6872223172285,46.611393043219,46.5187675634742,46.4367063511868,46.3819257657882,46.3580146627609,46.3594151397009,46.3770707448601,46.4025187093499,46.4296952762206,46.4551066219394,46.4772451703192,46.4958497054673,46.5112868232575,46.5241290098881,46.5349133974473,46.5440372387482,46.5517443800182,46.5581628769924,46.5633610868619,46.567397356901,46.5703474444617,46.5723039720895,46.5733522216085,46.5735342054371,46.5728160752674,46.5710714891898,46.5680863344784,46.5635808384561,46.5572373693547,46.5487197801419,46.5376752421588,46.5237222990005,46.5064473798139,46.4854525373657,46.4605140521819,46.4319151472476,46.4009885995011,46.3708167932484,46.3468528058541,46.3369445101572,46.3499860131355,46.3925403522719,46.4637921974288,46.5512083254262,46.6310059857446,46.6762403768556,46.6697999145271,46.6139004572983,46.5287353624784,46.4413720166637,46.3733021706855,46.3341594153341,46.32275369943,46.3318605280661,46.3529116218089,46.3787948325403,46.404790295763,46.4283828289683,46.4486424087276,46.4655798332985,46.4796433266452,46.4913871100837,46.5012879802637,46.5096718315957,46.5167133428082,46.522477078346,46.5269736527024,46.5302104054163,46.5322228661895,46.5330811108232,46.5328729322241,46.5316719835669,46.5295021610505,46.5263087264694,46.5219425266725,46.5161579383168,46.5086204712507,46.4989189596074,46.4865818262068,46.4711074953097,46.4520343136548,46.4290915266765,46.4024820415465,46.3733346978789,46.3443028254504,46.3201442171769,46.307881663764,46.3158873405548,46.3512202112444,46.4152232519412,46.4990222871178,46.5823991767674,46.6393291146472,46.6494208403217,46.6087120830242,46.5319061601913,46.4442588378345,46.3693264640928,46.3206200643249,46.3003745752766,46.3032365169255,46.3210204652715,46.3460987858457,46.3729157872543,46.3981598647468,46.4202974709318,46.4389558828493,46.4543892097808,46.4670980072994,46.4775958723888,46.4862913310796,46.4934509390937,46.4992139449974,46.5036340124898,46.506728195322,46.5085181235211,46.5090537264583,46.5084156995822,46.5066985844211,46.5039807154884,46.5002894743975,46.4955699471775,46.4896627170803,46.4822934780653,46.4730752820659,46.4615254270486,46.447104612061,46.4292962244168,46.4077565721066,46.3825767643915,46.3546911735279,46.326423257439,46.3020456077993,46.2880265427178,46.2923859779205,46.3224927969638,46.3811053117621,46.4618301841395,46.5470173462137,46.6115779822448,46.6331799305968,46.6036557143072,46.5336202919291,46.4466508209007,46.3674836823471,46.3123453216889,46.2860327975818,46.2846727372102,46.3004416405219,46.3253682743266,46.353284634519,46.3802773845676,46.4043425250752,46.4247914006263,46.4416975338559,46.4554857104446,46.4666688904787,46.4757039392645,46.48293187018,46.4885729384212,46.4927530291759,46.4955429537926,46.4969966221188,46.4971782606631,46.4961732486121,46.4940815793475,46.4909968612003,46.4869764803549,46.482009618088,46.4759892876271,46.4686930799223,46.459776068667,46.4487798157597,46.4351650662606,46.4183833428071,46.3980135336378,46.3739997842848,46.3470264921139,46.3190351293251,46.2937956652505,46.2772646806716,46.2772128853924,46.3014420129411,46.3541965462447,46.431526295332,46.5182207932442,46.5900023858107,46.6225677397355,46.6036194168827,46.539814657862,46.4531872876697,46.3697508791151,46.3084617019559,46.2765930726158,46.2716020605148,46.2858810822736,46.311025435591,46.3402352964015,46.3690296547257,46.3949929838782,46.4171788901432,46.4355218510938,46.4503900268304,46.4622946415376,46.4717265766896,46.4790827009647,46.484649721597,46.4886209862492,46.4911280961115,46.492274105017,46.4921591334971,46.4908929918104,46.4885930352206,46.4853687333248,46.4812968972348,46.4763928096102,46.4705825689165,46.4636811527783,46.4553798519759,46.4452470195183,46.4327488566798,46.4173033139393,46.3983902407647,46.3757523816195,46.3497273161038,46.3217335759084,46.2948664396938,46.2744056645444,46.2677905799582,46.283375181873,46.3273426918309,46.3990154376996,46.4866221842377,46.5673320744664,46.6145330000984,46.6103795026414,46.5558042178671,46.4702656431432,46.3812620163676,46.3115144180731,46.2718413726715,46.2616283883914,46.273576973377,46.2986573917034,46.3291851040902,46.3599182043616,46.3879244518089,46.4119635936029,46.4318333995261,46.4478611466471,46.4605705127564,46.4704929739037,46.478080222153,46.4836800346823,46.487547740455,46.4898737414143,46.4908136548775,46.4905122026311,46.4891157240759,46.4867715139611,46.483615061384,46.4797484357541,46.4752142438792,46.4699696730573,46.4638643786544,46.4566250136173,46.4478490442398,46.4370124082093,46.4235008053999,46.4066837465804,46.3860631909521,46.3615403304923,46.3338431125556,46.3051195321764,46.2795902342294,46.2639339569762,46.2667775810393,46.296481390108,46.3568168597995,46.441641024015,46.5319749261068,46.5998704986866,46.6201466266935,46.5840281989116,46.5046718301248,46.4098429085206,46.32748759951,46.274534091005,46.254338634749,46.2608021329365,46.2842395338617,46.3156320844334,46.3484862776574,46.3789895598429,46.4053957655224,46.4272688567702,46.4448664699142,46.4587281450269,46.4694393839222,46.4775192810627,46.4833848680694,46.4873577255146,46.4896895490161,46.4905914797952,46.490257728256,46.4888782997402,46.4866390999714,46.4837105299698,46.4802277397228,46.4762667644223,46.4718207039094,46.4667790949398,46.4609122015852,46.4538610055525,46.4451343887472,46.4341186712255,46.4201124786959,46.402412358502,46.3804901518137,46.3543156421853,46.3248716700755,46.2948526347838,46.2693849893602,46.2563250644047,46.2653363289455,46.3048309172635,46.3765993348597,46.4700589625451,46.560691277448,46.6172815983555,46.616973837106,46.5588086274142,46.464817616726,46.3674090060286,46.2931372923731,46.2538111127272,46.2475089016497,46.264860375722,46.2951635090449,46.3298508855491,46.3634563346799,46.3931903513096,46.4180787052316,46.4381700012169,46.4539759459395,46.4661383173787,46.475262271765,46.4818543751029,46.4863186646845,46.4889794534603,46.4901111826058,46.4899635839816,46.4887759762069,46.4867786818026,46.4841827657592,46.4811615625692,46.4778285824247,46.4742162229679,46.4702583665614,46.4657778778687,46.4604780568599,46.4539363523389,46.4456003578132,46.4347915565865,46.4207324987544,46.4026283713906,46.3798524333374,46.3522994707283,46.3209643370651,46.2887377872962,46.2612347685814,46.2471385697948,46.2571293046507,46.3003364253497,46.3781655131904,46.4778973484064,46.571524363927,46.6249534296857,46.6155205238694,46.5461208675977,46.4439434744865,46.3445112404492,46.2740389567357,46.2416995238353,46.2426932744187,46.2658218583054,46.2997885237014,46.3362427933455,46.3702557729085,46.3995753576613,46.4236294163564,46.4427148243252,46.4574708159907,46.4685911333283,46.4766967051546,46.4823015738538,46.4858251020509,46.4876208058373,46.4880043351863,46.4872713397197,46.4857017402901,46.4835511954414,46.4810335695511,46.4782998390474,46.4754189080039,46.4723642544956,46.4690075931015,46.4651176326829,46.4603596603518,46.4542913516021,46.4463531030069,46.4358583443912,46.422001461097,46.4039182499512,46.3808545196235,46.3525159329679,46.3196689948344,46.2850023789166,46.2540799775634,46.2358661942573,46.241831183068,46.282414084254,46.3604608127621,46.4639489161611,46.5638961419052,46.6235463438214,46.6173556700488,46.5471277535329,46.4413944734453,46.3381537166391,46.2654176736996,46.2327359306079,46.2346969929287,46.259267650653,46.2945601479473,46.3319663761566,46.3665307050951,46.3960769283901,46.4201266003095,46.4390512261032,46.4535395974198,46.4643179082695,46.4720336812097,46.4772307597659,46.480366102234,46.4818381477568,46.4820097626808,46.4812178405079,46.4797681359001,46.4779186475812,46.4758578726977,46.4736852425095,46.4713998229751,46.4689001649366,46.4659938292186,46.4624108854088,46.4578130946253,46.4517909203032,46.443844977234,46.4333575912939,46.4195739873546,46.4016309974996,46.3786925606502,46.3502701861176,46.3168076853345,46.2805586488889,46.2466230062348,46.2236700526633,46.2233800434271,46.2572979515291,46.3304161546919,46.4333278002045,46.5386504147665,46.6085778978579,46.6137059269514,46.5512803229756,46.4474230702856,46.3409299593501,46.2625076900992,46.2242816363146,46.2222137503769,46.2444958170207,46.2788564882314,46.3161664162721,46.3510453996452,46.3810450115642,46.4055416254149,46.4248452508682,46.4396313607718,46.450638597156,46.4585407831645,46.4639162074635,46.4672611078781,46.4690143752125,46.4695749721543,46.4693039821132,46.4685110645758,46.4674309092693,46.466198741607,46.4648344629434,46.4632423792782,46.4612282195144,46.4585286787462,46.4548430570553,46.4498537820106,46.4432242699256,46.434569373322,46.4234053712114,46.409102331372,46.3908807341461,46.3679148674463,46.3396230716701,46.3062262628108,46.2696105197897,46.2343812416034,46.2086797138976,46.2038534866011,46.2316986805734,46.2984643863588,46.3970710772176,46.5027319061694,46.578826524013,46.5942917211314,46.5422874604039,46.444837935362,46.3390382125966,46.2567023887197,46.2124483374298,46.2044695836464,46.2221619599137,46.2535164989745,46.289145399128,46.3232594729102,46.353052134493,46.3776565524222,46.3972461708434,46.4124337828749,46.4239368299202,46.4324263590773,46.4384834020597,46.442606966005,46.4452368764745,46.4467695516021,46.4475564963917,46.4478850104695,46.447948312478,46.4478170678594,46.4474250295539,46.4465776836607,46.4449852245338,46.4423120293294,46.4382271015302,46.4324366943971,46.4246834599986,46.4147063199036,46.4021705973644,46.3865967123872,46.3673357772793,46.3436594628016,46.3150449238647,46.2817308659593,46.2455688442267,46.2110428459874,46.1860228544653,46.1813731710839,46.2082271830367,46.2722623220029,46.3664763659315,46.4673447352697,46.5405059646939,46.5568282198198,46.5094463167618,46.4181171516622,46.3169680733111,46.2360475208975,46.1900513418874,46.1784064431357,46.1918806786769,46.2193888378751,46.2519416427928,46.2837992942827,46.3120545881581,46.335716567183,46.3548616043329,46.3700360119123,46.3819061163277,46.3910911259597,46.3981106361125,46.4033923148261,46.4073005174068,46.4101598200436,46.4122593370229,46.4138348689566,46.4150358460291,46.4158909817245,46.4162886076731,46.4159837884663,46.4146352624221,46.4118637402921,46.4073131535516,46.4006921081287,46.3917766588322,46.3803678258688,46.3662160089338,46.3489462774297,46.3280398936173,46.302944711888,46.2733941376975,46.2399966342092,46.2050846736967,46.173635406153,46.1537578272662,46.1558510158666,46.1894137573446,46.2573049207357,46.3495442246144,46.4415319501903,46.5014721683382,46.5057697148208,46.4526641825924,46.3631983328889,46.268684345055,46.194889338692,46.1535059525191,46.1431371977459,46.1552427597342,46.1799140146635,46.2091684981484,46.2379056373904,46.2635443529406,46.2852252062874,46.3030544483307,46.3175562339554,46.3293410739528,46.3389428717449,46.3467687601602,46.353113427084,46.3581998271132,46.3622182184675,46.365345815396,46.3677404239799,46.3695123385176,46.3706874019454,46.3711780398628,46.3707767240424,46.3691780803578,46.3660243332788,46.360958194626,46.3536621036171,46.343865982453,46.3313180006931,46.3157322951047,46.2967504518042,46.2739752187987,46.2471495196857,46.2165512961476,46.1836349872013,46.1518390775998,46.1272571700284,46.1185447337138,46.1351719706023,46.1833800543845,46.2605378568607,46.3509729976731,46.4279244000146,46.4638794110126,46.4447390938303,46.3778976348091,46.2877422995703,46.2022934687803,46.1409762685351,46.1102193564171,46.1062512719976,46.1205915514936,46.1445510375041,46.1715136542308,46.1974238826187,46.2203443612214,46.2397445663062,46.2558585633941,46.2692234736519,46.2803993128042,46.2898322693989,46.2978174728922,46.3045217694909,46.3100335110993,46.3144132949977,46.3177275680307,46.3200563383739,46.3214760472669,46.3220270117746,46.3216795285333,46.3203122233651,46.3177106277589,46.31358524374,46.3075999544569,46.2993973396759,46.2886101185782,46.2748585197243,46.2577506052717,46.2369231309945,46.2121788803887,46.1837832607868,46.1529615678153,46.1225609232537,46.0976735645099,46.0857533477244,46.0954947429181,46.1337957857812,46.2009854502293,46.2863514431634,46.3678056740212,46.4187674732686,46.4204787249767,46.372166038455,46.2913824504075,46.2042778764453,46.1332326543328,46.0896364360535,46.0738928376691,46.0796945783907,46.098721066794,46.1236874477239,46.1495363092112,46.1734163824749,46.1941394890115,46.2115542228024,46.2260313319615,46.2381099934289,46.2482902329712,46.2569377032691,46.2642661306482,46.2703668030139,46.2752591548493,46.2789414857638,46.2814268006552,46.2827558812257,46.2829872670885,46.2821703942787,46.2803121239017,46.2773472774364,46.2731206913537,46.2673831311935,46.2597985767095,46.2499586055671,46.2374030019235,46.2216551367982,46.202295068199,46.1791090125448,46.1523629293856,46.1232354073507,46.0943859785321,46.0704986980361,46.0584162709324,46.0662408576725,46.1007728512243,46.1633075578869,46.245348535593,46.3275050395991,46.3846728063882,46.3968428054975,46.3594781722837,46.2859932003022,46.2004057906928,46.1257441937013,46.0757984080477,46.0535232591948,46.0542834640648,46.0703575725005,46.0942920758469,46.1204988769139,46.1455335732501,46.1677101017215,46.1865289541918,46.2021607606359,46.2150660433714,46.2257527416801,46.2346452249798,46.2420341419171,46.2480796982019,46.2528453111463,46.2563425748981,46.2585724933939,46.2595525825623,46.2593247610234,46.2579443523987,46.2554550353509,46.2518572588449,46.2470780253864,46.2409483451653,46.2331922123669,46.2234293720116,46.2111952801302,46.1959868895696,46.1773523831041,46.1550545774018,46.1293450998248,46.1013762114012,46.0737263995005,46.0508957351198,46.0394253279859,46.0470742719163,46.0804662131505,46.1411759728153,46.2216084358718,46.3036450716809,46.3630815634518,46.3796446267224,46.3472728180035,46.2774546804476,46.1930386415605,46.1171663258212,46.0646662108348,46.0397123194882,46.0385225289102,46.0537123060281,46.0777675501241,46.1048346133161,46.1311507421835,46.1547440430354,46.1748963033014,46.1916333265918,46.2053390487349,46.2165022626297,46.2255721224569,46.232892699059,46.2386903645775,46.2430928617244,46.2461632393233,46.2479354513635,46.2484419347618,46.2477272774607,46.2458460706154,46.2428467311928,46.2387458762843,46.2334992877434,46.2269756087891,46.2189382022088,46.2090401317592,46.1968383682256,46.1818373376519,46.1635793350085,46.1418087422098,46.1167431635472,46.0894754369616,46.0624843868997,46.0401208493886,46.0287444349342,46.0359690825874,46.0684337414963,46.1280147802991,46.2077064204081,46.2900229045698,46.3510008502837,46.3699104651011,46.3397103898277,46.270993424473,46.1863444733396,46.1093282387874,46.0555011873677,46.0296387218674,46.0282323689094,46.0438784152627,46.0688850873642,46.0971819603157,46.1248153600136,46.1496685647579,46.1709226168806,46.1885389012687,46.2028669699933,46.2143874019972,46.2235642534083,46.2307755995549,46.2362951274247,46.2403039764055,46.2429172130635,46.2442132680358,46.244257940239,46.2431176876652,46.2408600219924,46.2375417189695,46.2331878924725,46.2277664514689,46.2211630137219,46.2131613259162,46.2034343968058,46.1915529711738,46.1770217984099,46.1593610409192,46.1382592584395,46.1138313686055,46.0870089779632,46.060050910308,46.0370594744768,46.0242024585915,46.029110516509,46.0588265539335,46.1160943269767,46.1950230494408,46.2789050937354,46.3435417554208,46.3667851744504,46.3397056952789,46.271701102038,46.1855119296202,46.1058785920191,46.0496777957425,46.0224840066487,46.0209356459335,46.0373552701374,46.0636488314707,46.0933996971802,46.1224253739462,46.1484859782614,46.1707098231908,46.189044481571,46.2038451264003,46.2156085355319,46.2248229391447,46.231898197854,46.2371467327086,46.2407933806175,46.2429986756683,46.2438846544725,46.2435557530133,46.2421102941678,46.2396407397966,46.2362232690648,46.2318991380031,46.2266514697148,46.2203815925384,46.2128890632773,46.2038597248246,46.1928675162759,46.1793993962204,46.1629195247571,46.1429985313299,46.1195431812233,46.0931620836104,46.0656754876863,46.0406915743821,46.0239975410595,46.0232630048729,46.046367168878,46.0978935172327,46.1744325471115,46.2612313975012,46.3339914541193,46.3677558163382,46.3493131961056,46.2848333878915,46.1966723860444,46.1117093694025,46.0497010598151,46.0182465807883,46.014652797211,46.0309234091158,46.058259316768,46.0895763983567,46.1202317236961,46.147735054915,46.1711132274989,46.1902968148282,46.20566320487,46.2177457201121,46.2270728529844,46.2340955262229,46.2391680745767,46.242558465165,46.2444711837042,46.2450718100422,46.2445062825622,46.2429109254312,46.240411885551,46.237114770805,46.2330868729971,46.2283352467383,46.2227840870288,46.2162545553767,46.208450029952,46.1989506085395,46.1872237123276,46.1726639355536,46.1546853467147,46.1329018093716,46.1074395312083,46.0794161430239,46.0515641094463,46.0288342595484,46.0185644935278,46.0295078549047,46.0689641174223,46.1379725439185,46.2263659619992,46.3116483174373,46.3655151777823,46.3670330338753,46.3145676190938,46.2271857160125,46.1341167202932,46.0604518573962,46.018575311344,46.0081954450822,46.0214934448224,46.0486741667719,46.0814270566846,46.1141390218459,46.143720360163,46.168902409139,46.1895139826022,46.2059330031323,46.2187374122156,46.2285138106224,46.2357716944605,46.2409206255912,46.2442804591114,46.2461051407603,46.2466078381854,46.2459801124495,46.2444014064695,46.2420378985192,46.2390319235233,46.2354846338361,46.2314352223509,46.2268398445404,46.2215525773411,46.2153098816513,46.2077199521889,46.1982601677648,46.1862908454532,46.171102707571,46.152028981624,46.1286682468585,46.1012721956664,46.0713328731751,46.0423195072383,46.0203182384593,46.0140041450959,46.0330530602962,46.0842046446944,46.1653912273046,46.2608577651974,46.3423736782807,46.3798399232855,46.3572131631763,46.2825457331965,46.183575026324,46.0922823340085,46.0303554373555,46.0040734162327,46.0079567338882,46.0315167918719,46.0645417752134,46.0995563357084,46.1321451516062,46.1602783283438,46.1834361153707,46.2018938749385,46.2162503294183,46.2271625466527,46.2352225662663,46.2409187255507,46.2446413345332,46.246706802292,46.2473845214247,46.2469176061166,46.245533231006,46.2434417145435,46.240825996404,46.237824774888,46.2345131637948,46.2308842480192,46.226833554168,46.2221467185198,46.216489358481,46.2093984151792,46.2002772619502,46.1884038950875,46.1729734638259,46.1532130824449,46.1286250761489,46.0994242029744,46.0672108500865,46.0358215327741,46.0120632154899,46.0056520032782,46.027301308849,46.0840677855226,46.1725869398018,46.273886686374,46.3558325412113,46.3864179396018,46.351799750455,46.2654718131062,46.1602956538449,46.0699750000245,46.014346535342,45.996323834488,46.007630414932,46.0364043609557,46.0722821518324,46.108281337579,46.1406400749493,46.1678842359015,46.1898724107459,46.2070954870128,46.2202523339133,46.2300334028379,46.2370352761702,46.2417469799805,46.244569039402,46.2458416182804,46.2458684062448,46.2449297713086,46.2432834843606,46.2411547711495,46.2387197089683,46.2360869203227,46.2332819996808,46.2302372685752,46.2267867890208,46.2226639413689,46.2174974084138,46.2108023117714,46.2019676751682,46.1902503366892,46.1747995434438,46.1547553987503,46.1294849289513,46.0990316041294,46.0648331017344,46.0306609329798,46.0034894168909,45.993579831346,46.0126214791612,46.0688645893904,46.1597498726193,46.2659131202225,46.3533003569992,46.3873201459605,46.3526278774975,46.2633992703098,46.1546727164247,46.0621004987813,46.0061502356121,45.9892167630394,46.0021278883854,46.0323378810763,46.0691791678677,46.1056501532708,46.1381015212327,46.1651937078944,46.186891318178,46.2037523687181,46.2165127253896,46.2258838107132,46.2324797733263,46.23681216491,46.239312278533,46.2403576069801,46.240289877112,46.2394196614461,46.2380180090768,46.2362993740973,46.2344022484781,46.2323740457216,46.2301648699163,46.2276312635666,46.2245468195962,46.2206130223195,46.2154623054219,46.2086473386188,46.1996168487392,46.1876893110673,46.1720517006137,46.1518305352608,46.1263037639454,46.0953354540757,46.0600977040053,46.0240498448154,45.9939066160532,45.9799026063652,45.9941776915726,46.0461006058756,46.1347835204221,46.2424149028855,46.3352767768996,46.3771673896238,46.3497574227549,46.264605575762,46.1559780573165,46.0606071044576,46.000758084985,45.9802455870619,45.9905467447065,46.0191616079399,46.0551865171753,46.0913365344058,46.1237374626042,46.150904655518,46.172723087219,46.1897149970203,46.2026068569208,46.212116111467,46.2188726356045,46.2234106161208,46.2261886230034,46.2276124398908,46.2280471501976,46.2278137727018,46.2271724957943,46.2262993732765,46.2252656989287,46.2240286357473,46.2224380392922,46.2202586378489,46.2172004878537,46.212946018616,46.2071609758752,46.199480448266,46.1894702659635,46.1765779567527,46.1601052457923,46.1392544781211,46.1133213164095,46.0821170353267,46.046684070718,46.0102745086042,45.9793287384134,45.9637808705659,45.9755520989128,46.0240817714372,46.1091065599142,46.2141006270529,46.3068998466764,46.3521445178475,46.3307007479154,46.251803899551,46.1472406888302,46.0525583642505,45.9904773740306,45.9661759598174,45.9724699243542,45.9976787601027,46.0311812403323,46.0656403651797,46.0970016260821,46.123598184842,46.1451806532262,46.1621884088501,46.1753016377964,46.1852110476121,46.1925273498231,46.197767440818,46.2013731357621,46.2037339680084,46.2051978074064,46.2060632101818,46.2065560792045,46.2067998295876,46.2067916002986,46.2063960793407,46.2053631444839,46.2033671048127,46.2000564793003,46.1950971530457,46.1881911430453,46.1790594725622,46.1673904886005,46.152772692774,46.1346515086288,46.1123698642623,46.0853691184611,46.0536303360634,46.0184039198189,45.9831653386109,45.9544894211923,45.9421385566524,45.9572751995849,46.0078674783851,46.0918730758219,46.1918136583204,46.2766945903744,46.3145256179142,46.2897916219332,46.2129672388836,46.1139156443383,46.0248251064433,45.9659461339541,45.941844777784,45.9460822042874,45.9681298897599,45.9982976545453,46.0297838766184,46.0587549088503,46.0835895849301,46.1040120860766,46.12041402592,46.1334210027194,46.1436606809718,46.1516684269291,46.1578739451764,46.162625699895,46.1662222933003,46.168931038454,46.1709846369948,46.1725572044903,46.1737296102938,46.1744591902533,46.1745686135,46.1737626553347,46.1716714278506,46.1679076210198,46.1621176931306,46.1540062848735,46.1433210986858,46.1298013709483,46.1131141914168,46.0928256146791,46.0684735537514,46.03982065998,46.0073550703913,45.9730488517251,45.9412355592694,45.9191903149205,45.9166275822826,45.9431358368687,46.0031274720442,46.0897740500842,46.1820776848555,46.2499518819366,46.2677042715191,46.2282657010738,46.1473074666996,46.053819247144,45.9748990265701,45.9254849618446,45.9072104207283,45.9132572266897,45.9341455900356,45.9615464593905,45.9897465621535,46.0155938871992,46.0378205128382,46.0562956016004,46.0714385451319,46.0838370369888,46.0940392214341,46.1024705143559,46.1094286118948,46.1151182421544,46.1196955825408,46.1233009129339,46.1260677282584,46.1281069288359,46.129474250601,46.1301354323401,46.1299446799389,46.1286471125229,46.1259064594492,46.1213486459094,46.1146043364521,46.1053327662113,46.0932172009318,46.0779385749143,46.0591554501067,46.0365409172264,46.0099440092173,45.9797439947078,45.9474310517708,45.9163442676789,45.8922924358221,45.8834818622774,45.8989290965586,45.9447455391774,46.0188768423354,46.107042781962,46.184155474091,46.2235485562537,46.210262883658,46.149404667212,46.0630250385986,45.9780888887077,45.9145195965441,45.8801054996773,45.8724164412963,45.8838015519583,45.9058421338248,45.9318178548122,45.9574075050751,45.9803956514083,46.0000355413395,46.0164277590301,46.0300500090591,46.0414552767799,46.0511102742175,46.059335940619,46.0663140066287,46.0721286076857,46.0768173255751,46.0804122697306,46.0829594597674,46.0845134674071,46.0851125749427,46.0847456025545,46.0833233357145,46.0806645836648,46.0765004027616,46.0704925338444,46.0622570231508,46.0513843914458,46.037455289799,46.0200650171685,45.9988889276784,45.9738381065597,45.9453606908974,45.9149211350417,45.8856099418448,45.8626697983566,45.8534729710631,45.8662621670928,45.9070842382518,45.975244697966,46.059370149046,46.1376716730971,46.1849570966231,46.1842519527915,46.1358348399168,46.0569610542917,45.9725278373201,45.9036473667999,45.8610870341514,45.8453220149657,45.8504810515101,45.8687007495859,45.8929951965756,45.9184228567747,45.9421182825792,45.9628168004029,45.9802806064033,45.9948143503773,46.0069226889259,46.0171008850355,46.0257301464401,46.0330475681238,46.0391637257227,46.0441047403737,46.0478595003207,46.0504173260191,46.0517870800779,46.051995154293,46.0510658197549,46.0489917457938,46.0457040461334,46.041049808095,46.0347816121702,46.0265599246479,46.0159677726134,46.0025398500781,45.985816171208,45.9654427201341,45.9413543498104,45.9140795637018,45.8851861569505,45.8578154991219,45.8371053127757,45.8300816305247,45.8444155081033,45.8855650337204,45.9526351894866,46.0348360037996,46.1117275957102,46.159535114457,46.1617371513948,46.1176131428298,46.0425678113092,45.960000158262,45.8906685797616,45.8460349987101,45.8276790859851,45.8306509088189,45.8475675200015,45.8715136923597,45.8973627739226,45.9219613072911,45.9437577898419,45.9622835914514,45.9776889998592,45.990400692322,46.0009005136827,46.0096024061182,46.0168010374482,46.022668672288,46.0272806034628,46.0306527544367,46.0327782558299,46.0336534612824,46.0332881463267,46.0316991371239,46.0288905983032,46.0248269079891,46.0194050459045,46.0124329107716,46.0036188452457,45.9925772854706,45.9788574129971,45.9620070493216,45.9416925086302,45.917903612709,45.8912734130179,45.8635184404562,45.8379333924226,45.8197313219988,45.8158184372007,45.8334425568522,45.8773241745288,45.9457052134684,46.0272132328033,46.1015441020683,46.1458907850958,46.145098427742,46.0994667292011,46.0245873049545,45.9433249367266,45.8756859312499,45.8326000815228,45.8154660575352,45.8193986686746,45.8371615515154,45.8619564972115,45.8887039005136,45.9142327313921,45.9369327931906,45.9562611182984,45.9722989216606,45.9854235337914,45.9960948871467,46.0047336447908,46.0116653216309,46.0171084866659,46.0211895932535,46.0239705939368,46.0254784294415,46.0257282956439,46.0247356270368,46.0225149482256,46.0190667915842,46.0143563154366,46.0082887808333,46.0006877011132,45.9912817657914,45.979707473631,45.9655368982161,45.9483449845946,45.9278379173353,45.9040703961032,45.8777769879055,45.8508151538722,45.8266413440115,45.8105961776387,45.8095781440388,45.8305588904697,45.8776119057439,45.9480076541842,46.0293854021358,46.1009684452451,46.1404542696753,46.1341440897149,46.0841022560308,46.0071324458921,45.9262895768673,45.8609158578724,45.8209561041779,45.8069773277631,45.8136181835701,45.833491401761,45.8598455367937,45.8877231859208,45.9140736757716,45.9373718628994,45.9571199277195,45.973414148708,45.9866312572194,45.9972283032515,46.0056303027757,46.0121790061299,46.0171210913423,46.0206194085505,46.0227750434491,46.023651058386,46.0232913479799,46.0217305117809,46.0189931061022,46.0150829518243,46.0099651049458,46.0035444775373,45.9956459981994,45.9860020253852,45.9742542076382,45.9599800340819,45.9427596250177,45.9223054969256,45.8986840640372,45.8726542683341,45.8461195999614,45.8226103781078,45.8075623904247,45.8079553497276,45.8307487437431,45.879793039271,45.9518299344736,46.0337164115756,46.10394989382,46.1400541297856,46.1290515896359,46.0744403396729,45.9944789001425,45.9129854294235,45.8491387587772,45.812089821133,45.8014769203825,45.811235285035,45.8336143944561,45.861780825875,45.8908578162089,45.9179340678514,45.9416186375175,45.9615152045888,45.9777849817415,45.9908410344259,46.0011598591414,46.009179868951,46.0152579255687,46.0196615682381,46.0225808793085,46.0241486488574,46.0244608679312,46.0235921625632,46.0216030137223,46.0185376645926,46.0144134549556,46.0092038123246,46.0028181980563,45.9950830726323,45.9857288083802,45.974389137934,45.960623067211,45.9439749326156,45.9240962362364,45.9009603382106,45.8752001335847,45.8485730516584,45.8244809980789,45.8083193548051,45.8072098602605,45.8285087231905,45.8766752645029,45.9490213745943,46.0325095813525,46.1049557901245,46.1425999279205,46.131354797401,46.0746066479725,45.9916231073752,45.9076527747033,45.8428490695324,45.8064995907023,45.7977446652554,45.809822880496,45.8344189068492,45.8643854772869,45.8947515882612,45.9226451901423,45.9467690166421,45.96682455407,45.9830519891194,45.9959197937653,46.0059409182557,46.0135790280189,46.0192123353391,46.0231309924504,46.0255515252922,46.0266372423678,46.026517316677,46.025299971379,46.0230773892218,46.0199218269038,46.0158739533228,46.0109255648348,46.0049995345345,45.9979302773783,45.9894485757509,45.9791760236467,45.9666375536447,45.9513064262687,45.9327049390068,45.9105941515578,45.8852906623259,45.8581328935269,45.8320566806264,45.8120966407659,45.8053951214504,45.8200606707359,45.8622561670933,45.9316762027598,46.0173101388451,46.0971557775473,46.14496144292,46.1424394484282,46.089527733146,46.0048255261776,45.9156314063087,45.8450895701084,45.8046426702485,45.7941184676871,45.8063536926259,45.8322225933682,45.8638446378761,45.8957782611639,45.9249319507017,45.9499559865593,45.9705837400875,45.987116003357,46.0000819146651,46.0100449877386,46.0175091844038,46.0228865794815,46.0264990839187,46.0285960200885,46.029375947023,46.0290055661344,46.0276316227708,46.0253840438074,46.0223703844157,46.0186630300631,46.0142814484289,46.0091720954253,46.003188509017,45.9960740948553,45.9874508405322,45.976819685222,45.9635836377885,45.9471138078937,45.9268908303394,45.9027658464886,45.8753851453705,45.8467873273592,45.8210736857569,45.8048340344522,45.8067014944652,45.8352046709332,45.894454132405,45.9786911652362,46.0691057064984,46.1374831919605,46.1580344973971,46.1214886794605,46.0410542224357,45.945072006398,45.8621388910564,45.809486983405,45.7903517793954,45.7982834269946,45.8232444528972,45.8559817290412,45.8898957242834,45.9211550001972,45.9480367854489,45.9701420601548,45.9877673264587,46.0014914362208,46.0119419358545,46.0196842705885,46.0251850518537,46.0288148828373,46.0308685370859,46.0315889232185,46.0311869489963,46.0298532096335,46.0277601546634,46.0250554074543,46.021848288937,46.0181922667735,46.0140659855043,46.0093548799366,46.003834544387,45.9971567332586,45.9888400931161,45.9782716650577,45.9647330425646,45.9474774995259,45.9259002979851,45.899858070646,45.870189436783,45.8394367012761,45.8126192714174,45.7976215003126,45.8043796790383,45.8418825408745,45.9126834608156,46.0067645866407,46.0994615377722,46.1585153588501,46.1596690762318,46.1012040287863,46.0055787180345,45.9063757557344,45.8311560557997,45.7920307351195,45.7867779735526,45.8055180576949,45.8371353070132,45.8728444808771,45.9071224888906,45.9372111353121,45.9621986180727,45.9821974771349,45.9977756504981,46.0096242155197,46.0183938848187,46.0246347818062,46.02879169771,46.0312240608668,46.032232180733,46.0320794116441,46.0310051598045,46.0292272901168,46.0269350764581,46.0242755308219,46.0213366717601,46.0181309850972,46.0145811092965,46.0105080513589,46.0056207220723,45.9995052482438,45.991614526709,45.9812640505832,45.9676502617092,45.9499230492384,45.9273630672471,45.8997308181626,45.8678506704529,45.8344332530485,45.8049671774428,45.7881750708769,45.7950851931885,45.8355747112738,45.9120745043458,46.0127003689171,46.1094166688108,46.1669138501494,46.160691483179,46.0923935587579,45.9893138626909,45.8880854543094,45.8160712348433,45.7829884400005,45.7839815191571,45.8075254688416,45.842008521182,45.8788886776389,45.9131621311796,45.9425730474848,45.9665775535515,45.9855109541164,46.0000525195558,46.0109354555271,46.0188189385602,46.0242526827747,46.0276866558114,46.0294968466838,46.0300104970411,46.029522359951,46.0282990433188,46.0265723760548,46.0245253620444,46.0222755948611,46.019860837988,46.0172298651061,46.0142389997781,46.0106518849863,46.0061379385016,46.0002649216949,45.9924842318274,45.982114925411,45.968344839106,45.9502846522964,45.927131741485,45.8985188404299,45.8651205808221,45.8295319918785,45.7972561887213,45.7772844699777,45.7812664195586,45.8200122212166,45.8968811994133,46.0003191883723,46.1014889567546,46.1632784580394,46.1594133308557,46.0909842560484,45.9861747174272,45.8830452255018,45.8098868237041,45.7765346747438,45.7777723745906,45.8016679007448,45.836370723493,45.8732748083606,45.9074114226194,45.9365889271695,45.9603188803211,45.9789719251416,45.9932454443156,46.0038814520494,46.0115467388377,46.0168035060471,46.0201220516157,46.0219058637703,46.0225124616173,46.0222621740525,46.0214334171982,46.020247698286,46.0188505507197,46.0172955437536,46.0155371743299,46.0134350751363,46.0107674253013,46.0072471203671,46.0025317636254,45.99621934367,45.9878265767843,45.9767567941548,45.9622789615435,45.9435584325234,45.919801436848,45.8905928674711,45.8565039669079,45.819986820676,45.7863958121988,45.7646225434162,45.7663430624274,45.802610120922,45.8773064962706,45.9796387599102,46.0815144253596,46.1460929386867,46.1465021192727,46.0824529077509,45.9806481443755,45.8783558208616,45.8040364285787,45.7683170550544,45.7668530345278,45.7883143643108,45.8211150810513,45.8566722257483,45.8899248536006,45.9185638386264,45.9420019726447,45.9605417603647,45.9748392990855,45.9856140221759,45.9935219871436,45.9991225122249,46.0028888599088,46.0052314102927,46.006514825858,46.00706052537,46.0071336510855,46.0069199023968,46.006501539147,46.0058426906669,46.0047914269116,46.0031003689791,46.0004605133447,45.9965367466749,45.99099067065,45.9834786534307,45.9736211884228,45.9609532524278,45.9448832242619,45.9247083849704,45.8997552506196,45.8697260801298,45.8353215457455,45.799137449268,45.7666432402617,45.7466945550607,45.7505820544034,45.788461257434,45.8629397422821,45.9622557711696,46.0587010231148,46.11764172523,46.1151558796921,46.0525004063198,45.9553067763951,45.8581085550722,45.7869905630047,45.7517557115108,45.7485899193059,45.7672143480623,45.7969572653575,45.8297788911942,45.8608389963527,45.887861108749,45.9102133730441,45.9281363542189,45.9422277075956,45.9531528323909,45.9615137158996,45.9678131771897,45.9724669701347,45.9758305720929,45.978219273971,45.9799104503653,45.9811263794819,45.9820042544598,45.9825656627159,45.9826992227222,45.9821664642972,45.9806331336217,45.9777182652021,45.9730450520946,45.9662742321924,45.9571046957991,45.945237711673,45.9303190951895,45.9118951130631,45.8894396022794,45.862527001586,45.8312293807604,45.7967845100036,45.7624781877461,45.7344577268176,45.7218322145064,45.7350680540073,45.7818264568891,45.8607288332633,45.9562216355901,46.0398710239589,46.0812629541675,46.0639762676058,45.9952881296728,45.901579150124,45.813343934808,45.7514139604309,45.7222030723138,45.721101409114,45.7387005266469,45.7656843063829,45.7951533115125,45.8229930851917,45.8473017453505,45.8675987624456,45.8841546431101,45.8975337913547,45.9083315016712,45.9170536419432,45.9240878126399,45.9297238735383,45.9341914124113,45.9376908812322,45.9404045957131,45.9424838818684,45.9440183285913,45.945000301685,45.9453004101839,45.944666316628,45.9427488405989,45.9391484457925,45.9334660001786,45.9253382459801,45.9144433788629,45.9004758475828,45.8831099062356,45.8619947602553,45.8368450534624,45.8077008575025,45.7754163673729,45.742369078016,45.7132226304326,45.6953022982465,45.6978205405485,45.7291094198421,45.7917198630056,45.877125868742,45.9640261347296,46.0242285177789,46.0354416570775,45.9934140320885,45.9142460206299,45.8250395747104,45.750329286516,45.7033867735335,45.6855243017544,45.6904857150022,45.7095818400814,45.7351000364056,45.7616632734389,45.7862347265359,45.8075404302797,45.8254007140349,45.8401858549647,45.8524476262786,45.862707825682,45.8713647545794,45.8786784740866,45.884800811952,45.8898219329902,45.8938116449854,45.8968412575712,45.8989807610859,45.900275151892,45.9007108402024,45.9001861548538,45.8984978969156,45.8953492847426,45.8903758955078,45.88317896413,45.8733533079315,45.8605026411702,45.8442484710496,45.8242580592351,45.8003374727173,45.7726494901506,45.742109100782,45.7109581851214,45.6833940022942,45.6659029353943,45.6666814840878,45.6934281700284,45.7492852024117,45.8281498705901,45.9124808826938,45.9771594648266,45.9997826723715,45.97205913138,45.9042892013957,45.8194858978122,45.7417448460741,45.6868600567682,45.6595631086935,45.6562268821231,45.6694141818786,45.6915260085135,45.7166777217029,45.7411443185667,45.763040521,45.781754080421,45.7974088267422,45.8104585300733,45.8214224709038,45.8307395631704,45.8387104197406,45.8454984222309,45.851164388289,45.8557131760215,45.859134998222,45.8614299290047,45.8626109121811,45.8626874882834,45.8616378994792,45.8593797923207,45.8557487989579,45.850490452148,45.8432660266944,45.8336696097627,45.8212545471459,45.805574002108,45.7862525120202,45.7631202456806,45.7364521333896,45.7073467020402,45.6782322080416,45.6533728247661,45.6390521935848,45.6428902660935,45.6717025802316,45.727797518352,45.8048839314702,45.8863489371742,45.9489107063475,45.9718451761939,45.9471499245303,45.8837364713182,45.802528654788,45.7261886747391,45.670374393178,45.6406709909847,45.6345794256724,45.6455181140363,45.6662855312669,45.691008667418,45.7157510066453,45.7383393873639,45.7578928694614,45.7743335045674,45.787994450213,45.7993491804083,45.8088475067782,45.8168339741488,45.8235247271624,45.8290219759394,45.8333481502954,45.8364846965298,45.8384038553415,45.83908599138,45.8385198589724,45.8366878189745,45.8335415298066,45.8289753295864,45.8228043247853,45.8147528093171,45.8044574534107,45.7914904397838,45.775411805198,45.7558679314001,45.7327622798005,45.7065286496506,45.6785232959907,45.6514989591896,45.630007475157,45.6203955776321,45.6298821986701,45.6642440485024,45.7242106927688,45.801920261957,45.8800974959482,45.9364126160973,45.9525156594773,45.9229866015929,45.8581232657438,45.7785230481114,45.7054236261732,45.6529998741067,45.6259633638142,45.6216234153263,45.6336177744255,45.6550740762791,45.6803775915286,45.7057226528824,45.7289557059788,45.7491462988361,45.7661398049497,45.780197201885,45.7917435806522,45.8012120709776,45.8089607677061,45.8152413587015,45.8202016790707,45.8239076179227,45.826372390604,45.8275836551929,45.8275217398864,45.8261654365971,45.8234851159992,45.8194258432719,45.8138852875189,45.8066923842028,45.7975932486549,45.7862515365429,45.7722723690929,45.7552629854013,45.7349493700847,45.7113737903969,45.6851965525675,45.6581025794451,45.633248769451,45.6155622314767,45.6115234423795,45.6279383126387,45.6693487508663,45.7344421081595,45.8130938106227,45.8866978881484,45.9336490116127,45.9385100031808,45.899667996924,45.8301754534235,45.7511488189694,45.6823918694447,45.6358995277309,45.6145744161007,45.6147613521463,45.6298860959013,45.6532956316262,45.6797326034314,45.705713551711,45.7293065490624,45.7497010030969,45.7667864718335,45.7808240518158,45.79222195698,45.8013984574044,45.8087093419954,45.8144196126263,45.818703403193,45.8216597609523,45.8233346519374,45.8237417828573,45.8228770065312,45.8207233890153,45.8172463935822,45.8123808553422,45.8060132682425,45.7979643501559,45.7879781554142,45.7757257459604,45.7608343609153,45.7429576508235,45.7219082968482,45.6978780503739,45.6717638724331,45.645587299298,45.6229163041784,45.6090600003998,45.610632950969,45.6340028946687,45.6823990554333,45.7523246429024,45.8312257221271,45.899073580389,45.9350780733955,45.9270155303849,45.8774919883856,45.8026639564104,45.7243108763555,45.660701889076,45.6213744994764,45.6070908268915,45.6129560440825,45.6320221683706,45.6578086349009,45.6854522227242,45.7118733144817,45.7354566140155,45.7555997429897,45.7723079169116,45.785893260374,45.796777691652,45.8053774420535,45.8120450777343,45.8170491293941,45.8205764653963,45.8227465452964,45.8236295646201,45.8232626835735,45.8216604432331,45.8188173324686,45.8147022960645,45.8092466780568,45.8023286013447,45.7937581671856,45.7832694218114,45.7705273275962,45.7551616319484,45.7368448545663,45.7154376652104,45.6912278154656,45.6652792200683,45.6398688669034,45.6188987166185,45.6080158498349,45.6139968274217,45.6429057178115,45.6969057418667,45.7706267635793,45.8493558259607,45.9117474346631,45.9376949306792,45.917857868161,45.8586825699913,45.7791784287135,45.701749904396,45.6432572273827,45.6109477529635,45.6035554817475,45.6149784761793,45.6378747064492,45.6659014953088,45.694566247688,45.7211888237214,45.7444824757306,45.764074395694,45.7801095704954,45.7929730698056,45.8031172267852,45.8109664432478,45.8168738915586,45.8211103099814,45.8238708129974,45.8252899234809,45.8254580164102,45.8244345362029,45.8222551286564,45.8189314343427,45.8144437735803,45.8087282858591,45.8016612767608,45.7930447251482,45.7825984838869,45.7699672600123,45.7547546501714,45.7366026349454,45.715341957107,45.6912424922278,45.6653828639596,45.640116448337,45.6195116244416,45.6094742088314,45.6170644720032,45.6484750671476,45.705564313769,45.7819987062929,45.8615633385937,45.9215523421473,45.941643746166,45.9139878993559,45.8476813946046,45.7641392663262,45.6867248253908,45.6316287433746,45.6045138395554,45.6025160462353,45.6184656407699,45.6445785140566,45.6745282312319,45.7040715668523,45.7308383366655,45.753816772378,45.7728384584312,45.7881813330904,45.8003064561234,45.8097035512759,45.8168125107619,45.8219930107855,45.8255220126636,45.8276054173679,45.8283947636477,45.8280029901894,45.8265154965449,45.8239944648485,45.8204758599157,45.8159597646339,45.8103957270207,45.8036656449259,45.7955676006186,45.785805416297,45.7739912079243,45.7596726619347,45.7424036626539,45.7218855534024,45.6982129131062,45.6722522668559,45.646144945214,45.6238274322268,45.6112813208712,45.6159923457158,45.6449856446681,45.7011757411783,45.7789872219616,45.861982212358,45.9259550825186,45.9484410231865,45.9201737457818,45.8505832213189,45.762899683758,45.682497271141,45.6266237950907,45.6007997743261,45.6013074763213,45.6200380502741,45.6485542426734,45.6802370680472,45.7108200239663,45.7380507072488,45.761076914515,45.7798756804787,45.7948346300253,45.8064874570654,45.8153675508289,45.8219401874593,45.8265819202669,45.829585435492,45.8311757419506,45.8315287723943,45.830786917797,45.8290683893381,45.8264690751058,45.8230569463241,45.8188601193748,45.8138503913051,45.8079245010974,45.8008857607086,45.7924295287604,45.7821380179617,45.7694940887173,45.7539308584757,45.7349441967449,45.7123060604369,45.6864202002341,45.6588401001644,45.6328910316948,45.6141672673135,45.6104084496237,45.6300161312131,45.678605613607,45.7540199680002,45.8422685660827,45.9185476916163,45.9560442528726,45.9393894589199,45.8738040234187,45.7825206873426,45.6943186262714,45.6305269829892,45.5992439285849,45.597348040818,45.6160487752567,45.6458488769593,45.6792463233948,45.7114398350424,45.7399433549578,45.7638597769771,45.7832114160586,45.7984587959479,45.8102052761617,45.8190403650545,45.8254723296806,45.8299122264525,45.8326839446862,45.8340443554544,45.8342040127813,45.8333429660153,45.8316190038294,45.8291676275483,45.8260944887074,45.8224619634109,45.8182719547581,45.8134469692911,45.8078112416711,45.8010736770328,45.7928154237777,45.7824880223256,45.7694344519672,45.752955851999,45.7324606521213,45.7077459684522,45.6794609731936,45.6497621621094,45.6230483111735,45.6064162217527,45.6091318064156,45.6401922859272,45.7035107037849,45.7919997824437,45.8845128732464,45.9506480366216,45.9643176771448,45.9186637228062,45.8307889219446,45.7319598521516,45.6511729921408,45.6039205809886,45.5910556288402,45.604342668537,45.6329547041627,45.6676305885792,45.7021516366412,45.7331499249869,45.7592914111277,45.7804451442633,45.7970667757887,45.8098165748489,45.8193569195971,45.8262653937963,45.8310135625713,45.8339781293322,45.8354640649579,45.8357278945194,45.8349948074016,45.8334668508386,45.8313219568268,45.8287052727389,45.8257152643658,45.8223872897682,45.8186768328297,45.8144435671779,45.8094363929793,45.8032793315861,45.7954597079001,45.7853246043655,45.7721003338823,45.7549633566035,45.7332086061833,45.7065769360377,45.6758017345671,45.6433828246654,45.6144407152237,45.5971962547818,45.6022015923448,45.6392289029991,45.7114139891654,45.8085641432895,45.9047452854124,45.9657836672425,45.9661298302886,45.9044893682121,45.8052205539286,45.7038542296842,45.628714703252,45.5913999101489,45.5886230552141,45.6096032931836,45.6427755395931,45.6792944714588,45.7137838135257,45.7436865712619,45.7682650241183,45.7877532168013,45.8027923014215,45.8141129492591,45.822386733183,45.8281770702291,45.8319411625653,45.8340526907527,45.8348277515988,45.8345447109485,45.8334539385157,45.8317770088441,45.8296974470777,45.8273465657798,45.8247882841174,45.8220060097679,45.8188929061826,45.8152446977628,45.8107524251853,45.804992312942,45.7974123143992,45.7873211131299,45.7738963855481,45.7562454082829,45.7335712864521,45.7055160796099,45.6727511271498,45.6378289987862,45.606141638783,45.586487379874,45.5902775758045,45.6281573308344,45.7035806162518,45.8054837761875,45.9057976028148,45.9679979264491,45.9657108370612,45.8992051369651,45.7956928193081,45.6927670074987,45.6189123394021,45.5844907282392,45.5847510406516,45.6079883316329,45.6423707448011,45.6792063558499,45.7134210236628,45.7427402274595,45.7666253013477,45.7854241134167,45.7998290457793,45.8105856349162,45.818365428958,45.8237316158811,45.8271490916936,45.829009446611,45.8296541811522,45.8293879213278,45.8284792321039,45.8271508214535,45.8255637215109,45.8238012432965,45.8218579128006,45.8196362936653,45.81695114847,45.8135368199997,45.8090513525298,45.803071077094,45.7950733024557,45.7844132043609,45.7703144429201,45.7519113326252,45.7284017971319,45.6993885539687,45.6654840066416,45.6291955771451,45.5959320712923,45.5746183662162,45.5769189149349,45.6138076553698,45.6890128374507,45.7915384494801,45.8931249351541,45.9569211584326,45.9562748087453,45.8912763486244,45.7889657605491,45.6867268302812,45.6128974917537,45.5778679024678,45.577081466736,45.5990886893168,45.6322716321649,45.6680666092448,45.7014490525615,45.730143570382,45.7535872479794,45.7720979416012,45.7863410543707,45.7970417300733,45.8048591283151,45.8103528124212,45.8139928585096,45.8161832153007,45.817280623637,45.8176005807173,45.8174088840418,45.8169027547215,45.8161891278666,45.8152687795302,45.8140331451184,45.8122762763772,45.8097185518993,45.8060333570975,45.8008650644463,45.7938280110985,45.7844827605241,45.7722978492717,45.756621866163,45.7367108729757,45.7118771614765,45.6818399713285,45.647349074553,45.611080665715,45.5786130666071,45.5589287800279,45.5634317496882,45.6023095650382,45.6780246367771,45.7784339965636,45.8753078630585,45.9336528835,45.929681549204,45.8653057675001,45.7669410705673,45.6695506645902,45.5991303782567,45.5650776589246,45.5631590368425,45.582836301289,45.6133518967436,45.6466876281585,45.6780625726692,45.7052554215686,45.7276708379424,45.7455689230025,45.7595574063472,45.7703094537905,45.7784366822617,45.7844543254811,45.7887920330962,45.7918186553962,45.7938610518811,45.7952066548933,45.7960881628881,45.7966561557492,45.7969505087713,45.7968828940742,45.7962396745809,45.7947076584351,45.7919164734101,45.7874837405059,45.7810458939949,45.7722606467389,45.7607774076335,45.7461884725183,45.7279944139885,45.7056388609799,45.6786861813774,45.6472207488563,45.6125170972326,45.5779266558265,45.5496973510399,45.5370731995385,45.5506634191321,45.5982072884393,45.6782295574095,45.7748344829079,45.8590941370603,45.9002442256169,45.881960898851,45.8120693069067,45.7175933089277,45.6293663310317,45.568139905184,45.54000466476,45.5400240020634,45.5585901175431,45.5863209335942,45.6163309798415,45.6445453551228,45.6690957836649,45.689519927151,45.706094626498,45.7193868920369,45.7299983009948,45.738448939844,45.745149203429,45.7504180109978,45.7545162463381,45.7576735097471,45.7600955273813,45.7619491969253,45.7633313663356,45.764234145555,45.7645218067783,45.7639310381752,45.7620981329764,45.7586062058932,45.7530366204459,45.7450054279196,45.73417039839,45.7202076087188,45.7027767084359,45.6815173076609,45.6561402530789,45.6266887213329,45.594029831932,45.5605700210394,45.5310268795972,45.5128109890903,45.5152426256134,45.5467445043598,45.6098688655468,45.6959349286545,45.7833478845932,45.8436370329555,45.8544603104803,45.8118227355053,45.7322264421982,45.6430501038185,45.5688376637789,45.5226686159019,45.5056223395829,45.5112849358634,45.5309105012386,45.5567991027092,45.5836127999273,45.6083507187215,45.6297598877411,45.6476671873266,45.6624412306077,45.6746311629929,45.6847609378818,45.6932390191781,45.7003441856763,45.7062537271697,45.7110864191062,45.7149391803493,45.7179040632598,45.7200612116487,45.721452428041,45.7220469227175,45.7217135736195,45.7202115190476,45.7172038011418,45.7122896152055,45.7050432567119,45.6950458610247,45.6819019721059,45.6652471331829,45.6447728322641,45.6203163932473,45.5920774125475,45.5610147157648,45.5294247160016,45.5015715115567,45.4840115106644,45.4849844174083,45.5121529652965,45.5684946764492,45.6476223745163,45.7317125082251,45.7955710121795,45.8170590377963,45.7883852552537,45.7202807939971,45.6358609233268,45.5589871399227,45.5050834718354,45.4785878825113,45.4757467493042,45.4891376554471,45.5112462675491,45.5362819363709,45.5605917661803,45.5823334626929,45.6009138653965,45.6164609140131,45.6294256257187,45.6403234792947,45.6495920034556,45.6575343739879,45.6643205016381,45.6700205045474,45.6746491310916,45.6782041674173,45.6806877143645,45.682106231561,45.6824522900933,45.68167639997,45.679659600937,45.6761961171115,45.670990999248,45.663672348085,45.6538142427127,45.6409675900703,45.6247033662283,45.6046857375815,45.580807998005,45.5534344523171,45.523782045293,45.4944239774876,45.4697766802595,45.4562322273242,45.4613845380766,45.4917823177702,45.5491825282884,45.6265907357031,45.7068938534329,45.7669268084928,45.7868192637904,45.7597585849936,45.6954916381277,45.614987837555,45.5402907682049,45.48625487573,45.4578929223227,45.4524992737649,45.4635626773133,45.4840727434532,45.5083504609686,45.532602177528,45.5547387743164,45.5739180544963,45.5900731864312,45.6035349643199,45.6147698832197,45.6242205881561,45.6322257505273,45.6389967555059,45.6446311864585,45.6491456721212,45.6525132859501,45.6546939797686,45.6556507870904,45.6553494187322,45.6537435587132,45.6507516566261,45.6462325931704,45.6399672237779,45.6316512747033,45.6209038827374,45.6072970206758,45.5904155063182,45.569965247146,45.5459560927485,45.5189877569127,45.4906484244338,45.4639742557475,45.4437929336185,45.436592516726,45.4494076375428,45.4873239827639,45.5498709426667,45.6278436607302,45.7032128108476,45.754179871354,45.7642357726173,45.7302097510673,45.6638072797219,45.585550493103,45.5154743232069,45.4663050539659,45.4417552240807,45.4387804012914,45.4511389421635,45.4722837347563,45.4969307346865,45.5215193668416,45.5440418002188,45.5636357327114,45.5801663418694,45.5938899012306,45.6052175841538,45.614567303285,45.6222835042948,45.6286057522472,45.6336698870987,45.6375281598606,45.6401769242398,45.64158264926,45.6416996475895,45.6404760240121,45.6378476197027,45.633722658846,45.6279619652482,45.6203608956639,45.6106398881482,45.5984515519493,45.5834145406978,45.5651887309023,45.5436118636259,45.5189213617101,45.4920781133661,45.4651764383688,45.4418460984443,45.4274160830746,45.4284464987619,45.4511705159212,45.4986666412577,45.5674270524356,45.6452088117592,45.7126452786417,45.7496654781298,45.7442910512909,45.6985390613131,45.6273307658797,45.5512108391713,45.4878206137832,45.4468408557893,45.4296879198187,45.4322369863065,45.4481441425664,45.4712700650629,45.4968644259755,45.5218171172,45.5444195140144,45.5639673602098,45.5803825093818,45.5939194319417,45.6049638455851,45.6139082365483,45.6210845957261,45.626736979308,45.6310200326028,45.6340125392415,45.6357372408962,45.6361800310729,45.6353035529833,45.6330523833381,45.6293492793331,45.6240841936453,45.6170997401915,45.6081785243419,45.5970395171367,45.5833529888544,45.5667869825292,45.5471029306252,45.5243222298476,45.4989845028722,45.472501573067,45.4475622958235,45.4284447900784,45.4209458420615,45.4315047099594,45.4651499263473,45.5223830801042,45.5961321397866,45.6709723988041,45.7266966734005,45.7459962358923,45.7225022610573,45.6640049719342,45.5885577412332,45.5162059480367,45.4615877056305,45.4308584052297,45.4228404999199,45.4321850809149,45.4524139183733,45.4778381410632,45.5043273190449,45.5293258518955,45.5515272990433,45.57047542056,45.5862195495801,45.599061931344,45.6093918653935,45.6175875057621,45.6239655332535,45.6287625946113,45.6321363832045,45.6341773098752,45.6349239175271,45.6343769261274,45.6325084088608,45.6292642717923,45.6245599527465,45.6182710091262,45.6102220076803,45.6001789841425,45.5878530227793,45.5729256554432,45.5551110721041,45.5342750049277,45.5106329191515,45.4850440906076,45.4593905567624,45.436962851183,45.42265458494,45.4226151109564,45.4429248357248,45.4870548474901,45.5525843509084,45.6287947237925,45.6975227953115,45.7386887279133,45.7388015002716,45.6976039462731,45.6282982725225,45.5511433644331,45.4847965343898,45.4404399506655,45.4206898395042,45.421982427801,45.4379722644058,45.4622043779949,45.4895246608181,45.5164621661868,45.541037064407,45.562362534475,45.5802486735809,45.5948910095094,45.6066563765974,45.6159503131143,45.6231437468275,45.6285393530062,45.6323627356369,45.6347677947721,45.6358487049829,45.6356530717539,45.6341924607731,45.6314479268338,45.6273695702202,45.6218705703793,45.6148176092769,45.6060211833534,45.5952312366698,45.5821462079711,45.5664473901895,45.5478755344096,45.5263717949084,45.5023065965669,45.4768090874485,45.4521711508816,45.4322140862685,45.4223647598357,45.4290317299404,45.4578436831236,45.5106679816347,45.5822633550292,45.6586428290174,45.719588568641,45.7459089623368,45.7283057900712,45.6722619739939,45.5953935779439,45.5191037631306,45.4600806746156,45.426085880345,45.416611551622,45.4261799421356,45.4477837205664,45.4751507847652,45.5036950451961,45.5305759857414,45.5543439635941,45.5744925665573,45.591072429929,45.60441192749,45.6149378347906,45.6230720784953,45.6291802930823,45.633552999551,45.6364057357973,45.6378887664798,45.6380999769399,45.6370966012913,45.634902966108,45.631512733388,45.6268853443937,45.6209375629101,45.6135322600854,45.604468033099,45.5934752220025,45.5802268519213,45.5643774519166,45.5456486061793,45.5239860424541,45.4998143438133,45.4744014275454,45.4502975583931,45.4317108866452,45.4245174659802,45.4354356168086,45.4699048644059,45.5287002415072,45.6044606691542,45.6806289766931,45.7353331445485,45.7500961114702,45.7189942461921,45.6520547316576,45.5702498874931,45.4956570714785,45.4432067670259,45.417871329673,45.4166980484266,45.4327741605649,45.4586499395838,45.4882588936918,45.5175034449041,45.5440653159878,45.5669282038584,45.5858948077811,45.6012106192581,45.6133113660823,45.6226722019599,45.6297285867501,45.634842966413,45.6382983526927,45.6403060088692,45.6410188315124,45.6405449469415,45.6389580287032,45.6363023125655,45.6325914927982,45.6278017463901,45.6218601112041,45.6146304357605,45.6059003416353,45.5953744999638,45.5826826105419,45.5674154054835,45.5492089571706,45.5279052054145,45.50382000866,45.4781376044598,45.4534013072686,45.4339577620034,45.4260246765891,45.4368481789226,45.4724026914648,45.533625195559,45.6125043917074,45.6909125420921,45.7451156136114,45.7557273635912,45.7178215352239,45.6440136697455,45.557957946716,45.4830326565241,45.4337052919656,45.4134036314418,45.4175233772468,45.4380164217526,45.4669500830204,45.4982655451465,45.528127833724,45.5545511993599,45.5768175627097,45.5949535405294,45.6093518847379,45.6205333982284,45.6290150985267,45.6352486545845,45.6396009823135,45.6423576566114,45.6437366382176,45.6439044650688,45.6429900864048,45.6410935502643,45.6382882293485,45.6346164159068,45.6300790224873,45.6246208388749,45.6181134228207,45.6103385024935,45.600976222939,45.589605394492,45.5757279406125,45.5588375693311,45.5385626294071,45.5149212043488,45.4887220707869,45.4621067201744,45.4391227202738,45.4260199595731,45.4307001378161,45.46061452146,45.5188065454236,45.5991562102566,45.6838875125175,45.7471810122322,45.7657857405383,45.7313664469009,45.6557277067816,45.5645144795654,45.4841784055541,45.4314014216912,45.4102038803115,45.4153682797791,45.4378313518918,45.4688152730558,45.5017831655144,45.5327428399533,45.5597454207001,45.5821905541073,45.600232619952,45.6143694309466,45.6251958847914,45.6332762933987,45.6390915508851,45.6430287232376,45.6453917040734,45.6464197079158,45.6463057120091,45.6452103675825,45.6432691584344,45.6405921749556,45.6372570163712,45.6332960940426,45.6286800071329,45.6232987990016,45.6169430530164,45.609287470416,45.5998815874084,45.5881566575016,45.5734654598291,45.5551832203317,45.5329110128523,45.506830609805,45.4782440724879,45.4502595596058,45.4284133184363,45.4207276962598,45.4363971521016,45.4823273975617,45.5577352686529,45.6492374872124,45.731051271165,45.7738821572131,45.7597716385604,45.6930124701509,45.5981076538719,45.5061551585987,45.4402274712257,45.4088450810037,45.4083026456996,45.4289224804607,45.4605148417085,45.4952297620805,45.5281952671782,45.5570049880326,45.5808901186106,45.5999932962157,45.6148663641107,45.6261741278599,45.6345451558916,45.6405134237608,45.6445097753213,45.6468767624368,45.6478909893259,45.6477839229004,45.646756434558,45.6449851459969,45.6426205766206,45.6397783850764,45.636525702917,45.6328646652505,45.6287148328598,45.6238955480208,45.6181089042078,45.6109247490666,45.6017720478062,45.5899472282712,45.5746608556221,45.5551591532964,45.5309734300623,45.502358149112,45.4709533006203,45.4406057091972,45.4180527859986,45.4127995309095,45.4351720526932,45.4917279636926,45.5787237894753,45.6772835259795,45.7560645105584,45.784292753565,45.7490694691659,45.6639091152102,45.5608306727059,45.4724948496693,45.4181087097815,45.4005080925661,45.4116659564753,45.4400243144673,45.4754317825428,45.5110043307509,45.543001136812,45.5699351164465,45.5916477951799,45.6086231942832,45.6215665909927,45.6311846411854,45.6380933707739,45.6427972891097,45.6457024109157,45.6471408762469,45.647394649196,45.6467119345021,45.6453139370768,45.643392302179,45.6410993774714,45.6385343669396,45.6357284393668,45.6326309523969,45.6290974346586,45.6248784014568,45.619607308256,45.6127870286215,45.6037783669035,45.591802471206,45.5759824822336,45.5554680313866,45.5297055597243,45.498926040013,45.4648920090464,45.4318277348648,45.4071869673651,45.4014808027545,45.4259977542637,45.4875246570913,45.5810284507758,45.6846951146275,45.7639108117856,45.7866994640953,45.7424976610754,45.6493901885824,45.5430300680423,45.4566659467518,45.4075225687752,45.3957852117089,45.4115869540304,45.4427111625922,45.4791801735773,45.5146261513441,45.5458331576142,45.5717051350007,45.5923210220549,45.6082816003653,45.6203322105934,45.6291802742517,45.6354297088545,45.6395761887981,45.642027900919,45.6431311988218,45.6431901461788,45.6424752178133,45.6412207823567,45.6396140438103,45.6377799276421,45.6357667841367,45.6335366632313,45.6309615311735,45.6278238092795,45.6238170441948,45.6185415958065,45.611492187777,45.602040093721,45.5894234712971,45.572775304612,45.5512387628939,45.5242402843103,45.4919987170242,45.4563151944382,45.4215599921288,45.3954835220477,45.389020803574,45.4138585021815,45.4768654680086,45.5724971495731,45.6778903235887,45.7574477020507,45.7790884972392,45.7332257668885,45.6392286187478,45.533324531432,45.4483546803019,45.4006923475076,45.3898752215203,45.4058420955504,45.4365215729064,45.4722037211809,45.5067603492411,45.5371317933211,45.5622989066072,45.5823630637508,45.5979177775161,45.6096894495877,45.6183664172342,45.6245402533143,45.6287045340012,45.6312759803531,45.6326171044991,45.6330492798806,45.63285225699,45.6322515936357,45.6313994050356,45.6303558559715,45.6290784552792,45.6274234238539,45.6251588344783,45.6219842069717,45.6175475577716,45.6114503158698,45.6032343670116,45.5923544572762,45.5781533027028,45.5598754006806,45.536776880193,45.5084074262038,45.4751423160549,45.4389968961637,45.4046086994305,45.3799644134078,45.3759964807499,45.4038508469573,45.4691384639228,45.5646666446646,45.6665821296759,45.7401691921787,45.7561642922228,45.7079790625533,45.6159379840086,45.5146577694466,45.4343159238365,45.3894011690702,45.3790182984193,45.3936887743928,45.4222142257626,45.4555871368632,45.488084155031,45.5168102053731,45.5407714913201,45.5600338138357,45.5751374500459,45.5867557960807,45.5955295933264,45.602009311062,45.6066546305683,45.6098561523571,45.6119569870414,45.6132616527013,45.6140279953041,45.6144450646585,45.614605386321,45.6144827240724,45.6139253103577,45.612669626613,45.6103723995885,45.6066509209655,45.6011169664893,45.5933899791568,45.5830821510219,45.5697615146338,45.5529178108703,45.5319774456386,45.5064345229727,45.4761769205028,45.4420720792189,45.4068019697688,45.3757491399809,45.3574004232246,45.3623360063508,45.399785057314,45.4716693508734,45.5665040466034,45.6582856903377,45.7149469830467,45.7143122308817,45.6570584610346,45.5661507553592,45.4732346782848,45.4030116846034,45.3656936492089,45.3588192488541,45.3734427385344,45.3997243810937,45.4299375854467,45.4592245242017,45.4851540563083,45.5069253075556,45.5246474699907,45.5388312701234,45.550085720476,45.5589686274694,45.5659368086916,45.5713520025328,45.5755093978704,45.5786652362742,45.5810488331362,45.5828534257063,45.5842091434455,45.5851486284623,45.58557946815,45.5852762185822,45.5838983952665,45.5810312201163,45.5762364916421,45.5690955686919,45.5592282396299,45.5462814859064,45.5298999406528,45.5097123584073,45.4853911669889,45.4568581172598,45.4247052405514,45.3908524443784,45.3593329710248,45.3368500546277,45.3324127709946,45.3551561992277,45.4098820261535,45.4914535598877,45.5815848867321,45.6525255685547,45.6786902296337,45.6501965379182,45.5784454590675,45.489261370671,45.409214885547,45.3549365730745,45.3304819185076,45.3309376439099,45.3477641258297,45.372764016522,45.3999079743816,45.425589057612,45.4481270021427,45.4670949167375,45.4827406937692,45.4955817313742,45.5061625995524,45.5149374589773,45.5222370157008,45.5282851622567,45.5332366976002,45.5372138325897,45.5403264074283,45.5426692501319,45.5442990716207,45.5452008604151,45.5452577391089,45.5442372027491,45.5418006670743,45.5375343082948,45.5309907675616,45.5217273404816,45.5093297875719,45.4934229141726,45.473688104942,45.4499299227374,45.4222512947668,45.391397004605,45.3592867757757,45.3296512870283,45.3084805542252,45.3037213083889,45.3234914657004,45.3724018116524,45.4468053825415,45.5317126572278,45.6030861815682,45.6369206234006,45.6210280797452,45.5615797594257,45.479431678066,45.3991900325969,45.3388521311216,45.3055366230874,45.2972155547425,45.3070778528806,45.3274575265545,45.352078118667,45.3767629392884,45.399248221015,45.4186575640912,45.4349594830251,45.448538578557,45.4599055454106,45.4695282786846,45.4777550195669,45.4848009025358,45.4907724506617,45.495708057567,45.4996165738608,45.5025014957086,45.50436497555,45.5051930249561,45.5049292647953,45.5034477649301,45.5005349786144,45.4958868660134,45.4891217781017,45.4798052996899,45.4674829420173,45.4517223592735,45.432178797437,45.4087131087015,45.3816041299009,45.3518936794088,45.3218619132808,45.2955265262799,45.2788761026088,45.2793295369216,45.3038362324458,45.3554286180383,45.429186524745,45.5101193286317,45.5759523734077,45.6054913576418,45.5886840479459,45.5317677775723,45.4537502295799,45.3769300148593,45.3179392672645,45.2838674659227,45.2735112618481,45.281043290378,45.2994987157584,45.3229066730672,45.3470854144783,45.3695968699133,45.3893408861242,45.4060880929826,45.4200861331188,45.4317760294007,45.4416117086713,45.4499620422141,45.4570735102286,45.463073723122,45.467998391137,45.4718266582111,45.4745126142197,45.4760046931757,45.4762493787984,45.4751804266778,45.4726986606648,45.4686494729593,45.4628052143537,45.4548583061883,45.4444295304439,45.4310963563014,45.41444986113,45.394196086463,45.3703262688676,45.3433836557711,45.3148393968593,45.2875359911177,45.2660429634304,45.2565980319519,45.2661529038123,45.3001070975609,45.3588845873107,45.4346775472761,45.5108351356476,45.5660793033167,45.5829544813701,45.5561040090605,45.4948782266635,45.4184420312967,45.3469224394158,45.2941814107492,45.2653409050646,45.2584499249517,45.2678366705199,45.2870767164193,45.3107419978867,45.3350240504825,45.3576665496471,45.3776068299853,45.3945713917707,45.4087350112069,45.4204726905248,45.4301977956211,45.4382688056827,45.4449466611673,45.4503871097588,45.4546548337309,45.4577480561595,45.4596242017143,45.4602194911743,45.4594582095388,45.4572505637791,45.4534810663229,45.4479917854073,45.4405663996857,45.4309220264095,45.4187169556804,45.4035846466941,45.3852082659363,45.3634550867161,45.338592924671,45.3116034420026,45.2845752861906,45.2610849821913,45.2463448804096,45.2467452580298,45.2683608101189,45.3142558195331,45.3812118278166,45.4576383314049,45.524990118581,45.5637282691036,45.5616625118734,45.5198017904935,45.4517431968251,45.3770710842781,45.31322197185,45.2703404409898,45.2506007345036,45.2505690111858,45.264341395063,45.285953985584,45.3106421080449,45.3351818821503,45.3577210011353,45.3774227990656,45.3941065354283,45.4079581185991,45.4193252177618,45.4285857140575,45.4360722235921,45.4420366940351,45.4466420849012,45.4499707662944,45.4520412062108,45.4528261139982,45.452266869467,45.4502809985973,45.4467616308353,45.4415701166869,45.4345251233132,45.4253935321603,45.4138905483348,45.3996990201112,45.382521454947,45.362182397699,45.3388018184093,45.3130567149861,45.2865278997179,45.2620763594525,45.2440945366345,45.2383407839348,45.2509605295172,45.286393523752,45.344382713667,45.4172707885197,45.4896630051166,45.5422122927995,45.5589801563442,45.5347092323879,45.4773748633007,45.4042540297178,45.3342264998092,45.2810452887016,45.2505766146616,45.2418565611605,45.2499735546108,45.26886744078,45.2931293886484,45.3187575250546,45.3432123096301,45.3651404271319,45.3840155627493,45.399818678242,45.4127975554438,45.4233044093977,45.4316959531742,45.4382786788081,45.4432849593367,45.4468689781744,45.449114178433,45.4500458393934,45.4496438713216,45.447852315318,45.4445835411807,45.4397168062268,45.4330926478058,45.4245065299546,45.4137073576929,45.4004091541417,45.3843276377948,45.3652575846187,45.3432105637777,45.3186323284896,45.2927070792333,45.2677189995837,45.2473646275273,45.236788833508,45.241990841002,45.2682365546215,45.3174251546757,45.3851388186364,45.4591076259672,45.5211455438892,45.5531823719348,45.5450254603049,45.4992828114992,45.4301076417673,45.3566214519064,45.295299048513,45.2553787235554,45.2384657383976,45.2408983990833,45.2567594241284,45.2801568439548,45.3064026566185,45.3323203145407,45.3560696941217,45.3767984082558,45.3942939681988,45.4087070856455,45.4203580063891,45.4296133475179,45.4368150559193,45.4422449760897,45.4461123588068,45.4485551171801,45.4496481805305,45.4494140766652,45.4478322370657,45.4448447603732,45.4403576633134,45.4342380793962,45.4263094940911,45.4163490397473,45.4040933184784,45.389262438717,45.3716160487025,45.3510595459661,45.327821024397,45.3027142333331,45.2774792003642,45.255134984523,45.2401762333794,45.2383107698611,45.255349346553,45.294997385758,45.3558715689901,45.4290544859268,45.4982941356394,45.5443939605942,45.5528234752797,45.5205632843977,45.4577046232987,45.3826384421857,45.3140853052992,45.2647404263669,45.2391506409254,45.2352683752514,45.247534250495,45.269641590574,45.2962004329755,45.3233556476286,45.3487455822883,45.3711737471884,45.3902301997393,45.405971858082,45.4186913721859,45.4287668920264,45.4365733799983,45.4424362901885,45.4466124746872,45.449287434268,45.4505813332428,45.4505584898136,45.4492366474759,45.4465935704904,45.4425696360774,45.4370662698343,45.4299413915326,45.4210046258846,45.4100170829633,45.3967033092311,45.3807868206639,45.362065368011,45.3405465503461,45.3166648986873,45.2915900106504,45.2675979016297,45.2483976430041,45.2391769140989,45.2459922962291,45.2741129328404,45.3252554320075,45.3944923036592,45.4687107209756,45.5288401375103,45.5564534443822,45.542027040932,45.4898159885726,45.4158892775893,45.340641532985,45.2806930457869,45.2444687145042,45.2323539690684,45.2395847711231,45.2595283272825,45.28598576806,45.3142599938801,45.3413262310146,45.365549744491,45.3862730396989,45.4034395818777,45.4173115430967,45.4282825245241,45.4367653533549,45.4431322720114,45.4476888141238,45.4506678256087,45.4522343718351,45.4524952999749,45.4515092596686,45.4492944102295,45.4458321735234,45.4410664344042,45.4348986758076,45.4271807820112,45.4177088269295,45.4062233666714,45.392424950798,45.3760180565123,45.3568021960197,45.3348337665118,45.3106812260034,45.2857787425924,45.2628323251342,45.2461290230529,45.2414453529426,45.2551119459653,45.2918502950371,45.3515258828065,45.426064540822,45.4989079624932,45.549170935954,45.5600156606595,45.5269331071339,45.4603465589638,45.3805215138938,45.3083356566226,45.2577548232328,45.2333661940286,45.2323245852217,45.2480461198042,45.2734038146721,45.3025433927151,45.3314609541964,45.3578484021834,45.3806565482929,45.3996420724719,45.4150084638868,45.4271608493051,45.436556511269,45.4436238451557,45.4487256302283,45.4521487661058,45.4541083385226,45.4547580568152,45.4542018966071,45.4525036285848,45.4496922246865,45.4457621834007,45.4406687695952,45.4343191321293,45.4265613791575,45.4171751895615,45.4058697993432,45.3922987262408,45.3761058111073,45.357023854811,45.3350532684218,45.3107477074101,45.2856137956523,45.2625717387499,45.2463001825313,45.2431044443098,45.2597869750012,45.3010935347565,45.3659902171038,45.444381940683,45.5171354055235,45.5616738428387,45.5618670869641,45.5165545806768,45.4405423665974,45.3571409596746,45.2875862750983,45.2439334719406,45.228034261468,45.2347785439547,45.2563436134988,45.2853051686289,45.3160939119063,45.3452231507034,45.3709066295166,45.3925157616291,45.4101009911029,45.4240470995125,45.43485609431,45.4430261259168,45.4489939696843,45.4531158076905,45.4556689369181,45.4568631766326,45.4568549230803,45.455759496475,45.4536592015157,45.4506057858654,45.4466169673351,45.441667531095,45.4356762620119,45.4284908200662,45.4198738740057,45.4094958616501,45.3969433109849,45.3817574073156,45.3635255640048,45.3420574944108,45.3176808678035,45.2916765239111,45.2668152567606,45.2478269788432,45.2414185418337,45.2552348725396,45.2951825588421,45.3612258796934,45.4433399501759,45.5209777159892,45.5690364023921,45.569217029154,45.5201289704879,45.43854357782,45.3505638645197,45.2792932057495,45.2369693115307,45.2243833287064,45.2350313995072,45.2600294151451,45.2914345105974,45.3236038111228,45.3532265933419,45.3787762423267,45.3998687142985,45.4167425089935,45.4299078224254,45.4399399405568,45.4473738585274,45.4526618972016,45.4561667095329,45.4581716765014,45.4588975880293,45.4585189851598,45.4571763775387,45.4549824104619,45.4520213562911,45.4483422491417,45.4439466496824,45.4387724808329,45.4326757603327,45.4254126901773,45.4166260015031,45.4058425053199,45.3924944176143,45.3759859103719,45.3558379084393,45.3319543645299,45.3050507484876,45.2772467155235,45.2527128411048,45.2380418033937,45.2417153165101,45.2718642342287,45.331940753823,45.4154476846137,45.5031739495778,45.5673007305706,45.5833098868746,45.5435080426599,45.4620965664515,45.3673298095837,45.2868957967829,45.2369594140428,45.2200363389654,45.2294206928834,45.2551387529894,45.2881279488626,45.3219780311691,45.3529947947094,45.3795379414212,45.4012522906086,45.418457651867,45.4317490830813,45.4417707384342,45.4491075088159,45.4542471184215,45.4575797081582,45.4594141517357,45.4599988015729,45.4595397235809,45.4582128344088,45.4561685382547,45.4535289473809,45.4503787532245,45.4467513369796,45.4426117994725,45.4378383830627,45.4322035808658,45.4253566649109,45.4168112801193,45.4059462490589,45.3920359522515,45.3743391644029,45.3522905708556,45.3258507444626,45.2960610178502,45.265785608945,45.2404550397299,45.2283178682836,45.2393387839153,45.281801243335,45.3565631004353,45.4512627537326,45.5394828868265,45.5894103584916,45.5799596772421,45.5137319429482,45.4159725773393,45.3200481565527,45.2510854198199,45.2184317801902,45.2181091658141,45.23971996703,45.2724341528811,45.3080385881192,45.3415460944646,45.3705795832651,45.3944538522118,45.4133969347877,45.4280267637083,45.439052174305,45.4471289026156,45.4528082863808,45.4565347517867,45.4586645938332,45.4594900381091,45.4592598442749,45.458192245846,45.4564789665034,45.4542810418995,45.4517184319129,45.4488559408241,45.4456877563332,45.4421220846772,45.4379662375123,45.4329117269398,45.4265193255711,45.418206752819,45.4072478942628,45.3928033748321,45.3740182206831,45.3502410607258,45.3214323478934,45.2888150791082,45.2557387454565,45.2285160196401,45.2166160171821,45.2311720344475,45.2807527801465,45.3646005130803,45.4665080320743,45.5554417723566,45.5973629357836,45.5738563113778,45.4940499526778,45.3892713222256,45.2947961088782,45.23334990346,45.2101639932575,45.2179799808565,45.2449242425039,45.2801587442229,45.3161792591203,45.3488346600416,45.3764203461833,45.3986880906327,45.4161011579457,45.4293748905495,45.4392366858171,45.4463254078445,45.4511679913705,45.4541924113032,45.4557526186521,45.4561518615146,45.4556576680099,45.4545062824691,45.4528974722176,45.4509826934057,45.4488505860003,45.4465135461418,45.4438977467536,45.4408368051453,45.4370670405816,45.4322209238247,45.4258160562794,45.4172410223315,45.4057478400026,45.3904743000028,45.3705381024558,45.3452655020072,45.31463042134,45.2799617873361,45.2448808986432,45.2161919502242,45.2040333313453,45.2201470381535,45.2731785105294,45.3614069292205,45.4665985131905,45.5555949708094,45.5937678620237,45.564513533922,45.4800853737992,45.3740109788564,45.2815591397809,45.2238265538751,45.2042258661046,45.2144370713546,45.2423847000263,45.2775381178813,45.3128407711036,45.3445195664603,45.3711144961054,45.3925024675582,45.4091906587274,45.4218934483677,45.4313190178769,45.438085852792,45.4427090304123,45.4456171507389,45.4471763989886,45.4477087350666,45.4474983893505,45.4467861036818,45.4457544473163,45.4445099572011,45.4430684391712,45.4413483203909,45.4391737353143,45.4362849226727,45.4323498657484,45.4269694918185,45.4196706049455,45.4098871243947,45.3969417139587,45.3800565153473,45.3584423516354,45.3315364178226,45.2994677270374,45.2638010122764,45.2284945401543,45.2007424462816,45.1909419904838,45.2106206043345,45.2673774857093,45.3576345202846,45.4613299832186,45.5450034843138,45.5761689023901,45.5417875862863,45.4565907981551,45.3538257305547,45.2663869802459,45.2128711508535,45.1954178854626,45.2057297859753,45.2324217158158,45.2657239230164,45.2991248661071,45.329143787307,45.3544303277874,45.3748698561426,45.3909342608942,45.4032902845022,45.4126004151832,45.4194451971304,45.4243118516705,45.4276116736969,45.4297022897193,45.4309008853035,45.4314824351254,45.4316636613834,45.4315787770772,45.4312562421567,45.4306059123051,45.4294227956676,45.4274078412714,45.4241994855026,45.4194044627414,45.4126150290753,45.4034039643664,45.3912991279113,45.3757554447053,45.3561624969013,45.3319474923925,45.3028498948595,45.2694405954613,45.2339045044101,45.2009509787026,45.1784138909477,45.1766908914038,45.2059406247203,45.2705708950838,45.3626785750952,45.4591133338163,45.5275347285369,45.5415280851822,45.495747623792,45.4091075011243,45.3132584637665,45.2359556321697,45.1909979690646,45.1782513293983,45.1895017227506,45.2145884886071,45.2450711436086,45.275402250848,45.3026460080606,45.3256926073795,45.3444930056777,45.3594991848059,45.3713204768718,45.380546025212,45.3876764863327,45.3931182809802,45.3972058323992,45.4002274621485,45.4024394315424,45.404061084718,45.4052523187672,45.4060816847977,45.4064976621848,45.4063155906676,45.4052279961305,45.4028378015579,45.3987048874108,45.3923901677045,45.3834809804767,45.3715889958279,45.3563269459904,45.3372913301672,45.3141012250238,45.2865625101062,45.255031186281,45.2210176509298,45.1879696481119,45.1619533310016,45.1516209706542,45.1665684753534,45.2133869667835,45.2900056302471,45.3813133104898,45.4607541164362,45.5004025306394,45.4852322057886,45.4216566612022,45.3335054037656,45.2488173619298,45.18742786801,45.1562735227884,45.1519833234486,45.1662983921637,45.1905870285802,45.2181729615641,45.2448721144696,45.2685930789828,45.2886604859946,45.3051985436979,45.318685398045,45.3296783809315,45.3386727796968,45.3460521475146,45.3520937405582,45.356999587776,45.360930285214,45.3640256002972,45.366404026223,45.3681421024039,45.3692420460114,45.3696009338234,45.3689946710077,45.3670849672756,45.363449032425,45.3576228562634,45.3491436331562,45.3375784536683,45.3225364201003,45.3036790753009,45.2807661022167,45.2537932857792,45.2232866907109,45.1907918608041,45.1595101317822,45.1348541818001,45.1244260310443,45.1366881332653,45.1777403095298,45.2465978548985,45.3312336850323,45.4091462363853,45.4549118116644,45.4521399011376,45.4022226459329,45.3233067092787,45.2403919217088,45.1739621721921,45.1339236683338,45.1201218694145,45.1264529458727,45.1451322635783,45.1693942512599,45.1945244292037,45.2178251232666,45.2381279046802,45.2552349613238,45.2694579134777,45.2812964182692,45.291244016758,45.2996924657269,45.3069049915841,45.3130321456382,45.3181476070368,45.3222852978338,45.3254643256582,45.3276948174297,45.328964938472,45.3292157826878,45.3283146322151,45.3260371404077,45.3220653366733,45.3160025222508,45.3074008500834,45.2957957688676,45.2807459810678,45.2618888021481,45.2390368274186,45.2123568437677,45.1826746346656,45.1519206161281,45.1236447132083,45.1033631064666,45.098277007801,45.1157620123115,45.1602689838093,45.2292391264308,45.3101868487905,45.3820444757739,45.4223248138422,45.4173752761983,45.3693248299975,45.2947190102144,45.2159604491204,45.1516449307832,45.1112615296504,45.095374858827,45.0989714096427,45.1151473170846,45.1375971653576,45.1616964484927,45.1846144689228,45.2049656664169,45.2223436965243,45.2369065096469,45.2490670196802,45.2592895751035,45.2679735673286,45.2754023565454,45.2817373750522,45.2870395646889,45.2913025225496,45.2944844240831,45.296529498502,45.2973745063892,45.2969406331559,45.2951154107746,45.2917317381107,45.2865513621452,45.279258751392,45.2694694685552,45.2567568088027,45.2407033668985,45.2209910132764,45.1975518504667,45.1708084142951,45.1420219062445,45.1137235918562,45.0901047983388,45.0770796736833,45.0815667318255,45.1095315106594,45.1627732698346,45.2354900005702,45.3128925889414,45.374272634946,45.4006979376633,45.3837086848333,45.3294495954279,45.2553472468669,45.1817907811036,45.1242717943703,45.0898297123572,45.077936780919,45.0836118269422,45.1005295318686,45.123031417618,45.1469690063029,45.1697660259316,45.1901139843874,45.2075766238011,45.2222373666297,45.2344331876782,45.244574798275,45.2530379684682,45.2601086368975,45.2659663078114,45.2706924447685,45.2742923392719,45.2767206065468,45.277902548683,45.2777463448538,45.2761441980685,45.2729637208148,45.2680334630628,45.2611282840814,45.251961384474,45.24019087078,45.2254506484072,45.207418971379,45.1859427902172,45.1612393310558,45.1341909437882,45.106722004124,45.0821797114164,45.0655220415571,45.062968089827,45.080690356652,45.1223309422739,45.1858157198225,45.2610220415033,45.3305442896174,45.3748646078631,45.380350698586,45.3456322462316,45.282139663515,45.2084821856507,45.1425047930113,45.0956122119157,45.0713554498673,45.06730190638,45.0780383320022,45.0976819656923,45.1213144474122,45.1454715425318,45.1680650264396,45.1880684996048,45.2051683208866,45.2194693513006,45.231279025163,45.2409635578237,45.248861150159,45.2552370485509,45.2602678313918,45.2640447147479,45.266587450284,45.267861803165,45.267795065065,45.2662858339207,45.2632063974577,45.2583983387467,45.251664248997,45.2427606092873,45.2313991312811,45.2172664751362,45.2000756236657,45.1796660531304,45.156172382352,45.130277445076,45.1035459792211,45.0787849370433,45.0602829862358,45.0536534989712,45.0649079035304,45.0984747130308,45.1543557752343,45.2255096932435,45.297395815016,45.3513666228295,45.3715291471825,45.3517873960608,45.2987013977811,45.2282444045115,45.158691387544,45.1040151860947,45.0708283638417,45.0590136704196,45.0643069913937,45.0809969279216,45.1037667152816,45.1285451395322,45.1526511295698,45.1745783006712,45.1936679820338,45.2098016623747,45.2231610667217,45.2340606221895,45.2428402023306,45.2498027882265,45.2551836329433,45.2591404783373,45.2617568266438,45.2630520126974,45.262993142173,45.2615052012727,45.2584770324325,45.2537624949943,45.2471779862804,45.2384995825361,45.2274654443391,45.2137919876185,45.197215797352,45.17757711135,45.1549635192717,45.1299304705109,45.1038004704237,45.0790032074154,45.0593414946929,45.0499538792775,45.0566385519717,45.0842264585872,45.1340299801887,45.2011473602633,45.2732832360833,45.3328994292676,45.3630485517755,45.3545224643804,45.3101531060097,45.2434241854602,45.1723445636938,45.1124745435918,45.0727094676141,45.0548519135957,45.0557132407439,45.0698583644465,45.0917374083494,45.1168329655297,45.142003132623,45.16536095256,45.1859725856864,45.2035404257386,45.2181427079827,45.230045769244,45.2395805378113,45.24706786814,45.2527781470698,45.2569137004864,45.2596055434803,45.2609182730809,45.2608584818974,45.2593832788398,45.2564066278018,45.2518024510085,45.245404901359,45.2370079662154,45.2263687276841,45.2132213231989,45.1973120497021,45.1784699613128,45.1567306444157,45.1325305559045,45.1069788973533,45.0821826379908,45.061535067683,45.0497748326286,45.0525098768033,45.0748759028917,45.1192329939951,45.1824399044219,45.2541322208452,45.31787043347,45.3560534328774,45.3570069177437,45.3203756839292,45.2573259283388,45.1854047794454,45.12139329567,45.0761336642478,45.0531377126017,45.0502043500373,45.0621678204808,45.0832796896418,45.1086276913475,45.1346643030161,45.1591746020888,45.1809959493403,45.1996894521238,45.2152576674974,45.2279361306487,45.2380540810962,45.2459489869303,45.2519189658131,45.2562002623049,45.2589603928386,45.2603003162077,45.2602609179,45.2588304566744,45.2559507114531,45.2515206272772,45.2453974596968,45.2373968874517,45.2272954413545,45.2148410557433,45.1997807528369,45.1819183799311,45.1612192064278,45.1379797141016,45.1130747481739,45.0882707127624,45.0665395638236,45.0522147749934,45.050712403587,45.0674715940565,45.1059046764659,45.1646648851472,45.2354145498482,45.3029715890869,45.3492316338837,45.3600786017416,45.3318112187284,45.2730192827558,45.2005933080423,45.1325044172826,45.0816436918328,45.0533641480689,45.0465346206106,45.0562740068692,45.0766082858914,45.1021935018715,45.1290506682042,45.1546284085357,45.1775413669505,45.1972238570734,45.2136196913557,45.2269486611493,45.237549074134,45.2457806700048,45.2519702815245,45.2563856172373,45.2592264499587,45.260625761251,45.2606557245136,45.2593350035937,45.256635007434,45.2524837445726,45.2467669658575,45.239327526365,45.229965495003,45.2184436864414,45.2045062056648,45.1879214020682,45.1685649888228,45.1465624334938,45.1225079921391,45.0977627451296,45.0747927856182,45.0574277513827,45.0508002853738,45.0606164931546,45.0914372812656,45.1440209246974,45.2125918358008,45.2838294598736,45.3394667802486,45.3627011831058,45.3456465085655,45.2932975313963,45.2212465848553,45.1486620321996,45.0909786625062,45.0559984628767,45.0440911471148,45.050831018484,45.0699943655599,45.0956930954981,45.12339623443,45.1501255656702,45.174220173629,45.1949648502141,45.2122408872276,45.2262579043428,45.2373716819799,45.2459718289548,45.2524191779259,45.2570157553622,45.2599946856371,45.2615213272868,45.2616997961335,45.2605809574744,45.2581692952003,45.2544270929427,45.2492753193466,45.2425916670712,45.2342075128503,45.223907342204,45.2114366780941,45.1965280381609,45.1789589725587,45.1586610767235,45.1359014249649,45.1115519367161,45.0874362556416,45.0666816397506,45.0538931630251,45.0548268765626,45.075158373244,45.1181173491325,45.1814048895502,45.2548725694988,45.3211985371088,45.3609899124293,45.36088587959,45.3201661492835,45.2513589089045,45.1743087083772,45.1077037897799,45.063044948743,45.0432763720298,45.0449942628062,45.0618257328877,45.0871739404565,45.1157126863626,45.1438225988124,45.1694188856163,45.1915516835712,45.2100004575441,45.2249531092944,45.2367854603208,45.2459250532144,45.2527756284642,45.2576812724222,45.2609145937282,45.2626782227805,45.2631125777732,45.2623052925427,45.2602993228867,45.2570978970424,45.2526654185932,45.2469243498667,45.239749150899,45.2309597010797,45.2203185472321,45.2075391584572,45.1923164840463,45.1743965449203,45.1537074899847,45.1305769059164,45.1060508078356,45.0822935600988,45.062965077387,45.0533312851271,45.0597010276945,45.0877344983261,45.1394934614575,45.2100261084421,45.2855507686389,45.3457887082068,45.3712291414925,45.3522720042121,45.2944555335972,45.2158820652953,45.1385890610511,45.0796612761069,45.0468368722081,45.0392556608304,45.0509783757996,45.0746101793691,45.1036441252493,45.1334045999843,45.1610604144013,45.1852208441177,45.2054525181117,45.2218740577105,45.2348700583389,45.2449123854024,45.2524606566742,45.2579148270791,45.2615991954762,45.2637636670571,45.264593081438,45.2642187804362,45.2627287639062,45.2601742234142,45.2565712922604,45.2518977224347,45.2460850354622,45.2390076312296,45.2304715832032,45.2202077383149,45.2078767613183,45.1930984458745,45.1755241542055,45.1549785958275,45.1317012326397,45.1067084967345,45.0822572771825,45.0622925559724,45.05259246129,45.0601236164391,45.0910599027717,45.1473274849989,45.2226970576047,45.3009949157754,45.359438522833,45.3776107613713,45.3477696122576,45.2794449258827,45.1946511416667,45.1171752725901,45.0632219569647,45.0380949941103,45.0384179500791,45.0565726437877,45.0844977516724,45.1157611185034,45.1461316714779,45.1733092826963,45.1963669271228,45.2152130101199,45.2301873420379,45.2417996667757,45.2505802678006,45.2570063582397,45.2614746753365,45.2642996089876,45.2657235311469,45.2659310825789,45.2650624453804,45.2632227098625,45.2604858304975,45.2568926670393,45.2524433885896,45.2470851801075,45.240696855779,45.2330728846332,45.2239108861301,45.2128094862617,45.199288303796,45.1828493295478,45.1631085603857,45.14003500354,45.1143314388557,45.0879577385069,45.0647020365041,45.0505188841767,45.0530983112537,45.0799704860759,45.1347713168926,45.2125315352317,45.2968142048546,45.3625397666324,45.3858767183784,45.3566535558584,45.2846019910323,45.1942616251995,45.1123699107016,45.056769525982,45.0326902353998,45.0356593351382,45.056830778064,45.0873025954026,45.120285139056,45.151541411824,45.1789413578283,45.2017730243598,45.2201343450781,45.2345039054929,45.2454798237315,45.2536416658979,45.2594907079739,45.2634349741439,45.2657968712191,45.2668297752026,45.2667355440655,45.265678444765,45.2637932014243,45.2611863442374,45.2579310554264,45.2540563897297,45.2495321514631,45.2442509422403,45.2380091972112,45.2304898656152,45.22125148994,45.2097327596686,45.1952891497257,45.1772893827659,45.1553124406093,45.1294937938794,45.1010554550276,45.072986449708,45.0506750154826,45.0420096683035,45.0561549966325,45.1002127093044,45.1739001047265,45.2645436725407,45.3469338060776,45.3917681766425,45.3803406850362,45.3158393881421,45.2219750343681,45.1297580637541,45.0627354684591,45.0300410898101,45.0283985037983,45.048293275371,45.079510454929,45.1140953652827,45.1470662348636,45.1759338144494,45.1998784602119,45.2190179613556,45.2338971011664,45.2451845284655,45.2535185570805,45.2594452635373,45.2634073538932,45.2657570840111,45.2667773051624,45.266701655369,45.2657292118852,45.2640316284149,45.261752569432,45.2590004317906,45.2558359979254,45.2522568117569,45.2481797864504,45.2434230872741,45.2376881656372,45.2305437099865,45.2214162531752,45.2095984374285,45.1942965451696,45.1747538896981,45.1505029586682,45.1218065095803,45.0903220868402,45.0599222919251,45.0373706900786,45.032180546679,45.054641162383,45.1112078793657,45.1979898867297,45.2960096271828,45.3739985972349,45.401480344716,45.3659321513044,45.2810603776491,45.1787501169887,45.091313420605,45.037629578587,45.0203793248788,45.0315525479796,45.0596971641224,45.0947774576571,45.1299947843876,45.1616566236645,45.1882961081907,45.2097589232782,45.2265266068383,45.2393009384349,45.2487865463431,45.2555992724393,45.2602444683171,45.2631287222411,45.2645832326617,45.2648866663525,45.2642813257974,45.2629802580014,45.2611654840594,45.2589792121206,45.2565107817598,45.2537821304792,45.250733808007,45.2472122392655,45.2429575788662,45.2375909152642,45.2306008134152,45.2213334328061,45.2089989464675,45.1927206019319,45.1716710627175,45.1453594469479,45.1141388336327,45.0799686183811,45.0473372137923,45.0239673254437,45.0204904400844,45.0479251160727,45.1121855671496,45.2068545353222,45.3088796899825,45.383592619355,45.4006891042273,45.3522025939353,45.2580121368965,45.1536692900532,45.0708734132986,45.0251312398069,45.015640668307,45.0323786417643,45.063451109938,45.0993145131061,45.1339480870588,45.1643469824704,45.189514988715,45.2095618772929,45.225084981655,45.2368136351875,45.2454376943965,45.2515460939395,45.2556225662858,45.2580652865255,45.2592110879597,45.2593538775506,45.2587527541954,45.2576294159413,45.256157326721,45.2544468492399,45.2525309609852,45.2503551589246,45.2477729393153,45.2445454383992,45.2403414393347,45.2347332227574,45.2271859392244,45.2170444701431,45.2035330168564,45.1857992354394,45.1630553529644,45.1348878477964,45.1018096867388,45.0660814917071,45.0326740216048,45.0099243252497,45.0089771184795,45.0408019608652,45.1101811434844,45.208408235245,45.3099468099284,45.3793005513082,45.3882624213818,45.3329141810897,45.2363416464391,45.1344155849608,45.05669256624,45.0160245694671,45.0099591817737,45.0281116141881,45.0590265461119,45.0938275005044,45.1270549986646,45.1560603358616,45.180023961044,45.1991143457095,45.2139244005818,45.2251530132344,45.2334552850376,45.2393925720348,45.2434333007151,45.2459731694524,45.2473559546874,45.2478848750755,45.2478209322647,45.2473697239853,45.2466619596122,45.2457348424194,45.2445211319664,45.2428499990654,45.2404593629222,45.2370145893851,45.232125014653,45.2253495495464,45.2161870307898,45.2040567824585,45.1882900635736,45.1681728047633,45.1431014114722,45.1129285905419,45.0785662931499,45.0428403271039,45.0113993083798,44.9931273981764,44.9990788799282,45.0388417424648,45.1142267060753,45.212818501642,45.3069368193648,45.362929409781,45.3583680958343,45.295535035426,45.1999479296098,45.1051316004046,45.0360795318877,45.0020242612395,44.999161756449,45.0175319421927,45.046810554768,45.0791914069629,45.1099338658493,45.1367654050526,45.1590110954038,45.1768587336038,45.1908647449771,45.2016722261028,45.2098776037093,45.2159876439616,45.2204234927117,45.2235420456564,45.2256554028761,45.2270375441152,45.2279147849719,45.2284432085031,45.2286813478197,45.2285687415695,45.2279197092018,45.2264368447434,45.2237416042069,45.219412343337,45.2130160914072,45.2041216825624,45.1922899629276,45.1770515678271,45.1579027305486,45.1343717227707,45.1062269875372,45.0739004478143,45.0391608118554,45.0059500040768,44.9810455353002,44.9738451704825,44.9942928243119,45.0483046927564,45.1316644508412,45.2260410271137,45.3022206792494,45.3323024600052,45.3047132996625,45.2309666835854,45.1385746012418,45.0560480696474,45.0010701713849,44.9776584432044,44.9802491183316,44.9995871178244,45.0269799062767,45.0561554155265,45.0834325705023,45.1071334815949,45.1268531833145,45.1428604854739,45.1556945812955,45.1659327617672,45.1740814226484,45.1805454739855,45.1856404188509,45.1896200854994,45.1927006275245,45.1950689472953,45.1968716952896,45.1981888659094,45.19900220626,45.1991713741973,45.1984288684404,45.1963984623234,45.19263315538,45.1866607753162,45.1780219246817,45.1662887437963,45.1510649569451,45.131986705229,45.1087663037015,45.0813410306673,45.0501951412538,45.0168951957788,44.9847840174917,44.9595814047795,44.9493444551353,44.9629885208569,45.00674466194,45.079051640456,45.1664650142215,45.2447263894458,45.2874257112119,45.2789126884002,45.2228787609536,45.1399798530468,45.0565015583651,44.9925698332125,44.9567207064735,44.9473443456651,44.9573734877431,44.9786532917998,45.0044678635338,45.0303466392556,45.0538657910514,45.0740774329256,45.0909273501976,45.1048026932074,45.1162324035387,45.1257166033688,45.133650551039,45.1403110104476,45.1458777740452,45.1504678959152,45.1541652860711,45.1570345044049,45.1591149222087,45.1603988732452,45.1608032396798,45.1601463478907,45.1581401654736,45.154402151785,45.1484838772074,45.1399079345564,45.128204043511,45.1129418425666,45.0937718719836,45.0705050925821,45.0432786811459,45.0128600439873,44.9811121730302,44.9515534283475,44.9297687035351,44.9231859569778,44.9395637439704,44.9837681520202,45.053430998191,45.1357676582364,45.2089042435734,45.2494450539661,45.2433564286758,45.1932426222574,45.1166748574865,45.0369531283326,44.9729644791435,44.9338923435365,44.9197258142825,44.9249337497508,44.9423110691838,44.9654680429119,44.9898388460762,45.0127144850776,45.0328378139522,45.049908014795,45.0641555821978,45.0760344074932,45.0860254530361,45.0945298037998,45.101827007301,45.1080768928805,45.1133457278043,45.1176402693132,45.1209367072265,45.1231961291249,45.1243637081044,45.1243543211096,45.1230314267877,45.1201876769049,45.1155346122594,45.1087057260467,45.0992740243515,45.0867843605811,45.070804337297,45.0510061644509,45.0273036588658,45.0000775088231,44.9705157390045,44.9410551073076,44.9158090555328,44.9006993457759,44.9028213530094,44.9285384292552,44.9802158955196,45.0525779268933,45.131012254613,45.1944263844778,45.2230535695822,45.2075857940475,45.1537637022655,45.0791824681116,45.0047263565529,44.9463509285646,44.911324932357,44.8991210748305,44.9046416177572,44.9214340368581,44.9437568966759,44.967432811515,44.9898978699215,45.0098791544078,45.0269838898306,45.0413363015482,45.0533051875992,45.0633212348495,45.0717681976372,45.0789299581746,45.0849772254422,45.0899796620807,45.0939309296632,45.096775979672,45.0984324196768,45.0988010788702,45.0977646273925,45.0951765976035,45.0908457382241,45.0845219690625,45.0758905449332,45.0645812552936,45.0502008299596,45.0324002383807,45.010994145393,44.9861547107784,44.9586989863547,44.9304649304906,44.9047068224617,44.8863224591009,44.881569961757,44.8968381871465,44.9362079378775,44.998210304677,45.0732913616403,45.1442768880474,45.1913211015447,45.199962272829,45.1678628966976,45.1057910501797,45.0322246925279,44.965318420313,44.9169623968005,44.8911331652427,44.8856583252621,44.8952265001322,44.9139547355951,44.9368792350802,44.9604830475078,44.982636690365,45.0022896137484,45.0191196360538,45.0332340095355,45.0449479433105,45.0546357240738,45.0626400771189,45.0692250232503,45.0745596468138,45.078722284211,45.0817161754576,45.083488930335,45.0839496931636,45.0829798800896,45.0804357580928,45.0761436825462,45.0698912251574,45.0614195758686,45.0504246428053,45.036576628088,45.0195709806187,44.9992274254014,44.9756565449812,44.9495102791289,44.9223140370027,44.8968294218913,44.8773046874812,44.8693422067351,44.8790115866376,44.9109151793447,44.9653708518205,45.0357589596476,45.1079335854095,45.1634106063319,45.1860632787523,45.1691766042991,45.1185373020668,45.0495146480299,44.9801641550732,44.9246239083855,44.8898948306466,44.8762786810539,44.879833999593,44.8950353150635,44.9166337671377,44.9405492849493,44.964054680414,44.9855881481058,45.0044419932896,45.020461416648,45.0338049698889,45.0447741999962,45.0537023213799,45.0608878350239,45.0665604536264,45.0708692552978,45.0738851208658,45.0756110098907,45.0759948005676,45.0749406159906,45.0723160081566,45.0679541324848,45.0616520756751,45.0531687485971,45.0422282581875,45.0285375695483,45.0118306829056,44.991955191008,44.9690194632508,44.9436158797655,44.9171196844092,44.8920221833766,44.872179473218,44.8627468902555,44.8694719783204,44.8970561291925,44.9466431591103,45.013231097684,45.0846269157408,45.1436484831888,45.173820468097,45.1662275331902,45.1235691193418,45.0587889974552,44.9892316948787,44.9299995114672,44.8898951936046,44.8709366456644,44.8702892594443,44.8828541701838,44.9033163780578,44.9272778985294,44.9516256584453,44.9744466164324,44.9947566144066,45.0122039795825,45.0268200065384,45.0388350856412,45.0485547537982,45.0562823970358,45.0622754862259,45.066724786683,45.0697485909745,45.0713959865238,45.0716545451624,45.0704589077211,45.0676978204798,45.0632184548603,45.0568284107964,45.0482977303233,45.0373656056072,45.0237593529158,45.0072366642467,44.9876657802493,44.9651606556827,44.9402859107603,44.9143325059222,44.8896290538767,44.8697846601174,44.8596583896046,44.8647561416648,44.8897716476131,44.9362741621732,45.0001953376701,45.0705574698485,45.1311059753731,45.1653586293363,45.163225999192,45.1255472613068,45.0636551364328,44.9942729455395,44.9329648037831,44.8896145717701,44.8673456773172,44.8640740239918,44.8750115024364,44.8948183641948,44.9188933301231,44.94386840809,44.9675973999369,44.9889139883345,45.0073385816615,45.0228209230598,45.0355459058919,45.0458005434854,45.0538895858949,45.0600862043765,45.0646065135944,45.0675995664655,45.0691467851978,45.0692664463941,45.0679200303105,45.06501825477,45.0604256785587,45.0539640484879,45.0454162091147,45.0345345168595,45.0210604172695,45.0047651774735,44.9855253726703,44.9634493235773,44.939069082531,44.9136004840178,44.889241364393,44.8694147346295,44.8587688631728,44.8626519573859,44.8857781047399,44.9300441256393,44.9920509685552,45.0616581634903,45.1232192700229,45.160201273062,45.1616729862704,45.1271955156535,45.0670356913127,44.9975563265475,44.9347019491505,44.8891332003649,44.8647274949999,44.8598788419876,44.8699609982395,44.8895690260385,44.9139279611663,44.9394777964673,44.9639100196733,44.9859410554764,45.0050164464884,45.0210441122124,45.0341904376582,45.0447396085222,45.0530039910804,45.0592713902325,45.0637772156368,45.0666926373154,45.0681224204909,45.068108023615,45.0666328750138,45.063627776977,45.0589753700954,45.0525137255255,45.0440405842084,45.0333216854371,45.0201091683338,45.0041792477458,44.9854019932946,44.9638589613492,44.9400237749107,44.9150107071585,44.8908674813363,44.8708299555172,44.8593650619692,44.8617301961951,44.882755721988,44.9247590149967,44.9850487484231,45.0542596618519,45.1171907270786,45.1570632761418,45.1619868418428,45.1302813038231,45.0713230270184,45.0013296001739,44.9367713307294,44.8891089535154,44.8628950560288,44.8568791762555,44.8664852830358,44.8861715593742,44.9109614732556,44.9371084954195,44.9621665401477,44.9847668981353,45.004311938584,45.0206947952543,45.0340839750936,45.0447747832321,45.0530950237995,45.059349868415,45.0637929871672,45.0666143269266,45.0679378054228,45.0678243080032,45.0662768466417,45.0632458267499,45.0586333228793,45.0522963040757,45.0440500566823,45.0336748032813,45.0209308875296,45.0055910033293,44.9875016487137,44.9666894078765,44.9435283543481,44.9189775679358,44.894873422015,44.874208313474,44.8612393153516,44.8611646957118,44.8790558816861,44.9178806160457,44.9759513009666,45.0449329308164,45.1101365772382,45.1543169444077,45.1641648958023,45.1362710131534,45.0788486007799,45.0080200932457,44.9410650767688,44.8905712435375,44.8619869175902,44.8544888352936,44.8635137812876,44.883300805762,44.9085930758202,44.9354042321243,44.9611249670853,44.9842964835701,45.0042849803632,45.0209807054169,45.0345665239898,45.0453590189707,45.053708601681,45.0599420227375,45.0643330444694,45.0670906945531,45.0683577561732,45.0682145329108,45.0666845650697,45.0637401361375,45.0593063614649,45.0532636202709,45.0454492679274,45.035661135703,45.0236674929457,45.0092310995386,44.9921587336607,44.9723916027644,44.9501544605511,44.926177609501,44.9019878776575,44.8802198331839,44.8648159962302,44.8608715489235,44.8737908485426,44.9074940526126,44.9618238926784,45.0301049221114,45.0986096689153,45.149567421403,45.1675564523587,45.1463684778623,45.0921438122956,45.020596563944,44.9501408626277,44.8951465378203,44.8625679023378,44.852364100998,44.860074907781,44.8796432305983,44.9053949254487,44.9329758219394,44.9595221835055,44.9834322390945,45.004012050802,45.0211429059059,45.0350251055391,45.0460030717263,45.0544567569797,45.0607404429694,45.0651526670797,45.0679252407523,45.0692230794419,45.0691493259149,45.0677521251265,45.0650306928321,45.0609393012535,45.0553887190235,45.0482456822841,45.0393323265022,45.0284293916812,45.0152896778394,44.9996718698559,44.9814093327768,44.9605326882347,44.9374656652956,44.9133038275877,44.8901532396186,44.871435977399,44.8619553540343,44.8673866016904,44.8928273577546,44.9403044654356,45.0058582122777,45.077833438103,45.1384657023462,45.1696271279552,45.1606536311348,45.1136969503427,45.0429012426391,44.9678768716358,44.9057467509536,44.8661553643094,44.8507004327179,44.8553884374619,44.8738495905981,44.8997903093509,44.9282530830631,44.9559281662985,44.9809436676398,45.0024744276729,45.0203606687521,45.0348112031744,45.0462012050049,45.054947955533,45.0614422141417,45.0660157602765,45.0689307279834,45.0703809343825,45.070498774995,45.0693635261366,45.0670083961019,45.0634247342036,45.0585626968008,45.052328575786,45.0445800917791,45.0351224486914,45.0237101169408,45.0100624941737,44.9939060276212,44.9750607945425,44.9535942041841,44.9300636114479,44.9058532268265,44.8835625558412,44.8673060614018,44.8626372342379,44.8756752992445,44.9110592674467,44.9688397454564,45.0414577584069,45.1130647247276,45.1633261636853,45.1754200765935,45.1442372858851,45.0793256773002,45.0003132189387,44.9279674021938,44.8765828271339,44.8512180953736,44.8493901259853,44.864675654401,44.8899414744495,44.9192397271071,44.9484528562066,44.9751761966713,44.9982932585788,45.0175211087709,45.0330448574956,45.0452659154508,45.054647488837,45.0616300982795,45.066592464208,45.0698393777558,45.0716041111447,45.0720573460858,45.0713175628333,45.0694597466027,45.0665205442558,45.0624989491913,45.0573524122302,45.0509891255659,45.043258274366,45.0339415448133,45.0227514908246,45.0093459686034,44.9933731367433,44.9745682520925,44.9529296225879,44.9290006485162,44.9042652205475,44.8816040626033,44.8656373916746,44.8625965982355,44.8792079847784,44.9201634641388,44.9844269448545,45.0619710225008,45.1337901501026,45.1774574020017,45.1769712979707,45.1312555166199,45.0551533615732,44.9719666714576,44.9028756682846,44.8598410248123,44.8446049509135,44.8519617711644,44.8740261890106,44.9033475869862,44.9343583770077,44.9635894293251,44.9892774156002,45.0108154746304,45.0282718016416,45.0420448313374,45.0526473789512,45.0605871717968,45.0663106463268,45.0701844126956,45.0724969462481,45.0734694053926,45.0732687679316,45.0720192141167,45.0698094278249,45.0666946605518,45.0626932683447,45.0577781419527,45.0518641249668,45.0447933225296,45.0363214408963,45.0261104464514,45.0137365484561,44.998728452091,44.9806591155019,44.9593231874932,44.9350359808159,44.9090744694367,44.8842217463957,44.8652426094441,44.8588991669818,44.8728899000743,44.9131234768366,44.9794505088229,45.0615902279801,45.1386838036102,45.1854758468359,45.1838859328872,45.1331032917744,45.0505408592726,44.9626336757962,44.8923616913132,44.8515329284447,44.8404700379493,44.8523493779434,44.8781604274915,44.9099777449165,44.9422462733211,44.97175716279,44.9970700301484,45.0178621726897,45.0344105000073,45.0472469155879,45.0569583189858,45.0640865110714,45.0690892949159,45.0723352686209,45.0741146574437,45.0746555105095,45.074139069703,45.072710905909,45.0704861877314,45.0675486295573,45.0639434802061,45.0596654632049,45.0546429500973,45.0487200032185,45.0416385938583,45.0330248478528,45.0223864058613,45.0091338662771,44.992648499473,44.972430361637,44.948371397166,44.9211953316419,44.893065696934,44.8682468761471,44.8534756705864,44.8573930577732,44.8882134063784,44.9492621813011,45.0336123174333,45.121418128728,45.1843895191891,45.1981461246297,45.1558410800936,45.072766600526,44.9778267887935,44.8985961645598,44.8505915487866,44.8356106604613,44.8464813569069,44.8730779021244,44.906402474701,44.9401998447684,44.9709336706785,44.9970851172447,45.0183771969199,45.0351727485813,45.048086605752,45.0577699332303,45.0648093017719,45.0696931940087,45.0728135821745,45.0744825383499,45.0749522288428,45.074431902658,45.073098724321,45.0711013622663,45.0685565998248,45.0655400856333,45.0620727419112,45.0581043508798,45.0534955935112,45.0479996651655,45.0412451378452,45.0327238569755,45.0217924668116,45.0077047906828,44.9897052750716,44.9672293862122,44.9402681119335,44.9099424100564,44.8792640487179,44.8538808349425,44.842284350568,44.8545862139623,44.8989234473813,44.9755414606997,45.0710713478816,45.158193648783,45.2050476953942,45.1917041376613,45.1225372286565,45.0240244860795,44.9295198735155,44.8631678944451,44.8331599203664,44.834777706233,44.8574156783636,44.8903867284544,44.9257456094353,44.958753475813,44.9872074460784,45.0105220082294,45.0289705840146,45.0431842272811,45.0538694274543,45.0616746729395,45.0671446802321,45.0707199390518,45.0727553985209,45.0735432545783,45.0733317930867,45.0723365775938,45.0707430651664,45.068701590877,45.0663167903086,45.0636339389305,45.0606243740448,45.0571712624404,45.0530558512676,45.0479436316846,45.0413704635636,45.0327317874011,45.0212848367404,45.0061853461916,44.9865967650353,44.9619286822956,44.9322722962213,44.899080680119,44.866045707318,44.8398917829052,44.8304140879587,44.8486853577665,44.9024637051365,44.9893086501667,45.0910147044293,45.1755517307266,45.2101142078681,45.179500264602,45.0960263860488,44.9920978338049,44.9016577332297,44.8450876589129,44.8257981960697,44.8358242223012,44.8634479263639,44.8983468819597,44.9335293150064,44.9652050487398,44.9918698054417,45.0133597302353,45.0301558101149,45.0429606809209,45.0524801261789,45.0593330262774,45.064031645772,45.0669945004267,45.0685693544342,45.0690539264022,45.0687082705734,45.0677570542757,45.0663829254535,45.0647141162142,45.0628102855662,45.0606502438029,45.0581236895281,45.0550268322277,45.0510595412831,45.045820524392,45.0387982214481,45.0293598419122,45.016750369764,45.0001280689985,44.9786824199568,44.9519003688647,44.9200548822606,44.8849577161819,44.8508951862434,44.8253896424119,44.8189952883601,44.8429629471029,44.9039310182992,44.9966978979914,45.0995132702746,45.1782860693437,45.2018445735499,45.1600403086495,45.070404928509,44.9672809793703,44.8827097945744,44.8334945079428,44.8201947663855,44.833678035191,44.8623966805054,44.896784030757,44.9306311649937,44.9607177509164,44.9858691854327,45.0060706794196,45.0218430487942,45.0338744978235,45.0428370848836,45.0493163362683,45.0538011603273,45.0566997504426,45.0583607496267,45.0590881508457,45.059144882076,45.0587449393352,45.0580376451812,45.0570898900753,45.0558726308185,45.0542562677464,45.0520161251077,45.048845080133,45.0443669019682,45.0381427539737,45.0296661049095,45.0183490645229,45.0035163744096,44.9844415576882,44.9604809116307,44.9313786095837,44.8978139008911,44.8622055801654,44.8296255873621,44.808352916682,44.8091677175118,44.8422670019402,44.9113972976601,45.0071304721913,45.104360724818,45.1695112998897,45.1768335628632,45.123580942784,45.0317173892309,44.934581317645,44.8596118672709,44.8190283241229,44.8110145065951,44.8262768272063,44.8542670118338,44.886610461278,44.9180062362714,44.9457695379172,44.9689740020437,44.9876803520753,45.0023988009548,45.0137719095872,45.0224166494083,45.0288655431191,45.0335614740652,45.0368751081154,45.0391247857181,45.040587022161,45.0414926994071,45.0420101823094,45.0422215590026,45.0421010481354,45.0415044447676,45.0401750627868,45.037765790904,45.0338704722021,45.0280533308075,45.0198650289275,45.0088398211483,44.9944806825172,44.9762574146224,44.9536642507269,44.9264033788678,44.8947681203424,44.8602714942648,44.8264629056219,44.7996497848528,44.7888870982667,44.8042768216696,44.8528053729155,44.9323165303983,45.0268199467958,45.1082417579367,45.1473422431918,45.1290306451933,45.0611728525166,44.9696608215804,44.8839117421919,44.8238597736354,44.7956057027048,44.7947236130521,44.8121825967326,44.8389902413431,44.8684156917487,44.8963668451244,44.920873697101,44.94135644019,44.9579990350159,44.9713161456989,44.9818964263588,44.9902751675396,44.9968905110839,45.002086835097,45.0061380975328,45.0092715815686,45.0116795401493,45.0135134953109,45.0148632148633,45.0157284853115,45.0159951117413,45.0154258618849,45.0136722219502,45.0103052571183,45.004856317999,44.996854142608,44.9858469505605,44.971407890144,44.9531392103412,44.9307121304634,44.9040001431296,44.8733732562943,44.8402006477659,44.8075282178493,44.7807180717823,44.7675516923521,44.7770198913205,44.8160959627507,44.8847424786595,44.9713982409466,45.0530107054539,45.1026179243044,45.1021436629391,45.0522428723283,44.9716722559296,44.8867835545468,44.8191965530996,44.7792201216175,44.7664680557386,44.7743489696894,44.7946431368845,44.8203232468101,44.8465714919613,44.8706816867659,44.8915145724988,44.9089064921708,44.9231973387225,44.9349112356038,44.9445692504934,44.9525999723678,44.9593155813311,44.9649262087306,44.9695703569731,44.9733440130241,44.9763167357083,44.978529720947,44.979977924014,44.9805842075518,44.9801764786522,44.9784778019721,44.9751147565566,44.9696426087437,44.9615801512901,44.9504455683564,44.9357898936807,44.9172372032868,44.8945586838297,44.8678256517016,44.8376937037052,44.8058477955412,44.7755585897134,44.7521366489189,44.7428320303244,44.7555322767701,44.7957647957408,44.8624058654236,44.9441427449036,45.0200146094206,45.0661940547506,45.0667913254212,45.0220392714211,44.9479093713203,44.8675568374069,44.8008846187156,44.7584422469672,44.7412712407335,44.7443481285016,44.760527622974,44.7832372367567,44.8076566105969,44.8308463286562,44.8513788326206,44.8688456225682,44.8834216084295,44.8955434895214,44.9057005898888,44.9143169391149,44.9217006390571,44.9280388067442,44.9334191446649,44.9378618134435,44.9413484368301,44.9438393356057,44.9452753562563,44.9455660795356,44.9445704931571,44.9420782503368,44.9377989675137,44.9313642642974,44.9223441065593,44.910277801163,44.8947228661508,44.8753329287448,44.8519873306214,44.8250047977061,44.7954698934455,44.7656649394219,44.7395076958257,44.7227337307787,44.7223723659337,44.7450017145381,44.7936187249361,44.8639602304587,44.9424641722763,45.0085324372925,45.041855489394,45.0316288208625,44.9818655213151,44.9090732282167,44.8340873725254,44.773609391702,44.735894222754,44.721194439321,44.7248208513455,44.7404101550877,44.7621227474891,44.7856135052546,44.8081534442211,44.8283391632542,44.845689273531,44.8602769699943,44.8724493598057,44.8826360343907,44.8912322586478,44.8985392028876,44.9047451798519,44.9099338602477,44.9141070752928,44.9172114891779,44.9191607100186,44.9198475114374,44.9191444734086,44.9168948822234,44.9128984627558,44.9068980509896,44.8985738108935,44.8875518496638,44.8734353026935,44.8558692304271,44.834656014396,44.8099429094247,44.7825012108765,44.7540942400479,44.7278707759916,44.7086070124162,44.70246849336,44.7158632534132,44.7531051727494,44.8132310910047,44.8873844358548,44.9590028767546,45.0083874280953,45.0205338777509,44.9920375117358,44.9325779685387,44.8600246227269,44.7925761494097,44.7426306729447,44.7148014709223,44.7074246195691,44.7154727570894,44.7331480748297,44.7554466356455,44.778755915725,44.8008420317699,44.8205650647894,44.8375369486303,44.851822606082,44.8637147680592,44.8735800776306,44.8817632883106,44.8885353733955,44.8940732930153,44.8984611645646,44.9017040254694,44.9037465612862,44.9044905586452,44.9038067029943,44.9015386608166,44.8974999325748,44.8914664474672,44.8831701358346,44.8723008676227,44.8585265607622,44.8415443551281,44.8211793962311,44.7975502903213,44.7713169000235,44.744007404743,44.7183734763222,44.6986325725798,44.6903324467403,44.6994770110675,44.7306313583419,44.7841695146495,44.8536804864725,44.9253695540974,44.9811150468239,45.0049451286182,44.9899300617046,44.9413170352409,44.8738621433606,44.8052189374257,44.7494677951241,44.7138341405312,44.6989628760932,44.7012262230743,44.7153076816836,44.7360549053377,44.7594000029668,44.7825795831522,44.8039764163382,44.8228267513514,44.8389286457119,44.8524058356385,44.8635371839688,44.872643263709,44.880017058222,44.8858867910245,44.8904012352767,44.8936298492429,44.8955714755189,44.8961664055209,44.8953077061003,44.8928490739042,44.8886082064489,44.8823667267781,44.8738700214687,44.8628329655662,44.8489605107241,44.8319955482448,44.8118099144781,44.7885562192871,44.7628942132233,44.7362877767769,44.7113257968226,44.6919420405828,44.6833021045432,44.6910406225491,44.7195905723514,44.7697127447953,44.8360577551277,44.9063446999023,44.963721477021,44.9923846982807,44.9840958163219,44.9418463387506,44.8783368577169,44.8103210138095,44.7523127735571,44.7127864230146,44.6937399922397,44.6925233692818,44.7042857384659,44.7239242862002,44.7471771184722,44.7709930616019,44.7934673529518,44.8135934907025,44.8309848871889,44.8456368769398,44.8577488572827,44.8676024918184,44.8754841749609,44.8816397204801,44.8862514566728,44.8894302790056,44.8912170117429,44.8915886919961,44.8904663911553,44.8877222143231,44.8831843695526,44.8766407913396,44.8678438064751,44.8565208091053,44.8423989175614,44.8252550316257,44.8050060221925,44.7818552220331,44.7565069886395,44.7304436614642,44.7062185619962,44.6876463926891,44.6796756526748,44.6876538306837,44.7157544455476,44.7646707049206,44.8293370039284,44.8981240531183,44.9549584111806,44.984505659763,44.9783364832833,44.9386296479521,44.8770917068447,44.809824652731,44.7512825574848,44.7103560527297,44.6896317782146,44.6869537862595,44.6977499901493,44.7169887273503,44.7403408391867,44.7646234528078,44.7877883099929,44.8087017660909,44.8268769787459,44.8422369174685,44.854933674918,44.8652229411496,44.8733828286313,44.879665033201,44.8842682820825,44.8873265254865,44.8889063960193,44.8890099461833,44.8875797671537,44.8845045553035,44.879624258599,44.8727352795869,44.8635979707202,44.8519509409056,44.8375395558816,44.8201693268378,44.7997979822705,44.7766810801821,44.7515810962997,44.7260320745397,44.7026117145486,44.6851031064278,44.6783377715878,44.6874473169165,44.7163171559943,44.7653659055881,44.8293990144511,44.8969177564903,44.9522391003673,44.980518339365,44.9736700867085,44.9339101950212,44.8727132877582,44.8058685283364,44.747619197856,44.706812592924,44.686111923502,44.6834708717052,44.6943967700956,44.7138861046983,44.737595279033,44.7623035080528,44.7859180115706,44.8072643225942,44.8258229441889,44.8414932949404,44.8544124390379,44.8648286141274,44.8730191454073,44.8792407012908,44.8837016773586,44.8865490593368,44.8878643277288,44.8876645976742,44.8859063715116,44.8824902579323,44.8772660153706,44.870038507434,44.8605767814935,44.8486306347694,44.8339617810477,44.8163999233958,44.7959369617738,44.772873316644,44.748024928858,44.7229810177575,44.7003620632453,44.6839584998585,44.6785432619393,44.6890939813692,44.7192366924098,44.7690595830946,44.8330612245522,44.8995961169119,44.953107313472,44.979153570323,44.9701928003847,44.9289099420506,44.8670104045214,44.8002472213486,44.7426510720223,44.7028069840354,44.6831575825287,44.6815121143831,44.6933035686784,44.7135024761327,44.7377665821914,44.7628890146816,44.7867949096852,44.8083273453222,44.8269820831875,44.8426709838028,44.8555409996484,44.8658484006972,44.8738775520387,44.879891975169,44.8841073112645,44.8866784479472,44.8876953752473,44.8871840525117,44.88510981028,44.881381807087,44.8758580438945,44.8683516158764,44.8586404347427,44.8464847381995,44.8316593935485,44.8140111459485,44.7935538244449,44.7706151506498,44.7460431251754,44.7214610484708,44.6995190149688,44.684020283543,44.6797141079505,44.6914922869154,44.722809696487,44.7734956727274,44.8377449141582,44.903663594485,44.9556358614607,44.9794465767014,44.9680403903894,44.9246856045748,44.8615443190895,44.7945450069027,44.7376018878343,44.6989995743667,44.6808383221987,44.6806471623051,44.6936832662106,44.7148400029924,44.7397685148472,44.7652952263787,44.789394741635,44.8109609107694,44.8295339608062,44.8450611278723,44.8577156417195,44.8677723155601,44.8755282058488,44.881255585892,44.8851765892258,44.8874516602939,44.8881763444483,44.887382726277,44.8850431044456,44.8810744997561,44.8753435641779,44.8676726036221,44.8578489375477,44.8456418623121,44.8308341594822,44.8132782659137,44.7929901920178,44.7702951070411,44.7460331167151,44.7218150794633,44.7002770017272,44.685211199607,44.6813633544403,44.6936270192023,44.7254483984597,44.7766059183995,44.8411672973142,44.9070352285796,44.9583840817624,44.9809169316889,44.9677437115157,44.9225421899766,44.8579715759539,44.7903269949285,44.7336197618761,44.6959708775021,44.6791727408297,44.6804368844643,44.6947816184836,44.7169678407753,44.7426063936601,44.7685446219397,44.7928090485247,44.8143544168203,44.8327778249802,44.8480733728033,44.8604496645616,44.870206400003,44.877657168782,44.8830848871245,44.8867187887819,44.8887248800236,44.8892042859109,44.8881957601291,44.885679943802,44.8815839758268,44.8757860143788,44.8681203402279,44.8583851755638,44.8463573520828,44.8318206303721,44.8146177424983,44.7947394950812,44.7724657366312,44.7485686940693,44.7245720073241,44.7030188321025,44.6876316584056,44.6831525928886,44.6945832680435,44.7256072175854,44.7763185361802,44.8410390444141,44.9076813421959,44.9600866345965,44.9833946031514,44.9702329347958,44.9241838226261,44.8582596203677,44.7893334422127,44.7318967030671,44.6942551920768,44.6780954858807,44.6803642868513,44.6957994408456,44.7189535235243,44.7453259303128,44.7717343495182,44.7962282079232,44.8178103594738,44.8361319236857,44.8512359764077,44.8633704012444,44.8728638101555,44.8800498163842,44.8852248766197,44.8886278767423,44.8904329537974,44.890749755926,44.8896272929537,44.88705889473,44.8829868241001,44.8773060283229,44.8698675720329,44.8604836790956,44.8489382228625,44.8350091241288,44.8185124821654,44.799381966814,44.777799555994,44.7543915299055,44.7304898321806,44.7084229703799,44.6917319704496,44.6851072776729,44.6937511953734,44.7218929815359,44.7704813400638,44.8347431261575,44.9030882936409,44.9590219077539,44.9864781350776,44.9765367526469,44.9317005812995,44.8648941044454,44.7937800178477,44.7339432482005,44.6945212902299,44.6775291129815,44.6798168470749,44.695816790832,44.7197578335968,44.7468991997593,44.7739250648827,44.7988384490577,44.8206508580919,44.8390488356689,44.8541184307861,44.8661474704646,44.8754971829417,44.88252603188,44.8875491362147,44.8908202356736,44.8925269599351,44.8927931818083,44.8916843703112,44.8892133191444,44.8853446869037,44.8799976990874,44.8730473437973,44.8643256447059,44.8536263319401,44.8407186854074,44.8253796691389,44.8074575851914,44.7869843835071,44.7643546523366,44.7405810722431,44.7176081824831,44.698605211121,44.6880574879182,44.6913578749984,44.7135545110149,44.7571110661359,44.819147844396,44.8895538132961,44.9519178571236,44.9883764952569,44.9869348985966,44.9472611112893,44.8810965715832,44.8068959337795,44.7421934594704,44.6980586928285,44.677673423801,44.6781856310057,44.6937504925165,44.7181066446256,44.7460561693207,44.7739623000144,44.7996500601616,44.8220605977538,44.8408756250941,44.8562084758003,44.8683850083082,44.8778039525125,44.8848563169158,44.889884381251,44.8931652095393,44.894908158881,44.8952594101076,44.8943090128507,44.8920975812974,44.8886209156202,44.8838317288637,44.8776385459235,44.869902902426,44.8604374185861,44.8490094193208,44.8353578135678,44.8192351232968,44.8004915547827,44.7792221696531,44.7559970540068,44.7321786902047,44.7102857243643,44.6942720846325,44.689455556647,44.7017053285184,44.7355370185443,44.7912002901968,44.8617897533696,44.9324453719713,44.9836881057252,44.9988072364685,44.9717861081365,44.9106408099359,44.8336772705412,44.7611971999307,44.7079307100781,44.6798405242138,44.675313627569,44.688477897787,44.7123979757589,44.741075417658,44.7702232682131,44.7972440689227,44.8208555983422,44.8406532478672,44.8567431358542,44.8694816936888,44.8793112832345,44.886667184098,44.8919319265673,44.8954184187418,44.8973690464182,44.8979623955981,44.8973223211228,44.8955260878896,44.8926096320682,44.8885689429198,44.8833573778417,44.8768795711822,44.8689836654554,44.8594551307909,44.8480177948315,44.8343513003992,44.8181393339979,44.7991692445909,44.7775088864686,44.7537846204051,44.7295629793721,44.707777936465,44.693026308961,44.6913821546284,44.7092434678563,44.75084173951,44.8147171167398,44.8907345911056,44.9603246801177,45.0019657804196,45.000564704963,44.9553835955114,44.8808324231829,44.7993498673966,44.7313847466092,44.6886308468498,44.6729895869023,44.6796026880563,44.7009041084426,44.7296356821612,44.7602954966124,44.7893966087825,44.8151199687599,44.8367963689903,44.854441010644,44.868414029793,44.879204232838,44.8873068072315,44.8931636885808,44.8971417941847,44.8995319773681,44.9005576877233,44.9003865513957,44.8991408047903,44.8969042405939,44.8937244687494,44.8896101295275,44.8845233950884,44.878368802913,44.8709803663355,44.8621103065996,44.8514251127299,44.8385185630577,44.8229573683038,44.8043830770841,44.7827016466612,44.7583929466344,44.7329518288352,44.709405708927,44.6927132813156,44.6896353968264,44.7074796824806,44.7512294686305,44.8193742950288,44.9003589950298,44.9729854323825,45.0132051889917,45.0053609591355,44.9509722359502,44.8683585571423,44.7831560414404,44.7166669729393,44.6792158717409,44.6703894831504,44.6833204174372,44.7093166142993,44.7408370594288,44.7726247389036,44.801648251403,44.8265474904782,44.847019880439,44.8633329127579,44.8759990491547,44.8855859303974,44.892620347503,44.8975499234281,44.9007367743233,44.9024665655352,44.9029629048195,44.9024012294862,44.9009189622831,44.8986203556811,44.895575525128,44.8918139152858,44.8873129727143,44.8819832251165,44.8756514797167,44.8680447995392,44.8587798643436,44.847366062423,44.8332370491351,44.8158349621666,44.7947827130957,44.7701872358248,44.7431063050989,44.7161567867636,44.6941054215523,44.6840414110648,44.6944475432999,44.7324323222964,44.7990657571081,44.8845418143218,44.9670113466574,45.0188527226913,45.0195238082982,44.9673323495769,44.8809671276162,44.7892309838057,44.7169237236816,44.6762926752547,44.6669990721363,44.6812088208134,44.7091191550031,44.7424151002468,44.7754822230443,44.8052320811964,44.8304001771674,44.8508246655941,44.8669016186745,44.8792391637798,44.8884671394829,44.8951490727521,44.8997538130601,44.9026579505704,44.9041612361476,44.9045047128096,44.9038859445587,44.9024685917227,44.9003853776021,44.897734647157,44.8945714279047,44.8908942434821,44.8866289795955,44.8816110421045,44.8755672482233,44.8680999754593,44.8586789527213,44.8466518075162,44.8312940639415,44.8119327184204,44.7881918124228,44.7604136859966,44.7302831523754,44.7015836605239,44.6807967981969,44.676915511814,44.6995417271968,44.7545615807357,44.8381212608299,44.9322911744848,45.0076582409801,45.0353490664534,45.0029336141428,44.9224657394663,44.8235950273591,44.7372947486421,44.6825340211153,44.662983609694,44.6717052611565,44.6979212109182,44.7318163975767,44.7665172021666,44.7981377941662,44.8250145674389,44.8468430252404,44.8640101931131,44.8771695904976,44.8870092413181,44.8941462970203,44.8990944453636,44.9022679302285,44.9040002333184,44.9045649988313,44.904192689592,44.9030800898881,44.9013920744409,44.8992565501535,44.8967543288139,44.8939059335757,44.8906570159271,44.8868633333547,44.8822755013931,44.8765236416047,44.8691035231404,44.8593699916084,44.8465516271983,44.8298135473342,44.8084124159546,44.7820041894958,44.7511667380119,44.7181553846871,44.6877681833461,44.6679062151813,44.6689977326454,44.7011880208601,44.7687526105213,44.8633249305589,44.9607399489213,45.0272958367435,45.0358112483799,44.9818817800069,44.8871059070187,44.7861132017865,44.7082136200147,44.6667877474535,44.6600459413364,44.6779795967313,44.7091742415315,44.7446020518045,44.7786087040727,44.8083894603921,44.8330306175567,44.8526606446776,44.8678693960123,44.879372805922,44.8878493054248,44.8938791476964,44.8979376721768,44.9004118757637,44.9016225913249,44.9018428027662,44.9013077987313,44.900216272421,44.8987237881489,44.8969314474807,44.894873047369,44.8925034766391,44.8896896824954,44.8862036931954,44.8817156658299,44.8757847640491,44.8678480499575,44.8572137297434,44.8430760979031,44.8245857824091,44.8010287439836,44.7721839682067,44.7389245621819,44.7040622908554,44.6732528646076,44.6554297770482,44.6617872035116,44.7021726949478,44.7786799512533,44.8789024161714,44.9745533947737,45.0308287554098,45.0243725100105,44.9577110015609,44.8578811659299,44.7602178255655,44.6906848965704,44.6583206283227,44.6584281954134,44.6800956437262,44.7123539500105,44.7471096743994,44.7795819929118,44.807574961227,44.8305190609555,44.8486960947637,44.86273602145,44.8733393097471,44.8811495259488,44.8867127347326,44.8904801955577,44.8928273358731,44.8940733154127,44.8944929921755,44.8943183361727,44.8937302355286,44.892844416851,44.8916966345265,44.8902320745445,44.8883020341112,44.8856678286304,44.8820085197016,44.8769268190308,44.8699479037443,44.8605102352393,44.8479568016663,44.8315499192297,44.8105521094702,44.7844361140849,44.7532986656154,44.718531648219,44.6837068416109,44.6553980734868,44.6432748481144,44.6584044580727,44.7088074332101,44.7927425775058,44.8931801015961,44.9793868223137,45.0191302904982,44.9962205668654,44.9205060607227,44.8217106468883,44.7323664972788,44.673213034629,44.649150397723,44.6538416107202,44.6767000534054,44.7079095376767,44.7405281223022,44.7705881987305,44.7963502443446,44.8174454179577,44.8342081752333,44.8472493186033,44.8572222823385,44.8647178156992,44.8702334668494,44.874180275466,44.8769020984796,44.8786923702256,44.8798001739136,44.8804234112773,44.8806918852045,44.8806467788981,44.8802245233772,44.8792518199442,44.87745475626,44.8744795844977,44.8699176871891,44.8633247798754,44.8542265056238,44.8421105401069,44.8264193811596,44.8065771255882,44.7821047899658,44.7528950772046,44.7197131630359,44.6849341657022,44.6533731113596,44.6327697156013,44.6331100418861,44.663796937064,44.7283469963831,44.8183496748524,44.911138176466,44.9759626928899,44.9882874254371,44.9436214794134,44.8600851994502,44.7675616522719,44.6923234823564,44.6476952419416,44.6339370492886,44.643553411978,44.6669885485862,44.6961322210961,44.7255273103164,44.7521900926618,44.7749152427748,44.7935657878041,44.8085362582906,44.8204104514749,44.8297738872422,44.8371314172618,44.8428884240633,44.8473645016081,44.8508171918499,44.8534604661402,44.8554693112712,44.8569685144735,44.858010032693,44.8585479206097,44.8584213047472,44.8573535869744,44.8549704127185,44.8508317906283,44.8444679353229,44.8354069389237,44.8231875192378,44.8073626120101,44.7875183453692,44.7633545304468,44.734890257466,44.7028579490293,44.6693065864692,44.6383127258044,44.6164637905308,44.6124641751652,44.6350317576373,44.6886683324761,44.768385111093,44.8566914974879,44.9270322117069,44.9546767806076,44.9295325241633,44.8617181987952,44.7755094918893,44.6965808459553,44.6416378607265,44.6154538216853,44.6139431174729,44.6291488231369,44.6531207838811,44.6798155767607,44.7054715917527,44.7282146948706,44.7474487977351,44.763307926794,44.7762579357958,44.7868457868608,44.7955645524153,44.802799230549,44.8088233849391,44.8138222312076,44.8179227620622,44.8212165962572,44.823767219564,44.8256000544295,44.8266802698638,44.8268877929731,44.8260001502392,44.823691026427,44.8195466847826,44.8130959557241,44.8038455074885,44.7913135385235,44.7750636370601,44.7547559792924,44.7302519765,44.7018233960629,44.6705137910234,44.6386555271668,44.6104293528549,44.5921469361154,44.5916882859938,44.6164369426707,44.6695097768867,44.7453885800458,44.827791532725,44.8930507429207,44.9194651590585,44.8979676871034,44.8368213306486,44.7568568262066,44.6809807800027,44.6251445201599,44.595132751144,44.5885551336647,44.5988978729855,44.6190167246139,44.6430889104559,44.6672147285712,44.6892415269054,44.7082962268541,44.724303509375,44.7376014094166,44.7486757419763,44.7579983376069,44.7659448996815,44.7727691345763,44.7786127135735,44.7835333591248,44.7875361647925,44.7905969365046,44.7926711908076,44.7936879803959,44.7935328101004,44.792027244491,44.7889134910533,44.7838503006303,44.7764231407237,44.7661688907418,44.752615712555,44.7353440615818,44.7140850469284,44.6888843961226,44.6603660416723,44.6301136973816,44.6011292078931,44.5782005912385,44.5678254558983,44.5771738350194,44.6116630966559,44.6713645204655,44.7477274148488,44.8232621876954,44.8763122622278,44.8899343848906,44.8600280358726,44.7972155496644,44.7211984322245,44.6517039152211,44.6016456026925,44.57521273767,44.5698902017518,44.5798599435017,44.5988368277515,44.6216534344625,44.6447675001447,44.6661397093181,44.684862825326,44.7007649068477,44.714081402965,44.7252186007822,44.7346001704278,44.7425798836296,44.7494035308215,44.7552049976619,44.7600232061973,44.7638281508058,44.7665461758239,44.7680773917523,44.7683016632401,44.7670734047572,44.764208734398,44.7594707272289,44.7525594043813,44.7431131823331,44.730728882417,44.7150093744001,44.6956522675108,44.6725988038043,44.6462648867478,44.6178662746644,44.5898113601034,44.5660492213216,44.5521233065252,44.5545379438206,44.5790376935395,44.6277606412456,44.69610390521,44.7712133206025,44.8342474322928,44.8668637174698,44.8591670366039,44.8143252142357,44.7467613431111,44.6752806925924,44.6156391934106,44.5763888402611,44.5588047540872,44.5593032349917,44.5723105570369,44.59235941397,44.6151397611213,44.6377555685646,44.6585525662629,44.6767942917255,44.6923390812825,44.7053788842785,44.716251207993,44.725315372709,44.732879306634,44.7391639227342,44.7442940809329,44.7483067116822,44.751167826535,44.7527913206801,44.7530540785437,44.7518040501714,44.7488605171672,44.7440084033472,44.7369909352972,44.7275071671052,44.7152230973915,44.6998077642457,44.6810090336529,44.6587870020389,44.6335228804809,44.6063108211819,44.5793074121925,44.5560443869427,44.5415002147987,44.5416082204368,44.5618577040597,44.6049001069036,44.6677434126066,44.7400219673766,44.80522428077,44.8456937883314,44.8496882652868,44.8166141334805,44.7571059221577,44.6879767809905,44.6253554241505,44.5797839786566,44.5549053937006,44.5489606138094,44.5573340726433,44.574767796027,44.5966974334154,44.6197733469596,44.6418625096828,44.6618129393067,44.6791625104064,44.6938801153209,44.7061674417609,44.7163206164202,44.7246408421242,44.7313819600782,44.7367246545073,44.7407690720413,44.7435391498393,44.744993018818,44.7450348248232,44.7435245028735,44.7402836048251,44.7350972298506,44.7277143798603,44.7178516206397,44.7052078123718,44.6895009332817,44.6705414460953,44.6483591567464,44.6233990823779,44.5967902902998,44.5706600501439,44.5484029438769,44.5347192022529,44.5351387255867,44.5547372450474,44.5959784339666,44.6561923456511,44.7259736378737,44.7901434332288,44.832066424287,44.8399885761655,44.8120912116385,44.7571672488028,44.6905392575712,44.6278487349649,44.5801462490538,44.5521017745549,44.5429696755636,44.5488207119917,44.5646948209018,44.586026442815,44.609294947162,44.6321327896505,44.6531556712134,44.6717032006501,44.6875909482125,44.700912679567,44.7118981080823,44.7208178900973,44.7279245122431,44.7334189179908,44.7374349183541,44.740035334336,44.7412151790833,44.7409081944051,44.7389939995962,44.7353042327968,44.7296275212643,44.7217149932204,44.711290394835,44.698071732743,44.6818146503886,44.6623910198513,44.6399181222644,44.6149511245108,44.588738361796,44.563506304715,44.5426803472823,44.5308605994948,44.5332914673977,44.5545760522127,44.5966225753236,44.6563510512973,44.7243657688946,44.7860533569354,44.8257212553984,44.8324673523893,44.8047704532017,44.7510501660653,44.6858850461672,44.6242569569219,44.5769284506974,44.5486573526784,44.5389881068393,44.54429562071,44.5598284692892,44.5811097127707,44.6046125330058,44.6279076064977,44.6495265281593,44.6687240357163,44.6852415550865,44.6991144582817,44.7105313232643,44.7197385885497,44.7269799230604,44.7324603448393,44.7363272517874,44.7386625897677,44.7394819542695,44.7387375668668,44.7363230185348,44.7320786717773,44.7257978622643,44.7172356891554,44.7061243391973,44.6922015921924,44.6752622600132,44.6552452032239,44.6323696190086,44.6073300492582,44.581543983491,44.5574107871109,44.5384794509972,44.5293414974039,44.535002367742,44.5595269942929,44.6040210344198,44.6645443655945,44.7311494143462,44.7893445952885,44.8243379017958,44.8265893835971,44.7957960576756,44.740937960429,44.6763883802949,44.6164471053722,44.5711346734542,44.5446905823954,44.5364339778922,44.5427327338448,44.558933352987,44.580675270774,44.6045228755745,44.628101597119,44.6499664758173,44.6693745414977,44.6860578981214,44.7000381434688,44.7114904164236,44.72065094917,44.7277578790473,44.7330156420623,44.7365753304631,44.7385254873778,44.7388894654552,44.7376267046246,44.7346362782406,44.7297620451892,44.7227999362672,44.7135094691512,44.7016336524178,44.6869340307745,44.6692505186698,44.6485980764307,44.6253122796116,44.6002496097446,44.5750296338189,44.5522674727056,44.5356819190115,44.5298885785231,44.5396438143135,44.5683848977746,44.6162197615907,44.6780609024951,44.7431090731919,44.7968203314878,44.8253895691024,44.8210221000647,44.785194281679,44.7279586004272,44.6637413185177,44.6060976320241,44.5640076918842,44.5408165353354,44.535300295048,44.5436259503746,44.5611675503753,44.5836985881922,44.6079388551468,44.6316471509,44.6534760380889,44.6727459971169,44.6892261267744,44.7029568676093,44.7141209816165,44.7229561938942,44.7296994056007,44.7345531164942,44.7376667566689,44.7391276983637,44.7389583752956,44.7371171865734,44.7335018809938,44.7279551223021,44.720273133374,44.710219883848,44.6975513427748,44.6820568567537,44.6636274139597,44.6423624194871,44.6187253771003,44.5937503174357,44.5692784769486,44.5481615882387,44.5343027776042,44.532335923946,44.5467233874918,44.5801753110975,44.6316509269246,44.6947496139369,44.7577103508089,44.8059577849372,44.8268571917845,44.8146586073618,44.7729231638795,44.712972526139,44.6493144703026,44.5946363898271,44.5566720825088,44.5376623743441,44.5356822934746,44.5466120464384,44.5658323263458,44.5892740576608,44.6138581596304,44.6375282239747,44.6590815445332,44.6779406245544,44.6939405328142,44.7071607029607,44.7178042376269,44.7261170924857,44.7323370104955,44.7366631514109,44.7392394808058,44.740147020826,44.7394016833969,44.7369556396534,44.7327012038685,44.7264772377978,44.7180793151008,44.707276498515,44.6938396817674,44.6775889778782,44.658470158294,44.6366714356855,44.6127892985243,44.5880409507783,44.5644944813267,44.5452399309619,44.5343567279153,44.5364699395114,44.5556928887284,44.5939255753866,44.6488872285078,44.7128076130138,44.7729927028937,44.8149717002176,44.8274864848092,44.8070227249716,44.7593208786073,44.6969447888029,44.6343706709914,44.5832786111853,44.5500364225775,44.5357010578203,44.537607261821,44.5513413615118,44.5723051277324,44.5966132227149,44.6214182138613,44.6448779334526,44.6659597412462,44.6842081166235,44.6995385802468,44.7120791209715,44.7220586382881,44.729733530646,44.7353421702551,44.739078495648,44.7410781549328,44.7414126328286,44.740088357554,44.7370489825,44.7321800585123,44.7253163660148,44.7162534620019,44.704766682786,44.6906430184571,44.6737338310391,44.6540387638628,44.6318319115306,44.6078373466138,44.5834472355569,44.5609450620473,44.5436435219434,44.5357767557284,44.5419316694654,44.5658364531334,44.6085473145081,44.6665339929321,44.7307008030469,44.7875354201796,44.8228339467657,44.8268564089165,44.7983681078573,44.7452081390334,44.6810225908696,44.6200983741421,44.5730119895941,44.544740669607,44.535180278751,44.5409650764667,44.5574249589021,44.5800112067447,44.6050421953375,44.6299162447013,44.6530157549478,44.6734858207397,44.6909983835495,44.705552951819,44.7173278801052,44.7265782454772,44.7335702038776,44.7385414072835,44.7416789665885,44.7431087318963,44.7428916240479,44.741024254971,44.73744223447,44.7320255756107,44.7246066913478,44.7149828197228,44.7029364875628,44.6882698976269,44.6708617471644,44.6507572805763,44.6283026360199,44.6043293225031,44.5803782447382,44.5589178017495,44.5434526031602,44.5383469954266,44.5481403099975,44.5761917203999,44.6227655134146,44.6831755970236,44.7471303187173,44.8004363471995,44.8292494336014,44.8253391777659,44.7896197615963,44.731819611291,44.6664685902905,44.6075544570003,44.5645497158311,44.5411160264774,44.5360855530728,44.5454727512618,44.5644006008737,44.5883916478944,44.6139721160414,44.6387819520612,44.6614216561264,44.6812080019211,44.697935548386,44.7116840850844,44.7226794724532,44.7312007339874,44.7375221091806,44.7418794627911,44.7444527317215,44.7453584605383,44.7446484071299,44.7423116502609,44.7382787542461,44.7324275529561,44.724591219407,44.7145706871402,44.7021553505033,44.6871583638645,44.6694756057347,44.6491797170584,44.626660665454,44.6028182258552,44.5792933512296,44.5586868715668,44.5446510003097,44.5416630970792,44.5542481328329,44.585499384329,44.6350643384077,44.6973188717485,44.7609713321679,44.8112391850609,44.8345642027917,44.8239883486121,44.7822530112903,44.7206924635067,44.6545753455354,44.5976101314779,44.5583018382517,44.5391695124082,44.538125996751,44.5506534431398,44.5717016103558,44.5968620461436,44.6228493086425,44.6475213003447,44.6696755639081,44.6887843856372,44.7047535759305,44.7177356897484,44.7279994222151,44.7358451621005,44.7415542772352,44.7453612709665,44.7474405900414,44.7479023258389,44.746792966806,44.7440987700571,44.7397504121352,44.7336285741228,44.7255712307719,44.7153848495438,44.7028636381942,44.6878234964286,44.670160265143,44.6499444617744,44.6275649592281,44.6039279543718,44.5806983068739,44.5605293535394,44.5471596502627,44.5451728549202,44.5591706375334,44.5922007687714,44.6436322936141,44.7072768496174,44.7711033038654,44.8197344758786,44.8395700571826,44.8243778085632,44.7781862791027,44.7136168691552,44.6466632125654,44.5909770864302,44.5544088192762,44.5386083037182,44.5407398175751,44.555820190598,44.5786206535802,44.6047604921391,44.6310922032963,44.6556466874038,44.6773842785379,44.695909279826,44.7112239581124,44.7235451566669,44.7331802909796,44.7404500090581,44.7456438684034,44.7489977491253,44.7506847269938,44.7508137175961,44.7494321374933,44.7465302200158,44.7420456904314,44.7358684786168,44.7278462455525,44.717792931182,44.705504489254,44.6907885897444,44.6735182523449,44.653722464118,44.6317279430348,44.6083612574089,44.5852023378144,44.5648393398295,44.5510037220821,44.5483727981241,44.5617651360787,44.5945323592055,44.6463081043416,44.7109344953185,44.7760247711587,44.8255149982444,44.8451201012666,44.8283713779927,44.7797342873585,44.7127368715181,44.644257607099,44.5883909857628,44.5528846211833,44.5389234026681,44.5431199859799,44.5600554382422,44.5842576515361,44.6112768159496,44.6380117402636,44.6625952338575,44.6841019006436,44.7022382554043,44.7170867006612,44.7289209710387,44.73808543009,44.7449227111175,44.7497345243706,44.7527636172126,44.7541883097143,44.7541238176207,44.7526265872863,44.7496992758227,44.7452950626169,44.7393209158024,44.731640478448,44.7220785968576,44.7104314046841,44.6964884960156,44.6800771151997,44.6611420410848,44.6398774159733,44.6169244605043,44.5936347040227,44.5723612397555,44.5566698455276,44.5512599418506,44.5612939597779,44.5908630858018,44.6406336337152,44.7054089537304,44.7731432067201,44.8270788940056,44.8513261352776,44.8376577652345,44.7895702386149,44.7208575453032,44.6495628101795,44.5910779826653,44.5539680642293,44.5395921081904,44.544284356744,44.5621864373379,44.5874389239721,44.6153455237553,44.6426979844205,44.6676205331324,44.6892323419317,44.707303454415,44.7219784393646,44.7335825650378,44.7424989190201,44.7490976895187,44.7537002325516,44.7565646125822,44.7578833393641,44.7577871628923,44.7563509832719,44.7535994199356,44.7495106488279,44.7440180090965,44.7370098197951,44.7283290415935,44.7177761005915,44.7051206205275,44.6901312027264,44.6726366866756,44.6526366211811,44.6304802031729,44.6071255021191,44.5844633940384,44.5656287561312,44.5551163848121,44.5583925327051,44.580636499491,44.6244425424791,44.686946660494,44.7578237032612,44.8202204458168,44.8558142674245,44.8524798414042,44.810301360065,44.741843451444,44.6663587708468,44.6017532241993,44.5589380416529,44.5405935977396,44.54330500125,44.5608036202997,44.5866091987212,44.6154791957342,44.6438394980986,44.6696228517095,44.6918816141241,44.7103911216052,44.7253341067608,44.737083073331,44.7460656595038,44.7526898936789,44.7573084858784,44.760206507514,44.761601782261,44.7616510769062,44.7604577493827,44.7580781953839,44.75452557308,44.7497701533257,44.7437364560796,44.7362982867427,44.7272741004249,44.7164270863603,44.7034773306022,44.6881376808352,44.6701903828101,44.6496268198652,44.6268736381232,44.6031161393304,44.5806885705923,44.5634120162694,44.5566181546942,44.5664472541041,44.5980028287053,44.6523421013244,44.7232573369861,44.7960026423352,44.8503350606675,44.8681516821255,44.8421991272574,44.78017729467,44.7011156354419,44.6265017798701,44.5719809997228,44.543801533838,44.5401058935757,44.5545561497497,44.5797919297365,44.6095487853604,44.6394347465603,44.6668579728911,44.6905970306423,44.7103231933925,44.7262116209748,44.7386726248478,44.7481869762086,44.7552162861186,44.7601617593279,44.7633513572258,44.765041936194,44.7654278542591,44.764650851756,44.7628081269702,44.759956881891,44.7561145396149,44.7512545634653,44.7452985123401,44.7381058284535,44.729464126895,44.7190848196451,44.7066122611371,44.6916597337493,44.6738925225898,44.6531855768528,44.6298858521352,44.6051959979186,44.5816464456391,44.5635118412441,44.5568460394281,44.5686178517974,44.6044314897918,44.6648591745432,44.7417118806278,44.8170652018106,44.8678285644546,44.8755041597264,44.8359110889628,44.7619368644355,44.676986867743,44.6038936167499,44.5565733148636,44.5380758437515,44.5436225985839,44.5651388243144,44.5947408599926,44.6264417674184,44.6564731360045,44.6829001500545,44.7050396922004,44.7229415402957,44.7370153215038,44.7477975240668,44.7558233496736,44.7615669393268,44.7654217747816,44.7677021995367,44.7686541442562,44.7684679705316,44.767289390903,44.7652263027134,44.7623505612244,44.7586945119973,44.7542426815276,44.7489195223953,44.7425746967978,44.7349683496011,44.7257606405538,44.7145131468063,44.7007153730147,44.6838579520307,44.6635842388524,44.6399593945899,44.6138890505261,44.5876753144126,44.5655827705893,44.5540764766153,44.5611311439012,44.5939098723008,44.6546089474972,44.735754933918,44.8182525850136,44.8759412024444,44.8869066488009,44.845475904652,44.7660131867282,44.6751876358246,44.5986254376334,44.5511676773409,44.5350864129264,44.5441353391551,44.5689737519727,44.6010211369436,44.6341157887734,44.6646292861598,44.6908869549797,44.7124643636445,44.7296148347847,44.7428856763969,44.7528950303337,44.7602200583357,44.7653529900883,44.7686941259188,44.7705621606955,44.7712102104048,44.7708410384637,44.7696180956547,44.7676708849156,44.7650943448511,44.7619426831466,44.7582185130506,44.7538583475996,44.7487156446786,44.7425429784618,44.7349760674963,44.7255251034315,44.7135840919786,44.6984776667465,44.6795771322172,44.6565306890736,44.6296579518664,44.6005353232888,44.5727098506396,44.5522802897481,44.5477686836823,44.5684167617825,44.6202094804582,44.7001896272759,44.7920787222911,44.8681096411739,44.8998248610026,44.8733059770255,44.7979624224586,44.7013421143605,44.6140246961718,44.5560915074206,44.5327982397045,44.538387708537,44.5625791965132,44.5955276992835,44.6300802545066,44.6620319837999,44.6894628282932,44.7118999226588,44.7296383011525,44.7432932198713,44.7535468709997,44.7610268704992,44.7662627448899,44.7696831954846,44.7716311486761,44.7723834108383,44.7721678679604,44.7711748637198,44.7695616509812,44.767450227852,44.7649197051388,44.7619946941344,44.7586311034366,44.7547003272333,44.7499724086685,44.7440989237941,44.7365978784576,44.7268469204416,44.7140988420189,44.6975455693841,44.6764730164018,44.6505646265911,44.620412364833,44.5882504844069,44.5587901055127,44.5397509767554,44.5412867660772,44.5732472395994,44.6397604065657,44.7326702510387,44.8284513255604,44.8942044782912,44.9031759830484,44.8506472359846,44.7573727852494,44.6572285383841,44.5793032764304,44.5372441778068,44.529689178665,44.5469480073972,44.5777341259265,44.6130054319059,44.6470304873949,44.6769219059219,44.7017041300587,44.7214697810398,44.7367942361883,44.7483929241494,44.7569507826023,44.7630560916907,44.7671898794208,44.7697402391375,44.771023834312,44.7713050587725,44.7708083440796,44.769722277612,44.7681962755497,44.7663318381254,44.7641709309024,44.7616837629346,44.7587572680221,44.7551842710868,44.750652253046,44.7447307017406,44.7368583597725,44.7263374842107,44.7123526713362,44.6940473909438,44.6707105405178,44.642141075038,44.6092525632087,44.5749134351817,44.5448344301212,44.5279654769481,44.5354236678601,44.5768336210573,44.6539214699738,44.753887447385,44.8482678272032,44.902522835807,44.8939773700809,44.8259036023593,44.7257236862263,44.628649427184,44.5602095073409,44.5289977100982,44.5300425890921,44.5523420638646,44.5849532953226,44.6198537668851,44.6523348826825,44.6802572599254,44.7030903785758,44.7211413127693,44.7350560849092,44.7455452486183,44.7532580668508,44.7587422532297,44.7624464481694,44.7647391639881,44.7659291448842,44.7662792897581,44.7660110950905,44.7653000094666,44.7642645027882,44.7629529574654,44.7613324782896,44.7592823528553,44.756592505968,44.7529646482605,44.7480120563624,44.7412543684206,44.7321077532725,44.7198794310766,44.703789447143,44.683061375744,44.6571439014466,44.6261367126344,44.5914727343224,44.556809487882,44.5288457818866,44.5173842200797,44.5335613937255,44.5852932364063,44.6704665490979,44.7714554784331,44.8569900543069,44.8947866363988,44.8693014863778,44.7914245742906,44.6916834938098,44.6027531679035,44.5449390004881,44.5225193225919,44.528678470405,44.5526057735404,44.5844642150932,44.6173943882767,44.647536051247,44.6732412932058,44.6942051039602,44.7108006757654,44.7236599338811,44.7334469252444,44.7407573202956,44.7460903268352,44.7498561805746,44.7523956898653,44.7539976058527,44.7549062943602,44.7553175340044,44.7553646879142,44.7551007077636,44.7544828087631,44.7533657288826,44.7515063430653,44.7485779079997,44.7441879372006,44.7378915961241,44.7291944120841,44.7175453321228,44.7023342272833,44.6829262129643,44.6587860763369,44.629762857053,44.596601303243,44.5616918461036,44.5299148938496,44.5091365379299,44.5095218647865,44.5406515203779,44.6061026290092,44.6972689411833,44.7909976349892,44.8559728539771,44.8674156945664,44.8211819788448,44.736153146041,44.6428885375244,44.5678743426533,44.5241947157146,44.5116817092855,44.5224774325247,44.5468338684562,44.5765990377754,44.6063585020741,44.6331971808417,44.6559710148528,44.6745853357583,44.6894590827884,44.7011885974349,44.710366435295,44.7175035272942,44.7230126188278,44.7272222880185,44.7303999566598,44.7327694884389,44.7345154206603,44.735772192833,44.7366025413165,44.7369734277435,44.7367392348103,44.7356398313531,44.7333159104373,44.7293374214231,44.7232355552924,44.7145274141194,44.7027273759648,44.6873511191294,44.6679364353455,44.6441262898174,44.6158774903434,44.5838594832805,44.5500672861075,44.5185521273348,44.4959374768216,44.4910644125939,44.5129071179638,44.5662948740738,44.6464871838061,44.7359575191394,44.8077349858628,44.8364732816072,44.8116564441035,44.7434546040807,44.6565816953067,44.5771890165404,44.5222173720227,44.4963988867934,44.4954636762531,44.5112704828228,44.5357552006135,44.5628339010786,44.5887507382282,44.6116550547778,44.6309737134894,44.6468557693727,44.659774049015,44.6702777878243,44.6788617885284,44.6859156434742,44.6917223269176,44.6964816304553,44.7003392344561,44.7034075082881,44.7057702161935,44.7074700859032,44.7084846058026,44.7086998353592,44.7078930023583,44.7057317181494,44.7017916966647,44.6955882516927,44.6866127292122,44.6743664101594,44.6583930871373,44.638327178383,44.6139937028063,44.5856123568593,44.5541564484214,44.5218752974071,44.4928745610067,44.4734415196641,44.4715444721802,44.4948236956866,44.5468157850157,44.6224581502395,44.7057164366684,44.7727377663849,44.8012110158807,44.7813464746396,44.72097788481,44.6409769006952,44.5646098823227,44.5082188486657,44.4778205823775,44.4710766572938,44.4814191802783,44.5016235431193,44.5258047305045,44.5500296940946,44.5721346658905,44.5912469077388,44.6072944628028,44.6206172561756,44.6317003766735,44.6410133449673,44.6489300725325,44.6557052646153,44.6614861223788,44.6663411140812,44.670290616935,44.673328190861,44.6754264283399,44.6765271853051,44.6765213104862,44.6752263418449,44.6723710700661,44.6675934302358,44.6604541653408,44.6504654108957,44.6371334054395,44.620019889308,44.598837523101,44.5736077411941,44.5449167896488,44.5142921689195,44.4846645658076,44.460756194055,44.4490473008982,44.4568006077957,44.4896900215305,44.5482010110708,44.6242354353316,44.7005698702733,44.7554169080089,44.7712881042677,44.7433690368475,44.6817550331011,44.6060175210367,44.5361000929206,44.4852712823289,44.4580243558857,44.4520168295535,44.4614843871082,44.4801259725008,44.5027332828508,44.5257242695867,44.5470307407839,44.5657279844029,44.5816348019885,44.5949819296746,44.6061726867255,44.6156279739676,44.6236986122077,44.6306277381215,44.6365477885187,44.6414982914787,44.6454522364697,44.6483408507419,44.6500696037964,44.6505221023148,44.6495526198547,44.6469714739933,44.6425296033003,44.6359093122405,44.6267277890862,44.6145598822148,44.5989882217422,44.5796930222662,44.5565999460915,44.5301079323945,44.501410194624,44.4728845686809,44.4484453406426,44.4336121908441,44.4349066148443,44.4581709649573,44.5057513044233,44.573347515512,44.6484123881565,44.7122631945611,44.7464353456404,44.7406271457077,44.6974768073417,44.6309879487173,44.5598101279248,44.4998040940562,44.4597710310977,44.441248162949,44.4408462281389,44.4530979456652,44.4725711838451,44.494947728695,44.5173040801092,44.5379546733015,44.5561357153334,44.5716848091731,44.584779560038,44.5957480744638,44.6049434946965,44.6126693126668,44.6191427207032,44.6244850112209,44.6287294704994,44.6318382881148,44.6337211847121,44.6342501430055,44.6332669136943,44.630582663382,44.6259718764499,44.6191651019585,44.6098472751338,44.5976703985482,44.5822918192492,44.5634524617125,44.541112405786,44.515660998297,44.4882081479105,44.4609306638132,44.437378629881,44.4225382146454,44.4223322274592,44.4422226683579,44.4848368468759,44.5472021637796,44.6190573433235,44.6840802695738,44.7248123178945,44.7295876925261,44.6976751243024,44.6393892549729,44.5711886957885,44.508972474441,44.4632487560231,44.4377866212874,44.4310239108282,44.4385313155467,44.4551828683967,44.4764841949048,44.4991061279478,44.5209050182028,44.5407033002969,44.5580094057762,44.5727652012253,44.5851504695926,44.5954449903992,44.6039383680112,44.6108762404131,44.6164330265978,44.6207032353401,44.6237047462361,44.6253884598337,44.6256496469608,44.6243375171866,44.6212611239721,44.616191729298,44.6088640879777,44.5989817258339,44.5862341929048,44.5703374913563,44.5511121322898,44.5286153600597,44.5033418284578,44.4764940949265,44.4502909140503,44.4282173434197,44.4150267633566,44.4162147768353,44.4366910527243,44.4786217349235,44.538994581059,44.6081920627952,44.6711342188281,44.711636751689,44.7185578689807,44.6905177928748,44.6363313696171,44.5709485198207,44.5094876831554,44.4625937698493,44.4347795822952,44.4253654752963,44.4306065488768,44.4457431987231,44.4663660724548,44.4890482032278,44.5114605980369,44.5322194440001,44.5506436319734,44.5665195054377,44.5799110784856,44.5910219365981,44.6001017141975,44.6073868045887,44.6130658910521,44.6172628555062,44.6200313583186,44.6213566340132,44.6211609873894,44.619310384395,44.6156206516041,44.6098632823846,44.6017727812693,44.591059903389,44.5774380592884,44.5606734016026,44.540672086948,44.5176192885356,44.4921802100081,44.4657573970916,44.4407624885684,44.420797330975,44.4105553538147,44.4151886108505,44.4389291490773,44.4830269019079,44.5436158067604,44.6107274946018,44.6697726269745,44.7058342181416,44.709261167569,44.6796528198393,44.6258759375015,44.5621625661364,44.5026737385448,44.4573466057263,44.4304270482884,44.4213250427584,44.4265482526236,44.4415897637791,44.462211621176,44.4850632261586,44.5078177029601,44.52904831498,44.5480107617594,44.564424927801,44.5782953661788,44.5897787550358,44.5990927956619,44.6064570965112,44.6120570896248,44.6160238895552,44.618424856108,44.6192610558345,44.618468886742,44.6159240529678,44.611447086233,44.6048109059416,44.5957526362055,44.5839941423147,44.5692784872565,44.5514324531371,44.5304675379632,44.5067313702493,44.4811143193179,44.4552959240956,44.4319752188655,44.4149649908451,44.4089559927844,44.4187212632472,44.4476242650699,44.4956155620277,44.5574386646283,44.6222367353223,44.6756176747545,44.7041094461281,44.7002475818489,44.6656032244532,44.609983199298,44.5473354436331,44.4907410484892,44.448911198749,44.4251886773713,44.4185479742157,44.4254374779804,44.4414954683671,44.4626884864635,44.4858463610231,44.5087680587087,44.5300984392097,44.5491233914586,44.565566366599,44.5794211854795,44.59082833588,44.5999895583652,44.6071119018218,44.6123728685538,44.6159000349331,44.6177603614531,44.6179558847678,44.6164236234273,44.6130385045698,44.6076191458493,44.5999376040039,44.5897358846971,44.5767541751902,44.5607783201967,44.541716545221,44.5197166156869,44.4953319457584,44.4697341673059,44.4449440602413,44.4240068164617,44.4109732933651,44.4104891330173,44.4267970197814,44.462114504293,44.5147259820402,44.5776363092696,44.6389256266657,44.6845249917424,44.7028448323358,44.6892214264276,44.6477685065832,44.5895683096739,44.5283066724595,44.4757435239726,44.4389885273242,44.4201083670986,44.4173640403496,44.4269934890937,44.4447408234027,44.4668127430124,44.4902925314048,44.513187505684,44.5342899812981,44.552978323857,44.5690269076,44.5824524940826,44.5934014207446,44.6020719033425,44.6086630548403,44.6133428796907,44.6162292320825,44.6173794798449,44.6167860570891,44.6143762358928,44.6100154617467,44.6035146785667,44.5946434037349,44.5831520397525,44.5688090542663,44.551461008018,44.5311252378528,44.5081246472969,44.4832683716019,44.4580661150495,44.4349318160168,44.4172810167042,44.4093648483253,44.4156463958143,44.4395812441449,44.4818956657818,44.5388791254671,44.6016475236203,44.6573832942761,44.6928243809561,44.6988900174756,44.6742209029339,44.6256668542838,44.5654610889715,44.5067176603903,44.4595377378908,44.4291631735895,44.4162194664254,44.4181787788771,44.4310579437812,44.4507363105947,44.4737104760977,44.4973730637389,44.5199927590787,44.5405547357043,44.5585659284643,44.5738785529727,44.5865510448851,44.5967473648103,44.6046681857754,44.6105059196732,44.6144165274402,44.6165027802992,44.616805297267,44.615299050406,44.6118941543813,44.6064408023549,44.5987393642992,44.5885580939997,44.5756626954202,44.5598641148333,44.5410929455213,44.5195096838227,44.4956575524225,44.4706549187059,44.4464022330818,44.4257391404882,44.4124324398939,44.4108233101852,44.4249602733884,44.4571680046669,44.5063115582694,44.5664562849867,44.6269257038778,44.6745008417851,44.6974765297479,44.6899540622761,44.6541618174587,44.5994949358287,44.5388495295793,44.4842587954285,44.4438251522761,44.4207902246451,44.4143521595225,44.4212731903741,44.4374374265783,44.4589333048645,44.4826023649646,44.5061861908346,44.5282434084067,44.5479727801971,44.5650246594614,44.5793392388179,44.5910228148009,44.6002597910271,44.6072532605832,44.6121865399764,44.6151993285604,44.6163738712216,44.6157280523654,44.6132136294854,44.6087189139574,44.6020762916731,44.5930762231038,44.5814909096507,44.567112693866,44.5498142739026,44.5296392819991,44.5069311732475,44.4825028483157,44.4578345996776,44.4352587195445,44.4180430618201,44.4102311722723,44.4160637053607,44.438854955075,44.4794020799823,44.5343804129841,44.5955808386062,44.6509237121434,44.6875756203395,44.6962668629901,44.6748265880472,44.6290241599485,44.5702448255609,44.5113226997861,44.462652820053,44.4300966378381,44.4149213947782,44.4150593752303,44.4267441591775,44.4458684035748,44.468818281097,44.4928270375156,44.516005897322,44.5372105009069,44.5558541616974,44.5717291573962,44.5848611324984,44.5954010774758,44.6035500679243,44.6095092492099,44.613447976277,44.6154845420338,44.6156755797923,44.6140116618214,44.610417817081,44.6047587797436,44.5968499254997,44.586476214009,44.5734231270867,44.5575255085673,44.5387419732089,44.5172631219064,44.4936590836795,44.4690623651523,44.4453608315029,44.4253387130818,44.4126526369192,44.4114823767609,44.425696416485,44.4574893591976,44.5057361186672,44.5647166013205,44.6241485140902,44.6712381167749,44.6945172269901,44.687981320261,44.6534423545011,44.5997817466425,44.5395377587415,44.4846765714998,44.4434888777315,44.4195194642743,44.4122425583805,44.4185898760874,44.4344975857029,44.4560196340951,44.4799186973549,44.5038478029477,44.526288321973,44.5463818306652,44.5637422708542,44.5782908358116,44.5901275773994,44.5994389938684,44.6064350848664,44.6113083745394,44.6142084659849,44.6152273250068,44.6143920578992,44.6116632744971,44.6069382693689,44.6000593583205,44.5908289403554,44.5790343488137,44.5644873373547,44.547084910986,44.5268994872476,44.5043055574466,44.4801443579332,44.4559133693076,44.4339389856694,44.4174464925985,44.4103898988535,44.4168747771733,44.4400576035278,44.4806033344403,44.5351435103595,44.5955596718644,44.64998742657,44.6858517441217,44.6940666284829,44.6724897720615,44.6267757966339,44.5681426112442,44.5093043813823,44.4606296674437,44.4280280960246,44.4128389919593,44.4130469031055,44.4248996731351,44.4442707380527,44.4675087418065,44.4918063578952,44.5152413334867,44.5366472319316,44.5554266926795,44.5713704120113,44.584508501068,44.5949996453429,44.6030536878914,44.6088802234633,44.6126560379392,44.6145056838154,44.61449112997,44.6126078845718,44.6087862213225,44.6028972505684,44.5947647293451,44.5841848523427,44.5709578996774,44.5549374699642,44.5361046979968,44.5146753158386,44.4912445965725,44.4669656546261,44.4437356086927,44.424327796521,44.4123585830441,44.4119318593479,44.4268065505914,44.4590495308283,44.5074205166418,44.5661358833037,44.6249327187889,44.6711241108709,44.6934064081618,44.6859462150508,44.6506870623945,44.5965812116213,44.5361813777869,44.4814281086111,44.4405619849988,44.4170642749609,44.4103408520856,44.417258281589,44.433697914641,44.4556739674185,44.4799259915166,44.5040990887044,44.5266786183112,44.5468180662156,44.5641474039677,44.5786048840371,44.5903064658978,44.5994521199066,44.6062623701774,44.6109374070017,44.6136321569755,44.6144423494901,44.6133982089145,44.6104637524275,44.6055408342822,44.5984781925562,44.5890869885846,44.5771658147494,44.5625399143591,44.5451212101278,44.5249970173483,44.5025545463224,44.4786427511795,44.4547585985148,44.433216655305,44.41721700704,44.4106750462476,44.4176469139648,44.441233692435,44.4820444692113,44.5366588200331,44.5969140894532,44.6509171914146,44.6860962706025,44.6934222354505,44.6708752216446,44.6242811190368,44.5650302264617,44.5059530955772,44.4574429251788,44.4253443289357,44.4108746943528,44.4118822560115,44.4244980102253,44.4445152554388,44.4682414677801,44.4928602731908,44.5164622935308,44.5379061029718,44.5566238297589,44.5724349628269,44.5853947120275,44.595681831352,44.6035210293798,44.6091321485339,44.6126986385825,44.6143493826897,44.6141496353588,44.6120983270757,44.6081302424907,44.6021227001717,44.5939075162579,44.5832903804742,44.5700814109503,44.5541425354022,44.535459101961,44.5142437707509,44.4910782624805,44.4670895004358,44.4441363356771,44.4249471186596,44.4130981980308,44.4126755606303,44.4274592105383,44.4595811847046,44.5078905811287,44.5666689831289,44.6256369889829,44.6719848974922,44.6942254736496,44.6863875345237,44.6504240178873,44.5954636834771,44.5343227087582,44.4791679018218,44.4383397347966,44.4152788562116,44.4092562352226,44.4169748562216,44.4341752558233,44.4567784352053,44.481480490488,44.5059223260777,44.5286100757596,44.5487301524768,44.5659482890459,44.5802356233358,44.5917353153634,44.6006680750986,44.6072692139527,44.611748989704,44.6142692357199,44.6149310311668,44.6137698305424,44.6107558591173,44.6057987559965,44.5987565605523,44.5894503635053,44.5776874269654,44.5632973759038,44.5461880274998,44.5264289755561,44.5043708132394,44.480803231354,44.4571419891381,44.4356077997157,44.4193164459842,44.4121451955075,44.4182029726092,44.4407680271295,44.4807415837584,44.5350292057141,44.5956800009537,44.6507481649421,44.6872999855772,44.6957686686162,44.673683243849,44.6267341047625,44.5665358798094,44.506349793383,44.4569784206496,44.4244955086636,44.4101361360403,44.4116189799552,44.4248909911214,44.4455789629701,44.4698764968913,44.4949106834802,44.5187611551645,44.5403044063666,44.5590045526367,44.5747165472767,44.587528263409,44.5976454355811,44.6053135009586,44.6107676022559,44.6142025963163,44.6157566474319,44.6155038243515,44.6134526957284,44.6095492060756,44.6036832383462,44.5956994055762,44.5854139369332,44.5726411623479,44.5572350632844,44.5391533795732,44.518553022262,44.4959242282266,44.4722637080444,44.4492690706568,44.4295027974846,44.4164228944887,44.4141217041045,44.4265935621705,44.4564369901085,44.5031611931339,44.5616968496167,44.6220910351596,44.6712751568892,44.696909208232,44.6919079357899,44.6573640047181,44.6021762722574,44.5395729314406,44.4824671230601,44.439895918017,44.4157068289239,44.4092541180599,44.4171023834345,44.4347663575821,44.457953904999,44.4832088557057,44.5080885845996,44.5310711006045,44.5513506205458,44.5686192255255,44.5828806019304,44.5943093828276,44.6031533480158,44.6096697915185,44.6140867270758,44.6165811086152,44.6172682475392,44.6161984303917,44.613358214917,44.6086750846829,44.6020252392167,44.5932454770648,44.5821515668787,44.568567310039,44.5523706380462,44.5335651743031,44.5123866471631,44.4894510908283,44.4659419155424,44.443810026413,44.4259199807309,44.416017080388,44.418335268204,44.4366661351817,44.4728486172866,44.5249824690398,44.5861487866585,44.6447234481928,44.6870177220682,44.7017755452812,44.6845962914615,44.6398694574191,44.5790397136683,44.5161978922361,44.4634030614652,44.4278192569944,44.4112904944548,44.4116593567594,44.4246828928265,44.4456791803928,44.4705501109827,44.4962102741588,44.5206151783232,44.5425883525397,44.5615878327047,44.5774880615568,44.5904069573762,44.6005819969715,44.6082879038456,44.6137855938648,44.6172928892385,44.6189696002825,44.6189117011317,44.6171510862174,44.6136587708694,44.6083505337938,44.601095084598,44.5917260736955,44.5800608195903,44.5659306153076,44.5492298183562,44.5299931437758,44.5085113606857,44.4854922109566,44.4622611156412,44.440968681245,44.4247238319,44.4175063277551,44.4236578021053,44.4467717938201,44.4879958852756,44.5441783204549,44.6068117932368,44.6629383025397,44.6985656102143,44.7036600843899,44.6763289367333,44.6237666334864,44.5593385976478,44.497506055573,44.4492966343169,44.4201426177469,44.4102100115772,44.416176272584,44.4332504548683,44.4566936309804,44.4826402349075,44.5083508266041,44.5321258503826,44.553076237094,44.5708730271573,44.5855338944411,44.5972636109144,44.6063451236273,44.6130705688268,44.6177008414333,44.6204442479139,44.6214472326948,44.6207923438915,44.6185002950462,44.614534271264,44.6088057073899,44.6011818426179,44.5914966352147,44.5795682851493,44.5652287756605,44.5483734327578,44.529040987798,44.5075355548508,44.4845982107974,44.4616221046748,44.4408738444072,44.4256293137149,44.4200590121666,44.428639604917,44.4549024942551,44.4995662912357,44.5585901296061,44.6222545559614,44.6765243085771,44.7071086532851,44.704890086252,44.6699325194864,44.611624836521,44.5448047940801,44.4841607652075,44.4398485213857,44.4159089290131,44.4111956440999,44.4215008068149,44.4416396856145,44.4668601466753,44.493501423013,44.5191091150225,44.542261436021,44.5622978115747,44.579057003604,44.5926684188544,44.6034038720269,44.6115810216575,44.6175053308849,44.6214383798385,44.6235830509979,44.6240788474773,44.6230028148832,44.6203731746224,44.61615400061,44.6102602996291,44.6025639088688,44.5929019148778,44.5810910243817,44.5669536256921,44.55036414599,44.5313272628855,44.5101011190549,44.4873756696384,44.4645027468806,44.4437418275921,44.4284260693513,44.4228704551517,44.4317727272874,44.4588856592566,44.5049947406675,44.5657873784033,44.6308549113132,44.6852413977987,44.7139777441115,44.7080257667043,44.6684406246881,44.6061060470604,44.5371297659806,44.4766911985897,44.4345897237635,44.414000454718,44.4128460770006,44.426227665608,44.4486069908136,44.4751655807763,44.5023556468481,44.5279133701841,44.5506155079591,44.5699713784364,44.58594822665,44.5987635030621,44.6087438105146,44.6162372395233,44.6215636971687,44.6249901622104,44.6267211772889,44.6268979084409,44.62560138731,44.6228571739684,44.6186398566435,44.6128767789531,44.6054513824495,44.5962077903633,44.5849599557841,44.5715110544734,44.5556919049033,44.5374307595777,44.516869636023,44.4945414206798,44.4716112646138,44.4501557018307,44.4333927187652,44.4256837842453,44.432033618097,44.4568041903822,44.501587321038,44.5627639231295,44.6300680760676,44.6878378660175,44.7197156552473,44.7152791134968,44.6750028969857,44.6103055212294,44.538541347521,44.4760894496988,44.4333502434489,44.4134228117407,44.4137419092897,44.4288408160974,44.452749688595,44.4804217596887,44.5082540843846,44.5340358363219,44.5566446129439,44.5756975536323,44.5912552475707,44.6036064512755,44.6131275342474,44.6201990679823,44.6251615389314,44.6282957347578,44.629817486515,44.6298798654729,44.628578396094,44.6259565263078,44.6220097655057,44.6166878210213,44.6098949646749,44.601489958583,44.5912883951235,44.5790725159296,44.5646166993875,44.5477408583968,44.5284083009364,44.506886916056,44.4839875902486,44.461371798052,44.4418675713575,44.4296386812788,44.4299284724242,44.4480198376463,44.4871774320517,44.5458631716944,44.6154377597795,44.6803280512799,44.7221684444516,44.7270864437513,44.692375578003,44.6281680389237,44.5528029224161,44.4849463012536,44.4371974995062,44.4139026217474,44.4127127110741,44.4277363357336,44.4523840442151,44.4810785635155,44.5098772542398,44.5364081215442,44.5595107128147,44.5788311778893,44.5944857129796,44.6068218083025,44.6162670185845,44.6232427795198,44.6281214587233,44.631209743373,44.6327466465619,44.6329085046577,44.6318161843165,44.6295415883334,44.6261117849612,44.6215099789235,44.6156733268307,44.6084884788,44.5997869226622,44.5893439963246,44.5768881621406,44.5621311273582,44.5448346484431,44.5249353442756,44.5027511413223,44.4792842161921,44.4566013277544,44.4381944871153,44.4290924444694,44.4353380693201,44.4623950781903,44.5123428193307,44.5805801725364,44.653979467991,44.7129601603635,44.7383654304888,44.7203723039321,44.6638686118029,44.5863090998072,44.5094435264277,44.4504694744846,44.4174307331329,44.4097349750755,44.4215644526316,44.4455117696935,44.4749870451082,44.505219354989,44.5333013893624,44.5577941576792,44.5782403698801,44.5947520604097,44.6077185000973,44.6176236238374,44.6249444651133,44.6301026261482,44.6334473143918,44.6352553216509,44.6357386535442,44.6350541547625,44.6333118000557,44.6305797832055,44.6268854971905,44.6222122125424,44.6164919160668,44.6095955521647,44.6013230571732,44.591397451227,44.5794703382926,44.5651509773187,44.5480778011622,44.5280588120005,44.5053115869032,44.4808247667619,44.4568223349854,44.4372142098346,44.4277459117902,44.4353570919406,44.4661959627181,44.5221477960399,44.5969070087924,44.6741966051081,44.7311786756617,44.7475553432261,44.7159502370225,44.6464031262367,44.5613305973059,44.4845983471015,44.4321503146111,44.4088560738516,44.4109332013413,44.4305044971417,44.4594115357783,44.4912409032014,44.5218375396064,44.5489902942862,44.5718500689917,44.5903840725975,44.6049730079378,44.6161547325666,44.6244805675957,44.6304462375554,44.6344672002909,44.6368776705708,44.6379403423533,44.6378590948728,44.6367903020703,44.6348503999757,44.6321186180618,44.628634584499,44.6243910743131,44.6193226274006,44.6132912856018,44.6060715511565,44.5973382898366,44.5866643312947,44.5735397288247,44.5574326029732,44.5379216879756,44.5149395894429,44.4891633993666,44.4625550236145,44.4389547493633,44.424437521857,44.4268737019142,44.453967671245,44.5093844261784,44.5878791984948,44.6724085915663,44.7372294605849,44.7583089982418,44.7260963477556,44.6515337095838,44.5602271931324,44.4792148681963,44.4258392540429,44.4044680409538,44.4098806138527,44.432825257479,44.4643181813531,44.4976827710382,44.5288639257206,44.5559042934528,44.5782235746311,44.5960072029571,44.6097867256464,44.6201910909571,44.6278190672398,44.6331865766178,44.6367154101749,44.638741830608,44.6395323079021,44.6392992496278,44.638212992988,44.636408365088,44.6339853592256,44.6310042332561,44.627475766097,44.6233476094586,44.6184877862252,44.612666688678,44.6055399001673,44.5966365398118,44.5853625817416,44.5710367247273,44.5529882558846,44.5307601255722,44.5044688650027,44.475358109411,44.4465104652737,44.4235072401083,44.4145245583093,44.4290274103759,44.4742404523237,44.5495779354799,44.6415295644206,44.7238188013337,44.7665796895566,44.7516890298531,44.6839019532426,44.5884774300274,44.4969769909704,44.4323600972403,44.4026422575422,44.4035896949892,44.4252110376045,44.4572475636003,44.4919374528701,44.5245531468039,44.5528240372391,44.5760827871512,44.5945384784952,44.6087840714904,44.6195112047753,44.6273692349585,44.6329112206735,44.6365862673561,44.6387528732482,44.6396986412982,44.63965845662,44.6388272714147,44.6373660808857,44.6354011877608,44.6330177602936,44.6302491007161,44.6270630069824,44.6233462422753,44.6188876971195,44.6133608405448,44.6063072800942,44.5971267209482,44.5850855350551,44.5693675444541,44.5492063644645,44.5241551957333,44.4945558302236,44.462237565728,44.4313623025974,44.4090794558109,44.4052629366603,44.4302753236507,44.4900182820761,44.57926707628,44.6773570987666,44.7520823547194,44.7738481819498,44.7326919154973,44.644947622719,44.5434670234545,44.459551442143,44.4101692328781,44.3964416807354,44.4096872564711,44.438519322309,44.4733119239798,44.5077111213004,44.5383606980231,44.5639977452773,44.5845687797695,44.6005926130519,44.6127764788129,44.6218186644465,44.6283270661494,44.6328010187799,44.6356426907059,44.6371782927061,44.6376783013806,44.6373713826487,44.6364501411397,44.6350690850297,44.6333366465156,44.6313037899873,44.628951635157,44.626179677053,44.6227948792322,44.6185007178783,44.6128850147108,44.6054072032256,44.5953907589715,44.5820360909904,44.5644839369382,44.5419781743244,44.5141942266216,44.4817988947966,44.447255347427,44.4157275998841,44.3956186247876,44.3978366288267,44.4326475182081,44.5036784383316,44.6010249460513,44.6987125451068,44.7622607856298,44.765718324896,44.7073645627713,44.6110505507051,44.5117483236871,44.4373834397538,44.3995151604029,44.39516773782,44.4140340948386,44.4449857851124,44.4794709504578,44.5122544510024,44.5408101012678,44.564371971103,44.5831264876375,44.5976710035706,44.6087059921787,44.6168875457707,44.6227748570712,44.6268268865967,44.6294195337577,44.6308665104097,44.6314348047278,44.6313507611157,44.6307965097258,44.6298991880529,44.6287170418381,44.6272268242223,44.6253158102902,44.6227794518692,44.6193229234049,44.6145626789717,44.6080240233766,44.5991339886528,44.5872166954492,44.5715116043305,44.5512533174093,44.5258719351649,44.4953861874789,44.4610456841083,44.4261918749921,44.3970918665704,44.3831257781527,44.3953026483312,44.4421116770271,44.5229854525005,44.6224990034605,44.7110687800257,44.7561242656859,44.7394611097031,44.6683676624216,44.5710506160583,44.4802428385906,44.4180151966629,44.390693023406,44.3928178868339,44.4140670931285,44.4445038802745,44.4769283497301,44.5071266079779,44.5331800187113,44.5546103827709,44.5716955246964,44.5850230189678,44.5952409893254,44.6029420559823,44.6086261645253,44.6127039641324,44.6155156487133,44.6173495870466,44.6184519064348,44.6190237310472,44.6192075204834,44.6190676457329,44.6185722981873,44.6175834422351,44.6158587145918,44.6130646758787,44.6087961640298,44.6025937084957,44.5939520591336,44.5823193804697,44.5670991988044,44.5476851861691,44.5235797337784,44.4946642499512,44.461686772983,44.4269804608135,44.395278085991,44.3742025533167,44.3736384673027,44.4030083326567,44.4660973811147,44.5550549661162,44.6478844145279,44.7142049523928,44.7291749635685,44.6873706102569,44.6058808347412,44.5140444027139,44.4382551549171,44.3923667378544,44.3772005382742,44.385629755186,44.4082429383825,44.4369202681006,44.4661243874179,44.4927772823611,44.5155925978071,44.5343738988419,44.5494769364454,44.5614631711857,44.5709073118141,44.5783104072197,44.5840774564786,44.588528821504,44.5919232754324,44.5944773322433,44.5963717286789,44.5977422263002,44.5986579640228,44.5990953269358,44.5989173786456,44.5978674722367,44.5955809115085,44.5916119855773,44.5854679081142,44.5766390897445,44.564619178062,44.5489195373467,44.5291005809632,44.504863436124,44.4762627919942,44.4441015257207,44.4105246430504,44.379707244969,44.3582978791154,44.3549713948131,44.3782801736396,44.4324334356401,44.5121368828209,44.599791724787,44.6691039839572,44.6959095043134,44.6706453782283,44.6035590108247,44.5185901761105,44.44088222429,44.3867458682366,44.3608413409388,44.359193091758,44.3740401286776,44.3976070263184,44.4239590741837,44.4493779560385,44.4719872203112,44.4911646006641,44.5070106851791,44.5199608949311,44.5305397850557,44.5392273643779,44.5464039314431,44.5523446052186,44.5572400936933,44.5612249230056,44.5643990831499,44.5668346441113,44.5685653529683,44.5695635750677,44.5697136357004,44.5687921831659,44.5664639904625,44.5622963545454,44.5557890593086,44.5464127668583,44.5336496944668,44.5170384212825,44.4962394308709,44.4711561756841,44.4421600715409,44.4104619430504,44.3786229573638,44.3510753228009,44.3343140365076,44.3361869540173,44.3636692569176,44.4190398031334,44.4957303909456,44.5767364006216,44.638594042571,44.6608735695729,44.6362259552643,44.5740765236249,44.49527428723,44.4218260941487,44.3685644043743,44.340507427356,44.3350129793064,44.3456879378543,44.3656596839478,44.3893677584844,44.41309539996,44.4347862696339,44.4535979316348,44.4694465638895,44.4826445144701,44.4936495154248,44.5029111663321,44.5107920611965,44.5175417800416,44.5233046389309,44.5281445691218,44.5320730638787,44.5350695544604,44.5370881670963,44.5380501215423,44.5378259809114,44.5362152802024,44.5329318590543,44.5276015075147,44.5197754294124,44.5089605941538,44.4946686426052,44.476490314237,44.4542121242395,44.4280025256247,44.3986969317268,44.3681884280553,44.3398611942232,44.31886854393,44.3118752824056,44.32576480153,44.3649957290302,44.4280523244194,44.5046945285845,44.5765860262961,44.6228764725534,44.6289960657236,44.5936043115514,44.5289798421375,44.4546900052206,44.389014346581,44.3431444333178,44.3200686156587,44.3168159151222,44.3276695251493,44.3466999280265,44.3691194089247,44.3916767769419,44.4125100299323,44.4307942139802,44.4463762049082,44.4594757704406,44.4704702344882,44.4797542653043,44.4876593374129,44.4944176229946,44.5001568127015,44.5049138696574,44.508657047959,44.5113072459515,44.5127523174189,44.5128512724432,44.5114288710761,44.5082642499607,44.5030793586342,44.4955340024688,44.4852346975604,44.4717653688546,44.4547502747875,44.4339637485021,44.4095056317027,44.3820600040574,44.3532367944834,44.3259447174277,44.3046452905801,44.2952004960909,44.3039222017813,44.3355260208598,44.3901972499915,44.4609150937956,44.5330318357002,44.5877880973013,44.6092703971284,44.5913980952643,44.5406034133764,44.4724741245318,44.4047357150431,44.3508865445683,44.3173365933605,44.3040735061907,44.3071433372374,44.3212065277825,44.3412722005833,44.3635020138397,44.3853552480819,44.4053970403187,44.4229987190713,44.4380508485891,44.4507344381197,44.4613566683928,44.4702422908782,44.4776685699864,44.4838326625095,44.4888420538515,44.4927199749741,44.4954186754371,44.4968344557346,44.4968198179375,44.4951900816362,44.4917241985749,44.4861620336922,44.4782028639884,44.4675122736733,44.4537472039526,44.4366118757044,44.4159603544571,44.3919628957259,44.365348264731,44.3377142304734,44.3118511635376,44.2919397446195,44.2833741532034,44.2918874520694,44.3217484863507,44.3732198839222,44.4402245107676,44.5098586346166,44.5651856495336,44.5910718202345,44.5804395396916,44.5372922530582,44.4746289103383,44.4086997557455,44.3530919498191,44.3154326687562,44.2972597484884,44.2958787624551,44.3066673377516,44.3248498085681,44.3464674381357,44.3686930566094,44.3897604399379,44.4087335927381,44.4252513201414,44.4393083296218,44.4510898219252,44.4608561513399,44.46886769185,44.4753398663615,44.4804200120942,44.4841794648421,44.4866154603838,44.4876583227027,44.4871802623232,44.4850032190977,44.4809046994531,44.4746225132384,44.4658616921242,44.4543096535507,44.4396688295207,44.4217192859802,44.4004264662991,44.3761088427886,44.3496722503489,44.3228941861379,44.2986928952325,44.2812383938568,44.2756729280006,44.2871687789011,44.3191783178611,44.3711426859209,44.4365809369863,44.5029883780033,44.5546490492261,44.5779484199695,44.5668107946532,44.5251869820026,44.465105293956,44.4015819853084,44.3473585604635,44.3098640702597,44.290945844562,44.2884210795842,44.2981275733979,44.3155793852768,44.3369293397502,44.3593302663353,44.3809207101606,44.4006391261137,44.4179975937443,44.4328793706431,44.4453816375553,44.4557032357594,44.4640692674792,44.4706833099766,44.4756994106179,44.4792078645984,44.4812302632149,44.4817203673479,44.4805682149305,44.4776057743327,44.4726136272866,44.465329757595,44.4554636256132,44.4427213435011,44.4268508061421,44.4077185850812,44.3854319548051,44.3605167819137,44.334150109578,44.3084178241304,44.2865159469145,44.2727407381883,44.2720444105745,44.2889383653465,44.3257097593684,44.3803514472431,44.4451767256915,44.5073783893988,44.5522368578485,44.5681796915154,44.5513320822072,44.5070079814343,44.4472944769522,44.3862388122016,44.3352761934481,44.3007970390785,44.2841279561948,44.2830186205016,44.2934933768267,44.3113228794287,44.3328777360762,44.3554509918348,44.3772470144273,44.3972154508749,44.414846512105,44.4299859518157,44.4426900072271,44.4531208523803,44.4614754646118,44.4679394539874,44.4726585971144,44.4757225882632,44.4771570814584,44.4769212905483,44.4749093677169,44.470954712793,44.4648374931618,44.4562971544281,44.4450536876742,44.4308438845129,44.4134814978297,44.3929523426935,44.3695551179927,44.3440926843643,44.3181012957335,44.2940704230106,44.2755501801396,44.2669770809814,44.2730102848334,44.2972352134206,44.3403473517106,44.398385994677,44.4620431327464,44.5180819490051,44.5530650564964,44.5581208604903,44.5323975836751,44.4832725742689,44.4232448079492,44.3653297871418,44.3192733128426,44.2899102236282,44.2775742833593,44.279625253298,44.2921222597171,44.3110766916022,44.3331432773638,44.3558563088803,44.3775901876168,44.3973969610201,44.4148175025073,44.4297138372682,44.4421384046005,44.4522397923545,44.4601982503333,44.466183302233,44.4703269323155,44.4727074946731,44.4733410097427,44.472177730374,44.4691028786819,44.4639414637285,44.4564682861622,44.4464257804432,44.4335543136348,44.4176418449275,44.3986019674492,44.3765900985974,44.3521645474868,44.3264883206792,44.3015433949911,44.2802872595057,44.2666245023105,44.265015333533,44.2795497128268,44.3124573107306,44.3623534466707,44.4229650176023,44.483344786817,44.5302484158536,44.5522636918548,44.5439834313186,44.5080628100609,44.4540241531822,44.394539842336,44.3412121608185,44.3017239230269,44.2790665560217,44.2723982918379,44.2786009785579,44.2937533310962,44.3141404805984,44.3367599244662,44.3594539672349,44.380830552603,44.4000985146093,44.4168926923422,44.4311238389914,44.4428633496778,44.452260592777,44.4594862772336,44.4646949425126,44.4680008946866,44.4694634894005,44.4690790881138,44.4667782030198,44.4624274026716,44.455836646414,44.446774022398,44.434991497815,44.4202672343498,44.4024719798414,44.3816681822018,44.358249020161,44.3331174021017,44.3078876538121,44.2850604653575,44.268074037199,44.2610829361692,44.2682959475964,44.2927771721628,44.334844649977,44.3905800828108,44.451314983509,44.5049313103696,44.5391151953246,44.545509081637,44.5228206529388,44.4772309152849,44.4199069865277,44.3630174846162,44.3162080107165,44.2848138189142,44.2699181904109,44.2695585559989,44.2802301512812,44.2981169586621,44.3198459235608,44.3428092531584,44.3651974205942,44.3858835860403,44.4042584004914,44.4200699986318,44.4332920456213,44.4440243468021,44.4524221508872,44.4586477575913,44.4628383426945,44.465085241797,44.4654214155996,44.4638151432072,44.460169140688,44.4543253978089,44.4460772229934,44.43519141623,44.4214451861712,44.4046842100224,44.3849095009889,44.3624001587382,44.3378741833784,44.3126765992232,44.2889588378065,44.2697735331021,44.2589608790542,44.2606706570865,44.278396708623,44.313559656607,44.3639832645421,44.4229709810459,44.4798306070125,44.5222943612081,44.5403004831342,44.5295677664914,44.4931616330955,44.4402192449904,44.3825668459347,44.3309760819235,44.2926383016877,44.2704521626332,44.26375318267,44.269693010736,44.2845827047935,44.3048464431811,44.3275277865412,44.3504490690555,44.3721634590909,44.3918146825896,44.4089771877005,44.423513169414,44.4354591300685,44.444942107334,44.4521206101219,44.4571442888474,44.4601271678977,44.4611306369338,44.4601537769305,44.4571298301171,44.4519287553535,44.4443669677625,44.4342266724958,44.4212887281772,44.405384606688,44.3864743031681,44.3647569391773,44.3408173025031,44.3158015332198,44.2915946816512,44.2709391965921,44.2573897739425,44.2549635219622,44.2673535966514,44.2966848661809,44.3420399355903,44.3983228456526,44.4562531425416,44.5040909249534,44.5309303379507,44.5303728238803,44.5028454051369,44.4553555616342,44.3988447325811,44.3445418242298,44.3009797684111,44.272630302111,44.2601233069485,44.261398974534,44.2730657542259,44.2914938032993,44.3134828536708,44.3365489911064,44.3589549835576,44.3796066707801,44.3979025322915,44.4135857192755,44.4266199783794,44.4370944799876,44.4451547731416,44.450954520465,44.4546227255557,44.4562422690029,44.4558369156018,44.453365235278,44.4487210538248,44.4417412010208,44.4322225685438,44.4199519001154,44.4047532463741,44.3865592783244,44.3655128062104,44.3421022308292,44.3173265615146,44.2928685471198,44.2712254742291,44.2557077551789,44.2501780795678,44.2583995988437,44.282939278923,44.3237752416524,44.37706408001,44.4347852148787,44.4859244999506,44.5192819837568,44.5270414699335,44.5075285378805,44.4657657492307,44.4115524642978,44.3560989944202,44.308818363488,44.2754591367589,44.2578444281761,44.254744841545,44.2631761658893,44.279573767015,44.3005907709108,44.3235031480475,44.3463215329367,44.3677318489479,44.3869617463921,44.4036333054358,44.4176320038627,44.4290022681118,44.4378695431582,44.4443845975057,44.4486849553292,44.4508690656621,44.4509800502026,44.4489971544156,44.4448342299663,44.4383457356438,44.4293419533581,44.4176164477352,44.4029902127443,44.3853781639037,44.3648839238511,44.3419267800204,44.3173979014568,44.2928282093554,44.2705248191114,44.2535971855847,44.2457575241827,44.2507682577008,44.271465169862,44.3084521716155,44.3588389570548,44.4156634172675,44.4686719338599,44.5066981943606,44.5210346832693,44.508411113632,44.4721313677578,44.4207940170487,44.3652883359635,44.3155316295184,44.2782493383573,44.2563001597884,44.2492585940187,44.2546030841665,44.2689206105484,44.288801001542,44.3113445510793,44.3343523806354,44.356314721858,44.3762995024361,44.3938105420518,44.4086531435894,44.4208227032671,44.4304192778618,44.437585211667,44.4424611539264,44.445156047254,44.4457277174387,44.4441719387685,44.4404190636703,44.4343384740704,44.4257523028771,44.4144611525973,44.400285877362,44.3831306535797,44.3630729074248,44.3404839264478,44.3161780444659,44.2915752641907,44.2688393087203,44.2509203243325,44.2413964181859,44.2439925527329,44.2616971771329,44.2955383601786,44.343328640093,44.3989544412268,44.4528681201006,44.4941145493182,44.5134758104415,44.5065258716834,44.4751634174944,44.4268555034402,44.3720068469253,44.320754128674,44.2805236150413,44.2550252039174,44.244562810946,44.2470873327995,44.2593920092578,44.2780699198256,44.3001046434929,44.3231315229929,44.3454733170073,44.3660539333986,44.38426583796,44.399835491332,44.4127073790984,44.422952628806,44.4307008991928,44.4360915155484,44.4392395653616,44.4402134886162,44.4390218648276,44.4356083045362,44.4298545265156,44.4215928827084,44.4106308337297,44.3967911546284,44.3799727462645,44.3602372650462,44.3379252087226,44.3137996808117,44.2892041496823,44.2661995265007,44.2476155419997,44.2369181652102,44.2377776631162,44.2532551458461,44.2846487027955,44.330264823283,44.3846370551971,44.4388231032433,44.4821591486613,44.5051863985765,44.5026925792302,44.4754913053135,44.4300641816324,44.3762713903787,44.3242663735743,44.2819361800103,44.2536504564891,44.2403368912074,44.2403929251278,44.25084437185,44.2683368692109,44.2897886775684,44.3127119505579,44.3352923858306,44.3563289548507,44.3751130434679,44.3912964417633,44.40477303923,44.4155831149724,44.42384055902,44.4296797823002,44.4332183019865,44.434531552634,44.4336375373676,44.4304901109239,44.424980857166,44.4169506967495,44.4062135725034,44.3925957819221,44.3759955502532,44.3564677203511,44.3343368970792,44.3103372313408,44.2857658063409,44.2626168973268,44.2436359389634,44.2322006903607,44.2319200793792,44.2458698912997,44.2754957876124,44.3194209257632,44.372638605505,44.4266901286341,44.4712228083677,44.4967265195236,44.4975096212931,44.473607752883,44.4307050136666,44.3781296470285,44.3259170302353,44.282213359072,44.2518613047939,44.2362884303379,44.2342863337321,44.2431159529118,44.2595085982114,44.2803602057814,44.303099723174,44.3258070017386,44.3471774850931,44.3664144202418,44.3831015143088,44.3970843280109,44.4083718538115,44.4170602145947,44.4232760981497,44.4271362957659,44.428720014848,44.4280515778393,44.4250922534754,44.4197411258708,44.4118460712858,44.401227099018,44.3877154815093,44.3712130389734,44.3517761246301,44.329727240836,44.305792104928,44.2812490850979,44.2580590597057,44.2389167977132,44.2271355547106,44.2262609497578,44.2393374936549,44.2678555418831,44.3105999711312,44.3628508731058,44.4165048848346,44.4615061887262,44.4884295050689,44.4913611064021,44.4698450881737,44.4289747219685,44.3776059702932,44.325572856999,44.2811142394556,44.2493700137944,44.2321350027964,44.2285243187854,44.2360178348543,44.2514514744104,44.2717335053835,44.2942461980592,44.316994516989,44.3385931905326,44.3581722590408,44.3752559044714,44.3896453046634,44.4013190439113,44.410354461498,44.4168684222538,44.4209743360709,44.4227523071395,44.4222301078273,44.419373750872,44.4140875735845,44.4062249000622,44.3956115081029,44.3820852388991,44.3655559252029,44.3460898406174,44.3240210676988,44.3000869094938,44.275573581062,44.2524399816772,44.2333615522491,44.2216088661087,44.2206624627719,44.2334940508497,44.2615458432154,44.3036238258077,44.3551349457864,44.4082057017375,44.4530481222116,44.4804266936771,44.4844273721859,44.464367114951,44.424958266713,44.3746704581883,44.3230885497103,44.2784064620514,44.2458989529122,44.2275937298372,44.2228477236332,44.2293299516327,44.2439883430873,44.2637705145301,44.2860447448072,44.3087710116988,44.3305067238048,44.3503249733238,44.367700472775,44.3823953341678,44.3943597396501,44.4036520964019,44.4103779846105,44.4146452301673,44.4165322714144,44.4160676789187,44.4132197050148,44.4078958536523,44.3999535964998,44.3892244912174,44.3755550010577,44.3588680218087,44.3392489325911,44.3170578730501,44.2930643154522,44.2685888388401,44.2456186881901,44.2268388679828,44.2154954573301,44.2149983428317,44.2282029377977,44.2564127887981,44.298322321867,44.3493172245349,44.4016383764774,44.445737296837,44.472660367646,44.476692589736,44.4571672659653,44.4186177616867,44.369222372955,44.3182894483942,44.2738517610675,44.2411703659016,44.2223749038615,44.21697772116,44.2227986631849,44.2368964855847,44.2562786564116,44.2783282428139,44.3009884550897,44.3227826071905,44.3427437623857,44.3603082153223,44.3752053593992,44.3873598944861,44.3968118897399,44.4036547479751,44.407988926846,44.4098889389027,44.409381730762,44.4064354976331,44.4009590719503,44.3928131370876,44.3818356067672,44.3678844662278,44.3509019058791,44.3310030924129,44.3085903624219,44.2844874225183,44.2600764449889,44.2374024974154,44.2191858390482,44.2086603227746,44.2091516377508,44.223347605553,44.2523185812942,44.294518247066,44.3451750893836,44.3965461494978,44.4393082944096,44.4648846210818,44.4679469354035,44.448068370112,44.4097879625593,44.3610818966229,44.3109616079539,44.2671964577033,44.2348984971778,44.216175909994,44.2106110271484,44.2161325707162,44.2299034762811,44.2490064136186,44.2708642524477,44.2934294734381,44.3152136406936,44.335226696987,44.352878037201,44.3678713435586,44.3801094333083,44.3896152409047,44.3964696033552,44.4007642254924,44.4025677522481,44.401903362259,44.3987371952423,44.3929779732437,44.3844892565416,44.3731168082873,44.3587343780113,44.3413115166577,44.3210061496506,44.2982814668492,44.274039702855,44.2497529218341,44.2275522153068,44.2102139321264,44.2009628301865,44.2030141472369,44.2188234641402,44.2491246097117,44.2920029419677,44.3424090749968,44.3925440264977,44.4333228107879,44.456655265574,44.4577834254022,44.436722481835,44.3981752615242,44.3499862218422,44.3008449110005,44.2581626793605,44.226780133959,44.2086718430492,44.2034107996145,44.2089935661413,44.2226781473718,44.2416340156042,44.2633453171066,44.2857972250721,44.3075103386658,44.3274877073941,44.3451232682261,44.3601022747283,44.3723096981226,44.3817530186926,44.3885005713714,44.3926343285148,44.3942154952913,44.393261715096,44.3897355299951,44.3835447509824,44.3745564299003,44.3626270763866,44.3476524313656,44.3296400937023,44.3088068739305,44.2856987817392,44.2613235598461,44.2372722762451,44.2157875622693,44.1997149124711,44.1922595150821,44.196481756089,44.2145219397182,44.2466625899989,44.2904964855829,44.340597902391,44.3890766984594,44.4271376870646,44.4473113713047,44.4455913723361,44.4226110144632,44.3833584862676,44.335586780757,44.2876252337943,44.2464361356913,44.2164795971643,44.1994992230441,44.1949900270925,44.2009802746724,44.214814100508,44.2337568734443,44.2553721449771,44.2776981774203,44.2992831836003,44.3191382198784,44.3366526032295,44.3515003422421,44.3635528059387,44.372804065447,44.3793104456309,44.3831436564025,44.3843563658512,44.3829594619195,44.3789110554418,44.3721182446754,44.3624536360526,44.3497894458352,44.3340524352585,44.3153024804065,44.2938354436827,44.2703060259115,44.2458570632923,44.2222273192694,44.2017909700708,44.1874633596762,44.1824001584611,44.1894385234199,44.2102984147325,44.2446856949738,44.2895863050611,44.3391334643599,44.3853607646282,44.4198631110116,44.4359525767439,44.4305494215959,44.4050457663621,44.3647895975051,44.3174438894446,44.270921075834,44.2316457840597,44.2036038921256,44.1882290582646,44.184884169812,44.1916010661906,44.2058032304328,44.2248594031898,44.246427393195,44.2686155163612,44.290015381517,44.3096590460184,44.3269409741019,44.3415306929166,44.3532902385686,44.362202618111,44.3683130964794,44.3716831499596,44.3723564727684,44.3703367974835,44.3655780623865,44.3579883740394,44.3474500947784,44.3338590318486,44.3171857872264,44.2975612779013,44.2753853735245,44.251451353199,44.2270682923008,44.2041481839042,44.1852064986361,44.173210296849,44.1712093102719,44.1817198975901,44.2059140220324,44.2427912311892,44.2886392790673,44.3371353534156,44.3803148491378,44.4103166246011,44.4214172797898,44.4116206957341,44.3831699816328,44.3417905242387,44.2950133572644,44.2502587676391,44.2133299216493,44.1876633442892,44.1743253717241,44.1725097857437,44.1802337696871,44.1949966120568,44.2142766682623,44.2358374683806,44.257870522956,44.2790233380406,44.298359611141,44.3152873076075,44.3294776043786,44.3407874138283,44.3491913493127,44.3547251447911,44.3574408398107,44.357373682123,44.354521086237,44.3488347271446,44.3402276914629,44.3285993460107,44.3138809551871,44.2961046666668,44.2754966278485,44.2525907537356,44.2283519493719,44.204285607483,44.182494452979,44.1656276744876,44.1566588465998,44.1584417904981,44.1730427166423,44.2009404294578,44.2403079814402,44.2866860495007,44.3333490548402,44.3724849903016,44.3969802929422,44.4022660588514,44.387549890569,44.3559550874344,44.313539116306,44.2676172169468,44.225028985098,44.1908826757041,44.1680129851307,44.1570854536236,44.1571060095578,44.1660692249534,44.1815499149945,44.2011408944111,44.2227192153737,44.2445685804506,44.2654013091499,44.284320785615,44.3007552759326,44.3143830727064,44.3250601854204,44.3327559977271,44.3374990801334,44.3393339557268,44.3382893844194,44.3343591423288,44.3274969733591,44.3176281218164,44.30468036859,44.2886374533352,44.2696166587661,44.2479694136648,44.2243980970249,44.200072918078,44.1767196306548,44.156633600818,44.1425634818477,44.1374081621596,44.1436971256945,44.1628884626603,44.1946187805356,44.236146378401,44.2822828519576,44.3260377789955,44.3599756786316,44.3779676111711,44.3767707388736,44.356856746203,44.3221836217488,44.2790335045043,44.2343887826904,44.1944167762609,44.1634752061305,44.1437706345482,44.1355587521946,44.1376561677046,44.1480359081627,44.1643502988759,44.184309427156,44.2059076669929,44.2275256217224,44.2479457340896,44.266316598506,44.282092176991,44.2949629041153,44.3047884183819,44.3115369046703,44.315233430052,44.3159185957181,44.3136187373956,44.3083293411162,44.30001397206,44.2886215657537,44.2741250973134,44.2565840038361,44.2362306824932,44.2135771305267,44.189530498889,44.1654955420806,44.1434284101998,44.1257931284264,44.1153663053879,44.1148477839015,44.1262767440475,44.1503292160926,44.1856709427758,44.2286189015428,44.2733646243611,44.3128825651492,44.3403962420302,44.3510013654808,44.342901829739,44.3178130335464,44.2804038594618,44.2370219618722,44.1941823367188,44.1572987306197,44.1299477979789,44.11370933404,44.1084425777321,44.1127875510208,44.1247031170967,44.1419215850834,44.1622702322072,44.1838603402298,44.2051700103568,44.2250538937439,44.2427092781801,44.2576203463794,44.2694948292053,44.2782014363302,44.2837126908882,44.2860558062817,44.285273512987,44.2813967893452,44.2744318832065,44.2643645120498,44.2511843883182,44.2349328583507,44.2157749578204,44.194093905453,44.1706002321795,44.1464388289292,44.1232654438472,44.1032515678136,44.0889680675084,44.0831016139311,44.0879842142752,44.1049724693251,44.1337954818856,44.1720738050272,44.2152497024829,44.2571097660302,44.2909046669056,44.3108251581452,44.3133933041077,44.298297440768,44.2683841295212,44.2288399333538,44.1858871336923,44.1454414168776,44.1121050342908,44.0886726497437,44.0761245392033,44.0739546441262,44.0806484497542,44.0941607024148,44.1123045892934,44.1330208613572,44.1545332437613,44.1754144967147,44.1945912579927,44.2113119533218,44.2250956483555,44.2356736358664,44.242931004701,44.2468526017826,44.2474763819892,44.2448567134421,44.2390403562371,44.2300582049422,44.2179361505548,44.2027282166878,44.1845740064731,44.1637798847339,44.1409185555177,44.1169342306352,44.0932304204951,44.0717057947218,44.0546940411556,44.0447625438579,44.0443406408542,44.0551890397341,44.077788322982,44.1108018287857,44.1508226794611,44.1926012324106,44.2298362251062,44.2564150209546,44.2677815693657,44.262004625372,44.2401903719716,44.2061163500922,44.1652463847644,44.1234811530204,44.0860275660482,44.0566509069861,44.0373922953006,44.0286800813605,44.0296848782788,44.0387631342012,44.0538743898826,44.0729102729532,44.093917476417,44.1152244784953,44.1354937888372,44.1537230902636,44.169214970498,44.181529726329,44.1904310257352,44.1958308287303,44.1977379567323,44.1962137905202,44.1913383979856,44.1831905792677,44.1718455228437,44.1573936341207,44.1399832104358,44.1198874822233,44.0975925379149,44.0738962863245,44.0499997672276,44.0275616461756,44.0086771898214,43.9957393313071,43.9911486941989,43.9968689181563,44.0138761735879,44.041619295827,44.077665633739,44.1177208100306,44.1561447205569,44.1869371578893,44.2049795040768,44.2071799144719,44.1931609709182,44.1652740153622,44.1279620258881,44.0867099101186,44.0469216403828,44.0130226253321,43.9879503591011,43.9730445982131,43.9682411240623,43.9724320053142,43.9838679131257,44.0005179269069,44.0203455668514,44.0414929347351,44.0623841189312,44.0817666385617,44.0987099295573,44.1125766333558,44.122978400983,44.1297244722258,44.1327689257426,44.1321611966659,44.1280039645389,44.1204224931026,44.1095496093462,44.0955303854034,44.0785498356673,44.0588850980881,44.0369801146931,44.0135352936159,43.9895968585438,43.9666211583514,43.9464800689919,43.9313686422524,43.9235811403607,43.9251429478388,43.9373272466314,43.9601425987413,43.991934029163,44.0292670627312,44.0672306584246,44.1001879007694,44.1228463140881,44.1313753086564,44.1242415215507,44.1025059846687,44.0695068394998,44.0300565967,43.9894217978298,43.9523752804572,43.9225299139104,43.9020338288269,43.8915913914182,43.8907070212876,43.8980344133426,43.9117352444787,43.9297873530211,43.9502163027943,43.9712482852186,43.9913953808901,44.0094888000068,44.0246752742233,44.0363891532133,44.04430981495,44.0483116445166,44.0484123442909,44.0447246192965,44.0374160800524,44.0266822034389,44.0127370433281,43.9958257059892,43.9762609706958,43.9544833769192,43.9311391944034,43.907163766063,43.883849195311,43.8628667675909,43.8462089530903,43.8360180915945,43.8342844202089,43.842428765735,43.8608330779036,43.8884333721912,43.9225223559166,43.9588964755269,43.9924077688284,44.0178547673229,44.0310120870704,44.0295175241265,44.0133564189504,43.9848071804566,43.9478874840057,43.9074906109279,43.8684665656571,43.8348710567156,43.8095099375362,43.7937983434333,43.7878732571368,43.7908618245828,43.8012097741913,43.8169984772731,43.8362093225372,43.8569196734453,43.8774316343392,43.8963435082299,43.912576544096,43.9253689725847,43.9342474514044,43.9389841195152,43.9395460520691,43.936043125832,43.9286800062845,43.9177178901433,43.9034514603125,43.8862058743703,43.8663571138496,43.8443762477775,43.8208937339134,43.7967736284209,43.7731798330795,43.7516085144106,43.7338551137064,43.7218848624644,43.7175871107813,43.722419655259,43.7369889996607,43.7606578897188,43.791305447013,43.825365644082,43.8582198340307,43.884920498549,43.9011051720592,43.9038707084496,43.8923647966951,43.8679292361759,43.833769389777,43.794267270582,43.7541443417968,43.7176878418299,43.6881940795218,43.6676912925089,43.6569222639415,43.655516208143,43.6622642218058,43.675423328802,43.6929971268582,43.7129650332651,43.7334508789806,43.7528333595829,43.7698065898335,43.783400724584,43.7929722324741,43.7981723275692,43.7989010586416,43.7952539275556,43.7874676469529,43.7758715674673,43.7608511285914,43.7428290851746,43.722268867381,43.6997018658483,43.6757763636292,43.6513201151578,43.6274014761695,43.6053665443586,43.5868240804517,43.5735493188303,43.5672861175775,43.56944748825,43.5807474781478,43.6008368181694,43.6280475467441,43.6593598340412,43.6906717507613,43.7173771733403,43.7351569440678,43.7408012442751,43.7328476600815,43.7118614090517,43.6802894593555,43.6419465996652,43.6012885506403,43.5626621654596,43.5296938097073,43.5049081288853,43.4895935606307,43.4838736594537,43.4869150291527,43.4972004553655,43.5128098482243,43.5316714562911,43.5517642052413,43.5712655336113,43.5886472946092,43.6027262941336,43.6126774061552,43.618017297711,43.6185665020041,43.6143973484041,43.6057752063917,43.5931005269983,43.5768590480062,43.5575869779216,43.5358566603572,43.5122858081732,43.487569598023,43.4625296097394,43.4381670241096,43.4157005316968,43.3965638246441,43.3823360938668,43.3745850010115,43.3746180123066,43.3831652375776,43.4000508249235,43.4239403596344,43.4522638724306,43.4813940205689,43.5071019082212,43.5252302826286,43.5324434077413,43.5268691099042,43.5084649078613,43.4790152746794,43.441772822437,43.400851473959,43.3605309980669,43.3246284699894,43.2960455786791,43.2765364616967,43.2666832300504,43.2660297978879,43.2733115183545,43.2867228301507,43.3041792075058,43.3235458891012,43.3428196962268,43.3602600664086,43.3744714056817,43.3844420211649,43.3895463733292,43.3895180685938,43.3844014237296,43.3744897822062,43.3602590294695,43.3423047773462,43.3212912243461,43.2979184642992,43.2729127203514,43.2470403842195,43.2211417520218,43.1961741938627,43.173247935781,43.1536321795755,43.1387072664217,43.1298428607757,43.1281952051184,43.1344390256171,43.1484786270102,43.1692102175029,43.1944216346535,43.2209043217374,43.2448098134282,43.262215724198,43.2697947801357,43.2654328340372,43.2486408537549,43.2206565062075,43.1842159239177,43.14306374561,43.1013286365047,43.0629060442556,43.0309632746084,43.0076315212608,42.9938962843707,42.9896572236562,42.9939072143299,43.0049765054302,43.0207954955236,43.0391422727587,43.0578539027791,43.0749909398544,43.0889520885174,43.0985407474309,43.1029881162179,43.1019393928938,43.0954108541297,43.0837265484261,43.0674439837059,43.0472784500061,43.0240352923457,42.998558303393,42.9717002013288,42.9443177051902,42.9172889646485,42.8915452648715,42.8681026856392,42.8480740499934,42.8326390353478,42.8229531714169,42.8199868001435,42.8243036526806,42.8358133129251,42.8535563437303,42.8755956259641,42.8990822047858,42.9205326252645,42.9363007444723,42.9431651343111,42.9389058676645,42.9227324136708,42.8954559792316,42.8593655959979,42.8178440348352,42.7748204390653,42.7341833381531,42.6992675251171,42.672491729509,42.6551778858355,42.6475421506915,42.6488212338557,42.6574865741596,42.6715000838209,42.6885734858986,42.7064040685387,42.7228699450231,42.7361762438783,42.7449498297478,42.7482845418535,42.7457420566833,42.7373157653655,42.7233667508388,42.7045421248263,42.6816865774088,42.6557578590243,42.6277558735017,42.5986729282931,42.5694693292482,42.5410739104003,42.514403480845,42.490389162892,42.4699923245556,42.4541899772643,42.4439111949915,42.4399142114791,42.442609116721,42.4518519151986,42.4667573279171,42.4855923459943,42.5058114755977,42.5242720240341,42.537624921413,42.5428239787009,42.5376518216422,42.5211421077858,42.4937950103148,42.4575325405089,42.4154054129752,42.371121663049,42.3285011815249,42.2909628829928,42.261127390094,42.2405803209992,42.2298029416583,42.2282476149317,42.2345189705126,42.2466170786219,42.2622026105741,42.2788520273507,42.2942801151388,42.3065158122888,42.3140244716428,42.3157753973092,42.311257913128,42.3004526300224,42.2837671621682,42.2619473593271,42.2359761372389,42.2069720987195,42.1760992162126,42.144496768939,42.1132354189049,42.0833008050221,42.0556005737718,42.0309849134402,42.0102654188269,41.9942139545213,41.9835238911101,41.9787223088637,41.9800342342805,41.9872175591283,41.9994062352214,42.0150133633596,42.0317475903558,42.0467803684409,42.057068006983,42.0597883934636,42.0528115289074,42.0351010307715,42.006950827731,41.9699973056653,41.9270009396264,41.8814452723592,41.837038396228,41.7972138481144,41.7647148655822,41.7413166832809,41.7277071800797,41.7235162080849,41.7274636556503,41.73758673105,41.7515061896927,41.7666961743812,41.7807300619651,41.7914830970203,41.7972804440978,41.7969861019851,41.7900337931968,41.7764055224519,41.7565670533709,41.7313721000792,41.7019485352211,41.669580310501,41.6355979937273,41.6012887869913,41.5678335920756,41.5362742181324,41.5075084443408,41.4823048889347,41.4613243886024,41.4451311367472,41.4341767028291,41.4287446935343,41.4288539281187,41.4341327850443,41.4436938982576,41.4560515668159,41.4691279660034,41.480383577193,41.4870812204954,41.4866566494525,41.4771324279966,41.4574886510564,41.427903940617,41.3898052955639,41.345708746757,41.2988807004807,41.2528877162131,41.2111203760816,41.1763727384651,41.1505376064654,41.1344482886199,41.1278684643989,41.1296092616877,41.1377392151064,41.1498479718742,41.1633263674717,41.1756313051942,41.1845115981657,41.1881790804275,41.1854169940525,41.1756244747832,41.1588016933262,41.1354847703604,41.1066429092251,41.0735522273382,41.0376614702569,41.0004641333362,40.9633894983467,40.9277217705,40.894552016914,40.8647622484445,40.8390352632969,40.8178785873637,40.8016471209211,40.7905482648476,40.7846166048994,40.7836533513803,40.7871381185466,40.7941349897624,40.8032270521062,40.8125185765682,40.8197373463833,40.8224498160818,40.8183720448304,40.8057277295169,40.7835817929307,40.7520730380894,40.7124859900885,40.6671362687121,40.6190854395573,40.5717378254745,40.5283933489505,40.4918330692667,40.4639998996319,40.4458125229142,40.4371234471545,40.4368087129062,40.4429605187507,40.4531457956854,40.4646924757779,40.4749689367289,40.4816288602841,40.4828018762482,40.4772187106135,40.4642673666733,40.4439836844869,40.4169851707189,40.3843611015216,40.347534482981,40.3081124717672,40.2677413293393,40.2279799721483,40.1902028093468,40.1555380274191,40.1248421060785,40.0987056283398,40.0774801120892,40.0613116250453,40.0501655061887,40.043828700957,40.0418826557256,40.0436500569338,40.0481311563822,40.0539566860401,40.0593901570439,40.0624087384425,40.0608771600681,40.0528051311127,40.0366516384264,40.0116178349268,39.9778622652118,39.9365822401974,39.8899315695026,39.8407802015705,39.7923553120736,39.7478267097925,39.7099069296248,39.6805281757515,39.6606387635574,39.6501372773428,39.647939343964,39.6521538666044,39.6603345875003,39.6697688372613,39.6777669894767,39.6819217387437,39.6803141836958,39.671652450042,39.6553372106108,39.6314562379517,39.6007165892467,39.5643278844905,39.5238532494262,39.48104581898,39.4376882887573,39.3954509868602,39.3557805032808,39.3198263150824,39.2884074327615,39.2620153553613,39.2408442318482,39.2248349555298,39.2137179755572,39.2070408564042,39.2041716414335,39.2042776737656,39.2062903141716,39.2088763000742,39.2104427456487,39.2092015404581,39.2033082760787,39.1910718395666,39.1712078989513,39.1430896242078,39.1069393300146,39.0639098828589,39.0160245633881,38.9659735124168,38.9167956273245,38.8714983882573,38.8326789068004,38.8022061066662,38.7810089924797,38.7689945103837,38.7650960804042,38.7674348963504,38.773563087952,38.7807515218135,38.7862847301711,38.787729812785,38.7831535517664,38.7712709120825,38.751517330698,38.7240457806978,38.6896568694136,38.6496757720909,38.6057934013034,38.5598908210068,38.5138656166614,38.469476908626,38.4282221942997,38.3912545350963,38.3593431491994,38.3328747148102,38.3118872543957,38.2961241341265,38.2850933569178,38.2781177972251,38.2743658675924,38.2728592242387,38.272463449113,38.2718770367672,38.2696404954802,38.2641879244796,38.2539561440957,38.2375516897677,38.2139569286121,38.1827387429475,38.1442128321024,38.0995182498284,38.05057125736,37.9998916244965,37.9503216529427,37.9046810423386,37.8654135266359,37.8342815567633,37.8121543802624,37.7989164883605,37.7935024252867,37.794044788017,37.7981079031622,37.8029715135626,37.8059267848757,37.8045500518225,37.7969265043638,37.7818049184429,37.7586741616345,37.7277614090655,37.6899599461771,37.6467005625028,37.5997845687817,37.5511983332134,37.5029290368654,37.4567993189318,37.4143349243885,37.3766747386588,37.3445271075022,37.3181705776507,37.2974917358487,37.2820483649436,37.2711434503365,37.2638954022839,37.2592927145258,37.2562271428708,37.2535075504108,37.2498650999658,37.2439670085396,37.2344579839503,37.220043877421,37.1996208934063,37.1724381226995,37.1382655344238,37.0975291090884,37.0513738141524,37.0016252243024,36.9506398445627,36.9010576509278,36.855491721841,36.8162035823234,36.78481597969,36.7621073212375,36.7479166212349,36.7411686421199,36.7400101704491,36.7420333102163,36.7445521672608,36.744895807743,36.7406822934646,36.7300446656185,36.7117884392084,36.6854699794066,36.6513947605262,36.6105429585753,36.5644364273334,36.5149654956195,36.464196108673,36.4141777370288,36.3667704546906,36.3235059961885,36.2854928406621,36.2533698770712,36.2273074580691,36.2070491958648,36.1919833154809,36.1812294414406,36.1737260091302,36.1683055274418,36.1637497207756,36.158823540081,36.1522947704661,36.142952426111,36.1296400316143,36.1113174679501,36.0871568716779,36.0566655882133,36.0198157286706,35.9771498270666,35.9298293812317,35.8795996799219,35.8286593815267,35.7794431660331,35.734345192891,35.6954249758981,35.6641422841819,35.6411630323124,35.6262655515085,35.6183594955936,35.6156117821023,35.6156587375738,35.6158732132898,35.6136507677638,35.6066798416145,35.5931661489573,35.5719898268424,35.5427836740263,35.5059306644248,35.4624877122393,35.4140496139527,35.3625717650324,35.3101725233566,35.2589360876248,35.2107347661736,35.1670859174944,35.1290540837244,35.0972033692656,35.0715994157181,35.0518549047515,35.0372079460396,35.0266195808424,35.0188755330647,35.0126786967221,35.0067227517516,34.9997433038474,34.9905499464032,34.978048945342,34.9612698804388,34.9394088790461,34.9118953946149,34.8784797036241,34.8393269378262,34.7950941168348,34.7469628262287,34.696604068747,34.6460632709448,34.5975698824854,34.5532932108536,34.5150795416498,34.484211786221,34.4612305330362,34.4458453682645,34.4369503058891,34.4327405493931,34.4309128550298,34.4289208893303,34.424251414163,34.4146869961167,34.3985254392408,34.3747339522429,34.3430256464201,34.30385584724,34.2583446693794,34.2081394798742,34.1552357573041,34.1017772878048,34.0498567349924,34.0013356839801,33.9576997024658,33.9199592444692,33.8886018158527,33.863595198253,33.8444361748137,33.8302346290597,33.8198196324131,33.8118527101485,33.8049342731293,33.7976923448849,33.7888478829998,33.7772573185244,33.7619390149618,33.7420944830712,33.7171358459552,33.6867274400989,33.6508420107975,33.6098225636578,33.5644324638149,33.5158719235909,33.4657407876486,33.4159359192463,33.3684848137701,33.3253319617661,33.2881069959868,33.2579104704702,33.2351525253019,33.2194719529828,33.2097502654855,33.2042202105351,33.2006538736354,33.1966045154926,33.1896701204049,33.1777456664066,33.1592348349034,33.1331990807479,33.0994312022425,33.0584502936234,33.0114239482527,32.9600308653381,32.9062820365435,32.8523212536491,32.8002258826319,32.7518269993774,32.7085645040643,32.671388200338,32.6407105210267,32.6164110713877,32.5978879041608,32.5841459056932,32.5739093362973,32.5657438879774,32.5581739596657,32.5497833472493,32.5392919865783,32.5256070885108,32.5078528122838,32.485387081808,32.4578158581791,32.4250132746416,32.387150633293,32.3447296625602,32.2986079403997,32.2499996615759,32.2004350974772,32.1516679327164,32.1055301614787,32.0637468222753,32.0277341881879,31.9984120167282,31.9760611915935,31.9602523243826,31.9498600003249,31.9431638062448,31.9380238790629,31.9321079218537,31.9231400950927,31.9091405394466,31.8886272211265,31.8607583104411,31.8254020214109,31.7831302854582,31.7351414955378,31.683124844369,31.6290838797946,31.5751395736798,31.5233335226156,31.4754501668896,31.4328735572039,31.3964896973981,31.3666403274644,31.3431286436303,31.3252723194105,31.3119947231501,31.3019418519517,31.2936106275176,31.2854741581065,31.2760915198999,31.2641934139986,31.2487401816136,31.2289541648677,31.2043330398199,31.1746532535641,31.1399721705395,31.1006338442124,31.0572773493029,31.0108401237086,30.9625440280598,30.9138508267093,30.8663775224074,30.8217699768704,30.7815436351609,30.746910173645,30.7186157115712,30.6968178918402,30.6810250483405,30.6701116995305,30.6624127235605,30.6558862733131,30.6483251383932,30.6375895752068,30.6218324281517,30.5996895685504,30.5704144674294,30.5339438289397,30.490890229441,30.4424663259879,30.3903523932112,30.3365240650788,30.2830599193403,30.2319489915376,30.1849167218113,30.1432846413446,30.1078747739905,30.0789647402587,30.0562943549157,30.0391195240079,30.0263048699201,30.016443131187,30.0079873642918,29.9993816230692,29.9891772736954,29.976125345569,29.9592399152101,29.9378327016592,29.911523758011,29.880236234799,29.8441837687625,29.8038568069782,29.7600096341718,29.7136443818632,29.6659837296869,29.6184221768891,29.5724477841574,29.5295321130749,29.4909944118941,29.457854689117,29.4306967215413,29.409564322316,29.3939114972875,29.3826198850125,29.3740866444509,29.3663748796429,29.3574089657798,29.3451904948128,29.3280079473809,29.3046147262735,29.2743552258954,29.2372260409005,29.1938679062065,29.1454922329056,29.0937531262482,29.040580856493,28.9879955835645,28.9379207205163,28.8920139112414,28.8515305968151,28.8172310188712,28.7893367264091,28.7675376523949,28.7510460081769,28.7386889776355,28.7290288316914,28.7204969593098,28.7115277054468,28.7006789901925,28.6867294313814,28.6687458012692,28.6461194929419,28.6185753548164,28.5861597542228,28.5492161777635,28.5083556349392,28.4644258517522,28.4184787083418,28.371731109899,28.3255120997244,28.2811896913656,28.2400748667446,28.2033066249401,28.1717291459479,28.1457779517528,28.1253945719785,28.1099876487456,28.0984527439024,28.0892544740828,28.0805648047028,28.0704423693543,28.0570312280899,28.0387545783432,28.0144798527781,27.983635931333,27.9462698944675,27.9030386287138,27.8551384402746,27.8041826121536,27.7520418473095,27.7006654208776,27.6519015880851,27.607334579582,27.5681527387671,27.5350584645589,27.5082260731479,27.4873089082364,27.4714923938962,27.4595855849167,27.4501404502326,27.4415859281445,27.4323629788211,27.4210476021376,27.4064510996355,27.3876905166061,27.3642267028473,27.3358720188769,27.3027734851763,27.2653792873999,27.2243964968496,27.1807456802745,27.1355144378462,27.0899080335995,27.0451925790684,27.0026258508875,26.9633732337963,26.928411034471,26.8984252240536,26.8737187880828,26.8541436173727,26.839072181897,26.8274199252981,26.8177221760973,26.8082608655612,26.7972282251191,26.7829084994813,26.7638556379434,26.7390453145296,26.7079831990373,26.6707573509004,26.6280298361677,26.5809700233455,26.5311384960049,26.480335410275,26.4304300376916,26.3831890974143,26.3401204759655,26.3023464012726,26.2705165047943,26.244766908113,26.2247269182224,26.2095704756779,26.1981054996338,26.1888910135549,26.1803696927036,26.1710024922924,26.1593924648616,26.1443867981306,26.1251493449666,26.1012000761795,26.0724223257184,26.0390426195898,26.0015904946845,25.9608464594958,25.9177850017347,25.873516739893,25.829230384654,25.7861323276322,25.7453805100561,25.7080103506001,25.6748537890458,25.6464570286864,25.6230069235178,25.6042786701344,25.589617435496,25.5779634174719,25.5679240655176,25.5578899387794,25.5461834570948,25.5312240743433,25.5116902590456,25.4866586035015,25.4557032745266,25.4189442208028,25.3770390964037,25.3311206829943,25.2826877337335,25.2334619011244,25.1852263360059,25.1396625443745,25.0982012998645,25.0619011390107,25.0313646084717,25.0066984037638,24.9875192307235,24.9730029854937,24.9619709971736,24.9530038895952,24.9445713518568,24.9351649881707,24.9234216153821,24.9082259539793,24.8887845135697,24.8646662925878,24.8358101599788,24.8025027643935,24.7653337889453,24.7251367513561,24.6829230973125,24.6398152782347,24.5969815444349,24.5555723307432,24.5166563856201,24.48115488718,24.4497737962697,24.422938040884,24.400734709836,24.3828749752125,24.3686849047927,24.3571331690345,24.3468991084955,24.3364785708129,24.324318614298,24.3089669288432,24.2892187002657,24.2642432116495,24.2336747426658,24.1976568032145,24.1568345901884,24.1122968196211,24.0654738519699,24.0180035867867,23.9715795206065,23.9277964889511,23.8880090430928,23.8532154103779,23.823976914878,23.8003789836842,23.7820358080551,23.7681367045172,23.7575285249301,23.7488253601284,23.7405345085751,23.7311864524639,23.7194565646421,23.7042675394495,23.6848640397196,23.6608545373452,23.6322193515404,23.5992878468182,23.5626909647209,23.5232971401345,23.4821398662397,23.4403437891469,23.3990537321323,23.3593682967792,23.3222775889407,23.2886038988674,23.2589450987983,23.2336228012748,23.2126401336164,23.1956562562579,23.1819854984765,23.1706276230723,23.1603322736348,23.1496957096099,23.1372825197093,23.121760283722,23.1020321264861,23.0773513885828,23.0474043463044,23.0123506991557,22.9728167122248,22.9298415921261,22.8847830418507,22.8391922920624,22.7946717960205,22.7527300175362,22.7146473855029,22.6813657575056,22.653410954142,22.6308544584184,22.6133165759297,22.6000095432128,22.5898155363386,22.58139151924,22.5732906065081,22.5640882992338,22.5525017466817,22.5374911816013,22.5183348473722,22.4946718960445,22.4665115207154,22.4342104637913,22.398424396679,22.3600409175805,22.3201026762913,22.2797283485545,22.2400371741467,22.2020802010397,22.1667790608816,22.134871767987,22.1068650811608,22.0829943080559,22.0631935028176,22.0470809428817,22.0339656800148,22.0228802234827,22.0126418838229,22.0019413655662,21.9894526463063,21.9739540112082,21.954447249643,21.9302610942046,21.9011262019961,21.8672121230935,21.8291212094593,21.7878395367064,21.7446498636317,21.7010157787538,21.658449023914,21.6183733265621,21.5819979215447,21.5502124793616,21.5235126683559,21.5019623972048,21.4851952453021,21.4724539986876,21.462663838394,21.4545318142493,21.4466629931591,21.437682286975,21.4263505986574,21.4116646751596,21.3929319226303,21.3698142876211,21.3423388365488,21.3108764175922,21.2760932054493,21.2388824523623,21.2002849768577,21.1614066575999,21.123339646975,21.0870916847093,21.053525483913,21.0233083849818,20.9968718043856,20.9743805319968,20.9557133070007,20.9404576573417,20.9279229438152,20.9171752833976,20.907096276233,20.8964644196885,20.8840543556393,20.8687454900424,20.8496288784538,20.8261002120534,20.7979275440295,20.7652849580861,20.728747262267,20.6892453485678,20.6479863897809,20.606346923785,20.5657496468311,20.5275361597196,20.4928479512886,20.4625266985122,20.4370427601981,20.4164578448763,20.4004245545393,20.3882221352937,20.3788245622871,20.3709942767931,20.363392680588,20.3546970578323,20.3437130905029,20.3294726641193,20.3113082484404,20.2888976863254,20.2622764895844,20.2318183314449,20.1981878392831,20.162272499597,20.1251020500502,20.0877639210245,20.0513221671216,20.0167452702808,19.9848457989654,19.9562328328411,19.9312768334322,19.9100864772256,19.8924977072346,19.8780764114614,19.8661370460696,19.8557795883149,19.8459460908681,19.8354958540707,19.8232952471173,19.8083151576867,19.7897266619067,19.7669843827962,19.7398874704478,19.7086101792572,19.6736973144356,19.6360238346897,19.5967220068162,19.5570831273825,19.5184435085259,19.4820659076785,19.4490277956972,19.4201268989734,19.3958125279173,19.3761485879405,19.3608111477735,19.3491202883111,19.3401029201748,19.33258055765,19.3252738641605,19.3169143130954,19.3063526860476,19.2926544659519,19.2751735139602,19.2535976822835,19.2279630158986,19.1986366002045,19.1662714721143,19.131739833374,19.0960526429465,19.0602742383496,19.0254399143529,18.9924826267898,18.9621726820297,18.9350720224913,18.9115030672941,18.8915313301093,18.8749612039641,18.8613450474958,18.8500064969201,18.8400792099196,18.8305616383164,18.8203868438297,18.8085040671498,18.7939662467923,18.7760155833651,18.754158116831,18.728218481341,18.6983675906144,18.6651187678949,18.6292913329415,18.591944350889,18.5542865980066,18.5175713730856,18.4829863049441,18.451548675572,18.4240160498993,18.4008203478293,18.3820311507911,18.367351267335,18.3561446479845,18.3474938740185,18.3402818570425,18.3332902618108,18.3253056698327,18.3152237799372,18.302142103685,18.2854327096791,18.2647885644274,18.2402397552379,18.2121390806426,18.1811197603078,18.1480308906094,18.1138583159964,18.0796394833427,18.0463804917511,18.0149820978621,17.9861792796325,17.9604966381265,17.9382199646106,17.9193831003031,17.9037688809988,17.8909233045372,17.8801826753325,17.870713875642,17.8615676869143,17.8517440641359,17.8402665681964,17.8262611572783,17.8090327422782,17.7881318307233,17.7634035805642,17.735012786839,17.7034406021775,17.6694518064725,17.6340347280407,17.5983189935901,17.5634787329078,17.5306304032132,17.5007348999149,17.4745131039209,17.45238261418,17.4344213340809,17.4203610603761,17.4096115035833,17.4013124727843,17.3944094857442,17.3877459958509,17.3801639203051,17.3706033491538,17.3581923224628,17.3423184441862,17.3226758410407,17.299283455077,17.2724736433791,17.2428531998641,17.2112417919284,17.1785949946792,17.1459202702141,17.1141942156043,17.0842882591194,17.0569080208716,17.0325492402726,17.0114710246127,16.9936856116901,16.9789630719264,16.966849341745,16.9566963855769,16.9477037089537,16.9389704936421,16.9295570624912,16.9185532122404,16.9051494223402,16.8887054645341,16.8688099478354,16.8453241929551,16.8184047106881,16.7885004087422,16.7563232183406,16.722793729449,16.6889662211947,16.6559397827762,16.6247637551324,16.5963463355695,16.5713748626131,16.550255134671,16.5330752878682,16.5195974789049,16.509278109889,16.5013148049151,16.4947159945024,16.4883869556722,16.4812246464862,16.4722128001457,16.4605086155208,16.4455130665695,16.4269183552781,16.4047282636226,16.3792499237199,16.3510585188426,16.3209392691806,16.2898133409216,16.258655698194,16.2284131878393,16.1999303033312,16.1738883342122,16.1507613692357,16.1307903672057,16.113974678664,16.1000792715773,16.0886555290853,16.0790736598211,16.0705651485765,16.0622739036425,16.0533145531006,16.042835623584,16.0300842366553,16.0144677861227,15.9956071937966,15.9733761192068,15.9479211208964,15.9196592447136,15.8892516735519,15.857554601079,15.8255510140779,15.7942692247158,15.764695504697,15.7376888723909,15.7139059292101,15.6937426977977,15.6772988250254,15.6643674650784,15.6544518551163,15.6468072364009,15.6405045403967,15.6345103175046,15.6277758845015,15.619327737438,15.6083510293103,15.5942584199621,15.5767378866009,15.5557750745394,15.5316483088496,15.5048972165625,15.476268681542,15.4466461897602,15.4169701734331,15.3881574904967,15.3610276188879,15.3362416465681,15.3142580266626,15.2953067820692,15.2793818258372,15.2662496388209,15.2554718436969,15.2464391437908,15.2384143922654,15.2305828845554,15.2221080325944,15.2121902352217,15.2001260463552,15.1853638729005,15.1675517178393,15.1465722294653,15.1225607402978,15.0959031400237,15.0672122197572,15.0372833070078,15.0070322624688,14.9774209050402,14.9493763991463,14.9237119021048,14.9010557623459,14.8817958164959,14.8660439679157,14.8536244035241,14.844086703451,14.8367429040934,14.8307254634472,14.8250612070008,14.8187548466837,14.8108746926193,14.8006328262444,14.787452351296,14.771015415117,14.7512874556114,14.728515449611,14.7032005916936,14.6760485109342,14.6479024825453,14.6196667701561,14.5922279842683,14.5663820537307,14.54277315833,14.5218490236228,14.5038347253736,14.4887250181662,14.4762935474967,14.4661163231584,14.4576065185354,14.4500578288596,14.4426939795007,14.4347222303665,14.4253886800547,14.4140327972572,14.4001380234274,14.3833747400821,14.3636316485035,14.3410318864479,14.3159311036958,14.2888961878544,14.2606651942,14.2320910233723,14.2040732182687,14.1774836594221,14.1530927446007,14.1315027568794,14.1130945637469,14.0979926329378,14.0860517359555,14.0768668019885,14.0698053539816,14.0640599694861,14.0587164138127,14.0528316306484,14.0455147702966,14.0360039951006,14.0237320057023,14.0083741187906,13.9898742738408,13.9684464507365,13.9445514511659,13.9188515615417,13.892147947558,13.865307400219,13.8391859902244,13.8145571457456,13.7920506701837,13.7721074608915,13.7549525174128,13.7405866431747,13.7287954189007,13.7191728061049,13.711156192383,13.7040697037929,13.6971729427987,13.6897126838303,13.6809752493302,13.6703371995536,13.6573116503131,13.641587156852,13.6230558990106,13.6018280821748,13.5782301528137,13.552785616432,13.5261788167761,13.4992037751783,13.4727018453754,13.4474932730038,13.4243085776913,13.4037258975463,13.3861200349918,13.3716279781347,13.3601342563759,13.3512777674329,13.3444798417856,13.3389914442927,13.3339556967474,13.3284804731671,13.3217147926459,13.3129222179325,13.3015445435872,13.2872497712776,13.2699597135486,13.2498544624594,13.2273532452966,13.2030736262546,13.1777733025596,13.1522805713397,13.1274206351221,13.1039450953085,13.0824712291223,13.0634360984825,13.0470684874454,13.0333794821701,13.0221705664592,13.0130566892638,13.0055009963403,12.998857761497,12.992420317523,12.9854712179202,12.9773322214743,12.9674118385832,12.9552480974709,12.9405439887311,12.9231929124232,12.9032915758866,12.8811383090007,12.8572157141316,12.8321578774932,12.8067038732043,12.781640776402,12.7577406497515,12.7356967998167,12.7160649036271,12.6992143454299,12.6852943140036,12.6742179820854,12.6656665465852,12.6591131929603,12.6538653034877,12.6491215954036,12.6440394795954,12.6378068910573,12.6297122619898,12.6192062703199,12.6059495520402,12.5898417198052,12.5710287242262,12.5498876949759,12.5269906969549,12.5030510626244,12.4788578188214,12.4552049417704,12.4328225540889,12.4123166577329,12.3941226675532,12.3784761087151,12.3654017055694,12.3547200832466,12.3460697312288,12.3389409174132,12.332717907924,12.3267260111926,12.3202804017591,12.3127341530034,12.3035232425154,12.2922064219688,12.2784978154745,12.2622900639843,12.2436659377211,12.2228967344761,12.2004265342101,12.1768424590481,12.1528323736337,12.1291327771198,12.1064707910222,12.0855049658236,12.0667699947893,12.0506302835551,12.0372466922812,12.0265597117664,12.0182909619218,12.0119633369894,12.0069385000532,12.0024688803513,11.9977599739514,11.9920377050668,11.9846149728546,11.9749513704062,11.9627004748706,11.9477400853935,11.9301822879511,11.9103621441455,11.8888059537946,11.8661821864661,11.8432400387405,11.8207418847526,11.7993964411773,11.7797991677607,11.7623853155461,11.7473993052826,11.7348820668194,11.7246759428758,11.7164450733829,11.70970804405,11.7038790745869,11.6983140607798,11.6923581851262,11.6853923464366,11.6768761342414,11.6663853794612,11.6536424468687,11.6385374885572,11.6211389920441,11.6016922683535,11.5806051186115,11.5584207963947,11.5357794689913,11.5133705336066,11.4918791960666,11.4719315100904,11.4540424835484,11.4385718191729,11.4256913658855,11.4153674612479,11.4073601330029,11.4012397096985,11.3964198889016,11.3922048491349,11.3878466861163,11.3826084147678,11.3758271046304,11.3669714911094,11.3556886879078,11.341835440909,11.3254906848387,11.3069479036999,11.2866877994425,11.2653338248954,11.2435949816515,11.2222016637148,11.2018410300251,11.1830982918293,11.1664094093022,11.1520291479512,11.1400165071971,11.1302375237804,11.1223836884781,11.1160029373389,11.1105395032614,11.1053788135719,11.0998939497617,11.0934907389449,11.085649119199,11.0759588714384,11.0641480922575,11.0501029421122,11.0338773510243,11.0156916253453,10.9959193687673,10.9750628400339,10.9537177758909,10.9325297050636,10.9121447254949,10.8931584671452,10.8760673964752,10.8612266620235,10.8488183123833,10.8388329679432,10.8310669657076,10.8251357187316,10.8205026485121,10.816521674296,10.8124899894964,10.807706827749,10.8015332158777,10.7934474109231,10.7830908855136,10.770300391141,10.7551227794522,10.7378108288554,10.7188001765038,10.6986694035273,10.6780871308877,10.6577514090956,10.6383275118223,10.6203903306145,10.6043768865377,10.5905531243318,10.578997352807,10.5696007363032,10.5620834364531,10.5560236098067,10.5508956372174,10.5461137148952,10.541077172059,10.5352144135514,10.5280230153308,10.5191040634221,10.5081892387937,10.4951594174947,10.4800537540299,10.4630684557295,10.4445448348053,10.4249467942819,10.4048286513958,10.3847950536526,10.3654555830398,10.3473773435675,10.3310392711231,10.3167920125443,10.3048269590331,10.2951574006398,10.2876138465153,10.2818544115592,10.2773899024951,10.2736219507482,10.2698913413082,10.2655326771704,10.2599307914387,10.2525739555542,10.2430989962568,10.231323962507,10.2172649747376,10.2011352905242,10.1833263234255,10.1643721885279,10.1449011073947,10.1255784555675,10.1070471639381,10.0898714371349,10.0744892702741,10.0611780913654,10.0500362077519,10.04098085475,10.0337618301224,10.02798821651,10.0231647266289,10.0187338137652,10.0141198116713,10.0087718503122,10.0022029442276,9.99402329306014,9.98396635563419,9.97190662874698,9.95786832323344,9.94202437192654,9.92468552178805,9.90627972045658,9.8873226178003,9.86838072084797,9.8500294760561,9.83280919470968,9.81718217751801,9.8034945506367,9.79194615355218,9.78257131823845,9.77523258616135,9.76962839232396,9.76531459023424,9.76173849483365,9.75828298096859,9.75431718940092,9.74924965106964,9.74257922384475,9.7339392093546,9.72313042196571,9.71013982499779,9.69514259334314,9.67848701651528,9.66066337702803,9.64225963534865,9.62390820894618,9.60622914071374,9.58977534845211,9.57498535179435,9.56214791320617,9.55138154496232,9.54263005517082,9.53567351152949,9.53015246024388,9.52560215187979,9.52149299227792,9.5172734334345,9.51241192570153,9.50643519189151,9.49896077616558,9.48972243060858,9.47858736706523,9.46556473277768,9.45080493166772,9.43458969530792,9.41731318057654,9.39945486594405,9.38154561558916,9.36412891506755,9.34771986117967,9.33276491393733,9.31960560802187,9.30844932374277,9.29934981980966,9.29219955550093,9.28673493157873,9.28255453236446,9.27914934282732,9.27594283633496,9.27233787240447,9.26776659649811,9.26173907450543,9.25388628859151,9.24399341357513,9.23201999908849,9.21810477767882,9.20255422971386,9.18581563809086,9.16843698925418,9.15101752271746,9.13415379836412,9.11838667176957,9.10415444404765,9.09175668184438,9.08133188902495,9.07285055206588,9.06612333246147,9.06082260531358,9.0565143602888,9.05269681532876,9.04884196009494,9.04443655786411,9.03901973542897,9.03221500374049,9.02375522763371,9.01349961132919,9.00144216920465,8.98771145016708,8.97256155278657,8.95635478060833,8.9395366878955,8.92260475713954,8.90607248882074,8.89043119716774,8.87611220652944,8.86345235240804,8.85266565355202,8.84382371342493,8.83684684151183,8.83150709788398,8.82744352139753,8.82418878046003,8.82120547021809,8.817929357588,8.81381612931225,8.80838770509656,8.80127400345178,8.79224623994509,8.78123841782235,8.76835462555458,8.75386102714564,8.7381629133731,8.72176872499937,8.70524437990319,8.68916234385164,8.67405051060009,8.66034598875,8.64835830248175,8.63824537222784,8.63000411453286,8.62347581921913,8.61836488009643,8.61426819703152,8.61071178186807,8.6071908368233,8.60320977772878,8.59831921418463,8.592147606653,8.58442603903415,8.57500516365397,8.56386384848878,8.5511094006571,8.53696951395271,8.52177636167463,8.50594358323843,8.48993731303815,8.4742428511668,8.45932902259701,8.44561264062305,8.4334257080545,8.42298799814907,8.41438742555787,8.40757014530751,8.40234163366501,8.3983791605534,8.39525512709228,8.3924697911149,8.38949101890925,8.38579796262624,8.38092504444444,8.37450239584233,8.36628900307888,8.35619527526169,8.34429257476006,8.33080838718411,8.31610717110749,8.30065838410619,8.28499456573858,8.26966348966888,8.25517910930764,8.24197619183566,8.23037311518726,8.22054633337718,8.21251863081442,8.20616169099632,8.20121193842183,8.19729730070505,8.19397164810966,8.19075327743422,8.18716389475039,8.18276501189101,8.1771893510734,8.17016559133715,8.16153546349196,8.15126273813878,8.13943404669277,8.12625176854649,8.11201947148145,8.09712066538067,8.08199195352336,8.06709203766836,8.05286841527171,8.0397239395124,8.0279856287656,8.01787815438164,8.00950426763198,8.00283403889492,7.99770419226856,7.99382806798134,7.99081589184703,7.98820414523179,7.98549198551263,7.98218194134466,7.97782157128356,7.97204249275502,7.96459321229875,7.95536254886772,7.94439114334376,7.93186955732032,7.91812270945021,7.90358176350982,7.8887459194328,7.8741376988158,7.86025609698365,7.84753226597729,7.83629213036535,7.82672953637107,7.81889229784676,7.81268200804536,7.80786695556559,7.80410613905165,7.80098139783251,7.79803416659554,7.7948033299931,7.79086102037471,7.78584383271531,7.77947766985845,7.77159514241846,7.76214504263552,7.75119386009163,7.73891963074858,7.72559866170151,7.71158591058587,7.69729006236377,7.68314464879901,7.66957687636059,7.65697612048426,7.64566425015763,7.63587001165128,7.62770958405932,7.62117510504923,7.61613246085593,7.61232897114798,7.60941082631785,7.60694931390112,7.60447407109961,7.60151089288139,7.59762107905183,7.59243898214472,7.58570437307214,7.57728650809911,7.56719736929406,7.55559243963956,7.54275850424508,7.52908924190063,7.51505065310449,7.50113950622861,7.48783881585256,7.4755747645554,7.46467936149215,7.45536249095337,7.44769591736632,7.4416104306967,7.43690583972468,7.4332721654769,7.43031933986856,7.42761209716106,7.42470659425717,7.4211855604246,7.41668934245555,7.41094093065214,7.40376378361214,7.39509191173196,7.38497218002935,7.37355915223042,7.36110305960129,7.34793169430765,7.33442724530581,7.32099933860203,7.30805580712697,7.29597296614517,7.28506735979769,7.27557102214177,7.26761222067469,7.26120339900187,7.25623760765097,7.25249412976532,7.24965331192995,7.24731985381766,7.24505305634804,7.24240184307907,7.23894181963162,7.23431128259657,7.22824298497746,7.22058864739026,7.21133368913492,7.20060042852088,7.18863902069529,7.1758065797997,7.16253615237574,7.14929832804417,7.13655914230529,7.12473841221008,7.1141726581418,7.10508627767153,7.09757370051818,7.09159399150638,7.08697796149097,7.08344649877816,7.08063773466731,7.07813994351327,7.07552681057959,7.07239185707481,7.06837929819638,7.06320929222077,7.05669627589675,7.04875975867129,7.03942749710079,7.02883137417085,7.01719659113152,7.00482498972315,6.99207350946992,6.97932898084062,6.96698066744822,6.95539217992177,6.94487455266283,6.93566235705328,6.9278946800256,6.92160259842442,6.91670441986907,6.91300945312106,6.91023044712832,6.90800414441018,6.90591868756219,6.90354595894002,6.90047638560334,6.89635336395122,6.89090430337257,6.88396539530987,6.87549760429526,6.8655920463155,6.85446383159363,6.84243453322257,6.8299045963451,6.81731809522203,6.80512313686229,6.79373176874974,6.78348337673637,6.77461521482208,6.7672429185781,6.76135271759063,6.75680573774156,6.75335346191441,6.75066228512514,6.7483443051852,6.74599111405738,6.7432074005457,6.73964157215966,6.73501123376148,6.72912208637816,6.7218795094934,6.71329268084501,6.70347153443179,6.69261716960181,6.68100654046786,6.66897242344609,6.6568798202785,6.64510012219476,6.63398453092833,6.62383837668316,6.614898053242,6.60731226745956,6.60112914523334,6.59629043564138,6.59263361503567,6.58990213734509,6.58776344461503,6.58583369277165,6.58370751819377,6.58099062978244,6.57733261616802,6.57245716008584,6.56618689280956,6.55846042564685,6.54933966521885,6.5390063286797,6.52774756620336,6.51593168085748,6.50397599366544,6.49230980290175,6.48133600364353,6.47139516377212,6.46273564024051,6.45549267155348,6.44967837450762,6.44518334120019,6.44178925085822,6.43919076217408,6.43702409034391,6.4348991972998,6.43243245941785,6.42927697788812,6.42514826138459,6.41984370997148,6.41325503858738,6.4053734029585,6.39628747947163,6.38617509724984,6.37528925314438,6.36393950256993,6.35246985305329,6.34123441923973,6.33057223189214,6.32078271208111,6.3121033942078,6.30469147237081,6.29861062392228,6.29382431458362,6.29019641053576,6.28749943096055,6.28543020129382,6.28363205641211,6.28172214532114,6.27932185959551,6.27608800162006,6.27174207618506,6.26609507204269,6.25906532652712,6.25068754440749,6.24111175452848,6.23059188767156,6.21946466899896,6.20812053412893,6.19696917788434,6.18640300600545,6.17676207773975,6.16830403509407,6.16118200218028,6.15543255905304,6.1509747626065,6.14761995995237,6.14509099099,6.14304846426749,6.14112122561379,6.13893796883976,6.13615713838031,6.13249276252801,6.12773451507831,6.12176100886162,6.11454597351116,6.10615749694698,6.0967508940428,6.08655602228203,6.07586003056682,6.06498664615075,6.0542732082444,6.04404675860478,6.03460059224716,6.02617273220575,6.01892779021059,6.01294358091184,6.00820365073738,6.00459655760169,6.00192230435163,5.99990581186984,5.99821675429949,5.99649451478455,5.99437650625559,5.99152769007986,5.98766886502754,5.98260123216152,5.97622489823688,5.96854937399973,5.95969474468246,5.94988300118957,5.93941995623722,5.92866913772569,5.91801994057155,5.90785301099,5.89850622855416,5.89024466734557,5.88323753276215,5.87754431870153,5.87311140351914,5.8697791417763,5.86729837540592,5.86535433965313,5.86359529777487,5.86166296838615,5.85922190834539,5.8559854193451,5.85173615339494,5.84634028144597,5.8397547523142,5.83202772923949,5.82329271309839,5.81375714709062,5.80368647712331,5.79338475555072,5.78317295949995,5.77336626986183,5.76425162517558,5.75606691113511,5.7489831459065,5.74309094642625,5.73839238967587,5.73479910536676,5.73213705653953,5.73015800071998,5.72855710746683,5.72699567890664,5.72512742469115,5.72262633059481,5.71921387817705,5.71468326361528,5.70891835904564,5.70190547655755,5.69373653017365,5.68460291685317,5.67478029885404,5.66460538574782,5.6544466838477,5.64467189344426,5.63561508614937,5.62754690644707,5.62065077548639,5.61500744705522,5.61058934799435,5.60726504902062,5.60481310755973,5.6029435553273,5.60132459827813,5.59961173451629,5.59747649447063,5.59463232406212,5.59085567628472,5.58600103700683,5.58000927695622,5.57290930816389,5.56481348085196,5.55590747548994,5.54643564443867,5.53668287453916,5.52695411379439,5.51755275896492,5.50875914661391,5.50081042097758,5.49388304865282,5.48807918799636,5.48341797832096,5.47983257711648,5.47717344167203,5.47521793721267,5.47368588208139,5.4722601467623,5.47061094973984,5.46842208488731,5.46541701773391,5.46138264307805,5.45618853727083,5.44979978539786,5.44228191895521,5.43379714353191,5.42459182339072,5.4149760504721,5.4052969681346,5.39590824195706,5.38713857003198,5.37926232060878,5.37247522792349,5.36687756774553,5.36246642622857,5.35913767172373,5.35669717598235,5.35487985610601,5.35337435316542,5.35185071890972,5.34998838389532,5.34750190500247,5.34416246448535,5.3398137133762,5.3343812105679,5.32787531329964,5.32038786504877,5.31208338002156,5.30318564897855,5.29396081934305,5.28469807042057,5.27568904318117,5.2672072105241,5.2594883889606,5.25271358322703,5.24699530080403,5.24236835246139,5.23878595245185,5.23612164284162,5.23417719803185,5.23269623730741,5.23138281516174,5.22992380878063,5.22801352150831,5.22537861352843,5.22180129694743,5.21713872593412,5.21133669646298,5.20443615171377,5.19657155538143,5.18796090987577,5.17888799947015,5.16967824860041,5.16067030759305,5.1521860148755,5.14450165184081,5.13782334842388,5.13226910075856,5.12785916342339,5.12451566253485,5.12207126425442,5.12028576537705,5.11886868037973,5.11750538292704,5.11588417038107,5.11372175204344,5.11078505930815,5.1069078470862,5.10200119608559,5.09605763925626,5.08914915361909,5.08141964600077,5.07307281639726,5.06435642870818,5.05554408991496,5.04691566869473,5.0387374956119,5.03124348709232,5.02461831781907,5.01898371480251,5.0143888417568,5.01080556830862,5.00812916683127,5.00618465310822,5.00473859992255,5.00351582986981,5.00221996827951,5.00055644756813,4.99825624125675,4.99509840857483,4.99092948322518,4.98567786740793,4.97936170578129,4.97208920688342,4.96405102351278,4.95550504780341,4.94675474938466,4.93812289896869,4.92992308252392,4.92243173850451,4.91586348104569,4.91035218084416,4.90593968342538,4.90257321935308,4.90011160944582,4.8983394195745,4.89698740370184,4.89575699689876,4.89434634627503,4.89247540883885,4.88990796182925,4.88646888446148,4.88205568193967,4.87664383647007,4.8702861093765,4.86310633782982,4.85528855670598,4.84706244517091,4.83868617904546,4.83042779750677,4.82254619297252,4.81527281989544,4.80879519143176,4.80324318128002,4.79867905462574,4.79509200087331,4.79239772132781,4.79044333611838,4.78901752606354,4.78786543684085,4.78670747336126,4.78526073639705,4.78326153913527,4.78048722613495,4.77677543514403,4.77203901973277,4.76627510223522,4.75956715057121,4.7520795481744,4.74404481117402,4.73574433832829,4.7274842779531,4.71956867528566,4.71227244029499,4.70581678455011,4.70034958219952,4.69593262135473,4.69253697985261,4.69004687504142,4.68827141907369,4.68696288431611,4.68583945772808,4.684610113207,4.68299918410122,4.68076845147234,4.67773501257221,4.67378376837878,4.66887397380734,4.66303984798155,4.65638569004712,4.64907626538606,4.641323423113,4.63337000311277,4.62547212201659,4.61788092174675,4.61082484050922,4.60449343007243,4.59902368874363,4.59448979314575,4.59089697844055,4.58818012433324,4.58620734884434,4.58478859890957,4.5836888717866,4.58264532824744,4.58138719855564,4.57965707019959,4.57723191814288,4.57394212738658,4.56968679120487,4.56444376368169,4.558273305183,4.55131466955336,4.5437756076714,4.53591544922527,4.52802310212624,4.52039189586189,4.51329361060965,4.50695421040118,4.50153369434367,4.49711208973126,4.49368297156589,4.49115508108835,4.48936173758315,4.48807691177502,4.48703616638352,4.48596025276759,4.48457902273628,4.48265346442516,4.47999405040338,4.47647411485608,4.4720375633475,4.46670077919019,4.46054906257266,4.45372828939938,4.44643270226132,4.43888986411095,4.4313438456646,4.42403771070093,4.4171963321718,4.41101052747312,4.4056234424565,4.40112003109604,4.3975203575881,4.39477727785191,4.39277883139175,4.39135539415319,4.39029131958427,4.38934044861071,4.3882445267818,4.3867532603097,4.38464450588668,4.38174295454422,4.3779356651786,4.37318294795905,4.36752339854475,4.36107233189371,4.35401343211273,4.34658407593447,4.33905543875717,4.33170907900733,4.32481214148992,4.31859355475868,4.31322357387573,4.30879872273471,4.30533364255746,4.30276061732794,4.30093671648219,4.29965768113058,4.29867699198209,4.29772808361528,4.29654746297643,4.29489655757656,4.29258042509853,4.28946193214277,4.28547056982466,4.28060563321198,4.27493398212847,4.26858298084381,4.26172947025735,4.25458576889958,4.24738375389795,4.24035807003427,4.23372947986138,4.22768931628873,4.22238593523779,4.2179139843114,4.21430719269514,4.21153523581674,4.20950502753645,4.20806654172122,4.20702297140259,4.20614471332896,4.20518634196536,4.20390543857949,4.20208189947708,4.19953619401864,4.19614500560028,4.19185278811667,4.18667801663917,4.18071330006402,4.17411903438725,4.16711086911201,4.15994188036616,4.15288092430329,4.14618910986992,4.14009661270783,4.13478210012514,4.1303568265247,4.12685500041522,4.12423136652293,4.12236617056842,4.12107688200913,4.12013534779807,4.11928853006952,4.11828070424906,4.11687498232326,4.11487225741439,4.11212608349146,4.108552529488,4.10413459710079,4.09892129416099,4.0930218612507,4.08659593582378,4.07984060804307,4.07297539613046,4.06622617459088,4.05980905347491,4.0539151504392,4.04869712857844,4.04425829049877,4.04064491452716,4.03784238141766,4.03577546048586,4.03431289931737,4.03327619515495,4.03245213102245,4.03160835528955,4.0305109952344,4.02894305226233,4.02672215861447,4.0237162101817,4.01985544930575,4.01513976791753,4.00964033520165,4.00349510999174,3.99689834418833,3.99008477109956,3.98330973991426,3.9768270356342,3.97086644569878,3.96561324576547,3.96119164638411,3.95765386986738,3.9549759480731,3.95306061550661,3.95174691035393,3.95082539026519,3.95005731334776,3.94919579685245,3.94800687915594,3.94628856697487,3.94388630480505,3.94070378748089,3.93670856964984,3.93193243384681,3.92646690603936,3.92045462327745,3.91407745682599,3.90754239008583,3.9010661691627,3.8948597127128,3.88911320908042,3.88398275575839,3.87957931173369,3.87596063222803,3.8731267284555,3.87101923320761,3.86952485115554,3.86848283198591,3.86769613367517,3.86694565854486,3.86600666853846,3.86466624488101,3.86274047903818,3.86008999357929,3.85663241569081,3.852350577493,3.84729549976018,3.84158361902346,3.83538821647434,3.82892555883546,3.82243681102445,3.81616726400478,3.81034477383806,3.80515947364379,3.80074676205965,3.79717528082968,3.79444109412186,3.79246862929143,3.79111821496462,3.79019935281221,3.78948827705818,3.78874796488605,3.78774860428846,3.78628660837041,3.78420055466556,3.78138286441451,3.77778654512016,3.77342682579291,3.76837795771275,3.76276579607837,3.75675700592118,3.75054585666542,3.74433960518331,3.73834344387618,3.73274593246582,3.72770575637447,3.72334056775143,3.71971856572315,3.71685335318275,3.71470245979571,3.71316973861314,3.71211162569472,3.71134700419389,3.71067014929905,3.70986596740176,3.70872650568002,3.70706752315789,3.70474380720911,3.70166191317956,3.69778911570195,3.69315759518861,3.68786323626985,3.68205886640379,3.67594227712923,3.66973989832276,3.66368747847718,3.65800949943749,3.65289926584246,3.64850161664643,3.64489999158096,3.64210916240464,3.64007435177176,3.63867678286227,3.63774501861443,3.63707085106091,3.63642806650541,3.63559219226322,3.63435934180517,3.63256249765738,3.63008395541206,3.62686312921564,3.62289941633998,3.61825027234553,3.61302501431228,3.60737512628177,3.60148198893279,3.5955430112473,3.589757130316,3.58431059156569,3.57936384494468,3.57504030365308,3.57141761275657,3.56852196089251,3.56632583172343,3.56474942606243,3.5636657878321,3.56290944029757,3.56228809310335,3.56159673162437,3.56063316911502,3.55921395325924,3.55718939677828,3.55445646940482,3.55096836332566,3.54673973546563,3.54184693597333,3.53642293786884,3.53064715854379,3.52473086657066,3.51889934345972,3.51337236099907,3.50834478479472,3.50396917955222,3.50034214800482,3.49749578686854,3.49539512328537,3.49394176466911,3.49298333371011,3.49232765538415,3.49176019329693,3.49106295634224,3.49003304011585,3.4884991228182,3.48633456329795,3.48346618846466,3.47987833878884,3.47561219887796,3.47076082536663,3.46546056810665,3.45987975627766,3.45420559971385,3.44863025933366,3.44333699395084,3.43848721533503,3.43420919312608,3.43058905148781,3.4276645884289,3.42542232052216,3.42379800364564,3.42268070025443,3.42192025640423,3.4213378242536,3.42073883120628,3.41992757360945,3.41872242297515,3.41697049944255,3.41456061289833,3.41143331509984,3.4075870576441,3.40307971226935,3.39802507121354,3.39258438215716,3.38695344732778,3.3813462812786,3.37597672186393,3.37103966954142,3.36669374546832,3.36304708016874,3.36014766720794,3.35797926361789,3.35646324116795,3.35546616143352,3.35481224493395,3.35429940941884,3.35371722728317,3.35286503259496,3.35156849733392,3.34969326576873,3.34715463284594,3.3439227116916,3.34002299166149,3.33553258812018,3.3305727934717,3.32529874232477,3.31988710724847,3.31452276345195,3.30938532460984,3.30463638051563,3.30040817696262,3.29679437792869,3.293843440939,3.2915550143316,3.28987962398196,3.28872175204396,3.28794622048264,3.2873875820882,3.28686200164023,3.28618089565733,3.2851654104553,3.28366067687039,3.28154870753976,3.27875881770838,3.27527456605742,3.27113643242752,3.26643976802172,3.2613279516643,3.25598113108399,3.25060137782546,3.24539548753929,3.24055696159847,3.23624886454741,3.23258923197434,3.2296404932628,3.22740398732912,3.22582012730152,3.22477417478396,3.22410699194458,3.22362962761266,3.22314022762989,3.22244158276905,3.22135765267237,3.21974761368465,3.21751632851887,3.21462056665498,3.21107075247399,3.20692842713352,3.20229993988701,3.19732711472379,3.19217576784654,3.18702299423188,3.18204411897108,3.17740014413221,3.17322643329877,3.1696232754112,3.16664886120115,3.16431508751783,3.16258647219775,3.16138230980751,3.16058202431262,3.16003348083742,3.15956381299773,3.1589921179353,3.15814318561175,3.156861282235,3.15502292052369,3.15254754054436,3.1494051081346,3.14561982019923,3.14126938443169,3.13647970072896,3.13141518596158,3.12626541476002,3.12122915009645,3.11649715874944,3.11223540156657,3.108570220983,3.10557700080915,3.10327345154623,3.10161820938215,3.10051488228408,3.09982110168453,3.09936161773047,3.0989440773214,3.09837589596807,3.09748059889007,3.09611215611908,3.09416613631387,3.09158690134518,3.08837049746378,3.08456331160111,3.08025690850245,3.07557971963872,3.07068641093031,3.06574582189051,3.06092836262476,3.05639369952099,3.05227947559643,3.04869171158153,3.0456974259428,3.04331989677125,3.04153686224595,3.04028181447005,3.03944838069925,3.03889760691119,3.03846776681013,3.03798612540334,3.03728190539199,3.03619955507487,3.03461131774974,3.03242807313068,3.02960747590744,3.0261585639097,3.02214224845223,3.01766742182734,3.01288279953503,3.0079650245106,3.00310395517187,2.99848639158328,2.99427971852192,2.99061702294666,2.98758515373273,2.98521693187518,2.983488311828,2.9823207841488,2.98158875849487,2.98113114489857,2.98076592771,2.98030625378816,2.97957646424316,2.97842658920937,2.97674407274484,2.97446185411735,2.97156234537238,2.96807725588193,2.96408357475332,2.95969629981117,2.95505868402187,2.95033086002738,2.94567771610592,2.94125685332351,2.9372073746968,2.93364015919269,2.93063016606318,2.92821120147715,2.92637345788528,2.92506400295525,2.92419024563719,2.92362624115691,2.92322151799122,2.92281192653848,2.92223183417953,2.92132684110654,2.91996608385439,2.91805314680086,2.9155346312772,2.91240554750148,2.9087108989469,2.90454311508095,2.90003533896519,2.89535096246328,2.89067018595117,2.88617471772048,2.88203197619193,2.87838027673109,2.87531644785995,2.87288712096408,2.87108458726129,2.86984765220591,2.86906739556039,2.86859723089802,2.86826621777504,2.8678942693341,2.86730775397673,2.86635402265032,2.86491358741712,2.86290899421336,2.86030982091656,2.85713363507251,2.85344311404662,2.84933982765715,2.84495539045147,2.8404408055261,2.83595485525783,2.83165236533522,2.82767309779497,2.82413193423836,2.82111090415237,2.81865350092256,2.81676160989091,2.81539524565878,2.8144751561486,2.81388819693166,2.81349521279958,2.81314099076939,2.81266568041703,2.81191692808014,2.81076185780122,2.8090979710581,2.80686204474109,2.80403619375027,2.80065043580171,2.79678134781343,2.79254672186898,2.78809649009186,2.78360055824873,2.77923452723865,2.77516454718747,2.77153270146496,2.76844432827523,2.76595854212112,2.76408292315117,2.76277292740436,2.76193608264504,2.76144053318309,2.76112704704617,2.76082325782001,2.76035872291336,2.75957935843557,2.75835995132628,2.75661372182629,2.75429826743521,2.75141760971622,2.74802043693846,2.74419494863457,2.74006093837953,2.73575989081165,2.73144392469234,2.72726440168939,2.7233609604978,2.7198516466575,2.71682470414111,2.71433248351083,2.71238780549641,2.71096299655906,2.70999168113605,2.70937327142162,2.708979940149,2.70866569929337,2.70827704660714,2.70766449494357,2.70669418161741,2.70525868282397,2.70328614664445,2.70074691945524,2.69765698120051,2.69407772398303,2.69011189563104,2.6858958652757,2.68158872212521,2.67735905482153,2.67337053665854,2.66976762268311,2.66666271697568,2.6641260743517,2.66217946060748,2.66079422986848,2.65989402644173,2.65936183621003,2.65905066009917,2.6587967175778,2.65843385698134,2.6578077769901,2.65678875116012,2.65528177311238,2.6532333638243,2.65063465450674,2.64752072828902,2.64396652873719,2.64007989414625,2.63599244061179,2.63184909590955,2.62779709291419,2.62397518411308,2.62050375676659,2.61747642715864,2.61495358242764,2.61295822416489,2.61147434924437,2.61044797768244,2.60979080210357,2.60938628797984,2.60909790099089,2.60877898440733,2.60828366595341,2.60747805374183,2.60625089973363,2.60452288163619,2.60225369273324,2.59944624181944,2.59614745353881,2.59244541604163,2.58846293173793,2.58434786261908,2.58026099103484,2.576362402185,2.57279759799157,2.56968464090694,2.56710357915679,2.56508921652502,2.56362797363299,2.56265917629672,2.5620806480748,2.5617580356475,2.56153691450802,2.56125645677913,2.5607633238226,2.55992448263967,2.55863782298064,2.55683973839161,2.55450918356682,2.55166808315498,2.54837829929071,2.54473563374764,2.54086152777825,2.53689322534697,2.53297319252667,2.52923855365344,2.52581123211805,2.52278938722544,2.52024063055077,2.51819739228625,2.51665469190675,2.51557044659173,2.51486832275283,2.51444299938469,2.51416756819146,2.51390264959257,2.51350666458289,2.51284658197369,2.51180837270762,2.51030636200462,2.50829068876099,2.50575216893048,2.50272401889815,2.49928012198133,2.49552980339027,2.49160939461052,2.48767118770904,2.48387066856081,2.48035313891973,2.47724095753401,2.4746226259636,2.47254480516077,2.47100808140421,2.46996693037055,2.46933389769016,2.46898757579417,2.46878356577488,2.46856731906301,2.46818759262723,2.4675092389265,2.46642418181031,2.46485967581147,2.46278326832098,2.46020423506035,2.45717159413486,2.45376908684573,2.45010772187305,2.44631660550341,2.44253282911617,2.43889116983841,2.43551429887115,2.43250410183847,2.42993461038442,2.42784693276661,2.42624645692136,2.42510248217425,2.42435031342646,2.42389572254515,2.42362154616579,2.42339605068965,2.42308256101508,2.4225497298024,2.42168173147649,2.42038761324223,2.41860903677303,2.41632570872535,2.41355793079044,2.41036589894231,2.4068456372611,2.40312174611411,2.39933745156863,2.39564273068005,2.39218152099631,2.38907916922957,2.38643130742352,2.3842952508256,2.38268479152397,2.38156893465657,2.38087472493683,2.38049388786382,2.38029261525395,2.38012350881438,2.37983849756037,2.37930148672743,2.37839957850207,2.37705190934249,2.37521543999519,2.37288736878187,2.37010417172554,2.36693756647755,2.36348792433417,2.35987580332868,2.35623234601372,2.35268928868444,2.34936928064117,2.34637713000563,2.34379249153844,2.34166440228722,2.34000795813991,2.33880330969806,2.3379970380546,2.33750584828584,2.33722239030153,2.33702288533723,2.33677610731548,2.33635315028722,2.33563731748021,2.33453340674776,2.3329756537893,2.33093363866553,2.32841556910877,2.32546852638497,2.3221754892137,2.31864922370805,2.31502341985961,2.31144173876138,2.3080456768564,2.30496232160952,2.30229313970923,2.30010488668259,2.29842355208202,2.29723196996199,2.29647135920473,2.29604665456192,2.29583509673365,2.29569721804712,2.29548913095859,2.29507492647549,2.29433802640808,2.29319049505554,2.29157957360891,2.289491014352,2.28694911830048,2.28401367977864,2.28077428481901,2.27734258027339,2.27384322337266,2.27040424426952,2.26714752097717,2.26417999389137,2.26158615144204,2.25942221135092,2.25771231069462,2.25644690528549,2.25558346450003,2.25504943007761,2.25474728564468,2.25456145892008,2.25436665479612,2.25403710197394,2.25345609846843,2.25252517369252,2.25117215887995,2.24935748379152,2.24707810322405,2.24436860403588,2.24129924794319,2.23797095547498,2.23450751285861,2.23104556027761,2.22772316651243,2.2246679800554,2.22198604230396,2.21975233429374,2.21800399674936,2.21673692119319,2.21590608040152,2.21542958633787,2.21519607865066,2.21507470513767,2.21492670032918,2.21461743040445,2.21402776574661,2.21306376122988,2.21166384609587,2.20980301464742,2.20749382471274,2.20478431300169,2.20175319271898,2.19850288828151,2.19515107665889,2.19182144811713,2.18863438260859,2.18569817745939,2.18310137331173,2.18090662169381,2.17914642801949,2.17782099268967,2.17689826117186,2.17631618044608,2.17598704287872,2.17580367972781,2.17564714792231,2.17539544127551,2.17493265941695,2.17415799496257,2.17299386305623,2.17139250789179,2.16934048613271,2.16686055099968,2.16401064110534,2.16087990589405,2.15758195852927,2.15424581429965,2.15100522014695,2.1479872787378,2.14530139040435,2.14302955629492,2.14121899469716,2.13987782188318,2.13897425617796,2.13843945044629,2.13817368538603,2.13805531001196,2.13795154009255,2.13773005408627,2.13727027824348,2.13647332899419,2.13526976503312,2.13362456324013,2.13153903333909,2.12904968648988,2.1262243386151,2.12315593593206,2.1199547257675,2.11673945983829,2.11362831850696,2.11073019723613,2.10813691630009,2.10591681584701,2.10411009104534,2.10272611233711,2.10174286596451,2.10110853963745,2.10074516638264,2.10055412600377,2.10042318997888,2.10023468649814,2.09987426488227,2.09923966217163,2.09824882975189,2.09684677477034,2.09501051823379,2.09275167396037,2.09011630978581,2.08718195810685,2.08405188359692,2.0808469717068,2.07769584695442,2.07472403665682,2.07204313581488,2.06974097908969,2.06787377173001,2.06646097063813,2.06548345132842,2.06488517209486,2.0645781902686,2.0644505403622,2.06437619337712,2.06422611681183,2.06387936930874,2.06323319925221,2.0622112626141,2.06076930680714,2.05889794933225,2.05662247428435,2.05399984105089,2.0511133207313,2.04806533100562,2.04496912507265,2.04194001039175,2.03908674046753,2.03650365287331,2.03426403367796,2.03241508405766,2.03097475670565,2.02993062128813,2.02924081028372,2.02883698833012,2.02862917912258,2.02851217490942,2.02837314800415,2.02809998737591,2.02758980448453,2.02675700076193,2.02554027442287,2.02390797527838,2.02186129873243,2.01943494557474,2.01669505827502,2.01373446650989,2.01066551736969,2.0076110062513,2.00469393637209,2.00202699104419,1.99970267936736,1.99778509599912,1.99630411300053,1.99525260336648,1.99458700223355,1.99423117522526,1.99408322401959,1.99402455907799,1.99393034609852,1.9936803131138,1.99316890133295,1.99231385035812,1.99106250759403,1.98939541159666,1.98732698341133,1.98490343309624,1.98219822136364,1.97930558926524,1.97633277399786,1.97339156837456,1.97058986510161,1.96802376864997,1.96577077181568,1.96388439359279,1.96239056869137,1.96128597195246,1.96053835479062,1.9600888654189,1.95985621933178,1.95974248165269,1.95964012077985,1.95943989800799,1.95903907750774,1.95834938394972,1.95730411055015,1.9558637970771,1.95401996187123,1.95179648696044,1.94924841857472,1.94645814848786,1.9435291700358,1.94057783609112,1.93772376027987,1.93507967131193,1.93274162926198,1.93078052337603,1.92923568407782,1.92811125980429,1.92737574762308,1.9269647528395,1.92678672341678,1.92673110028666,1.92667808254322,1.92650905683203,1.92611669965014,1.9254138308476,1.92434026215318,1.92286711951215,1.92099838864924,1.91876970448005,1.91624464603483,1.91350898716116,1.91066347773407,1.90781578913166,1.9050722584453,1.90253002066302,1.90027004113363,1.89835146515966,1.89680759775573,1.89564372085446,1.89483685048688,1.89433743322601,1.89407287896922,1.8939527258696,1.89387513436421,1.89373431442264,1.89342840927025,1.89286729769535,1.89197974438524,1.89071933209549,1.88906865776181,1.88704137074675,1.88468177465008,1.882061898391,1.87927615550446,1.87643393499403,1.87365068035466,1.87103819086502,1.86869499693727,1.86669769936435,1.86509410862237,1.86389887353126,1.86309205938473,1.86262084698484,1.86240420838079,1.86234011044361,1.86231454147448,1.86221148055311,1.86192285485082,1.86135756286597,1.86044877266064,1.85915891183481,1.85748201953465,1.85544339634115,1.85309673384378,1.85051910739335,1.84780435793396,1.84505546719604,1.84237654908529,1.83986504928348,1.83760467833739,1.8356595142813,1.83406961027535,1.83284833856028,1.83198159841438,1.83142891414681,1.83112634935182,1.83099106542458,1.83092725651769,1.83083310238236,1.83060829973459,1.83016166869414,1.82941829149953,1.82832563435543,1.82685813708189,1.82501983387124,1.82284469272565,1.82039452689474,1.81775452909461,1.81502669311167,1.81232159746225,1.80974920898258,1.80740949709184,1.80538371141854,1.80372715227013,1.80246415020709,1.80158577427886,1.80105052656485,1.8007879819938,1.80070503212088,1.80069412646463,1.8006427080492,1.80044293469826,1.80000077518974,1.79924366595733,1.79812609258129,1.79663269380295,1.79477874211166,1.79260810236445,1.79018898189365,1.78760794416674,1.78496275519174,1.78235466865024,1.77988074039982,1.77762670780393,1.77566088763501,1.77402944992335,1.77275332297201,1.77182688224649,1.77121847537724,1.77087273751466,1.7707145555329,1.77065444645561,1.7705950268513,1.77043816966836,1.77009237885234,1.76947986736759,1.76854280875882,1.76724825335242,1.76559126288802,1.76359592378996,1.76131404701419,1.75882154380772,1.75621266874983,1.75359252617665,1.75106842211984,1.74874078859241,1.74669448954244,1.74499132219745,1.74366444606157,1.74271530712143,1.74211339077483,1.74179885795531,1.74168782688541,1.74167979316804,1.74166646688664,1.7415411732163,1.74120792758431,1.74058935890471,1.73963280264876,1.73831409637828,1.73663885410689,1.73464124125087,1.73238049124462,1.72993557762942,1.72739857031369,1.72486725977168,1.72243763391394,1.72019674998665,1.71821647097657,1.7165484448784,1.71522060568444,1.71423537370386,1.71356963328661,1.7131764693619,1.71298855040728,1.71292295464475,1.71288714963716,1.71278575600186,1.71252765853251,1.71203297906386,1.71123940222173,1.71010735487385,1.70862358832652,1.70680280207262,1.70468707827384,1.70234306145701,1.69985700724346,1.69732802154039,1.69485999790161,1.69255291419392,1.69049424947019,1.68875131100933,1.68736520963916,1.6863470878439,1.68567699958611,1.68530558348919,1.68515839064772,1.68514245816336,1.68515449271423,1.68508987298621,1.68485161388045,1.68435846480343,1.68355143159907,1.68239819782263,1.68089514917554,1.6790669449278,1.67696380368173,1.67465685532584,1.67223204232032,1.66978312648603,1.66740437528609,1.66518347311936,1.66319514037714,1.66149585829662,1.66012000160011,1.65907758126178,1.6583537010777,1.65790973600807,1.65768614792192,1.65760676543417,1.65758426972394,1.65752654975946,1.65734352220411,1.65695395904658,1.65629183637053,1.65531171752085,1.65399271915206,1.65234068299309,1.65038828999539,1.64819300288125,1.64583289913186,1.64340064547158,1.64099604917785,1.6387177808443,1.63665497713116,1.63487948277959,1.63343946660026,1.63235504235726,1.63161634848147,1.63118430661345,1.6309940131886,1.63096045153017,1.63098597659106,1.63096884956984,1.63081200616491,1.63043124001184,1.62976206900596,1.62876471204458,1.62742681354334,1.62576378447007,1.62381685320215,1.62164911316918,1.61934000026017,1.6169787233118,1.61465720591559,1.61246308410741,1.61047325304235,1.60874837862646,1.60732869841379,1.60623133856379,1.60544927595187,1.604951979534,1.60468767375441,1.60458707930541,1.60456840332508,1.60454327370218,1.60442324369976,1.60412643839765,1.6035838795198,1.60274501657284,1.60158201585854,1.60009241912239,1.5982998817911,1.59625283450033,1.5940210739513,1.59169046839202,1.58935614333301,1.58711467567652,1.58505594951922,1.58325539636706,1.58176734273213,1.58062011255006,1.57981338313347,1.5793180838898,1.57907887828106,1.57901900966594,1.57904705181974,1.5790649144884,1.5789763364984,1.57869506704585,1.57815199126104,1.57730058857974,1.57612030167615,1.57461761347462,1.57282485221113,1.57079694457972,1.56860649576327,1.56633768177589,1.56407949149552,1.56191885755142,1.55993417617873,1.5581896478038,1.55673078385131,1.55558133054285,1.55474176397819,1.55418941642432,1.55388020313681,1.5537518326266,1.55372830133933,1.553725397284,1.55365686866612,1.55344085704646,1.55300615529977,1.55229783475754,1.55128179929125,1.5499478713945,1.54831109885161,1.54641108923721,1.54430932800375,1.54208460451609,1.53982684508138,1.53762981553379,1.53558328942029,1.5337653631758,1.5322356221431,1.53102981219626,1.53015655055663,1.52959642497392,1.52930360070057,1.52920980485016,1.52923031713615,1.52927139389503,1.52923841344545,1.52904397155387,1.52861518146801,1.52789953743848,1.52686886741386,1.52552110599731,1.52387983603192,1.52199175079397,1.51992235806409,1.51775036893688,1.51556128281971,1.51344069772276,1.51146784922898,1.50970982311435,1.50821680678497,1.50701865356939,1.5061229390738,1.5055145951177,1.5051571166514,1.5049952513619,1.50495900069383,1.50496868544827,1.5049407607868,1.50479400762231,1.50445568465759,1.5038672032943,1.50298889199257,1.50180345230137,1.50031777868186,1.49856291844307,1.49659208285617,1.49447677781689,1.4923012901061,1.49015592768872,1.48812955182479,1.48630203720987,1.48473733847321,1.48347781669086,1.48254038490757,1.48191487249568,1.48156479893988,1.48143051047031,1.48143439510669,1.48148768170048,1.4814981721471,1.48137817187696,1.48105188098542,1.48046158476478,1.47957212529774,1.47837332440455,1.47688023741885,1.47513132152827,1.47318477982114,1.4711134771167,1.4689989081745,1.46692473252221,1.46497037851288,1.46320517180572,1.46168337123203,1.46044040836558,1.45949053448903,1.45882598583019,1.45841768821211,1.45821743700979,1.45816140799312,1.45817477975318,1.45817718027792,1.45808861146074,1.45783545983887,1.45735617466068,1.45660619088588,1.45556169989153,1.45422192797971,1.45260967324905,1.45076997260445,1.44876691628076,1.44667878681541,1.44459185887723,1.44259333920013,1.44076403477701,1.43917139664039,1.43786358416779,1.43686512537243,1.4361746145235,1.43576470075161,1.43558439903414,1.43556352297503,1.43561882453697,1.43566125540972,1.43560365869639,1.43536817014602,1.43489265689121,1.43413563971795,1.43307931470876,1.43173048847427,1.43011944322919,1.42829693093979,1.42632964217992,1.42429459476888,1.42227293673578,1.42034366113431,1.41857769476087,1.41703275925158,1.41574932185716,1.41474786346508,1.41402759983378,1.41356670267062,1.41332398216934,1.41324191269599,1.4132508089143,1.41327389171002,1.41323292381818,1.41305404736606,1.41267342403373,1.41204226824789,1.41113087967245,1.40993132707037,1.40845851314488,1.40674945800856,1.4048607726221,1.40286444412368,1.40084221000028,1.39887894229195,1.39705557990993,1.39544222083668,1.39409200364287,1.3930363619247,1.39228212564467,1.39181077783834,1.39157996959208,1.39152717288701,1.39157513576488,1.39163862322052,1.39163180228977,1.39147557569895,1.39110419031535,1.3904705393828,1.38954972687434,1.38834064740642,1.38686553218837,1.38516759737621,1.38330708700144,1.38135611571033,1.37939278140758,1.37749503576817,1.3757347778434,1.3741725820918,1.37285339746433,1.37180346814282,1.3710286366175,1.37051410099804,1.37022561356301,1.37011202777875,1.3701090268868,1.37014379935407,1.37014036651546,1.37002521829225,1.36973287777725,1.36921099935591,1.36842461263041,1.36735915975849,1.36602203927335,1.36444246481319,1.36266956895569,1.36076882331356,1.35881699534707,1.35689600611414,1.35508617575958,1.35345942929823,1.35207307069558,1.35096470932661,1.35014883690461,1.34961540985575,1.34933060465855,1.3492397014496,1.34927183830079,1.34934619031948,1.34937898695846,1.34929070452023,1.34901276707939,1.34849315641002,1.34770045912752,1.34662604894144,1.34528429129998,1.34371084388183,1.34195928933673,1.3400964618076,1.33819690826692,1.33633695849435,1.33458886814999,1.3330154561386,1.33166559024294,1.33057079352401,1.32974315634717,1.32917465092982,1.32883786056153,1.32868805586513,1.3286664763819,1.32870460795338,1.32872918597235,1.32866760372317,1.32845336698083,1.32803121492848,1.32736152778909,1.32642366745573,1.32521795166931,1.32376604557226,1.32210966444403,1.32030761233057,1.31843132378944,1.31655921762266,1.31477029764659,1.31313753103606,1.31172158573432,1.31056550453689,1.30969082997278,1.30909557327064,1.30875425233285,1.30862002455773,1.30862873253879,1.30870448845149,1.30876626948645,1.30873490053783,1.30853977252925,1.30812468710589,1.30745232348253,1.30650697567382,1.30529538762198,1.30384569757132,1.30220467076474,1.30043353496866,1.29860282647121,1.29678670168668,1.29505717389491,1.29347870283981,1.29210350616397,1.2909678856558,1.29008977662512,1.2894676419852,1.28908074812346,1.28889077975082,1.28884467670154,1.28887850770495,1.28892213533094,1.2889043742903,1.2887583047558,1.28842637701389,1.28786493774839,1.28704782566918,1.28596872816293,1.28464206248848,1.28310224349572,1.28140132046185,1.27960510054125,1.27778801445132,1.27602710787912,1.2743956450978,1.27295687550121,1.27175852797589,1.27082855572362,1.27017255514975,1.26977313376397,1.26959131774785,1.26956988964604,1.26963835350498,1.26971906176223,1.26973392498906,1.26961107556475,1.26929087445643,1.26873073235751,1.26790835014794,1.26682315061479,1.26549585232831,1.2639663066595,1.26228986271026,1.2605326304495,1.25876607402787,1.25706138558203,1.25548407016555,1.25408912310393,1.25291711150355,1.2519913907403,1.25131660174224,1.2508785108503,1.25064517403102,1.25056933273366,1.25059188045508,1.25064617779858,1.25066294077633,1.25057538452024,1.25032427559772,1.24986253460036,1.24915904052643,1.24820132302971,1.2469968897296,1.24557302309456,1.24397499165619,1.24226274697937,1.2405063112229,1.23878018797563,1.23715723752311,1.23570253300758,1.23446774424773,1.23348657335316,1.23277168838977,1.23231347264138,1.23208073879512,1.23202336698293,1.2320766343827,1.23216683453207,1.23221765706151,1.23215672845132,1.23192170937228,1.23146540323163,1.23075944442094,1.22979628749454,1.22858939020285,1.22717165332958,1.22559233032056,1.22391273610686,1.22220115964512,1.22052741694156,1.21895747429447,1.21754853238791,1.21634489965734,1.21537490702995,1.21464903347552,1.21415932858735,1.21388013837737,1.21377006563926,1.21377502758032,1.21383221161394,1.213874676244,1.21383629963001,1.2136567463774,1.2132861067767,1.21268886586,1.2118468856468,1.21076113509366,1.20945197891015,1.20795793634479,1.20633293904116,1.2046422447763,1.2029572902399,1.20134987805734,1.19988617756948,1.19862106326933,1.19759331020982,1.19682210798173,1.19630524604085,1.19601917194281,1.19592094530801,1.19595192358146,1.19604284249,1.19611981523134,1.19611068654849,1.1959511510841,1.19559008181436,1.19499360767935,1.19414761638458,1.19305852056588,1.1917522930688,1.19027193120275,1.1886736354693,1.18702207583839,1.18538516450243,1.18382875995057,1.18241169905266,1.18118149988807,1.18017100720455,1.17939617276406,1.17885508086355,1.17852824943627,1.17838016194981,1.17836191614485,1.1784148132383,1.17847465635959,1.17847648110304,1.17835940639136,1.17807127337664,1.17757273732929,1.17684049575501,1.17586937789166,1.17467308725274,1.17328347871032,1.17174836067327,1.17012793414917,1.1684901040251,1.16690501180067,1.16543923034405,1.16415011772692,1.16308083894245,1.16225652560644,1.16168195445903,1.16134099184544,1.16119788579042,1.1612003072761,1.16128386830325,1.16137769683433,1.16141054550143,1.16131686419195,1.16104228107869,1.16054800905897,1.15981381423941,1.15883933385442,1.15764369380498,1.15626353195263,1.15474966633318,1.15316274625689,1.15156828320201,1.15003147737174,1.14861223916233,1.14736075992679,1.14631392190681,1.14549276136829,1.14490111878888,1.14452553050675,1.14433634076831,1.14428994335926,1.14433199887891,1.14440141795832,1.14443485344299,1.14437140758708,1.14415723624096,1.14374972402487,1.14312091583781,1.1422599234824,1.14117408315828,1.13988871958359,1.1384454725163,1.13689925559787,1.13531403708832,1.13375774627281,1.13229670584537,1.13099005722371,1.12988467206863,1.12901102227648,1.12838041035932,1.12798384633213,1.12779270601758,1.12776113441657,1.12782998544311,1.12793193596625,1.12799729607223,1.12795997259388,1.12776303648543,1.12736339610662,1.12673517999673,1.12587157026705,1.12478498360381,1.12350565243084,1.12207879725603,1.12056068984633,1.11901397813844,1.1175026756849,1.11608721374501,1.11481991909854,1.11374122335833,1.11287683831849,1.11223605408241,1.11181123808609,1.1115785375271,1.11149971737659,1.1115250022664,1.11159673385128,1.11165360665846,1.11163520643533,1.11148654780708,1.11116229549223,1.11063035848879,1.10987457233071,1.10889623255371,1.10771431306601,1.10636429409844,1.10489563105516,1.10336801042469,1.10184665207103,1.10039701722565,1.0990793564506,1.09794357095698,1.0970248559365,1.09634054231636,1.09588845536805,1.09564697259681,1.09557680250415,1.09562433746449,1.09572627735825,1.09581509431146,1.0958248280165,1.09569667502468,1.09538386632518,1.09485541025704,1.09409840069158,1.09311873734965,1.09194025809646,1.09060242495059,1.0891568224028,1.08766280925365,1.0861827096687,1.08477693661319,1.08349941624281,1.08239363254663,1.08148954571985,1.08080156303868,1.08032766366653,1.08004970332188,1.07993485387612,1.07993806825553,1.08000540335875,1.08007798386233,1.08009634896856,1.08000489419672,1.07975610372271,1.07931426840938,1.07865840332505,1.07778411830043,1.07670425662772,1.07544819907246,1.07405982922124,1.07259426547677,1.07111357594383,1.069681794388,1.06835963693563,1.06719936932095,1.06624028451387,1.06550521541549,1.06499842686531,1.0647051109633,1.064592560682,1.06461293444929,1.06470736701347,1.06481104788501,1.06485879398309,1.06479059897068,1.06455665278346,1.0641213885076,1.06346622083274,1.06259077651334,1.06151256557764,1.06026518527978,1.05889527216511,1.05745851040484,1.0560150610908,1.05462479683387,1.0533427123542,1.05221484123683,1.05127494944541,1.05054220529723,1.0500199500928,1.04969561852923,1.04954178677149,1.04951826056044,1.04957505706697,1.0496560831253,1.04970326997803,1.04966089226581,1.04947977884867,1.04912111777235,1.04855956998869,1.04778543853509,1.04680569290676,1.04564372173285,1.04433777779113,1.04293818257228,1.0415034652962,1.0400957137519,1.03877550069213,1.03759680894965,1.03660240167446,1.03582006490613,1.03526008626851,1.03491422934977,1.03475632717947,1.0347444637783,1.03482455692448,1.03493501601993,1.03501204276593,1.03499508189418,1.03483192126641,1.03448298525673,1.03392445573631,1.03314997891466,1.0321708579565,1.03101477386016,1.02972320515574,1.02834781858997,1.02694617078756,1.02557709255336,1.02429612507809,1.02315134620886,1.02217987239108,1.021405255578,1.02083592134533,1.02046472023285,1.02026959289473,1.02021528339639,1.02025597529964,1.02033867286428,1.02040710561164,1.02040589989396,1.02028473781975,1.02000221423892,1.01952910905142,1.01885081716995,1.01796872349537,1.01690037525267,1.01567838700301,1.0143481102846,1.01296420343945,1.01158633894962,1.01027437531486,1.0090833875727,1.00805898541145,1.00723334333408,1.00662232020759,1.00622395733061,1.00601852167499,1.00597011590639,1.00602972457941,1.00613942376714,1.00623736601508,1.00626307763374,1.00616257966932,1.00589286978547,1.00542537548526,1.00474809946296,1.00386631109345,1.00280177794695,1.00159066211237,1.00028031505114,0.998925282860184,0.997582877147153,0.996308675719877,0.995152296135272,0.994153740363802,0.993340547872556,0.992725924494626,0.992307941573129,0.992069828521876,0.991981315064568,0.992000918708137,0.992079019456552,0.992161518168053,0.99219383833394,0.992125004945336,0.991911520574275,0.991520760202554,0.990933624976912,0.990146232628302,0.98917047924602,0.988033382186017,0.986775203712869,0.985446453811226,0.984103970586404,0.982806368320834,0.981609216368723,0.980560356963749,0.979695778883101,0.979036432214382,0.978586297051877,0.978331910650839,0.978243423155923,0.978277105306262,0.978379088755736,0.978489997375473,0.978550040622174,0.978504098055637,0.978306331908697,0.977923920367958,0.977339599988861,0.976552828824804,0.975579517129017,0.974450404308692,0.973208275472904,0.97190429827671,0.970593815167012,0.969331946501837,0.968169349201623,0.967148439237829,0.966300331431031,0.965642683925553,0.965178563710371,0.964896378662024,0.964770854251129,0.964764971397501,0.964832727183234,0.964922533045155,0.964981026552639,0.964957044216573,0.964805485754152,0.964490797012244,0.963989811549699,0.963293721508437,0.962408997725111,0.961357146410386,0.960173272564347,0.958903513821207,0.957601505688887,0.956324131474519,0.955126887862909,0.954059250507743,0.953160444829462,0.952456009925477,0.951955486420177,0.951651465223456,0.951520111378935,0.951523137588581,0.951611060676378,0.95172744732017,0.951813757773021,0.951814339580012,0.951681113928661,0.951377535636333,0.950881488196538,0.950186887012841,0.949303892851656,0.948257768413121,0.947086529603467,0.945837638360614,0.944564048608979,0.943319948449971,0.942156541484821,0.941118182817693,0.940239137285655,0.939541165901449,0.939032077994444,0.938705316538194,0.938540576621277,0.938505394509725,0.938557588762285,0.938648386309816,0.938726026108599,0.938739601994033,0.938642886210115,0.938397867700218,0.937977746724521,0.937369151601967,0.936573385505729,0.935606571143743,0.934498636963573,0.933291176322204,0.932034304839097,0.930782733032752,0.929591352203496,0.92851069192845,0.927582638920437,0.926836802998568,0.926287873552022,0.92593423047666,0.925757963130527,0.925726319769586,0.925794471932136,0.925909348788989,0.926014190637608,0.926053401021888,0.925977251526036,0.925746014614107,0.925333164499343,0.924727385125543,0.923933245229235,0.922970528536845,0.921872328121827,0.920682115718658,0.919450070905369,0.918228997354784,0.917070163829077,0.916019389703431,0.915113654312941,0.914378453129651,0.913826058420892,0.913454773428577,0.91324920169362,0.913181489954914,0.91321344592119,0.913299382234039,0.913389495914481,0.913433559436714,0.913384676583506,0.913202845100777,0.912858070834922,0.912332796384771,0.91162344267967,0.910740914609675,0.909709990654601,0.908567598268444,0.907360066423539,0.906139537162607,0.904959800774235,0.903871885194914,0.902919770780465,0.902136609690732,0.901541800704114,0.901139205125251,0.900916691828074,0.900847078036368,0.900890399483234,0.900997313660102,0.901113327880871,0.901183463035433,0.901156923709295,0.9009913502243,0.900656276787278,0.900135505526405,0.899428217617549,0.898548766257976,0.897525217744626,0.896396813676838,0.895210609726158,0.894017598887937,0.892868648206138,0.891810569856883,0.890882615081547,0.890113629152846,0.889520044028041,0.889104818674022,0.888857370129758,0.888754474702235,0.888762060512108,0.888837761240385,0.888934057241445,0.889001795005154,0.888993850356064,0.888868686241767,0.888593554262683,0.888147102056551,0.887521177743044,0.886721668492665,0.885768272229529,0.884693177119506,0.883538708510014,0.882354091152424,0.881191558070079,0.880102107657511,0.879131258893322,0.878315173511177,0.877677498592908,0.877227231771267,0.876957826666341,0.87684764526883,0.876861737513893,0.876954799755465,0.877075047759644,0.877168649733727,0.877184311419729,0.877077594540575,0.87681458261439,0.876374579591956,0.875751627492332,0.874954746621385,0.874006922255126,0.872942971836568,0.871806516236325,0.870646340538841,0.869512461251717,0.868452218699211,0.867506689556821,0.866707670809896,0.866075429398741,0.86561734768715,0.865327528921725,0.865187362989943,0.865166993695598,0.8652275760784,0.865324167006281,0.865409055154054,0.865435308479546,0.865360299677648,0.865148964426427,0.864776555270295,0.864230677242237,0.863512430696501,0.862636542080529,0.861630432773637,0.860532256108681,0.859388017856093,0.858247978726043,0.857162610665078,0.856178433443927,0.855334086589056,0.854656988368989,0.854160895584481,0.853844606432851,0.853691949006814,0.853673079275094,0.853746986965304,0.853864989510885,0.853974896770421,0.85402546404456,0.85397072560482,0.853773818117871,0.853409960243044,0.85286834366306,0.852152800595047,0.851281230255815,0.850283878719567,0.849200661852787,0.848077791445076,0.846964006020081,0.845906719679221,0.844948387513954,0.844123349693636,0.843455364497022,0.842955979591803,0.842623826341051,0.842444858211107,0.842393494561124,0.842434577173979,0.842526000029132,0.842621833844416,0.842675736655281,0.842644421234551,0.842490940882395,0.842187558639566,0.841717982832613,0.841078785115431,0.840279865980306,0.839343895885405,0.838304734836312,0.837204914822757,0.836092351625172,0.835016527575201,0.834024446721244,0.833156700744041,0.83244399160058,0.83190443153264,0.831541882506263,0.83134550906945,0.831290608694882,0.831340662889579,0.831450433765505,0.831569827853397,0.831648173736414,0.831638521411315,0.831501573473156,0.83120890043804,0.830745168967866,0.830109212619055,0.829313887702671,0.828384768986171,0.827357839542289,0.826276406965763,0.825187528888595,0.824138252470366,0.823171966970329,0.822325139848664,0.821624660839838,0.821085961286727,0.820712013489295,0.820493251669445,0.820408395901395,0.820426105341012,0.820507338740464,0.820608259473754,0.820683489906223,0.820689496849299,0.820587877268241,0.820348312815469,0.819950974637623,0.81938818743211,0.818665204360109,0.817800001453068,0.816822069368921,0.81577025784779,0.814689808390494,0.813628786558442,0.812634189091452,0.811748045025498,0.811003847494121,0.810423639377009,0.810016029958562,0.809775343529364,0.809682000539454,0.809704117103119,0.809800191446201,0.809922639369496,0.810021857302628,0.810050440848033,0.809967174702222,0.80974043749338,0.809350728436283,0.808792113523872,0.808072496006014,0.807212726632058,0.806244671560959,0.805208440074096,0.804149033547388,0.803112708483572,0.802143350208954,0.801279133377257,0.800549705851325,0.799974079834521,0.799559354164554,0.799300329539985,0.799180018046175,0.799170992409487,0.799237470663818,0.799337989433573,0.799428484612357,0.799465572673653,0.799409810241375,0.799228705180136,0.798899260753469,0.79840985658083,0.797761306878924,0.796966987502161,0.796051986958442,0.795051309635257,0.794007237044112,0.792966028640232,0.791974210373518,0.791074748995364,0.79030343638269,0.789685805552253,0.789234866115192,0.788949882567118,0.788816328678497,0.788807043551543,0.788884500634766,0.789003992635489,0.789117445219521,0.789177511166423,0.789141571404783,0.78897528277973,0.788655362360757,0.788171377967819,0.787526414355222,0.78673659226349,0.785829521328604,0.784841857130169,0.783816199715641,0.78279761144286,0.781830045138307,0.780952961623861,0.780198383071762,0.77958858103977,0.779134541264199,0.778835286650363,0.778678079695077,0.778639468934546,0.778687092997489,0.778782111732597,0.778882097515018,0.778944191979583,0.778928314998608,0.778800204881921,0.77853407284608,0.778114672021143,0.777538612464986,0.776814798867867,0.775963925713889,0.775017033020112,0.774013200202904,0.772996530431718,0.77201264619602,0.771104971400114,0.770311109125225,0.769659631581652,0.769167576315307,0.768838890115221,0.768663982529786,0.768620451240011,0.768674931572152,0.768785913910322,0.768907277900481,0.768992222120682,0.768997230547577,0.768885716899129,0.768631024381934,0.768218526592527,0.767646666649129,0.766926875009597,0.766082410067613,0.76514625862972,0.764158307149907,0.7631620436767,0.762201072827821,0.76131572289829,0.76053999905624,0.759899094645544,0.759407619620654,0.759068646544395,0.758873614999785,0.758803078212134,0.758828223555364,0.758913052951031,0.759017070931647,0.759098298089807,0.759116406586315,0.759035763357603,0.758828166841831,0.758475075646063,0.757969153542495,0.757314994808703,0.756528946501462,0.755638007733187,0.754677856854474,0.753690130591944,0.752719148372615,0.751808333290684,0.750996621476497,0.750315167985129,0.749784645599703,0.749413391745964,0.749196589968515,0.74911658154146,0.749144298347004,0.749241701011481,0.749365008274469,0.749468425929621,0.749508035483782,0.749445489503302,0.749251183696175,0.748906631869153,0.748405851789755,0.747755667627037,0.746974936676709,0.746092803436545,0.745146163488888,0.744176576569352,0.743226899449341,0.742337914858156,0.741545215333557,0.740876565185061,0.740349915154107,0.739972188364788,0.739738897652194,0.73963459720146,0.739634118400929,0.739704492719941,0.739807424405957,0.739902143654945,0.739948447393286,0.739909720807273,0.739755729341842,0.739464979216884,0.739026465569087,0.738440661619868,0.737719649438863,0.736886351377924,0.735972888145704,0.735018160369568,0.734064819644432,0.733155855905174,0.732331073649891,0.731623753851303,0.731057796604336,0.730645609337808,0.730386947488672,0.73026883298237,0.730266577981106,0.730345837005864,0.730465510991881,0.73058124336896,0.730649190563873,0.730629724124776,0.730490731724553,0.730210228003387,0.729778057860141,0.729196565502382,0.728480201580298,0.727654137046822,0.726752036206757,0.725813205336061,0.72487937293977,0.723991372061834,0.723185985802586,0.722493188211006,0.721933969099765,0.721518878523229,0.721247369716606,0.721107962410721,0.721079194746331,0.721131283642151,0.721228371774009,0.721331205184266,0.721400059687499,0.721397717462723,0.721292288480456,0.721059675776888,0.720685500059555,0.720166328352056,0.719510093298367,0.718735643252014,0.717871425978862,0.716953376903904,0.716022151204879,0.715119901558503,0.714286853374396,0.713557960589384,0.712959932380378,0.712508901358801,0.712208956561397,0.712051692671755,0.71201683642378,0.712073910826541,0.712184798292903,0.712306976037388,0.712397131327932,0.712414828005213,0.712325893246695,0.71210522481735,0.711738779851924,0.711224588920321,0.710572733806296,0.709804323315328,0.70894958842436,0.708045288037959,0.707131664159558,0.706249208188614,0.705435499029775,0.704722351830941,0.704133478072937,0.703682808687291,0.703373577028425,0.703198202331029,0.703138960222645,0.703169377396397,0.703256244283466,0.703362103522229,0.703448043946543,0.70347661043499,0.703414630124709,0.703235756179173,0.702922542489555,0.702467887118865,0.701875719138626,0.701160852040955,0.700347985245691,0.699469900137894,0.698564964013492,0.697674118621943,0.696837583368729,0.696091540387909,0.695465084151063,0.694977708259421,0.694637565228709,0.694440673054767,0.694371159924963,0.694402543264455,0.694499941140843,0.694623023620907,0.694729439261654,0.694778405937692,0.694734140980845,0.69456882458403,0.694264839969002,0.693816107644656,0.693228420210955,0.692518778270523,0.691713816896266,0.690847487033176,0.689958210901152,0.689085761598611,0.688268124349519,0.687538582403705,0.686923238527328,0.686439138301649,0.686093109230046,0.68588137459986,0.685789946950523,0.685795755662431,0.685868418487535,0.685972528994149,0.686070301707656,0.68612439488621,0.686100718136139,0.685971029334155,0.685715133519133,0.685322516329291,0.684793276539861,0.684138265899573,0.683378398330059,0.682543151954314,0.681668352371327,0.680793388942099,0.679958071647567,0.67919937815132,0.678548363401215,0.67802750313178,0.677648715800837,0.677412255355729,0.677306593352643,0.677309319842228,0.67738899693574,0.677507807288278,0.677624762156453,0.677699179150931,0.677694114646603,0.677579442840371,0.677334311523066,0.676948768864799,0.676424438007249,0.675774207303053,0.675020993526976,0.674195714160976,0.673334665855183,0.672476545069797,0.671659362326205,0.670917494726472,0.670279095782246,0.669764041734812,0.669382544502752,0.6691345079638,0.66900965053534,0.668988366082305,0.669043249229669,0.669141171608334,0.66924576334505,0.669320129925734,0.669329619113172,0.669244446675596,0.669041994150879,0.668708607530829,0.668240753085029,0.667645425418466,0.666939752219563,0.666149797805009,0.665308630054328,0.66445377801852,0.663624264843012,0.662857446699871,0.662185917452402,0.661634746072579,0.661219296500124,0.66094383724223,0.660801083009248,0.660772728409544,0.66083094204577,0.660940697815487,0.661062738905525,0.661156908168205,0.661185543455081,0.661116632088643,0.660926445255961,0.660601427220409,0.660139189151132,0.659548544137954,0.658848608761359,0.658067078051402,0.657237847070568,0.656398198444347,0.65558579853364,0.654835745929824,0.654177897148661,0.65363465991774,0.653219399139213,0.652935549309944,0.65277647418896,0.652726063256291,0.652760007501892,0.652847655982111,0.652954320453065,0.65304386898189,0.653081431410401,0.653036030625013,0.65288295457422,0.652605695653582,0.652197307008738,0.651661059558223,0.651010328397966,0.650267690971271,0.649463279035073,0.648632487901654,0.647813204571541,0.647042765499769,0.646354889161185,0.645776843329043,0.645327098567857,0.645013686562332,0.644833425929394,0.644772103312082,0.644805610670987,0.644901949565915,0.645023929589824,0.64513232039873,0.645189172794274,0.645161009155724,0.645021598809726,0.644754077577635,0.644352237274913,0.643820892330109,0.643175317562103,0.642439834092637,0.641645691166933,0.640828444242489,0.640025060692317,0.639270993210067,0.638597449268942,0.638029056316586,0.637582081332231,0.637263314730561,0.637069676817879,0.636988553799554,0.636998822509256,0.63707248052101,0.637176762372304,0.637276594101829,0.637337217844395,0.637326806489296,0.637218886131227,0.636994391978025,0.636643202136167,0.636165023500134,0.635569544394176,0.634875818303906,0.634110899532631,0.63330781130166,0.632502985025953,0.631733360859266,0.631033378532008,0.630432108866207,0.629950776192283,0.62960089815163,0.629383222442159,0.629287573084909,0.629293637551083,0.629372638541997,0.629489749599237,0.62960704142533,0.62968669409168,0.62969418519989,0.629601168387864,0.629387789598394,0.629044246061179,0.628571467973556,0.627980886628871,0.627293335955789,0.626537208559264,0.625746045636052,0.624955778270265,0.624201853988301,0.623516477964935,0.622926175801688,0.622449848494831,0.622097444739724,0.621869325619875,0.62175634594693,0.621740628151287,0.621796960894769,0.621894716962201,0.622000154445497,0.62207894245264,0.622098738180485,0.622031636852243,0.621856320442751,0.621559745924546,0.621138239309962,0.620597897842083,0.619954248296119,0.61923116247007,0.618459088430455,0.617672713738166,0.616908229697731,0.616200408249285,0.615579730254279,0.61506981130922,0.614685356157723,0.614430834775825,0.614300014383424,0.614276406731576,0.614334606077829,0.614442408920178,0.614563531006888,0.614660678927563,0.614698699449299,0.614647523622222,0.614484645094397,0.61419692014946,0.613781544808575,0.613246143897232,0.612607989284444,0.611892440857316,0.611130766883753,0.61035754511634,0.609607869757246,0.608914592234762,0.608305807780621,0.60780276869998,0.607418363436172,0.607156252601071,0.607010703196444,0.60696711366272,0.607003177664878,0.607090595376337,0.607197208569714,0.607289410829641,0.607334667287479,0.60730397005493,0.607174056655019,0.606929229835109,0.60656263862064,0.606076912319906,0.605484080715216,0.604804763248079,0.604066664941913,0.603302473365652,0.602547304501239,0.601835890778176,0.601199736603512,0.60066448089999,0.60024769924387,0.599957348899467,0.599791009523138,0.599736004277366,0.599770406664661,0.599864855488776,0.599985022828575,0.600094516422283,0.600157955693316,0.600143944682535,0.600027677143811,0.599792947390611,0.599433400402046,0.59895292904642,0.59836520653308,0.597692419665277,0.596963335417322,0.596210883953223,0.59546947200319,0.594772250615999,0.594148552067867,0.593621685222242,0.593207241025859,0.592912014566034,0.592733601444192,0.592660677748926,0.5926739274311,0.592747540371144,0.592851170195672,0.592952213808791,0.593018255289276,0.5930195058486,0.592931069551681,0.592734872073957,0.592421107374946,0.591989084939776,0.591447397720716,0.590813376827044,0.590111851107538,0.589373284756502,0.588631419734232,0.587920597254175,0.587272968775703,0.586715827162272,0.586269289280812,0.58594454038603,0.585742808417586,0.585655175574969,0.585663260375262,0.585740722992616,0.585855468408175,0.585972354367297,0.586056162023237,0.586074562118915,0.586000811473244,0.585815943008076,0.585510264012682,0.585084045594552,0.584547363381712,0.583919126994383,0.583225405612613,0.582497212680386,0.581767950150029,0.581070729890443,0.580435787503994,0.57988818426312,0.579445959905684,0.57911885692641,0.578907690060638,0.578804386684442,0.578792677911733,0.578849378497955,0.578946157783879,0.579051674826997,0.579133929262885,0.579162665888243,0.579111666026126,0.578960762991979,0.578697432913199,0.578317835997665,0.577827216850252,0.577239614639923,0.576576882959915,0.575867072240995,0.575142280764491,0.574436129129437,0.573781052547382,0.573205630827537,0.572732183425135,0.572374843940238,0.572138294438811,0.572017286723536,0.5719970094104,0.572054282690707,0.572159484793851,0.572279043812591,0.572378273604669,0.57242429925503,0.572388809900368,0.572250395368105,0.571996265694704,0.571623213990054,0.571137756092786,0.570555456802838,0.569899524101404,0.56919881275642,0.568485422076636,0.567792096664248,0.56714964352536,0.566584565570115,0.566117083603742,0.565759680445576,0.565516256081504,0.565381935701086,0.565343526384505,0.565380575594618,0.565466947258234,0.565572800256817,0.565666830367975,0.565718620687936,0.565700937851108,0.565591812481226,0.565376252752337,0.565047460016096,0.564607445081882,0.564066982218554,0.563444883767331,0.562766628965484,0.56206243278764,0.561364890118053,0.560706372681258,0.560116386158225,0.559619108636366,0.559231326001452,0.558960953844269,0.558806289858327,0.558756078813704,0.558790399463583,0.558882306337791,0.559000087372108,0.559109938679552,0.559178817285274,0.559177215986448,0.559081613531669,0.558876386840446,0.558555025905023,0.558120559946741,0.557585177580714,0.556969096141177,0.556298798678599,0.555604805837774,0.554919180404326,0.554272973630951,0.55369381552078,0.553203828725549,0.552818011348325,0.552543191883893,0.552377613811238,0.55231116146988,0.552326195569717,0.552398928010447,0.552501232980417,0.552602765457008,0.552673239865613,0.552684711292819,0.552613699797171,0.552443005499429,0.552163078615606,0.551772834464686,0.551279838263509,0.550699827016377,0.550055583947175,0.54937523171556,0.548690060272546,0.548032049214604,0.547431278263307,0.546913438739399,0.546497660259827,0.546194848521366,0.546006692081302,0.54592544088018,0.545934491461254,0.546009739868882,0.546121590677378,0.546237447402574,0.546324462801577,0.546352302644665,0.546295676303811,0.546136411866838,0.545864899452432,0.545480788482511,0.544992895693856,0.544418352800827,0.543781088504183,0.543109792832096,0.542435548402635,0.541789331159483,0.541199582681569,0.540690039353994,0.540277973836335,0.539972965348373,0.539776271354302,0.539680827923529,0.539671862384037,0.539728062118796,0.539823209053865,0.539928161583383,0.540013045067606,0.540049499157882,0.540012825531293,0.539883883619933,0.539650594968341,0.539308939087133,0.538863354802429,0.538326500208601,0.537718369695325,0.537064815530824,0.536395570678633,0.535741914769838,0.53513416197342,0.534599173568603,0.534158105690591,0.533824591635296,0.533603527693037,0.533490583268524,0.533472493753949,0.533528123931649,0.533630217676646,0.533747684088968,0.533848218212996,0.533901022132049,0.533879383189223,0.533762881361044,0.533539035486093,0.533204253601535,0.532764019591294,0.532232319196391,0.531630375675873,0.530984822486894,0.530325482421466,0.529682946958458,0.529086155613561,0.52856016418187,0.528124265810277,0.527790593515397,0.527563291057191,0.527438294754722,0.527403725103657,0.527440846431223,0.527525517096874,0.527630023117042,0.52772516535105,0.52778245509744,0.527776265592632,0.52768578792307,0.527496649639136,0.527202073098764,0.526803478128627,0.526310469287898,0.525740190450003,0.52511607633898,0.524466078973967,0.523820492865943,0.523209542002077,0.522660919836942,0.522197486863229,0.521835326078077,0.521582333582037,0.521437480392355,0.521390825193733,0.521424291075842,0.521513148793112,0.521628082086526,0.521737654467032,0.521810957924847,0.521820206776451,0.521743046255,0.521564374647116,0.521277526253873,0.520884724510684,0.520396783193127,0.519832101343844,0.519215057559918,0.518573956171942,0.517938708158255,0.51733844204425,0.516799235215466,0.516342136321937,0.515981618137574,0.515724561214102,0.515569825748062,0.515508425645511,0.515524277555157,0.515595460673156,0.515695891797461,0.515797295345554,0.515871330471085,0.515891727502522,0.515836284107669,0.515688578241872,0.515439270317637,0.515086891116289,0.514638044264191,0.514106991489526,0.513514633455163,0.512886945995715,0.512252977583315,0.511642554772662,0.5110838740082,0.510601176579006,0.510212705568843,0.509929127614597,0.509752568184927,0.509676358982807,0.509685534043166,0.509758042947424,0.509866582249546,0.509980886949372,0.510070279284031,0.510106247329156,0.510064823754755,0.509928555751165,0.509687898119746,0.509341917969494,0.508898264892797,0.50837242770523,0.507786360863973,0.507166614673366,0.50654213922356,0.505941950606211,0.505392849258668,0.504917365999692,0.504532084392567,0.50424645216121,0.504062153293857,0.503973069702749,0.503965819803285,0.504020823387731,0.504113809301162,0.504217655757313,0.504304433369112,0.50434750861697,0.504323560954314,0.504214370426166,0.504008244835654,0.503700976203429,0.503296245208149,0.502805428588477,0.50224680653082,0.501644212475051,0.501025213388535,0.500418950621517,0.499853805883052,0.499355079690961,0.498942877491401,0.498630389295319,0.49842272152178,0.498316396068946,0.498299574747208,0.49835300220598,0.498451593795185,0.498566533457657,0.498667697509586,0.498726188618381,0.498716754060853,0.498619874588434,0.498423343433503,0.498123205216652,0.497723985944825,0.497238211065095,0.496685271688332,0.496089753428845,0.495479383113784,0.494882773104967,0.49432715037264,0.493836248825923,0.493428521217316,0.49311579456673,0.492902454208447,0.492785199839579,0.492753375467628,0.492789836401265,0.492872282214318,0.492974956172651,0.493070589763015,0.493132456264019,0.493136390188869,0.493062630274852,0.492897352782229,0.492633779316868,0.492272769023369,0.491822838146442,0.491299589320502,0.490724576456057,0.490123675914472,0.489525077314843,0.488957043903548,0.488445618999269,0.488012468081001,0.487673043011492,0.487435234489434,0.487298641683502,0.48725453664603,0.487286539911461,0.487371958512833,0.487483675212665,0.487592424812429,0.487669255918885,0.487687958803749,0.487627244029488,0.48747248179998,0.48721685551408,0.486861839683992,0.486416975826063,0.485898983285038,0.485330298803574,0.484737183802942,0.484147568345555,0.483588814116954,0.4830855758876,0.482657923739794,0.482319859894742,0.482078327811995,0.481932770966924,0.481875257606935,0.481891148530312,0.481960249555135,0.482058360273935,0.48215910687491,0.482235929885995,0.482264088117446,0.482222538206948,0.482095555304291,0.481873974742485,0.481555956952488,0.481147207901317,0.480660623904359,0.480115371023051,0.479535452907811,0.478947863700489,0.478380460789853,0.477859721951306,0.477408569074672,0.477044443399447,0.476777803260144,0.476611184730434,0.476538920022358,0.476547551680765,0.476616917747292,0.476721820473366,0.476834135507922,0.476925175940353,0.476968100977932,0.476940155203504,0.47682454170418,0.476611768813312,0.476300361503142,0.475896888752508,0.475415320868718,0.474875789262702,0.474302869986947,0.473723547406732,0.473165033504698,0.47265262122494,0.472207738316485,0.471846343952863,0.471577777332086,0.471404129064493,0.471320165791823,0.47131379901713,0.471367052810156,0.471457453514983,0.471559738931636,0.471647765395924,0.471696479234715,0.471683814601702,0.471592383005413,0.4714108311295,0.471134762817194,0.470767148005379,0.470318175105862,0.469804542364964,0.469248225897975,0.468674804507493,0.468111460611188,0.467584808889599,0.467118725970107,0.466732362482485,0.466438511060517,0.46624247966875,0.466141580082148,0.46612528935117,0.466176082236038,0.466270870735438,0.466382929416047,0.466484138536252,0.466547346207118,0.466548639574528,0.466469324529275,0.466297442609864,0.46602869913051,0.465666732927533,0.465222719200467,0.464714356257878,0.464164338712404,0.463598459248303,0.463043505672926,0.462525128591043,0.46206584847435,0.461683351289599,0.461389192255285,0.461187991174869,0.461077163547665,0.461047192308443,0.461082408046393,0.46116221273639,0.461262654653526,0.461358241076762,0.461423861175823,0.461436684514574,0.461377901203662,0.461234178116017,0.460998721803638,0.460671862603722,0.460261105244288,0.459780627826427,0.459250251473336,0.458693944609694,0.458137965588395,0.457608781650414,0.457130927365422,0.456724978497269,0.456405815235646,0.456181330766297,0.456051707657418,0.456009337726606,0.456039404834148,0.456121089728853,0.456229297793371,0.456336760554763,0.45641632571008,0.456443232282706,0.456397169459706,0.45626393941007,0.456036583389668,0.455715882197358,0.455310200741569,0.454834705775412,0.454310039741003,0.453760577147939,0.453212419570061,0.452691299552776,0.452220562617648,0.451819381766523,0.451501333127748,0.451273427935378,0.45113565828908,0.451081075246736,0.451096380391399,0.451162978124452,0.451258407020216,0.451358045610131,0.451436971587975,0.451471844078932,0.451442676617182,0.451334374064673,0.451137919982705,0.450851121813262,0.45047884914737,0.450032734351775,0.449530343268594,0.448993864301503,0.448448404042625,0.44792001330702,0.447433595483049,0.447010866138008,0.44666853614498,0.446416878610004,0.446258812424791,0.446189593880354,0.446197155689287,0.446263074706961,0.446364091373105,0.446474051553122,0.446566100792888,0.446614936606308,0.446598919093986,0.44650185454642,0.4463142990258,0.446034275500009,0.445667353642923,0.445226099837427,0.444728960148736,0.444198685767014,0.443660444694828,0.443139783016922,0.442660603440757,0.442243319017952,0.44190331834552,0.441649848150268,0.441485383313976,0.441405516312912,0.441399360520772,0.441450427091087,0.441537904832568,0.441638247747391,0.441726956463534,0.441780428154497,0.441777745049932,0.441702274545182,0.441542964349746,0.441295234023744,0.440961389282857,0.440550516806295,0.440077853584432,0.439563664074873,0.439031697952966,0.438507337896037,0.438015577211497,0.437578987848294,0.437215847529292,0.436938588422421,0.436752708248013,0.436656248897633,0.436639900091636,0.436687730452961,0.436778490928066,0.436887381660843,0.436988129041616,0.437055189677545,0.437065885890198,0.437002284439305,0.436852655659279,0.436612391116692,0.436284309587644,0.435878337892298,0.43541060889806,0.434902068280376,0.434376720000265,0.433859665067558,0.433375097880441,0.432944419772108,0.432584612198852,0.432306985026821,0.432116381821994,0.432010887147396,0.43198204354623,0.432015550554861,0.432092386584877,0.432190268137548,0.43228534043242,0.432353979708759,0.432374580571857,0.432329202070713,0.43220495387264,0.43199501895424,0.431699231410878,0.431324156663231,0.43088265536036,0.430392949891163,0.429877251249055,0.429360041136032,0.428866136373791,0.428418686578529,0.428037268633189,0.427736240472122,0.427523500933518,0.427399772245232,0.427358479016709,0.427386245914565,0.427463980306012,0.427568451686353,0.427674232452075,0.427755829759717,0.427789819771937,0.42775679565696,0.427642959262301,0.427441221275606,0.427151721920362,0.426781738534588,0.426345001899203,0.425860494265907,0.425350843907844,0.424840460290389,0.42435356889524,0.423912305241819,0.423535015082992,0.423234884515124,0.423018992852728,0.422887845772612,0.422835409442467,0.422849630693545,0.422913395804435,0.423005852608466,0.423103998425253,0.4231844204034,0.423225065674089,0.423206916542684,0.423115450971695,0.422941780887498,0.422683380217903,0.422344340550044,0.421935123940097,0.421471818199972,0.420974937820515,0.420467850897578,0.419974945921128,0.419519678812204,0.419122657058931,0.418799921688792,0.418561577574589,0.418410897981894,0.418343991640666,0.418350072843253,0.418412321399808,0.418509264970729,0.418616567001543,0.418709064578238,0.418762876371677,0.418757394214654,0.418676983517638,0.418512246328913,0.418260743102274,0.417927120397236,0.417522646222303,0.417064206870515,0.416572863837332,0.416072102894915,0.415585927306388,0.415136952818977,0.414744654294398,0.414423894621988,0.414183838689409,0.414027321766915,0.413950705753566,0.413944221053332,0.413992758601492,0.414077047403485,0.414175129035884,0.414264022658021,0.414321462687417,0.414327586724572,0.41426645377917,0.41412728243906,0.413905315248795,0.413602238858464,0.413226118695568,0.412790840719856,0.412315089386143,0.411820927840552,0.411332080725614,0.410872048622533,0.410462203009885,0.410120018976421,0.409857597914375,0.409680613335862,0.409587780528724,0.409570907265683,0.409615531905738,0.409702101807786,0.409807594458749,0.409907441514098,0.409977586738874,0.409996495941108,0.409946941896764,0.409817409418489,0.409603002581414,0.409305783518944,0.408934524909665,0.408503910708997,0.408033266611593,0.407544938911917,0.407062465006864,0.40660868948465,0.406203976835072,0.40586465685828,0.405601814324297,0.405420503314346,0.4053194320115,0.405291128317162,0.405322562917848,0.405396176153419,0.405491229566867,0.405585383239226,0.405656386506564,0.40568376278492,0.405650369224964,0.405543718900872,0.405356967176691,0.405089484521168,0.40474696474139,0.404341049297998,0.403888483430937,0.403409856085866,0.402928010413637,0.402466241914519,0.402046424040644,0.401687213453687,0.401402487013152,0.401200148820165,0.401081418457534,0.401040672621362,0.401065864763734,0.401139495517664,0.401240055708895,0.401343819035542,0.40142682791196,0.401466897309626,0.401445459828987,0.401349090899333,0.40117058414123,0.400909490006778,0.4005720810468,0.400170759140421,0.399722968453794,0.399249718204362,0.398773848159922,0.398318185365224,0.397903742575519,0.397548098366094,0.397264078008455,0.39705882572947,0.396933325900246,0.396882395920954,0.396895139587421,0.396955818556762,0.397045072663775,0.397141398307728,0.397222778605057,0.397268349914361,0.397259986952512,0.39718369318141,0.39703069446686,0.396798152008524,0.396489434726424,0.396113920768822,0.395686331180528,0.395225634099176,0.394753592678366,0.394293061430425,0.393866160833549,0.393492475997055,0.393187429569867,0.392960970431189,0.39281669772833,0.392751505632113,0.39275579031858,0.392814211010079,0.39290694622385,0.393011339908009,0.393103794904391,0.393161747310969,0.393165547542099,0.39310008311336,0.392956003370506,0.392730444683285,0.39242720174851,0.392056341462062,0.391633305034811,0.391177586853006,0.39071111127075,0.390256448707612,0.38983501925835,0.389465426077221,0.389162043814432,0.388933961884439,0.388784351234339,0.388710289456758,0.388703045173476,0.388748790777051,0.388829684526856,0.388925239841954,0.389013882203854,0.389074582872013,0.389088453927008,0.389040191167992,0.388919260160796,0.388720736146556,0.388445730200266,0.388101361230554,0.387700264937229,0.387259664981558,0.386800066153376,0.386343661585691,0.385912573167782,0.385527063364745,0.385203865157889,0.384954772998828,0.384785620801196,0.384695743657522,0.38467798015139,0.38471922516545,0.384801493362863,0.384903406055895,0.385001974005567,0.385074520237849,0.385100573427022,0.385063565350873,0.384952185052865,0.384761275491259,0.384492201892813,0.384152669986473,0.383756021587746,0.38332007970782,0.382865651378583,0.382414820867318,0.381989177512163,0.381608121098949,0.381287374825095,0.381037813680554,0.380864687261155,0.380767283494311,0.380739046205708,0.380768127207825,0.380838324481704,0.380930333395916,0.381023218674964,0.38109600158005,0.381129249860764,0.381106557688321,0.381015809078185,0.380850131188715,0.380608463058552,0.380295690218496,0.379922325171389,0.379503746477422,0.37905904310658,0.37860954336389,0.378177136287799,0.377782515126854,0.377443484710833,0.377173475227024,0.376980392987431,0.376865914320441,0.376825293188081,0.376847709317076,0.376917135493582,0.377013654934096,0.377115117276187,0.377198989327608,0.377244237895272,0.377233078943058,0.377152440379237,0.376995013486046,0.376759807259565,0.376452166386015,0.37608326225783,0.375669112353369,0.375229222102944,0.374784971763798,0.374357886920087,0.373967934542388,0.373631977930346,0.373362505195063,0.373166719748698,0.373046050367602,0.372996105530753,0.373007064349119,0.373064466486277,0.373150337531155,0.373244565374174,0.37332642794996,0.373376163673361,0.373376473263371,0.373313845542674,0.373179610201297,0.372970637214689,0.372689625129198,0.372344947922389,0.371950061312353,0.371522502437134,0.371082549494197,0.370651637604406,0.370250651072288,0.369898227700892,0.369609215677903,0.369393416352771,0.369254726623078,0.369190763570725,0.369193013703614,0.369247503151046,0.369335937821902,0.369437218688037,0.369529201680952,0.369590548129389,0.369602502892775,0.36955044439165,0.36942507283069,0.369223137572965,0.368947648001987,0.368607559596342,0.368216973406593,0.367793928118095,0.367358895762241,0.366933112512197,0.366536883879431,0.366187999377455,0.3659003768267,0.365683033218079,0.365539450124104,0.365467369794516,0.365459025833379,0.365501781866012,0.365579124533282,0.365671934701537,0.365759943755926,0.365823270762265,0.365843931441573,0.365807211459484,0.365702804515119,0.365525629978537,0.365276264992516,0.364960951316911,0.364591166634526,0.364182781971158,0.363754859255691,0.36332817341213,0.362923569057562,0.362560280217008,0.362254350115124,0.36201728537107,0.361855064066436,0.361767590624846,0.361748653983883,0.361786402149529,0.361864299906456,0.361962491823945,0.362059454431194,0.362133793712325,0.362166030003945,0.362140213591163,0.362045230688638,0.361875689232279,0.361632313682141,0.361321823500641,0.360956316317566,0.360552219374574,0.360128907712201,0.35970711189404,0.359307250366226,0.358947821698251,0.358643981014109,0.358406404877702,0.358240522265334,0.358146158748972,0.358117609220609,0.358144123676151,0.358210762572172,0.358299554428627,0.358390869611963,0.358464911197238,0.358503216837447,0.358490064861765,0.358413683447353,0.358267173576703,0.358049074310603,0.357763522092354,0.357419983397139,0.357032570660318,0.356618983210136,0.356199145627614,0.355793643003724,0.355422073328275,0.355101449297484,0.354844783259639,0.354659978750208,0.354549130104191,0.354508299219597,0.354527798179223,0.35459296170703,0.354685348679399,0.354784271738461,0.35486852278258,0.354918143208087,0.354916083402755,0.354849606681613,0.354711317434167,0.354499728982906,0.354219329605066,0.353880150747315,0.353496885000561,0.353087638732614,0.352672432189274,0.352271576404916,0.351904060788015,0.351586078394309,0.351329799304758,0.351142478494855,0.351025955739018,0.35097657405629,0.350985512341192,0.351039499105316,0.351121849192245,0.351213744993239,0.351295668792491,0.351348883847702,0.351356858914037,0.3513065342513,0.351189336674398,0.351001866691368,0.3507462017485,0.350429785265356,0.35006490028506,0.349667757530025,0.34925725835359,0.34885352109714,0.348476282135776,0.348143297958975,0.34786887991224,0.347662687345256,0.347528887469575,0.347465761995713,0.3474658036081,0.347516302697732,0.347600380521883,0.347698383550995,0.347789519570102,0.347853592875951,0.347872686275415,0.347832642677234,0.347724218341573,0.347543811169249,0.34729370731712,0.346981833610158,0.346621047086568,0.346228032245607,0.34582190763161,0.345422663877363,0.345049564142159,0.344719635185381,0.344446364373676,0.344238696774249,0.344100399628086,0.344029831529153,0.344020123003001,0.344059745979533,0.344133423550129,0.344223309605127,0.344310351293246,0.34437573625675,0.344402321580896,0.344375942496688,0.344286506093581,0.344128788474296,0.343902872541072,0.343614187269161,0.343273136850737,0.342894338006241,0.342495514160992,0.342096123816505,0.341715824838513,0.341372894067325,0.341082730433426,0.340856568012621,0.340700512425623,0.340614990013187,0.340594665833082,0.34062884642171,0.340702340086572,0.340796705487575,0.340891782789589,0.340967374672265,0.341004929980754,0.340989082460441,0.340908910921372,0.34075881379422,0.340538927429999,0.340255059702574,0.339918154043142,0.33954333958568,0.339148656841345,0.338753572451018,0.33837740951867,0.338037821507823,0.337749428543003,0.337522716945773,0.337363278267289,0.337271435501138,0.337242274052246,0.337266065605133,0.337329046083127,0.337414485789193,0.33750397152804,0.337578807649033,0.337621435888928,0.337616772822348,0.337553368695065,0.33742430231942,0.337227743254717,0.336967134114726,0.336650971638479,0.336292193834742,0.335907210353147,0.335514642154246,0.335133862183759,0.334783448660016,0.334479674490124,0.334235158433222,0.334057794868961,0.333950059332677,0.333908757412026,0.333925247392481,0.333986125447598,0.334074320178712,0.334170505192694,0.334254708222793,0.334307976370975,0.334313951530165,0.334260218601749,0.334139310839447,0.333949289129728,0.333693851708649,0.333381973481131,0.333027115381576,0.332646080119783,0.332257618055187,0.331880903825564,0.33153400996515,0.331232498515213,0.330988236970692,0.330808522915244,0.330695574814383,0.330646417146896,0.330653158651974,0.330703634893485,0.330782362109009,0.330871729510547,0.330953342562546,0.331009420729546,0.331024150009203,0.330984893341869,0.33088317066143,0.330715334691188,0.330482888128021,0.330192411832538,0.329855100923209,0.329485934724273,0.329102535415246,0.328723796740761,0.328368385883026,0.328053236274424,0.327792154781598,0.327594662000137,0.327465168921749,0.327402567606418,0.327400279487972,0.327446765404612,0.327526460046355,0.32762105437067,0.32771101675322,0.327777220778796,0.327802537204248,0.327773250950391,0.327680180676135,0.327519406725367,0.327292549922019,0.327006584875933,0.326673212867752,0.326307856915011,0.325928371861956,0.325553582878618,0.325201775394233,0.324889258221839,0.32462911050081,0.324430203921753,0.324296566805592,0.324227128443194,0.324215853011515,0.324252244418497,0.32432217824227,0.324408995751894,0.324494778677249,0.324561712477184,0.324593440648015,0.32457631325617,0.32450043935882,0.324360465124903,0.324156016912064,0.323891770647738,0.32357713462192,0.323225560856728,0.322853528817203,0.322479272281008,0.322121343399692,0.321797125061308,0.321521411544255,0.321305176592653,0.321154636683976,0.321070695629791,0.321048826084393,0.321079406449303,0.321148491378366,0.321238954521284,0.321331907360249,0.321408271723075,0.321450368707562,0.32144338502573,0.321376589417188,0.321244195531529,0.321045800938606,0.320786371093242,0.320475778031512,0.320127942182172,0.319759658300476,0.319389210416322,0.319034894197434,0.318713567816673,0.318439344937699,0.318222527330323,0.318068852014332,0.317979101091586,0.317949093929417,0.317970053247633,0.318029310719859,0.318111295302693,0.318198729631055,0.318273947104775,0.318320235120536,0.318323108464585,0.318271421213085,0.318158235475599,0.317981380663812,0.317743657129545,0.317452662144316,0.317120243079173,0.316761610700131,0.316394172784884,0.316036172602677,0.315705235912669,0.31541694190337,0.315183536204086,0.315012896709505,0.314907845329795,0.314865871819874,0.314879301539537,0.314935900303224,0.315019870051453,0.315113152886374,0.31519693187939,0.315253198165371,0.315266247316112,0.315223974615938,0.315118857954956,0.314948546529021,0.314716010188916,0.314429244215721,0.314100563418693,0.313745553966496,0.313381778214902,0.313027344951696,0.312699464067768,0.312413100931011,0.312179832889999,0.312006990259739,0.311897139115657,0.311847935607215,0.311852353510438,0.311899260265995,0.311974293304107,0.312060969148307,0.312141943371852,0.312200330420939,0.312220988866885,0.312191679886644,0.31210401463076,0.311954119388033,0.311742965650934,0.311476334600578,0.311164411102558,0.310821029604482,0.310462621568045,0.310106939188902,0.309771650950811,0.309472918877823,0.309224073342564,0.309034497679144,0.308908821162663,0.308846495666214,0.308841800060065,0.308884279740291,0.308959589920823,0.309050674306088,0.309139179318621,0.309206981580679,0.309237695346473,0.309218028325355,0.309138868684716,0.30899601142287,0.308790465996952,0.308528325470489,0.308220216519839,0.30788038553364,0.307525505449576,0.307173308505937,0.306841160452264,0.306544691802237,0.306296592271394,0.306105657247356,0.305976152110549,0.305907533776418,0.305894541218791,0.305927639958866,0.305993781200146,0.30607741569509,0.306161686415433,0.306229713227107,0.306265877363595,0.306257013683282,0.306193424466764,0.306069639683192,0.305884864864374,0.305643078357986,0.305352763862389,0.305026290498262,0.30467897961443,0.30432792312324,0.303990640291048,0.303683676429831,0.303421255910048,0.303214101863793,0.303068525103119,0.302985865283881,0.302962339362574,0.302989318091274,0.303054013699157,0.303140524620268,0.303231149937938,0.303307860657264,0.30335379980231,0.303354680382875,0.303299959867678,0.303183690917592,0.303004978485529,0.302768009715232,0.302481661553024,0.302158727735283,0.301814838337987,0.301467168664036,0.301133048217371,0.300828584300207,0.30056740884359,0.300359642772464,0.300211151439066,0.300123139665259,0.300092107980973,0.300110164810325,0.300165664392459,0.300244118500137,0.300329312528748,0.300404543937061,0.300453893728148,0.300463439857153,0.300422325170974,0.300323601601213,0.300164786550996,0.299948086220744,0.299680263206143,0.299372150941144,0.299037843971071,0.298693618831556,0.298356663453094,0.298043711397393,0.297769688868032,0.297546485692171,0.297381955322396,0.297279233164514,0.297236437969072,0.297246789399458,0.297299138880535,0.297378873792664,0.29746912069664,0.297552145152168,0.297610826879862,0.297630081621223,0.297598105944204,0.297507337935626,0.29735505341772,0.297143551147611,0.296879917819851,0.296575400759378,0.296244449355741,0.295903512574366,0.295569697240509,0.295259399250629,0.294987017511079,0.294763849245022,0.294597247047756,0.294490094814756,0.29444063365242,0.294442642238503,0.29448595068363,0.294557244259088,0.294641094521418,0.294721141154376,0.294781338746176,0.294807178980764,0.294786800428991,0.294711905210826,0.294578414031396,0.294386808036812,0.294142126898694,0.293853616522984,0.293534045459929,0.293198734815396,0.292864370313038,0.292547685076364,0.292264115676368,0.292026540280503,0.291844205109869,0.291721933363773,0.29165968970476,0.291652544688482,0.291691049482452,0.291761994918201,0.291849493894112,0.291936295988057,0.292005221073896,0.292040587203127,0.292029508338406,0.291962949732217,0.291836451533936,0.291650462124337,0.29141025842095,0.291125467258042,0.290809236257383,0.290477131185249,0.290145857262314,0.289831912894023,0.289550285517535,0.289313291386821,0.289129645578825,0.289003827246614,0.288935780344856,0.288920963861961,0.28895073995785,0.289013064946793,0.289093428029462,0.289175966955359,0.289244678963133,0.289284639731506,0.289283142818029,0.289230677148796,0.28912167037494,0.288954940971079,0.288733821225853,0.288465935893114,0.288162646045762,0.287838193090975,0.287508602170894,0.287190425307796,0.286899420652916,0.286649273239774,0.286450463318378,0.286309379889006,0.286227759523757,0.286202504959274,0.286225906204145,0.286286251789601,0.286368782629505,0.286456909285749,0.286533588590908,0.28658274027103,0.286590580166377,0.286546754373384,0.28644517733156,0.286284504545469,0.286068204301934,0.285804228884579,0.285504320747263,0.285183019548036,0.284856459211073,0.284541058549003,0.284252213752943,0.284003096550825,0.283803649198967,0.28365984845845,0.283573287394863,0.283541098372652,0.283556214999049,0.28360794673544,0.283682818811544,0.283765612961212,0.283840532027109,0.283892404061747,0.283907839383786,0.283876257166703,0.283790706424527,0.2836484194256,0.283451053106544,0.283204595213015,0.282918935604268,0.28260712805468,0.282284392301443,0.281966928136914,0.281670631052401,0.281409810437175,0.281196015077339,0.281037065689227,0.280936380213566,0.280892655225849,0.280899937652491,0.280948087448795,0.281023597081154,0.281110700992036,0.281192681092689,0.281253255641723,0.281277930705465,0.281255196716171,0.281177467142579,0.281041680421081,0.280849517478076,0.280607222109522,0.280325046589883,0.280016376729095,0.279696616296003,0.279381928224153,0.279087938246824,0.278828505516271,0.278614655181872,0.278453751354246,0.278348967312526,0.278299085328896,0.278298633136092,0.278338339668146,0.278405870753323,0.278486787059731,0.278565652576214,0.278627212753644,0.278657557405681,0.278645184663716,0.278581888629545,0.27846340463916,0.27828976181858,0.27806531222237,0.277798428364773,0.277500885144262,0.277186966486247,0.276872359701683,0.276572919665099,0.276303398570064,0.276076243575266,0.275900562919672,0.275781350534008,0.275719040108458,0.275709433200761,0.275744014370708,0.275810632316451,0.275894492833275,0.275979380484015,0.276049004228324,0.276088350283098,0.276084924545206,0.276029777165667,0.275918222247758,0.275750193969163,0.275530213694943,0.27526697740579,0.274972605552693,0.274661625195599,0.274349774640864,0.274052732338548,0.273784874112438,0.273558156377347,0.273381209111812,0.273258702778427,0.273191030154986,0.27317431921393,0.273200768654642,0.273259275051345,0.273336301080744,0.273416918842579,0.273485951478217,0.273529130472034,0.273534185333796,0.273491786791852,0.273396274003902,0.273246110265723,0.273044029704909,0.27279685866495,0.2725150188028,0.272211742931863,0.271902057672381,0.271601607179582,0.271325407732675,0.271086632066826,0.270895523667037,0.2707585340484,0.270677760310939,0.270650736835709,0.270670605619364,0.270726656942067,0.270805198896416,0.270890684074449,0.270966997567821,0.271018794995005,0.27103277426197,0.270998770801027,0.270910582512922,0.270766455806254,0.270569195307551,0.270325893744999,0.270047311757446,0.269746966755117,0.269440012860616,0.269142008634262,0.26886767494934,0.268629742194262,0.268437974917432,0.268298444676612,0.268213100135582,0.268179659401754,0.268191825159729,0.268239800024161,0.268311059079866,0.26839131981622,0.268465637292031,0.268519544812544,0.268540157876228,0.268517161697018,0.268443610109873,0.268316475837048,0.268136908445893,0.267910176149198,0.267645289897862,0.267354331713837,0.267051532355174,0.26675216443499,0.266471334189768,0.266222766454828,0.266017681587262,0.265863859102443,0.265764970364816,0.265720242317479,0.265724487340441,0.265768503097209,0.26583981349865,0.265923690868136,0.266004373211744,0.266066371973129,0.266095756831501,0.266081306008552,0.266015423040428,0.265894742730939,0.265720377716905,0.265497789724154,0.265236302829162,0.264948306606833,0.26464822214,0.2643513214385,0.26407249972859,0.263825100139873,0.263619882208918,0.263464210685703,0.263361521160973,0.263311096017659,0.263308160112643,0.263344282187467,0.26340804676362,0.263485943334911,0.263563405832012,0.26362592612155,0.263660160998885,0.263654952836113,0.263602189688909,0.26349744102207,0.263340319878637,0.26313454066891,0.262887662915504,0.262610534100456,0.262316467786252,0.26202021476431,0.261736803334729,0.261480338171466,0.261262854015786,0.261093319515654,0.260976877343846,0.260914389496283,0.260902332449999,0.260933057524892,0.260995399914944,0.261075588460317,0.261158380477576,0.261228324766377,0.261271043576117,0.261274422242631,0.261229603683417,0.261131703101406,0.260980184168083,0.260778868898284,0.260535586189086,0.260261495304547,0.25997014749643,0.259676369145807,0.259395061825555,0.25914001798262,0.258922845873452,0.258752085049903,0.258632575707445,0.258565123478903,0.258546477746011,0.258569618076659,0.258624321549026,0.258697964745353,0.258776499006166,0.258845526746326,0.258891400609185,0.258902266131219,0.258868972395533,0.258785783700764,0.258650838225168,0.258466316486708,0.258238302314122,0.257976341009948,0.257692722090439,0.257401535873594,0.257117572535588,0.256855147311999,0.256626944660614,0.256442976134477,0.256309740670209,0.256229661905201,0.256200855728692,0.256217254097985,0.256269080501528,0.256343641154901,0.256426367154231,0.256502019365044,0.256555952310209,0.256575327466791,0.256550170889266,0.256474184515756,0.256345243365213,0.256165539680412,0.255941366907093,0.255682568002699,0.255401700890248,0.255112996379465,0.254831198798292,0.254570386038969,0.25434286374858,0.254158218802622,0.25402260140932,0.253938284992142,0.253903530317145,0.253912757036849,0.253957003569578,0.25402463638038,0.254102253306739,0.254175713295657,0.254231217235232,0.25425636169943,0.25424108942463,0.25417846708711,0.254065232176722,0.253902066004108,0.25369356845924,0.25344793112763,0.25317632756924,0.252892061525489,0.252609533902568,0.252343105862897,0.252105946587704,0.251908958850135,0.251759872503215,0.25166258500737,0.251616809621527,0.251618067090702,0.251658027575694,0.251725178788868,0.251805766784335,0.251884930595379,0.251947933586706,0.251981385005283,0.25197434584995,0.251919223831114,0.251812381754885,0.251654410075196,0.251450044846773,0.251207743760649,0.250938962259843,0.250657196207384,0.250376875171238,0.25011219990326,0.249876018715166,0.24967883071633,0.249527990464765,0.249427170138833,0.249376113731625,0.24937069488061,0.249403267494836,0.249463277786015,0.2495380887885,0.249613954789572,0.249677073823696,0.249714641811596,0.249715832152306,0.249672629544143,0.249580456302806,0.24943854307378,0.249250013011324,0.24902166839058,0.248763490146669,0.248487882656606,0.248208716648144,0.247940240763822,0.247695945368026,0.247487469177017,0.24732363910144,0.247209725754618,0.247146981535163,0.247132505957415,0.247159455668894,0.247217586710673,0.247294086844153,0.247374629142577,0.247444557299705,0.247490100484882,0.247499512492866,0.247464036797568,0.247378615233315,0.247242281702639,0.247058211059936,0.246833424178477,0.246578180092434,0.246305112181321,0.246028185355278,0.245761563604309,0.245518481462277,0.24531020912268,0.24514519006684,0.245028413594524,0.244961064354931,0.244940468727544,0.244960335467509,0.245011266953547,0.245081498905351,0.245157811500588,0.245226544051997,0.245274639180789,0.245290640914543,0.245265574343724,0.245193642231365,0.245072685962127,0.244904373928572,0.244694099152299,0.244450588647901,0.244185248529307,0.243911289679563,0.243642697350915,0.243393122686304,0.243174783321943,0.242997462700494,0.242867692731345,0.242788191851528,0.242757610987128,0.242770614776732,0.242818296777876,0.242888897842132,0.242968769286854,0.243043499732401,0.243099108937897,0.24312320537412,0.243106007395486,0.243041140436205,0.242926143352517,0.242762643690449,0.242556191509511,0.242315771417309,0.242053039758122,0.241781355981245,0.241514692313904,0.241266513033181,0.241048713775586,0.240870703109916,0.240738694292186,0.240655256371007,0.240619152440654,0.240625470642693,0.240666032115238,0.240730040827607,0.240804924151774,0.240877300841078,0.240934005274891,0.240963093628303,0.240954759096934,0.240902089345041,0.24080160968533,0.240653569700301,0.240461948434298,0.240234173048954,0.239980566823811,0.239713563246816,0.239446742143556,0.239193759723813,0.238967255518922,0.238777824107002,0.238633137342386,0.238537293155466,0.238490450200237,0.23848878478253,0.238524779405762,0.238587823314682,0.238665077353454,0.238742531100744,0.238806162151997,0.238843097556476,0.238842676908388,0.238797325557915,0.238703163937971,0.238560303258306,0.238372806269683,0.238148321540057,0.237897427781795,0.237632748609721,0.237367915671642,0.23711646812496,0.236890778525927,0.236701089734255,0.236554735456413,0.236455600058613,0.236403853024528,0.236395971706328,0.236425044493662,0.23648132664018,0.236553003881998,0.236627105491903,0.236690499090805,0.23673089470122,0.23673778529647,0.2367032554258,0.236622598173695,0.236494693367287,0.236322116017474,0.236110962689034,0.235870403827537,0.235611990775295,0.235348765835814,0.235094240729125,0.234861321556244,0.234661265554798,0.234502755403106,0.23439117004081,0.234328116984764,0.23431127072116,0.234334536469484,0.234388530592622,0.234461340764388,0.234539503469883,0.23460911613661,0.234656988349048,0.234671732621382,0.234644700587888,0.234570684696274,0.234448327074334,0.234280203929353,0.234072582886416,0.233834879175007,0.233578861816269,0.233317680713739,0.233064798279492,0.232832914216936,0.232632969424293,0.232473305474168,0.232359041087926,0.232291708107387,0.232269168436188,0.232285811987084,0.232333015344554,0.232399822876124,0.232473797339203,0.232541976281193,0.232591864114741,0.232612387853224,0.232594747124397,0.232533096094338,0.232425006019915,0.232271671818205,0.23207784360392,0.231851483683267,0.231603169855776,0.231345285707546,0.231091056376099,0.230853502480863,0.230644394091563,0.230473289558364,0.230346739994033,0.230267729005495,0.230235399434124,0.230245095613829,0.230288722887265,0.230355398239259,0.230432339595366,0.230505919258526,0.230562791449052,0.230590996672227,0.230580947505171,0.230526211231923,0.230424023451981,0.230275491393685,0.230085473633169,0.229862151423809,0.229616333108985,0.229360554725052,0.229108055124019,0.228871711746021,0.228663023342785,0.228491219023832,0.228362560088259,0.228279883738202,0.22824241766202,0.228245873346603,0.228282805404968,0.228343205518738,0.228415283834429,0.228486378565376,0.228543926620587,0.228576424564741,0.228574310180671,0.228530700263833,0.228441929777007,0.228307850714509,0.228131865359058,0.227920687237671,0.227683842945777,0.227432947846381,0.227180807030881,0.226940408334056,0.226723885154263,0.226541532063947,0.22640095479235,0.226306427729968,0.226258516892805,0.226254005244805,0.226286132038185,0.226345130589795,0.226419022224661,0.226494600639018,0.226558523103841,0.226598414668733,0.226603889992861,0.226567404854466,0.226484865034456,0.22635594250887,0.226184075411221,0.225976156331922,0.225741940432932,0.225493228050114,0.225242893937092,0.225003845783895,0.22478799761779,0.224605339416336,0.224463173632738,0.224365573718717,0.224313100766758,0.224302793792774,0.224328428559774,0.224381020614107,0.224449531506784,0.224521723849984,0.224585101487275,0.224627865969973,0.224639819864755,0.224613151132174,0.2245430407186,0.224428047241274,0.224270237684862,0.224075050633009,0.223850897775448,0.223608529089419,0.223360205838797,0.22311874189709,0.22289648640725,0.22270432810321,0.222550802693586,0.22244137896274,0.222377986684711,0.222358830751797,0.222378512453569,0.222428452567435,0.222497584239884,0.222573259145899,0.222642290613731,0.2226920443984,0.222711483017797,0.222692073606106,0.222628481718817,0.222518993157787,0.222365630634899,0.222173959417655,0.22195260326731,0.221712516389718,0.221466076591016,0.221226077819562,0.22100470599023,0.220812580401503,0.220657934827397,0.220545998685542,0.220478621079026,0.220454160655102,0.220467643761054,0.22051117378456,0.220574557074117,0.22064609639274,0.220713492131708,0.220764784914693,0.220789270956949,0.220778323631463,0.220726060998375,0.220629809282819,0.220490325976806,0.220311762738556,0.220101366704795,0.219868938141143,0.21962608126278,0.219385302151615,0.219159021519103,0.218958579238123,0.218793310949907,0.218669773892996,0.218591189186389,0.218557151548389,0.218563635938258,0.218603305590136,0.218666099586653,0.218740052998408,0.218812281216428,0.218870044666954,0.218901802298147,0.218898162960995,0.218852653058103,0.218762235670822,0.21862753905483,0.218452778578162,0.218245383217796,0.218015362995491,0.217774474897055,0.217535260111197,0.217310033780861,0.217109909572081,0.216943935634287,0.216818406938017,0.216736402927334,0.216697580529491,0.216698232469933,0.216731601077013,0.216788419639228,0.216857637939334,0.216927276597125,0.216985346808306,0.217020768246562,0.217024218384033,0.216988851199439,0.216910831946326,0.216789646949576,0.216628162711334,0.216432426162838,0.216211216710005,0.215975379601852,0.21573698775777,0.215508394098587,0.215301247244986,0.21512554895487,0.214988830976323,0.214895521678375,0.21484655906505,0.214839287411898,0.214867651260162,0.214922674875405,0.214993189902581,0.215066751322851,0.215130664268911,0.215173033664031,0.215183746198935,0.215155300177267,0.215083412660479,0.214967353696135,0.21480998211774,0.214617483944907,0.214398840166471,0.214165073230165,0.21392833892335,0.213700941188943,0.213494351192317,0.213318308776139,0.21318007507957,0.213083890795423,0.213030676818853,0.213017994527733,0.213040263190543,0.213089213407945,0.213154539194599,0.213224698157828,0.213287799818598,0.213332516797919,0.213348952506469,0.213329402104833,0.213268950669608,0.213165863371811,0.213021736542376,0.212841395068595,0.212632539738047,0.212405166826797,0.212170800148045,0.211941591555684,0.211729358140708,0.21154463179121,0.211395798403854,0.211288399247556,0.211224655742297,0.211203261802913,0.211219466124238,0.211265442144224,0.211330918141037,0.211404016436579,0.211472231367304,0.21152346257581,0.211547014707715,0.211534477414861,0.211480410433362,0.211382776320376,0.211243086358044,0.211066250816506,0.210860150641948,0.210634971215773,0.210402357993229,0.210174467021107,0.20996298969689,0.209778230533128,0.209628309663092,0.209518549428412,0.20945108804109,0.209424744590814,0.209435140148874,0.20947506084395,0.209535031771925,0.209604056404737,0.209670465464995,0.209722812465862,0.209750750497353,0.209745826407804,0.209702134160487,0.209616778563891,0.209490113341264,0.209325733003076,0.209130215403038,0.208912630183096,0.208683846352707,0.208455688677683,0.20824000600011,0.208047723768743,0.207887956831548,0.207767256185221,0.20768905463741,0.207653361551922,0.207656736981763,0.207692552115608,0.207751518116946,0.207822441456936,0.207893143112548,0.207951463668926,0.207986268081355,0.207988363560314,0.207951251839102,0.2078716521938,0.207749752455989,0.20758916974628,0.207396628290842,0.207181385961901,0.20695446185824,0.2067277325544,0.206512973488102,0.206320923926719,0.206160449339541,0.206037864663767,0.20595646716293,0.205916309848433,0.205914227340135,0.205944107063978,0.205997381117661,0.206063699020141,0.20613172967039,0.206190032694196,0.206227935248075,0.206236350377245,0.206208477123991,0.206140330533538,0.206031061129902,0.205883037789138,0.205701684490324,0.205495079249182,0.205273341522888,0.205047851255797,0.204830357173461,0.204632042607851,0.204462622883954,0.204329548246037,0.204237380015251,0.204187395260227,0.204177457451066,0.204202168681475,0.204253294932164,0.204320431721374,0.20439185569429,0.204455490462371,0.204499904146084,0.204515252803149,0.204494088650814,0.204431964274153,0.204327782600877,0.204183865405987,0.204005738152224,0.203801653598236,0.203581898484996,0.203357944811632,0.20314151838951,0.202943661857178,0.202773867180024,0.202639344491915,0.202544481078491,0.202490527770721,0.202475531553509,0.202494514304943,0.20253987962316,0.202602013797723,0.202670034005684,0.202732627365328,0.202778918932125,0.20279930523914,0.202786192561554,0.202734585558295,0.202642481995189,0.202511042404563,0.202344519130999,0.202149946408906,0.201936610884166,0.20171533913547,0.20149765397147,0.20129486326265,0.201117152601034,0.200972755193273,0.200867268486751,0.20080317700558,0.200779625218488,0.200792464062923,0.200834571649951,0.200896424732429,0.200966875010478,0.201034065526336,0.201086409229538,0.201113545708037,0.201107193791298,0.201061827118515,0.200975115884632,0.200848099173738,0.200685076402816,0.200493231022538,0.2002820223848,0.200062400515719,0.1998459118687,0.199643771063685,0.199465973925126,0.199320521231082,0.199212811415422,0.199145245320903,0.199117068466806,0.199124457685178,0.199160840803016,0.199217421510741,0.199283867612441,0.199349110191965,0.199402194300099,0.199433118811154,0.199433604169053,0.199397731736873,0.199322407117804,0.199207611712123,0.19905642133091,0.198874787140231,0.198671091609964,0.19845550936779,0.19823921866275,0.198033522227937,0.197848945460448,0.197694383955064,0.197576370802604,0.197498526407439,0.197461240151504,0.197461614887119,0.197493683398097,0.197548882514487,0.197616747680208,0.197685770703246,0.19774434822571,0.197781739759902,0.197788952923774,0.197759479966663,0.197689823177484,0.197579765936874,0.197432369053158,0.197253696304759,0.197052296423525,0.196838488921498,0.196623516448882,0.196418635629895,0.196234221079499,0.196078953732847,0.195959155458423,0.195878318335241,0.195836860366784,0.19583212127857,0.195858593839629,0.195908369128774,0.195971759372209,0.196038050193559,0.196096325877661,0.196136306867517,0.196149138307157,0.196128071959703,0.196068991065972,0.195970738310105,0.195835220510151,0.19566727926318,0.195474333673665,0.195265818434126,0.195052456723035,0.194845421372901,0.194655448291846,0.194491972078239,0.194362354299836,0.194271269564593,0.194220303345014,0.194207799153654,0.194228972297706,0.194276284760019,0.194340052815248,0.194409238002991,0.194472355165285,0.194518420192116,0.194537856118109,0.194523279762836,0.194470101891875,0.194376890810191,0.194245470653339,0.194080749251361,0.193890293968401,0.19368369513259,0.193471773674821,0.193265701031149,0.193076104508241,0.192912230096463,0.192781227669423,0.192687611634711,0.192632934711272,0.192615695061458,0.192631478950039,0.192673323761398,0.19273227069926,0.192798063693662,0.192859941568785,0.192907464769149,0.192931316083412,0.192924016854122,0.192880505972509,0.19279853823353,0.192678870914749,0.19252522212248,0.19234400072457,0.192143824592576,0.191934860287037,0.191728032014549,0.191534159419094,0.191363091384155,0.19122290557501,0.191119240345418,0.19105481673326,0.191029193976353,0.191038783260424,0.191077122758869,0.191135394342134,0.191203140761567,0.191269123786892,0.191322250594962,0.191352489089899,0.191351693538205,0.191314269916488,0.191237624902417,0.191122362012018,0.190972211009385,0.190793700130181,0.190595602606493,0.190388207445658,0.19018247784656,0.189989168077649,0.189817970783191,0.1896767618357,0.189570999834902,0.189503323355949,0.189473372467677,0.189477843323504,0.189510767139509,0.189563988804674,0.189627806672368,0.189691724463817,0.189745259139982,0.189778745324951,0.189784077464973,0.189755335293018,0.189689246096681,0.189585448362584,0.189446535040909,0.189277870219533,0.189087189526032,0.18888401103419,0.188678898664412,0.18848263280754,0.188305351990229,0.188155733824304,0.188040282520643,0.187962783588758,0.187923974178129,0.187921460592136,0.18794989410385,0.188001394063961,0.188066185450989,0.188133398596389,0.188191963797534,0.188231524498938,0.188243290678963,0.18822075930643,0.18816024073776,0.1880611474983,0.187926023242341,0.187760312666891,0.187571895514334,0.187370427445256,0.18716654578167,0.186971007739618,0.186793832239784,0.186643513780115,0.186526368802826,0.186446062540403,0.186403348797987,0.18639603794529,0.18641919093589,0.186465520689949,0.186525967702732,0.186590405069393,0.18664841979755,0.186690112642273,0.186706857876774,0.186691967373055,0.186641209925444,0.186553146572967,0.186429255276006,0.186273833026497,0.186093679497488,0.185897582684411,0.18569564254031,0.185498482166374,0.185316406499948,0.185158574576321,0.185032252501112,0.18494220979433,0.184890311755915,0.184875345486114,0.184893098242302,0.184936685479698,0.184997104118743,0.185063966384955,0.185126352997338,0.185173713263452,0.185196734990558,0.185188109594897,0.185143127188364,0.185060051809515,0.184940246779209,0.184788042396789,0.184610360650558,0.184416132156516,0.184215557315314,0.184019275319541,0.183837510370809,0.183679264122546,0.183551617372381,0.183459193278454,0.183403820078919,0.183384414827876,0.183397092415084,0.183435487403593,0.183491261107173,0.183554753714645,0.183615731783349,0.183664175472191,0.183691047668255,0.183688988708536,0.183652885582628,0.1835802730453,0.183471535540242,0.183329892651445,0.183161166207981,0.182973343260297,0.182775964866765,0.182579384822185,0.182393953945267,0.182229193215959,0.182093022005629,0.181991105276329,0.181926375763323,0.18189877412358,0.181905232689997,0.181939908179704,0.181994647226892,0.18205964794472,0.182124262896566,0.182177875699823,0.182210776401996,0.182214960560884,0.182184783711949,0.182117415961682,0.182013059485311,0.181874912905505,0.18170888877322,0.18152311151004,0.181327241252401,0.181131682518545,0.180946744504194,0.180781821719917,0.180644659817953,0.18054076253062,0.180472982740811,0.180441325136491,0.180442971048252,0.180472519256757,0.180522420953014,0.180583573590377,0.180646027799388,0.1806997543297,0.180735414413467,0.180745077101135,0.180722830928681,0.180665244511362,0.180571640954465,0.180444163807419,0.180287626983095,0.18010915677429,0.179917649829503,0.179723085594632,0.179535744130761,0.179365389261,0.179220481702602,0.179107486487219,0.17903033322563,0.178990076770067,0.178984790223695,0.179009703205653,0.179057577396112,0.179119290551056,0.179184581396619,0.179242892984561,0.179284242773751,0.179300044921497,0.179283814372875,0.1792316929522,0.179142753728015,0.179019059818902,0.178865475536439,0.178689249193097,0.178499406017115,0.178306004727534,0.178119321240151,0.177949027090554,0.177803428457887,0.177688824670309,0.177609033712989,0.177565117766324,0.177555325527496,0.177575251349757,0.177618195287405,0.177675693984712,0.177738180794035,0.177795725119818,0.177838796109288,0.177858994598793,0.177849699659554,0.177806582001094,0.177727945574698,0.177614870513892,0.177471144437564,0.177302984346476,0.177118566938407,0.176927400100191,0.176739581481021,0.176565000283802,0.176412544703581,0.176289378983962,0.176200350379419,0.17614757736202,0.176130256647684,0.176144708998717,0.17618466370512,0.176241760927687,0.176306231654206,0.176367698803016,0.176416031681629,0.176442180790463,0.176438921457445,0.176401442902853,0.176327733269677,0.176218729506786,0.17607822191195,0.175912524560283,0.175729942712657,0.175540084816866,0.175353078510105,0.17517875627804,0.175025876886984,0.174901443703022,0.17481017132878,0.174754138740354,0.174732651588747,0.174742319876119,0.174777341085216,0.174829964122416,0.17489109700828,0.174951011759217,0.175000093771297,0.175029580464484,0.175032235019608,0.175002905630162,0.17493892853758,0.174840343817386,0.174709905881671,0.17455288525526,0.174376673510286,0.17419021831055,0.174003329230539,0.173825906255063,0.173667150581,0.173534820653131,0.173434594674901,0.17336959393241,0.173340109411922,0.173343558137476,0.173374676645587,0.173425938678951,0.173488164392832,0.173551271046808,0.173605102058627,0.173640263813698,0.173648898590296,0.173625327547527,0.17356650940029,0.173472276999987,0.17334533387881,0.173191013926507,0.173016827707056,0.172831836601783,0.172645909454235,0.172468924663636,0.172309983275749,0.172176695669513,0.17207459654474,0.172006731066103,0.171973440430516,0.171972359113301,0.171998619895198,0.172045247626686,0.172103709499815,0.172164579093874,0.172218264138229,0.172255744085498,0.172269263319638,0.172252929082828,0.172203169788456,0.172119018947503,0.17200220197996,0.171857017069264,0.171690016151521,0.171509507176581,0.171324912889204,0.171146033458588,0.170982269264732,0.170841865090451,0.170731237167058,0.170654439624033,0.170612816978198,0.17060487493095,0.170626383971908,0.17067071058375,0.170729350972699,0.170792624104908,0.170850466223975,0.170893259479197,0.170912623846882,0.170902104597097,0.170857696882698,0.17077816368493,0.170665121865966,0.170522891601033,0.170358124979531,0.170179248136438,0.169995766247791,0.169817490891044,0.169653753968297,0.169512671519923,0.169400514738661,0.169321235171827,0.169276177603825,0.16926399871943,0.16928079364831,0.169320417071528,0.169374971747656,0.169435425892156,0.169492312398908,0.169536457793081,0.169559687221771,0.169555453725381,0.169519345338763,0.169449431955626,0.169346424919639,0.169213635400394,0.169056732040813,0.168883313249677,0.168702323864608,0.168523358659626,0.168355905246953,0.168208585343141,0.168088455347398,0.16800042423108,0.167946838776913,0.167927273611784,0.167938547104976,0.167974965355324,0.168028776807673,0.168090801356184,0.168151181942956,0.168200195268438,0.168229052511228,0.168230621560331,0.168200009188846,0.168134954174665,0.168035999341957,0.167906430155849,0.167751987909897,0.167580384744998,0.167400663974132,0.167222461089832,0.167055227536393,0.166907480528848,0.16678613812486,0.166695990086393,0.166639342824354,0.166615862117827,0.166622621617184,0.166654349599032,0.166703852116511,0.166762578456485,0.166821285331661,0.166870749939288,0.166902479149844,0.166909362713653,0.166886222397181,0.166830216145146,0.166741066330657,0.166621093382105,0.166475049895687,0.166309764944521,0.166133622738707,0.165955913044122,0.165786101770093,0.16563307788048,0.165504436415008,0.165405856332156,0.165340625865056,0.165309357315051,0.165309918364423,0.165337589194226,0.165385435447483,0.165444868133248,0.165506344745442,0.165560152867509,0.165597209714481,0.165609809290103,0.16559225335093,0.165541312755717,0.165456481006618,0.165340000333164,0.165196660689612,0.165033391586378,0.164858683932629,0.164681892520005,0.164512478379387,0.164359253482738,0.164229688169157,0.164129334757741,0.164061409958367,0.164026565042954,0.164022857544927,0.164045922753204,0.164089328582714,0.164145084479395,0.164204264584234,0.164257697952265,0.164296674510363,0.164313614769781,0.164302654049336,0.164260097928044,0.164184714506601,0.164077840351618,0.163943290118525,0.163787074049004,0.163616941933043,0.163441785726027,0.16327094477641,0.163113466529794,0.162977380725384,0.162869045802952,0.162792622121285,0.162749717683607,0.162739238855142,0.162757461986054,0.162798323269783,0.162853905222053,0.162915080646407,0.162972260591061,0.163016183078442,0.163038675348664,0.163033324479819,0.162995999370851,0.16292518040503,0.162822070318906,0.162690479164109,0.162536495869097,0.162367976927088,0.162193897538492,0.162023620905047,0.161866146595211,0.161729398799594,0.161619610201438,0.161540847850524,0.161494714893161,0.161480247478587,0.161494010866274,0.161530383857791,0.161582007179026,0.16164036015245,0.161696421515353,0.161741364937097,0.161767237854881,0.161767573706035,0.161737892359465,0.161676051271592,0.161582420202513,0.161459864674063,0.161313537041251,0.161150488259019,0.160979127221726,0.16080856692223,0.160647906598746,0.160505505565353,0.160388306789809,0.160301266003776,0.16024693508674,0.160225236963944,0.160233454061246,0.160266434650658,0.160317002725129,0.160376539086036,0.160435685857496,0.1604851152271,0.16051629705691,0.160522199802043,0.160497864997996,0.160440806882153,0.160351204376444,0.160231871111306,0.160088008594117,0.159926766151379,0.159756647201571,0.159586813383151,0.159426345173166,0.15928351951236,0.159165161743707,0.1590761214608,0.159018910579432,0.158993528229775,0.158997482137268,0.15902600120245,0.159072420059694,0.159128704365257,0.159186076100233,0.159235691728474,0.159269322883755,0.159279989458539,0.159262498454065,0.159213848509104,0.159133469296221,0.159023276468355,0.158887535925414,0.158732545084506,0.158566152689571,0.158397151509562,0.158234589040595,0.158087049083022,0.15796196098285,0.157864992816313,0.157799579595147,0.157766627820931,0.157764424005743,0.157788758122927,0.157833254743162,0.157889886484541,0.157949628087736,0.158003196546806,0.158041814622349,0.158057932619198,0.158045846836469,0.158002162283134,0.157926061195446,0.157819356203187,0.157686325952633,0.157533349762593,0.157368374707927,0.157200261909354,0.157038067694281,0.156890319112894,0.156764341995183,0.156665693735999,0.156597743095711,0.156561426563533,0.156555196435217,0.156575160896921,0.156615402179271,0.156668446184722,0.156725846636582,0.156778839280182,0.156819017314353,0.15683897818788,0.156832894141448,0.156796964246297,0.156729713886109,0.156632118213272,0.156507538510711,0.156361473894897,0.156201144568749,0.156034935941578,0.155871744391216,0.155720274278067,0.155588341157737,0.155482237299301,0.155406212215338,0.155362112937309,0.155349216639827,0.155364272776981,0.155401754381065,0.155454300121394,0.155513311813445,0.155569657964025,0.155614424078643,0.155639645893854,0.15563896295628,0.155608136978864,0.155545391489581,0.155451545246857,0.155329930141384,0.155186103048618,0.155027378559558,0.154862224119845,0.154699569629974,0.154548089248362,0.154415513750502,0.154308027575181,0.154229796290052,0.154182658592692,0.154166003260848,0.154176836859109,0.154210033626124,0.15425874580017,0.154314941499687,0.154370028760396,0.154415518838454,0.154443679627882,0.154448131051639,0.154424338461219,0.154369967170428,0.154285070870685,0.154172098308468,0.154035715598061,0.153882455115499,0.153720215185052,0.153557646767775,0.153403473121135,0.153265795013754,0.153151436804041,0.15306538703294,0.153010380985346,0.152986662189643,0.152991945726858,0.153021589593285,0.153068962616405,0.153125980181058,0.15318376393921,0.153233370268893,0.153266525711447,0.153276306675412,0.153257705505014,0.153208035125973,0.153127138903308,0.153017389640795,0.152883480116202,0.152732025404911,0.152571012846496,0.152409147503557,0.152255148425405,0.152117053529476,0.152001588512424,0.151913648401023,0.151855929991204,0.151828740565664,0.151829994087598,0.151855391684269,0.151898769696611,0.151952586748414,0.152008511853789,0.152058069004624,0.152093290238374,0.152107328982469,0.152094988448705,0.152053125810348,0.151980901505021,0.151879853805475,0.151753791193257,0.151608508331629,0.151451344722079,0.151290617517505,0.151134970496684,0.15099268895752,0.150871034460379,0.150775653359558,0.150710108616738,0.150675575588391,0.150670729829167,0.150691839379442,0.150733056786253,0.150786888772221,0.150844805650978,0.150897939853407,0.150937814589318,0.150957040624513,0.150949921772278,0.150912917765048,0.15084492590198,0.15074735899857,0.150624015100174,0.150480752420426,0.150324999336775,0.15016514256094,0.150009845721652,0.149867354936579,0.149744847386995,0.149647873777733,0.149579936579112,0.149542234084072,0.149533586692555,0.149550547600867,0.149587686297699,0.149638020878815,0.149693564931348,0.149745947147555,0.149787057250637,0.149809670414306,0.149808004134571,0.149778166322676,0.149718460953401,0.1496295275123,0.149514302196943,0.149377801669587,0.149226743342212,0.149069028814642,0.148913128244855,0.14876741217825,0.148639482857368,0.148535558611164,0.148459962186071,0.148414756779406,0.14839956241651,0.148411570935318,0.1484457613425,0.148495300110686,0.148552094683289,0.14860745462507,0.148652804902667,0.148680390751992,0.148683914058978,0.148659047153829,0.148603780831865,0.148518578188482,0.148406323027174,0.148272069487988,0.148122616446275,0.147965944608854,0.14781056486883,0.147664832584276,0.147536283713277,0.147431045332749,0.147353365561384,0.147305297173709,0.147286556294726,0.147294563633747,0.147324661845334,0.147370489772238,0.147424483337278,0.147478464318668,0.147524272579641,0.147554394755121,0.147562542985281,0.147544140938332,0.147496680854938,0.147419924314879,0.147315930383471,0.147188907124634,0.147044895431096,0.146891306879499,0.146736348958539,0.146588380615266,0.146455247748869,0.146343651325399,0.146258599695388,0.146202991287052,0.146177364314101,0.146179837075992,0.146206246825222,0.146250478339525,0.146304956785103,0.146361264767153,0.146410832098399,0.146445639955106,0.146458879483263,0.146445508786942,0.14640266123057,0.146329871237529,0.146229099956114,0.146104560697858,0.145962361245141,0.145809995380869,0.145655727978584,0.145507925760628,0.14537438889919,0.145261736987181,0.145174896961592,0.145116731081656,0.145087831037038,0.145086490787953,0.145108856921202,0.145149242158808,0.145200576046582,0.145254957458564,0.145304266862921,0.145340792597595,0.145357824818145,0.145350173270323,0.145314570430972,0.145249929544895,0.145157437225634,0.145040472019986,0.144904352973123,0.144755934978476,0.144603079677689,0.144454040978303,0.144316811995202,0.14419848461996,0.144104673399118,0.144039051657521,0.144003039885578,0.143995674758359,0.144013672600972,0.144051684837127,0.144102726387224,0.144158742665691,0.14421126826477,0.144252121885066,0.144274078491281,0.144271461455505,0.144240604471535,0.144180144609513,0.144091122887459,0.143976885684461,0.143842797562284,0.143695791973426,0.143543799486889,0.143395102471612,0.143257669986997,0.143138526750864,0.143043205742891,0.142975325884433,0.142936325213917,0.14292536710757,0.14293942347674,0.14297352554928,0.143021160729621,0.143074783874121,0.143126403666673,0.143168199995047,0.143193126492455,0.143195453741821,0.14317121291826,0.143118506610106,0.143037662825488,0.142931219248199,0.142803737019294,0.142661455941263,0.142511815190673,0.142362874490659,0.142222679348355,0.142098619592915,0.141996832405452,0.141921698906534,0.141875477074252,0.141858103593717,0.141867183864489,0.141898173857098,0.141944741140252,0.141999276690914,0.142053515560383,0.14209921445887,0.142128828887269,0.142136132193896,0.142116723946755,0.142068384824406,0.141991248878312,0.141887780158573,0.141762557746102,0.141621889571808,0.14147328953203,0.141324863117232,0.141184653241359,0.141059999829144,0.140956964078237,0.140879861651672,0.140830939171123,0.14081021626569,0.140815502160632,0.140842582425558,0.140885559003246,0.140937315814646,0.140990073702049,0.141035992656137,0.141067776416256,0.141079234716095,0.141065761600904,0.141024694162203,0.140955524385082,0.140859947118059,0.140741738871519,0.140606474530709,0.14046110133866,0.14031340079903,0.140171378583468,0.14004262926438,0.139933726022974,0.139849684909472,0.139793548552588,0.139766125572238,0.139765909865289,0.139789189302619,0.139830337407222,0.139882265703481,0.139937000135979,0.139986333662017,0.140022499986625,0.140038811201804,0.140030205092773,0.139993655829181,0.13992841389943,0.139836056275441,0.139720344427698,0.139586904343803,0.139442757597473,0.139295744454745,0.139153888029627,0.139024752082985,0.13891484411683,0.138829110288408,0.1387705600317,0.138740047044172,0.13873622051835,0.138755647236185,0.13879309239355,0.138841935639528,0.138894689480704,0.13894358040782,0.138981149161481,0.139000825606761,0.138997435719145,0.138967603038772,0.13891001433784,0.138825528755224,0.138717120752007,0.138589659284672,0.138449537825739,0.1383041814501,0.138161467277858,0.138029102273746,0.137914006999557,0.137821754825353,0.137756113009102,0.137718724959408,0.137708962278447,0.137723961592953,0.137758845806221,0.137807113577491,0.137861166016025,0.137912927201866,0.137954506467279,0.137978846312189,0.137980300849109,0.13795509572489,0.13790163097367,0.137820602187972,0.137714931385209,0.13758951544463,0.137450815435378,0.137306323152979,0.137163950637496,0.137031393673757,0.136915521026694,0.136821837623527,0.136754062606607,0.136713852969961,0.136700691352671,0.136711943547573,0.136743078410382,0.136788031024538,0.136839679932911,0.136890401549175,0.136932659886381,0.136959587689406,0.136965515971415,0.136946412726626,0.136900197985181,0.136826911030074,0.13672871602935,0.136609743949122,0.136475780694697,0.136333823181294,0.136191535613802,0.136056646808808,0.135936335138603,0.135836649975926,0.135762016954665,0.135714868819245,0.135695434349401,0.135701705421432,0.135729587651843,0.135773224494982,0.135825469537842,0.135878468493935,0.135924302363695,0.135955637442855,0.135966326956796,0.135951913221637,0.135909988009349,0.135840381373447,0.135745164338606,0.135628467093289,0.135496130097454,0.135355219375174,0.135213448004398,0.135078552605802,0.134957676057632,0.134856805741512,0.13478031076575,0.134730612537477,0.134708011692565,0.134710681769214,0.134734827150899,0.134774990647324,0.134824485426836,0.134875917487542,0.134921758898286,0.134954928916941,0.134969339898842,0.134960367591283,0.134925210785431,0.134863113052338,0.134775428990719,0.134665528508292,0.134538544484313,0.134400980962726,0.134260209981625,0.134123894411347,0.133999380945342,0.133893110974257,0.133810096978664,0.13375350807242,0.133724400515861,0.13372161785225,0.133741871611917,0.133779998394488,0.13382937391514,0.133882450709871,0.133931374996452,0.133968630822403,0.133987656884514,0.133983383606716,0.133952645041604,0.133894431250723,0.133809960932986,0.133702569826915,0.133577426291472,0.133441099987685,0.13330102144849,0.133164878567012,0.133040000082427,0.132932775855147,0.132848159361268,0.132789290002298,0.132757262368454,0.132751057499602,0.132767638479306,0.132802200342097,0.132848553118264,0.132899607569874,0.132947926293044,0.132986298702103,0.133008297128822,0.133008772866861,0.132984255330846,0.132933224316332,0.132856234256457,0.132755879871768,0.132636604086809,0.132504360824535,0.132366156495129,0.132229503840167,0.132101829464873,0.131989881162883,0.131899182440527,0.13183357914887,0.131794916803092,0.131782877330103,0.131794991311263,0.131826827273978,0.13187234447612,0.131924381299011,0.131975239195345,0.132017313351528,0.132043716741025,0.132048844569069,0.132028831254749,0.131981861584766,0.1319083105823,0.131810701703247,0.131693488739861,0.131562681783771,0.131425350412778,0.131289046829674,0.131161197281532,0.131048511424825,0.130956456485438,0.13088883656336,0.13084750799974,0.13083225029281,0.1308407996283,0.130869039665206,0.130911332676005,0.13096096421978,0.131010666795746,0.131053182775892,0.131081824569717,0.1310909904905,0.131076598084445,0.131036402533687,0.130970175814178,0.13087973212697,0.130768796159353,0.130642722298268,0.130508084254398,0.130372164852686,0.130242384191874,0.130125710216993,0.130028098357419,0.129954005837853,0.129906021426561,0.129884642929956,0.12988822321152,0.129913091772435,0.129953844122219,0.130003776611399,0.13005543146718,0.130101206745043,0.130133979817085,0.130147691520402,0.130137841387221,0.130101852184453,0.130039273554087,0.129951808738433,0.129843163812935,0.129718734057449,0.12958515566656,0.129449761744126,0.129319988592508,0.12920278123619,0.129104045868722,0.129028191815312,0.128977797307766,0.128953422736627,0.12895358305314,0.128974878630436,0.129012272078603,0.129059488034383,0.129109504443155,0.12915509777247,0.129189401222289,0.129206434443701,0.129201565513746,0.129171870772628,0.1291163653207,0.129036086087488,0.128934019902784,0.128814880293749,0.128684748084737,0.12855060150488,0.128419770605288,0.128299357579012,0.128195668391542,0.128113701473244,0.128056735850823,0.128026054059519,0.128020824875373,0.128038158071555,0.128073329067634,0.128120156756611,0.128171504309905,0.128219861681711,0.128257960978656,0.1282793726267,0.128279031732694,0.128253650105884,0.128201979502783,0.128124904802482,0.128025360724345,0.127908080930438,0.127779202484749,0.127645760405488,0.127515115466834,0.127394362874657,0.127289769758481,0.127206285783381,0.127147164121213,0.127113720310811,0.127105245108989,0.127119075266896,0.127150814202617,0.127194683618817,0.127243977922469,0.127291586357772,0.127330543403089,0.127354566382143,0.127358540421637,0.127338914736828,0.127293980501435,0.127224008896784,0.127131237862216,0.127019707002236,0.126894951367368,0.126763575662199,0.12663274005364,0.126509596375078,0.12640071844293,0.126311571861917,0.126246066751423,0.126206231215771,0.126192034369133,0.1262013759141,0.126230245578427,0.12627304129762,0.126323021194371,0.126372852463906,0.126415211412793,0.126443384038466,0.12645181621692,0.126436566869489,0.126395626013813,0.126329071542304,0.126239052748876,0.126129603670013,0.126006303795466,0.125875816312723,0.125745343692285,0.125622046352092,0.125512472010046,0.125422041192005,0.125354628611725,0.12531227146121,0.125295024912622,0.125300973294704,0.125326393422912,0.125366055308117,0.125413635682547,0.125462212036978,0.12550479956211,0.125534890764606,0.125546957665158,0.125536879318859,0.125502262731137,0.125442632758193,0.125359475849733,0.125256132978184,0.12513754816804,0.125009889972646,0.124880073270073,0.1247552170837,0.124642080047337,0.124546518019218,0.124473007782401,0.124424276581911,0.124401069577339,0.124402076601394,0.124424026701426,0.124461944864556,0.124509551333026,0.124559771309321,0.124605312860761,0.124639264478092,0.12465566170309,0.124649974773054,0.124619476126873,0.124563457220486,0.124483277376244,0.124382242050517,0.124265322545666,0.124138742457983,0.124009466871906,0.123884637612538,0.123771001256493,0.123674375972916,0.12359919888984,0.123548188133232,0.123522143763939,0.123519900464264,0.123538432953083,0.123573103635991,0.123618031710979,0.123666554483629,0.123711745463506,0.123746950208934,0.123766299995537,0.123765165193173,0.123740514600803,0.123691153641815,0.123617822879432,0.123523148279733,0.123411445433555,0.123288390866389,0.123160583872002,0.123035031230791,0.122918593973164,0.122817439367388,0.122736542056813,0.1226792754785,0.122647128384838,0.122639571801365,0.122654089750295,0.122686373502285,0.122730665157081,0.122780223275221,0.122827872343064,0.122866590146843,0.122890083464315,0.122893303271297,0.122872855875917,0.122827275552099,0.122757136459023,0.122664995714543,0.122555174081531,0.122433394456965,0.122306309988256,0.122180962200384,0.1220642143639,0.121962206214676,0.121879873180576,0.121820566938081,0.121785805128528,0.12177516728316,0.12178634237459,0.121815321844809,0.121856721280779,0.121904204805846,0.121950979253422,0.121990320642822,0.122016093578218,0.122023224982227,0.122008096961025,0.121968829356765,0.121905430335812,0.121819802738446,0.121715604326393,0.121597970866896,0.121473121471159,0.121347875003715,0.121229113945751,0.121123237144427,0.121035644861693,0.120970298101227,0.120929389252054,0.120913152855728,0.120919834314113,0.120945821444283,0.120985930038251,0.121033821229551,0.121082516764884,0.121124969377777,0.12115464027549,0.121166034845651,0.121155151206769,0.12111980385718,0.121059795688135,0.12097692494782,0.120874828085267,0.120758673407089,0.120634732861186,0.120509868945193,0.120390979958607,0.120284449181936,0.120195642060951,0.120128490433824,0.120085194879829,0.120066066201205,0.12006951578562,0.12009219305708,0.120129257263278,0.120174761201914,0.1202221167384,0.120264606528434,0.120295903482897,0.120310559296109,0.120304425755422,0.120274977385836,0.120221510965599,0.120145206175526,0.120049041608208,0.119937570957937,0.119816574752322,0.119692612736251,0.119572510233409,0.119462817787607,0.119369286526078,0.119296401560072,0.119247012152739,0.119222090438842,0.119220640590107,0.119239768203818,0.11927490633069,0.119320181114101,0.11936888772713,0.119414037359294,0.119448929428338,0.119467700671338,0.119465804601287,0.119440380857956,0.119390483666894,0.119317151013557,0.119223310042964,0.119113528278096,0.118993633198838,0.118870233384406,0.118750181918748,0.118640026561987,0.118545491146178,0.118471028960683,0.118419482058054,0.118391871172047,0.118387330168988,0.118403187568865,0.118435186548604,0.118477824750824,0.118524786801211,0.118569436162817,0.118605329138017,0.118626712621008,0.118628968611387,0.118608972395087,0.118565337436793,0.118498528049391,0.118410830345728,0.118306182271903,0.118189874020556,0.118068140117345,0.117947673226926,0.117835096518979,0.117736435632261,0.117656632384929,0.11759914012493,0.117565634984189,0.117555868582512,0.117567676515344,0.117597144127745,0.117638917717677,0.117686636637486,0.11773345098117,0.117772581724819,0.117797876136148,0.117804311436353,0.117788404115926,0.1177484905765,0.117684856098405,0.117599702417141,0.117496958151611,0.11738194965034,0.117260961304959,0.117140723045119,0.117027867911672,0.11692840400451,0.116847242785217,0.116787820080537,0.116751837833442,0.11673914450175,0.116747760901077,0.11677404711359,0.116812995649425,0.116858627043266,0.116904457028006,0.116943999716715,0.116971269048445,0.116981241172126,0.116970243382708,0.116936240487383,0.116878996751101,0.116800100424233,0.1167028477669,0.116591993844559,0.116473387498974,0.116353517075119,0.116239000985316,0.116136062351141,0.116050029239399,0.115984901045009,0.115943017257203,0.115924857344761,0.115928990283405,0.115952180088756,0.115989640618114,0.116035420026444,0.116082883807405,0.116125256434875,0.116156176150006,0.116170216002245,0.11616332704366,0.116133166357935,0.116079282733281,0.11600314528064,0.115908013950032,0.115798664414701,0.115680991931565,0.115561528482275,0.115446913969883,0.115343365058938,0.115256184334789,0.115189348094136,0.115145203814561,0.115124298935202,0.115125351876686,0.115145365124966,0.11517986954123,0.115223279568237,0.115269331266239,0.115311569552473,0.115343847903116,0.11536080322191,0.115358270562075,0.115333606754169,0.115285898469299,0.115216038453829,0.115126663127756,0.115021954872856,0.114907322498481,0.114788982859439,0.11467347469379,0.11456714176803,0.114475625777761,0.114403409726829,0.114353449488249,0.11432692499511,0.114323133375053,0.114339534978675,0.114371950569613,0.114414895036895,0.114462021039272,0.114506636143609,0.114542250260954,0.114563107222693,0.114564655516238,0.1145439184416,0.114499732770545,0.114432836541196,0.114345799786938,0.114242805520257,0.11412930090735,0.114011549148735,0.113896120241668,0.113789362980782,0.113696901047694,0.113623192989144,0.113571189730911,0.113542114698811,0.113535381439581,0.113548652730986,0.11357803439359,0.113618387129839,0.113663731355997,0.113707713643937,0.113744099378044,0.113767254726646,0.113772582051394,0.113756876325474,0.11371857577813,0.113657887493489,0.113576777626453,0.113478825721465,0.113368952713654,0.113253041879781,0.11313748058419,0.113028657442401,0.11293245388117,0.112853770520139,0.112796127045274,0.112761369247969,0.112749508908257,0.112758711740448,0.112785436496873,0.112824715556899,0.11287055505934,0.112916422025787,0.112955778015999,0.112982614465291,0.112991944455562,0.112980209350616,0.112945566156385,0.112888031941508,0.11280947416257,0.112713449078782,0.112604903354543,0.112489765258808,0.112374460603758,0.112265394040803,0.112168438210229,0.112088471532077,0.112029000461062,0.111991894395029,0.111977251889039,0.111983406239228,0.112007067720092,0.112043589582061,0.112087336024743,0.112132123292861,0.112171700177071,0.112200231765535,0.112212750362651,0.112205540012231,0.1121764258542,0.112124946313055,0.112052394464935,0.111961724363158,0.111857328038718,0.111744698682816,0.11163000447178,0.111519604918309,0.111419546884431,0.111335079936918,0.111270230200376,0.111227468127605,0.111207498790222,0.11120919381421,0.111229672644676,0.111264528355572,0.111308180814689,0.111354328817707,0.111396463899418,0.111428402814742,0.111444793764763,0.111441553560669,0.11141619890162,0.111368044227888,0.111298250304361,0.111209720666853,0.111106856093484,0.11099518914173,0.110880930468843,0.110770465337396,0.11066984193172,0.110584292756261,0.110517826663356,0.110472922455055,0.110450346216871,0.110449104387992,0.110466533908428,0.110498520425394,0.110539826209465,0.110584501713401,0.110626349039745,0.110659402250101,0.110678388581688,0.110679136227729,0.110658898252546,0.110616568200393,0.110552770664624,0.110469819057131,0.110371542512224,0.110262993653,0.110150058170146,0.110038995126651,0.10993594295172,0.109846429650595,0.109774926404428,0.109724481238227,0.109696463821297,0.10969044404182,0.109704216354526,0.109733969877353,0.1097745918337,0.109820080322112,0.109864032650528,0.109900168565078,0.109922844350316,0.109927514354899,0.109911100988669,0.109872242234857,0.10981139646208,0.109730796770479,0.109634260074498,0.109526868397423,0.109414550325089,0.109303598354453,0.109200162390117,0.109109760637726,0.109036846700156,0.10898446618279,0.108954028177077,0.108945207389192,0.108955982252295,0.108982803933081,0.109020881468252,0.109064559978365,0.10910776249805,0.109144461771546,0.109169146577015,0.109177247804898,0.109165492537437,0.10913215955379,0.109077216705018,0.109002329051387,0.108910736023542,0.108807005572008,0.108696682659841,0.108585857854478,0.10848068852226,0.10838690961958,0.108309372826554,0.108251651481144,0.108215744372888,0.108201904142937,0.108208606286874,0.108232663307733,0.108269476370936,0.108313404952354,0.108358224552976,0.108397634593234,0.108425773905507,0.108437700321048,0.108429793835433,0.108400049477692,0.108348235674703,0.108275905662516,0.108186262222528,0.10808388851365,0.107974368890597,0.107863832376694,0.107758457195767,0.107663977083761,0.107585228956464,0.107525777177343,0.107487642679367,0.107471156255816,0.107474945257052,0.107496052541865,0.107530176613226,0.107572013097585,0.107615670646334,0.107655129339013,0.107684706990202,0.107699498502117,0.107695755525213,0.107671178030048,0.107625095683801,0.107558524789753,0.107474095519678,0.107375853694929,0.107268950832067,0.107159244901793,0.107052841590518,0.106955611180296,0.106872718950028,0.106808206878147,0.106764661233511,0.106742994469749,0.106742361057798,0.106760216138655,0.106792514019123,0.106834031592194,0.106878790833634,0.10692054565592,0.106953292478592,0.106971761522495,0.106971847328773,0.106950942233676,0.106908145012587,0.10684432783175,0.106762056966674,0.106665375290619,0.106559466140028,0.106450227794156,0.106343794667202,0.106246044908548,0.106162134272765,0.106096093006122,0.106050516527708,0.106026372503833,0.10602293729926,0.106037864559936,0.106067378632772,0.106106576366345,0.106149813150986,0.106191143296974,0.106224781314462,0.106245549497462,0.106249278434218,0.106233130550589,0.106195822314345,0.106137727956993,0.10606085607783,0.105968699763573,0.105865970292957,0.105758233457989,0.105651475365329,0.105551630649108,0.105464109768905,0.105393363052448,0.105342517131251,0.10531311440659,0.105304978436783,0.10531621818437,0.105343372673447,0.105381685741807,0.105425489294528,0.105468663841726,0.105505138081401,0.105529385587494,0.105536876687976,0.105524447407543,0.105490554567686,0.105435396101381,0.1053608873933,0.105270496875096,0.105168956024902,0.105061869264276,0.104955257132454,0.104855070937128,0.104766718539373,0.10469463905716,0.104641959394078,0.104610258181004,0.104599453680981,0.104607822249809,0.104632143865703,0.104667961781167,0.104709935144479,0.104752256986345,0.104789105618705,0.10481509544646,0.104825693509517,0.104817570686304,0.104788861218613,0.104739310769634,0.104670301209511,0.104584749253446,0.104486885398552,0.104381928702769,0.104275681174646,0.104174072253794,0.104082688469605,0.104006325393461,0.103948598139057,0.103911642823505,0.103895934735524,0.103900239887478,0.103921705829336,0.103956085962326,0.103998080131006,0.104041764055643,0.10408107217962,0.104110293551529,0.104124538965425,0.10412013992705,0.104094945907133,0.104048495233911,0.103982046013965,0.103898465596579,0.103801989167845,0.103697868969649,0.103591944429367,0.103490169446783,0.103398135803781,0.103320631050309,0.103261265490945,0.103222196521462,0.103203970203759,0.103205490389497,0.103224115707637,0.103255875078998,0.103295783781768,0.103338235010158,0.103377436748305,0.103407860880058,0.103424670885624,0.103424096217309,0.10340372535664,0.103362695384301,0.103301763293811,0.103223252807836,0.103130879586043,0.103029466851651,0.102924571976809,0.102822051816408,0.10272759996522,0.102646292118542,0.102582175965972,0.102537939360495,0.102514684940284,0.102511831260981,0.102527150400915,0.102556940731544,0.102596322063055,0.102639629719985,0.10268087528825,0.102714235679354,0.102734529411945,0.102737639926563,0.102720850274318,0.102683061241785,0.102624875160346,0.10254853932437,0.102457754999356,0.102357369317015,0.102252976917544,0.102150465208907,0.102055541046401,0.101973277282079,0.101907715090687,0.101861552619711,0.101835942925032,0.101830415067822,0.101842922447974,0.101870012705594,0.101907104536501,0.101948849131293,0.101989548116086,0.102023596154735,0.102045914930431,0.102052346087053,0.102039973784001,0.102007352597057,0.101954623271259,0.101883506891659,0.101797176891246,0.101700017400787,0.101597285153416,0.101494699855959,0.101397994013081,0.101312457088123,0.1012425101783,0.101191345822173,0.101160663115419,0.101150521205192,0.10115932493612,0.101183945640688,0.101219968703067,0.101262048590787,0.101304342565518,0.101340987176088,0.10136657762383,0.101376609605726,0.101367846375362,0.101338580244876,0.101288766972124,0.101220022552836,0.101135483811079,0.101039545741408,0.100937498754577,0.100835096934958,0.100738093502257,0.10065178155176,0.100580576810936,0.100527674868318,0.100494808610056,0.100482123111698,0.100488175735509,0.100510059452756,0.100543638174451,0.100583874764334,0.100625225926477,0.100662073665288,0.100689160724129,0.100701997400652,0.10069720936588,0.100672800415064,0.100628310178703,0.100564854353158,0.100485043517814,0.10039278556053,0.100292985545957,0.100191164908126,0.100093028508971,0.100004012808998,0.0999288506769559,0.0998711879057951,0.099833283183893,0.0998158172105007,0.0998178282161833,0.0998367809723765,0.0998687652766131,0.0999088088448237,0.0999512795394202,0.0999903438693852,0.100020443515166,0.100036749802678,0.100035557799968,0.100014586901013,0.0999731629118902,0.0999122669895007,0.0998344483179915,0.0997436090554875,0.0996446807705817,0.0995432203678927,0.099444959651954,0.0993553457610137,0.0992791095851539,0.0992198961286844,0.0991799849982013,0.0991601214005419,0.0991594689462802,0.0991756859454868,0.0992051174982064,0.0992430871853287,0.0992842651006469,0.0993230837422147,0.0993541701710759,0.0993727619798721,0.0993750759924846,0.0993586021166036,0.0993223001626722,0.099266684396011,0.0991937886862105,0.099107013860488,0.0990108676913798,0.0989106162469445,0.0988118724873205,0.0987201534206811,0.098640440328758,0.0985767771614652,0.0985319399858972,0.0985072053845284,0.0985022382061647,0.0985151096043578,0.0985424455946457,0.0985796953301521,0.0986214979243603,0.0986621179162548,0.0986959132343721,0.0987177964141986,0.0987236502032229,0.0987106625520539,0.0986775529910024,0.0986246718671894,0.0985539649632484,0.0984688075883027,0.0983737232498895,0.0982740114915516,0.0981753166094126,0.0980831731949555,0.0980025655405219,0.097937535941238,0.0978908721530589,0.0978638972557352,0.0978563766010631,0.0978665471493048,0.0978912650612299,0.0979262586127272,0.0979664659235604,0.0980064311014262,0.0980407285153715,0.098064383208295,0.0980732559849251,0.0980643643955386,0.0980361154892756,0.0979884325428506,0.0979227655965218,0.0978419840837145,0.0977501585898123,0.0976522472343667,0.0975537097299217,0.0974600782340499,0.0973765181440924,0.0973074135638309,0.0972560110363242,0.0972241512292899,0.0972121117552911,0.0972185756321968,0.0972407296950465,0.0972744864012216,0.0973148118832732,0.0973561337751779,0.0973927951678438,0.0974195167601712,0.0974318283218403,0.0974264331085058,0.0974014746569214,0.0973566838948612,0.097293394918098,0.0972144291238944,0.097123858586337,0.0970266695925565,0.0969283552555395,0.0968344714343456,0.0967501924654051,0.0966799023784182,0.096626853555947,0.0965929186497518,0.0965784536119784,0.096582280657122,0.0966017905912997,0.0966331549408821,0.0966716303077671,0.0967119308786457,0.0967486403905118,0.0967766323368004,0.0967914668852867,0.0967897348405546,0.096769322873741,0.0967295799088985,0.0966713716539755,0.0965970183649853,0.0965101195298212,0.0964152776888179,0.0963177414746328,0.0962229945575663,0.0961363219710111,0.0960623878025557,0.096004858144752,0.0959661003670215,0.0959469842820254,0.0959468029646081,0.0959633214049009,0.0959929506066012,0.0960310340830945,0.0960722239241533,0.0961109156326565,0.0961417055542542,0.096159832502889,0.0961615663786526,0.0961445111014098,0.0961077966298635,0.0960521444970068,0.0959798022502612,0.0958943534040319,0.0958004199582748,0.0957032832799223,0.0956084554570377,0.0955212366525937,0.095446294331033,0.0953872976165796,0.0953466348296161,0.0953252349963505,0.0953225055226566,0.095336389004401,0.0953635330363017,0.0953995585320412,0.0954394050275361,0.0954777261272924,0.0955093049547144,0.0955294583274933,0.0955343994146421,0.0955215317388585,0.0954896523567594,0.0954390485735918,0.0953714802331014,0.0952900479927179,0.0951989565099543,0.0951031895470437,0.0950081210550744,0.0949190917599478,0.0948409841432695,0.0947778296139609,0.09473247989089,0.0947063701635734,0.0946993947024564,0.0947099067243596,0.0947348441669242,0.0947699724369898,0.0948102251124722,0.0948501149368359,0.0948841810935085,0.0949074353306525,0.0949157693957345,0.0949062894830506,0.0948775497101382,0.0948296654297822,0.0947642976183208,0.0946845106704406,0.0945945166418183,0.0944993283460578,0.0944043509280667,0.0943149460379838,0.094236004233713,0.0941715597498739,0.094124477554343,0.0940962361544378,0.0940868215489695,0.0940947387656416,0.0941171383022078,0.0941500461833273,0.09418867883952,0.0942278180761216,0.0942622173599902,0.0942870087048231,0.0942980796466811,0.0942923921124265,0.0942682192275559,0.0942252820173549,0.094164775165372,0.0940892790634595,0.0940025638075169,0.0939092990026051,0.0938146906557893,0.0937240724804339,0.0936424830892288,0.0935742623934491,0.0935226997806646,0.0934897632325272,0.0934759326107222,0.0934801522595598,0.093499908447296,0.093531426779761,0.0935699744743253,0.0936102432188961,0.0936467811364213,0.0936744378477922,0.0936887852512045,0.0936864785885381,0.0936655274948996,0.0936254545531639,0.0935673286583612,0.0934936713069293,0.093408244749398,0.0933157407933755,0.0932213970545637,0.0931305729726518,0.0930483205438047,0.0929789843656695,0.0929258624127939,0.0928909533641925,0.0928748088695093,0.092876500549406,0.0928937024988325,0.0929228812926225,0.0929595776008954,0.0929987570165669,0.0930352029594369,0.0930639217949901,0.0930805297036022,0.0930815923457969,0.0930648918656166,0.0930296010266224,0.0929763509586419,0.0929071866994944,0.0928254129642106,0.092735340827545,0.092641953691346,0.0925505174497473,0.0924661646217247,0.0923934849354121,0.0923361550944305,0.0922966380798805,0.0922759773971506,0.0922737044470341,0.0922878681981247,0.0923151862743103,0.0923513063047403,0.0923911568368722,0.0924293591820845,0.0924606660250735,0.0924803900520995,0.0924847865304863,0.0924713576750773,0.0924390534142701,0.0923883521789766,0.09232121572664,0.0922409228018401,0.0921517966296649,0.0920588499272882,0.0919673775672295,0.0918825307414471,0.091808907247353,0.0917501904128633,0.0917088645131639,0.0916860278160505,0.0916813162645916,0.0916929419697598,0.0917178418463057,0.0917519235310054,0.0917903887225133,0.0918281087004994,0.0918600233102084,0.0918815332978127,0.0918888565881374,0.0918793218280361,0.0918515770851918,0.0918056977045468,0.0917431846080745,0.0916668523287344,0.0915806142841474,0.091489180663917,0.0913976912533791,0.0913113109948582,0.0912348196088714,0.0911722277870313,0.0911264511051771,0.0910990688618079,0.0910901887171751,0.0910984297147209,0.0911210266431923,0.0911540485433149,0.0911927143708384,0.0912317803022656,0.0912659667320143,0.0912903893086942,0.0913009577917674,0.0912947091719675,0.0912700471618228,0.0912268682986079,0.0911665647401636,0.0910919044445541,0.091006799819025,0.0909159851598412,0.090824630483002,0.0907379240859037,0.0906606580654736,0.0905968500096238,0.090549430394377,0.0905200192930079,0.0905088084288993,0.0905145560621342,0.0905346933944694,0.0905655327727197,0.0906025605473666,0.0906407914703203,0.0906751573359548,0.0907009003946044,0.0907139419796422,0.0907111987475216,0.090690822783608,0.0906523473254723,0.090596726661535,0.0905262664591932,0.0904444488764258,0.0903556647766336,0.0902648726347925,0.0901772097387432,0.0900975855447302,0.0900302891239125,0.0899786422551508,0.0899447267763634,0.0899292094117129,0.0899312797790716,0.0899487082020684,0.0899780200341321,0.0900147733009308,0.0900539174809419,0.0900902040249062,0.0901186144788367,0.0901347703147591,0.0901352899966295,0.0901180633115579,0.0900824201673388,0.0900291802215843,0.0899605799981541,0.0898800845981391,0.0897921007657397,0.0897016160715136,0.0896137946643551,0.089533563003835,0.0894652190716804,0.0894120958971804,0.0893763051686957,0.0893585797740913,0.089358225963375,0.0893731871484679,0.0894002128258674,0.089435118339649,0.0894731147057355,0.0895091828820544,0.089538463950168,0.0895566357998329,0.0895602480841188,0.0895469903323797,0.0895158729615063,0.0894673072089618,0.0894030773368236,0.0893262063659927,0.0892407245802292,0.0891513575423732,0.0890631568351767,0.0889811016510719,0.0889097022566302,0.0888526369162025,0.0888124519064522,0.0887903498176701,0.0887860846641543,0.0887979738771218,0.0888230276874082,0.0888571865262933,0.0888956477623911,0.0889332552199117,0.0889649192529915,0.0889860322575815,0.0889928447035794,0.088982770083933,0.0889545933129801,0.0889085654902443,0.0888463777834245,0.0887710175478206,0.0886865197298752,0.0885976352103533,0.0885094442955828,0.0884269475531779,0.0883546673631498,0.0882962919366651,0.0882543894097473,0.0882302134133461,0.0882236138570596,0.0882330582135615,0.0882557600335915,0.0882879033924224,0.0883249450154761,0.0883619703869119,0.0883940765158796,0.0884167523946782,0.0884262285813235,0.0884197697114733,0.0883958879212339,0.0883544608769428,0.0882967450070272,0.088225282185157,0.0881437060329996,0.0880564616630805,0.0879684595188545,0.0878846894563718,0.0878098248713428,0.0877478481290272,0.087701727569858,0.0876731728934799,0.0876624899296192,0.0876685480637772,0.0876888644796758,0.0877197996525377,0.0877568490261423,0.0877950074045016,0.0878291760902885,0.0878545788550877,0.0878671518462146,0.0878638746524304,0.0878430147936085,0.0878042654038288,0.0877487651368146,0.0876789994619089,0.0875985925913607,0.0875120083691955,0.0874241857667833,0.0873401395788201,0.0872645591503655,0.0872014374090132,0.0871537592979123,0.0871232732942861,0.0871103626044653,0.087114024496836,0.0871319577451651,0.0871607499548864,0.0871961492112009,0.0872333984943841,0.0872676070072044,0.0872941301755118,0.0873089297119904,0.087308886751615,0.0872920445446387,0.0872577623001799,0.0872067681928619,0.0871411068794738,0.0870639846579077,0.0869795231231086,0.0868924392944719,0.0868076761691215,0.0867300119987356,0.0866636788788955,0.0866120211922225,0.0865772219410492,0.0865601201221256,0.0865601353274107,0.0865753072012269,0.0866024479237665,0.0866373963304126,0.0866753534770127,0.0867112722521219,0.0867402687244006,0.0867580208004359,0.0867611206964215,0.0867473516408856,0.0867158657737838,0.0866672487760967,0.0866034665433938,0.0865276992894147,0.0864440779069745,0.086357345386162,0.0862724719256303,0.0861942556312735,0.0861269411963068,0.0860738867755696,0.086037304714074,0.0860180953541107,0.0860157854325252,0.0860285742511716,0.0860534825174845,0.086086591114194,0.0861233505808518,0.0861589371706703,0.0861886282513089,0.0862081686881559,0.08621410070653,0.0862040324883835,0.0861768252295468,0.086132684281067,0.086073146954885,0.0860009671535816,0.0859199046965068,0.0858344345352845,0.0857493974444101,0.0856696187250162,0.0855995245263477,0.0855427862360076,0.0855020218353847,0.085478579163466,0.0854724198869282,0.0854821150540355,0.0855049540232066,0.0855371590620966,0.0855741888495228,0.0856111063167853,0.0856429804862941,0.0856652887842144,0.0856742860639702,0.0856673093410581,0.085642992769075,0.0856013751670981,0.0855438917033589,0.0854732512755129,0.0853932107859124,0.0853082660232418,0.0852232854968082,0.0851431177980796,0.0850722046062578,0.0850142302916844,0.0849718354260487,0.0849464158020678,0.0849380213566326,0.0849453613195326,0.0849659136331861,0.0849961288314786,0.0850317116741678,0.0850679583442783,0.0851001232434083,0.0851237875525074,0.0851352018310066,0.0851315769586172,0.0851113015291868,0.0850740691366902,0.0850209055171845,0.0849540928218572,0.0848769959285033,0.0847938031407992,0.0847092003454225,0.084628003178081,0.0845547755242676,0.0844934643752916,0.0844470804335768,0.0844174508415046,0.0844050651219334,0.0844090282015047,0.0844271257759065,0.0844559979675358,0.0844914080235996,0.0845285845413768,0.0845626091694582,0.0845888175660193,0.0846031800325871,0.0846026298524538,0.084585311821841,0.0845507303625142,0.0844997852994073,0.0844346930578687,0.0843588007801282,0.0842763097900501,0.0841919321652005,0.0841105093030884,0.0840366239248337,0.0839742368270153,0.0839263769988459,0.0838949088089396,0.0838803933405127,0.0838820532278108,0.0838978421723906,0.0839246123300351,0.0839583655277608,0.0839945682706609,0.0840285060900914,0.0840556502050856,0.084072008830159,0.0840744367589946,0.0840608799718516,0.0840305367447703,0.0839839227834571,0.0839228348882177,0.0838502151355756,0.083769925044975,0.0836864461661858,0.0836045294566789,0.0835288202342385,0.0834634879773541,0.0834118905100464,0.0833763000122686,0.0833577138948057,0.0833557671252107,0.0833687545439916,0.0833937626979513,0.0834269014987614,0.0834636174118635,0.0834990626982951,0.083528490168464,0.0835476404758731,0.0835530894483635,0.0835425263130826,0.0835149396233973,0.0834706956881593,0.083411503582505,0.0833402705137846,0.0832608605339624,0.0831777775101846,0.083095799219508,0.0830195929623383,0.082953343975813,0.0829004262075551,0.0828631409457112,0.082842542840442,0.0828383655662776,0.0828490513960899,0.0828718809224434,0.0829031916647826,0.0829386678543643,0.0829736786971197,0.0830036391574758,0.0830243659384435,0.0830324018921227,0.0830252845097244,0.0830017382409079,0.0829617759154652,0.0829067011395731,0.0828390107981373,0.0827622042450932,0.0826805129008718,0.0825985702841505,0.0825210474855684,0.0824522823053415,0.0823959313886247,0.0823546735083905,0.0823299886457595,0.082322031875507,0.082329613653206,0.0823502894808332,0.0823805528105921,0.0824161162313442,0.0824522582766725,0.0824842073329004,0.0825075306909579,0.0825184961417102,0.0825143757597704,0.0824936664704702,0.0824562091920718,0.0824031971123826,0.0823370731720078,0.08226132620522,0.0821802035880683,0.0820983649337022,0.0820205058152713,0.0819509823797537,0.0818934669845417,0.0818506618222893,0.0818240922743548,0.0818139949687769,0.0818193078215615,0.0818377613462431,0.08186606283881,0.0819001582256059,0.0819355508408686,0.0819676525000675,0.0819921401562405,0.0820052912532229,0.0820042725944662,0.0819873609952583,0.0819540789492995,0.0819052347033223,0.0818428631104766,0.081770070980904,0.0816907978784433,0.0816095099142321,0.0815308495568203,0.0814592683556973,0.08139867138837,0.0813521019426416,0.0813214923468562,0.08130750205778,0.081309457403929,0.0813253992502925,0.0813522359504368,0.0813859900460555,0.0814221190631575,0.0814558841995672,0.0814827363415976,0.0814986871369186,0.0815006339862737,0.0814866117213756,0.0814559500584495,0.0814093240659612,0.0813486940949779,0.0812771410325487,0.0811986114921044,0.0811175948777198,0.0810387595418814,0.0809665781059971,0.080904972277033,0.0808570052593547,0.0808246454258947,0.0808086187437675,0.0808083601230479,0.0808220659991276,0.0808468426880531,0.0808789379336883,0.0809140370711064,0.0809476007291577,0.0809752182349576,0.0809929499920469,0.0809976330939566,0.0809871272102975,0.0809604821507782,0.0809180141946903,0.0808612849140717,0.0807929833978069,0.0807167200312875,0.0806367468018666,0.0805576249811901,0.0804838655084852,0.0804195700589399,0.0803681013319687,0.0803318093852073,0.0803118368970106,0.080308020281701,0.0803188960199637,0.080341812986758,0.0803731426779644,0.0804085708403019,0.0804434468736301,0.0804731621871735,0.0804935259715677,0.08050110689167,0.0804935120405923,0.0804695798798263,0.0804294713257919,0.0803746519306045,0.0803077674200741,0.0802324238365361,0.0801528913849711,0.0800737571285455,0.0799995554488023,0.0799344064306257,0.0798816910477073,0.0798437884302659,0.0798218949982712,0.0798159383748491,0.0798245913608773,0.0798453834706771,0.0798749001823283,0.079909053653275,0.079943403600812,0.0799735036399909,0.0799952467790947,0.0800051840488319,0.0800007923299043,0.0799806711900392,0.0799446537022137,0.0798938224666367,0.0798304290065641,0.0797577219025161,0.079679695983973,0.0796007811126212,0.0795254940854773,0.0794580805316122,0.0794021750355754,0.0793605068860658,0.0793346757750482,0.0793250166034734,0.07933056562286,0.0793491319764689,0.0793774699642648,0.0794115387970306,0.0794468290028383,0.0794787287240378,0.0795028994812138,0.0795156299656938,0.0795141381856444,0.0794967966910424,0.0794632622382968,0.0794144995063551,0.0793526975702095,0.0792810869318618,0.0792036731776018,0.0791249100514614,0.079049339359302,0.0789812273157521,0.0789242266239762,0.0788810908701791,0.0788534630517938,0.0788417537237735,0.0788451169198108,0.0788615242994046,0.0788879304835076,0.0789205158044532,0.0789549871519472,0.0789869135791178,0.0790120710580652,0.0790267703422065,0.079028143288405,0.0790143660973063,0.078984802534859,0.0789400560097342,0.0788819260364405,0.0788132716871797,0.078737791656217,0.0786597370356689,0.0785835783447823,0.0785136523196037,0.0784538160861094,0.0784071363499637,0.0783756390317551,0.0783601404276814,0.0783601747436249,0.07837402518328,0.0783988572752811,0.0784309445174783,0.0784659684652805,0.0784993688360393,0.0785267146798733,0.0785440656406464,0.0785482930267714,0.0785373337938646,0.0785103563090239,0.0784678243839847,0.0784114548184324,0.0783440727705091,0.0782693778384819,0.0781916410349761,0.0781153582483765,0.0780448889005726,0.0779841091429657,0.0779361071328682,0.0779029439584401,0.0778854980575129,0.0778834040442294,0.0778950893152604,0.0779179042554464,0.0779483348590537,0.0779822806048389,0.0780153758437876,0.0780433300351194,0.0780622610392366,0.0780689963734686,0.0780613197809951,0.0780381444819672,0.0779995998086199,0.0779470242364699,0.0778828647105372,0.0778104891786661,0.0777339259031956,0.0776575489414368,0.0775857337042403,0.077522509320499,0.0774712353527704,0.0774343290606152,0.0774130658951042,0.0774074704174977,0.0774163077412771,0.0774371774424054,0.0774667033399213,0.0775008043643083,0.0775350246544137,0.0775648957320572,0.0775863006256276,0.0775958094662702,0.0775909584273093,0.0775704487199524,0.0775342492526584,0.0774835948650219,0.0774208809847253,0.0773494643023533,0.0772733868249334,0.0771970467854951,0.0771248438650712,0.0770608277577746,0.0770083782399204,0.0769699417655351,0.0769468445620835,0.0769391957389761,0.0769458866258156,0.0769646850298472,0.0769924159149388,0.0770252136599132,0.0770588259601381,0.0770889458932895,0.0771115468652807,0.0771231951571867,0.0771213165702586,0.0771043970746956,0.0770721021812049,0.077025305667736,0.0769660249346791,0.0768972672015991,0.0768227975297808,0.0767468457747752,0.0766737745737663,0.076607733933204,0.0765523295648879,0.0765103316061071,0.0764834476880036,0.0764721796007875,0.0764757763462622,0.0764922886430241,0.0765187215777075,0.076551273792653,0.0765856441140004,0.0766173805594813,0.0766422428067011,0.0766565478474922,0.076657469863115,0.0766432692321825,0.0766134316803418,0.0765687063318141,0.0765110401024022,0.0764434146748889,0.0763696004203134,0.0762938483608933,0.0762205460572562,0.0761538657902998,0.0760974334671306,0.076054044404895,0.0760254478288014,0.0760122160093692,0.076013707005969,0.0760281225675127,0.0760526554443166,0.0760837137159679,0.0761172041853183,0.0761488527711719,0.0761745373796565,0.0761906080570426,0.0761941703249705,0.0761833103734027,0.0761572450474505,0.0761163850387355,0.0760623060336638,0.0759976293721254,0.0759258205802076,0.0758509204865285,0.0757772290438391,0.0757089660179047,0.0756499350041837,0.0756032175258693,0.0755709221320411,0.075554009498471,0.0755522087636093,0.0755640331141536,0.075586894530933,0.0756173092953952,0.075651178074697,0.0756841178687835,0.0757118184446929,0.0757303935698286,0.0757366976399396,0.0757285811836034,0.0757050639624251,0.0756664114917541,0.0756141091154049,0.075550736505649,0.0754797538256432,0.0754052180416135,0.0753314533911054,0.0752627033702174,0.075202792582852,0.0751548254090058,0.0751209449151988,0.0751021701363578,0.0750983233133957,0.0751080514452973,0.075128939190955,0.0751577032810029,0.0751904526480987,0.0752229938359826,0.0752511581723931,0.0752711258432188,0.0752797224276824,0.075274665584467,0.0752547432602631,0.0752199097848559,0.0751712922046442,0.0751111058083665,0.0750424845823414,0.0749692388341995,0.0748955579741843,0.0748256809943739,0.0747635601457356,0.0747125443766922,0.0746751080859929,0.0746526476364531,0.074645363032137,0.0746522355181909,0.0746711041215035,0.0746988359419513,0.0747315770365981,0.0747650637365926,0.0747949688647187,0.0748172541132899,0.0748284991328232,0.0748261797681282,0.074808872205172,0.0747763661666613,0.0747296781261644,0.0746709640705569,0.0746033398370039,0.0745306247148307,0.074457030168814,0.0743868197098962,0.0743239678190626,0.0742718453464128,0.0742329560978857,0.0742087447076955,0.0741994898371374,0.0742042897880326,0.074221140350442,0.0742470976780581,0.0742785127009521,0.0743113184580856,0.0743413480713219,0.0743646590858091,0.0743778396520716,0.0743782735001857,0.0743643437361174,0.0743355599673583,0.0742925988533205,0.0742372545202379,0.0741723019694828,0.0741012831941231,0.074028231737248,0.073957356422983,0.0738927085528719,0.0738378586476106,0.073795608601036,0.0737677628201994,0.0737549776414191,0.0737567023033991,0.0737712174591387,0.0737957691972692,0.0738267884994993,0.0738601787029221,0.0738916475511253,0.0739170563869552,0.0739327573717726,0.073935890501239,0.0739246155710474,0.0738982598275477,0.0738573693015509,0.0738036600904644,0.0737398743572925,0.073669553781204,0.0735967499212711,0.0735256958795891,0.0734604663981764,0.0734046539375276,0.0733610864226948,0.0733316084594232,0.0733169423270349,0.0733166384587152,0.0733291179877488,0.0733518028363032,0.0733813222748727,0.0734137793319521,0.0734450562309348,0.0734711354108394,0.073488411775077,0.0734939726273039,0.0734858242143049,0.0734630477282158,0.0734258727668778,0.0733756622836106,0.0733148095905078,0.0732465545828712,0.0731747325700003,0.0731034744707045,0.0730368812309408,0.07297869778102,0.07293201240552,0.0728990059147575,0.072880771503084,0.07287722084932,0.072887085226587,0.0729080126674249,0.0729367542170408,0.0729694247047636,0.0730018169659932,0.0730297436726824,0.0730493783563007,0.0730575671101289,0.0730520848781778,0.0730318149692197,0.0729968370420997,0.0729484166771281,0.0728888980472683,0.0728215093614638,0.0727500979408195,0.0726788173895135,0.0726117928917024,0.0725527919654645,0.0725049270120669,0.0724704128926259,0.0724503978910555,0.0724448802548148,0.0724527155900236,0.0724717132915562,0.0724988134502309,0.0725303297695131,0.07256223932403,0.0725904967789762,0.0726113491316793,0.0726216271944925,0.0726189918675762,0.0726021166105109,0.0725707921882179,0.0725259454405181,0.0724695701444447,0.0724045745925639,0.0723345568543623,0.0722635243657619,0.072195579066737,0.0721345923902771,0.07208389569275,0.0720460110189477,0.0720224443749843,0.0720135590669121,0.0720185404542555,0.0720354561267102,0.072061407630982,0.0720927621289227,0.0721254454553122,0.0721552726147511,0.0721782883443994,0.0721910893246536,0.0721911010717581,0.0721767863829932,0.0721477680814419,0.0721048561803786,0.072049977770708,0.0719860161724558,0.0719165734375945,0.0718456764875051,0.0717774515055755,0.0717157933671499,0.0716640567692308,0.0716247934226445,0.0715995554743734,0.0715887796641697,0.0715917601050074,0.0716067105681084,0.0716309102959546,0.0716609211566874,0.0716928588067332,0.071722696762058,0.0717465801003365,0.0717611250246562,0.0717636817081037,0.0717525406050457,0.0717270665683537,0.0716877503833022,0.0716361733815218,0.0715748872407995,0.0715072174791378,0.07143700506599,0.0713683055575861,0.0713050688100614,0.0712508242965363,0.0712083971209706,0.0711796778866697,0.0711654657041976,0.0711653980443598,0.0711779742540256,0.0712006718956268,0.0712301472883574,0.071262504410147,0.0712936103317704,0.0713194311746091,0.0713363606313995,0.0713415135797319,0.0713329602333087,0.0713098813614181,0.0712726318960293,0.0712227081067502,0.0711626217278371,0.0710956922195474,0.0710257750470292,0.0709569488979896,0.0708931877455358,0.0708380444097852,0.0707943708044123,0.0707640965871913,0.0707480828391239,0.0707460611563103,0.0707566616942747,0.0707775268057537,0.0708055004739322,0.0708368782083774,0.0708676977927351,0.0708940484991751,0.0709123752544342,0.0709197547900315,0.0709141229684538,0.0708944360901947,0.0708607538143734,0.0708142370591137,0.0707570605193237,0.0706922458367626,0.0706234275407184,0.0705545692031989,0.0704896514006387,0.0704323556826673,0.0703857695468808,0.0703521362593226,0.0703326702444236,0.0703274538602488,0.0703354250064269,0.070354457666827,0.0703815297700816,0.0704129653296718,0.0704447313768599,0.0704727653341262,0.0704933056724214,0.0705031982464906,0.0705001526814749,0.0704829274291116,0.0704514282386917,0.0704067122279587,0.0703508977996812,0.0702869885897095,0.0702186267400459,0.0701497964536357,0.070084502550557,0.0700264503436735,0.0699787525290216,0.0699436860841314,0.0699225176990744,0.0699154104716873,0.0699214179981634,0.0699385651282722,0.0699640080567859,0.0699942605593201,0.0700254684382199,0.0700537109086182,0.0700753059055588,0.0700870962026029,0.0700866947722078,0.0700726708662419,0.0700446626446897,0.0700034075505072,0.0699506876746025,0.0698891936832129,0.0698223170636172,0.0697538860428535,0.0696878651212044,0.0696280413545956,0.0695777220125505,0.0695394678359766,0.0695148837641939,0.069504484793703,0.0695076488385454,0.0695226615084551,0.0695468501631951,0.0695767970824797,0.0696086147815572,0.0696382610362965,0.0696618675876068,0.0696760551405046,0.0696782083179391,0.069666687601308,0.069640960687553,0.069601642617796,0.0695504418413284,0.0694900173518119,0.0694237594484003,0.0693555128821676,0.0692892656299502,0.0692288289562253,0.0691775346447092,0.0691379733735507,0.069111794419493,0.0690995815978411,0.0691008140641949,0.0691139138553247,0.0691363753638456,0.0691649658150932,0.0691959806606899,0.0692255339434963,0.0692498613420623,0.0692656128827184,0.0692701132242271,0.0692615698860977,0.0692392136320989,0.0692033601834178,0.0691553882039693,0.0690976347011343,0.0690332152054104,0.0689657818973875,0.0688992378099643,0.0688374289513005,0.0687838383371339,0.0687413062514057,0.0687117994578205,0.0686962485993066,0.0686944678502107,0.0687051643937376,0.0687260379905403,0.0687539633890345,0.0687852412595574,0.0688158973586554,0.0688420053185751,0.0688600062439247,0.068866998422147,0.0688609729309759,0.068840975538674,0.0688071816199638,0.0687608782678893,0.0687043556819704,0.0686407175337897,0.0685736266716641,0.0685070076569474,0.068444730822089,0.06839030359702,0.068346593757578,0.0683156061846428,0.0682983300193753,0.0682946672092509,0.0683034468805427,0.0683225232807277,0.0683489487139191,0.0683792073840251,0.0684094917193461,0.0684359998368534,0.0684552314691395,0.0684642599711291,0.0684609598948343,0.068444172925711,0.0684137994922642,0.0683708088019784,0.0683171660728473,0.0682556819241526,0.0681897948368445,0.0681233028621575,0.0680600649398429,0.0680036949294508,0.0679572724851775,0.0679230940542521,0.0679024845288404,0.067895685570527,0.0679018306574213,0.0679190099269022,0.0679444204672129,0.0679745904832857,0.0680056593756152,0.0680336908267911,0.0680549929751681,0.0680664189824394,0.0680656228716673,0.068051249297922,0.0680230415737687,0.067981859285999,0.0679296045604181,0.0678690637489577,0.067803678331052,0.0677372645275895,0.0676737050550594,0.0676166383172755,0.0675691700584583,0.0675336301911483,0.0675113934396428,0.067502777011175,0.0675070222149431,0.0675223603211749,0.067546156505031,0.0675751199171416,0.0676055631505084,0.0676336909260875,0.067655895888378,0.0676690390762446,0.0676706939000064,0.0676593352060303,0.067634459053358,0.0675966238994617,0.0675474096687694,0.0674892972827936,0.0674254772539135,0.0673596014595117,0.0672954968027755,0.0672368627543463,0.0671869764498878,0.0671484288899695,0.067122913777079,0.067111086705928,0.0671125070328127,0.0671256681753831,0.0671481148556846,0.0671766385075798,0.0672075353707215,0.0672369063062496,0.0672609736205917,0.0672763885498259,0.0672805037212346,0.0672715878355507,0.0672489647478923,0.0672130656145027,0.0671653902139348,0.0671083812577524,0.0670452227778787,0.0669795798754851,0.0669153017198158,0.0668561123398144,0.0668053142945699,0.0667655287737776,0.0667384922804244,0.0667249251443221,0.0667244811654656,0.0667357812016183,0.0667565270117892,0.066783685630257,0.0668137293927757,0.0668429127968974,0.0668675648802435,0.0668843748677566,0.0668906494950597,0.0668845225900308,0.0668651010322409,0.0668325358756285,0.0667880129114632,0.0667336629098599,0.0666723978131661,0.0666076848464392,0.0665432754415227,0.0664829096509436,0.0664300190230837,0.0663874514781797,0.06635724044264,0.0663404373853776,0.0663370221268584,0.0663458991868198,0.066364981467811,0.0663913553141297,0.0664215140713525,0.0664516413283129,0.0664779206118631,0.0664968458587062,0.0665055067672652,0.0665018251867651,0.0664847228597542,0.0664542067201005,0.0664113650147299,0.0663582751103643,0.0662978312738749,0.0662335073156418,0.0661690741929496,0.0661082960650113,0.0660546296361667,0.0660109508798252,0.0659793305501189,0.0659608755661519,0.0659556478141674,0.0659626656440199,0.0659799868523816,0.066004865743172,0.0660339713796877,0.0660636497546142,0.0660902095670717,0.0661102097712176,0.0661207271099683,0.0661195834373492,0.0661055156414835,0.066078275202952,0.0660386495836773,0.0659884034048688,0.0659301433604064,0.0658671166182859,0.0658029576718085,0.0657414028142494,0.0656859942709544,0.0656397972540327,0.0656051526382168,0.0655834855553338,0.0655751860814031,0.0655795726114664,0.0655949418955711,0.0656187025771847,0.0656475820412597,0.0656778900714314,0.0657058178209202,0.0657277474029367,0.0657405463303619,0.0657418222124706,0.0657301164619897,0.0657050209809116,0.0656672083977651,0.06561837381101,0.0655610934752711,0.065498612775722,0.0654345815677856,0.0653727590395899,0.0653167123785188,0.0652695335764235,0.0652335967665768,0.065210374792581,0.0652003286404676,0.0652028773836021,0.0652164499003232,0.0652386133296467,0.0652662674925072,0.0652958897156953,0.065323810952692,0.0653465019999328,0.065360848058212,0.0653643908890608,0.0653555202762115,0.0653336002498558,0.0652990203184959,0.0652531674687886,0.0651983205775908,0.0651374747385925,0.0650741084288768,0.0650119110246807,0.0649544915492486,0.0649050913915466,0.0648663238607772,0.0648399617507718,0.0648267906363712,0.0648265406184901,0.0648379030305411,0.0648586316986345,0.0648857212877367,0.0649156486862757,0.0649446578871241,0.0649690649380442,0.0649855576460685,0.0649914650321447,0.0649849740405086,0.0649652754961766,0.0649326273660242,0.0648883304543669,0.0648346191001833,0.0647744765632283,0.0647113909598884,0.0646490723137972,0.0645911541526442,0.0645409039252634,0.0645009653340688,0.0644731526564797,0.0644583125905255,0.0644562635349787,0.0644658159926652,0.0644848714688376,0.0645105913000102,0.0645396217085301,0.0645683573687743,0.0645932231308321,0.0646109524140033,0.0646188411927667,0.0646149583960454,0.0645982967854276,0.0645688527525781,0.0645276286964767,0.0644765573682215,0.0644183534240787,0.0643563030025911,0.0642940070336763,0.0642350978155799,0.0641829508298561,0.0641404145575662,0.0641095800749696,0.064091609442111,0.0640866375008344,0.0640937559675558,0.0641110820742095,0.0641359070176488,0.0641649127245796,0.0641944395353314,0.0642207829104627,0.0642404946096644,0.064250663257887,0.0642491508748516,0.0642347656667612,0.0642073568295073,0.0641678237910558,0.0641180396106615,0.0640606954862387,0.0639990798492558,0.0639368107845183,0.0638775440745262,0.0638246807809341,0.0637810978697016,0.0637489230725275,0.0637293712226481,0.063722654098548,0.0637279698235225,0.0637435716002631,0.0637669094924566,0.0637948335360164,0.0638238420335476,0.0638503557312002,0.0638709968732183,0.0638828519517846,0.0638836982971535,0.0638721773760405,0.0638479015972762,0.0638114863058346,0.0637645041633403,0.063709364901358,0.0636491290994617,0.0635872697802034,0.0635273998394816,0.0634729862955807,0.0634270737642889,0.0633920392703727,0.0633693984324096,0.0633596792985219,0.0633623749045783,0.063375979354731,0.0633981053832381,0.0634256745221487,0.0634551647774862,0.0634828956825151,0.0635053272354173,0.0635193478792088,0.0635225274965476,0.0635133143180796,0.0634911594242197,0.0634565587205339,0.0634110093142045,0.0633568844652727,0.0632972380758406,0.0632355554176994,0.0631754710052017,0.0631204768754591,0.0630736449013114,0.0630373851762486,0.0630132591849258,0.0630018617526412,0.0630027800902246,0.0630146321019012,0.063035179990812,0.0630615095349526,0.0630902606070491,0.0631178908825802,0.0631409524311324,0.0631563601287458,0.0631616315781926,0.0631550804067925,0.0631359482716176,0.0631044654091203,0.0630618348254757,0.0630101408901779,0.0629521887900165,0.0628912866281799,0.0628309865220339,0.0627748044981201,0.0627259409965236,0.0626870241605982,0.0626598967013657,0.0626454640248462,0.06264361667563,0.0626532343033236,0.062672271748817,0.0626979210193602,0.0627268364709727,0.0627554050325731,0.0627800393067787,0.0627974692614467,0.0628050082070731,0.0628007708654672,0.0627838253978671,0.0627542669095504,0.0627132066629366,0.0626626783932341,0.0626054700775674,0.0625448956419324,0.0624845258768653,0.0624279008908227,0.0623782475515047,0.0623382245235864,0.06230971485313,0.0622936818674037,0.0622900988551293,0.0622979570322428,0.0623153501696025,0.0623396284296743,0.0623676088437759,0.0623958257968366,0.0624208021181817,0.0624393200533153,0.0624486715656511,0.0624468690491625,0.0624328004975437,0.0624063172698771,0.0623682475483526,0.0623203340775184,0.0622651004437786,0.0622056556098832,0.0621454512678054,0.0620880104398676,0.0620366483154077,0.061994207308761,0.0619628276180097,0.061943772133055,0.0619373205072231,0.0619427418355683,0.0619583490766916,0.0619816316225652,0.0620094558375778,0.0620383175413258,0.0620646258430427,0.0620849948917738,0.0620965192768081,0.0620970101025456,0.0620851720719926,0.0620607069478709,0.0620243350584776,0.0619777334968636,0.0619233966893474,0.0618644314518873,0.0618043039501026,0.0617465596937282,0.0616945395543618,0.0616511147016758,0.0616184613896691,0.0615978929288605,0.0615897613119517,0.0615934352606413,0.0616073554081729,0.0616291614000017,0.061655880317779,0.061684161376016,0.0617105385862565,0.0617317012151203,0.0617447514677301,0.0617474299007551,0.0617382915168482,0.0617168191431581,0.0616834653096673,0.0616396191173464,0.0615875001737744,0.0615299871962727,0.0614703939500219,0.0614122094220792,0.0613588221885547,0.061313250531104,0.0612778998121442,0.061254366856038,0.0612433076732316,0.0612443800183403,0.061256266340245,0.0612767761272506,0.0613030200201234,0.0613316419417697,0.0613590904371739,0.0613819069135939,0.0613970068683213,0.0614019306649994,0.0613950429480577,0.0613756641503791,0.0613441233558839,0.06130172849271,0.0612506568365578,0.0611937754630947,0.061134407015822,0.0610760604699476,0.0610221491386948,0.0609757188212791,0.0609392077441889,0.0609142569763566,0.0609015856192758,0.0609009396976436,0.060911117768835,0.0609300703042872,0.0609550643189709,0.0609828999271987,0.0610101617976336,0.0610334860891773,0.0610498224961774,0.0610566715437853,0.0610522791914003,0.061035773983308,0.0610072362180741,0.0609676936155607,0.060919043413461,0.0608639063581941,0.0608054232839128,0.0607470095169721,0.0606920858454324,0.0606438069493751,0.0606048087745758,0.0605769952341403,0.0605613818555628,0.0605580097095929,0.0605659374557261,0.060583313034475,0.06060751994307,0.0606353867190309,0.0606634427958452,0.0606881997997434,0.0607064350252841,0.0607154535009068,0.0607133067892405,0.0606989503209917,0.0606723263093863,0.0606343656527509,0.0605869091192399,0.0605325548915067,0.0604744456264154,0.0604160130348394,0.0603607012183009,0.0603116913816181,0.0602716500183615,0.0602425203543031,0.0602253729969286,0.0602203267511057,0.060226544865562,0.0602423060414859,0.0602651438193787,0.0602920428761403,0.0603196766530843,0.0603446678508491,0.0603638518283676,0.0603745228946301,0.0603746448584797,0.0603630098939018,0.0603393335999515,0.0603042788321583,0.0602594061481959,0.0602070541966517,0.0601501587104585,0.0600920235643399,0.060036061251325,0.05998552280174,0.0599432383561536,0.0599113891574219,0.0598913296113283,0.0598834743785232,0.0598872604393081,0.0599011880859236,0.0599229383232379,0.0599495577480374,0.0599776961980275,0.0600038778465066,0.0600247834088078,0.0600375200259319,0.0600398563296303,0.0600304031069081,0.0600087246141128,0.0599753715175974,0.0599318331142783,0.0598804133017375,0.0598240411112706,0.0597660319337399,0.0597098194139338,0.0596586800730291,0.0596154729220232,0.0595824147041582,0.059560908156711,0.0595514361405762,0.0595535290654135,0.0595658072007413,0.0595860936746664,0.0596115886510736,0.0596390907069952,0.059665248087199,0.0596868204872521,0.0597009314132849,0.0597052919977034,0.0596983793364788,0.0596795557955025,0.0596491200824933,0.0596082859136084,0.0595590894914944,0.0595042323915418,0.059446871445546,0.0593903714437572,0.0593380396088135,0.0592928625511785,0.0592572666033392,0.0592329209648818,0.0592206000158636,0.0592201166551402,0.0592303329141033,0.0592492478223833,0.0592741560798837,0.0593018650754637,0.059328952731605,0.0593520450260019,0.0593680902056388,0.0593746068640851,0.0593698852061024,0.0593531247902457,0.0593244974621028,0.0592851305727905,0.0592370123352492,0.0591828276914778,0.0591257387676191,0.059069128396153,0.0590163279389068,0.0589703515674996,0.0589336582340092,0.0589079599383629,0.0588940908522355,0.0588919467785794,0.0589004987581454,0.0589178788410265,0.058941530560015,0.0589684118591076,0.0589952344608494,0.0590187211323811,0.0590358611703593,0.0590441447114035,0.0590417581385987,0.0590277257680078,0.0590019869649903,0.0589654025997884,0.0589196899930583,0.0588672908722098,0.0588111819856449,0.0587546425332046,0.0587009961202725,0.0586533472293796,0.0586143329976006,0.0585859102614577,0.0585691953795135,0.0585643703990552,0.0585706639659479,0.0585864093740614,0.0586091757950156,0.0586359625620236,0.0586634409561413,0.0586882237669799,0.0587071403785702,0.0587174945213698,0.0587172832122348,0.0587053586672773,0.0586815198298954,0.0586465261657394,0.0586020329857585,0.0585504541636918,0.0584947641242547,0.0584382558744176,0.0583842752338105,0.0583359530425945,0.0582959569052927,0.0582662820518712,0.058248097396055,0.0582416581934847,0.0582462912695146,0.0582604530501809,0.0582818550356422,0.0583076463120953,0.0583346385510993,0.0583595559565015,0.0583792909577791,0.0583911461899515,0.0583930444317101,0.0583836906014923,0.0583626734670388,0.0583304991704343,0.0582885537140559,0.0582389968575493,0.058184595081692,0.058128506013474,0.0580740306210143,0.0580243522554331,0.0579822829823148,0.0579500374431758,0.057929052667935,0.0579198689020061,0.0579220818276003,0.0579343708868073,0.0579546022001795,0.0579799983410494,0.0580073615224796,0.0580333321032292,0.0580546611636481,0.0580684745545199,0.0580725064322866,0.0580652828297875,0.0580462400536899,0.058015768263316,0.0579751769592158,0.0579265857096969,0.0578727496756864,0.0578168348132392,0.0577621615928352,0.0577119383682329,0.0576690060106134,0.0576356141184626,0.057613246197728,0.0576025069835037,0.0576030799364373,0.0576137573341318,0.0576325397384535,0.0576567963764593,0.0576834734931525,0.0577093343105633,0.0577312120637377,0.0577462567917451,0.057752157161499,0.0577473205303608,0.057730997569335,0.0577033418624145,0.0576653996998163,0.0576190304756329,0.057566763332861,0.0575116006051073,0.0574567828245634,0.0574055332682041,0.0573608019190656,0.0573250291254536,0.0572999480507363,0.0572864422469838,0.0572844705184802,0.0572930659580351,0.0573104100454244,0.057333976482728,0.057360733541166,0.0573873886401088,0.0574106551469996,0.0574275193431537,0.0574354853580627,0.0574327776694253,0.0574184843481249,0.0573926292764359,0.0573561676238435,0.0573109053735258,0.0572593500627124,0.0572045055652062,0.0571496282196741,0.0570979645342767,0.0570524918718616,0.0570156828995732,0.0569893122894945,0.0569743204365937,0.056970744176048,0.0569777190567301,0.0569935521070958,0.0570158586455931,0.0570417519262176,0.0570680705906804,0.0570916262589378,0.0571094522763322,0.0571190347036127,0.0571185080537714,0.0571068009350362,0.0570837204691814,0.0570499688727611,0.0570070906183298,0.0569573537971223,0.0569035743256909,0.056848896115157,0.0567965439099322,0.0567495679030293,0.0567106002166957,0.0566816427641782,0.0566639038606534,0.0566576973368258,0.0566624130659758,0.0566765621038677,0.0566978935181991,0.0567235739686773,0.0567504157243468,0.0567751345680723,0.0567946163455479,0.0568061700404198,0.0568077463032976,0.0567981032536181,0.0567769058551625,0.0567447508310267,0.0567031154135356,0.0566542346426271,0.0566009178575006,0.0565463199543102,0.0564936864996724,0.0564460936311289,0.0564062037397384,0.056376056275202,0.0563569098416733,0.056349147380745,0.0563522510632192,0.0563648479709109,0.0563848221827835,0.0564094838903065,0.0564357819986039,0.0564605435876685,0.0564807217909769,0.0564936331881491,0.0564971667071171,0.0564899482090344,0.0564714482286268,0.056442024541044,0.0564028960468608,0.056356049591114,0.0563040864125969,0.0562500195961669,0.0561970378231056,0.0561482535664803,0.0561064554046015,0.0560738841547789,0.0560520509954457,0.0560416127035189,0.0560423147719365,0.0560530078029209,0.0560717366162635,0.056095895463325,0.0561224371228657,0.0561481189830428,0.0561697659267922,0.0561845282614137,0.0561901132384023,0.05618497088955,0.0561684187721774,0.0561406954214901,0.0561029383768893,0.0560570890288603,0.0560057326478968,0.0559518872664611,0.0558987591383412,0.0558494849792925,0.0558068819354125,0.0557732252294905,0.0557500708461595,0.0557381367066098,0.0557372509199171,0.0557463703038,0.05576366688195,0.055786674903247,0.0558124864545093,0.0558379802469852,0.0558600658602612,0.0558759247511718,0.0558832297155606,0.0558803261762915,0.0558663615331377,0.0558413526530775,0.055806186149924,0.0557625510993744,0.0557128089226265,0.0556598099927852,0.0556066707204863,0.0555565281323513,0.0555122909914798,0.0554764071185523,0.0554506656456975,0.0554360504799944,0.0554326574059543,0.0554396822826205,0.0554554820704758,0.0554777044201239,0.055503475779698,0.0555296329457195,0.0555529791619291,0.0555705436349755,0.055579822916319,0.0555789840567079,0.0555670126543313,0.0555437936040065,0.0555101180874671,0.0554676166014272,0.0554186240329934,0.055365988406092,0.0553128394534391,0.0552623362480734,0.0552174145349322,0.0551805540722609,0.0551535843134343,0.055137543356489,0.0551326005931383,0.0551380483041732,0.0551523620059473,0.0551733240757643,0.0551982004554092,0.0552239563721126,0.0552474942687277,0.0552658956579946,0.0552766484781833,0.0552778427110417,0.0552683194291133,0.0552477618987494,0.0552167216466536,0.0551765772194941,0.0551294284061032,0.0550779336039707,0.0550251024440545,0.0549740594043266,0.0549277966457418,0.0548889354613411,0.0548595153951411,0.0548408282261969,0.0548333107118718,0.0548365054561089,0.0548490938448753,0.0548689991018513,0.0548935516573459,0.0549197037086091,0.0549442755674783,0.0549642135486595,0.0549768380325735,0.0549800610670548,0.054972555406037,0.0549538610008162,0.0549244202882903,0.0548855396729197,0.0548392808235175,0.0547882912444232,0.0547355885235497,0.0546843162945856,0.0546374919973744,0.0545977668523335,0.0545672171142147,0.0545471828129163,0.0545381661166811,0.0545397965399135,0.0545508648808124,0.0545694224390976,0.054592937131457,0.0546184939384316,0.0546430239531901,0.0546635443466723,0.0546773909148123,0.0546824255477054,0.0546772028928921,0.0546610835349007,0.0546342849725665,0.0545978662799431,0.0545536472799253,0.0545040680085236,0.0544519988555661,0.0544005156927178,0.0543526572282588,0.0543111835014486,0.0542783546697999,0.0542557479742072,0.0542441280288808,0.0542433815370664,0.0542525224628115,0.0542697679851727,0.0542926796952935,0.0543183589775349,0.054343680840154,0.0543655470652928,0.0543811377633854,0.0543881404324837,0.0543849374607352,0.0543707365168257,0.0543456331333758,0.0543106005579456,0.054267408099777,0.0542184751836447,0.0541666736068814,0.0541150946298906,0.0540668001823627,0.0540245784527423,0.0539907234210553,0.0539668556170298,0.0539537977820998,0.0539515145265215,0.0539591199020414,0.0539749514805477,0.0539967044513236,0.0540216147890901,0.0540466769991659,0.0540688795323619,0.0540854398144748,0.0540940210030393,0.0540929140333506,0.0540811711332483,0.054058680588221,0.054026176883652,0.0539851851524609,0.0539379037932711,0.0538870338549478,0.0538355679634151,0.0537865548723241,0.0537428578727708,0.0537069260913803,0.0536805970244312,0.053664946490533,0.0536601986485801,0.0536657040582117,0.0536799883077264,0.0537008679391436,0.0537256247536619,0.053751224582992,0.0537745627233135,0.0537927158224717,0.0538031793326332,0.0538040707759952,0.0537942819328875,0.0537735673970745,0.0537425623592726,0.0537027284831454,0.0536562327844856,0.053605769973924,0.0535543432947943,0.0535050221041874,0.0534606960679506,0.0534238457820795,0.0533963479571348,0.0533793302069721,0.0533730862737757,0.0533770575782201,0.0533898817224603,0.0534095034085644,0.0534333385462478,0.0534584784335742,0.0534819180518738,0.0535007908881651,0.0535125923654519,0.0535153749192993,0.0535078999238845,0.0534897348869665,0.0534612883839251,0.0534237798178873,0.0533791459680051,0.0533298910877053,0.0532788916972067,0.0532291708505153,0.0531836592521441,0.0531449619176025,0.0531151489613978,0.0530955875067011,0.0530868287090251,0.0530885596616934,0.0530996248093056,0.0531181158398781,0.0531415233273283,0.0531669381505499,0.0531912864007939,0.0532115785131113,0.0532251520139246,0.0532298877121005,0.0532243813547618,0.0532080565341337,0.0531812096296133,0.0531449833447173,0.0531012714254748,0.0530525628834667,0.0530017389896189,0.0529518400385893,0.0529058211161786,0.0528663166875918,0.0528354327673626,0.052814582879555,0.0528043802355462,0.0528045938988842,0.0528141715743735,0.0528313264644301,0.0528536807717274,0.0528784542374617,0.0529026828668421,0.052923450905716,0.0529381183071052,0.0529445263902544,0.0529411660934149,0.052927296027642,0.0529030012607671,0.0528691881511846,0.0528275153178813,0.0527802656523929,0.0527301688119599,0.0526801875485671,0.0526332842197035,0.0525921856364628,0.0525591648479029,0.0525358574457749,0.0525231275219011,0.0525209946634993,0.0525286285906289,0.0525444125897489,0.0525660712212869,0.0525908523632497,0.0526157489816961,0.0526377425277414,0.052654047888128,0.052662339565518,0.0526609402791423,0.0526489563335621,0.0526263486235699,0.0525939336172663,0.0525533145879562,0.0525067492115989,0.0524569648910065,0.0524069373618152,0.0523596509402449,0.0523178599881949,0.0522838707439282,0.0522593606886348,0.0522452493100034,0.0522416298038671,0.0522477663081149,0.0522621560984297,0.0522826511929532,0.0523066293734946,0.0523312010358935,0.0523534357590288,0.0523705911757259,0.05238032669903,0.0523808858809239,0.0523712335582379,0.0523511373047528,0.05232118683331,0.0522827496030886,0.0522378656753492,0.0521890894955402,0.0521392904268302,0.052091427203475,0.0520483137350596,0.0520123946618679,0.0519855486109635,0.0519689352099436,0.0519628986754756,0.0519669364191479,0.0519797359274542,0.0519992775887918,0.0520229956284537,0.0520479843581705,0.0520712330027944,0.0520898698083907,0.0521013952192243,0.0521038847432829,0.052096144649318,0.0520778076334149,0.052049360698185,0.0520121032375438,0.051968039193418,0.0519197126235816,0.0518700006161338,0.0518218808233717,0.0517781927108086,0.0517414118164804,0.0517134549301164,0.0516955313040153,0.0516880510788175,0.0516905974054658,0.0517019636681224,0.0517202521656118,0.0517430259681677,0.0517675017555797,0.0517907685160565,0.0518100152169106,0.0518227500403316,0.0518269945195825,0.0518214378430139,0.0518055395734747,0.0517795728552118,0.0517446045947216,0.051702413812553,0.0516553540486493,0.0516061700318105,0.0515577824704515,0.0515130574958624,0.0514745787552528,0.0514444402514766,0.0514240766963041,0.0514141454310467,0.051414470037206,0.051424050891706,0.0514411424958986,0.0514633918733547,0.051488027166805,0.0515120812332628,0.0515326319434856,0.0515470393412002,0.0515531599745105,0.0515495205826898,0.051535436747912,0.0515110667962283,0.051477396731114,0.0514361578069441,0.0513896839751774,0.0513407213669255,0.0512922057930902,0.0512470266442009,0.0512077963924952,0.0511766441210188,0.0511550492489495,0.0511437281280041,0.0511425817813059,0.0511507081276318,0.0511664769824853,0.0511876613385489,0.0512116142439865,0.0512354772983633,0.0512564045780163,0.0512717848093298,0.0512794448690239,0.0512778191640257,0.0512660720156071,0.0512441636649336,0.0512128546969925,0.0511736482684541,0.0511286742111578,0.051080523538827,0.0510320457858102,0.0509861246518865,0.0509454493597816,0.0509122997613974,0.0508883624525045,0.0508745929782269,0.0508711357548235,0.050877308834388,0.0508916554376674,0.0509120586949057,0.0509359107299251,0.0509603225694368,0.0509823577886671,0.0509992706597903,0.0510087290692163,0.0510090036792774,0.0509991076341462,0.0509788753009189,0.0509489737165036,0.0509108461087812,0.0508665925605047,0.0508187980794289,0.050770322580599,0.0507240702293445,0.0506827570194696,0.0506486952954522,0.0506236122373489,0.0506085163076034,0.0506036216061216,0.0506083353573897,0.0506213087550563,0.0506405465059533,0.0506635660055312,0.0506875934445755,0.0507097815268212,0.0507274320224425,0.0507382061637631,0.0507403068961876,0.0507326191436358,0.0507147973809229,0.0506872937139929,0.0506513240916948,0.050608774912063,0.0505620568217429,0.0505139166152013,0.0504672215109399,0.0504247324412782,0.0503888841241113,0.0503615894529858,0.050344084109392,0.050336824344151,0.0503394467845768,0.050350794199787,0.0503690057856035,0.0503916651597758,0.050415994356318,0.0504390781206324,0.0504581001125494,0.0504705714891688,0.0504745328884567,0.0504687130353388,0.050452630855018,0.05042663277526,0.0503918623954732,0.0503501653976951,0.0503039379622714,0.0502559315579277,0.0502090304157346,0.0501660200019741,0.0501293652475907,0.0501010161858059,0.0500822561405328,0.0500736039537698,0.0500747772776217,0.0500847190675994,0.0501016844914428,0.0501233808823757,0.0501471494420979,0.0501701743969218,0.0501897034134706,0.0502032623900038,0.0502088482756105,0.0502050852756439,0.0501913325509784,0.0501677351224584,0.0501352139087836,0.0500953953732071,0.0500504858214039,0.0500030996582427,0.0499560545606545,0.0499121492699599,0.0498739413112503,0.049843542242632,0.0498224469484019,0.0498114110497847,0.0498103868607998,0.049818523720768,0.0498342333409803,0.049855315435294,0.0498791338237829,0.0499028288610184,0.0499235488493418,0.0499386813609556,0.0499460652902342,0.0499441660186036,0.0499321991716959,0.0499101928082227,0.04987898310705,0.0498401442376256,0.0497958586028217,0.0497487385471276,0.0497016145092383,0.0496573071535737,0.0496184020572043,0.0495870450151418,0.0495647740546695,0.049552401034493,0.049549951554414,0.0495566671804146,0.0495710690857793,0.049591077499523,0.0496141771819022,0.0496376157976427,0.0496586197421171,0.0496746108257182,0.0496834072874872,0.0496833938641595,0.0496736479860363,0.0496540124414594,0.0496251088254796,0.0495882904990122,0.0495455383346087,0.0494993068990826,0.0494523326052805,0.049407418456658,0.049367212050824,0.0493339943075803,0.0493094958342709,0.0492947559279035,0.0492900360398185,0.0492947953054761,0.0493077307830918,0.0493268797471955,0.0493497761948552,0.0493736491011659,0.0493956463286088,0.0494130657965988,0.0494235747826177,0.0494253991441331,0.0494174667551348,0.0493994933241007,0.0493720036518801,0.0493362868535165,0.0492942896138629,0.0492484566804197,0.0492015320737138,0.0491563375607111,0.049115546556923,0.0490814717034304,0.0490558829513552,0.0490398702496307,0.0490337611436248,0.0490370990933104,0.0490486834890308,0.0490666675629087,0.0490887060218026,0.0491121405699028,0.0491342087832825,0.04915226020555,0.0491639631346368,0.0491674863685826,0.0491616421017004,0.0491459790722973,0.0491208187595496,0.0490872316619382,0.049046955178014,0.0490022590446006,0.0489557683525593,0.0489102575513689,0.0488684312980677,0.048832709285111,0.0488050321532387,0.0487867042110103,0.0487782860001113,0.048779545932791,0.0487894755586899,0.0488063678567616,0.0488279527209226,0.0488515789692954,0.0488744281933846,0.0488937429507006,0.0489070504665534,0.0489123632907974,0.0489083402464376,0.0488943943501221,0.0488707388822625,0.048838368028774,0.0487989740315393,0.0487548080755086,0.0487084967435699,0.048662829398041,0.0486205340214904,0.0485840597215011,0.0485553832642601,0.0485358547718474,0.0485260943317106,0.0485259470413415,0.0485344993121181,0.0485501544638533,0.0485707611200135,0.0485937839867694,0.0486165035313774,0.0486362290586906,0.0486505088307539,0.0486573212147823,0.0486552323348102,0.0486435082281574,0.0486221728946631,0.0485920076468208,0.0485544915526333,0.0485116872111988,0.0484660803013905,0.0484203849888407,0.048377330082131,0.0483394425570252,0.0483088455455643,0.0482870870293818,0.0482750132994735,0.0482726978730494,0.0482794322248529,0.0482937797234692,0.0483136889650381,0.04833665771069,0.0483599343030344,0.0483807401613344,0.0483964950479462,0.0484050264532959,0.0484047457147908,0.048394776266928,0.0483750234716497,0.0483461804344526,0.0483096696220159,0.0482675254730647,0.0482222280599235,0.0481765017973814,0.0481330958880492,0.0480945644410261,0.0480630639403644,0.0480401840425869,0.0480268247395567,0.0480231290207135,0.0480284756543511,0.048041531955309,0.0480603617863453,0.0480825798909636,0.0481055402634789,0.0481265438468087,0.0481430495516573,0.0481528724741556,0.048154354236575,0.0481464925002709,0.0481290197504869,0.0481024252225202,0.0480679180752866,0.0480273343343608,0.0479829944153848,0.0479375218915983,0.0478936372940306,0.047853942874609,0.0478207152239892,0.0477957222974718,0.0477800797393792,0.047774158490067,0.0477775517011969,0.0477891042662489,0.0478070031688237,0.0478289217878508,0.0478522067184114,0.0478740919842524,0.047891923080072,0.0479033723309409,0.0479066277005993,0.0479005393792594,0.0478847120450619,0.0478595353006076,0.0478261500190082,0.0477863537202968,0.0477424531600646,0.0476970766082223,0.0476529614676329,0.0476127346831771,0.0475787037073454,0.0475526746402332,0.0475358116973058,0.047528548627022,0.0475305584240373,0.0475407830254595,0.0475575200094173,0.0475785589895143,0.0476013567227336,0.0476232371650066,0.0476416009868654,0.0476541284927132,0.0476589604859846,0.0476548433307414,0.0476412271518451,0.0476183096044262,0.0475870216931249,0.0475489564595784,0.0475062456863346,0.0474613937808373,0.0474170814058228,0.0473759539419024,0.0473404112837921,0.0473124156349748,0.0472933328164979,0.0472838201849918,0.0472837707095503,0.0472923183377469,0.0473079048287275,0.047328403153204,0.047351287794199,0.0473738382541621,0.0473933591570499,0.0474073988093812,0.047413948111916,0.0474116033107735,0.0473996791122284,0.0473782628896872,0.0473482057035882,0.0473110511827383,0.0472689085013839,0.0472242802750141,0.047179859799796,0.0471383143863104,0.0471020724230244,0.0470731312185916,0.0470529007126833,0.0470420950230558,0.0470406798070443,0.0470478789061894,0.0470622390826112,0.0470817472043002,0.0471039903167685,0.0471263459171276,0.047146187620853,0.0471610904023221,0.0471690197417467,0.0471684902924812,0.0471586819931886,0.0471395047258537,0.0471116064474017,0.0470763239423871,0.0470355796703617,0.0469917323122016,0.0469473922537388,0.0469052161017809,0.0468676961679501,0.0468369615036195,0.046814606429968,0.0468015605817195,0.0467980113766988,0.0468033857458103,0.0468163932156039,0.046835127409531,0.0468572181496735,0.0468800220284679,0.0469008359734415,0.0469171162649342,0.0469266848945285,0.0469279061432215,0.0469198187387019,0.0469022127038231,0.0468756446956961,0.0468413908323281,0.0468013412440055,0.0467578454054495,0.0467135212858815,0.046671044168832,0.0466329324293167,0.0466013475324221,0.0465779240848335,0.0465636430962898,0.0465587579531103,0.0465627782974642,0.0465745124054271,0.0465921641289572,0.0466134763489353,0.0466359094652394,0.0466568409470038,0.046673770530651,0.0466845153590959,0.0466873802019346,0.0466812898097069,0.0466658732954694,0.0466414940076943,0.0466092224193099,0.046570753835272,0.0465282769210099,0.0464843028750619,0.0464414682222783,0.0464023264340502,0.046369144689907,0.0463437219550999,0.0463272431245435,0.0463201813377861,0.0463222568709173,0.0463324565286275,0.0463491125466365,0.0463700350792649,0.0463926878159114,0.0464143925505106,0.046432545967473,0.0464448307583008,0.0464494035706419,0.0464450441978098,0.0464312536783759,0.0464082933011688,0.0463771615109424,0.0463395109342447,0.0462975127270236,0.0462536797483138,0.0462106633249897,0.0461710403356113,0.0461371078774051,0.046110701889962,0.0460930539123386,0.0460846968711389,0.0460854267385084,0.046094322412251,0.0461098216198838,0.0461298463800298,0.0461519678713641,0.0461735977064562,0.0461921907640121,0.0462054440027082,0.0462114760903449,0.0462089741851647,0.0461972966857951,0.0461765240490681,0.0461474536402637,0.0461115387687328,0.0460707762862461,0.0460275510863238,0.0459844492478748,0.0459440541501848,0.0459087414286963,0.0458804889861738,0.0458607173479108,0.0458501734769734,0.0458488678761307,0.0458560706290419,0.0458703672933845,0.0458897706358279,0.0459118795107059,0.0459340721481479,0.0459537181080601,0.0459683914634783,0.0459760675731205,0.0459752871224553,0.0459652738482121,0.0459459962747008,0.0459181685312777,0.0458831904603846,0.0458430323010912,0.0458000737948924,0.0457569112193494,0.045716148316986,0.0456801881728931,0.045651042751541,0.0456301751050919,0.0456183863983969,0.0456157561368299,0.0456216396662632,0.045634722495178,0.0456531266161839,0.0456745600972513,0.0456964980427719,0.0457163807979387,0.0457318141181258,0.0457407560005263,0.0457416759564423,0.0457336746011697,0.0457165544067267,0.0456908360996694,0.0456577192457201,0.0456189897668568,0.0455768811913953,0.0455339000515079,0.045492628741338,0.0454555210937436,0.0454247067419155,0.0454018198980049,0.0453878664924423,0.0453831407648171,0.0453871985705851,0.0453988901501774,0.0454164502559623,0.0454376387540549,0.0454599205317405,0.0454806701372314,0.0454973843770874,0.0455078853152778,0.0455104968461977,0.0455041802027618,0.0454886172219509,0.045464234613767,0.0454321674647988,0.0453941653055136,0.0453524488291469,0.0453095293580894,0.0452680060774304,0.0452303576683552,0.0451987451757129,0.0451748417632449,0.0451597025929074,0.0451536846526495,0.0451564222573016,0.0451668595054209,0.0451833365453237,0.0452037224209383,0.045225583822888,0.0452463764893929,0.0452636444404365,0.0452752117693752,0.0452793523692824,0.0452749246771565,0.0452614611522905,0.0452392055814566,0.0452090951929121,0.0451726887005083,0.045132045505039,0.0450895650612091,0.0450477985920782,0.0450092476436522,0.0449761652168827,0.0449503752602456,0.0449331251064591,0.0449249830405253,0.0449257897411024,0.0449346680885399,0.0449500911111034,0.0449700030357748,0.044991983935984,0.0450134447254882,0.0450318365813986,0.0450448575471163,0.0450506392092751,0.0450478979672762,0.0450360383848137,0.0450152001660391,0.0449862450680857,0.0449506851162255,0.0449105583771485,0.0448682628423387,0.0448263623135164,0.0447873802982639,0.0447535986676068,0.0447268771770357,0.0447085080088885,0.0446991164623908,0.0446986150819757,0.0447062142070012,0.0447204874969855,0.044739486775912,0.0447608968519927,0.0447822180579115,0.0448009623057944,0.044814847572411,0.0448219759593084,0.0448209817736278,0.0448111383471609,0.0447924153944153,0.0447654823961432,0.0447316575336659,0.0446928058141525,0.044651193928056,0.0446093127818657,0.0445696812895758,0.0445346466632179,0.04450619695502,0.0444858008884788,0.0444742880833515,0.0444717797413207,0.0444776759248626,0.0444907010282779,0.0445090042708969,0.0445303074409228,0.0445520880902124,0.044571783295726,0.0445869972559619,0.0445956955659621,0.0445963700677268,0.0445881606223822,0.0445709237838679,0.0445452428465262,0.0445123786855601,0.0444741657646831,0.0444328622103787,0.0443909665581227,0.0443510163601302,0.0443153851142167,0.0442860938592655,0.0442646523371945,0.0442519420071424,0.0442481496696145,0.0442527563315813,0.0442645815628687,0.0442818793040922,0.0443024772038956,0.0443239483591354,0.0443438020153222,0.044359678495482,0.0443695334291377,0.0443717972414844,0.0443654977598068,0.0443503365623226,0.0443267131436097,0.0442956948673058,0.0442589347558197,0.0442185431448416,0.044176922821233,0.0441365801947182,0.044099927088997,0.0440690886923086,0.0440457329683568,0.0440309353703653,0.044025090094753,0.0440278755264563,0.0440382772279086,0.0440546671470485,0.044074933054867,0.044096647975169,0.0441172659208206,0.0441343279240153,0.0441456613711235,0.0441495561329962,0.0441449028922513,0.0441312822475391,0.044108997337671,0.0440790475001004,0.0440430454290497,0.0440030849886415,0.0439615708583338,0.0439210242049143,0.0438838803504907,0.0438522948218953,0.0438279732301659,0.0438120382622473,0.0438049438912413,0.0438064430168271,0.0438156104664215,0.0438309189644686,0.043850361640576,0.0438716111865957,0.0438922031205148,0.0439097289353903,0.0439220242965854,0.0439273379207986,0.0439244682771358,0.0439128576809176,0.0438926365345736,0.0438646141892317,0.043830216902799,0.0437913773807628,0.0437503841214893,0.0437097019719032,0.0436717776802345,0.0436388456040824,0.0436127489542814,0.0435947909697257,0.0435856282598225,0.0435852153499729,0.0435928054461397,0.0436070079051962,0.0436258982278175,0.0436471719814285,0.0436683303038594,0.043686881879025,0.0437005447774949,0.0437074314706546,0.0437062016835637,0.0436961704397488,0.0436773624351237,0.0436505084168246,0.0436169841258835,0.0435786971536018,0.0435379313403926,0.0434971617489592,0.0434588554959809,0.0434252746644262,0.0433982971006203,0.043379269205186,0.0433689020380167,0.0433672184390319,0.0433735547354186,0.0433866163017174,0.0434045820960064,0.0434252496170895,0.0434462087680382,0.0434650310608391,0.0434794595751208,0.0434875851386644,0.0434879953054507,0.0434798847793985,0.0434631188207432,0.0434382446793228,0.0434064499872027,0.043369471046382,0.0433294577850334,0.0432888055483626,0.0432499665773282,0.043215255788403,0.0431866661356368,0.0431657083215412,0.04315328792222,0.0431496301965112,0.043154259147618,0.0431660330755323,0.0431832342456094,0.0432037057904682,0.0432250249531016,0.0432446986326628,0.0432603652069736,0.04326998597459,0.0432720103594827,0.0432655011952445,0.0432502097664,0.0432265945322064,0.0431957822101232,0.0431594747244287,0.0431198100020866,0.0430791883371406,0.0430400787386799,0.0430048211206205,0.0429754402953852,0.0429534865291206,0.0429399150454611,0.0429350135626996,0.0429383830150914,0.0429489723748079,0.0429651642911313,0.0429849044108037,0.0430058640096889,0.0430256231671192,0.0430418602992482,0.0430525335114683,0.0430560399344143,0.0430513409078395,0.0430380434470036,0.0430164316902957,0.0429874457636096,0.0429526094512037,0.042913911959187,0.0428736526171266,0.0428342603200255,0.0427981016311783,0.0427672925583214,0.0427435289597168,0.0427279492951542,0.0427210410657992,0.0427225989389062,0.0427317384710007,0.0427469648429315,0.0427662914723855,0.0427873991660205,0.0428078229913722,0.042825151612661,0.0428372226791302,0.0428422981011898,0.042839204692355,0.0428274285574393,0.0428071555140349,0.0427792543932724,0.042745204865603,0.0427069760495825,0.042666866185011,0.0426273167483865,0.0425907163129941,0.042559210073672,0.0425345302524828,0.0425178606773804,0.042509745882089,0.0425100513859248,0.0425179776950074,0.0425321263541686,0.0425506123940007,0.0425712140491016,0.0425915479090885,0.0426092558754547,0.0426221895359088,0.0426285778633341,0.0426271654608359,0.0426173108073257,0.0425990369525778,0.0425730306614149,0.0425405898714445,0.0425035232415574,0.0424640092536197,0.0424244255171085,0.0423871613675792,0.042354428337749,0.0423280834679875,0.0423094796417251,0.0422993552009408,0.0422977721307001,0.0423041083060234,0.0423171049570124,0.042334965979,0.0423555013783699,0.0423763033840647,0.0423949409136583,0.042409156430843,0.0424170489346518,0.0424172279238584,0.0424089255965279,0.0423920580645072,0.0423672306706472,0.0423356872043924,0.0422992074974501,0.0422599621327008,0.0422203364528707,0.0421827384298979,0.0421494060747256,0.0421222298711652,0.0421026042626478,0.0420913196680332,0.0420885030984669,0.0420936114935945,0.0421054777212975,0.0421224051172144,0.0421423027781874,0.0421628508227364,0.0421816826886794,0.0421965703824614,0.0422055984852039,0.0422073136440599,0.0422008381558989,0.0421859389478964,0.0421630465906097,0.0421332227176349,0.0420980781160375,0.0420596475211058,0.0420202305250021,0.0419822107355483,0.0419478671769002,0.0419191927383345,0.0418977341505316,0.041884466484853,0.0418797126076679,0.041883114549675,0.0418936596255425,0.041909759686571,0.0419293774781542,0.041950190088863,0.0419697762793323,0.041985812366832,0.0419962605215675,0.0419995338931767,0.0419946248943795,0.0419811860619586,0.0419595569197567,0.0419307348240295,0.0418962924679235,0.0418582491416268,0.0418189066057478,0.041780663225159,0.041745821612497,0.0417164053393029,0.0416939992992949,0.0416796261755963,0.0416736683867194,0.0416758411456763,0.0416852181800845,0.0417003075537295,0.0417191712125065,0.0417395786241493,0.0417591824121708,0.0417757023541683,0.0417871036055629,0.041791755535144,0.0417885590667163,0.0417770328001774,0.0417573512697797,0.0417303322755109,0.041697374050023,0.041660346833653,0.0416214469538203,0.0415830244813302,0.0415473977285539,0.0415166690714577,0.0414925566917526,0.0414762558001967,0.0414683407598027,0.0414687164117059,0.0414766230370451,0.0414906950622097,0.0415090691868021,0.0415295334637126,0.0415497053591341,0.0415672242887415,0.0415799428046476,0.0415861006328222,0.0415844671475821,0.041574440507023,0.0415560953292467,0.041530175134404,0.0414980304198562,0.0414615077617683,0.0414227993520102,0.0413842655445842,0.0413482450456726,0.041316868186183,0.0412918882329094,0.0412745440060677,0.0412654643570284,0.0412646215753577,0.0412713368408211,0.0412843367369975,0.0413018559162598,0.0413217775396854,0.0413418003494928,0.0413596193430783,0.0413731061163348,0.0413804750707964,0.0413804228085854,0.0413722300821326,0.0413558184758633,0.0413317573801523,0.0413012205430796,0.0412658952975399,0.0412278511926695,0.0411893779439887,0.0411528051097795,0.0411203174940155,0.0410937808180557,0.0410745916157979,0.0410635635962211,0.0410608599799433,0.0410659777391299,0.0410777855221805,0.0410946126583473,0.0411143823815733,0.0411347786596293,0.0411534331044826,0.0411681166473216,0.0411769201657891,0.0411784091135918,0.0411717393587914,0.0411567246997043,0.041133850605498,0.0411042332567911,0.041069527535179,0.0410317918260935,0.0409933209934292,0.0409564613683344,0.0409234228800089,0.04089610346813,0.0408759396919035,0.0408637951309829,0.0408598949837695,0.0408638114940161,0.0408745007946361,0.0408903877677221,0.040909491880508,0.0409295839244603,0.0409483613598701,0.0409636286884924,0.0409734690101185,0.0409763936642121,0.040971458548254,0.0409583382153253,0.0409373520103724,0.0409094400933762,0.0408760909733305,0.0408392258758047,0.0408010486215115,0.0407638724504274,0.0407299371645387,0.040701230911079,0.0406793307805722,0.0406652751216266,0.0406594781370284,0.0406616940747135,0.0406710344005106,0.0406860370459894,0.0407047825192012,0.0407250477187684,0.0407444850549372,0.0407608122548893,0.0407719972306122,0.0407764227239888,0.0407730171001515,0.0407613404964975,0.0407416192998292,0.0407147262804077,0.0406821082693682,0.0406456676208038,0.0406076074727648,0.0405702536947338,0.0405358681554835,0.0405064684458405,0.0404836684406985,0.0404685521852297,0.0404615907346911,0.0404626080272888,0.0404707979301095,0.0404847905887636,0.040502762439426,0.0405225809799048,0.0405419728651083,0.0405587022517706,0.040570745661361,0.0405764499849827,0.0405746615794365,0.0405648165973056,0.0405469855999864,0.0405218689213312,0.0404907429481185,0.0404553612070776,0.0404178176322643,0.040380382372982,0.0403453227572185,0.0403147233573781,0.0402903193822511,0.040273356783368,0.0402644905410293,0.0402637297004873,0.0402704340658612,0.0402833633089358,0.0403007749490358,0.0403205635735479,0.0403404301558681,0.0403580677092745,0.040371348040503,0.0403784941861046,0.0403782242602965,0.0403698548236876,0.040353355289835,0.0403293490168576,0.0402990612138613,0.0402642182269361,0.0402269067674638,0.0401894048648998,0.0401539985060239,0.0401227989028713,0.0400975750626789,0.0400796148750776,0.0400696254419186,0.04006768009021,0.0400732157184462,0.0400850801461147,0.0401016252763433,0.0401208384264161,0.0401405013701883,0.0401583646544202,0.0401723237181543,0.0401805833122399,0.0401817976686933,0.0401751757271143,0.0401605433529579,0.040138357699163,0.0401096724499024,0.0400760563965425,0.0400394713694569,0.0400021187244983,0.039966266117704,0.0399340679900073,0.0399073938709135,0.0398876782079928,0.0398758039290294,0.0398720294261103,0.0398759652861061,0.03988660313173,0.0399023946962634,0.0399213750858533,0.0399413204471971,0.0399599272917219,0.0399749988086312,0.0399846228174322,0.0399873266436586,0.0399821961053568,0.0399689488093822,0.0399479558089545,0.0399202100224796,0.039887244269336,0.0398510059466061,0.0398136988912856,0.0397776055531687,0.0397449040451752,0.0397174948486787,0.0396968509487886,0.0396839030797519,0.039678968780713,0.0396817303668129,0.0396912630149528,0.0397061102587259,0.0397244005772953,0.0397439957058618,0.0397626589970139,0.0397782307671505,0.0397887971471031,0.0397928395298982,0.0397893532160868,0.0397779261853154,0.0397587719095443,0.0397327135642383,0.0397011206533433,0.0396658026866259,0.0396288678741746,0.0395925575839273,0.039559069323808,0.0395303820847641,0.0395080979007662,0.0394933124077416,0.0394865250620741,0.0394875966457082,0.0394957579574357,0.0395096694581642,0.039527527439614,0.0395472083804946,0.0395664398887039,0.0395829843031967,0.0395948198680575,0.0396003045148235,0.0395983087013889,0.039588306340285,0.0395704163789794,0.0395453917542584,0.0395145568588311,0.0394796989386124,0.0394429226105033,0.0394064796341916,0.0393725879522912,0.0393432546968523,0.0393201173231324,0.0393043153558101,0.0392964025921376,0.0392963062474633,0.0393033357418254,0.0393162399212014,0.0393333077857673,0.0393525045311712,0.0393716321222313,0.039388501878013,0.0394011057552513,0.0394077732096746,0.03940730166239,0.0393990506102245,0.0393829921502007,0.0393597139503261,0.0393303742690317,0.0392966122582898,0.0392604202238207,0.0392239875066407,0.0391895279611868,0.0391591044433788,0.0391344641503289,0.0391168980045521,0.0391071355622838,0.0391052842471956,0.039110818252816,0.0391226184818187,0.0391390607181325,0.0391581452096237,0.0391776573253461,0.0391953462601085,0.0392091071447359,0.0392171515456402,0.0392181522522224,0.0392113503842516,0.0391966160176708,0.0391744574440706,0.0391459784968605,0.0391127877122844,0.0390768670643765,0.039040411278118,0.0390056510147926,0.0389746743657752,0.0389492610215697,0.0389307422447178,0.0389198975064204,0.0389168955638847,0.0389212841319892,0.0389320284422482,0.038947595190644,0.0389660749372156,0.0389853331756352,0.0390031782277594,0.0390175329626937,0.0390265971541116,0.039028988069161,0.0390238485597714,0.0390109143786664,0.0389905354966122,0.0389636496459058,0.0389317099211608,0.0388965717791437,0.0388603479399215,0.0388252422625234,0.0387933754431735,0.0387666162049933,0.038746431419424,0.038733767301235,0.0387289715155114,0.0387317628789243,0.0387412515629305,0.0387560086111435,0.0387741795054674,0.0387936328057769,0.0388121318766466,0.0388275156821012,0.038837873774109,0.0388417010162404,0.0388380192461248,0.0388264558479779,0.0388072728353411,0.0387813442104088,0.0387500836979836,0.0387153290654143,0.0386791927773149,0.038643891399306,0.038611567749368,0.0385841201927427,0.0385630526873406,0.0385493573121943,0.0385434382396275,0.0385450826956178,0.0385534806841068,0.0385672914345989,0.038584750959528,0.0386038120360556,0.0386223055650289,0.0386381107574431,0.038649321041524,0.0386543929915391,0.0386522669097506,0.0386424498444003,0.0386250546467036,0.0386007919635821,0.0385709156039531,0.0385371252592018,0.0385014338513803,0.0384660095817668,0.0384330048368946,0.0384043852997431,0.038381772789816,0.0383663144701659,0.0383585891468744,0.0383585585656273,0.0383655680796961,0.038378397092951,0.0383953555930738,0.0384144192332062,0.0384333921371597,0.038450084193413,0.0384624882937643,0.0384689428953709,0.0384682664623136,0.0384598526825907,0.0384437186555381,0.0384205022081387,0.0383914087693755,0.0383581124294449,0.0383226195696776,0.0382871064521282,0.0382537441616976,0.0382245251496047,0.0382011052925594,0.038184673920529,0.0381758618361389,0.0381746941805439,0.0381805913702323,0.0381924175334838,0.0382085722088114,0.0382271178025464,0.0382459326683075,0.0382628778406284,0.0382759645371819,0.0382835095820963,0.0382842668773655,0.0382775248821938,0.0382631626196035,0.03824165983778,0.0382140603964913,0.0381818914884645,0.0381470446927759,0.038111627845192,0.0380777990695963,0.0380475958505068,0.0380227725965479,0.0380046596729361,0.0379940553689686,0.0379911597987061,0.0379955564768264,0.0380062435105609,0.0380217123063066,0.038040067744242,0.0380591802688623,0.0380768575928979,0.0380910219727663,0.0380998784573775,0.038102060205565,0.0380967388606265,0.0380836909010697,0.038063314593837,0.0380365963287888,0.0380050293419398,0.0379704917676237,0.037935094257325,0.0379010097910505,0.0378702996021765,0.0378447492584602,0.0378257279151707,0.0378140817010044,0.0378100693126303,0.0378133444374358,0.0378229858886227,0.0378375726214108,0.0378552973842441,0.0378741098866989,0.0378918782275727,0.0379065560560655,0.0379163426077053,0.037919823371625,0.0379160806498143,0.0379047655479079,0.0378861258296158,0.037860987375333,0.0378306904843238,0.0377969857051125,0.0377618970206143,0.0377275628151891,0.0376960669028132,0.0376692728386939,0.0376486746704744,0.0376352761795683,0.0376295085679209,0.0376311935948011,0.0376395555773762,0.0376532817198212,0.0376706262532514,0.0376895501925252,0.0377078854709215,0.0377235100801741,0.0377345198276366,0.0377393825324813,0.0377370619132781,0.0377271009499696,0.0377096579115918,0.0376854922238182,0.0376559015528632,0.0376226155322152,0.0375876551029073,0.0375531691770185,0.0375212620498705,0.0374938255599939,0.0374723894107434,0.0374580014063463,0.0374511467876578,0.0374517126151843,0.0374589995190359,0.0374717794133225,0.037488394242912,0.0375068877501181,0.0375251598296211,0.0375411314379772,0.0375529073338474,0.0375589241763952,0.0375580726690387,0.0375497844132388,0.0375340767908919,0.0375115523407246,0.0374833525176445,0.0374510691863634,0.0374166204557224,0.037382100268026,0.0373496133003383,0.0373211080320203,0.037298221158504,0.0372821458276186,0.03727353446243,0.03727244431691,0.0372783305713323,0.0372900879659309,0.0373061380002998,0.0373245549274679,0.0373432204790187,0.0373599947705624,0.03737288938921,0.0373802284002779,0.0373807839672663,0.0373738753836538,0.0373594233860843,0.0373379553836139,0.0373105613592663,0.0372788043108579,0.0372445928376117,0.0372100265292281,0.0371772269260161,0.0371481678336609,0.0371245186365203,0.0371075130036466,0.0370978531597608,0.0370956569123517,0.0371004511489308,0.037111211833634,0.0371264469294563,0.0371443154196992,0.0371627729295804,0.0371797325341875,0.0371932282994897,0.03720156899271,0.03720347020816,0.037198154816222,0.0371854140347121,0.0371656243759166,0.0371397190360569,0.0371091157382936,0.0370756063737206,0.0370412167646521,0.0370080472736321,0.0369781066051593,0.0369531518490212,0.0369345475110273,0.0369231549585744,0.0369192614439854,0.036922554808647,0.0369321463421709,0.0369466403611918,0.036964245207258,0.0369829168755961,0.0370005236868378,0.0370150185604041,0.0370246047222338,0.0370278811628418,0.0370239558246161,0.0370125171983227,0.0369938585080459,0.0369688526486191,0.0369388801558239,0.0369057163754977,0.0368713873175409,0.0368380061562212,0.0368076037746683,0.036781967053709,0.0367624977811767,0.0367501032103564,0.0367451266076908,0.0367473228425203,0.0367558804643632,0.036769488077351,0.0367864394352571,0.0368047687880649,0.0368224058076554,0.0368373380448487,0.0368477684014412,0.0368522555556092,0.0368498266123658,0.0368400533605955,0.0368230862534922,0.036799643400667,0.0367709552505304,0.0367386690153807,0.0367047200071753,0.0366711796753986,0.0366400920618511,0.036613311445785,0.0365923540394646,0.0365782756705633,0.0365715854916215,0.0365722030066691,0.0365794622974641,0.0365921635307583,0.036608667944385,0.0366270288739638,0.036645148313612,0.0366609462823505,0.0366725291044095,0.0366783427266009,0.036677298402893,0.0366688603768547,0.0366530883853009,0.0366306316065882,0.0366026747457499,0.0365708409262337,0.0365370595979037,0.036503410473233,0.0364719563411391,0.0364445783473342,0.036422826938954,0.0364078002154293,0.0364000590603574,0.0363995853706149,0.0364057862149937,0.03641754313099,0.0364333022869935,0.0364511981548154,0.0364692008690924,0.0364852757572582,0.0364975427081739,0.036504423148392,0.0365047633897226,0.0364979249203511,0.0364838347031934,0.0364629915461403,0.0364364279130191,0.0364056299224181,0.0363724214944658,0.0363388214172046,0.0363068842977699,0.0362785377581838,0.0362554287006155,0.0362387909361753,0.0362293449524052,0.0362272381754182,0.0362320309304674,0.0362427296570592,0.0362578650829823,0.0362756093281414,0.0362939226177298,0.0363107177318098,0.0363240287439224,0.0363321701603222,0.0363338733176268,0.0363283887745596,0.0363155462821496,0.0362957674844358,0.0362700304705498,0.0362397893156842,0.0362068554597102,0.0361732508596317,0.0361410450613064,0.0361121894988484,0.0360883623749959,0.0360708364295739,0.0360603798847601,0.0360571980603065,0.0360609198295107,0.036070629516663,0.0360849413021881,0.0361021099676883,0.0361201691095544,0.0361370859589463,0.0361509207933149,0.0361599786735172,0.0361629418915437,0.0361589730080678,0.0361477805853206,0.0361296425230016,0.0361053850901193,0.0360763190935415,0.0360441378988463,0.0360107849837727,0.0359783011359004,0.0359486631102122,0.0359236263886638,0.0359045845406452,0.0358924565485857,0.0358876113934147,0.0358898363268742,0.0358983518020881,0.0359118722604853,0.0359287081923701,0.0359469014237983,0.0359643827420382,0.0359791390172834,0.0359893760971349,0.0359936640360221,0.0359910526618187,0.0359811479568753,0.0359641430236301,0.0359408012223387,0.0359123930693065,0.0358805923151231,0.0358473399522929,0.035814687451828,0.0357846320958792,0.0357589577484682,0.0357390937778709,0.0357260031973151,0.0357201085932207,0.0357212612909823,0.035728755734015,0.0357413875027029,0.0357575500486844,0.0357753623119657,0.0357928171254899,0.0358079388398264,0.0358189380043631,0.0358243512442533,0.0358231556394446,0.0358148488544432,0.0357994888466902,0.0357776900178721,0.0357505759553653,0.035719692211052,0.0356868856470485,0.0356541595151137,0.0356235154229311,0.0355967945075572,0.0355755303689954,0.0355608255668538,0.0355532617770355,0.0355528511489149,0.0355590331765716,0.0355707177466202,0.0355863712453155,0.0356041390183001,0.0356219943923235,0.0356379021690472,0.0356499832026031,0.0356566665052591,0.0356568163190067,0.0356498236671779,0.0356356548794657,0.0356148532011469,0.0355884935299011,0.0355580942231153,0.0355254934447832,0.0354927003742877,0.0354617335465888,0.0354344594887138,0.0354124446126929,0.0353968320691299,0.0353882530940889,0.0353867795003986,0.0353919206252662,0.0354026645252024,0.0354175597828675,0.0354348312135148,0.0354525202484801,0.0354686389968359,0.0354813260529954,0.0354889920754723,0.03549044399745,0.0354849783733115,0.0354724366967052,0.0354532183823826,0.0354282502891192,0.0353989149534194,0.0353669428697937,0.0353342769617673,0.0353029196244463,0.0352747742032102,0.0352514933691641,0.0352343464853274,0.0352241167238685,0.0352210364676862,0.0352247665616912,0.0352344214922541,0.0352486388437201,0.0352656877172509,0.0352836075146943,0.0353003658828863,0.0353140229248561,0.0353228881791105,0.0353256574141315,0.0353215179440707,0.0353102138022083,0.0352920654804207,0.0352679427567915,0.035239193050676,0.0352075314192005,0.0351749014237961,0.0351433183913173,0.0351147078939799,0.0350907524914897,0.0350727589282721,0.0350615561591223,0.035057431966197,0.0350601127642998,0.0350687877384633,0.0350821749952494,0.0350986241991415,0.0351162474386349,0.0351330680089524,0.0351471755411627,0.0351568755223145,0.0351608217484306,0.035158121583637,0.035148405963666,0.0351318587344495,0.0351092029730485,0.0350816451871137,0.0350507815020928,0.0350184728908007,0.0349866989574695,0.0349574015640722,0.0349323305274299,0.0349129036226738,0.034900092170615,0.0348943416069648,0.0348955337515822,0.0349029942103559,0.0349155447058501,0.0349315964417343,0.0349492771737037,0.0349665817887055,0.0349815341474715,0.0349923469185048,0.0349975662308511,0.0349961892019055,0.0349877446537474,0.0349723304196874,0.0349506042882926,0.0349237295115889,0.0348932795751392,0.0348611102618369,0.034829209655993,0.0347995384189058,0.0347738733010365,0.0347536664150356,0.0347399313460806,0.0347331648700267,0.034733310097401,0.0347397635171248,0.0347514249526235,0.0347667861346804,0.034784050684163,0.0348012759853261,0.0348165258667678,0.0348280222859543,0.0348342843692988,0.0348342441692016,0.0348273302820457,0.0348135128968718,0.0347933067430644,0.0347677315767092,0.0347382330694011,0.034706570011305,0.0346746763872775,0.0346445089251983,0.0346178919796708,0.0345963719827928,0.0345810931104108,0.0345727042916642,0.0345713053219508,0.0345764367892777,0.0345871150221553,0.0346019095948497,0.0346190573902992,0.0346366041305019,0.0346525619169599,0.0346650699010396,0.0346725448664928,0.034673809297291,0.0346681863631179,0.0346555540233227,0.0346363538841797,0.0346115542383708,0.0345825705326425,0.0345511500141977,0.0345192301986901,0.0344887828462101,0.0344616561720802,0.0344394279940702,0.0344232814574188,0.0344139130001697,0.0344114795131908,0.0344155884533711,0.034425331253142,0.034439357004719,0.0344559803348805,0.0344733148425198,0.0344894216179967,0.0345024613177148,0.0345108380872761,0.0345133243089144,0.0345091566332014,0.0344980959305653,0.0344804465116024,0.0344570330293601,0.0344291366795992,0.0343983954303157,0.0343666758128608,0.0343359260814315,0.0343080221126214,0.0342846181334214,0.0342670141530989,0.034256050818128,0.0342520403705126,0.0342547396042957,0.0342633673879271,0.0342766657127685,0.0342929996378244,0.0343104882358411,0.034327155996263,0.034341092349609,0.034350606217844,0.0343543628482321,0.0343514916351084,0.0343416560539572,0.0343250800126507,0.0343025285823726,0.0342752448806427,0.0342448485060892,0.0342132040569241,0.0341822706398395,0.0341539447047542,0.034129908924325,0.0341114991714644,0.0340996000203899,0.0340945767696725,0.0340962489793508,0.0341039071830618,0.0341163710489911,0.0341320840813322,0.0341492372100521,0.0341659115008772,0.0341802288647155,0.0341904991336356,0.0341953522189213,0.0341938452393652,0.0341855364157292,0.0341705200334268,0.0341494197040235,0.0341233403035348,0.0340937821118476,0.0340625235985168,0.0340314817786891,0.0340025609038768,0.0339775012985789,0.0339577403013397,0.03394429647846,0.0339376865829124,0.0339378822361712,0.0339443101938771,0.0339558965563616,0.0339711516857831,0.033988289197923,0.0340053695061626,0.0340204562695741,0.034031772936349,0.0340378464950383,0.0340376265698124,0.0340305700408517,0.0340166842596415,0.0339965254054003,0.0339711522836128,0.0339420395690218,0.0339109578215418,0.0338798302723909,0.033850578172248,0.0338249672800342,0.0338044678091141,0.0337901388889507,0.033782546478102,0.0337817208782363,0.0337871567914973,0.0337978554985812,0.0338124054751252,0.0338290948517086,0.0338460467639542,0.0338613669915558,0.0338732924500199,0.0338803291179598,0.0338813688392491,0.0338757760628658,0.033863437855719,0.0338447732866817,0.0338207013419686,0.0337925696788981,0.0337620495326155,0.0337310047382706,0.0337013449175323,0.0336748742330833,0.0336531476132288,0.0336373459246723,0.0336281802273742,0.0336258330590239,0.0336299418194968,0.0336396259739774,0.0336535562330993,0.0336700603941256,0.0336872574384388,0.0337032090544826,0.0337160762178563,0.0337242679620021,0.0337265700711624,0.0337222430786168,0.0337110815170008,0.03369342961866,0.033670152314443,0.0336425641056771,0.0336123218592201,0.0335812905005396,0.0335513927121635,0.033524454919723,0.0335020619892299,0.0334854321839607,0.0334753221391042,0.0334719690804414,0.0334750744660484,0.0334838299231619,0.0334969830504392,0.0335129376099164,0.0335298800626992,0.0335459224830079,0.0335592507380809,0.0335682665107785,0.0335717122743367,0.0335687696560216,0.033559123648778,0.0335429877034008,0.0335210876785453,0.0334946057373143,0.0334650883387197,0.0334343252594209,0.0334042088862082,0.0333765846588528,0.0333531043728896,0.0333350939847081,0.0333234465745541,0.0333185492656512,0.0333202502905622,0.0333278692280505,0.0333402499510952,0.0333558523145486,0.0333728753695187,0.0333894022078055,0.033403554657838,0.0334136451519518,0.0334183132566982,0.0334166356003183,0.0334082001435624,0.0333931387292198,0.0333721153468511,0.033346271250304,0.0333171316402358,0.0332864817626823,0.0332562227145053,0.0332282187923867,0.0332041487629229,0.0331853729474928,0.0331728265756346,0.0331669476113737,0.0331676444053402,0.033174305317133,0.0331858491484167,0.033200812083201,0.033217464078988,0.0332339454827715,0.0332484132014022,0.0332591851229818,0.0332648716938083,0.0332644845764554,0.0332575140686284,0.0332439693224082,0.0332243782034723,0.0331997466752239,0.033171480670942,0.03314127630885,0.0331109867967959,0.0330824762709897,0.0330574719574601,0.0330374263260084,0.0330234002768291,0.033015976880779,0.0330152128786211,0.0330206321943378,0.0330312623561152,0.0330457112157523,0.0330622780079969,0.0330790898884148,0.0330942528932578,0.0331060049817737,0.0331128585766583,0.0331137208467417,0.0331079818145062,0.0330955630620476,0.0330769231151856,0.0330530192123514,0.0330252287918156,0.0329952373416827,0.032964901969983,0.0329361019446254,0.0329105883808923,0.0328898451633152,0.0328749721153046,0.0328665994908829,0.0328648402425014,0.0328692834466922,0.0328790290001932,0.0328927604921551,0.0329088502543659,0.0329254881981074,0.0329408243234961,0.0329531138420069,0.0329608537366776,0.0329629002922457,0.0329585585991494,0.0329476371610774,0.0329304633639421,0.0329078585123474,0.0328810742038376,0.032851694775643,0.0328215132063747,0.0327923899827553,0.0327661058761776,0.0327442201888757,0.0327279457546841,0.032718050808666,0.0327147958354635,0.0327179108008101,0.0327266149647723,0.0327396780236555,0.0327555179175596,0.0327723275648889,0.0327882203144782,0.0328013822659483,0.0328102189582536,0.0328134843380897,0.0328103813695689,0.0328006260117136,0.0327844693617656,0.0327626762675979,0.0327364623423513,0.0327073947513801,0.0326772650893379,0.0326479448759647,0.0326212354985022,0.0325987247293054,0.0325816612515863,0.0325708570207986,0.0325666249300397,0.0325687563465207,0.0325765398897496,0.0325888195895402,0.0326040875421769,0.0326206035947493,0.0326365326072429,0.0326500885968177,0.0326596746328784,0.0326640077422454,0.0326622192614303,0.03265392294584,0.0326392455783212,0.0326188176425279,0.0325937246454201,0.0325654226760895,0.0325356245576988,0.032506165277284,0.0324788570813611,0.032455345559858,0.0324369781136223,0.0324246953784881,0.0324189544965309,0.0324196906897002,0.0324263205789891,0.0324377873368649,0.0324526443342212,0.0324691707344845,0.0324855097767451,0.0324998185238577,0.0325104168169441,0.0325159231797972,0.0325153664660143,0.0325082640525714,0.0324946601824424,0.032475121400011,0.0324506896107073,0.032422796812993,0.0323931486895752,0.0323635867397263,0.0323359402858103,0.0323118803748897,0.0322927872864963,0.0322796421012176,0.0322729507113346,0.0322727059576668,0.032278390492483,0.0322890197514592,0.0323032213174746,0.0323193442036829,0.032335589366197,0.0323501512272011,0.0323613592433351,0.0323678086289895,0.0323684702192323,0.0323627710598842,0.0323506395262557,0.0323325114433291,0.0323092966239877,0.0322823082513067,0.0322531603894437,0.0322236414046103,0.0321955730224168,0.032170665982331,0.0321503836598098,0.0321358245530203,0.0321276331817214,0.03212594680093,0.0321303825426161,0.0321400663760935,0.0321537018783941,0.0321696735105844,0.0321861761886401,0.0322013606794118,0.0322134829540008,0.0322210452304317,0.0322229170819167,0.0322184266277196,0.032207414320418,0.0321902449777534,0.0321677772025201,0.0321412928812564,0.0321123927409966,0.0320828666909194,0.0320545496551887,0.0320291746626417,0.0320082350313596,0.0319928665918787,0.0319837591330861,0.0319811037981376,0.0319845802222275,0.031993384035646,0.0320062922067181,0.0320217608089814,0.0320380473737398,0.0320533481978153,0.0320659399303557,0.0320743145203536,0.0320772971708598,0.0320741382667285,0.032064572221553,0.0320488386851619,0.0320276643908639,0.032002206903259,0.0319739644423109,0.0319446585966854,0.0319160989001339,0.0318900397561244,0.0318680409251386,0.0318513426568166,0.0318407655394986,0.0318366433055028,0.0318387942931821,0.0318465342117136,0.0318587295199963,0.0318738873903021,0.0318902751663071,0.0319060597144336,0.0319194553357285,0.0319288681174006,0.0319330248408802,0.0319310758170909,0.0319226631868956,0.0319079491168739,0.0318876016814858,0.031862739754032,0.0318348416200202,0.0318056249849902,0.0317769083265554,0.0317504649564477,0.0317278816122196,0.0317104328757829,0.0316989812878265,0.0316939108362042,0.0316950987424519,0.0317019273898451,0.0317133350791254,0.0317279013084197,0.0317439596711143,0.0317597294306221,0.0317734554973806,0.031783545981196,0.0317886967459607,0.0317879934238085,0.0317809830708917,0.0317677099419637,0.0317487125647485,0.0317249822199434,0.0316978858734537,0.0316690593527964,0.0316402789050917,0.0316133210367709,0.0315898215677448,0.031571145036137,0.0315582749224872,0.0315517336488121,0.0315515390421048,0.0315572010953863,0.0315677596315027,0.031581860135877,0.0315978618538418,0.0316139695208384,0.031628378055484,0.0316394183880293,0.0316456924367609,0.0316461861079522,0.0316403510118035,0.0316281482002341,0.0316100504132477,0.0315870027888593,0.0315603454421414,0.0315317044504136,0.0315028603256939,0.0314756048039665,0.0314515976038528,0.0314322346597273,0.0314185382549121,0.0314110775834089,0.0314099257299331,0.0314146561003622,0.031424378204307,0.0314378096359033,0.0314533783471914,0.0314693470550687,0.0314839500191656,0.0314955315749693,0.0315026757502879,0.0315043170243945,0.0314998237458314,0.0314890477987809,0.031472336652702,0.0314505067688239,0.0314247802716453,0.0313966896143595,0.0313679574670475,0.031340361045011,0.031315591411329,0.0312951188142334,0.0312800747914135,0.0312711605881786,0.0312685894618807,0.0312720678172205,0.0312808170326411,0.0312936345406041,0.0313089894854649,0.0313251453795583,0.0313402998695728,0.0313527302248089,0.0313609326119557,0.0313637436874213,0.0313604344860453,0.0313507688921574,0.0313350219442537,0.031313956586633,0.0312887609428815,0.0312609514434532,0.031232249912559,0.0312044447775126,0.0311792477460232,0.0311581575239181,0.031142341423601,0.031132544128145,0.0311290305817902,0.0311315671803511,0.0311394423704061,0.031151524680287,0.0311663533350471,0.0311822541613085,0.0311974716348932,0.0312103067835668,0.0312192502943465,0.0312231006013081,0.0312210579053683,0.0312127869131912,0.0311984434462411,0.0311786627963428,0.0311545106001254,0.0311273998676522,0.0310989804245427,0.031071009215415,0.0310452114955854,0.031023143771187,0.0310060693500458,0.0309948565125267,0.0309899076448399,0.0309911253048603,0.0309979182827478,0.0310092475002961,0.0310237083264816,0.0310396428499102,0.0310552731084251,0.0310688444617168,0.0310787673743421,0.0310837459481507,0.031082882610589,0.0310757503423338,0.0310624265427372,0.0310434858443745,0.0310199526142286,0.0309932172183074,0.0309649230900628,0.0309368339805037,0.0309106922898625,0.0308880799757548,0.0308702931748109,0.0308582404202994,0.0308523723158482,0.0308526479201626,0.0308585401336725,0.0308690792980284,0.0308829312644562,0.0308985035771653,0.0309140713368294,0.030927912894054,0.0309384448600221,0.0309443460439813,0.0309446608144004,0.0309388739614358,0.0309269512971272,0.0309093428141211,0.03088694805367,0.0308610462103666,0.0308331962182129,0.0308051144189717,0.0307785392276291,0.030755093332429,0.0307361542941227,0.0307227438911327,0.0307154452073224,0.0307143543582664,0.030719071048406,0.0307287290514055,0.0307420644578894,0.0307575164081377,0.0307733522912538,0.0307878072917492,0.0307992268951868,0.0308062006520044,0.0308076761820027,0.0308030440288198,0.0307921864048213,0.0307754858897168,0.0307537934944,0.030728358879807,0.0307007286333128,0.0306726210861409,0.0306457879924583,0.030621874344481,0.0306022876090016,0.0305880867615824,0.0305798997652034,0.0305778757548494,0.0305816753603007,0.0305904995636539,0.0306031544861009,0.0306181467560985,0.0306338018245101,0.0306483959183643,0.0306602913716375,0.0306680648925916,0.0306706189212249,0.0306672675440264,0.0306577903678872,0.0306424501736412,0.030621972903866,0.0305974913979132,0.0305704570660946,0.0305425261914958,0.0305154295730731,0.0304908356156181,0.0304702176085302,0.0304547357449922,0.0304451434056978,0.0304417254223392,0.0304442735672216,0.0304521015688096,0.0304640987595918,0.0304788182841713,0.0304945929039672,0.0305096690857131,0.0305223484683399,0.0305311251185144,0.0305348072814008,0.0305326135945862,0.0305242358553811,0.0305098632299199,0.030490166019307,0.0304662404680256,0.0304395193180343,0.0304116556019866,0.0303843892973836,0.0303594077602212,0.0303382112300909,0.0303219941408351,0.0303115515544768,0.0303072179032004,0.0303088425667899,0.0303158038557332,0.030327059951724,0.0303412325103405,0.0303567161666638,0.0303718052765532,0.0303848279985718,0.0303942773456031,0.0303989291295977,0.0303979377562282,0.0303909025201696,0.0303778992847663,0.030359475043867,0.0303366056740071,0.0303106199928354,0.0302830958436151,0.0302557361337178,0.0302302343951222,0.030208140367564,0.0301907362367761,0.0301789334563118,0.030173198573377,0.030173514265168,0.0301793790315486,0.0301898458929986,0.0302035972569643,0.0302190501082312,0.0302344831135213,0.0302481753406358,0.0302585452556369,0.0302642785794638,0.0302644344742601,0.0302585213186955,0.0302465358690707,0.0302289626678233,0.0302067338821815,0.0301811530387656,0.0301537890780733,0.0301263495363065,0.0301005432792984,0.0300779439448688,0.0300598650545347,0.0300472566707768,0.0300406316152983,0.0300400268017311,0.0300450023896754,0.0300546784718633,0.0300678060957854,0.0300828668113101,0.0300981928121198,0.0301120982456523,0.0301230114987582,0.0301295982646415,0.0301308659472758,0.030126241399728,0.0301156160167459,0.0300993546669141,0.0300782676830843,0.0300535479389296,0.0300266777235343,0.0299993124883768,0.0299731504017689,0.0299497978527966,0.0299306414893379,0.0299167369956923,0.0299087236205847,0.0299067715274318,0.0299105664902,0.0299193334892309,0.0299318976058598,0.0299467775336508,0.0299623042843584,0.0299767555138147,0.029988494524366,0.029996102546597,0.0299984934140263,0.0299950011852647,0.0299854335193,0.0299700864753903,0.029949719635478,0.0299254937478463,0.0298988761773217,0.0298715220565412,0.0298451409498395,0.0298213599162268,0.0298015940181741,0.0297869345776522,0.0297780639170855,0.0297752030924146,0.0297780964271213,0.0297860337160561,0.0297979080206372,0.0298123042480325,0.029827611395719,0.0298421496087966,0.0298543021520293,0.0298626421012449,0.0298660440175359,0.0298637720410518,0.0298555376404998,0.0298415225499541,0.0298223650538689,0.0297991105598396,0.0297731301308534,0.0297460131369644,0.0297194422429504,0.0296950604094668,0.0296743403238584,0.0296584666169818,0.0296482403461187,0.0296440135756943,0.0296456595747625,0.0296525813408496,0.0296637580725626,0.0296778261010008,0.0296931879169596,0.029708140548765,0.0297210128692415,0.0297303005979335,0.0297347879004523,0.029733645569557,0.0297264977137654,0.0297134515104073,0.0296950876694575,0.029672412530139,0.0296467758868986,0.0296197614402047,0.029593058954492,0.0295683286047776,0.0295470685053609,0.0295304960180443,0.0295194521898805,0.0295143366959516,0.0295150781404505,0.0295211417173939,0.0295315732851916,0.029545076096939,0.0295601139578344,0.0295750326243702,0.0295881899467501,0.0295980846685404,0.0296034739657074,0.0296034707072266,0.0295976129780775,0.0295859005076187,0.02956879514432,0.0295471852385489,0.0295223165474115,0.0294956948603173,0.0294689677675942,0.0294437946847902,0.0294217152639378,0.0294040265756082,0.0293916788893748,0.0293851985324581,0.0293846442489525,0.0293896008617791,0.0293992110578393,0.0294122430136288,0.0294271886113563,0.0294423844195556,0.0294561456572857,0.0294669022099996,0.0294733255329607,0.0294744359958369,0.029469681833385,0.0294589832334947,0.0294427380086361,0.0294217885042068,0.0293973526158735,0.0293709247367234,0.0293441548815186,0.0293187159403636,0.0292961698685438,0.0292778435726922,0.0292647243327187,0.0292573829027633,0.0292559301215898,0.0292600101359736,0.0292688304280403,0.0292812259707903,0.0292957522317101,0.0293107995890551,0.029324720165037,0.0293359572139977,0.0293431670803943,0.0293453243580296,0.0293418021857122,0.0293324215074136,0.0293174654712592,0.0292976577764767,0.0292741065161479,0.0292482177118671,0.0292215851006701,0.0291958646346179,0.0291726434353517,0.029153313496167,0.0291389601801127,0.0291302745204998,0.0291274965488142,0.0291303944747792,0.0291382817018829,0.0291500706020422,0.0291643589475305,0.0291795421660242,0.0291939423866256,0.029205943781424,0.0292141231176783,0.0292173647839487,0.0292149508187022,0.0292066185466506,0.0291925811354583,0.0291735094843455,0.0291504770739107,0.0291248724623742,0.0290982867453262,0.0290723852836643,0.0290487741894148,0.0290288723595013,0.0290137992609065,0.0290042872704751,0.0290006252961402,0.0290026378386543,0.0290097008104179,0.0290207925404069,0.0290345756853187,0.0290495034371765,0.029063941628854,0.0290762972068804,0.0290851431317919,0.0290893300966423,0.0290880764916346,0.0290810297079863,0.0290682940459758,0.0290504230161395,0.0290283765212515,0.0290034460897455,0.0289771538055938,0.0289511326604444,0.0289269975766081,0.0289062171846194,0.0288899965041823,0.0288791799456189,0.0288741825547864,0.0288749552638953,0.0288809872385301,0.0288913454332424,0.028904748426019,0.0289196687527769,0.0289344555550846,0.0289474676036048,0.0289572058294538,0.0289624344793061,0.0289622809202095,0.0289563058844327,0.0289445384113575,0.028927472695361,0.0289060272252116,0.0288814697231911,0.0288553141911812,0.0288291986096354,0.0288047533319201,0.0287834708594751,0.0287665874390446,0.0287549858354409,0.0287491268142981,0.0287490144869263,0.028754197929733,0.0287638086191724,0.0287766304454988,0.028791196592453,0.0288059055712512,0.0288191473102009,0.0288294295125544,0.0288354945411112,0.0288364178541429,0.0288316804406898,0.0288212096787595,0.0288053854268138,0.0287850107898843,0.0287612496918001,0.0287355359415235,0.0287094607154507,0.0286846471166199,0.0286626215740354,0.0286446922105801,0.0286318438873527,0.0286246584349364,0.0286232666793189,0.0286273363943045,0.0286360974504078,0.0286484024106617,0.0286628178971731,0.0286777394698696,0.028691520749751,0.0287026062678653,0.0287096571492652,0.0287116592927937,0.0287080051427271,0.028698542345552,0.0286835853527719,0.0286638891247254,0.0286405872388435,0.0286150996342694,0.0285890176831385,0.0285639760638,0.0285415218844736,0.0285229916036847,0.0285094055301376,0.0285013881456585,0.028499120327287,0.0285023269403277,0.0285103004514008,0.0285219583944669,0.0285359299282574,0.0285506645394238,0.028564554322896,0.0285760603139595,0.0285838331098884,0.02858681850685,0.0285843400464235,0.0285761521278832,0.0285624595711361,0.0285439020531989,0.028521504508876,0.0284965971937722,0.0284707114658387,0.028445459273435,0.0284224056899148,0.0284029444887697,0.0283881866385664,0.0283788706995543,0.0283753024727544,0.0283773289978754,0.0283843492843925,0.0283953612010432,0.0284090409831037,0.028423849095887,0.0284381539565325,0.028450363468028,0.0284590536060384,0.0284630834935242,0.0284616874920796,0.0284545367427219,0.0284417651385579,0.0284239576837363,0.0284021023254011,0.02837750936349,0.028351705186765,0.0283263091309951,0.0283029035432858,0.0282829075728313,0.028267464776461,0.0282573533853042,0.028252926150948,0.0282540842503217,0.0282602869872939,0.0282705962086495,0.0282837516713361,0.0282982712549653,0.0283125680731987,0.0283250753226167,0.028334369192625,0.0283392803690142,0.0283389855711749,0.028333072096614,0.0283215703940654,0.0283049521034294,0.0282840936179224,0.0282602078562334,0.0282347493897208,0.0282093001681581,0.0281854446638942,0.0281646441781627,0.0281481202375198,0.0281367564173442,0.0281310265851287,0.0281309555430657,0.0281361155112647,0.0281456590253178,0.0281583858562604,0.0281728387437853,0.0281874203073016,0.0282005216804435,0.0282106523730231,0.0282165607048962,0.0282173349032712,0.0282124765490331,0.0282019403609075,0.0281861371172814,0.0281658995886447,0.0281424144206592,0.0281171257019279,0.0280916182326349,0.0280674900927268,0.0280462248721761,0.0280290738278503,0.028016957301865,0.0280103930724599,0.0280094570639038,0.0280137792127442,0.0280225744938485,0.0280347063732467,0.0280487774818745,0.0280632402708907,0.0280765189526057,0.0280871332446529,0.0280938143638691,0.0280956043545192,0.0280919311283556,0.0280826534438511,0.0280680723263215,0.0280489079702836,0.0280262437920416,0.0280014418259519,0.0279760358961184,0.0279516107752757,0.0279296767213655,0.0279115492551697,0.0278982437527524,0.0278903933740333,0.0278881970941932,0.0278914022692791,0.0278993234266001,0.0279108960405365,0.0279247611753487,0.0279393742938029,0.0279531294723133,0.0279644889189576,0.0279721071891062,0.0279749398888237,0.0279723279217773,0.0279640503652904,0.0279503416800583,0.0279318719361616,0.0279096918129818,0.0278851470332718,0.027859769372973,0.0278351532430546,0.0278128279227505,0.0277941357603029,0.0277801260473188,0.0277714728879115,0.0277684233584974,0.027770779771046,0.0277779171221368,0.0277888340511469,0.027802233053964,0.0278166234922204,0.0278304392570295,0.0278421619022485,0.0278504397173467,0.0278541935754364,0.0278527014312373,0.0278456549770344,0.0278331840749746,0.0278158470225128,0.027794587302228,0.0277706600322353,0.0277455336827225,0.0277207745824137,0.0276979231525931,0.0276783715550962,0.0276632524479831,0.027653347785891,0.0276490251191281,0.0276502067349035,0.0276563743998477,0.0276666096043257,0.0276796663062773,0.0276940704700884,0.0277082384305726,0.0277206044885435,0.0277297473149872,0.0277345047881397,0.0277340678164512,0.0277280454357491,0.0277164958628561,0.027699921031616,0.0276792251799878,0.0276556410310158,0.0276306297584853,0.0276057630272538,0.0275825967804285,0.0275625470094838,0.0275467774598349,0.0275361081374289,0.027530951701566,0.0275312825195411,0.0275366405201217,0.0275461692318513,0.0275586847432454,0.0275727699719617,0.0275868867462355,0.0275994969118848,0.0276091830632864,0.0276147595878786,0.027615365492858,0.0276105318868773,0.0276002189159431,0.0275848192648965,0.027565127870636,0.0275422800701079,0.027517662839294,0.0274928058898272,0.0274692610161503,0.027448479095031,0.0274316944361795,0.0274198257229024,0.0274134015794746,0.0274125169330537,0.0274168239363966,0.0274255584644912,0.0274376003109588,0.0274515624263815,0.027465902100396,0.027479045112182,0.0274895127342576,0.0274960411821605,0.0274976836910159,0.0274938868243755,0.0274845347614738,0.0274699579818398,0.0274509057366859,0.0274284847025428,0.0274040689912485,0.0273791890047987,0.0273554082847947,0.0273341983870101,0.0273168218550132,0.0273042325883899,0.0272970013854938,0.0272952723324745,0.0272987531962811,0.0273067402694846,0.027318175424369,0.0273317306662711,0.0273459134111088,0.0273591841927126,0.0273700776305568,0.0273773173073507,0.0273799157194623,0.027377251626012,0.02736911884773,0.0273557427304487,0.0273377629369034,0.0273161837907953,0.0272922958863817,0.0272675749143151,0.0272435654710528,0.0272217588690882,0.0272034745379952,0.0271897544391226,0.0271812790029368,0.027178311489641,0.0271806754798881,0.0271877675834412,0.0271986046131748,0.0272119016421572,0.0272261747846344,0.0272398604451681,0.0272514413533903,0.027259569078597,0.0272631729628818,0.0272615465117918,0.0272544041483219,0.0272419037084021,0.0272246329161801,0.0272035610730798,0.0271799600641632,0.027155301283233,0.0271311369959577,0.0271089758450512,0.0270901625677974,0.0270757715324139,0.0270665224659684,0.0270627248651171,0.0270642552218268,0.0270705685595196,0.0270807430740703,0.0270935541180937,0.0271075715453978,0.0271212727022552,0.0271331622284004,0.0271418893816448,0.0271463538455858,0.0271457918925777,0.0271398362825441,0.0271285452724097,0.0271123984494883,0.0270922596202533,0.0270693095045081,0.0270449533214483,0.0270207103340161,0.026998093887226,0.0269784913125383,0.0269630531931387,0.0269526008638805,0.026947559681009,0.0269479236269914,0.02695325435729,0.026962715038558,0.0269751364932028,0.0269891104890938,0.0270031027264841,0.0270155763819077,0.027025116129787,0.027030542470244,0.0270310069631447,0.0270260605416325,0.027015689318267,0.0270003150090397,0.026980760047988,0.026958180389783,0.0269339716451881,0.0269096563391904,0.0268867615495808,0.0268666968654761,0.0268506424619786,0.0268394561510351,0.0268336066355691,0.0268331380151587,0.0268376680574008,0.0268464200695933,0.026858285592364,0.0268719127860233,0.0268858134597731,0.0268984803349096,0.0269085054229867,0.0269146903777805,0.026916140335871,0.0269123340394459,0.0269031648412884,0.0268889493974588,0.0268704033026611,0.0268485854429985,0.0268248152489247,0.0268005691499997,0.026777364201257,0.0267566379342442,0.0267396338870696,0.0267273019364095,0.026720221494454,0.0267185539082232,0.0267220281283012,0.0267299610703074,0.0267413112842147,0.0267547618050056,0.0267688256169074,0.0267819652379924,0.0267927166988359,0.0267998077665619,0.02680226070101,0.0267994710929427,0.0267912563192281,0.0267778696845947,0.0267599791812792,0.0267386127353741,0.0267150745662928,0.026690839628116,0.0266674348345258,0.0266463167569855,0.0266287556612279,0.026615735114602,0.0266078750296924,0.0266053840389479,0.0266080446961021,0.0266152323744772,0.0266259660904951,0.0266389870257308,0.0266528584328891,0.0266660790357584,0.0266772010734487,0.0266849438515214,0.0266882940559461,0.0266865851235405,0.0266795495657952,0.026667340195627,0.0266505185627437,0.0266300113959985,0.0266070383026203,0.0265830162062886,0.0265594478510728,0.0265378030105244,0.0265194017079702,0.026505308706985,0.0264962477535894,0.0264925425844249,0.0264940896562195,0.0265003650516317,0.0265104652691202,0.0265231788327417,0.026537083095385,0.0265506584796107,0.0265624108960221,0.0265709923409536,0.0265753097779283,0.0265746133505413,0.0265685566818277,0.0265572243401539,0.0265411242911242,0.0265211460680903,0.0264984882259092,0.0264745611494221,0.0264508732594478,0.0264289099365831,0.0264100149730961,0.0263952840420996,0.0263854785875176,0.0263809667972161,0.0263816960844229,0.0263871989617887,0.0263966315552307,0.0264088414764112,0.0264224595413232,0.0264360080472681,0.0264480171219516,0.0264571401115994,0.0264622591065356,0.0264625724925428,0.026457657801211,0.0264475050111006,0.0264325176904938,0.026413481813399,0.0263915045493376,0.0263679276457993,0.026344222018429,0.0263218716841826,0.0263022560915193,0.026286540132827,0.0262755806306032,0.0262698568888483,0.02626943107092,0.0262739418351753,0.02628263200625,0.0262944082940625,0.0263079284243094,0.0263217087421707,0.026334243601165,0.0263441268124618,0.0263501652061513,0.0263514749733453,0.026347552870173,0.026338316453153,0.0263241100990481,0.0263056764136416,0.0262840955022297,0.0262606972109524,0.0262369536293115,0.026214360692224,0.0261943185157426,0.0261780200925053,0.0261663571808537,0.0261598507304528,0.0261586111383135,0.0261623312029089,0.0261703120414591,0.0261815196627661,0.0261946675400523,0.0262083185759535,0.0262209984302862,0.0262313113826016,0.0262380497709049,0.0262402885835314,0.0262374579368017,0.0262293878600043,0.0262163219098322,0.0261988984995168,0.0261781012861201,0.0261551823369353,0.0261315639187963,0.0261087264609896,0.0260880913960549,0.0260709080814822,0.0260581537933239,0.0260504548572899,0.0260480353972109,0.0260506980432982,0.0260578384118322,0.0260684924421292,0.0260814129795267,0.0260951695538579,0.0261082633356521,0.0261192479353448,0.0261268461688876,0.0261300532039103,0.0261282176070095,0.0261210936431557,0.0261088605738253,0.0260921074514086,0.0260717847729623,0.0260491270874592,0.0260255530134156,0.0260025509202804,0.025981559613988,0.0259638536677675,0.0259504425477723,0.0259419914606712,0.0259387700159602,0.0259406325129972,0.0259470311243445,0.0259570606585328,0.0259695311479175,0.0259830624016592,0.0259961930378992,0.0260074954701579,0.0260156879336608,0.0260197349149778,0.026018928264817,0.0260129427579198,0.0260018618067154,0.0259861712975004,0.0259667219394955,0.0259446629264858,0.0259213519338152,0.0258982483437342,0.0258767979620772,0.025858318243117,0.0258438931038793,0.0258342857609224,0.0258298766933115,0.0258306319115843,0.0258361043322849,0.0258454684043192,0.0258575854210049,0.0258710944083861,0.0258845213266934,0.025896397749994,0.0259053793445734,0.0259103544333436,0.0259105337240849,0.0259055138309688,0.0258953093992086,0.025880351260985,0.0258614508770286,0.0258397341058228,0.02581654985119,0.0257933611573005,0.0257716276837266,0.0257526890989536,0.0257376587448806,0.0257273359825977,0.0257221440283594,0.0257220979754873,0.0257268052553907,0.0257354982196222,0.0257470960271809,0.0257602907855096,0.0257736510807503,0.0257857347664281,0.0257952022399592,0.025800921457406,0.0258020566071422,0.0257981336276269,0.0257890775194803,0.0257752185411689,0.0257572667393031,0.0257362566809433,0.0257134665521016,0.0256903177939974,0.0256682630127429,0.0256486708920538,0.0256327171728497,0.0256212903941799,0.0256149200254411,0.0256137329248296,0.025617441852713,0.0256253672182643,0.0256364905459021,0.025649535536623,0.0256630702907555,0.0256756224565936,0.0256857979391279,0.0256923934539431,0.0256944936834489,0.0256915450516406,0.0256834000729774,0.0256703286827967,0.0256529957068932,0.0256324064360583,0.0256098248934181,0.0255866715940247,0.0255644092141916,0.0255444254868526,0.0255279227592831,0.0255158229992509,0.0255086956873772,0.0255067141146834,0.0255096432845301,0.0255168600928347,0.0255274039322061,0.0255400535277795,0.0255534238355463,0.0255660753553545,0.0255766273278791,0.0255838660505142,0.0255868399674078,0.0255849342248283,0.0255779189553658,0.0255659675492633,0.0255496434472369,0.0255298563853244,0.0255077913667903,0.025484815757133,0.0254623716358474,0.0254418617554203,0.0254245380498048,0.0254114015392128,0.025403121683294,0.0253999817834926,0.0254018550262258,0.0254082133398871,0.0254181685992047,0.0254305430641903,0.0254439635103267,0.0254569715037603,0.0254681408813866,0.0254761928420985,0.0254800992090054,0.0254791653775883,0.0254730861427553,0.0254619698547381,0.0254463289929164,0.0254270380371702,0.0254052622149619,0.0253823630768283,0.0253597887038361,0.0253389575295217,0.0253211451799659,0.0253073833814553,0.0252983789039476,0.0252944588073877,0.0252955460906813,0.0253011673945464,0.0253104918790866,0.0253223979824912,0.0253355626489534,0.0253485659423679,0.0253600028498918,0.0253685935947724,0.0253732839448467,0.0253733278008281,0.0253683457140751,0.0253583548164608,0.0253437678136364,0.0253253610433598,0.0253042139655087,0.0252816246591306,0.025259007790274,0.025237782935563,0.0252192619822376,0.0252045444970067,0.0251944294325384,0.025189350343991,0.0251893394951555,0.0251940239726557,0.0252026543696251,0.0252141639523601,0.0252272537048421,0.0252404964736947,0.0252524518033632,0.0252617821081162,0.0252673606664648,0.0252683625679549,0.0252643311423361,0.0252552144376501,0.0252413688093931,0.0252235294192404,0.0252027501803339,0.025180318190317,0.0251576497506786,0.0251361765124335,0.0251172310029119,0.0251019407329024,0.0250911392809351,0.0250853012871089,0.0250845062989269,0.0250884340686907,0.0250963914003719,0.0251073681822106,0.0251201180065162,0.0251332569326296,0.0251453726196304,0.0251551353279057,0.0251614022044685,0.0251633068218539,0.0251603270872447,0.0251523262909281,0.0251395641021378,0.0251226766012696,0.0251026267985986,0.0250806293610483,0.0250580552827593,0.0250363238384537,0.0250167902221739,0.0250006377046036,0.0249887828901613,0.024981801720799,0.0249798823112878,0.0249828086188473,0.0249899765044841,0.0250004411272516,0.0250129920407918,0.0250262500517403,0.0250387780537072,0.0250491968365967,0.0250562964045661,0.0250591336675703,0.0250571084801679,0.0250500117942035,0.0250380420140078,0.0250217882907083,0.0250021822349398,0.024980422126515,0.0249578759332244,0.0249359711329907,0.0249160803308869,0.0248994119052065,0.0248869144022627,0.0248792021885935,0.0248765080786972,0.0248786664461595,0.0248851278822762,0.0248950039869003,0.0249071385521554,0.0249201994022944,0.024932783623247,0.0249435279548799,0.0249512157862522,0.0249548725024232,0.0249538418498399,0.0249478374448058,0.0249369654399318,0.0249217165521151,0.0249029279871372,0.0248817181034448,0.0248593987726421,0.0248373721581288,0.024817019907952,0.024799593436038,0.0247861139801936,0.0247772904559437,0.0247734618061388,0.0247745686646629,0.0247801568462593,0.0247894126219956,0.0248012271469418,0.0248142849904975,0.0248271696896254,0.0248384777830709,0.0248469320267811,0.0248514845126834,0.0248514012210644,0.0248463210661919,0.0248362846150806,0.0248217301858292,0.0248034577434645,0.0247825636708738,0.0247603518711913,0.0247382285562127,0.024717589339663,0.024699707789977,0.0246856343749556,0.0246761137859976,0.0246715270590575,0.0246718628575839,0.0246767199270296,0.024685340263502,0.0246966701530551,0.0247094441117213,0.024722285043078,0.02473381274852,0.0247427523510943,0.024748034256067,0.0247488779549683,0.0247448532287222,0.0247359140280976,0.0247224023837917,0.0247050219766515,0.0246847833173646,0.0246629246757879,0.024640814800997,0.0246198449390204,0.0246013185669054,0.0245863475354873,0.0245757629097167,0.0245700477274656,0.0245692972328871,0.0245732099976448,0.0245811108845538,0.0245920042277909,0.0246046531144173,0.0246176784668627,0.0246296699396015,0.0246392996103108,0.0246454291649577,0.0246472017798724,0.024644111154822,0.0246360420449199,0.0246232790126053,0.0246064827659814,0.0245866361346666,0.0245649642261601,0.0245428353934854,0.024521651156921,0.0245027340412795,0.0244872223604146,0.0244759803130589,0.0244695304228723,0.0244680134873131,0.0244711789590389,0.0244784062562277,0.0244887550770361,0.0245010405636293,0.0245139272872468,0.0245260346392026,0.0245360454043744,0.0245428091097781,0.0245454321834071,0.024543347988754,0.0245363613411462,0.0245246640520836,0.0245088202483767,0.0244897225167294,0.0244685221657839,0.0244465389127493,0.0244251569385591,0.0244057153838282,0.0243894018798968,0.0243771575691404,0.0243696012596263,0.0243669789265712,0.0243691428143424,0.0243755620526459,0.0243853641625127,0.0243974042989551,0.0244103567716752,0.0244228215032781,0.0244334367948444,0.0244409891926858,0.0244445114476179,0.0244433605208844,0.0244372692395898,0.0244263673965082,0.0244111706327169,0.024392538114916,0.0243716025910027,0.0243496786571403,0.0243281568081303,0.0243083919300565,0.0242915952518118,0.0242787383881804,0.0242704770319795,0.0242671001914526,0.0242685087691051,0.024274224917355,0.0242834311777437,0.024295036104545,0.0243077610627121,0.024320241315982,0.0243311334880313,0.0243392210519968,0.0243435097030536,0.0243433052733633,0.0243382681948586,0.0243284403026752,0.0243142418717841,0.0242964390428233,0.0242760840597287,0.0242544328473297,0.0242328462435858,0.0242126825286308,0.0241951896508369,0.0241814056673319,0.024172075367322,0.0241675898558102,0.0241679541195771,0.0241727854033188,0.0241813427600163,0.0241925856041779,0.0242052567002277,0.0242179829668382,0.0242293859541409,0.0242381929956871,0.0242433399350065,0.0242440569944175,0.0242399307384054,0.0242309370673178,0.0242174425881068,0.0242001743375648,0.024180160450842,0.0241586467470877,0.0241369961426137,0.0241165791419165,0.0240986642977554,0.0240843174351649,0.0240743176257537,0.0240690964605714,0.024068705234288,0.0240728123891088,0.0240807311618814,0.024091475023446,0.0241038363730009,0.0241164822052543,0.0241280592242566,0.0241373002160209,0.0241431234500725,0.0241447174516859,0.0241416046236005,0.0241336788128549,0.0241212138983508,0.0241048426768629,0.0240855075925824,0.0240643870243329,0.0240428027555934,0.0240221157595433,0.0240036184129704,0.0239884316211243,0.0239774150457713,0.0239710976858392,0.0239696345217008,0.0239727929088065,0.0239799700457084,0.0239902403309124,0.0240024289681498,0.0240152059892594,0.0240271931314171,0.0240370748889648,0.024043704665002,0.0240461973168607,0.0240440004969195,0.0240369389441751,0.0240252281321018,0.0240094562283969,0.0239905359489552,0.0239696303634885,0.023948058822398,0.0239271907491741,0.0239083359561387,0.0238926403305035,0.0238809952023098,0.023873967507635,0.0238717561138146,0.0238741775336242,0.0238806819026364,0.0238903977171243,0.0239022016123072,0.0239148075658939,0.0239268684734106,0.0239370821553012,0.0239442935748073,0.023947585380336,0.0239463498046113,0.0239403363847823,0.0239296718082916,0.0239148503068097,0.0238966952641447,0.0238762949128212,0.0238549170070088,0.0238339090251614,0.0238145916425516,0.0237981538209781,0.0237855578292833,0.0237774618197481,0.0237741662788151,0.0237755888333415,0.0237812696596762,0.0237904072858443,0.0238019220960016,0.0238145425499339,0.0238269072179586,0.0238376743735987,0.0238456302086248,0.0238497868055805,0.0238494618240793,0.0238443333636335,0.0238344655287447,0.0238203026610033,0.0238026328042685,0.0237825235064477,0.0237612353178161,0.0237401201324877,0.0237205126919905,0.023703624040043,0.0236904454605657,0.0236816704858216,0.0236776410237102,0.0236783216628864,0.0236833039417229,0.0236918399968352,0.0237029027243754,0.0237152675647199,0.0237276094046606,0.023738606991377,0.0237470467383697,0.0237519179007883,0.0237524917903698,0.0237483789335606,0.0237395597597461,0.0237263864186684,0.02370955552285,0.023690053834546,0.0236690810066426,0.0236479552887317,0.0236280094844848,0.0236104852809789,0.0235964342871762,0.0235866336841696,0.0235815233217337,0.0235811694630824,0.0235852582985852,0.0235931199770605,0.0236037814280805,0.0236160438755701,0.0236285788761624,0.0236400351387519,0.0236491474382266,0.0236548387163916,0.0236563069939876,0.0236530899598034,0.0236451019527187,0.0236326403498634,0.023616360917745,0.0235972242507249,0.0235764177911025,0.0235552598971247,0.0235350938375637,0.0235171803342974,0.0235025972982353,0.0234921547230429,0.0234863313895296,0.0234852382149758,0.0234886109146898,0.0234958323074083,0.0235059822771318,0.0235179112786582,0.0235303314990176,0.0235419184863134,0.0235514153163555,0.0235577312284516,0.0235600271250287,0.0235577813553322,0.0235508307137822,0.0235393834691776,0.0235240033668396,0.0235055657604485,0.0234851891745274,0.0234641475148503,0.0234437696865215,0.0234253344243891,0.0234099685969667,0.0233985570638665,0.023391671345962,0.0233895229546708,0.0233919453180889,0.0233984059784523,0.0234080482952201,0.0234197594710781,0.0234322595295445,0.0234442041032773,0.0234542926999611,0.0234613736091712,0.0234645368519607,0.0234631875427729,0.0234570936512049,0.0234464042796123,0.0234316370251013,0.0234136355569087,0.0233935009912796,0.0233725027766885,0.0233519764348667,0.023333216506422,0.0233173733510321,0.0233053620421489,0.0232977905265271,0.0232949125939585,0.0232966091672081,0.0233023991478071,0.0233114787239762,0.0233227858442169,0.0233350846485075,0.0233470631644978,0.0233574366179864,0.0233650483343719,0.0233689604380231,0.0233685273654214,0.0233634465323135,0.0233537822369682,0.0233399609156067,0.0233227380474249,0.0233031391797171,0.0232823795504123,0.0232617684749571,0.0232426059041182,0.0232260792453315,0.0232131686075257,0.0232045680576261,0.02320062929388,0.0232013324235605,0.0232062864041668,0.0232147593318686,0.0232257363309651,0.0232380005171526,0.0232502305717725,0.0232611070447988,0.0232694187310541,0.0232741604133975,0.023274613951922,0.0232704060663373,0.0232615380931412,0.0232483853309933,0.0232316661127792,0.0232123832419891,0.0231917426899319,0.0231710562788534,0.0231516363248668,0.0231346907883222,0.0231212273439303,0.02311197396669,0.0231073222165307,0.0231072975242377,0.0231115585955678,0.0231194257391479,0.0231299356694353,0.0231419183098846,0.0231540894702889,0.0231651521098139,0.0231738982980614,0.0231793039838923,0.023180609267476,0.0231773779967093,0.0231695320904223,0.0231573579129854,0.0231414841508474,0.0231228328196731,0.0231025471037955,0.0230819015440375,0.0230622015059677,0.02304467976327,0.0230303983398921,0.0230201634317133,0.0230144602823566,0.0230134133763088,0.023016775341438,0.0230239456709148,0.0230340179625614,0.0230458520308608,0.0230581651725829,0.0230696352427733,0.0230790071707903,0.0230851942140363,0.0230873656477719,0.0230850136949874,0.0230779942178431,0.0230665378732898,0.0230512308899374,0.0230329671378033,0.0230128755202004,0.0229922287167573,0.0229723407821053,0.0229544619400759,0.0229396790511893,0.022928829676948,0.0229224364805762,0.0229206670016086,0.0229233217706058,0.0229298514634474,0.0229394015147355,0.0229508804931968,0.0229630467445683,0.0229746064552703,0.0229843154725204,0.0229910769828997,0.0229940275099931,0.0229926046095743,0.0229865910470731,0.0229761320333991,0.0229617241433704,0.0229441767005348,0.0229245485281212,0.0229040648828324,0.0228840209603288,0.022865679464184,0.0228501702704928,0.0228384001440212,0.0228309797588991,0.0228281739849165,0.0228298796056862,0.0228356324696609,0.0228446437089433,0.0228558622872019,0.0228680589565221,0.0228799249013405,0.0228901770857833,0.0228976617162363,0.0229014473459987,0.0229008999818479,0.0228957340356124,0.0228860349697046,0.0228722518390449,0.022855160427992,0.0228358001039384,0.0228153896516256,0.0227952290339596,0.0227765951100319,0.0227606397491212,0.0227482984919502,0.0227402169679068,0.0227367007722758,0.0227376925758062,0.022742778044281,0.0227512198676745,0.0227620170157464,0.0227739844137165,0.0227858467059843,0.0227963387510673,0.0228043050318031,0.0228087902949239,0.0228091144360039,0.0228049258634864,0.022796229218669,0.0227833852789696,0.0227670829904297,0.0227482857103024,0.0227281557361762,0.0227079629053139,0.0226889843346106,0.0226724031325665,0.0226592140796723,0.0226501438144834,0.0226455919981165,0.0226455983281413,0.0226498382490369,0.0226576479161189,0.022668076596297,0.0226799624286457,0.0226920255137075,0.0227029708245285,0.022711592570439,0.0227168714802426,0.022718057026993,0.0227147278495097,0.0227068254317859,0.0226946583243865,0.0226788766382736,0.0226604189984774,0.0226404364004483,0.0226201992748632,0.0226009953843728,0.0225840268472533,0.0225703145651658,0.0225606176419002,0.0225553740893834,0.0225546673459205,0.0225582210345204,0.0225654221404917,0.022575370566272,0.0225869509963188,0.0225989213234116,0.0226100106671761,0.0226190193366748,0.0226249129914749,0.0226269037376725,0.0226245119148474,0.0226176038094466,0.0226064023625425,0.0225914699946714,0.0225736648008562,0.0225540734205554,0.0225339257083247,0.0225144977827853,0.0224970109983749,0.0224825347823497,0.0224719010636315,0.0224656371903617,0.0224639228383279,0.022466574550125,0.0224730593552935,0.0224825365772425,0.022493924625013,0.0225059874909199,0.0225174340092264,0.0225270218271574,0.0225336576024497,0.0225364852181097,0.022534954777577,0.0225288667306469,0.0225183875455724,0.0225040357064545,0.0224866392724044,0.0224672685736958,0.0224471496401374,0.022427565489193,0.0224097533240469,0.0223948059396277,0.0223835852024817,0.0223766544100996,0.0223742347480027,0.0223761890889555,0.022382034184554,0.022390980063154,0.0224019933439186,0.0224138793610613,0.0224253765935064,0.022435256006736,0.0224424175905751,0.0224459766338979,0.0224453330891903,0.0224402186830543,0.0224307181266748,0.0224172627506451,0.0224005969908278,0.0223817202354159,0.0223618084559089,0.0223421216422946,0.0223239042199586,0.0223082862458968,0.0222961932048152,0.0222882716345266,0.0222848366345722,0.0222858456301287,0.0222909006978166,0.022299279471652,0.0223099923209354,0.0223218613211659,0.0223336147105166,0.022343989199562,0.0223518318036096,0.0223561928651752,0.0223564026369552,0.0223521251470745,0.0223433849524116,0.0223305646387305,0.0223143733522661,0.0222957890365885,0.0222759791961479,0.0222562067327087,0.0222377285622058,0.0222216952293438,0.022209059567086,0.0222005016284072,0.0221963757309933,0.0221966836280901,0.0222010757068318,0.0222088798923355,0.0222191557773797,0.022230769567253,0.0222424838674202,0.0222530552553032,0.0222613320362572,0.0222663446171868,0.0222673815288394,0.0222640452410901,0.0222562834616085,0.0222443934751251,0.0222289991340109,0.0222110022036362,0.0221915117462113,0.0221717569481174,0.0221529901260774,0.0221363874785761,0.0221229554053713,0.0221134498651044,0.0221083152909644,0.0221076480973945,0.0221111878930894,0.0221183373121275,0.022128209060131,0.0221396965358996,0.0221515624216733,0.0221625381103445,0.0221714258947582,0.0221771955724877,0.0221790675498385,0.0221765756297031,0.0221696043471995,0.0221583978307641,0.0221435395309901,0.0221259045690685,0.0221065887028638,0.0220868198001907,0.0220678590900067,0.0220509002253201,0.0220369742851263,0.0220268682735256,0.0220210635042626,0.0220196985979448,0.022022559812926,0.0220290992472791,0.0220384792632912,0.0220496394655103,0.0220613808573993,0.0220724605298004,0.0220816894812892,0.0220880259813937,0.0220906572676606,0.0220890632826247,0.0220830575367446,0.0220728019272621,0.0220587943253355,0.022041829822865,0.0220229385564752,0.022003304850477,0.021984173905037,0.0219667532822662,0.0219521169231861,0.0219411193125552,0.0219343266906537,0.0219319709325688,0.0219339299637337,0.0219397364851448,0.0219486145055671,0.0219595409063057,0.0219713271881368,0.0219827148499158,0.0219924766769929,0.0219995156834029,0.0220029536089574,0.0220022017140277,0.0219970080724287,0.021987477512239,0.0219740626266062,0.0219575266738466,0.0219388815005831,0.02191930565488,0.0219000494383448,0.0218823346501072,0.0218672571282323,0.0218556998802131,0.0218482636547056,0.0218452203330322,0.0218464926428979,0.0218516615778611,0.021860000717302,0.0218705345543268,0.0218821161097176,0.0218935176692028,0.0219035275267956,0.0219110452090068,0.0219151678144968,0.0219152608126498,0.021911007846221,0.0219024356879955,0.0218899123928305,0.0218741187292654,0.0218559950230651,0.0218366674498908,0.0218173594333306,0.0217992950110362,0.0217836017253811,0.0217712207110857,0.0217628311680825,0.0217587953467876,0.0217591286041104,0.0217634971243141,0.021771243689172,0.0217814396036854,0.0217929587270157,0.0218045677087064,0.0218150251510236,0.021823181634799,0.021828072433492,0.0218289953158709,0.0218255670581644,0.0218177540492984,0.0218058745254749,0.0217905723246581,0.0217727644023837,0.0217535664959489,0.0217342030840031,0.0217159090194022,0.0216998308202002,0.0216869355474126,0.0216779344979635,0.0216732276702158,0.0216728732352738,0.0216765842198107,0.0216837524422548,0.021693497614786,0.0217047375909605,0.0217162741446384,0.0217268875220535,0.0217354323902743,0.0217409277467854,0.0217426338519556,0.0217401102569271,0.0217332504483168,0.0217222904132022,0.0217077904149687,0.0216905913196631,0.021671748774817,0.0216524502735891,0.0216339215047448,0.0216173292836865,0.021603688702378,0.021593781886353,0.0215880949097428,0.0215867780456606,0.0215896327158389,0.0215961263860098,0.0216054343984478,0.0216165055252961,0.0216281460533484,0.0216391156451581,0.0216482272037231,0.0216544425936306,0.0216569563801501,0.0216552607194978,0.0216491860887295,0.021638914549367,0.0216249645200795,0.0216081483913044,0.0215895065446661,0.0215702232532821,0.0215515313773873,0.0215346136195895,0.0215205083046319,0.0215100271964873,0.0215036918132379,0.021501693148087,0.0215038777910113,0.0215097613303567,0.0215185677674471,0.0215292916660414,0.021540778031858,0.0215518135984634,0.0215612223732384,0.0215679580212953,0.021571185947247,0.0215703487476738,0.02156520998827,0.0215558729146054,0.0215427726145325,0.0215266421764366,0.0215084553851074,0.021489350320268,0.0214705397345608,0.0214532151684587,0.0214384523175007,0.0214271251473764,0.0214198356428291,0.02141686491068,0.0214181497140044,0.0214232865129414,0.0214315628820879,0.0214420139434825,0.0214534993851169,0.0214647949072306,0.0214746907054936,0.0214820889741401,0.0214860924549954,0.0214860767736076,0.0214817406351321,0.02147312978746,0.0214606328379177,0.0214449493426648,0.0214270328724132,0.0214080137989893,0.0213891081734147,0.0213715201457413,0.0213563458285152,0.0213444863045161,0.0213365766574919,0.0213329365441198,0.0213335460490213,0.0213380485237275,0.0213457799716855,0.0213558224738307,0.0213670773101429,0.0213783519551924,0.021388454111139,0.0213962854541193,0.021400927835783,0.0214017152893242,0.0213982862902246,0.0213906122338595,0.0213789999046967,0.0213640676945228,0.0213466973377468,0.0213279648248241,0.0213090557895475,0.0212911719157714,0.021275435671579,0.0212628008847507,0.0212539762937916,0.0212493682590291,0.0212490473587925,0.0212527417299829,0.0212598578822395,0.0212695274900593,0.0212806765318889,0.0212921112815991,0.0213026142286239,0.0213110421380345,0.021316418243255,0.0213180110189261,0.0213153930764514,0.0213084753680516,0.0212975139348915,0.0212830887125441,0.0212660562151298,0.021247480059427,0.021228545080987,0.021210462088242,0.0211943709968771,0.0211812501382581,0.0211718389523018,0.0211665801196646,0.0211655855682642,0.0211686288469398,0.0211751642556314,0.0211843710246598,0.0211952189059394,0.0212065499183416,0.0212171697928742,0.0212259419709658,0.0212318768623048,0.0212342094687925,0.0212324593921563,0.021226468595322,0.0212164139840813,0.0212027937946699,0.0211863887763775,0.0211682010999212,0.0211493756582731,0.0211311098259848,0.0211145586961971,0.0211007432396594,0.0210904686807088,0.0210842596567667,0.0210823174629579,0.0210845029713461,0.0210903467841934,0.0210990859913978,0.0211097247299298,0.0211211137689089,0.0211320427397714,0.0211413375424573,0.0211479549883259,0.0211510669359741,0.0211501270248301,0.0211449145433371,0.0211355518628654,0.0211224940627462,0.0211064916751419,0.0210885296899317,0.0210697478890976,0.0210513490673491,0.0210345026240005,0.0210202513139934,0.0210094286097467,0.0210025931898535,0.0209999856258007,0.0210015105142898,0.0210067452572296,0.021014974590466,0.0210252479671212,0.021036455159589,0.0210474140808647,0.0210569639360086,0.0210640564560706,0.0210678381563935,0.021067717276221,0.0210634102395368,0.0210549640413857,0.0210427527980956,0.0210274486725001,0.021009969353095,0.020991406084143,0.0209729377760866,0.0209557378541235,0.0209408811344999,0.0209292580924079,0.0209215033816485,0.0209179444091346,0.0209185742279371,0.0209230511039657,0.0209307249799337,0.0209406888763154,0.0209518512129709,0.0209630232836832,0.0209730148249128,0.0209807299078158,0.0209852553179553,0.0209859341820519,0.0209824188091773,0.0209746984335515,0.0209630996292804,0.0209482594326914,0.0209310734585347,0.0209126233394542,0.0208940894818064,0.0208766562797019,0.0208614174745986,0.0208492892557861,0.0208409379896938,0.0208367282162055,0.0208366948728926,0.0208405417467561,0.0208476660685876,0.0208572071224143,0.0208681148982922,0.0208792333067545,0.0208893914023884,0.0208974955008223,0.0209026150491593,0.0209040556194335,0.0209014133969525,0.0208946069554958,0.0208838838447133,0.0208698014356237,0.0208531834397441,0.020835055394536,0.0208165640545294,0.0207988869171234,0.0207831389390068,0.0207702837892912,0.0207610567046476,0.0207559051692666,0.0207549522911984,0.0207579859807805,0.0207644749882178,0.0207736106879324,0.0207843713861818,0.0207956040555055,0.0208061169277611,0.0208147754381897,0.0208205936941582,0.0208228139799508,0.0208209677811881,0.0208149133382314,0.0208048466852062,0.0207912853300728,0.0207750259913393,0.0207570799350906,0.0207385912718441,0.02072074492487,0.0207046717618879,0.020691358535676,0.020681569807843,0.0206757879881439,0.0206741761076001,0.0206765660886765,0.020682473234778,0.0206911355988525,0.0207015749673407,0.0207126745549601,0.0207232672633896,0.0207322275957813,0.0207385600859209,0.0207414774050187,0.0207404621226612,0.0207353073580346,0.0207261331698248,0.0207133773819529,0.0206977614955485,0.0206802342545275,0.0206618971715372,0.0206439177503844,0.0206274371475424,0.0206134795146519,0.0206028702070584,0.0205961694212187,0.0205936266697868,0.0205951598949125,0.0206003610767311,0.0206085280676114,0.020618720246013,0.0206298336153526,0.020640689341573,0.0206501285727288,0.0206571058217162,0.0206607732761475,0.0206605491272215,0.0206561643229008,0.0206476839376081,0.0206355014563314,0.020620306513199,0.0206030288096029,0.020584762878023,0.0205666798917156,0.020549933723532,0.0205355688546174,0.0205244375046873,0.0205171325327908,0.0205139413222296,0.0205148241354893,0.0205194184522041,0.0205270687465338,0.0205368791807876,0.0205477849393223,0.0205586365277234,0.0205682904136987,0.020575698948843,0.0205799926074054,0.0205805481948563,0.0205770377662864,0.0205694544719403,0.0205581133072395,0.0205436266603368,0.0205268564828255,0.0205088467180874,0.020490741172838,0.020473693191356,0.0204587741920361,0.0204468882868814,0.0204386998005163,0.0204345795548284,0.0204345743513785,0.0204384022698489,0.0204454743443495,0.0204549410428536,0.0204657599349851,0.0204767791646986,0.0204868300035694,0.0204948209691469,0.0204998258255298,0.0205011582608742,0.0204984271234296,0.0204915677037142,0.0204808465377199,0.0204668394013233,0.0204503843783917,0.0204325139244018,0.0204143715422098,0.0203971198984229,0.0203818478428096,0.0203694838065816,0.020360722460217,0.0203559703711003,0.0203553148220432,0.0203585180708446,0.0203650373035677,0.0203740685212192,0.0203846107557751,0.0203955454734547,0.0204057248993622,0.0204140623622197,0.0204196176480343,0.0204216707674056,0.0204197784473413,0.020413808986272,0.020403952763017,0.0203907075473296,0.0203748396876964,0.020357324111837,0.0203392677296187,0.0203218221505458,0.0203060925127756,0.020293049591284,0.0202834521692202,0.0202777859197182,0.0202762237992545,0.0202786112843322,0.0202844778159312,0.0202930737058973,0.0203034296786475,0.0203144343451951,0.0203249233964404,0.0203337732935296,0.0203399918201397,0.0203427980886847,0.0203416854458888,0.0203364621319644,0.0203272663903902,0.0203145548429302,0.0202990651548686,0.020281756128282,0.0202637301956185,0.0202461446876943,0.0202301191072262,0.0202166458910287,0.0202065117839527,0.0202002360188714,0.0201980300864737,0.0201997821097319,0.0202050668605287,0.0202131804322026,0.0202231966707818,0.0202340408116171,0.0202445744836293,0.0202536854169346,0.0202603748742097,0.0202638360384197,0.0202635173079083,0.0202591656168072,0.0202508464266173,0.020238938813172,0.0202241059753711,0.0202072433813564,0.020189408504955,0.0201717375585783,0.0201553556844452,0.0201412876372996,0.0201303760251386,0.020123213653693,0.0201200954714526,0.0201209941044313,0.0201255611145676,0.0201331540574046,0.0201428873192058,0.0201537027540964,0.020164454485013,0.0201740010244311,0.0201812972241417,0.0201854785417988,0.0201859307235087,0.0201823391971251,0.0201747141484803,0.0201633892685134,0.02014899433941,0.0201324039838657,0.0201146668478372,0.020096921059276,0.0200803028756942,0.0200658559217787,0.0200544482956823,0.0200467041114652,0.0200429548163276,0.0200432139863527,0.020047177404846,0.020054248220331,0.0200635850249298,0.020074168935625,0.0200848843284527,0.0200946068694988,0.0201022919737149,0.0201070568326792,0.0201082496764672,0.0201055009283532,0.0200987522993085,0.0200882615521229,0.0200745825221661,0.0200585218791905,0.0200410759127761,0.0200233521887685,0.0200064821358387,0.0199915313833461,0.0199794149163095,0.0199708238082829,0.0199661694477157,0.0199655498412348,0.019968740854619,0.019975213270694,0.019984174459357,0.0199946314381294,0.0200054703217886,0.020015545772895,0.0200237731980721,0.0200292161702622,0.0200311619239138,0.0200291787404045,0.0200231505337033,0.0200132858345758,0.0200001004933761,0.0199843755928812,0.0199670940956033,0.019949361470729,0.0199323168124215,0.0199170416755998,0.0199044739693213,0.0198953337641422,0.0198900668399166,0.0198888103196266,0.0198913829330255,0.0198973004835442,0.0199058151121014,0.0199159751144833,0.0199267005095585,0.019936868383532,0.0199454013303349,0.0199513521146244,0.0199539780089181,0.0199527990697456,0.0199476358555999,0.0199386236602156,0.0199262021255884,0.0199110809821629,0.0198941845026034,0.0198765789143136,0.0198593883678956,0.0198437059971302,0.0198305070517529,0.0198205709925376,0.0198144188031571,0.0198122706308288,0.0198140272957772,0.0198192773249875,0.0198273291159716,0.0198372657878319,0.0198480184014412,0.0198584516889425,0.0198674553618662,0.0198740335660306,0.0198773851708614,0.0198769683172549,0.0198725439418032,0.0198641947355972,0.019852318032292,0.0198375932760741,0.0198209268101602,0.0198033785723689,0.0197860767317794,0.0197701272325157,0.0197565255575541,0.019746077770361,0.0197393370697125,0.0197365607838465,0.019737691050988,0.0197423605262961,0.019749922475357,0.0197595027170319,0.0197700692074321,0.0197805137333205,0.0197897392981021,0.0197967463930658,0.019800711470894,0.0198010515621443,0.0197974700491065,0.0197899800551429,0.0197789036161661,0.0197648466509856,0.0197486516053203,0.0197313313746959,0.0197139895846414,0.0196977334080214,0.0196835857383428,0.0196724036557648,0.0196648096985415,0.0196611415066179,0.0196614239977752,0.0196653664711527,0.0196723850434187,0.0196816487691339,0.0196921458494237,0.0197027646580888,0.0197123830579072,0.0197199587554674,0.0197246133200406,0.0197257029888245,0.0197228704601202,0.0197160734468086,0.0197055876891419,0.0196919842408858,0.0196760829634533,0.0196588861075023,0.0196414974666896,0.0196250337222948,0.0196105351722053,0.0195988830158663,0.0195907297628583,0.019586448209161,0.0195861028851904,0.0195894460563404,0.0195959384012494,0.0196047925612784,0.0196150359943769,0.0196255881067292,0.0196353455785314,0.0196432692166126,0.019648465591416,0.0196502571476649,0.0196482353795848,0.0196422929635887,0.0196326323483732,0.0196197500989639,0.0196043981485777,0.019587524895082,0.0195702006545899,0.0195535332324796,0.0195385801922472,0.019526264724426,0.0195173018053083,0.0195121405916403,0.0195109277678264,0.0195134949330343,0.0195193712101659,0.0195278202271623,0.0195378986290903,0.0195485314939,0.0195585986004475,0.0195670245623395,0.0195728654837054,0.0195753850508684,0.0195741138294432,0.019568886918759,0.0195598569068254,0.0195474811153888,0.0195324842491418,0.0195157995823358,0.019498493557201,0.0194816799871789,0.0194664308498319,0.0194536908635688,0.0194442026636328,0.0194384484687062,0.0194366127476813,0.0194385686782158,0.0194438892800375,0.0194518821616545,0.0194616449895578,0.0194721372105305,0.0194822623430771,0.0194909543864888,0.0194972616242802,0.0195004213347201,0.0194999196411324,0.0194955318822164,0.0194873403733036,0.0194757281554954,0.0194613491664614,0.0194450770805958,0.0194279367237011,0.01941102334411,0.0193954160109228,0.0193820919282366,0.0193718484507115,0.0193652390476725,0.0193625284197548,0.0193636704958207,0.0193683112379589,0.0193758161976217,0.0193853207547726,0.019395799100541,0.0194061464537553,0.0194152678730392,0.0194221664433007,0.0194260236350523,0.019426265259801,0.0194226076244539,0.0194150801231122,0.0194040224564633,0.0193900567687414,0.0193740370578864,0.0193569800681223,0.0193399833597385,0.0193241372485499,0.0193104377430743,0.0192997074559973,0.0192925307520692,0.0192892081872118,0.0192897337020085,0.0192937961937155,0.0193008051564112,0.0193099382019856,0.0193202065970383,0.0193305335938999,0.0193398393919722,0.0193471261005377,0.0193515561132246,0.0193525178380492,0.0193496737111296,0.0193429867819459,0.0193327237940602,0.0193194344801002,0.0193039086147609,0.0192871140914214,0.0192701207774737,0.0192540160451353,0.0192398185756021,0.019228397233035,0.0192204014748962,0.0192162089195508,0.0192158943842787,0.0192192230298613,0.0192256683292535,0.0192344535709011,0.019244613677483,0.0192550724316042,0.0192647288981909,0.0192725460357805,0.0192776342713303,0.0192793232016712,0.0192772155510104,0.019271218977353,0.0192615531555059,0.0192487316115092,0.0192335198661195,0.0192168733846698,0.0191998604629427,0.0191835763691557,0.019169055717518,0.0191571901242685,0.0191486576983978,0.0191438698997257,0.0191429398509612,0.0191456744438549,0.0191515906787481,0.0191599547741782,0.0191698408251717,0.0191802043053431,0.0191899646037564,0.0191980901372896,0.0192036794233238,0.0192060318402813,0.0192047026140436,0.0191995377837342,0.0191906864312183,0.0191785891945953,0.0191639439020601,0.0191476509267176,0.0191307424444182,0.0191143010550747,0.0190993741021435,0.0190868904210144,0.019077586123808,0.0190719453824523,0.0190701610416621,0.0190721183570073,0.0190774033255737,0.0190853351011097,0.0190950200219613,0.0191054229925502,0.0191154505020788,0.0191240385672838,0.0191302384421438,0.0191332930913085,0.0191326981675756,0.0191282425063375,0.0191200248437112,0.0191084454345764,0.0190941733215337,0.019078092006673,0.0190612280336865,0.0190446683521844,0.0190294732001249,0.0190165915409526,0.0190067858153515,0.0190005719477075,0.0189981792630365,0.0189995333359035,0.0190042629480298,0.0190117304260965,0.0190210828145316,0.0190313197456121,0.0190413726159157,0.0190501888509302,0.0190568146921487,0.0190604700913257,0.019060609926973,0.0190569668180036,0.019049572219585,0.0190387541446728,0.019025111641942,0.0190094679475818,0.0189928058833491,0.018976190471937,0.0189606847743658,0.0189472655376208,0.0189367453198571,0.0189297073173648,0.0189264581744761,0.0189270026776452,0.0189310425182529,0.0189379993871591,0.0189470606909389,0.0189572443187619,0.0189674772993245,0.0189766820086737,0.018983862929387,0.0189881868822457,0.0189890501661209,0.0189861271110459,0.0189793960838457,0.0189691408534599,0.0189559272621228,0.0189405571822555,0.0189240035935464,0.0189073321347558,0.0188916155464437,0.0188778479416426,0.0188668657873191,0.0188592818664173,0.0188554373820622,0.0188553758640098,0.0188588407723149,0.018865296808929,0.018873973092934,0.0188839246713147,0.0188941074492965,0.0189034606312626,0.018910990230804,0.018915847166889,0.018917393907923,0.0189152545191404,0.018909344244441,0.0188998763184281,0.0188873454445447,0.0188724891645786,0.0188562300528236,0.0188396031683856,0.018823674376999,0.018809455914514,0.0187978258406942,0.0187894577919502,0.0187847666919916,0.0187838748677094,0.0187866014295518,0.0187924759304223,0.0188007753599267,0.0188105816214929,0.0188208549407069,0.0188305173118376,0.0188385392253318,0.0188440226125062,0.0188462732270754,0.0188448565383496,0.0188396325680836,0.018830766846172,0.0188187166382603,0.0188041936391475,0.0187881062542969,0.0187714862452655,0.0187554057570889,0.0187408914777671,0.0187288428489513,0.0187199608493487,0.0187146929536595,0.0187131985173943,0.0187153371708858,0.0187206809632843,0.0187285491271182,0.0187380625811178,0.0187482137848738,0.0187579464120598,0.0187662385973272,0.0187721832795992,0.0187750594205898,0.0187743885977789,0.0187699726004878,0.0187619091128746,0.0187505842424885,0.0187366424256931,0.0187209359828142,0.0187044581785882,0.0186882649486953,0.0186733913784774,0.0186607694868922,0.018651153830566,0.0186450608905334,0.0186427271699554,0.0186440894866444,0.0186487891964134,0.0186562001669911,0.0186654783908389,0.0186756293396239,0.0186855876773891,0.0186943028957382,0.0187008239096039,0.0187043757071515,0.0187044217824478,0.018700707244149,0.0186932790896028,0.0186824820247035,0.0186689302316701,0.01865345746477,0.0186370496189377,0.0186207653208665,0.0186056510234542,0.0185926574720771,0.0185825642326474,0.0185759182530366,0.0185729912419934,0.0185737591006397,0.0185779048630972,0.0185848447398355,0.018593775055876,0.018603736272803,0.0186136889960734,0.0186225959876294,0.0186295037856952,0.0186336176011636,0.0186343637014704,0.0186314344648659,0.0186248126182658,0.0186147727634689,0.0186018600337354,0.0185868474790606,0.0185706754255533,0.0185543774698109,0.0185389988441848,0.0185255135354171,0.0185147466979627,0.0185073085508022,0.0185035450990139,0.0185035097350309,0.0185069581424276,0.0185133670704936,0.0185219756175829,0.018531845814047,0.0185419376890896,0.0185511927815521,0.0185586193224045,0.0185633721454264,0.0185648207923092,0.0185626002389834,0.0185566401021606,0.0185471699663822,0.0185347004481222,0.0185199816133573,0.0185039422169985,0.018487614780749,0.018472052643613,0.0184582457188268,0.0184470417313946,0.018439079199451,0.0184347374142709,0.0184341072616299,0.0184369850339864,0.0184428895487306,0.0184511010588783,0.0184607187597231,0.0184707322830654,0.0184801015304186,0.0184878385980927,0.0184930854264432,0.0184951811644309,0.0184937140474154,0.0184885537789726,0.0184798618990745,0.0184680793034438,0.0184538918307417,0.0184381765274176,0.0184219327084676,0.0184062031409626,0.0183919914905106,0.018380182520028,0.0183714713784407,0.0183663076636233,0.0183648588273511,0.0183669959879749,0.0183723034425791,0.018380111264671,0.0183895484915544,0.0183996127040544,0.0184092504254101,0.0184174418382252,0.0184232829251264,0.0184260583219893,0.0184252989221659,0.0184208195238537,0.0184127334628247,0.018401443076957,0.0183876068436674,0.0183720859459241,0.0183558746938865,0.0183400205175316,0.018325540047191,0.0183133380552261,0.0183041357333108,0.018298413962532,0.0182963759756749,0.0182979322231628,0.0183027084699888,0.0183100763157467,0.0183192035871298,0.0183291205335199,0.0183387965709202,0.0183472215488854,0.0183534852087102,0.0183568486741501,0.0183568024499733,0.0183531064486953,0.0183458089440155,0.0183352429603916,0.0183220003352042,0.0183068854076683,0.0182908518708526,0.0182749276511443,0.0182601336496844,0.0182474027121731,0.0182375052364419,0.018230987366904,0.0182281267864742,0.01822890976331,0.0182330314410157,0.0182399195042346,0.0182487794549234,0.0182586579558487,0.0182685191896194,0.0182773280774354,0.0182841336014493,0.0182881454348256,0.0182887976127466,0.0182857940353786,0.0182791320926341,0.0182691025122526,0.0182562654996321,0.0182414051888463,0.0182254661926711,0.0182094774778828,0.0181944697848765,0.0181813932813145,0.0181710420570406,0.0181639914487676,0.0181605530908192,0.0181607511232698,0.0181643212775726,0.0181707327424454,0.0181792309319672,0.0181888976688882,0.0181987239781383,0.0182076897522947,0.0182148440644793,0.0182193798924516,0.0182206974741447,0.0182184514015969,0.0182125778106055,0.0182032995461264,0.0181911088679302,0.0181767289849946,0.0181610573445478,0.0181450950309152,0.0181298677406878,0.0181163445044666,0.0181053605592968,0.0180975505117697,0.0180932971791849,0.0180927003028865,0.0180955677787538,0.0181014302614323,0.0181095781132615,0.0181191178408153,0.0181290435458134,0.0181383176531047,0.018145954378386,0.0181510991374448,0.0181530974068724,0.0181515474021796,0.0181463322719283,0.0181376292009435,0.0181258947250779,0.0181118275205236,0.0180963117753333,0.0180803458238615,0.0180649618948564,0.0180511434970565,0.0180397470951309,0.0180314343152488,0.0180266200102001,0.0180254401931136,0.0180277422300207,0.0180330978993213,0.018040838124855,0.0180501065102975,0.0180599273719149,0.0180692828852173,0.0180771933007661,0.0180827939864731,0.0180854033275046,0.0180845762363875,0.0180801391387557,0.0180722037202903,0.0180611583436515,0.0180476377539377,0.0180324733645932,0.018016627929468,0.0180011196449502,0.0179869415898135,0.0179749828268982,0.017965957420102,0.0179603470579468,0.0179583619531044,0.0179599232748711,0.0179646686722842,0.0179719805926483,0.0179810352449236,0.0179908683549737,0.0180004524556107,0.0180087794713837,0.0180149418860304,0.0180182058670927,0.0180180703660868,0.0180143073623383,0.0180069799762939,0.0179964370093603,0.0179832844140117,0.017968336092867,0.0179525481073933,0.0179369417053503,0.0179225214436152,0.0179101950245906,0.0179007012615676,0.0178945518690512,0.0178919916080422,0.0178929798080012,0.0178971945650976,0.0179040591205741,0.0179127881945396,0.0179224505198667,0.0179320425999385,0.0179405678885634,0.0179471152145119,0.0179509303666308,0.0179514753047346,0.0179484704220969,0.0179419165862893,0.0179320952321831,0.0179195464617827,0.0179050267969523,0.0178894498080667,0.0178738141868181,0.0178591248421514,0.0178463131926577,0.0178361629512686,0.0178292473270181,0.017825882721428,0.0178261027314957,0.0178296546810662,0.0178360191091749,0.0178444507884289,0.0178540380794431,0.0178637758995982,0.0178726464316787,0.0178797010260306,0.0178841366217083,0.0178853604420433,0.0178830376742374,0.0178771182425428,0.0178678405130306,0.0178557116763723,0.0178414664774043,0.0178260077297723,0.017810333521556,0.0177954570647994,0.0177823256886972,0.0177717454858906,0.017764317601742,0.0177603911602732,0.0177600364398406,0.0177630402675359,0.0177689238308449,0.0177769813483727,0.0177863364317691,0.0177960116274091,0.0178050056454075,0.0178123722324767,0.0178172945571368,0.0178191493495159,0.0178175558405258,0.0178124057157774,0.017803871753091,0.0177923944436748,0.0177786475868571,0.0177634854723778,0.0177478757022609,0.017732822847501,0.0177192888927131,0.017708116728656,0.0176999627734151,0.0176952441405937,0.0176941046690763,0.0176964026627087,0.0177017214701962,0.0177094021993886,0.0177185960541548,0.0177283321577716,0.0177375954254294,0.0177454081869702,0.0177509089189965,0.0177534216575192,0.0177525104145045,0.0177480141527501,0.0177400594795757,0.0177290500630061,0.0177156336948721,0.0177006497580319,0.0176850614441946,0.0176698782832645,0.0176560752883011,0.0176445152377438,0.0176358802998006,0.0176306183897478,0.0176289084165801,0.0176306470305997,0.0176354577584766,0.0176427216460031,0.017651626858354,0.0176612332385293,0.0176705467019489,0.0176785976268625,0.0176845171322863,0.0176876053300223,0.0176873862746166,0.0176836453648043,0.0176764462959676,0.017666126227583,0.0176532694990588,0.0176386618796573,0.0176232288513633,0.0176079626837651,0.0175938439694222,0.0175817637713923,0.017572452545135,0.0175664215229374,0.017563921316151,0.0175649211630509,0.0175691106262682,0.0175759237490642,0.0175845838578631,0.017594165499669,0.0176036685727176,0.0176120986731094,0.0176185471338982,0.0176222642289781,0.0176227195573739,0.017619644671167,0.0176130544745922,0.017603245677672,0.0175907724835674,0.0175764015607613,0.0175610500393112,0.0175457116333748,0.017531376920163,0.0175189542278584,0.0175091974753111,0.0175026466834667,0.0174995858038876,0.0175000210809752,0.0175036815047641,0.0175100411571471,0.017518361544172,0.0175277504701855,0.017537232758563,0.0175458272468042,0.0175526240398523,0.0175568560207936,0.0175579590852033,0.01755561644533,0.017549783575942,0.0175406918551094,0.0175288305832601,0.0175149087247997,0.0174997992869703,0.017484470613016,0.0174699099154672,0.0174570450253025,0.0174466705265077,0.017439384158933,0.0174355386176437,0.0174352127029703,0.0174382042653829,0.0174440456571552,0.0174520405856341,0.0174613195107077,0.0174709091905507,0.017479810788389,0.0174870802150651,0.0174919041658955,0.017493665640299,0.017491993585941,0.0174867926153851,0.017478250390619,0.0174668221169202,0.0174531934730792,0.0174382250691772,0.0174228830172541,0.0174081613006879,0.0173950022475527,0.0173842215079578,0.0173764435084043,0.0173720524544951,0.0173711626606562,0.0173736104134002,0.0173789678531827,0.0173865776272535,0.0173956054569861,0.0174051063989036,0.0174140995564579,0.017421645388337,0.0174269195964526,0.0174292778685445,0.0174283064707838,0.0174238547790476,0.0174160472221857,0.0174052736855072,0.0173921590741401,0.0173775143441078,0.0173622727549101,0.0173474162703935,0.0173338978412949,0.0173225656749594,0.017314095498653,0.0173089362506124,0.0173072736209745,0.0173090144824195,0.0173137936002788,0.0173210022232307,0.0173298363744642,0.0173393610385197,0.0173485851094316,0.0173565410481593,0.0173623627755358,0.0173653554440195,0.0173650513832745,0.0173612476482093,0.0173540221172521,0.0173437268620496,0.0173309593848734,0.0173165141361389,0.0173013183276598,0.0172863573136197,0.0172725956191187,0.0172608999951167,0.0172519706532743,0.0172462861144047,0.0172440659594611,0.0172452543038375,0.0172495251485288,0.0172563090305051,0.0172648387350089,0.0172742103703731,0.0172834549483261,0.0172916148408395,0.017297819148445,0.0173013521318752,0.0173017094140157,0.0172986376081752,0.0172921543014736,0.0172825468262319,0.0172703498780866,0.0172563036677805,0.0172412958037986,0.0172262913825986,0.017212256714059,0.017200082654336,0.0171905136056065,0.0171840878538903,0.0171810940716992,0.01718154756962,0.0171851883321934,0.0171915011374484,0.0171997562732275,0.0172090676730366,0.0172184638435011,0.0172269658728569,0.0172336661939656,0.0172378016841495,0.0172388151296495,0.0172364000300975,0.0172305250898198,0.0172214364219795,0.0172096373335587,0.0171958474042382,0.0171809442618722,0.0171658928501394,0.0171516679676173,0.0171391763561695,0.0171291845960742,0.0171222585359862,0.0171187190014983,0.0171186171778464,0.0171217314679526,0.0171275859180256,0.0171354886137302,0.0171445869089528,0.0171539350704533,0.0171625689976639,0.0171695821706791,0.0171741969212421,0.0171758255082376,0.0171741162772857,0.0171689813330397,0.0171606035689321,0.0171494224796578,0.0171360998113526,0.0171214676634527,0.0171064630286434,0.0170920538387818,0.0170791622888015,0.0170685914759772,0.0170609611881731,0.0170566580070788,0.0170558038039013,0.0170582452733209,0.0170635654848147,0.0170711166590695,0.0170800716447748,0.0170894900231668,0.0170983935386759,0.0171058447538905,0.0171110225302257,0.0171132881726783,0.0171122368316727,0.0171077299653228,0.0170999062289928,0.0170891699419549,0.0170761581295552,0.017061688894699,0.0170466953855515,0.0170321507717686,0.0170189903287923,0.0170080369095774,0.0169999357500748,0.0169951037460517,0.0169936971295872,0.0169955999705002,0.0170004342577509,0.0170075906141643,0.0170162770969748,0.0170255821554928,0.0170345467548972,0.0170422400052082,0.0170478324008433,0.0170506609903692,0.0170502814366132,0.0170465029429086,0.0170394033357789,0.0170293231126099,0.0170168388756014,0.0170027181631207,0.0169878591380875,0.0169732197898414,0.0169597421575133,0.0169482775193459,0.0169395184722848,0.01693394334042,0.0169317774257875,0.0169329743137741,0.0169372188649218,0.0169439517893386,0.0169524139488435,0.0169617069096734,0.0169708649127627,0.0169789324579517,0.0169850412028315,0.0169884799052763,0.0169887516937106,0.0169856139858334,0.0169790978069936,0.016969504961394,0.0169573833369923,0.0169434824214037,0.0169286927179435,0.016913974042802,0.0169002785515259,0.0168884747200911,0.0168792783706354,0.0168731962052863,0.0168704862545232,0.0168711382541223,0.0168748753561471,0.0168811768865809,0.0168893202185469,0.0168984383600923,0.0169075886669008,0.0169158272671895,0.0169222833836738,0.0169262277789552,0.0169271300265313,0.0169247001804305,0.016918911616567,0.0169100032607768,0.0168984609977756,0.0168849796567821,0.016870408475099,0.0168556842376397,0.0168417572786979,0.0168295161325127,0.0168197167777811,0.0168129221159473,0.0168094565670386,0.0168093795098907,0.0168124798199773,0.016818292080352,0.0168261332919235,0.0168351572314049,0.0168444221406037,0.0168529663067649,0.0168598854121016,0.0168644053553261,0.0168659445987517,0.0168641609451766,0.0168589789288403,0.0168505956057464,0.0168394643131354,0.0168262577819978,0.0168118136745555,0.0167970670379942,0.0167829751999738,0.0167704411998663,0.0167602419131188,0.0167529665889296,0.0167489706289543,0.0167483481692258,0.016750925498776,0.0167562756838204,0.0167637530996155,0.0167725450317083,0.0167817362088128,0.0167903811638132,0.016797578753127,0.0168025430334022,0.0168046650021304,0.0168035604279004,0.0167991000707651,0.0167914199436454,0.0167809107934918,0.0167681875756808,0.0167540412407436,0.0167393765340877,0.0167251406208554,0.0167122481007546,0.0167015083077068,0.0166935606635541,0.0166888232743496,0.0166874589571233,0.0166893615335323,0.0166941636243556,0.016701265451215,0.0167098824406056,0.0167191078741277,0.0167279855707228,0.0167355867315784,0.0167410847038285,0.0167438215633941,0.0167433610742465,0.0167395236985338,0.0167324008141656,0.0167223470148021,0.0167099511734597,0.0166959886910751,0.01668135887927,0.0166670126152678,0.0166538761594996,0.0166427772856262,0.0166343796264049,0.016629130419073,0.0166272257106132,0.0166285956554001,0.0166329109235561,0.0166396095676921,0.0166479421006585,0.0166570311400509,0.016665940879274,0.0166737509250074,0.0166796287416615,0.0166828950799344,0.0166830773250578,0.016679946638177,0.0166735360114086,0.0166641378203937,0.0166522810296843,0.0166386897719143,0.0166242264678627,0.0166098238736321,0.0165964113374372,0.0165848410461715,0.0165758200940402,0.0165698537996791,0.0165672048580293,0.0165678716962463,0.0165715878967562,0.0165778428695483,0.0165859222338082,0.0165949647498626,0.0166040312650272,0.016612180121807,0.0166185429144814,0.0166223944229616,0.0166232110114653,0.0166207127194231,0.0166148856152289,0.0166059826145671,0.0165945027428094,0.0165811505923163,0.0165667793401428,0.0165523220147522,0.0165387166239667,0.0165268312082998,0.0165173948341651,0.0165109400042507,0.0165077609921648,0.0165078912936489,0.016511101839821,0.0165169199661232,0.0165246675046908,0.0165335148925238,0.0165425469722418,0.0165508352928911,0.0165575112538866,0.0165618344037386,0.0165632506031071,0.0165614355549605,0.0165563203324569,0.0165480969145757,0.0165372032708657,0.0165242891089689,0.0165101648961652,0.016495738076354,0.0164819414256492,0.0164696591418453,0.0164596564896943,0.0164525185991065,0.0164486033439097,0.0164480121561286,0.0164505812314538,0.0164558939626265,0.0164633137278407,0.0164720345006046,0.01648114527393,0.016489703131606,0.0164968090559953,0.0165016803054787,0.0165037134537155,0.0165025329393596,0.0164980211652318,0.0164903277086255,0.0164798569288183,0.0164672350365419,0.0164532593713421,0.0164388340739124,0.0164248974217631,0.0164123467320058,0.0164019668794387,0.0163943681289455,0.0163899381773032,0.0163888121155665,0.0163908625623079,0.016395710602613,0.0164027565279785,0.0164112278353736,0.016420240624912,0.016428869530246,0.0164362206935039,0.0164415020973076,0.0164440857985083,0.0164435572493253,0.0164397478911515,0.0164327484900897,0.016422902158115,0.0164107775627684,0.0163971243575394,0.0163828142508581,0.0163687722683842,0.0163559035615783,0.0163450215088665,0.0163367828061502,0.0163316347455613,0.0163297789642559,0.0163311546717429,0.0163354428287613,0.0163420910723731,0.0163503574963915,0.0163593698444217,0.0163681953870699,0.0163759158478334,0.0163817012960503,0.0163848769832983,0.0163849776626191,0.0163817849535896,0.0163753447141766,0.0163659630320948,0.0163541812112685,0.0163407318520832,0.0163264796619006,0.0163123518569108,0.0162992638279154,0.0162880460787633,0.016279378286919,0.016273735704803,0.0162713520807238,0.0162722019221376,0.0162760033658476,0.016282241285607,0.0162902086862576,0.0162990630264743,0.0163078929836413,0.0163157904035806,0.0163219218146891,0.0163255939504211,0.0163263082061873,0.0163237998183943,0.0163180587297447,0.0163093305090846,0.0162980972231695,0.0162850397003823,0.0162709840698055,0.0162568366952172,0.0162435125565149,0.0162318626841952,0.0162226063758128,0.0162162735991064,0.0162131622310421,0.0162133136454535,0.0162165087261826,0.0162222847564925,0.0162299719485331,0.016238746768047,0.0162476978158509,0.0162558989700219,0.0162624838652796,0.0162667156474287,0.0162680463082028,0.0162661607523392,0.0162610020042164,0.0162527755188149,0.0162419322867033,0.0162291321668342,0.0162151904954315,0.0162010123685678,0.0161875199695811,0.016175578833956,0.0161659289777763,0.0161591263676743,0.0161554993266195,0.0161551232320308,0.0161578153778365,0.0161631502632291,0.0161704939664586,0.0161790547856848,0.0161879460902535,0.0161962564136418,0.0162031212961496,0.0162077912839745,0.0162096908130834,0.0162084634228695,0.0162039998005305,0.0161964464742383,0.0161861944558274,0.0161738486742617,0.0161601805265504,0.0161460671922149,0.0161324224099539,0.0161201241173004,0.0161099446460741,0.0161024890174873,0.0160981462927764,0.0160970579446984,0.0160991058921972,0.016103921284732,0.0161109134561487,0.0161193168256725,0.0161282520424673,0.016136796477551,0.0161440583685491,0.0161492485923254,0.0161517442117061,0.0161511386049957,0.0161472740866451,0.0161402543712791,0.016130435897543,0.0161183987697995,0.0161048997455063,0.016090811152592,0.0160770507436066,0.0160645081920799,0.0160539741597018,0.0160460776005033,0.016041236251179,0.0160396241529813,0.0160411586575736,0.016045507804654,0.0160521173496476,0.0160602551907528,0.0160690696112642,0.0160776567122838,0.0160851317354474,0.0160906987097559,0.016093713014763,0.0160937320171824,0.0160905498641909,0.0160842137345991,0.0160750202696821,0.0160634924260381,0.0160503385025258,0.0160363964802011,0.016022567973031,0.016009746927324,0.0159987486603952,0.0159902448522624,0.0159847096872607,0.0159823815078914,0.0159832431474557,0.0159870226390763,0.0159932143706131,0.0160011190987122,0.0160098996874841,0.0160186481291611,0.0160264584495476,0.0160324995865872,0.0160360823056938,0.0160367146877774,0.0160341416579964,0.0160283653369321,0.0160196445789857,0.0160084737795043,0.0159955427351511,0.015981680885997,0.0159677905230904,0.0159547744099284,0.0159434636743574,0.0159345517532301,0.0159285396305304,0.0159256966536128,0.0159260399276019,0.0159293337853239,0.0159351092337074,0.0159427017140436,0.0159513041019293,0.0159600307165657,0.0159679872903616,0.0159743414244207,0.0159783880493672,0.0159796048190007,0.0159776931518222,0.0159726017420184,0.0159645307057423,0.0159539160130133,0.0159413953723461,0.0159277581723988,0.0159138833347109,0.0159006698979761,0.0158889657599031,0.0158795001945865,0.015872825517643,0.0158692725974412,0.0158689238526632,0.0158716060109844,0.0158769033351502,0.0158841903745354,0.0158926817061172,0.0159014947222465,0.0159097204257184,0.0159164965043218,0.0159210767416617,0.0159228911015758,0.0159215915790626,0.0159170800786278,0.0159095160627359,0.0158993033822958,0.015887057414623,0.015873555245312,0.0158596730023464,0.015846315470019,0.0158343436964894,0.0158245064207777,0.0158173807826059,0.0158133269810411,0.0158124603886507,0.0158146432073609,0.0158194961883064,0.0158264293564399,0.0158346892053715,0.0158434185700159,0.0158517244347858,0.0158587483579014,0.0158637340237282,0.0158660866817309,0.0158654198708631,0.0158615858128167,0.0158546871128297,0.015845068840035,0.0158332915657648,0.015820087408305,0.0158063024579774,0.0157928300364384,0.0157805399926018,0.0157702095908454,0.0157624614706136,0.0157577136482962,0.0157561456236586,0.0157576834067142,0.0157620047882951,0.0157685645545344,0.0157766377240314,0.0157853774027538,0.0157938826326987,0.0158012707620512,0.0158067484630599,0.0158096756093484,0.0158096167953017,0.0158063762914893,0.0158000135957834,0.0157908383414895,0.015779385023724,0.0157663696591892,0.0157526319633594,0.0157390677900875,0.0157265573364199,0.0157158949116431,0.01570772588865,0.0157024958239744,0.015700415711558,0.015701446013931,0.0157053006027825,0.0157114701616375,0.0157192630824973,0.0157278605433794,0.0157363813833881,0.0157439516696065,0.0157497735220173,0.0157531878475077,0.0157537261222576,0.0157511472150768,0.0157454563973856,0.0157369050521952,0.0157259710745208,0.0157133214421848,0.0156997598205467,0.0156861632430491,0.0156734127890655,0.0156623236887938,0.0156535803762969,0.0156476816718894,0.0156449005215453,0.0156452616035369,0.0156485387119273,0.0156542722500955,0.0156618055418357,0.0156703371270548,0.0156789848832626,0.0156868568175042,0.0156931227950642,0.0156970813666997,0.0156982162399137,0.015696237782675,0.0156911061789165,0.0156830343686041,0.0156724705717486,0.015660061873299,0.0156466018918133,0.0156329668385593,0.0156200451893371,0.0156086666672011,0.015599536239129,0.0155931783726432,0.0155898959256412,0.0155897468330194,0.015592540310621,0.0155978527403071,0.0156050618544266,0.0156133964229471,0.0156219974668192,0.0156299861606418,0.0156365331051852,0.0156409235759279,0.015642613687765,0.0156412731293831,0.0156368111582227,0.0156293838317223,0.0156193818893133,0.0156074001878594,0.0155941910213079,0.0155806049160042,0.0155675234897741,0.0155557896166182,0.0155461403942069,0.015539148240743,0.0155351748549124,0.015534341794374,0.0155365201341683,0.015541340154881,0.015548220400435,0.01555641386788,0.0155650676779236,0.0155732914462258,0.0155802288318663,0.0155851264496639,0.0155873945273166,0.0155866543540453,0.015582768649965,0.0155758523930492,0.0155662632528381,0.0155545724587434,0.0155415185325649,0.0155279477040152,0.0155147458893272,0.0155027677613278,0.0154927686274806,0.015485344553379,0.0154808854550927,0.0154795448018325,0.015481228214723,0.0154856017311332,0.0154921189500266,0.0155000648042061,0.0155086124315701,0.0155168886320406,0.0155240427673453,0.0155293137276702,0.0155320897642511,0.0155319565536645,0.0155287297735738,0.0155224696618708,0.0155134764130406,0.0155022667362977,0.0154895333528989,0.0154760905384294,0.0154628099190819,0.0154505515214775,0.015440095487042,0.0154320798560241,0.0154269493961365,0.015424919621696,0.0154259589773878,0.015429790731512,0.0154359145471936,0.0154436461041926,0.0154521716618437,0.0154606132112115,0.0154680989692095,0.0154738334992192,0.0154771617473521,0.0154776217664848,0.0154749818238832,0.0154692588741372,0.0154607169162826,0.0154498454105875,0.0154373195661405,0.0154239457871776,0.0154105967596131,0.0153981414706524,0.0153873758206951,0.0153789593866805,0.015373363348805,0.0153708336518106,0.0153713722205276,0.0153747375913507,0.0153804647764562,0.0153879026706452,0.0153962659587436,0.0154046973836373,0.015412335466726,0.0154183823841638,0.015422166717735,0.0154231962146922,0.0154211964727457,0.0154161325535314,0.0154082118381071,0.0153978678757787,0.0153857264398321,0.0153725563842806,0.0153592090902298,0.0153465512045768,0.0153353959329526,0.015326438305292,0.0153201995680379,0.0153169851838978,0.0153168598803179,0.0153196418548534,0.0153249167212292,0.015332070187006,0.0153403369243334,0.0153488617569828,0.0153567682533087,0.0153632291770509,0.015367533066581,0.015369141510592,0.0153677324432394,0.0153632259306265,0.0153557903641412,0.0153458285908906,0.0153339451602455,0.0153208974087227,0.0153075344124902,0.0152947287987082,0.0152833069472952,0.0152739831964509,0.015267303290915,0.0152636015212992,0.015262974867308,0.015265276074876,0.0152701260827944,0.0152769446906966,0.0152849969461092,0.0152934515286644,0.0153014465099661,0.0153081573300202,0.0153128616906995,0.0153149963292043,0.0153142012760882,0.0153103481719802,0.0153035504418281,0.0152941545161538,0.0152827127452005,0.0152699400676709,0.0152566577649803,0.015243728656862,0.0152319887932339,0.0152221810122151,0.0152148956343299,0.0152105230477062,0.0152092220396374,0.0152109065084913,0.0152152517377852,0.0152217198449283,0.0152296024581575,0.0152380772569414,0.015246273854721,0.0152533437093067,0.0152585283874157,0.0152612206213209,0.0152610131726693,0.0152577315155986,0.0152514476844961,0.0152424741861816,0.0152313385177956,0.0152187404197813,0.0152054953945498,0.0151924691200322,0.0151805080947953,0.0151703721133573,0.015162673971878,0.0151578311711261,0.0151560333772287,0.0151572281109945,0.0151611256717627,0.0151672227792635,0.0151748429557282,0.0151831903824823,0.0151914129463774,0.0151986695136414,0.0152041961759121,0.0152073663200814,0.0152077398673793,0.0152050978694222,0.0151994597770824,0.01519108202857,0.0151804380378169,0.0151681810977321,0.0151550930400412,0.0151420226152809,0.0151298183857747,0.0151192613921348,0.0151110029163092,0.015105512308894,0.0151030390958593,0.0151035924814937,0.0151069400003722,0.0151126255447942,0.0151200054267619,0.0151282996552917,0.0151366543468827,0.0151442102492792,0.0151501718293741,0.0151538713043821,0.0151548223920533,0.0151527593914667,0.0151476584118019,0.0151397390393955,0.0151294463459792,0.015117414754799,0.0151044167596734,0.015091300711847,0.0150789227509452,0.0150680783918467,0.0150594392589586,0.0150534999936814,0.0150505394973536,0.0150505994888641,0.0150534819547515,0.0150587655647246,0.0150658396367911,0.0150739528787767,0.0150822730083755,0.0150899525422074,0.015096195600642,0.0151003205263789,0.0151018134594835,0.0151003687208119,0.0150959128751204,0.0150886105988172,0.0150788518735366,0.0150672214637773,0.0150544530091804,0.0150413712668847,0.0150288269840425,0.0150176294894398,0.0150084823140378,0.0150019269587741,0.0149982993305162,0.0149977024016215,0.0149999973836916,0.0150048142382205,0.0150115807914752,0.015019568205161,0.015027949204833,0.0150358643998443,0.015042491336668,0.0150471106755454,0.0150491640956654,0.0150482992019666,0.0150443977721212,0.0150375850548605,0.0150282193929675,0.0150168630624428,0.0150042367555658,0.014991161460258,0.0149784924914704,0.0149670510321466,0.0149575586979385,0.0149505803461017,0.0149464796378266,0.0149453908009894,0.0149472087195881,0.0149515980074495,0.0149580202254752,0.0149657769904167,0.0149740655053844,0.0149820421067968,0.0149888888347355,0.0149938778317667,0.0149964285684374,0.0149961534628444,0.0149928883620267,0.014986705517294,0.0149779080288342,0.0149670061592184,0.0149546773161987,0.0149417127781652,0.0149289552839152,0.0149172323496649,0.0149072905490523,0.0148997359610625,0.0148949855508001,0.0148932334246954,0.0148944347517607,0.014898308750846,0.0149043606183072,0.0149119207341432,0.0149201980655317,0.0149283435053704,0.0149355180431151,0.0149409602411972,0.0149440475234561,0.014944346274354,0.0149416466605246,0.0149359793431369,0.0149276127429212,0.0149170311212745,0.0149048953137544,0.0148919893633835,0.014879157432742,0.0148672361335148,0.0148569877418359,0.0148490396477008,0.0148438348358429,0.0148415972674009,0.0148423148086833,0.0148457409379949,0.0148514149694621,0.014858699083238,0.0148668291560144,0.0148749753401897,0.0148823076173048,0.0148880611988177,0.0148915966856731,0.0148924503210223,0.0148903704442005,0.0148853373196549,0.0148775647919767,0.0148674836133744,0.0148557077012282,0.0148429859077655,0.0148301430223563,0.0148180145909546,0.0148073806559145,0.0147989036464905,0.0147930753689138,0.0147901773690493,0.0147902579154871,0.0147931275505333,0.0147983736796992,0.0148053931344584,0.0148134401742568,0.0148216861159285,0.0148292858021756,0.0148354455321406,0.0148394869313781,0.0148409015529151,0.0148393917526323,0.0148348945088156,0.0148275862615252,0.0148178684118784,0.0148063347101609,0.0147937232397788,0.0147808569472767,0.0147685775751979,0.0147576783531959,0.0147488408582705,0.0147425810702585,0.0147392088635184,0.0147388040622364,0.0147412108416657,0.0147460507927605,0.0147527534999454,0.0147606021240214,0.0147687903359913,0.0147764860959405,0.0147828972734978,0.0147873339943989,0.0147892628737104,0.0147883489353692,0.0147844819704665,0.0147777852828927,0.0147686061233401,0.0147574885220027,0.0147451305922332,0.0147323295901889,0.014719918987224,0.0147087024662797,0.0146993900352257,0.0146925413292175,0.0146885206510173,0.0146874674061092,0.014689284392528,0.0146936449941552,0.0147000188107028,0.0147077137591624,0.0147159313245785,0.0147238305394528,0.0147305955285444,0.014735501137136,0.0147379712972573,0.0147376253694329,0.014734308680342,0.0147281047773262,0.0147193284280917,0.0147084999786661,0.0146963032088449,0.0146835301628913,0.0146710174736022,0.0146595793566367,0.0146499426795934,0.0146426892949601,0.0146382101937931,0.0146366750484791,0.0146380194551777,0.014641950764874,0.014647971920899,0.0146554213154611,0.014663525446117,0.0146714601861003,0.0146784158478165,0.0146836609572158,0.0146865997814024,0.0146868191498476,0.0146841209422859,0.0146785377215265,0.0146703302845784,0.0146599672948479,0.0146480885400301,0.0146354546335874,0.0146228870469838,0.0146112031411472,0.0146011512934973,0.0145933512514213,0.0145882444749712,0.0145860584827506,0.0145867881366972,0.0145901954716131,0.014595828195214,0.0146030554728901,0.0146111181943198,0.0146191897177463,0.0146264422056879,0.0146321131806185,0.014635566886463,0.0146363454504403,0.0146342056697275,0.0146291384293504,0.0146213691899253,0.0146113395426759,0.0145996713816559,0.0145871166587905,0.0145744968479638,0.0145626370544759,0.0145523001017303,0.0145441258819673,0.0145385807853988,0.0145359211698944,0.0145361736777986,0.0145391338445365,0.0145443829868447,0.0145513219234351,0.0145592187793337,0.0145672670541479,0.0145746493697219,0.014580601904836,0.0145844744986824,0.0145857817589899,0.0145842412158106,0.0145797955637347,0.014572617258423,0.0145630950880353,0.0145518037279412,0.0145394586064456,0.0145268595610998,0.0145148276600467,0.014504140128686,0.0144954685103123,0.0144893249793466,0.0144860211255529,0.0144856425755475,0.014488041581547,0.0144928482808185,0.0144994998264221,0.0145072851334268,0.0145154016966057,0.0145230199252826,0.0145293497975022,0.0145337044190057,0.0145355553065848,0.0145345748844074,0.0145306627302154,0.0145239534466877,0.0145148055470017,0.0145037723037135,0.0144915569839689,0.0144789561575998,0.0144667957131371,0.0144558647744147,0.0144468528369592,0.0144402951362572,0.0144365305529006,0.0144356753179615,0.0144376144957803,0.0144420117977979,0.0144483368346771,0.0144559075576266,0.0144639444763473,0.014471632354912,0.0144781845395298,0.0144829048984227,0.0144852425615947,0.0144848352180444,0.0144815376159268,0.0144754330507482,0.0144668269335542,0.0144562229089716,0.014444283340994,0.01443177720319,0.0144195194076075,0.0144083063040173,0.0143988524189029,0.0143917334483103,0.0143873400675814,0.014385846302935,0.0143871950826571,0.0143911022324283,0.0143970787037464,0.0144044693445149,0.0144125051606179,0.0144203648940485,0.0144272409552106,0.0144324043647933,0.0144352634198438,0.0144354112984396,0.0144326587192554,0.0144270490015762,0.0144188543225631,0.0144085535164114,0.0143967932716485,0.0143843359311177,0.0143719981728975,0.0143605855628051,0.0143508282647035,0.0143433230553065,0.0143384862352866,0.0143365211127431,0.0143374025407175,0.0143408796174988,0.0143464962178484,0.0143536276282213,0.0143615303169556,0.0143694008740731,0.0143764394754818,0.0143819129077846,0.0143852122499845,0.0143859007383123,0.0143837481060473,0.0143787487339694,0.0143711221914813,0.0143612961017579,0.0143498726272354,0.0143375811439098,0.0143252207589786,0.0143135971420294,0.0143034586185212,0.0142954365728456,0.0142899949120975,0.0142873926663233,0.0142876627918912,0.0142906089752887,0.0142958208018379,0.0143027061716148,0.014310538435079,0.0143185145024564,0.0143258192591193,0.0143316910758646,0.0143354830890116,0.0143367152547802,0.0143351129308986,0.0143306288438802,0.0143234466689416,0.0143139659640698,0.0143027697304542,0.0142905772884049,0.0142781863419783,0.014266408960032,0.0142560066593885,0.0142476298052099,0.014241766149709,0.0142387025526818,0.0142385028371153,0.0142410034246488,0.0142458269769894,0.0142524128539245,0.0142600618950444,0.0142679919382588,0.0142753996830568,0.0142815240461008,0.014285706070011,0.0142874407340031,0.0142864166519951,0.0142825405810043,0.0142759448310807,0.0142669769820436,0.0142561726750146,0.0142442135571347,0.0142318736182038,0.0142199580804992,0.0142092396150444,0.0142003969063328,0.0141939604456963,0.0141902699039338,0.0141894465513216,0.0141913830221395,0.0141957513497537,0.0142020287330889,0.0142095390532342,0.0142175068600956,0.0142251195065885,0.0142315924149468,0.0142362321790869,0.0142384923653311,0.0142380174603303,0.0142346713829461,0.0142285482463489,0.0142199645199077,0.0142094332710643,0.014197622633235,0.0141853019230222,0.0141732798144111,0.0141623395916183,0.0141531766998641,0.0141463435835322,0.0141422061696435,0.0141409153813557,0.014142395838145,0.0141463525202913,0.0141522947560734,0.0141595755401816,0.0141674430133206,0.0141751000129054,0.0141817670090887,0.0141867435085608,0.0141894631518648,0.0141895382327909,0.0141867901907607,0.0141812637077574,0.014173223301071,0.0141631326495485,0.0141516182248756,0.0141394200214882,0.0141273331965945,0.0141161451662756,0.0141065730941633,0.0140992067195088,0.014094461093233,0.0140925430454777,0.0140934341477665,0.0140968916352924,0.0141024673206283,0.0141095430742881,0.0141173800901078,0.0141251780095196,0.0141321391473853,0.0141375326178395,0.0141407531440744,0.0141413697567234,0.0141391604088764,0.0141341296926083,0.0141265082336845,0.014116733848888,0.0141054160457383,0.0140932868003874,0.014081141652671,0.0140697759173078,0.0140599211684614,0.0140521870889103,0.0140470132980454,0.0140446349317905,0.0140450646167057,0.0140480921558097,0.0140533018342187,0.014060105870885,0.0140677912952022,0.0140755765062357,0.014082673050326,0.0140883477786891,0.0140919805433616,0.0140931129534379,0.0140914844137199,0.0140870526508814,0.0140799971250005,0.0140707050395274,0.014059741004219,0.0140478026740664,0.014035665787345,0.0140241228728148,0.0140139204219672,0.0140056994814828,0.0139999443942498,0.0139969438140782,0.0139967671792739,0.0139992586218439,0.0140040489048982,0.0140105845297479,0.0140181717544773,0.0140260320343474,0.0140333644373825,0.0140394099912659,0.0140435127354545,0.0140451725047263,0.0140440851387871,0.0140401668422783,0.0140335607239714,0.0140246250119211,0.0140139039468748,0.0140020837705954,0.0139899374298089,0.0139782625118175,0.0139678174440979,0.0139592610902821,0.0139531005570562,0.0139496513237673,0.0139490127835536,0.0139510610309331,0.0139554593508437,0.0139616854690395,0.0139690733215035,0.0139768659888056,0.0139842756008417,0.0139905455069174,0.0139950098588036,0.0139971459763409,0.013996615436071,0.0139932906985361,0.0139872652036684,0.0139788461339708,0.0139685303789941,0.013956965533955,0.0139448989337012,0.0139331186715688,0.0139223912058469,0.0139134004596783,0.0139066932434682,0.0139026353711542,0.0139013820314552,0.0139028648693429,0.0139067969140027,0.0139126950601755,0.0139199183854874,0.0139277192856082,0.0139353033422061,0.013941893098851,0.0139467905743229,0.0139494334252212,0.0139494401778134,0.0139466408417581,0.0139410904201616,0.0139330642387587,0.0139230355116076,0.0139116370147888,0.0138996100303962,0.0138877447428505,0.0138768169351835,0.0138675260940247,0.0138604398742569,0.0138559493188154,0.0138542383287022,0.0138552697117028,0.0138587888037229,0.0138643442630156,0.0138713242951139,0.0138790053776134,0.0138866096062569,0.0138933661439834,0.013898571965917,0.0139016471724797,0.0139021805796589,0.0138999620540834,0.0138949990830876,0.0138875162812812,0.0138779378472777,0.0138668543010362,0.013854976055254,0.0138430774101988,0.0138319353300615,0.0138222677989436,0.0138146766272446,0.0138095992712271,0.0138072735549073,0.0138077181893907,0.0138107307440851,0.0138159033338386,0.0138226548569721,0.0138302772673145,0.0138379922015219,0.0138450134115641,0.0138506099504441,0.0138541649750804,0.0138552253745665,0.0138535381772837,0.0138490707741189,0.0138420133265328,0.0138327631946525,0.0138218926965552,0.0138101028689278,0.0137981670265497,0.013786868721947,0.0137769391260075,0.0137689988568529,0.0137635088833222,0.0137607343600027,0.0137607241820287,0.0137633077730872,0.0137681092460299,0.0137745777117086,0.0137820312616371,0.0137897111059587,0.0137968415856768,0.0138026913513402,0.0138066309371805,0.0138081822594669,0.0138070562033951,0.0138031753845045,0.0137966803105702,0.0137879184455678,0.0137774169953835,0.0137658414972929,0.0137539434065276,0.0137425007483984,0.0137322564744768,0.013723859378073,0.0137178122640468,0.0137144315351513,0.0137138214860497,0.0137158654496661,0.0137202346059293,0.0137264138448785,0.0137337426888538,0.0137414680377543,0.0137488045134766,0.0137549975325859,0.0137593839893336,0.0137614456088325,0.0137608506203595,0.0137574803551938,0.0137514386124168,0.0137430430549463,0.0137327993754242,0.0137213603808382,0.0137094733661396,0.0136979200795128,0.0136874541517535,0.013678741028491,0.0136723052000956,0.0136684888964669,0.0136674254595636,0.0136690294087246,0.0136730038734231,0.0136788646949102,0.0136859792002225,0.0136936165264559,0.0137010055010397,0.013707395525937,0.0137121157080035,0.0137146276357248,0.0137145677087862,0.0137117757402082,0.0137063076090177,0.0136984309667619,0.0136886043049088,0.0136774409769373,0.0136656609423291,0.0136540339695294,0.0136433187251777,0.0136342025316929,0.0136272465623514,0.0136228408559961,0.0136211727937031,0.0136222116376638,0.0136257104662291,0.0136312254484325,0.0136381509986688,0.0136457680522115,0.0136533016135025,0.0136599829459068,0.0136651113654247,0.0136681106119613,0.0136685752031192,0.0136663029921061,0.0136613112839515,0.0136538352169301,0.0136443085743662,0.0136333286319204,0.0136216079443867,0.0136099170247615,0.0135990225816296,0.0135896263046987,0.013582309102641,0.0135774852162744,0.0135753697994084,0.0135759624531235,0.0135790479113825,0.0135842137127708,0.0135908833626223,0.0135983622931953,0.0136058929553974,0.0136127146940297,0.0136181237167082,0.0136215284849333,0.0136224962277828,0.0136207869731187,0.0136163724553843,0.0136094384223409,0.0136003701403153,0.0135897221941923,0.0135781748978655,0.0135664806814878,0.0135554046234256,0.0135456637832603,0.0135378701240063,0.0135324815691802,0.0135297651349129,0.0135297751502886,0.0135323483989675,0.0135371166715432,0.0135435358162642,0.0135509290294302,0.0135585409497206,0.0135655982154954,0.0135713715912824,0.0135752346193257,0.0135767140199277,0.0135755277308454,0.0135716074876654,0.0135651041192797,0.0135563751561772,0.0135459558013987,0.0135345156706836,0.0135228048566679,0.0135115937185201,0.0135016112764955,0.0134934871651333,0.0134877017690527,0.0134845484664497,0.0134841109022443,0.0134862569928336,0.0134906500278667,0.0134967758875578,0.0135039841412106,0.0135115397288984,0.0135186811319362,0.0135246804640814,0.0135289007938327,0.0135308462427059,0.0135302009742978,0.0135268540506293,0.013520908221357,0.0135126719472192,0.0135026352504066,0.0134914312364193,0.0134797862514254,0.013468462540812,0.0134581978868234,0.0134496469741219,0.0134433291348597,0.0134395866605055,0.0134385570654709,0.0134401616037671,0.0134441110555223,0.0134499284156772,0.0134569867450907,0.0134645591989726,0.0134718772344427,0.0134781923061054,0.0134828360483073,0.0134852740465642,0.0134851488141117,0.0134823084713119,0.0134768188009621,0.0134689577207769,0.0134591926588271,0.0134481427161262,0.0134365287350227,0.0134251153596858,0.0134146497971752,0.0134058022177246,0.0133991125590477,0.0133949479433038,0.0133934740289644,0.0133946424802438,0.0133981954399464,0.0134036865437132,0.0134105167214935,0.0134179818938348,0.0134253287693319,0.01343181434853,0.0134367644794178,0.013439626905821,0.0134400146916412,0.0134377366549461,0.0134328124487461,0.0134254711058504,0.0134161331373542,0.0134053775450076,0.0133938962821628,0.0133824396867577,0.0133717571359085,0.0133625375765011,0.0133553546335133,0.0133506206770501,0.0133485535571254,0.0133491587379207,0.0133522283531156,0.0133573573550038,0.0133639755500826,0.0133713930153334,0.0133788552813594,0.0133856038470752,0.0133909371297403,0.0133942668973904,0.0133951655864768,0.0133934006476272,0.0133889531255266,0.0133820189757871,0.013372993042127,0.0133624370396023,0.0133510341922969,0.0133395342473766,0.0133286933448438,0.0133192136058789,0.0133116872867935,0.0133065499374666,0.0133040462420693,0.0133042111740284,0.013306867856886,0.0133116421913423,0.0133179929925289,0.0133252551810602,0.0133326925751849,0.0133395561113136,0.0133451429267053,0.0133488516965232,0.0133502299264323,0.0133490095343207,0.0133451279612856,0.0133387331654506,0.0133301720914812,0.0133199634832166,0.0133087571220438,0.013297282637515,0.0132862918670662,0.0132764992728422,0.0132685251107627,0.0132628458696482,0.0132597559626333,0.013259343793283,0.0132614841964688,0.0132658479550687,0.0132719277210075,0.0132790783349752,0.0132865683541106,0.0132936386613123,0.0132995634259264,0.0133037084691794,0.0133055822824107,0.0133048755388329,0.0133014858813029,0.0132955259792232,0.0132873142238496,0.0132773488562601,0.0132662676754038,0.0132547966410924,0.0132436915713172,0.0132336776638677,0.0132253917102336,0.0132193316112968,0.0132158171780579,0.0132149652639218,0.0132166811082852,0.0132206664712858,0.0132264438122348,0.0132333945141198,0.0132408080785552,0.013247938387811,0.0132540626102854,0.0132585381470326,0.0132608531891323,0.0132606669629563,0.0132578365426759,0.0132524281456652,0.013244712019847,0.0132351412952608,0.0132243164125978,0.0132129378669054,0.0132017509289374,0.0131914866567381,0.0131828038323268,0.0131762364227915,0.0131721507679638,0.0131707159618083,0.013171889872505,0.0131754220131019,0.0131808731270156,0.0131876499992135,0.0131950527565244,0.0132023308840294,0.0132087434484949,0.0132136186511475,0.0132164078668401,0.0132167297659786,0.0132144009240454,0.0132094504327525,0.0132021173424866,0.0131928311763014,0.0131821771418246,0.0131708489117794,0.0131595928415123,0.0131491481614704,0.0131401879731781,0.0131332657721287,0.0131287717365292,0.013126902202597,0.0131276446662684,0.013130779398492,0.01313589744005,0.0131424334584159,0.0131497108021446,0.0131569951618949,0.0131635526060849,0.0131687074464526,0.0131718954242905,0.0131727080863235,0.0131709249091539,0.0131665306791879,0.0131597167696673,0.0131508661947653,0.0131405235727007,0.0131293523031645,0.0131180822700355,0.0131074521394088,0.0130981507741184,0.0130907623900253,0.0130857198227741,0.013083269669395,0.0130834521568195,0.0130860974354692,0.0130908386893803,0.013097141099232,0.0131043444019916,0.0131117156682522,0.0131185080618814,0.0131240208327644,0.0131276556707408,0.0131289648319938,0.0131276871160617,0.0131237687663657,0.0131173676057501,0.0131088400967536,0.0130987124175451,0.0130876379490552,0.0130763446658367,0.0130655767215675,0.0130560349583793,0.0130483211181493,0.0130428901965959,0.0130400146907983,0.013039763507941,0.0130419971120906,0.0130463791870086,0.0130524037921812,0.0130594357874948,0.0130667612876828,0.0130736441530068,0.0130793840803543,0.0130833717591548,0.0130851368033867,0.0130843847418735,0.0130810201983419,0.0130751544563073,0.013067096804443,0.0130573303085924,0.0130464738643298,0.0130352334572338,0.0130243464141179,0.0130145230003649,0.013006389959491,0.0130004404768618,0.0129969945806408,0.0129961731980635,0.0129978880210331,0.0130018480835588,0.0130075826141818,0.0130144784068927,0.0130218287618887,0.0130288900833917,0.0130349415710686,0.0130393431651976,0.0130415870313887,0.0130413383901305,0.0130384623661997,0.0130330346801204,0.0130253353322507,0.0130158258274061,0.0130051118348162,0.0129938943592999,0.0129829134164372,0.0129728887844212,0.0129644626065258,0.0129581484307776,0.0129542907180593,0.0129530379769721,0.0129543315693802,0.0129579109698691,0.0129633349594107,0.0129700169907796,0.0129772718736193,0.012984370068984,0.0129905953176354,0.0129953010927635,0.0129979614805426,0.0129982125387453,0.0129958809271901,0.012990997586535,0.012983795391358,0.0129746909365172,0.0129642518427026,0.0129531520961749,0.0129421188819803,0.0129318750549325,0.0129230817629621,0.0129162857605422,0.0129118756182226,0.0129100503661524,0.0129108031497514,0.0129139212945232,0.0129190028666972,0.0129254884830281,0.0129327058766313,0.012939923670905,0.0129464100400271,0.0129514915108823,0.0129546071283433,0.0129553535711386,0.0129535175412372,0.0129490927939795,0.0129422804395988,0.012933472521534,0.0129232202463728,0.0129121894891124,0.0129011072212766,0.0128907032241499,0.0128816517990617,0.0128745181485502,0.0128697136864756,0.0128674637830162,0.0128677904283031,0.0128705110925099,0.01287525376989,0.0128814869226766,0.012888561886972,0.0128957643526294,0.0129023708502064,0.0129077058164099,0.0129111947876378,0.0129124095875284,0.0129111020029037,0.012907223334529,0.0129009282975952,0.0128925629512385,0.0128826375683873,0.0128717865260232,0.0128607183138629,0.0128501595479662,0.0128407973714891,0.0128332247849338,0.0128278932544309,0.0128250764071493,0.0128248477736341,0.0128270744392432,0.0128314272046611,0.0128374065284927,0.0128443822407405,0.0128516438813474,0.0128584576302792,0.0128641252332255,0.012868040141988,0.0128697363007673,0.0128689256032255,0.0128655209714756,0.0128596431890315,0.0128516109554163,0.0128419150070973,0.0128311784505646,0.0128201065684754,0.0128094301965227,0.0127998472608823,0.0127919671787378,0.0127862625549695,0.0127830319849873,0.0127823768530971,0.0127841938769874,0.0127881838872261,0.0127938760485741,0.0128006655277723,0.0128078615808247,0.0128147422463067,0.0128206113447049,0.012824853329642,0.0128269817228654,0.0128266773737998,0.012823813575983,0.0128184660867669,0.0128109072583265,0.0128015847122284,0.0127910861865202,0.0127800932640112,0.0127693275705933,0.0127594936437152,0.0127512229628174,0.0127450235778661,0.012741239366827,0.0127400222229019,0.012741319469004,0.0127448775954759,0.0127502621114489,0.0127568919951514,0.0127640860316835,0.0127711173395582,0.0127772716957104,0.0127819049354326,0.0127844947608589,0.0127846827377049,0.0127823030591314,0.0127773957412578,0.0127702031950858,0.0127611504854706,0.0127508109226442,0.0127398598225728,0.0127290202199903,0.0127190049462789,0.0127104597458758,0.0127039119837279,0.0126997290085489,0.0126980894280959,0.0126989694947876,0.0127021455826007,0.0127072124588677,0.0127136158181937,0.0127206964445896,0.0127277424835993,0.0127340457019397,0.012738957329024,0.0127419391292434,0.0127426057379211,0.0127407549764091,0.0127363837913731,0.0127296885709269,0.0127210497939405,0.0127110021791495,0.0127001926277189,0.0126893292123973,0.012679125184696,0.0126702423904006,0.0126632385648893,0.0126585227098149,0.0126563221465714,0.0126566639422328,0.0126593722771697,0.0126640820561811,0.0126702677560656,0.0126772852584751,0.0126844233430538,0.0126909607062143,0.0126962238973792,0.0126996414700397,0.0127007899400561,0.0126994278062735,0.0126955148652917,0.0126892152613891,0.0126808840506971,0.0126710384102657,0.0126603158727631,0.0126494230125512,0.0126390787642403,0.0126299569612162,0.012622632709327,0.0126175368630285,0.0126149221834513,0.0126148437936693,0.0126171553888857,0.0126215214027887,0.0126274440754334,0.0126343032096958,0.0126414054311982,0.0126480390522235,0.0126535302326409,0.0126572960548884,0.0126588903863397,0.0126580389696012,0.0126546610167043,0.0126488756245093,0.0126409924979392,0.012631487677914,0.0126209661328511,0.0126101141004122,0.0125996448815163,0.0125902423258844,0.0125825064608764,0.0125769055811104,0.0125737386406774,0.0125731110043229,0.0125749255744781,0.0125788900944635,0.0125845401294056,0.0125912759517039,0.0125984104148291,0.0126052239855077,0.012611022498576,0.012615192954432,0.0126172528207925,0.0126168888212055,0.0126139820512644,0.0126086173871259,0.0126010764429614,0.0125918146836454,0.0125814245925907,0.0125705879241635,0.0125600209419787,0.0125504170876506,0.0125423916980561,0.012536433185557,0.0125328645390816,0.0125318181461621,0.0125332258504341,0.012536824935487,0.0125421794640895,0.0125487152023412,0.0125557653134138,0.0125626231909096,0.0125685982734511,0.0125730704747469,0.0125755389896773,0.0125756616855053,0.0125732820222595,0.0125684414105475,0.0125613760359403,0.0125524983747828,0.0125423648101933,0.0125316318414141,0.0125210042810889,0.0125111794816275,0.0125027919705263,0.0124963628754991,0.0124922581784949,0.0124906591727138,0.0124915475533529,0.0124947064204636,0.0124997372009435,0.0125060912096075,0.0125131133727728,0.0125200946315859,0.0125263288124062,0.0125311693632474,0.0125340813463803,0.0125346844528723,0.0125327835353234,0.0125283841786033,0.0125216920578789,0.012513096164495,0.0125031373007446,0.0124924644427724,0.0124817825460982,0.0124717960407794,0.0124631525811436,0.0124563915578863,0.0124519014596493,0.012449889427345,0.0124503653432039,0.0124531416229276,0.0124578486297117,0.0124639644028,0.0124708562848845,0.0124778311247071,0.0124841900891414,0.0124892837871304,0.0124925634064217,0.0124936238889088,0.0124922357944004,0.012488363378227,0.0124821674705514,0.0124739929162628,0.0124643415270967,0.0124538326230229,0.0124431542133191,0.0124330086147221,0.0124240567653625,0.0124168656285198,0.0124118628724687,0.0124093024711357,0.01240924403145,0.0124115475791307,0.0124158843076048,0.0124217625113379,0.0124285666890064,0.0124356067164941,0.0124421731481603,0.0124475941817078,0.0124512896655822,0.0124528177547133,0.0124519104139648,0.0124484948804523,0.0124426993491153,0.0124348424426814,0.0124254073568218,0.0124150028210902,0.01240431408131,0.012394047901753,0.0123848760427983,0.0123773817586788,0.0123720135791612,0.0123690500182312,0.012368577948742,0.0123704862719393,0.0123744752868777,0.0123800809255349,0.0123867118619265,0.0123936965155631,0.0124003362230608,0.0124059603983635,0.0124099793712813,0.0124119307920961,0.0124115159993249,0.0124086235284794,0.0124033379324327,0.01239593321492,0.0123868513646768,0.0123766676319007,0.0123660452249797,0.012355682944256,0.012346259844108,0.0123383812766966,0.0123325305955856,0.0123290303852931,0.0123280163595033,0.0123294260867757,0.0123330035314417,0.0123383191309089,0.0123448038713319,0.0123517946761204,0.0123585874828852,0.0123644937352484,0.0123688957148931,0.0123712962160192,0.0123713585164974,0.0123689333909913,0.01236407097452,0.012357016529897,0.0123481904934265,0.0123381544584257,0.012327565897386,0.0123171253255836,0.012307520198553,0.0122993700680957,0.012293177383213,0.0122892878317195,0.0122878633214561,0.0122888696669725,0.0122920798646687,0.0122970926027111,0.0123033644594196,0.0123102531864536,0.0123170686299532,0.012323127274217,0.0123278061367452,0.0123305918150099,0.0123311208746624,0.0123292084447752,0.0123248627974749,0.0123182847696361,0.0123098520531323,0.0123000895502765,0.0122896280749578,0.0122791545963961,0.0122693579013877,0.0122608739377877,0.0122542351609983,0.01224982792437,0.0122478613489445,0.0122483502208373,0.0122511133631267,0.0122557876983321,0.0122618569539649,0.0122686927687059,0.0122756049309063,0.0122818967142024,0.012286920836716,0.0122901315013208,0.0122911282825047,0.0122896882860467,0.0122857839666448,0.012279585166368,0.0122714452336568,0.0122618723874666,0.0122514886923329,0.0122409800071308,0.0122310409826346,0.0122223195557277,0.0122153653954235,0.0122105864016984,0.0122082166770458,0.0122082984444547,0.0122106792561193,0.0122150246183482,0.0122208449462841,0.0122275346501503,0.0122344202257419,0.0122408135440004,0.0122460661556403,0.0122496203710601,0.0122510531429155,0.0122501093453207,0.0122467218660459,0.0122410169451027,0.0122333043296628,0.0122240529873166,0.012213854240176,0.0122033751674392,0.0121933058985432,0.0121843049212115,0.0121769467151872,0.012171675872802,0.01216877138756,0.0121683240139631,0.0121702285825103,0.0121741919701549,0.0121797561705192,0.0121863346810522,0.0121932593287401,0.0121998337861877,0.0122053894624395,0.0122093392389089,0.0122112246812413,0.0122107528822188,0.0122078199368605,0.0122025191481889,0.012195133317232,0.0121861117764025,0.0121760340703831,0.0121655632689311,0.0121553927227518,0.0121461905807096,0.0121385465356531,0.0121329250500988,0.0121296287563014,0.0121287748799643,0.012130286476733,0.0121338990833661,0.0121391821662901,0.01214557359458,0.012152424361085,0.0121590499990941,0.0121647846473345,0.0121690335350752,0.012171319800364,0.0121713220044894,0.0121688994301195,0.0121641031949818,0.0121571723067451,0.0121485149462046,0.0121386764087831,0.0121282961742946,0.0121180574336982,0.0121086330120728,0.0121006319379653,0.0120945508909671,0.0120907344073791,0.0120893470605158,0.0120903599047651,0.0120935523496994,0.0120985293985467,0.0121047529425299,0.0121115846520177,0.0121183370448213,0.0121243286246571,0.0121289386294512,0.012131656942952,0.0121321251062764,0.012130165089272,0.012125793485092,0.0121192199895739,0.0121108303173105,0.012101154978892,0.0120908264919845,0.0120805285276295,0.0120709411267208,0.0120626864105245,0.0120562791341143,0.0120520860055541,0.0120502969583317,0.0120509105848979,0.0120537347974944,0.0120584025715118,0.0120644014424723,0.0120711143626224,0.0120778686569821,0.0120839892134145,0.0120888517374129,0.0120919319179253,0.0120928466814797,0.0120913843316911,0.0120875212326683,0.0120814237329426,0.0120734351639469,0.0120640488999076,0.0120538695493006,0.0120435652805594,0.0120338149941054,0.0120252544812343,0.0120184258203581,0.0120137340388261,0.0120114145261115,0.0120115138582604,0.0120138856439575,0.0120182018090417,0.0120239784932833,0.0120306145426155,0.0120374395418854,0.0120437675367446,0.0120489521080908,0.0120524383325828,0.0120538074026498,0.0120528102718825,0.0120493875887229,0.0120436743076056,0.0120359886259778,0.0120268061802649,0.0120167216347642,0.0120064008143354,0.0119965272817649,0.011987747684759,0.011980620264928,0.0119755706312531,0.0119728582829001,0.0119725564772483,0.0119745469557017,0.0119785298524621,0.0119840479148765,0.011990523050574,0.0119973022700832,0.01200370938363,0.0120090983879656,0.0120129043710893,0.0120146879732229,0.0120141699518655,0.0120112531673906,0.0120060302763419,0.011998776521053,0.0119899281549535,0.011980048156981,0.0119697818819864,0.0119598060914341,0.0119507753479292,0.0119432699930863,0.0119377498368886,0.0119345172683591,0.011933692778831,0.0119352049227211,0.0119387956000673,0.0119440403190284,0.0119503818828842,0.0119571748446023,0.0119637371766692,0.0119694049937663,0.01197358589654,0.0119758066019513,0.0119757509833433,0.0119732854242211,0.011968469429228,0.0119615506466334,0.0119529447361233,0.011943201754488,0.011932961824972,0.0119229037126459,0.0119136904798045,0.0119059166009094,0.0119000607645609,0.0118964480987341,0.0118952247704008,0.011896346900058,0.0118995845804523,0.011904540590742,0.0119106822473163,0.011917383818847,0.0119239761306081,0.0119297994484985,0.0119342555020745,0.0119368545916407,0.0119372541178576,0.0119352855422971,0.0119309676829895,0.0119245053029236,0.011916273083382,0.0119067862041907,0.0118966597958248,0.0118865604052954,0.0118771532604184,0.0118690494725316,0.0118627573535306,0.0118586417310091,0.0118568945426385,0.011857519119663,0.0118603294940966,0.0118649648673319,0.0118709181545491,0.011877576370072,0.0118842696402491,0.01189032490715,0.011895119982573,0.0118981335651489,0.0118989871508614,0.0118974754246348,0.0118935826633432,0.01188748382928,0.011879530290147,0.0118702213601306,0.0118601640100259,0.0118500240463329,0.0118404727321702,0.0118321331644115,0.0118255307083331,0.0118210514298328,0.0118189117912082,0.011819141949732,0.0118215838980753,0.0118259045030016,0.0118316223276733,0.0118381460534283,0.011844821429111,0.0118509830344184,0.0118560067935268,0.011859359138904,0.011860639001082,0.0118596093644349,0.0118562159379197,0.0118505914835121,0.0118430454507655,0.0118340397016823,0.0118241521906414,0.0118140314077656,0.0118043451288517,0.0117957274833391,0.0117887285139828,0.0117837702390403,0.0117811127455232,0.011780833072289,0.0117828186415561,0.011786775844291,0.0117922531693829,0.0117986770858307,0.0118053978384706,0.011811741490702,0.011817064016315,0.0118208030559563,0.0118225231307526,0.0118219506327717,0.0118189957459828,0.0118137595228642,0.0118065255609826,0.0117977369869589,0.011787960654283,0.0117778414950903,0.0117680507493964,0.0117592322667944,0.0117519512009243,0.0117466491906728,0.0117436095675544,0.0117429352969208,0.0117445413241658,0.0117481618429312,0.0117533718233889,0.0117596210264698,0.0117662777685358,0.0117726789617332,0.0117781824910546,0.0117822178309386,0.0117843309592928,0.0117842200798003,0.011781759378746,0.0117770089670261,0.0117702102232724,0.0117617668810091,0.0117522133073179,0.0117421724198572,0.011732306507847,0.0117232647972237,0.0117156318829321,0.0117098811148689,0.0117063366648065,0.0117051473422509,0.011706274315163,0.0117094937954511,0.0117144145540424,0.011720508931216,0.0117271549031654,0.0117336858493422,0.0117394440170151,0.0117438333576798,0.011746367444774,0.0117467085732278,0.0117446948580189,0.0117403531318741,0.0117338966087081,0.0117257075298,0.0117163062373601,0.0117063092216421,0.0116963795718814,0.0116871738569606,0.0116792897225819,0.0116732184008704,0.0116693058985834,0.0116677259030142,0.0116684664851625,0.0116713315688285,0.0116759569619854,0.0116818396047904,0.0116883776646847,0.0116949182805211,0.0117008091853343,0.0117054501605159,0.011708340308457,0.0117091174688758,0.0117075867183668,0.011703735737278,0.0116977358410035,0.0116899285792239,0.0116807989236159,0.0116709371078835,0.0116609920750158,0.0116516201576255,0.0116434330148152,0.011636948938096,0.0116325514059066,0.0116304582229333,0.011630703764372,0.0116331358174559,0.0116374273524198,0.0116431023539617,0.0116495736992023,0.0116561900746755,0.0116622881689648,0.0116672459266456,0.011670532544569,0.0116717511448308,0.0116706706507238,0.0116672442740912,0.0116616131212838,0.0116540946469719,0.0116451569261461,0.0116353808692455,0.0116254134773146,0.0116159159442797,0.0116075108058356,0.0116007323805118,0.0115959844491336,0.0115935085047676,0.0115933650327924,0.0115954292253047,0.0115994013821954,0.0116048310939436,0.0116111532280252,0.011617732833722,0.0116239154068625,0.0116290785639322,0.0116326810884097,0.0116343055323751,0.0116336910639685,0.011630754008266,0.0116255944798467,0.0116184885790179,0.0116098667394472,0.0116002798889192,0.0115903560370843,0.011580750663186,0.0115720947835696,0.0115649447898547,0.011559738041035,0.0115567577684686,0.011556110140281,0.0115577153839829,0.0115613137550702,0.0115664859511469,0.0115726864002429,0.0115792867950853,0.0115856263929569,0.0115910650286337,0.0115950345475094,0.0115970844803689,0.0115969182428619,0.0115944169144279,0.0115896486692549,0.0115828631099798,0.0115744709929536,0.0115650110265969,0.0115551064713881,0.0115454150847634,0.0115365764715182,0.0115291610811502,0.0115236249276991,0.011520273614612,0.0115192384727777,0.0115204666318236,0.0115237257259135,0.0115286227759307,0.0115346356813358,0.0115411547817535,0.011547531182775,0.0115531280372146,0.0115573707660553,0.011559792304128,0.0115600698534056,0.0115580502898663,0.011553762247802,0.0115474139328925,0.0115393768163605,0.0115301564556699,0.0115203526909314,0.0115106123042055,0.0115015778357189,0.0114938365770469,0.011487873777044,0.011484033795123,0.0114824923364386,0.0114832420464322,0.0114860926915723,0.0114906859900946,0.0114965239738565,0.0115030086572817,0.0115094898548718,0.0115153173057168,0.0115198928923576,0.0115227187166833,0.011523437122278,0.0115218594055128,0.011517980882996,0.0115119811030705,0.011504209208536,0.0114951556727496,0.0114854127387323,0.0114756267987666,0.0114664465867206,0.0114584713678213,0.0114522032796729,0.0114480076113219,0.0114460841396791,0.0114464517342307,0.0114489473690626,0.0114532395340252,0.0114588549052797,0.0114652161066824,0.0114716875446703,0.0114776256924661,0.0114824298768157,0.0114855896020739,0.0114867247297108,0.0114856153924067,0.011482219317967,0.011476675210196,0.0114692919095718,0.0114605241560336,0.0114509368172822,0.0114411603504637,0.0114318409638909,0.0114235893829255,0.0114169322623556,0.0114122701100359,0.0114098451013218,0.0114097214039806,0.0114117796549425,0.0114157261081319,0.0114211157945945,0.0114273878972491,0.0114339105376478,0.0114400313875754,0.0114451300233148,0.0114486677800068,0.0114502310540903,0.0114495645295349,0.0114465916257048,0.0114414205127295,0.0114343352252466,0.0114257726264249,0.0114162871274529,0.0114065060567126,0.0113970793165554,0.0113886274050071,0.0113816919824609,0.0113766929258122,0.0113738952595901,0.0113733885359363,0.0113750802235711,0.0113787035442054,0.0113838390535554,0.0113899481923023,0.0113964161114314,0.0114026003740557,0.0114078817014652,0.0114117127935806,0.011413661420048,0.0114134444328482,0.011410950058768,0.0114062467364602,0.0113995778003322,0.0113913424055964,0.0113820641552293,0.0113723498508705,0.0113628415722577,0.0113541658309571,0.0113468837986739,0.0113414465545298,0.0113381589295094,0.0113371548735579,0.0113383863769398,0.0113416269084198,0.011346489171136,0.0113524558170312,0.0113589206997111,0.0113652373734007,0.0113707709371111,0.0113749490310874,0.0113773078449177,0.0113775293930303,0.0113754670235234,0.0113711570911086,0.0113648158616042,0.011356821926193,0.0113476855862135,0.0113380077254342,0.0113284315297881,0.0113195909755563,0.0113120602416261,0.0113063080943928,0.0113026608603591,0.0113012768837262,0.0113021344278257,0.0113050338982597,0.0113096141287683,0.0113153813677169,0.0113217486193687,0.0113280822040698,0.0113337518622642,0.0113381804749271,0.0113408895218957,0.0113415367426821,0.011339943074265,0.0113361067710029,0.0113302036011585,0.011322573089056,0.0113136918518686,0.0113041360848728,0.0112945361026845,0.0112855264803586,0.0112776957058891,0.0112715393224795,0.0112674202946397,0.0112655397899412,0.0112659207648215,0.0112684057374499,0.0112726690011364,0.0112782423687235,0.0112845524368138,0.0112909664098395,0.0112968428086204,0.0113015829691048,0.0113046791541773,0.011305755365892,0.0113045975369878,0.0113011706492146,0.0112956213980667,0.0112882662084934,0.0112795656046726,0.0112700870482714,0.0112604592899726,0.0112513219508609,0.0112432744105981,0.0112368281039396,0.011232366020688,0.0112301125971995,0.0112301163329454,0.0112322464348903,0.0112362036710797,0.0112415444942039,0.0112477164643276,0.0112541021346312,0.0112600679263915,0.0112650141532241,0.0112684222843523,0.0112698957656741,0.011269191226362,0.0112662376470936,0.0112611419962056,0.0112541808829954,0.0112457788570158,0.0112364750192965,0.0112268805276954,0.0112176303026509,0.0112093327134186,0.0112025212089865,0.0111976117342594,0.0111948693450953,0.0111943867327817,0.0111960764394863,0.0111996774618284,0.0112047757860332,0.0112108372686402,0.0112172502644815,0.011223374593823,0.011228592903761,0.0112323602644948,0.0112342479710598,0.0112339779869044,0.0112314452286397,0.011226725887101,0.0112200711250446,0.0112118866900794,0.0112027001314698,0.0111931183135962,0.0111837786931211,0.0111752983093417,0.0111682245931549,0.0111629919226276,0.0111598873615882,0.0111590282559,0.0111603533953155,0.0111636283585333,0.0111684645352165,0.0111743502504331,0.0111806914848203,0.0111868589550041,0.0111922378449615,0.01119627629313,0.0111985288538317,0.0111986915535785,0.0111966258199162,0.0111923694215454,0.0111861335595913,0.0111782863183087,0.011169323740833,0.0111598307622056,0.0111504350329157,0.0111417572384571,0.0111343618179909,0.0111287119822123,0.0111251326222746,0.0111237841054722,0.0111246491098467,0.0111275336219929,0.0111320820909973,0.0111378055885152,0.0111441207642355,0.0111503964950817,0.0111560044810505,0.0111603696982872,0.0111630166143942,0.0111636074064746,0.0111619690724006,0.0111581072352563,0.0111522055323262,0.0111446106614187,0.0111358043294526,0.0111263644126528,0.0111169185051408,0.0111080936316265,0.0111004661839925,0.0110945160925094,0.0110905888703494,0.0110888685106377,0.0110893633258355,0.011091905774646,0.0110961662076229,0.0111016793686322,0.0111078815001117,0.0111141550895305,0.0111198777207105,0.0111244711962277,0.0111274470949323,0.0111284452188683,0.0111272619424245,0.011123866260136,0.0111184022793271,0.0111111779495716,0.0111026408855661,0.0110933431441167,0.0110838976834025,0.0110749298963807,0.011067028017136,0.0110606963143143,0.0110563147957719,0.0110541086623991,0.0110541299994682,0.011056253235732,0.0110601848074104,0.0110654863225796,0.0110716094239501,0.0110779395858081,0.0110838453363692,0.0110887289353928,0.0110920744007882,0.0110934889815089,0.011092734702258,0.011089747415554,0.0110846418209387,0.01107770206288,0.0110693586999837,0.0110601539481283,0.0110506980463097,0.0110416202990297,0.0110335187577797,0.0110269125863252,0.0110222009074517,0.011019631377929,0.0110192809336768,0.0110210501590626,0.0110246716448397,0.0110297315954016,0.0110357029133015,0.011041987105304,0.0110479616855169,0.0110530293453549,0.011056665043994,0.0110584573508419,0.0110581408266166,0.0110556169265835,0.0110509617967145,0.0110444203454643,0.0110363870350109,0.0110273748664231,0.0110179749556494,0.0110088098416869,0.0110004841770303,0.010993536681297,0.0109883971688484,0.0109853520897703,0.010984521374445,0.0109858484921318,0.010989104590111,0.0109939064536011,0.0109997469080691,0.0110060352671325,0.0110121445971169,0.0110174619955938,0.0110214378170436,0.0110236298492811,0.0110237388467794,0.0110216325298974,0.011017356104005,0.0110111284592671,0.0110033243855539,0.010994444278089,0.0109850738226493,0.0109758369513347,0.0109673458864816,0.0109601523000749,0.0109547034956054,0.0109513070840309,0.0109501069168661,0.0109510721201531,0.0109540000201944,0.0109585326500148,0.0109641854611134,0.010970385920177,0.0109765189163212,0.0109819753956879,0.0109862004111844,0.0109887368386522,0.0109892613586451,0.0109876099077163,0.0109837906190386,0.0109779832384395,0.010970525046438,0.01096188436171,0.0109526236686545,0.010943355228496,0.0109346926365071,0.0109272021284181,0.010921357486199,0.010917502138373,0.0109158215076325,0.0109163278667932,0.0109188589818115,0.0109230907231023,0.0109285627009677,0.0109347149193671,0.0109409325336882,0.0109465951209237,0.0109511264841101,0.0109540409527805,0.0109549824155618,0.0109537529090948,0.0109503284410785,0.0109448607724653,0.0109376650354685,0.0109291942222969,0.0109200026467295,0.0109107013684157,0.0109019092056356,0.0108942032960067,0.0108880731723365,0.0108838820065649,0.0108818380702979,0.010881978620171,0.010884167411925,0.0108881059606483,0.0108933575820901,0.0108993822554211,0.0109055795170167,0.0109113359891175,0.0109160738088875,0.0109192961733766,0.0109206264540515,0.0109198378406989,0.0109168712100907,0.0109118398249858,0.0109050204858822,0.010896831805584,0.0108878012769758,0.0108785236824914,0.0108696140825063,0.0108616590643646,0.0108551700957558,0.0108505426884365,0.01084802464683,0.010847695979959,0.0108494621450828,0.0108530612356026,0.0108580846070076,0.0108640093436664,0.0108702399973858,0.0108761562588341,0.0108811627216187,0.0108847367105742,0.0108864702895305,0.0108861030308308,0.0108835428819444,0.0108788734404557,0.010872347063946,0.010864364400743,0.0108554420338136,0.0108461708915135,0.0108371688162109,0.0108290311349419,0.0108222832102549,0.0108173387584025,0.0108144672282126,0.0108137727836324,0.0108151864902911,0.0108184722482667,0.0108232459244701,0.0108290061049918,0.0108351739910252,0.0108411392681873,0.0108463083365669,0.0108501511258897,0.0108522428453985,0.0108522974205159,0.0108501900172438,0.0108459669009853,0.0108398418546994,0.010832179418935,0.010823466237067,0.0108142727177515,0.0108052079925703,0.0107968716889214,0.0107898063108164,0.0107844539984953,0.010781121119756,0.0107799535521762,0.0107809246873732,0.0107838371864744,0.0107883384174727,0.0107939483988062,0.0108000980515174,0.0108061747111802,0.0108115712427157,0.0108157347893067,0.0108182112003495,0.0108186815253491,0.0108169876048297,0.0108131446819569,0.010807340023493,0.0107999176851921,0.0107913506880256,0.0107822028932743,0.0107730836917517,0.0107645991875499,0.0107573038155313,0.0107516562674082,0.0107479832244943,0.0107464537422128,0.0107470662593395,0.0107496491870212,0.0107538749521142,0.0107592863125952,0.0107653328115364,0.0107714144613076,0.0107769292068085,0.0107813204430024,0.0107841208753256,0.01078498930818,0.0107837375022713,0.0107803450127843,0.0107749608488203,0.0107678918114005,0.0107595783978558,0.0107505601282864,0.0107414329816437,0.010732802259894,0.0107252345774647,0.0107192127670885,0.0107150972909166,0.0107130972584944,0.0107132534138677,0.0107154345166341,0.0107193474775254,0.0107245605025049,0.0107305374410516,0.0107366806128215,0.0107423786809492,0.0107470557110338,0.0107502174412733,0.0107514910041327,0.0107506548679629,0.0107476565653691,0.0107426167767148,0.010735819456427,0.0107276888314613,0.0107187551693446,0.0107096121189394,0.0107008690964724,0.0106931025691065,0.0106868101501712,0.0106823711634772,0.0106800167856969,0.0106798120855745,0.0106816513145151,0.0106852667442453,0.0106902502781292,0.0106960860667017,0.0107021915111338,0.0107079634034178,0.0107128255736467,0.0107162743173066,0.0107179180625543,0.0107175081927555,0.0107149586280433,0.0107103526395498,0.0107039363561251,0.0106960994521129,0.0106873444995273,0.0106782473544332,0.0106694116581913,0.0106614210133551,0.010654792600944,0.0106499359196738,0.010647119950181,0.01064645140353,0.0106478658498595,0.0106511325054227,0.0106558723635719,0.010661588274844,0.0106677046026546,0.0106736132870701,0.0106787226092122,0.0106825047113936,0.0106845380159129,0.0106845410934288,0.0106823952271037,0.0106781538437603,0.0106720380602821,0.010664418731151,0.0106557864846743,0.0106467122083194,0.0106378012071175,0.0106296447522927,0.0106227729230335,0.0106176125116246,0.0106144533262524,0.0106134255270153,0.0106144897299575,0.0106174405874404,0.0106219234846794,0.0106274629655443,0.0106335005939946,0.0106394392378988,0.0106446902815701,0.0106487200656393,0.010651091930091,0.0106515005892059,0.0106497961669461,0.0106459960222682,0.0106402834366697,0.0106329932512913,0.0106245855524865,0.0106156094366951,0.0106066596669191,0.0105983296037549,0.0105911641078541,0.0105856161396441,0.0105820105183354,0.0105805177609846,0.0105811401418511,0.0105837111512899,0.0105879084665435,0.0105932794582298,0.0105992772345423,0.0106053043557683,0.0106107607099461,0.0106150916836439,0.0106178327227473,0.0106186466620903,0.0106173507878035,0.0106139314346888,0.0106085449428633,0.0106015049168007,0.0105932568500136,0.0105843422049212,0.0105753548848792,0.0105668936358436,0.0105595142220402,0.010553685211381,0.0105497508868288,0.0105479042002392,0.0105481718596326,0.0105504126605273,0.0105543291171364,0.0105594914030435,0.0105653716538642,0.0105713858886869,0.0105769402320002,0.0105814778041725,0.010584522615782,0.0105857170476021,0.0105848500025413,0.0105818735400068,0.0105769066934802,0.0105702261624286,0.0105622445858195,0.0105534780699619,0.0105445054854892,0.0105359227030393,0.0105282953529814,0.0105221138357346,0.0105177541595655,0.0105154477484832,0.0105152626733502,0.0105170978657707,0.0105206908453451,0.0105256384072058,0.0105314286655539,0.0105374819169255,0.0105431970533881,0.0105479997854125,0.0105513887698325,0.0105529758968925,0.0105525174605405,0.0105499336791273,0.0105453149873681,0.0105389146045936,0.010531128007694,0.0105224610046662,0.0105134890264213,0.0105048109539356,0.0104970012192302,0.010490564031516,0.0104858933802325,0.0104832419756019,0.0104827015484134,0.0104841960070697,0.0104874879184048,0.0104921977241969,0.0104978341109623,0.0105038330917568,0.0105096026976065,0.0105145697590363,0.0105182251137462,0.010520163713655,0.0105201165108223,0.0105179716441906,0.0105137832777773,0.0105077673939007,0.0105002848525098,0.0104918130157163,0.0104829081308652,0.0104741613966058,0.0104661521465423,0.010459401832669,0.0104543324539201,0.0104512327521505,0.0104502349080873,0.0104513036540889,0.0104542387401713,0.0104586906221542,0.0104641881724485,0.0104701762328038,0.0104760600155433,0.010481252785016,0.0104852229655301,0.0104875368537663,0.0104878934633027,0.0104861486681492,0.0104823266875317,0.0104766179915906,0.0104693638198064,0.0104610285970535,0.0104521625142151,0.0104433573292144,0.0104351989760793,0.0104282208036298,0.010422861186738,0.0104194288732102,0.0104180787836554,0.0104188001266647,0.0104214176994033,0.0104256061955022,0.0104309163212453,0.0104368106057691,0.0104427060496532,0.0104480202427168,0.0104522173318679,0.0104548502488881,0.0104555959106418,0.0104542806552938,0.0104508939355134,0.0104455891969514,0.0104386718603588,0.0104305753248394,0.010421826842859,0.0104130059139851,0.010404698442454,0.0103974502556722,0.0103917236559302,0.0103878604653587,0.0103860545359862,0.0103863359666062,0.0103885683500501,0.010392459338767,0.0103975837452349,0.0104034173737515,0.0104093788970179,0.0104148764205283,0.0104193549788004,0.0104223411160033,0.0104234809297639,0.0104225684841863,0.0104195622838629,0.0104145884792206,0.0104079305616883,0.0104000064119693,0.0103913345929659,0.0103824926453166,0.0103740707779951,0.0103666246985023,0.0103606313707454,0.0103564512242491,0.0103542997924743,0.0103542309809684,0.010356133224576,0.0103597387642422,0.010364645239561,0.010370347833132,0.0103762793903647,0.010381855334195,0.010386519841323,0.0103897896676699,0.0103912922077584,0.010390794828137,0.010388223193723,0.0103836671575113,0.010377373745028,0.0103697277634764,0.0103612215268592,0.010352416040234,0.0103438966637961,0.0103362267274315,0.0103299027507738,0.0103253148237254,0.0103227153205859,0.0103221984828082,0.0103236925576794,0.0103269651873505,0.0103316416821965,0.0103372347691794,0.0103431834658848,0.0103488979738963,0.010353806977544,0.0103574035217024,0.0103592857454884,0.0103591891608171,0.0103570078523195,0.0103528028812714,0.0103467972249824,0.0103393576858505,0.0103309652672737,0.0103221764471258,0.0103135785062975,0.0103057425322316,0.0102991778808824,0.0102942917359088,0.010291356967168,0.0102904908012322,0.0102916459349875,0.0102946147236635,0.010299046038475,0.0103044733978459,0.0103103521049505,0.0103161024375111,0.0103211554831446,0.0103249980267348,0.010327212986301,0.0103275122505981,0.0103257593659171,0.0103219803058735,0.0103163614782455,0.0103092351094115,0.0103010531261951,0.0102923515528726,0.0102837081889542,0.010275696873051,0.0102688419264805,0.0102635763815856,0.0102602073281749,0.0102588911726465,0.0102596208359391,0.010262225976231,0.0102663862838325,0.0102716568419767,0.0102775035640589,0.0102833458872934,0.0102886032956424,0.0102927419153205,0.0102953174052194,0.0102960106568231,0.010294653400881,0.0102912416429804,0.0102859358476475,0.0102790478761802,0.0102710157652626,0.0102623684205658,0.0102536831102207,0.010245539211263,0.0102384719432503,0.0102329297977562,0.0102292390469483,0.0102275781205099,0.010227963830903,0.0102302504707002,0.0102341417805556,0.0102392147737349,0.0102449534814628,0.0102507899224345,0.0102561490553651,0.0102604941833622,0.0102633692612181,0.0102644348096399,0.0102634946431215,0.010260511332096,0.0102556091915498,0.0102490645522486,0.0102412840552355,0.0102327726419041,0.010224093720608,0.0102158246142376,0.0102085107815597,0.0102026224249597,0.01019851693501,0.0101964101861524,0.0101963590174045,0.010198256356975,0.0102018394464348,0.0102067105679635,0.0102123686628698,0.0102182493356885,0.0102237700418391,0.0102283768181309,0.0102315887736867,0.0102330367289808,0.0102324928610977,0.0102298889462186,0.0102253217244646,0.010219044968117,0.0102114489220485,0.010203028813021,0.0101943450067596,0.0101859780562168,0.0101784822784978,0.010172341592266,0.0101679311382935,0.0101654877147535,0.0101650913301552,0.0101666592735242,0.0101699530989346,0.0101745979008875,0.0101801122979631,0.0101859467170112,0.0101915269394525,0.0101962994800969,0.0101997752442364,0.0102015680572921,0.0102014250690381,0.0101992466686313,0.0101950943588691,0.01018918596795,0.010181878556076,0.0101736403297683,0.010165013736573,0.0101565726107326,0.0101488767216422,0.0101424273021396,0.0101376270819468,0.0101347480219499,0.010133909358011,0.0101350677607241,0.0101380204607564,0.0101424211533043,0.0101478074629253,0.0101536378056854,0.0101593347083516,0.0101643311017727,0.0101681158464752,0.0101702747977468,0.010170524073115,0.0101687328183756,0.0101649336265658,0.0101593197758707,0.0101522295320203,0.0101441188167072,0.0101355244864954,0.0101270212184429,0.0101191754990392,0.0101125004243903,0.0101074149284337,0.0101042106734752,0.010103029198673,0.0101038510831486,0.0101064979126485,0.0101106468216902,0.0101158563972195,0.0101216018499393,0.010127316650901,0.0101324373451631,0.0101364480255913,0.010138920992576,0.0101395504333133,0.0101381765017368,0.0101347979251096,0.0101295721500895,0.0101228030041493,0.0101149168159275,0.0101064288376815,0.0100979025760749,0.0100899052050328,0.0100829625609571,0.0100775172775621,0.0100738933960356,0.0100722702982904,0.0100726680905212,0.0100749456647555,0.0100788116573068,0.0100838474852999,0.0100895406602654,0.0100953257326905,0.0101006295851099,0.0101049174199851,0.0101077357165729,0.0101087486674403,0.0101077651325194,0.0101047539227809,0.01009984618136,0.010093324686564,0.0100856009696804,0.0100771821313412,0.0100686300705486,0.0100605164418226,0.0100533769803665,0.0100476688600834,0.0100437344779032,0.0100417745171925,0.0100418323807384,0.0100437911639143,0.0100473833366425,0.0100522122998495,0.0100577840572994,0.0100635464668271,0.0100689329621484,0.0100734073071732,0.0100765058809814,0.0100778741962119,0.0100772948094709,0.0100747044533664,0.010070199054214,0.0100640262348852,0.0100565658700617,0.0100483001900366,0.010039775749042,0.0100315602208329,0.0100241974060158,0.0100181639974211,0.0100138315360968,0.0100114366059324,0.0100110616842627,0.0100126282337624,0.0100159026510315,0.010020514656515,0.0100259867028609,0.010031772077423,0.0100372986543549,0.0100420147747415,0.0100454335430354,0.0100471719445417,0.010046981604571,0.0100447686906292,0.0100406013471045,0.0100347040725749,0.0100274395178847,0.0100192792087893,0.0100107655937721,0.0100024685103745,0.00999493959628597,0.00998866831293581,0.00998404309287078,0.00998132068522358,0.00998060609514311,0.0099818446506504,0.00998482675621303,0.00998920488641261,0.00999452141516717,0.0100002450392492,0.0100058129006458,0.0100106750869072,0.0100143380214137,0.0100164033563423,0.0100165993401142,0.0100148022195293,0.0100110460096394,0.0100055198638073,0.00999855323546332,0.0099905899701705,0.00998215333054516,0.00997380467184811,0.00996609899724579,0.00995954088731039,0.00995454429363927,0.00995139940674957,0.00995024927069221,0.00995107805993955,0.00995371201547033,0.00995783302788425,0.00996300383594425,0.00996870286176163,0.0099743659085236,0.00997943137211472,0.0099833853154936,0.00998580275230922,0.00998638178619923,0.00998496783097378,0.00998156594693021,0.00997634030206345,0.00996960082144308,0.00996177813394664,0.00995338887492273,0.00994499417783284,0.0099371547247834,0.00993038598307655,0.00992511721449958,0.00992165751341921,0.00992017154117532,0.00992066683022415,0.00992299359890854,0.00992685702236887,0.00993184092524015,0.0099374409736445,0.0099431047153002,0.00994827530088821,0.00995243545267104,0.00995514824380027,0.0099560915108742,0.00995508322224017,0.00995209582750051,0.00994725846674323,0.00994084685692484,0.0099332616271867,0.00992499677355789,0.00991660067928362,0.00990863274032936,0.00990161899858735,0.00989601028618205,0.00989214621091452,0.0098902278746562,0.00989030154370778,0.00989225463235083,0.00989582438334363,0.00990061860929168,0.00990614687956228,0.00991185968012663,0.0099171924112126,0.00992161067726393,0.00992465320289128,0.00992596889054166,0.00992534500767597,0.00992272421463665,0.00991820905796816,0.0099120535803471,0.00990464275108673,0.00989646141221666,0.00988805528176497,0.00987998718792199,0.00987279207444723,0.0098669343921793,0.00986277127255811,0.00986052438968234,0.00986026270143632,0.00986189737827422,0.00986518925298313,0.00986976813487184,0.00987516240527371,0.00988083651874951,0.00988623343435038,0.00989081863602614,0.00989412229506312,0.00989577628548593,0.00989554317143577,0.00989333491163108,0.00988921982263645,0.0098834172503435,0.00987628035025581,0.00986826830082831,0.00985991010067477,0.00985176276684306,0.00984436720539708,0.00983820522962275,0.00983366113524161,0.00983099090635054,0.00983030154227702,0.00983154220687259,0.00983450796814574,0.00983885589036827,0.00984413224259037,0.00984980867846723,0.00985532449962536,0.00986013160343101,0.00986373848207859,0.00986574970526905,0.00986589767922349,0.00986406410143151,0.00986028937220004,0.0098547692106182,0.00984783877048632,0.00983994557156927,0.00983161346707887,0.00982340058516007,0.00981585465340095,0.00980946930530582,0.00980464486368997,0.00980165671025177,0.00980063371891545,0.00980154840883032,0.00980421953069849,0.00980832681364717,0.00981343664635414,0.00981903661855721,0.00982457617127985,0.00982951014579459,0.00983334181421224,0.00983566203054268,0.00983618145285252,0.00983475332978545,0.00983138507717788,0.00982623773782486,0.00981961335454918,0.00981193122354658,0.00980369486170792,0.00979545225316774,0.00978775247979162,0.00978110214323974,0.00977592502517133,0.00977252820014642,0.00977107732774548,0.00977158314093869,0.00977390026898127,0.00977773855159989,0.00978268599459505,0.00978824156840609,0.00979385524129556,0.0097989720367617,0.0098030765621032,0.00980573440226647,0.00980662701732903,0.0098055773062336,0.00980256376145443,0.00979772207469976,0.00979133408188515,0.00978380496902834,0.00977563061323256,0.00976735772659891,0.00975954004128598,0.00975269407509614,0.00974725802659788,0.00974355707035503,0.00974177778433197,0.00974195369157099,0.0097439630002397,0.00974753865314683,0.00975228982756828,0.00975773313448405,0.00976333102087866,0.00976853433410563,0.00977282570128063,0.00977576032932078,0.00977700104384391,0.0097763448400531,0.00977373888018409,0.00976928468931832,0.00976323021315535,0.00975595034055022,0.00974791739098417,0.00973966385489681,0.00973174029140138,0.00972467168349865,0.00971891569243779,0.00971482612661501,0.00971262455261052,0.00971238235198162,0.00971401471152462,0.00971728708858092,0.00972183369167227,0.00972718654272745,0.00973281282123463,0.00973815750530188,0.00974268787803295,0.00974593629963114,0.00974753777413586,0.00974725925716003,0.00974501832384764,0.00974088968752111,0.00973509905466203,0.0097280048367743,0.00972006922784194,0.00971182101564216,0.00970381315526126,0.00969657854007101,0.00969058752807002,0.0096862106140068,0.0096836891989066,0.00968311673899458,0.00968443171290085,0.00968742289875927,0.00969174647757881,0.00969695355323175,0.00970252587414577,0.00970791691740342,0.00971259509671783,0.00971608570803284,0.00971800833833451,0.00971810682434983,0.0097162694301036,0.00971253767130812,0.00970710309274428,0.00970029223646076,0.00969254095476895,0.00968436005463993,0.00967629494578474,0.00966888244886025,0.00966260816231143,0.00965786776422061,0.00965493533795249,0.00965394127656304,0.00965486157842976,0.00965751944958453,0.00966159914557606,0.00966667099636507,0.00967222564466911,0.00967771476892673,0.00968259502090631,0.00968637163135236,0.00968863815011356,0.0096891090923433,0.00968764283705593,0.00968425292129292,0.00967910682429172,0.00967251235983051,0.00966489280504774,0.00965675280691861,0.00964863784819152,0.00964109056227861,0.00963460742072247,0.00962959926154933,0.00962635879188427,0.00962503761610346,0.00962563456263846,0.00962799617248362,0.00963182924412029,0.00963672438081035,0.00964218863146995,0.00964768462030556,0.00965267307263462,0.00965665539755314,0.00965921299809245,0.00966004024404953,0.009658968541053,0.00965597962277679,0.00965120702785804,0.00964492563610313,0.0096375300628288,0.00962950357788732,0.00962137996171562,0.00961370127582889,0.00960697486299328,0.00960163297364313,0.00959799823073317,0.009596257706344,0.00959644772002749,0.00959845062904841,0.00960200392783483,0.00960672098405543,0.00961212179304087,0.00961767130983075,0.00962282228885963,0.00962705917919913,0.00962993952290125,0.0096311294964006,0.00963043070654841,0.00962779606552707,0.0096233334628486,0.00961729695223211,0.00961006619148662,0.00960211582856618,0.00959397733727946,0.00958619640556073,0.00957928932070252,0.0095737018542259,0.00956977392302406,0.00956771281543775,0.0095675770648837,0.00956927219066258,0.00957255857710803,0.00957707080425372,0.0095823468497442,0.00958786482037599,0.00959308429931001,0.0095974890530521,0.00960062775366478,0.00960214953954432,0.0096018316468738,0.00959959696158653,0.00959552012230528,0.00958982169040765,0.0095828508277844,0.00957505781620147,0.0095669585469917,0.00955909374581593,0.00955198612499739,0.0095460988396708,0.00954179854480822,0.00953932600944061,0.00953877666508391,0.00954009269047394,0.00954306732345004,0.00954736111374879,0.00955252886505554,0.00955805514010985,0.00956339549361273,0.00956802011623556,0.00957145636224621,0.00957332671272883,0.00957337909098594,0.00957150706759055,0.00956775831864994,0.00956233066282944,0.00955555601885079,0.00954787360940703,0.00953979460758579,0.00953186110649313,0.00952460273684391,0.00951849442635809,0.00951391867793764,0.00951113535509114,0.00951026133936372,0.00951126162028719,0.00951395246066039,0.00951801632227669,0.0095230273146553,0.00952848511341267,0.00953385464731608,0.00953860842088897,0.00954226815203311,0.00954444247209747,0.0095448577514941,0.00954337965216347,0.00954002372805803,0.00953495424222347,0.00952847128072121,0.00952098715163482,0.00951299389372749,0.00950502442025021,0.00949761033415216,0.00949123973000561,0.00948631832077867,0.00948313698872332,0.00948184837348679,0.00948245441066958,0.00948480587243395,0.00948861400527584,0.00949347338552329,0.00949889420051927,0.00950434138842777,0.00950927749773926,0.00951320580883545,0.00951571022450769,0.00951648869021024,0.009515377428684,0.00951236402357847,0.00950758829932546,0.00950133094278052,0.00949399081234549,0.00948605279889314,0.00947804886317817,0.00947051541412135,0.0094639504687317,0.00945877402831717,0.00945529482191489,0.00945368603406301,0.00945397189736044,0.00945602615287372,0.00945958243537893,0.00946425570111851,0.00946957295598369,0.00947501082690317,0.00948003700145738,0.00948415227705128,0.00948692992969708,0.00948804933271176,0.00948732120857914,0.00948470254806207,0.00948030003089567,0.00947436167239488,0.009467257333071,0.00945944959485277,0.00945145726243332,0.00944381433456349,0.00943702766192338,0.0094315366334822,0.00942767809703065,0.00942565932739968,0.00942554123519195,0.00942723320699658,0.00943050004691131,0.00943498052043234,0.00944021606204904,0.00944568737422812,0.00945085598984382,0.00945520745068845,0.00945829260935239,0.00945976370447205,0.00945940227918291,0.00945713667583337,0.00945304769220589,0.00944736195399015,0.00944043356255973,0.00943271553096398,0.00942472334520977,0.00941699361566326,0.00941004116452307,0.00940431800043015,0.00940017745449544,0.00939784631225313,0.009397407114736,0.0093987919768529,0.00940178835015362,0.00940605621245007,0.00941115527191938,0.00941657999781273,0.00942179969331964,0.00942630045159268,0.00942962570737509,0.00943141221929988,0.00943141868025631,0.00942954472823053,0.0094258388750405,0.00942049472905924,0.00941383579463167,0.00940629001722293,0.00939835604383129,0.00939056382326701,0.0093834326291605,0.00937742981094791,0.00937293354257058,0.00937020254430816,0.00936935522062269,0.00937035992521388,0.00937303718797422,0.00937707378401084,0.00938204756830422,0.00938746112025206,0.00939278151540165,0.00939748302958417,0.0094010893277285,0.00940321171894014,0.00940358037115287,0.00940206594917706,0.00939868992242697,0.00939362271656931,0.0093871698776822,0.00937974739440446,0.00937184820197711,0.00936400259970625,0.00935673579225374,0.00935052597752389,0.00934576633568061,0.00934273393537074,0.0093415679971583,0.0093422591905035,0.0093446507526418,0.00934845127723572,0.00935325810284917,0.00935858940804311,0.00936392245316626,0.00936873494671556,0.00937254628781434,0.00937495546013171,0.00937567262289569,0.00937454193986305,0.00937155386882856,0.00936684595037515,0.00936069202396561,0.00935348069638632,0.00934568472543821,0.00933782369703196,0.00933042291040466,0.00932397170030958,0.00931888448957648,0.00931546767232624,0.00931389498868265,0.00931419339646964,0.00931624062206185,0.00931977464406676,0.00932441440377605,0.00932969012384393,0.00933508082764862,0.00934005605348377,0.00934411840179487,0.0093468434722897,0.0093479139501273,0.0093471450718156,0.00934449940387705,0.00934008974195675,0.00933416991072657,0.00932711423303094,0.00931938735708156,0.00931150690695108,0.00930400199119084,0.00929737092208765,0.00929204154002459,0.00928833730352946,0.0092864518192171,0.00928643379113287,0.00928818352579134,0.00929146120684591,0.00929590622481707,0.00930106598438501,0.00930643188049843,0.00931147958986888,0.00931571050563668,0.0093186910708251,0.00932008694216886,0.00931968932438761,0.00931743142461902,0.00931339374227691,0.00930779777399279,0.00930098861132056,0.00929340777269053,0.00928555837555181,0.00927796536192068,0.00927113389318059,0.00926550919402647,0.00926144103373739,0.00925915568818354,0.00925873765165073,0.00926012260633389,0.00926310226730298,0.00926734077107239,0.00927240134228105,0.00927778113219494,0.00928295144616619,0.00928740012403643,0.0092906726482278,0.00929240864684848,0.00929237082758888,0.00929046399287266,0.0092867425969631,0.00928140624358067,0.00927478350872472,0.00926730542440282,0.00925947079513597,0.00925180617163744,0.00924482372275062,0.00923898039602312,0.00923464163033548,0.00923205249495981,0.00923131851364057,0.00923239764343001,0.00923510398219487,0.00923912284879703,0.00924403598915991,0.00924935487751727,0.00925455946337007,0.00925913930587873,0.00926263386751608,0.00926466881827397,0.00926498552185927,0.00926346140965069,0.0092601196553515,0.00925512739050041,0.00924878258759273,0.00924149061778591,0.00923373229736717,0.00922602590888095,0.00921888616631593,0.00921278335042362,0.00920810584785924,0.00920512908219,0.00920399334011583,0.00920469230614163,0.0092070732752813,0.00921084908230823,0.0092156208424412,0.00922090971871956,0.009226195188519,0.00923095673898395,0.0092347156269211,0.00923707332091081,0.0092377435056229,0.0092365750494143,0.00923356407291746,0.0092288541472633,0.00922272462161624,0.0092155680491287,0.00920785856580833,0.00920011380369563,0.00919285342900846,0.00918655764898258,0.00918162901169696,0.00917836053608425,0.00917691268085746,0.00917730093656934,0.00917939496609754,0.00918292929767075,0.00918752466538011,0.00919271826503229,0.00919800050907604,0.00920285537248757,0.0092068011571227,0.00920942848359946,0.00921043254677355,0.00920963712375127,0.00920700846594846,0.00920265799000757,0.00919683354841769,0.00918989994567536,0.00918231020374951,0.0091745698075873,0.00916719672072725,0.00916068030808073,0.00915544240836087,0.00915180365104976,0.0091499577195945,0.00914995565063424,0.0091517014732584,0.00915495959276401,0.00915937338122626,0.00916449352838996,0.00916981390641489,0.00917481207870725,0.00917899119079242,0.00918191985534944,0.00918326679681383,0.00918282744211097,0.00918054029898948,0.00917649179791933,0.00917090921779738,0.00916414228982848,0.00915663499534573,0.00914888986452319,0.00914142767906146,0.00913474583650721,0.00912927872115616,0.00912536324280935,0.00912321226800516,0.0091228980170368,0.00912434669005439,0.00912734468538077,0.00913155585638522,0.00913654839165268,0.00914182916113193,0.00914688280219365,0.00915121246508287,0.00915437902257221,0.00915603568094105,0.00915595529627338,0.00915404827100749,0.0091503696360236,0.0091451147590929,0.00913860400052838,0.00913125749655742,0.00912356202485877,0.00911603253394668,0.00910917134855483,0.00910342826238912,0.00909916468041499,0.00909662467578918,0.00909591529987537,0.00909699776381071,0.00909969025083126,0.00910368218808202,0.00910855888101388,0.00911383456876938,0.00911899126510535,0.00912352026514233,0.00912696296645429,0.00912894769638581,0.00912921955525266,0.00912766085198293,0.0091243004770463,0.00911931146259413,0.00911299694533708,0.00910576569282321,0.00909809919924619,0.00909051303243285,0.00908351556469607,0.00907756741216679,0.00907304482773782,0.00907020995208153,0.00906919025671662,0.00906996876254218,0.00907238575001895,0.00907615176434748,0.00908087083250081,0.00908607201645488,0.00909124678761432,0.00909588926841396,0.00909953617982316,0.00910180337109916,0.00910241608451547,0.00910123059956889,0.00909824557050075,0.00909360216844085,0.0090875730063449,0.00908054069614674,0.00907296769677506,0.00906535979684942,0.00905822608430203,0.00905203854696327,0.00904719449807707,0.00904398482035935,0.00904257058226528,0.00904296993150477,0.00904505636286184,0.00904856855307836,0.009053131026446,0.00905828403528484,0.0090635202821211,0.00906832554034764,0.00907221989829685,0.00907479628853993,0.00907575317683725,0.00907491875656749,0.00907226468598869,0.00906790826035762,0.00906210285722541,0.00905521745103473,0.00904770688107861,0.00904007530092227,0.00903283577729786,0.00902646930053354,0.00902138649536058,0.00901789508127118,0.00901617564824455,0.00901626762978795,0.00901806652996525,0.00902133256289732,0.00902570996363721,0.00903075539744355,0.009035973193115,0.00904085460741431,0.00904491802942498,0.00904774697595483,0.00904902291303228,0.00904855034762254,0.00904627223595251,0.0090422745051486,0.00903677932758557,0.00903012765942137,0.00902275239050818,0.00901514418877975,0.0090078127019202,0.00900124615717741,0.00899587254504961,0.00899202546935964,0.00898991739875357,0.00898962248620024,0.00899107037522391,0.00899405154156931,0.00899823379519502,0.00900318866443132,0.00900842557633656,0.0090134311026385,0.00901771011476851,0.00902082552228226,0.00902243337307555,0.00902231046495299,0.00902037222674975,0.00901667942261098,0.00901143314776687,0.00900495854068721,0.00899767855443646,0.00899007993330473,0.00898267416360037,0.00897595655951566,0.00897036677594297,0.00896625390223947,0.00896384889987907,0.00896324653893832,0.00896439821635074,0.00896711616665336,0.00897108867326866,0.00897590502611112,0.00898108821591647,0.00898613276424611,0.00899054470374949,0.00899388057202064,0.0089957823724554,0.00899600577764393,0.00899443937946826,0.00899111348515116,0.00898619776800076,0.00897998794490286,0.00897288250506024,0.00896535129182682,0.0089578983825479,0.00895102216993622,0.00894517578532014,0.00894073099763,0.00893794846896266,0.00893695676376866,0.00893774182878346,0.0089401478358439,0.00894388937368571,0.00894857406024321,0.00895373379855382,0.00895886218777621,0.00896345508713653,0.00896705106003963,0.00896926842316852,0.0089698358938607,0.0089686143472224,0.00896560791955798,0.00896096356593658,0.00895495912369573,0.00894798087095846,0.00894049242120335,0.00893299749093046,0.00892599956064427,0.00891996168210405,0.00891526965120453,0.00891220147252879,0.00891090551645275,0.00891138905874831,0.00891351805572273,0.0089170281132664,0.00892154572705469,0.00892661807178882,0.0089317489602408,0.00893643812641585,0.00894022074428822,0.00894270408982839,0.00894359848690304,0.00894274012744952,0.00894010398835641,0.00893580583446292,0.00893009314212084,0.00892332563768812,0.00891594695516322,0.00890844961498755,0.00890133605791264,0.0088950787918418,0.00889008279849126,0.00888665319016689,0.00888497071261027,0.00888507708455607,0.00888687139310615,0.00889011788600946,0.00889446458731102,0.00889947128546517,0.0089046446752491,0.00890947784127822,0.00891349090344301,0.00891626953677959,0.00891749824177399,0.00891698566383005,0.00891467990782399,0.00891067261115776,0.00890519145790615,0.00889858176023025,0.00889127862216764,0.0088837719609521,0.00887656722945269,0.00887014501466288,0.00886492275706314,0.00886122164227154,0.00885924127961928,0.00885904414154326,0.00886055094714952,0.00886354729772806,0.00886770098178881,0.00887258853246523,0.00887772890531425,0.00888262160295201,0.00888678624288696,0.00888980046785435,0.00889133323835108,0.00889117091277461,0.00888923408364966,0.00888558385626759,0.00888041707422712,0.00887405085295232,0.00886689761304406,0.00885943254838237,0.00885215606306384,0.00884555411937659,0.00884005962145462,0.0088360178979237,0.00883365904298585,0.00883307934984274,0.00883423336182538,0.00883693722849472,0.00884088315103245,0.0088456638052566,0.00885080481563914,0.0088558026890749,0.00886016516002181,0.00886345068938037,0.0088653039173042,0.00886548419228937,0.00886388486028716,0.00886054175187045,0.00885563018926094,0.00884945077325707,0.00884240512371284,0.00883496356024144,0.0088276273554515,0.00882088861887402,0.00881519104242762,0.00881089464655901,0.00880824732185844,0.00880736539676977,0.00880822472713266,0.00881066295832829,0.00881439272360398,0.0088190246826561,0.00882409853978251,0.00882911956938448,0.00883359776288555,0.00883708652326685,0.00883921788211942,0.00883973149329787,0.00883849514497033,0.00883551519118861,0.00883093608538062,0.00882502904247853,0.00881817070034201,0.00881081343144372,0.0088034496134895,0.00879657265171052,0.00879063781664273,0.00878602599513365,0.0087830132429513,0.00878174858749775,0.00878224189003852,0.00878436278625478,0.00878785084250604,0.00879233616296065,0.00879736883321481,0.00880245486006077,0.00880709572662403,0.00881082837430061,0.00881326237594876,0.00881411128480099,0.00881321561390525,0.00881055558287192,0.00880625260518587,0.00880055940980035,0.0087938396177683,0.00878653845073669,0.00877914696199345,0.00877216269401508,0.00876604993828133,0.00876120278404317,0.00875791389611451,0.00875635148165598,0.00875654623483138,0.00875838924237953,0.0087616409582499,0.00876595048180321,0.00877088357020388,0.00877595714315585,0.00878067754629564,0.00878457956261125,0.00878726311697119,0.00878842480844725,0.00878788181326748,0.0087855862964513,0.00878162920691495,0.00877623315305944,0.00876973490199785,0.00876255885283499,0.00875518354258313,0.00874810379783144,0.00874179150131555,0.0087366580693113,0.00873302162030956,0.00873108146402277,0.00873090197714735,0.00873240719930308,0.00873538663390096,0.00873951184042307,0.00874436252995943,0.00874946009808808,0.00875430591462899,0.00875842129071511,0.00876138589442361,0.0087628715015174,0.0087626683407177,0.00876070189457704,0.00875703879743298,0.0087518813644495,0.00874555121413144,0.00873846333311158,0.00873109270351547,0.00872393620701889,0.00871747288779686,0.00871212577005094,0.00870822827846918,0.00870599791836085,0.0087055192724714,0.00870673761535993,0.00870946359546516,0.00871338855770781,0.0087181092453129,0.00872315989321778,0.00872804916155702,0.00873229899623429,0.00873548236838669,0.00873725694330608,0.00873739205349603,0.00873578687479929,0.00873247838857532,0.00872763850436624,0.00872156055684504,0.008714636215954,0.00870732459871694,0.00870011598801587,0.00869349299846129,0.00868789224619163,0.00868366955857592,0.00868107150032984,0.00868021551150793,0.00868108028394489,0.00868350719542842,0.00868721273799758,0.00869181098971108,0.00869684436148323,0.00870182017017149,0.00870625010323521,0.00870968939121761,0.00871177251576058,0.00871224255513029,0.00871097178491425,0.00870797186535053,0.00870339279808256,0.00869751075232534,0.00869070576722893,0.00868343115811396,0.00867617712069721,0.00866943148444604,0.00866364077802093,0.00865917472314353,0.0086562969764462,0.00865514441951775,0.00865571659956057,0.00865787610467496,0.00866135978618921,0.00866579988635268,0.00867075336001179,0.00867573705069181,0.00868026593958322,0.00868389146100986,0.00868623688532303,0.00868702700797313,0.00868610983209162,0.00868346855568826,0.0086792229257863,0.00867361984478639,0.0086670139484158,0.00865983965726747,0.00865257687490126,0.00864571301210173,0.00863970431892511,0.0086349395787804,0.0086317090533923,0.00863018117256209,0.00863038886436083,0.00863222666405911,0.00863545888298736,0.00863973823066582,0.00864463343670973,0.00864966368218255,0.00865433708473096,0.0086581901376473,0.00866082491254209,0.0086619410088031,0.00866135965700058,0.0086590380219122,0.00865507255064121,0.00864969110618776,0.00864323454245475,0.00863612923576298,0.00862885281750181,0.0086218958920607,0.00861572283162202,0.00861073479388086,0.00860723790964896,0.00860541915333858,0.00860533177769492,0.00860689141821193,0.00860988311812756,0.00861397866189978,0.00861876280100614,0.00862376627059045,0.00862850297830549,0.00863250843508755,0.00863537641420655,0.0086367909745376,0.00863655135273425,0.00863458778642258,0.00863096703375524,0.00862588715181112,0.00861966192901062,0.00861269617257196,0.00860545376904388,0.00859842100827181,0.0085920680441056,0.00858681152834547,0.00858298138253662,0.00858079436627498,0.00858033657968048,0.00858155633929173,0.00858426804532701,0.00858816677945381,0.008592852506597,0.00859786197146161,0.00860270574491362,0.00860690744259957,0.00861004194778213,0.00861176954151879,0.00861186317113251,0.00861022664488099,0.00860690228034772,0.00860206739534014,0.00859601994168884,0.00858915446733852,0.00858193037528378,0.00857483506360137,0.00856834493006821,0.00856288737860658,0.00855880686412916,0.00855633766833181,0.00855558554154501,0.00855651962269683,0.00855897522241736,0.0085626671917689,0.00856721276948318,0.0085721620663811,0.00857703376062282,0.00858135318432512,0.00858468980945674,0.00858669120046838,0.00858711078582155,0.00858582728622352,0.00858285428584913,0.00857833919565927,0.0085725516790988,0.0085658624292408,0.00855871394086646,0.00855158555272596,0.00854495549462438,0.00853926292387268,0.0085348729545448,0.00853204746633836,0.00853092404117738,0.00853150474602668,0.00853365570625278,0.00853711755474731,0.00854152596609151,0.00854644066418554,0.00855138059534616,0.00855586244665773,0.00855943940537184,0.00856173702427222,0.00856248328446304,0.00856153041442648,0.00855886669556012,0.00855461730386181,0.00854903413471274,0.0085424754559199,0.00853537705795892,0.00852821725297182,0.00852147856130757,0.00851560917731383,0.00851098730499321,0.00850789120130856,0.00850647728553261,0.00850676801151818,0.008508650412824,0.00851188538153371,0.00851612689596961,0.00852094963556914,0.00852588277343502,0.00853044726822729,0.00853419372058118,0.00853673783024808,0.00853779068709591,0.00853718153556251,0.0085348712380543,0.00853095538466596,0.00852565679956854,0.00851930801719573,0.0085123250820443,0.00850517470652302,0.00849833735020233,0.00849226911837064,0.00848736548823059,0.00848392974520702,0.00848214865724194,0.00848207735763759,0.00848363468795995,0.00848660942488623,0.00849067694211309,0.00849542501139225,0.00850038669765584,0.00850507771686475,0.00850903525150777,0.00851185508893251,0.00851322407378722,0.00851294524009013,0.00851095358258485,0.00850732119236871,0.0085022513525652,0.008496062091193,0.00848916054445171,0.00848201022457368,0.0084750938525116,0.00846887476119451,0.00846375997248694,0.00846006789472652,0.00845800319506414,0.00845764080873248,0.00845892030672977,0.00846165101476064,0.00846552742508718,0.0084701536360771,0.00847507485464312,0.00847981345742392,0.00848390676627551,0.00848694357484905,0.00848859657180665,0.00848864813263233,0.00848700747066912,0.008483717809419,0.00847895301144883,0.0084730039164418,0.00846625544102746,0.00845915621594456,0.00845218312635329,0.00844580353209394,0.00844043814260816,0.00843642748825999,0.00843400466541862,0.00843327655381945,0.00843421504535524,0.00843665903298857,0.00844032704918921,0.00844483958441278,0.00844974932807746,0.0084545769227453,0.00845884936169658,0.008462137931635,0.00846409262803259,0.00846447025090479,0.00846315390114417,0.00846016229897086,0.00845564817749417,0.00844988589634214,0.00844324929848434,0.00843618162412304,0.00842915993289247,0.00842265691743146,0.00841710318438478,0.00841285302092786,0.00841015636445605,0.00840913917783197,0.00840979374669226,0.00841197961636894,0.00841543503937921,0.00841979797774126,0.00842463496154105,0.00842947550178096,0.00843384933580641,0.00843732357735943,0.00843953686384659,0.00844022783663678,0.00843925573571726,0.00843661150337349,0.00843241852704302,0.00842692295460659,0.00842047432572856,0.00841349801874338,0.00840646165607436,0.00839983809294649,0.00839406789651125,0.00838952428124935,0.00838648329291371,0.00838510163623893,0.00838540394924767,0.00838728058430553,0.00839049612151175,0.00839470797927647,0.00839949366840867,0.00840438452696715,0.00840890323398965,0.00841260207951655,0.0084150988957523,0.00841610773704784,0.0084154618197596,0.00841312686209502,0.00840920374727923,0.00840392030601224,0.00839761290257414,0.00839069933755463,0.00838364527928036,0.00837692694892839,0.00837099307155599,0.00836622914617392,0.00836292688179607,0.0083612612123484,0.00836127667992022,0.00836288421711389,0.00836586852865125,0.00836990543624731,0.00837458777322398,0.00837945775478301,0.00838404325575856,0.0083878951367584,0.00839062269214538,0.00839192445141583,0.00839161193409532,0.00838962450786668,0.0083860341892006,0.00838104000469257,0.0083749523416829,0.00836816849702282,0.00836114132298607,0.0083543434161636,0.00834822965629882,0.00834320104820625,0.00833957273678629,0.00833754875491035,0.00833720554680807,0.0083384856234759,0.00834120190442639,0.00834505244536401,0.00834964441257834,0.0083545254102485,0.00835921965981611,0.00836326612343078,0.00836625549280721,0.00836786304732933,0.00836787471553449,0.00836620422553381,0.00836289995688449,0.00835814094813968,0.00835222239998803,0.00834553186872654,0.00833851809727114,0.00833165501902139,0.00832540384689301,0.00832017629726257,0.00831630188769145,0.00831400190021028,0.0083133720499699,0.00831437519034126,0.00831684457973978,0.00832049739802228,0.00832495739675018,0.00832978485912788,0.00833451148505453,0.00833867744583937,0.00834186769826645,0.00834374471793239,0.00834407509906705,0.00834274794873405,0.00833978364074968,0.00833533224163001,0.00832966172182078,0.00832313685997938,0.00831619047553317,0.00830928922943852,0.00830289666847935,0.00829743641994817,0.00829325845043774,0.00829061108006862,0.00828962100515247,0.00829028295960382,0.00829245988600075,0.00829589365035635,0.0083002254866259,0.00830502456599432,0.00830982241787543,0.00831415044200925,0.00831757748725185,0.00831974445680391,0.00832039313423788,0.00831938689113281,0.00831672159773746,0.00831252585856648,0.00830705056785474,0.00830064865088176,0.0082937466525039,0.00828681048813234,0.00828030813305591,0.00827467225816635,0.00827026580667301,0.00826735325040095,0.00826607978915398,0.00826646010518222,0.00826837751370152,0.00827159352304,0.00827576699918066,0.00828048138113406,0.00828527777232774,0.00828969128632268,0.00829328778580794,0.00829569813750367,0.0082966473097053,0.00829597604547919,0.00829365342195162,0.00828977931256347,0.00828457655237675,0.00827837340705918,0.00827157770232973,0.00826464462475868,0.00825804070748177,0.00825220682694167,0.0082475231326486,0.0082442786992858,0.00824264833506569,0.00824267842696839,0.00824428299460469,0.00824725031512957,0.00825125963502534,0.00825590666798937,0.00826073585884924,0.0082652768326959,0.00826908209590561,0.00827176294282451,0.00827302065921845,0.00827267049089857,0.00827065643310855,0.00826705564545542,0.00826207214563018,0.00825602031061427,0.00824929954216734,0.00824236216541713,0.008235677167945,0.00822969270947684,0.00822480041447859,0.00822130429675046,0.0082193967731416,0.00821914363866841,0.00822047914876927,0.00822321154633615,0.00822703854518981,0.00823157150202075,0.0082363663354242,0.00824095873491932,0.00824490088281073,0.00824779680850299,0.00824933361269263,0.0082493061266355,0.00824763308431771,0.00824436354478878,0.00823967305850508,0.00823384986751746,0.00822727220434754,0.00822037845033631,0.00821363247893001,0.00820748689891466,0.00820234709406265,0.00819853891099147,0.00819628257634881,0.00819567494669543,0.0081966815454032,0.00819913906926756,0.00820276821243297,0.00820719582238258,0.00821198464104186,0.00821666825873842,0.00822078847384977,0.00822393204437511,0.00822576385732155,0.00822605382594915,0.00822469533199639,0.00822171371916178,0.00821726415767002,0.0082116190683093,0.00820514614417596,0.00819827876876002,0.00819148123807762,0.00818521160332199,0.00817988512666126,0.00817584127402257,0.00817331686401017,0.0081724274806458,0.0081731585843463,0.0081753669763915,0.00817879244944541,0.00818307865526774,0.00818780150319487,0.00819250282445569,0.0081967266404094,0.00820005518449659,0.00820214185911866,0.00820273855534719,0.00820171520597439,0.00819907004723424,0.00819492978553882,0.00818953964815993,0.00818324408227368,0.0081764595966458,0.00816964185930655,0.0081632496244471,0.00815770832460709,0.00815337620701413,0.00815051570991694,0.00814927237774008,0.00814966303087316,0.00815157417938789,0.00815477085520846,0.0081589151991523,0.00816359334688288,0.00816834847772136,0.00817271737964033,0.0081762675859448,0.00817863208094608,0.00817953876093693,0.00817883225961823,0.00817648636922619,0.00817260605702743,0.00816741892628805,0.00816125683036245,0.00815452914738281,0.00814768989534224,0.00814120135727811,0.00813549715356191,0.00813094772332213,0.00812783096217026,0.00812631033111101,0.0081264221401041,0.00812807296960826,0.00813104738396192,0.00813502527638267,0.00813960743186064,0.00814434725992987,0.00814878618098824,0.00815248987978893,0.00815508258512189,0.00815627669765155,0.00815589545536419,0.00815388686981931,0.00815032784463328,0.00814541814877442,0.00813946470428709,0.00813285740239703,0.00812603832672296,0.00811946678602429,0.00811358289954611,0.00810877260716928,0.00810533688200071,0.00810346760932626,0.00810323208387661,0.00810456740380242,0.00810728525570278,0.00811108675251911,0.00811558617315564,0.00812034172655131,0.00812489088383549,0.00812878743912583,0.0081316373064693,0.00813313015312242,0.0081330643025477,0.00813136288736827,0.00812807994679311,0.00812339598432782,0.00811760336107013,0.00811108272626304,0.00810427241141659,0.00809763327693393,0.00809161185497129,0.00808660475209011,0.00808292715402231,0.00808078792655373,0.00808027326247865,0.00808134013075255,0.00808381999729146,0.00808743247132421,0.00809180775219577,0.00809651606933576,0.0081011017735704,0.0081051193889624,0.00810816879463663,0.00810992678442012,0.00811017254140536,0.00810880504189951,0.00810585103148102,0.00810146294706396,0.00809590693809443,0.00808954190941286,0.00808279121038238,0.00807610917593972,0.00806994513932925,0.00806470774938375,0.00806073241820282,0.00805825449567027,0.00805739033049661,0.00805812776448552,0.00806032686356302,0.0080637308733106,0.00806798656334345,0.00807267236126508,0.00807733203660824,0.00808151123298518,0.00808479390313185,0.0080868356990656,0.0080873916103617,0.00808633560852192,0.0080836707062293,0.00807952862284562,0.00807415909636927,0.00806790972582011,0.00806119799579388,0.00805447776258722,0.00804820291780115,0.00804279115728694,0.00803859075647401,0.00803585299298602,0.00803471238783214,0.00803517629743226,0.00803712463404275,0.008040319684485,0.00804442520156773,0.00804903322111096,0.00805369646378032,0.00805796375764292,0.00806141569453905,0.00806369772650329,0.00806454811691478,0.00806381856742351,0.00806148591348989,0.00805765397437974,0.00805254540587399,0.00804648417965296,0.00803987004465757,0.00803314695689617,0.00802676794535197,0.00802115917387974,0.00801668603774763,0.00801362399051908,0.00801213644052618,0.00801226151065263,0.00801390876030322,0.00801686617744352,0.00802081692446204,0.00802536453142393,0.00803006453932161,0.00803446006222117,0.00803811840661218,0.00804066578872978,0.00804181733682022,0.00804139994464588,0.00803936612376109,0.00803579773650788,0.008030899317822,0.00802498154279113,0.00801843619767328,0.00801170469774677,0.00800524270905876,0.00799948373180497,0.00799480456884298,0.00799149543204685,0.00798973704909503,0.00798958655821282,0.00799097326650361,0.0079937045576555,0.00799748143137584,0.0080019224032523,0.0080065938475069,0.00801104437373464,0.00801484052720606,0.00801760101162013,0.00801902675859158,0.00801892449848782,0.00801722199594707,0.0080139737610555,0.00800935678507984,0.00800365662323155,0.00799724489864412,0.00799054997444226,0.00798402308207543,0.00797810256103785,0.00797317902777977,0.00796956423558349,0.00796746611386074,0.00796697200228181,0.00796804145592248,0.00797050924073899,0.00797409832388624,0.00797844185677395,0.00798311241654443,0.00798765617443197,0.00799162924773544,0.00799463330232776,0.00799634752334609,0.0079965543609671,0.00799515696299832,0.00799218688404961,0.00798780145519206,0.00798227104157888,0.00797595723805198,0.00796928378586311,0.00796270257673103,0.00795665749613395,0.00795154901617205,0.00794770236935618,0.00794534182805791,0.00794457310837901,0.00794537525558025,0.00794760260607237,0.00795099662038461,0.00795520660586268,0.00795981765684537,0.00796438358587584,0.0079684622427079,0.00797165044503773,0.00797361578685154,0.00797412284168164,0.00797305171833069,0.00797040752184348,0.00796631997791993,0.00796103324186903,0.00795488667634172,0.00794828808771082,0.00794168150513137,0.00793551202285075,0.00793019047033797,0.00792606070495826,0.00792337213280282,0.00792225966624364,0.00792273274997564,0.00792467437405725,0.00792785019791877,0.00793192709651078,0.00793649967484371,0.00794112264353569,0.00794534646154013,0.00794875337519595,0.00795099094001445,0.00795180030867641,0.00795103699033161,0.00794868239866702,0.0079448452584185,0.00793975276866061,0.00793373225614784,0.00792718482300331,0.00792055313653864,0.00791428597302248,0.00790880237549986,0.00790445829980394,0.00790151840415438,0.00790013520698924,0.00790033723346053,0.00790202704502658,0.00790498925831669,0.00790890787153549,0.00791339149000862,0.00791800443245492,0.00792230125187412,0.00792586195191951,0.00792832513813478,0.00792941651405605,0.00792897050012875,0.00792694329009914,0.00792341632445908,0.00791858990370333,0.00791276742971082,0.00790633149383682,0.00789971367013542,0.00789336037239065,0.00788769745458998,0.00788309634893896,0.00787984443142611,0.00787812198740887,0.00787798764099964,0.00787937344987016,0.00788209010193064,0.00788584184188691,0.00789024996875679,0.00789488304494489,0.00789929140294783,0.0079030431751666,0.00790575893758741,0.00790714216222268,0.00790700300883466,0.00790527352671346,0.00790201303763772,0.00789740327315375,0.00789173367540248,0.0078853780705039,0.00787876462004301,0.00787234149229381,0.00786654102780469,0.00786174527909601,0.00785825567558756,0.0078562692160611,0.00785586305270519,0.00785698864894338,0.00785947592505646,0.00786304701360684,0.00786733849368103,0.00787193031638586,0.00787637912216276,0.00788025332025709,0.00788316717541198,0.00788481123468728,0.00788497671995075,0.0078835719850399,0.00788062975381686,0.0078763045698243,0.00787086064719891,0.00786465105962881,0.00785808988265447,0.00785161946163644,0.00784567536916574,0.00784065181034837,0.00783687021568897,0.00783455352789294,0.00783380825493753,0.00783461575727811,0.00783683350765987,0.00784020626568077,0.00784438631067264,0.00784896114078329,0.00785348643343694,0.00785752162389799,0.00786066523330523,0.00786258708738186,0.00786305481360938,0.00786195246816403,0.00785928978512627,0.00785520130549922,0.00784993546902122,0.00784383456908499,0.00783730721183383,0.00783079552245204,0.00782473975535641,0.007819543158692,0.00781553990508105,0.00781296863647723,0.00781195370504218,0.00781249556378144,0.0078144710228137,0.00781764330086419,0.00782168103042814,0.00782618467860297,0.0078307182755478,0.00783484394005839,0.0078381564858059,0.00784031539674226,0.00784107167411905,0.00784028746215495,0.00783794692246892,0.00783415750618071,0.00782914151682405,0.00782321861174248,0.00781678059742383,0.00781026048071114,0.00780409819559099,0.00779870569818183,0.00779443418793199,0.00779154606285015,0.007790193859014,0.00779040788428502,0.00779209357332262,0.0077950388190573,0.00779893073560808,0.00780338054356848,0.00780795460354933,0.00781220911417965,0.00781572568143187,0.00781814488524715,0.00781919512500911,0.00781871440513846,0.00781666329506699,0.00781312801720311,0.00780831342278347,0.0078025264406608,0.00779615135803757,0.00778961894987302,0.00778337196189513,0.00777782973315294,0.00777335479737794,0.00777022412586924,0.00776860728471326,0.00776855321031857,0.00776998660887242,0.00777271421594722,0.00777644037363874,0.00778079065433664,0.00778534163753287,0.00778965447569576,0.00779330960219304,0.0077959398581417,0.00779725944880694,0.00779708647112087,0.00779535725593013,0.00779213140425252,0.00778758711889731,0.00778200718682634,0.00777575669603453,0.00776925421806995,0.00776293870453347,0.00775723469297043,0.0077525185657929,0.00774908854006626,0.00774714078763333,0.00774675361331623,0.00774788098935002,0.00775035600512802,0.00775390399994332,0.00775816436489521,0.00776271929256197,0.00776712717983847,0.00777095800035873,0.00777382779263188,0.00777542947336373,0.00777555747811404,0.00777412423071112,0.0077711671085545,0.00776684534768161,0.0077614271530331,0.00775526807579609,0.00774878242474567,0.00774241003526113,0.00773658108413948,0.00773168178172676,0.00772802368471007,0.00772581906319617,0.0077251642535307,0.00772603227863384,0.00772827527460011,0.00773163648462671,0.00773577082939341,0.00774027239504366,0.0077447066479789,0.00774864482974739,0.00775169782950323,0.00775354688379891,0.00775396870734653,0.00775285309445762,0.0077502116171002,0.00774617673758986,0.00774099139844824,0.00773498989186133,0.00772857149128028,0.00772216889793474,0.00771621397176959,0.00771110344449988,0.00770716733003063,0.00770464254962908,0.00770365389030581,0.00770420384552531,0.00770617219036278,0.00770932537043871,0.00771333499452405,0.00771780397926545,0.00772229826515919,0.00772638156078403,0.00772965031705467,0.00773176610576408,0.00773248277968702,0.00773166621067971,0.0077293050053793,0.00772551133574755,0.00772051183025856,0.00771462928115081,0.0077082566659747,0.00770182559814341,0.00769577176273328,0.00769050012519278,0.00768635270321279,0.0076835814670147,0.00768232850329646,0.0076826149827128,0.00768433976128298,0.00768728767956898,0.00769114685905715,0.00769553359185979,0.00770002283248583,0.00770418187409674,0.00770760455699726,0.00770994332853911,0.00771093665003821,0.007710429612971,0.0077083861561627,0.00770489192834559,0.00770014756683146,0.00769445290769321,0.00768818334951446,0.0076817602084865,0.00767561738058188,0.00767016692854535,0.00766576631128829,0.00766268986002455,0.00766110678532438,0.00766106749520037,0.00766249935386121,0.00766521226314979,0.00766891366199817,0.00767323177691854,0.00767774528207726,0.00768201699815508,0.00768562892051623,0.00768821574871567,0.00768949420265482,0.00768928574810785,0.00768753088921973,0.00768429387352312,0.00767975743799507,0.00767420803650639,0.00766801276186769,0.00766158984579996,0.00765537513273421,0.0076497872369524,0.00764519418290311,0.00764188419080926,0.00764004291899455,0.00763973894256401,0.0076409185807543,0.00764341043693908,0.00764693924564672,0.00765114789081066,0.00765562582541667,0.00765994163289497,0.00766367716034129,0.00766646054385433,0.0076679955427962,0.00766808489358506,0.00766664586180867,0.00766371677835502,0.00765945404501423,0.00765411983487452,0.00764806143719719,0.00764168385058853,0.00763541776209565,0.00762968542143613,0.00762486709846536,0.00762127078199128,0.00761910753873769,0.00761847451823208,0.00761934699387157,0.00762158011708179,0.00762492028628523,0.00762902525754441,0.00763349141268195,0.00763788601267323,0.0076417818488085,0.00764479149788925,0.00764659841010176,0.00764698230956157,0.00764583684802297,0.00764317808348902,0.00763914310420035,0.00763397892190327,0.00762802254974666,0.00762167389395947,0.00761536366544287,0.00760951891005434,0.00760452893363359,0.00760071434802977,0.00759830169560402,0.00759740564713223,0.00759802015145943,0.00760001919526159,0.00760316706600077,0.00760713726209321,0.00761153852054583,0.0076159458851366,0.00761993435731765,0.00762311248353931,0.00762515324834459,0.00762581985991988,0.00762498441651275,0.00762263799742226,0.00761889138851789,0.00761396637902094,0.00760817829900671,0.00760191115086473,0.00759558727091163,0.0075896338941527,0.0075844492505778,0.00758037087336829,0.00757764864133205,0.0075764247191601,0.00757672202485776,0.00757844218375106,0.00758137317448999,0.00758520609452614,0.0075895597336878,0.00759401100557632,0.00759812880136581,0.0076015085411609,0.00760380463095778,0.00760475819607182,0.00760421784242374,0.00760215176389739,0.0075986502196295,0.00759391819073777,0.00758825882611984,0.00758204903467117,0.00757570921412063,0.00756966957247575,0.00756433575976166,0.00756005656675993,0.00755709626379051,0.00755561376414255,0.00755565023740015,0.00755712611439668,0.00755984767450896,0.00756352264813646,0.00756778356229662,0.00757221695898246,0.00757639616817897,0.00757991505234206,0.00758242007482345,0.00758363818453889,0.0075833983409996,0.00758164500131515,0.00757844251567389,0.00757397008299492,0.00756850765130058,0.00756241385301346,0.00755609769035538,0.00754998618191293,0.00754449050884183,0.00753997333101666,0.00753671986704751,0.0075349150507254,0.00753462860923318,0.0075358092894927,0.00753828873528064,0.00754179474601533,0.00754597289040491,0.00755041476688535,0.00755469065529033,0.00755838393701896,0.0075611245066191,0.00756261847085736,0.00756267172760275,0.00756120551286811,0.00755826265909351,0.00755400406616032,0.00754869568470582,0.00754268708224259,0.00753638334242359,0.00753021258097345,0.00752459170530845,0.00751989317176773,0.00751641539678066,0.00751435916721473,0.00751381189942534,0.00751474095886614,0.00751699652523358,0.0075203237304585,0.00752438306824886,0.00752877743100767,0.00753308362146838,0.00753688584940667,0.00753980858132819,0.00754154617160369,0.00754188696109062,0.00754072996354046,0.00753809283762427,0.00753411051915259,0.00752902461282222,0.00752316436135926,0.00751692066853471,0.00751071520095716,0.00750496698855951,0.0075000591528127,0.00749630839645729,0.00749393968644699,0.00749306816610085,0.00749368977127916,0.00749568134000322,0.00749881024828059,0.00750275283786905,0.00750712018744895,0.00751148917699675,0.00751543635626804,0.00751857188967782,0.00752057083339904,0.00752119921004496,0.00752033276640077,0.00751796689555877,0.00751421692600615,0.00750930876582077,0.00750356067477896,0.00749735765600018,0.00749112055243367,0.00748527235280252,0.00748020442301222,0.00747624536779274,0.00747363499824648,0.0074725054561104,0.00747287096150907,0.00747462695591675,0.00747755866243747,0.0074813583419095,0.00748564984467315,0.00749001849576602,0.00749404394663735,0.00749733340725882,0.00749955265340615,0.00750045238524865,0.00749988788049895,0.00749783040937555,0.00749436951889416,0.0074897060021957,0.00748413609209555,0.00747802810286024,0.00747179333821536,0.00746585354012329,0.00746060743524206,0.00745639902075613,0.00745349011001305,0.00745203933773251,0.00745208932620276,0.00745356307404966,0.00745626989699209,0.0074599204840137,0.00746414989508637,0.00746854667844579,0.00747268578041113,0.00747616260175984,0.00747862545053198,0.00747980376331726,0.00747952980699029,0.00747775210262859,0.00747453948831917,0.00747007550102572,0.0074646435462101,0.00745860407197759,0.00745236560993041,0.00744635203410182,0.00744096868265609,0.00743657006265276,0.0074334317133943,0.00743172845388462,0.00743152071562441,0.00743275000722041,0.00743524382571638,0.00743872958055929,0.00744285638947659,0.00744722299588053,0.00745140958989841,0.00745501102275234,0.00745766880682547,0.00745909939732753,0.00745911654726274,0.0074576459921285,0.00745473131819397,0.00745053055245566,0.00744530373211289,0.00743939241335771,0.00743319271097435,0.00742712397291939,0.00742159554657406,0.00741697425615686,0.00741355516925799,0.00741153798612818,0.00741101095477753,0.00741194362885498,0.00741418908726258,0.00741749547849517,0.00742152600025832,0.00742588573846715,0.00743015322649912,0.00743391419291661,0.00743679477738171,0.00743849152798685,0.00743879574842937,0.00743761022085421,0.00743495695167306,0.00743097532044769,0.00742591079422607,0.00742009513658818,0.00741391972878313,0.00740780417289852,0.00740216271847717,0.00739737121501855,0.0073937372332109,0.0073914757261096,0.00739069214316502,0.00739137430386757,0.00739339363338287,0.00739651561712349,0.00740041860487213,0.00740471944507392,0.00740900390524084,0.00741285947272056,0.00741590795622527,0.00741783533400052,0.00741841651645181,0.00741753309152356,0.0074151826686273,0.00741147908921306,0.00740664348037881,0.00740098683982722,0.00739488550272106,0.00738875140242878,0.00738299945316331,0.00737801461957937,0.0073741212768215,0.00737155729972734,0.00737045496172217,0.00737083019657441,0.00737258111835008,0.00737549595787247,0.00737926981730191,0.00738352893013487,0.0073878605005384,0.00739184573410849,0.00739509340158558,0.00739727122310545,0.00739813253047917,0.00739753604600152,0.0073954571765156,0.00739198991331078,0.0073873391941303,0.00738180435972096,0.00737575505979309,0.00736960157165726,0.00736376193878875,0.00735862858042693,0.00735453704965319,0.00735173942751124,0.00735038445315106,0.00735050593856326,0.00735202034729834,0.00735473368448818,0.00735835710945446,0.0073625300001315,0.00736684862249274,0.00737089813084722,0.00737428537690569,0.0073766699536521,0.00737779104641662,0.00737748799555866,0.00737571296674268,0.00737253473851653,0.00736813330645108,0.00736278571664625,0.00735684422508511,0.00735070848132689,0.00734479390920596,0.00733949876622236,0.00733517248124623,0.00733208778501886,0.00733041886321284,0.00733022729730282,0.00733145694899479,0.00733393823625988,0.00733740149844336,0.007341498414108,0.00734582977826778,0.00734997742093169,0.00735353770204105,0.00735615387999742,0.00735754473488648,0.00735752712714834,0.00735603066361702,0.0073531032853612,0.00734890733236161,0.00734370641670131,0.00733784418318099,0.00733171669147231,0.00732574066321742,0.00732032016028338,0.00731581437239122,0.00731250908687047,0.00731059410149602,0.00731014835113306,0.00731113389229785,0.00731339917906054,0.00731669132651829,0.00732067635256759,0.00732496576917613,0.0073291474071715,0.00733281803943594,0.00733561523877122,0.00733724597631639,0.00733750972724477,0.00733631428142961,0.00733368302472596,0.0073297531186662,0.00732476471315858,0.00731904202504546,0.00731296775208073,0.00730695281800337,0.00730140381884245,0.00729669073329774,0.0072931174541199,0.00729089749062276,0.00729013679769772,0.00729082513214469,0.00729283666455305,0.00729593983717382,0.00729981571419893,0.00730408338124079,0.00730833037274068,0.00731214568831816,0.00731515273831827,0.00731703955537273,0.00731758382467137,0.00731667070390049,0.007314301990229,0.00731059589750434,0.00730577747293083,0.00730016044452639,0.00729412198467152,0.00728807244344641,0.00728242250241611,0.00727755039442482,0.00727377181422046,0.00727131491251135,0.00727030234346943,0.00727074175950612,0.0072725254660067,0.00727543921872705,0.00727917942607184,0.00728337736312164,0.00728762846352482,0.00729152436932244,0.0072946852152561,0.00729678961662936,0.00729760001695765,0.00729698141756376,0.00729491202759992,0.00729148500080532,0.00728690111752497,0.00728145297480751,0.00727550191024887,0.00726944945620709,0.00726370555633793,0.00725865604176723,0.00725463193695454,0.00725188303658491,0.00725055787155389,0.00725069168731222,0.00725220342906663,0.00725490201411225,0.00725850142767956,0.00726264346458585,0.00726692631354047,0.00727093669767469,0.00727428298603189,0.00727662660294168,0.00727770919348031,0.00727737334357911,0.00727557517570715,0.00727238780292627,0.00726799537052994,0.00726267818210906,0.00725679013051653,0.00725073027366715,0.00724491086053337,0.00723972438778539,0.00723551233172346,0.00723253804976403,0.00723096599509901,0.00723084886863843,0.0072321236891189,0.00723461704900119,0.007238059097457,0.00724210510855484,0.00724636290459226,0.00725042395591569,0.00725389570287678,0.00725643256194072,0.00725776319031043,0.00725771188090234,0.00725621241858802,0.00725331331477636,0.00724917400694699,0.00724405231218727,0.00723828410562348,0.0072322568037587,0.00722637872263792,0.00722104671354502,0.00721661462752987,0.00721336511019847,0.00721148698048601,0.0072110600179727,0.00721204840446015,0.00721430338151655,0.00721757494999139,0.007221531708764,0.00722578726743635,0.00722993112686207,0.00723356154891905,0.00723631776546148,0.00723790892188068,0.00723813741040077,0.00723691470177641,0.00723426839452857,0.00723033991759259,0.00722537308486734,0.00721969444402147,0.007213687024843,0.00720775962025093,0.00720231408405027,0.00719771327658638,0.00719425222215174,0.00719213476788236,0.0071914575777771,0.00719220269778797,0.00719423923927906,0.00719733400424435,0.00720117017308789,0.00720537254800189,0.00720953733977929,0.00721326414144993,0.00721618757338284,0.00721800612108975,0.00721850591335682,0.0072175775856874,0.00721522491231937,0.00721156452938799,0.00720681676425154,0.00720128827873364,0.00719534787387701,0.00718939734196884,0.00718383964703359,0.00717904693661277,0.00717533091595826,0.00717291794499494,0.00717193085865273,0.00717237898842741,0.00717415721740287,0.00717705418279741,0.0071807690058573,0.00718493523756195,0.00718915011745199,0.00719300680225425,0.00719612696978967,0.00719819116444331,0.00719896442743609,0.00719831513470966,0.00719622551665111,0.00719279301197768,0.00718822235618569,0.00718280905979219,0.00717691562951678,0.00717094246868484,0.00716529581450498,0.00716035529673398,0.00715644371818811,0.00715380146334521,0.00715256755506669,0.00715276883501588,0.00715431808695183,0.00715702120809448,0.00716059281934581,0.00716467904597071,0.00716888564625168,0.00717280925767111,0.007176069297948,0.00717833801781783,0.00717936635517227,0.00717900357278636,0.00717720914783317,0.00717405598351733,0.00716972468647526,0.00716448934802631,0.00715869593069451,0.00715273494267746,0.00714701053651483,0.00714190845818112,0.00713776537582167,0.00713484202368327,0.00713330231085865,0.00713320008505869,0.00713447464176355,0.00713695537512785,0.00714037523483782,0.00714439194224882,0.00714861528760354,0.00715263832946116,0.00715606999003876,0.00715856641585508,0.00715985856515136,0.00715977378639039,0.00715824964028476,0.00715533884965655,0.00715120498418318,0.00714610924121969,0.00714038940727355,0.00713443271685398,0.00712864481328113,0.00712341731957418,0.0071190966244075,0.00711595637409556,0.00711417584914932,0.00711382592028926,0.00711486366421226,0.00711713602447504,0.00712039218456125,0.00712430363631522,0.0071284903300116,0.00713255082645592,0.00713609407004727,0.00713877028595688,0.00714029858199551,0.00714048909916839,0.00713925798289463,0.00713663400599267,0.00713275632260242,0.00712786352094147,0.00712227482064583,0.00711636487581505,0.00711053415013283,0.0071051771860126,0.00710065126703851,0.00709724795636235,0.00709516978172987,0.00709451394390931,0.00709526437797911,0.00709729283787963,0.00710036895543991,0.00710417850299279,0.00710834842224386,0.00711247662656555,0.00711616418701304,0.00711904730896012,0.00712082651480304,0.00712129066929839,0.00712033390034017,0.00711796404564665,0.00711430194715855,0.00710957166166323,0.00710408239506148,0.00709820363693856,0.00709233551704626,0.00708687678257316,0.00708219297521357,0.00707858735641952,0.00707627689211462,0.00707537518703327,0.00707588369132836,0.00707769183658744,0.00708058604870428,0.00708426688610956,0.00708837291743496,0.00709250943170849,0.00709627970657855,0.00709931637250833,0.00710131041472571,0.00710203554674713,0.00710136605345148,0.00709928671060006,0.00709589400356987,0.00709138854434516,0.00708605927085563,0.00708026065435377,0.00707438469025932,0.00706882986372756,0.00706396952988556,0.00706012220842452,0.00705752615554228,0.0070563202515307,0.00705653275323917,0.00705807884374499,0.00706076721370619,0.00706431518432778,0.00706837118961328,0.00707254283361901,0.00707642827804837,0.00707964843614519,0.00708187737439613,0.00708286846161473,0.00708247414596915,0.00708065775767021,0.00707749638543616,0.00707317460326794,0.00706796956891229,0.00706222871466698,0.00705634184771914,0.00705070992257286,0.00704571300613273,0.00704168000657572,0.00703886257867892,0.00703741526733349,0.00703738343945342,0.00703869992558515,0.00704119059678491,0.00704458839500156,0.00704855467212405,0.00705270612592106,0.00705664519334948,0.00705999150371845,0.00706241192283614,0.00706364683754345,0.00706353062802417,0.007062004730023,0.00705912226601095,0.00705504387952242,0.00705002509062854,0.00704439615127795,0.00703853596717239,0.00703284212299784,0.00702769936302012,0.00702344901311274,0.00702036177043912,0.00701861603528135,0.00701828353313301,0.00701932340542676,0.00702158527757825,0.00702482109593747,0.00702870481812974,0.00703285840205957,0.0070368820208204,0.00704038607814594,0.00704302244295957,0.00704451237693713,0.00704466889266808,0.00704341173088958,0.00704077374611491,0.00703689819058096,0.00703202712810809,0.00702648193019705,0.0070206374464569,0.00701489194765969,0.00700963527155059,0.00700521773333765,0.00700192228594004,0.00699994213849234,0.00699936559050988,0.00700016925250044,0.00700222015056087,0.0070052865069226,0.00700905630613744,0.00701316215040299,0.00701721042360123,0.00702081245779191,0.00702361525104434,0.00702532933030506,0.00702575158216697,0.00702478126960219,0.00702242798389617,0.00701881090804326,0.0070141494430752,0.00700874592099941,0.00700296174643291,0.00699718882700208,0.00699181853011865,0.0069872106100012,0.00698366456503369,0.006981395707599,0.00698051786832779,0.00698103414098745,0.00698283644193731,0.0069857139574738,0.00698936983813312,0.00699344482923884,0.0069975459581366,0.00700127797972766,0.00700427504921781,0.00700623006439429,0.00700691930239526,0.00700622035424716,0.00700412190456341,0.00700072456896556,0.00699623273170961,0.00699093805859969,0.0069851960341703,0.00697939743218141,0.00697393702984977,0.00696918208724838,0.00696544311791614,0.00696294927690163,0.00696183030746904,0.00696210645154564,0.00696368708694403,0.00696637815831746,0.00696989777413063,0.00697389870324288,0.00697799597151182,0.00698179737078479,0.00698493447690082,0.00698709174374432,0.00698803139754216,0.00698761218710389,0.00698580052628084,0.00698267315744831,0.00697841112366112,0.00697328551242022,0.00696763607547096,0.00696184438880519,0.0069563036518278,0.00695138749896037,0.00694742028704503,0.00694465121884519,0.00694323437324036,0.00694321625712867,0.00694453190569411,0.00694700988038781,0.00695038580083123,0.00695432335610868,0.00695844113063901,0.00696234310141573,0.00696565035683912,0.00696803147887625,0.00696922913056024,0.00696908069401977,0.00696753128670606,0.00696463810504176,0.00696056575242618,0.00695557294252803,0.00694999166808918,0.00694420053288696,0.00693859441056296,0.00693355288095521,0.00692940997979038,0.00692642767630905,0.00692477517853733,0.00692451568625379,0.00692560160817161,0.0069278785821705,0.00693109793998921,0.00693493659529236,0.00693902275756939,0.00694296542723768,0.00694638534241049,0.00694894494513464,0.00695037502056424,0.00695049592830347,0.00694923176941057,0.00694661638255018,0.00694279069714287,0.00693799164291746,0.00693253347354608,0.00692678295671452,0.00692113036785399,0.00691595856180546,0.00691161255905766,0.00690837205670121,0.0069064290581475,0.00690587242356413,0.00690668060287678,0.00690872316660394,0.00691177104791292,0.00691551470843115,0.00691958879716016,0.00692360133891716,0.006927165111492,0.00692992868293871,0.00693160460006261,0.00693199244577338,0.00693099489782681,0.00692862549006453,0.00692500745290153,0.00692036373690247,0.00691499904101045,0.00690927531454982,0.00690358272516374,0.00689830844113257,0.00689380573969979,0.00689036591258939,0.00688819520121927,0.0068873985779643,0.00688797163135313,0.00688980115973912,0.0068926743844302,0.00689629601503589,0.00690031178868209,0.00690433660589911,0.00690798503609849,0.00691090179053531,0.00691278977290411,0.00691343351456331,0.00691271616565911,0.00691062871616638,0.00690727072425931,0.0069028424888964,0.00689762926975498,0.00689197877971189,0.00688627370469499,0.00688090140179442,0.00687622315811205,0.00687254544071835,0.00687009542585707,0.00686900277092592,0.00686928910832466,0.00687086613266783,0.00687354246990898,0.00687703881281018,0.00688101013850619,0.00688507324525795,0.00688883740555247,0.00689193566990645,0.00689405429388536,0.00689495790672935,0.00689450838238165,0.00689267588485632,0.00688954119755614,0.0068852891570208,0.0068801937357889,0.00687459599585417,0.00686887670765394,0.00686342585342976,0.00685861147465123,0.00685475036275104,0.00685208292917703,0.00685075424047593,0.00685080269831612,0.00685215722649848,0.00685464314790782,0.0068579962476651,0.00686188387758481,0.00686593141076211,0.00686975194545125,0.00687297691466589,0.00687528519851475,0.00687642846189291,0.00687625073922758,0.00687470073740922,0.00687183589431056,0.00686781787114246,0.0068628998236652,0.00685740643890409,0.0068517082914062,0.00684619252288192,0.00684123214635744,0.006837156396393,0.00683422447870131,0.00683260481790146,0.00683236147853651,0.00683344887323602,0.00683571521613526,0.00683891448077856,0.00684272593573567,0.00684677971411439,0.00685068637670152,0.00685406809523276,0.00685658894159424,0.00685798183384913,0.00685806995677928,0.00685678092173344,0.006854152521312,0.00685032961968369,0.00684555244173999,0.00684013722310038,0.00683445079986145,0.00682888120112684,0.00682380662027135,0.00681956525893144,0.0068164284534341,0.00681457921565689,0.00681409787346722,0.0068149559183238,0.00681701850802283,0.00682005538535186,0.00682375931300966,0.00682777054147074,0.00683170536263475,0.00683518649198161,0.00683787288867347,0.00683948667607104,0.00683983505876919,0.00683882552644552,0.00683647315803156,0.00683289945252944,0.00682832277045773,0.00682304112377177,0.00681740865212536,0.00681180762216219,0.00680661814443891,0.00680218799152647,0.0067988049056636,0.00679667360269753,0.00679589932158727,0.00679647925974231,0.00679830261213769,0.00680115924588428,0.00680475634770975,0.00680874173598692,0.00681273198399023,0.00681634310219382,0.0068192213094262,0.00682107140650596,0.00682168045506745,0.00682093484358066,0.00681882936018036,0.00681546754281342,0.00681105328754424,0.00680587440684368,0.00680027948204208,0.00679464989326985,0.0067893692917706,0.00678479297371621,0.00678121960822032,0.00677886756841066,0.00677785773210703,0.00677820409037219,0.00677981287249411,0.00678249021664298,0.0067859577410165,0.00678987475348036,0.00679386532493952,0.00679754808084036,0.0068005663632456,0.00680261639674059,0.00680347125491377,0.0068029987562695,0.00680117189286501,0.00679807097557266,0.00679387732318002,0.00678885898040396,0.00678334957262434,0.00677772194490424,0.00677235864769934,0.00676762158870713,0.00676382324816756,0.0067612017453867,0.00675990175331408,0.00675996280578174,0.00676131596207118,0.0067637891305205,0.00676712065944488,0.00677098013551753,0.006774994741826,0.00677877906942032,0.00678196598653742,0.00678423607477484,0.00678534325093051,0.00678513449917013,0.00678356211576466,0.00678068747824493,0.00677667604152423,0.00677178397772169,0.00676633755454993,0.00676070693282784,0.00675527650862299,0.00675041419406612,0.00674644210286977,0.00674361097875208,0.00674208039062177,0.00674190624504746,0.0067430365741473,0.00674531589420808,0.0067484977506865,0.00675226442293748,0.0067562522065066,0.00676008026362956,0.00676338076435985,0.00676582795003707,0.00676716384308715,0.00676721859426422,0.00676592387912744,0.00676331829715192,0.00675954434818475,0.0067548372154312,0.00674950622284119,0.00674391040931151,0.00673843012795188,0.00673343689877999,0.00672926389137852,0.00672617937718441,0.00672436527014814,0.00672390248435503,0.00672476430567593,0.00672681834159633,0.00672983692842843,0.00673351519330446,0.00673749534598501,0.00674139526455539,0.00674483908263946,0.00674748731446917,0.00674906408352983,0.00674937924988451,0.00674834364312025,0.00674597616871969,0.00674240221865629,0.00673784352592662,0.00673260029785051,0.00672702708648162,0.00672150435585608,0.00671640804504526,0.00671207957636119,0.00670879870854286,0.00670676139115606,0.00670606436164485,0.00670669767725853,0.00670854573672662,0.00671139667238531,0.00671495933452847,0.00671888649703202,0.0067228024326357,0.00672633267435991,0.00672913362033823,0.00673091966194841,0.00673148571502145,0.00673072339484868,0.00672862957092712,0.00672530663032437,0.00672095442404597,0.0067158545188671,0.00671034797794796,0.00670480840209967,0.00669961234169545,0.006695109406975,0.00669159444217503,0.00668928397976526,0.00668829886416991,0.00668865445425401,0.00669025921779797,0.00669292186517077,0.00669636648503772,0.00670025449681147,0.0067042116764317,0.00670785809219209,0.00671083854239793,0.00671285103791998,0.00671367102524207,0.00671316938776931,0.00671132276785599,0.006708215377791,0.00670403216211389,0.00669904387739014,0.00669358531010358,0.00668802840508558,0.00668275248141023,0.00667811393739642,0.00667441787415035,0.00667189389777276,0.00667067801092173,0.006670802006327,0.00667219116973201,0.00667467043639847,0.00667797847642899,0.00668178856271159,0.00668573454982489,0.00668943990233502,0.00669254748381931,0.00669474776831819,0.00669580326598667,0.00669556725427329,0.00669399535207948,0.00669114903229911,0.0066871907947131,0.0066823713690822,0.00667700993955505,0.00667146892985584,0.00666612532142321,0.00666134075810978,0.00665743279720619,0.00665464958804885,0.00665315000158335,0.0066529908153006,0.00665412200733581,0.00665639057151531,0.00665955258220034,0.00666329257033793,0.00666724867671594,0.00667104157485254,0.00667430484276582,0.00667671433621849,0.00667801418837756,0.00667803732920127,0.00667671886188655,0.0066741012161601,0.00667033066904205,0.00666564552612995,0.00666035693253772,0.00665482387729997,0.0066494244197437,0.00664452546280303,0.00664045350288872,0.00663746869247356,0.00663574427083377,0.00663535297631856,0.00663626148757618,0.00663833329756395,0.0066413397546624,0.00664497836301045,0.00664889686941103,0.0066527212194777,0.00665608517348927,0.0066586592530054,0.00666017675005464,0.00666045476578216,0.0066594086359752,0.00665705861666153,0.00665352830474755,0.00664903491106254,0.00664387213790184,0.00663838699213608,0.00663295234382032,0.00662793738156481,0.00662367829201578,0.00662045148597606,0.00661845150581072,0.00661777539017044,0.00661841476903959,0.00662025635291205,0.00662309081178541,0.00662662936530615,0.0066305267791905,0.00663440893742422,0.00663790278011685,0.00664066619648884,0.0066424154591124,0.00664294797991829,0.00664215854510696,0.00664004771489198,0.0066367217121257,0.00663238381810456,0.00662731798527521,0.00662186600646249,0.00661640009664323,0.00661129310523901,0.0066068887569205,0.00660347430394084,0.00660125776565281,0.00660035154973916,0.00660076372818294,0.0066023976238896,0.00660505970197467,0.00660847510530251,0.00661230957714383,0.00661619601998628,0.00661976358584245,0.0066226670057629,0.00662461385728319,0.00662538763684786,0.00662486483550403,0.00662302468464554,0.00661995080880095,0.00661582465143945,0.00661091117997277,0.00660553797918511,0.00660006936248956,0.0065948775274181,0.00659031302368333,0.00658667686816621,0.00658419652378562,0.00658300766574214,0.00658314321053926,0.00658453051391573,0.00658699699643766,0.00659028378040845,0.00659406627336511,0.00659798006569371,0.00660165007142267,0.00660472056975171,0.0066068837239311,0.00660790427138912,0.00660763838583596,0.00660604518410933,0.00660318994913868,0.00659923881564056,0.00659444536028179,0.00658913019473141,0.00658365522366806,0.00657839465452475,0.00657370509780265,0.0065698971573377,0.0065672107762745,0.00656579628970979,0.00656570266664287,0.00656687384173962,0.00656915338983931,0.00657229713544453,0.00657599266766917,0.00657988419556919,0.00658360076925415,0.0065867856386621,0.00658912444254843,0.00659037001990642,0.00659036190535602,0.00658903898695531,0.00658644433712408,0.00658272183514283,0.00657810483800529,0.00657289777727026,0.00656745211497272,0.00656213853809129,0.00655731757350949,0.00655331093992937,0.00655037590820321,0.00654868471787984,0.00654831070943556,0.00654922230663616,0.00655128536225703,0.0065542737125029,0.00655788712470003,0.00656177522238326,0.0065655654810558,0.00656889304855442,0.00657142998667198,0.00657291157071793,0.00657315751849627,0.0065720864302751,0.00656972227263399,0.00656619238655943,0.00656171719041278,0.0065565924237806,0.00655116538157814,0.00654580706885148,0.00654088252693282,0.0065367217170301,0.00653359328919667,0.00653168331946307,0.00653108068737519,0.006531770225538,0.00653363414802199,0.00653646160673571,0.00653996558568995,0.00654380577130551,0.0065476155755622,0.00655103117289042,0.00655372026466166,0.00655540831620513,0.00655590021553899,0.00655509566303058,0.00655299708951743,0.00654970948110081,0.00654543211854923,0.00654044286990522,0.00653507625761915,0.00652969701157826,0.00652467117940038,0.00652033706723965,0.00651697831061807,0.00651480122023819,0.00651391822149422,0.00651433873225671,0.00651596823789995,0.00651861567102606,0.00652200853712476,0.00652581459980643,0.0065296684024816,0.00653320050325401,0.00653606707117482,0.00653797745509863,0.00653871749495622,0.00653816668738365,0.00653630781614459,0.00653322827170956,0.00652911296208813,0.00652422940099857,0.00651890619254486,0.0065135066619706,0.00650839976738353,0.00650393063695496,0.00650039309375429,0.00649800635635634,0.00649689775451209,0.00649709280699391,0.00649851341508243,0.00650098427802975,0.00650424698723402,0.00650798065448176,0.0065118274231501,0.00651542083814849,0.00651841483750751,0.00652051108970536,0.00652148253705739,0.00652119130559413,0.00651959958273346,0.00651677261196846,0.00651287356673561,0.00650815069712754,0.00650291774591362,0.00649752915921854,0.00649235203124745,0.00648773698806662,0.0064839903098413,0.00648134950506266,0.00647996428956013,0.00647988450629468,0.00648105597933954,0.00648332466732652,0.00648644881711566,0.00649011817153604,0.00649397871015865,0.00649766094761257,0.00650080951778048,0.00650311165946774,0.0065043223005947,0.00650428370918069,0.0065029381194038,0.00650033231336747,0.00649661379523064,0.0064920188785114,0.00648685366286384,0.00648146944988555,0.00647623459183594,0.00647150504655463,0.00646759600431259,0.00646475685216678,0.00646315145961111,0.00646284533140915,0.00646380061681216,0.00646587933474634,0.00646885452262268,0.00647242839399343,0.00647625604542758,0.00647997282667011,0.00648322321139971,0.00648568889805542,0.00648711393827982,0.00648732492825006,0.00648624468638456,0.0064838983491982,0.00648041140641263,0.00647599982266062,0.00647095300964355,0.00646561097299142,0.00646033741904356,0.00645549093147996,0.00645139648946273,0.00644831958356838,0.00644644499304204,0.00644586193084729,0.00644655676733182,0.00644841394592981,0.0064512250512756,0.006454705333696,0.00645851638833196,0.0064622931829233,0.00646567326819748,0.00646832581965583,0.00646997816568771,0.00647043765526422,0.006469607093964,0.00646749249946838,0.00646420255364008,0.00645993980511069,0.00645498434682672,0.00644967130136756,0.00644436394319518,0.00643942463153864,0.00643518589347304,0.00643192397194211,0.00642983694188901,0.00642902911885046,0.00642950297127171,0.00643115914364346,0.00643380455152733,0.0064371678730808,0.00644092118433205,0.00644470601104389,0.00644816173378283,0.00645095410864553,0.00645280166568032,0.00645349791916379,0.00645292765459416,0.0064510760206487,0.00644802971459392,0.00644397016400381,0.00643915923009964,0.00643391854226125,0.00642860407506307,0.006423577959149,0.00641917974401801,0.00641569938473605,0.00641335410018239,0.00641227095624105,0.00641247658454925,0.00641389488812788,0.006416352951159,0.00641959471144406,0.00642330132508225,0.00642711660683157,0.00643067551228983,0.00643363337382778,0.00643569353259649,0.00643663113144457,0.00643631114090727,0.00643469915861966,0.00643186411208682,0.00642797265491683,0.00642327572145285,0.00641808833900723,0.00641276433961731,0.0064076680204629,0.00640314503995385,0.00639949488554779,0.00639694710796768,0.00639564320000683,0.00639562553576034,0.00639683421681817,0.00639911204071553,0.0064022171634872,0.00640584242356547,0.0064096397765691,0.00641324789942898,0.00641632078548269,0.0064185550847112,0.00641971404822129,0.00641964620497433,0.00641829731148736,0.00641571464015521,0.0064120432682938,0.00640751465217739,0.00640242837150409,0.00639712846505218,0.00639197620711708,0.00638732146244611,0.00638347488023072,0.00638068313357509,0.00637910918208896,0.0063788191481176,0.00637977688035596,0.00638184667105853,0.0063848039420271,0.00638835307217364,0.00639215095850784,0.00639583443172146,0.00639904932693177,0.00640147886739631,0.00640286906766276,0.00640304909986115,0.00640194497405841,0.00639958542723994,0.00639609955017447,0.00639170635407717,0.00638669713344515,0.00638141206335799,0.00637621293087378,0.00637145420372364,0.00636745476203632,0.00636447255232689,0.00636268417530843,0.00636217101234977,0.00636291296397156,0.00636479026209858,0.00636759317579947,0.00637103880911233,0.0063747936374959,0.00637849998774629,0.00638180436703819,0.00638438541146931,0.00638597926222944,0.00638640038430736,0.00638555620165214,0.00638345440571145,0.0063802023642366,0.00637599867123597,0.00637111749108276,0.00636588691381153,0.00636066301132759,0.00635580162831366,0.00635163012914194,0.00634842133699998,0.00634637174066399,0.00634558571850821,0.00634606706172497,0.00634771850425639,0.00635034932975178,0.0063536904767181,0.00635741595506841,0.00636116887109109,0.00636458997726625,0.00636734645067682,0.00636915857757611,0.00636982218554574,0.00636922500642201,0.00636735564559334,0.00636430443574465,0.00636025611479907,0.00635547493265547,0.00635028340378233,0.00634503643265815,0.00634009290567786,0.00633578703778961,0.00633240177005179,0.00633014633627542,0.00632913976974771,0.00632940163515501,0.00633085068787093,0.00633331153066766,0.00633652870661354,0.00634018708543639,0.00634393691321539,0.00634742153859801,0.00635030562905012,0.00635230166158072,0.0063531926143379,0.00635284908620358,0.00635123950735944,0.00634843264167807,0.00634459218116147,0.00633996384831386,0.00633485600758464,0.00632961529714044,0.00632459918783065,0.00632014762606066,0.00631655600049758,0.00631405158050184,0.00631277531173165,0.00631277043986959,0.00631397889797847,0.00631624577772127,0.00631933155818732,0.00632293113993503,0.00632669817726069,0.0063302727652831,0.0063333102577844,0.00633550889207821,0.0063366339879048,0.00633653676184356,0.00633516623462816,0.00633257327015471,0.00632890642556835,0.00632439995832644,0.00631935497271932,0.00631411524173182,0.00630903966483532,0.00630447358449125,0.00630072126420742,0.00629802172469213,0.00629652985246857,0.00629630426208682,0.00629730284566439,0.00629938632746305,0.0063023295064943,0.00630583926665586,0.00630957790789863,0.00631318994284527,0.00631633024140206,0.00631869130996429,0.00632002756748518,0.00632017472054151,0.00631906272425597,0.00631672131596117,0.00631327768613952,0.00630894646293962,0.00630401278605553,0.0062988097872418,0.00629369223682979,0.00628900842392925,0.00628507248738552,0.00628213939109195,0.00628038454015013,0.00627988967717552,0.00628063620772779,0.00628250651817447,0.00628529321334085,0.00628871556458055,0.00629244187260856,0.00629611596315589,0.00629938569007874,0.00630193115037597,0.00630349033337678,0.00630388013023688,0.00630301100324481,0.00630089412796368,0.00629764043379205,0.00629345162940141,0.00628860395203481,0.00628342596795399,0.00627827222693137,0.00627349489954337,0.00626941567813206,0.00626630018991181,0.00626433695698558,0.00626362256143234,0.00626415416702078,0.00626582995621778,0.00626845741142564,0.00627176875231649,0.00627544228324889,0.00627912794792067,0.0062824750670296,0.00628516007310821,0.00628691206603512,0.00628753419004631,0.00628691916281927,0.00628505774357251,0.00628203947604988,0.0062780456430992,0.00627333497688763,0.00626822323587801,0.00626305824251298,0.00625819233680217,0.00625395441252379,0.00625062374702819,0.00624840770693843,0.00624742511751069,0.00624769664370112,0.00624914297929797,0.00625159102001612,0.00625478755649526,0.00625841941516961,0.00626213844877496,0.00626558937789379,0.00626843824523158,0.00627039918694729,0.00627125735632806,0.00627088614432949,0.00626925730364185,0.00626644316002349,0.00626261073898066,0.00625800829378951,0.00625294533706008,0.00624776780098018,0.00624283033811059,0.00623846799499665,0.00623496952933598,0.0062325544969817,0.00623135592124601,0.0062314099001997,0.00623265294626336,0.00623492723333971,0.00623799330061271,0.00624154917848593,0.00624525440497681,0.00624875702646912,0.00625172145213425,0.00625385497284579,0.0062549308667938,0.00625480628566538,0.00625343352490856,0.0062508637970962,0.00624724320981728,0.00624280125576186,0.00623783270742716,0.0062326743273324,0.00622767821594333,0.00622318389082995,0.00621949130012547,0.00621683691145915,0.00621537478701081,0.00621516417141147,0.00621616460951476,0.00621823901461591,0.00622116447201244,0.00622464993943412,0.00622835944556861,0.00623193893680329,0.00623504461835038,0.00623737050603513,0.00623867296218864,0.00623879022979551,0.00623765538380336,0.00623530165363776,0.00623185969195871,0.00622754702006865,0.00622265051556969,0.00621750336980794,0.00621245838471893,0.00620785976548245,0.00620401567528745,0.00620117374482768,0.00619950147981028,0.00619907310657743,0.00619986387286323,0.0062017522216347,0.00620452963022459,0.00620791730429774,0.00621158838295964,0.00621519388710704,0.00621839035901836,0.00622086701776105,0.00622237030065989,0.0062227238710432,0.00622184252939788,0.00621973894094444,0.00621652265142356,0.00621239146271765,0.00620761583572032,0.00620251753407498,0.00619744417682232,0.00619274169511647,0.00618872686209392,0.00618566207086137,0.00618373437061871,0.00618304044530757,0.00618357875615612,0.00618524950428586,0.00618786244680708,0.00619115196936278,0.00619479823061589,0.00619845269786375,0.00620176602934246,0.00620441605967237,0.00620613362890372,0.00620672416558731,0.00620608327680169,0.00620420508476787,0.00620118263995464,0.00619720038535925,0.00619251929237254,0.00618745588165728,0.00618235683380708,0.00617757124414551,0.00617342275613532,0.00617018380541229,0.00616805402383938,0.00616714450728044,0.00616746917227565,0.00616894385568282,0.00617139319422283,0.00617456470667522,0.00617814893796088,0.00618180405482667,0.0061851829426388,0.00618796066672762,0.00618986014227649,0.00619067400348141,0.00619028096306975,0.00618865538398352,0.0061858693135925,0.00618208681734062,0.00617755104866332,0.00617256505957451,0.00616746784823129,0.00616260751833745,0.00615831366063812,0.00615487113916923,0.00615249736609209,0.00615132488423232,0.00615139066487367,0.00615263300129137,0.00615489627671651,0.00615794325587384,0.00616147394183602,0.00616514950434214,0.00616861936747003,0.00617154928018442,0.00617364810636125,0.00617469116936344,0.00617453826232688,0.00617314486678313,0.00617056567403479,0.00616695013048277,0.00616253037742197,0.00615760257289464,0.00615250311640262,0.00614758170315347,0.00614317338123255,0.00613957185418476,0.0061370061592114,0.00613562256827225,0.00613547313061981,0.00613651173728329,0.00613859798545526,0.00614150850246316,0.00614495480359865,0.00614860625044982,0.00615211628462978,0.00615514986461499,0.00615740994821794,0.00615866094509574,0.00615874730520671,0.00615760579108013,0.00615527047458441,0.00615187006495096,0.00614761777135413,0.00614279448548498,0.00613772659335854,0.00613276015083702,0.00612823345031644,0.00612445014237318,0.00612165504348701,0.00612001456004344,0.00611960330373596,0.00612039799037046,0.00612227913920846,0.00612504046791254,0.00612840525845955,0.00613204840297479,0.00613562237281618,0.00613878502894061,0.00614122703461908,0.00614269665698372,0.00614301995091717,0.0061421146913614,0.00613999692783929,0.00613677963574289,0.00613266358233632,0.00612792115764336,0.00612287448890123,0.00611786961525656,0.00611324880989449,0.00610932327565567,0.00610634839787914,0.00610450352039106,0.00610387783689681,0.00610446349259905,0.00610615641107496,0.00610876474657769,0.00611202426108911,0.00611561938520145,0.00611920828316009,0.00612244993750245,0.00612503111971978,0.00612669113042292,0.00612724237297338,0.0061265851533194,0.00612471554990188,0.00612172573656481,0.00611779672818744,0.00611318410936808,0.00610819785603659,0.00610317782566506,0.00609846683710412,0.00609438345857845,0.00609119665592205,0.00608910431842819,0.00608821738475898,0.0060885508566349,0.00609002244577977,0.00609245899224372,0.00609561016871003,0.00609916839614462,0.00610279338955604,0.00610613937085967,0.00610888276139145,0.00611074812001351,0.00611153022941431,0.00611111054279908,0.00610946666044984,0.006106674072724,0.00610290003578938,0.00609839008611927,0.00609344829603855,0.00608841287586533,0.0060836290975661,0.00607942172142133,0.00607606913599106,0.00607378127199045,0.00607268303628906,0.00607280456045658,0.00607407900735214,0.00607634807517282,0.0060793747298733,0.00608286213127317,0.00608647723822412,0.00608987721953921,0.00609273658637679,0.00609477291360302,0.00609576913490575,0.00609559066871109,0.00609419603737663,0.00609164014922458,0.00608806998341335,0.00608371300873939,0.00607885923484969,0.00607383829482975,0.00606899335273271,0.00606465388673402,0.00606110949684632,0.00605858681626803,0.00605723137132089,0.00605709585311571,0.00605813576249908,0.00606021280643085,0.00606310580419487,0.00606652825566288,0.00607015118159376,0.0060736294131554,0.00607662922111406,0.00607885505908725,0.00608007326047693,0.00608013077136401,0.00607896740290198,0.00607662061370773,0.00607322244134846,0.00606898884082502,0.00606420230362657,0.00605918917276915,0.00605429349313916,0.00604984950832767,0.00604615501370742,0.00604344769425561,0.00604188632356985,0.00604153830043644,0.00604237448535448,0.00604427171407012,0.00604702275555967,0.00605035289630141,0.00605394181663683,0.00605744901766559,0.00606054078822963,0.00606291658994285,0.0060643327910372,0.00606462189198282,0.0060637057405252,0.00606160170339556,0.00605842131033699,0.00605436147163799,0.00604968894903622,0.00604471928811703,0.00603979185788824,0.00603524295569292,0.00603137909735251,0.00602845260886826,0.00602664146532813,0.00602603499637367,0.00602662661998551,0.00602831421239752,0.00603090811473119,0.00603414616412241,0.00603771456758955,0.00604127295803774,0.0060444816247004,0.00604702872595127,0.00604865528779952,0.00604917596717018,0.00604849390051045,0.00604660843733952,0.00604361513633363,0.00603969803130858,0.00603511480343949,0.00603017607075448,0.00602522047791848,0.00602058760054406,0.00601659084394582,0.00601349250541061,0.00601148298410653,0.00601066577954101,0.00601104944697652,0.00601254711683312,0.00601498358176404,0.00601810935836836,0.00602162058618489,0.00602518317506854,0.00602845928695536,0.00603113406380109,0.00603294050260419,0.0060336805300773,0.00603324063019815,0.00603160080366605,0.00602883615723056,0.00602511099433412,0.00602066586321792,0.00601579856946978,0.00601084063447195,0.00600613104299217,0.00600198934429596,0.00599869023315987,0.0059964416324543,0.00599536803279068,0.00599550043623017,0.00599677373189634,0.00599903174221592,0.00600203956543263,0.00600550225106393,0.00600908832813011,0.00601245630536481,0.00601528201377894,0.00601728458708187,0.00601824898094455,0.00601804320939114,0.00601662890351268,0.00601406434014574,0.00601049970164795,0.00600616496059843,0.00600135138117104,0.00599638814235132,0.00599161597586532,0.00598735994389059,0.00598390354084658,0.00598146618572392,0.00598018588740688,0.0059801084404558,0.00598118397997921,0.00598327113570409,0.00598614842398079,0.00598953194870827,0.00599309799141282,0.00599650869459228,0.00599943880918689,0.00600160140303219,0.00600277051587122,0.006002798989449,0.00600163007933942,0.00599930193996836,0.00599594462924241,0.00599176986188496,0.00598705430651161,0.00598211772759738,0.00597729768133013,0.00597292275216216,0.00596928644167216,0.0059666237811444,0.00596509253497973,0.0059647605079926,0.00596559999245516,0.00596748982681248,0.00597022493099534,0.00597353258146468,0.00597709414157021,0.00598057051527559,0.00598362928314994,0.00598597133563251,0.00598735485294387,0.00598761469191366,0.00598667561081314,0.00598455826368681,0.00598137748416203,0.00597733300610782,0.00597269338244022,0.0059677744128236,0.0059629138307421,0.00595844429487092,0.00595466685606505,0.00595182702115095,0.00595009531439052,0.00594955386663174,0.00595019007242949,0.00595189778720005,0.00595448593626742,0.00595769382361236,0.00596121190573435,0.00596470637475216,0.0059678456052903,0.00597032638244709,0.00597189785254997,0.00597238132176354,0.00597168435506098,0.00596980807380454,0.00596684707982597,0.00596298200746347,0.00595846527952036,0.00595360117522052,0.00594872176692049,0.00594416061227706,0.00594022627325333,0.00593717775725143,0.00593520383532963,0.00593440789674687,0.00593479956879983,0.00593629379811938,0.00593871749587455,0.00594182324222409,0.00594530897430689,0.00594884209390187,0.00595208606628911,0.00595472737203509,0.00595650063735998,0.00595720991113543,0.00595674436660031,0.0059550871580783,0.00595231671974355,0.00594860040844098,0.00594418101468497,0.00593935724347403,0.00593445975156396,0.00592982468058502,0.00592576681784756,0.00592255453520499,0.0059203885015247,0.00591938585080582,0.00591957104272259,0.00592087411222253,0.00592313641426998,0.00592612337670507,0.00592954322537415,0.00593307018319997,0.00593637030277124,0.00593912789469585,0.00594107047515838,0.00594199027785478,0.00594176064787713,0.00594034603658897,0.0059378048156956,0.0059342846873803,0.00593001104351392,0.0059252691775312,0.00592038173592303,0.00591568317472872,0.00591149322938846,0.0059080914933928,0.00590569512425557,0.00590444145892399,0.00590437694150557,0.00590545327192289,0.0059075311121548,0.00591039108205799,0.00591375118855787,0.00591728930872516,0.00592066893243453,0.00592356609885706,0.0059256953564501,0.00592683264885152,0.00592683327475635,0.00592564346875452,0.00592330466889597,0.00591995013174592,0.00591579417743654,0.00591111494459804,0.00590623205894076,0.00590148102620563,0.00589718641675847,0.0058936359952609,0.00589105786010577,0.00588960240403279,0.00588933051201598,0.00589020890804515,0.00589211298940527,0.00589483689174973,0.0058981099588571,0.00590161829231763,0.00590502966615272,0.00590801983729041,0.00591029818210267,0.0059116306484298,0.00591185822678433,0.0059109094969302,0.00590880626910271,0.00590566187679853,0.00590167224967094,0.00589710045803148,0.00589225593244822,0.00588746998319115,0.00588306954109186,0.00587935118949131,0.00587655754406027,0.00587485786321118,0.005874334448034,0.00587497593970614,0.00587667807755898,0.00587925188535094,0.00588243865549137,0.00588593055053285,0.00588939518295162,0.00589250220552414,0.00589494977338207,0.00589648874130363,0.00589694263845385,0.00589622180389588,0.00589433054096229,0.00589136671665767,0.00588751384623854,0.00588302631271594,0.00587820892637419,0.00587339248425596,0.00586890730612039,0.00586505687641165,0.00586209370098216,0.00586019929755897,0.00585946989757218,0.00585990897266889,0.00586142714991328,0.00586384949006532,0.00586692952165368,0.00587036889571573,0.00587384109202287,0.00587701729881052,0.00587959242630945,0.00588130921120853,0.00588197852418891,0.00588149429301223,0.00587984187521622,0.00587709922458227,0.00587343075591672,0.00586907438167379,0.00586432272855002,0.00585950000082986,0.00585493630365064,0.00585094144612328,0.00584778029480888,0.0058456516372281,0.0058446722490395,0.00584486745506558,0.00584616896332268,0.00584842017288214,0.00585138855748139,0.00585478415587648,0.00585828270303446,0.00586155155416502,0.00586427631895847,0.00586618605800795,0.00586707500468477,0.00586681905513523,0.0058653856932378,0.00586283655074464,0.00585932240156016,0.00585507100388969,0.00585036878386589,0.00584553785058922,0.00584091020422378,0.0058368012162979,0.00583348450882626,0.00583117023477891,0.00582998847864853,0.00582997907689845,0.00583108863910931,0.00583317497457304,0.00583601854242611,0.00583933999229878,0.00584282238917558,0.00584613635635395,0.00584896615069373,0.00585103462011781,0.00585212508765693,0.00585209845055469,0.00585090415781409,0.00584858420683745,0.00584526984360322,0.00584117121963018,0.00583656080909248,0.00583175187868277,0.00582707369408547,0.00582284541013955,0.00581935070531683,0.0058168151737243,0.00581538828042154,0.00581513133310526,0.00581601245209945,0.00581790896763964,0.00582061708148427,0.00582386804508981,0.0058273495765935,0.00583073080853662,0.00583368876508022,0.00583593423699733,0.00583723496596543,0.00583743426337505,0.0058364635566408,0.00583434784879657,0.00583120365458164,0.00582722958915831,0.00582269038177389,0.00581789561639292,0.0058131749223535,0.00580885161768754,0.00580521692382285,0.00580250681390347,0.00580088333348276,0.00580042186237955,0.00580110530339584,0.00580282562806897,0.00580539262591261,0.00580854913677888,0.00581199153952944,0.00581539386361525,0.00581843361456829,0.00582081727951244,0.00582230351180985,0.00582272218041336,0.00582198779466459,0.00582010625466606,0.00581717439766057,0.00581337237197364,0.00580894942904968,0.00580420423885655,0.0057994612659013,0.00579504505886722,0.00579125448015894,0.00578833891635473,0.00578647836370515,0.0057857689852296,0.00578621531040519,0.0057877297267186,0.00579013933347797,0.00579319963699057,0.00579661401081223,0.00580005737293007,0.00580320218408967,0.00580574467733744,0.00580742920422257,0.00580806873029766,0.00580755982111623,0.00580589090609673,0.00580314315494038,0.00579948390332237,0.00579515317000413,0.00579044436579583,0.00578568076081111,0.00578118961300668,0.00577727604150276,0.00577419873834203,0.00577214945275626,0.00577123786797736,0.00577148305012602,0.00577281211921324,0.00577506621656089,0.00577801326638624,0.00578136649693027,0.00578480723958906,0.00578801019694205,0.00579066918619997,0.00579252133562128,0.00579336783844462,0.00579308964124739,0.005791656840343,0.00578913105055787,0.00578566055796243,0.00578146863027735,0.00577683589317886,0.00577207814719521,0.00576752136235302,0.00576347581720474,0.00576021142580601,0.00575793621274193,0.00575677965738229,0.00575678225149366,0.00575789212738077,0.00575996905401399,0.00576279550949431,0.00576609396692946,0.00576954902469923,0.00577283261371896,0.00577563025798836,0.00577766627268788,0.00577872586471046,0.00577867234810722,0.00577745808179087,0.00577512824679241,0.00577181716304306,0.00576773745235477,0.00576316293423865,0.00575840664638132,0.00575379577066963,0.00574964548754684,0.00574623385752706,0.00574377973450445,0.00574242546095512,0.00574222570279098,0.00574314328483913,0.00574505232730365,0.00574774840404891,0.00575096489120352,0.00575439419238622,0.00575771215163968,0.00576060372434314,0.00576278788652466,0.00576403982934585,0.00576420870197955,0.00576322951577236,0.00576112827857401,0.00575801995550386,0.00575409941099734,0.00574962603454139,0.00574490324772123,0.00574025449510828,0.00573599760415534,0.00573241953621332,0.00572975352984754,0.00572816045893044,0.00572771590400021,0.00572840398979984,0.00573011850806837,0.00573267126390048,0.00573580700271286,0.00573922374087003,0.00574259688096807,0.00574560517978831,0.00574795647966464,0.00574941112669515,0.00574980118218238,0.00574904387288076,0.00574714819336067,0.00574421413086817,0.00574042458293017,0.00573603063083614,0.00573133136911142,0.00572664992799955,0.0057223076269802,0.00571859833857113,0.00571576511323652,0.0057139809229543,0.00571333504079407,0.00571382611578186,0.00571536246404756,0.00571776952234605,0.00572080384469095,0.00572417251145516,0.00572755640193424,0.00573063548674725,0.0057331141466208,0.00573474452929045,0.00573534611519801,0.00573481996231751,0.00573315651697747,0.00573043637869015,0.00572682395497162,0.00572255449616958,0.00571791551876659,0.00571322406838307,0.0057088016055315,0.00570494849115133,0.0057019200893002,0.00569990638709441,0.00569901676456982,0.00569927114807123,0.00570059827906514,0.00570284126443035,0.00570576998985398,0.0057090994230815,0.00571251235423195,0.00571568475575354,0.00571831172531819,0.00572013192037374,0.00572094850950131,0.00572064494515048,0.00571919428213609,0.00571666129130633,0.00571319720399561,0.00570902752139705,0.00570443388442222,0.00569973147766476,0.00569524379656752,0.00569127681123529,0.00568809459819965,0.00568589838198462,0.00568481064420704,0.00568486554397242,0.00568600638381835,0.00568809029198978,0.00569089971990277,0.00569415981865821,0.0056975603020046,0.0057007800593661,0.00570351257600393,0.0057054901620777,0.00570650509134118,0.00570642599531615,0.00570520823104039,0.00570289741112622,0.0056996258176552,0.00569560197570863,0.00569109419620617,0.00568640937099257,0.00568186867953996,0.00567778211642335,0.00567442385083492,0.00567201037398081,0.00567068317980661,0.00567049737414623,0.00567141714341248,0.00567331847158007,0.00567599891563595,0.00567919368095595,0.00568259672578273,0.00568588521136315,0.00568874533659467,0.00569089747720236,0.00569211860013446,0.00569226014070627,0.0056912598960265,0.00568914697398805,0.00568603940240725,0.00568213460018709,0.00567769349133568,0.0056730195551676,0.00566843451044692,0.00566425259583599,0.00566075551318006,0.0056581700363833,0.00565665006343263,0.00565626452262264,0.00565699206841701,0.00565872295775452,0.00566126792797298,0.00566437334701455,0.00566774141706384,0.00567105382181153,0.00567399694512609,0.00567628667453998,0.00567769084360233,0.00567804755730578,0.00567727796842929,0.00567539250517837,0.00567249006019901,0.00566875019977935,0.00566441899762968,0.00565978959739952,0.00565517902334949,0.00565090305776927,0.00564725116382952,0.00564446343972837,0.0056427114409114,0.00564208441057614,0.00564258203629788,0.00564411433549322,0.00564650870534966,0.00564952359859071,0.00565286775054718,0.00565622342917505,0.00565927184669151,0.00566171868898582,0.00566331770342025,0.00566389043888305,0.00566334054148503,0.0056616614501315,0.00565893687260325,0.00565533401049395,0.00565109009080822,0.0056464933033874,0.00564185969182493,0.0056375078655939,0.00563373356829521,0.00563078613888238,0.00562884874013794,0.00562802391596491,0.00562832560365539,0.00562967820668226,0.00563192277077508,0.00563482974560942,0.0056381172991915,0.00564147372123919,0.0056445821383259,0.00564714559074041,0.00564891050077367,0.00564968669401612,0.00564936240782905,0.0056479131133783,0.00564540346000997,0.00564198218676691,0.00563787039434296,0.00563334408964399,0.00562871236497522,0.00562429292061997,0.00562038685607755,0.00561725472284749,0.00561509574259228,0.00561403185358945,0.00561409787332335,0.0056152385848102,0.0056173130059526,0.00562010552722911,0.00562334304892869,0.00562671676032735,0.00562990682112342,0.00563260796332438,0.00563455395071751,0.00563553892049506,0.00563543388103574,0.00563419703151974,0.00563187707102041,0.00562860923521102,0.00562460438988822,0.00562013207279345,0.00561549886250064,0.00561102382596839,0.00560701302488095,0.00560373512711334,0.00560140006958289,0.00560014246254699,0.00560001103634859,0.00560096494304732,0.00560287717717037,0.00560554481551704,0.00560870523976888,0.00561205703942996,0.00561528393219503,0.00561807981092869,0.00562017294669994,0.00562134745003666,0.00562146031098311,0.00562045268561208,0.00561835454588548,0.00561528232685399,0.00561142975072181,0.00560705253987421,0.00560244821024821,0.00559793252577967,0.00559381446332259,0.00559037166321601,0.00558782831204961,0.00558633722180191,0.00558596754630512,0.00558669913579646,0.0055884240063148,0.00559095483338387,0.005594039814217,0.00559738272587465,0.00560066658164937,0.00560357899031665,0.00560583717797319,0.00560721065316586,0.00560753968246552,0.00560674808152766,0.00560484928849431,0.00560194523339892,0.00559821810292965,0.0055939156756757,0.00558933142180576,0.00558478098095402,0.0055805769187487,0.0055770037925681,0.00557429552109397,0.00557261685532103,0.00557205040972548,0.00557259026095612,0.00557414259464232,0.00557653332030686,0.00557952202414076,0.0055828211331767,0.00558611876111511,0.00558910342590895,0.00559148869163318,0.00559303580036793,0.00559357252161083,0.00559300674466698,0.00559133375092715,0.00558863659612504,0.00558507956936064,0.00558089523508464,0.00557636606608094,0.00557180210203017,0.00556751638604256,0.00556380011416719,0.00556089946426613,0.00555899594717245,0.00555819185385976,0.00555850197717268,0.00555985229411573,0.00556208574174786,0.00556497464985004,0.00556823885416556,0.00557156805091581,0.00557464660512725,0.00557717882061103,0.00557891263523159,0.0055796598266935,0.0055793110935795,0.00557784479196657,0.00557532862457974,0.00557191415287945,0.00556782458463113,0.0055633368329157,0.00555875930344631,0.00555440720766859,0.00555057739130719,0.0055475246965522,0.00554544174076513,0.00554444370974351,0.00554455935437495,0.00554572887981375,0.00554780886599095,0.00555058380115376,0.00555378329079929,0.0055571035634769,0.00556023156573144,0.00556286974421781,0.0055647595668296,0.00556570193900562,0.00556557291766865,0.00556433349418285,0.00556203268055482,0.00555880365449721,0.00555485325974175,0.00555044567753255,0.00554588154370326,0.00554147414711879,0.00553752458064025,0.00553429780622974,0.00553200153352625,0.00553076959944328,0.00553065118920566,0.00553160678158732,0.00553351116812369,0.00553616333014656,0.00553930240504107,0.00554262847897953,0.00554582654794205,0.00554859172550265,0.00555065366752636,0.0055517982415733,0.0055518846887282,0.00555085688989356,0.00554874782718592,0.00554567688436922,0.00554184021249377,0.00553749494947703,0.00553293857818262,0.00552848509569043,0.00552443991614841,0.00552107552224162,0.00551860981007734,0.00551718884605693,0.00551687539165032,0.00551764408380493,0.00551938362440956,0.00552190577567605,0.00552496042313477,0.00552825549504817,0.0055314801520644,0.00553432941211346,0.00553652827129223,0.00553785342814209,0.00553815091098545,0.00553734823003358,0.0055354601032904,0.00553258730603809,0.00552890872991382,0.00552466726796184,0.00552015062564295,0.0055156685577966,0.00551152831759448,0.00550801025276306,0.00550534548297972,0.00550369743783711,0.00550314873744922,0.00550369448046542,0.0055052424994097,0.00550762058968449,0.00551059015908285,0.00551386522393966,0.00551713524007715,0.00552008993970737,0.0055224441769566,0.00552396077890212,0.00552446955622998,0.00552388093576584,0.00552219311232394,0.00551949214447903,0.00551594499362362,0.00551178607895976,0.00550729844472662,0.00550279106764018,0.00549857413813496,0.00549493430453976,0.00549211186262533,0.0054902817055572,0.00548953953712535,0.00548989442221653,0.00549126823898091,0.00549350204778823,0.00549636884566137,0.00549959167421046,0.00550286563349928,0.0055058820556281,0.00550835293153591,0.00551003367245064,0.00551074242277934,0.00551037441329797,0.00550891023182131,0.00550641736345788,0.00550304487724246,0.00549901167008452,0.00549458918228961,0.00549007993379269,0.00548579356319684,0.00548202225562771,0.00547901750248715,0.0054769700403045,0.00547599457354585,0.00547612051541442,0.00547728950875253,0.00547935995169155,0.00548211819157119,0.00548529551157568,0.00548858956271988,0.00549168852888907,0.0054942960852474,0.00549615513968966,0.0054970684400722,0.00549691438046141,0.00549565672801002,0.00549334748624771,0.00549012266901532,0.00548619133515661,0.00548181877958262,0.00547730524676585,0.005472961889791,0.00546908591307828,0.00546593689320107,0.00546371616678579,0.00546255091781673,0.00546248421149876,0.00546347174105554,0.00546538551687769,0.00546802417740482,0.00547112908116862,0.00547440488939479,0.00547754300265852,0.00548024599912626,0.00548225115140304,0.00548335117777962,0.00548341060413642,0.0054823764571441,0.00548028245149931,0.00547724634072951,0.00547346063438591,0.00546917740321534,0.00546468835793209,0.00546030176062118,0.00545631798199102,0.00545300563259663,0.00545058016122716,0.00544918662906431,0.0054488880460202,0.00544966021993072,0.00545139355412954,0.00545390167507291,0.00545693622288167,0.00546020663786817,0.00546340336663233,0.00546622262745982,0.00546839074170833,0.00546968606777065,0.00546995676496846,0.00546913295084667,0.00546723226982426,0.00546435842688646,0.00546069281239781,0.00545647990483896,0.00545200764020568,0.00544758433911768,0.00544351405375021,0.00544007231584308,0.00543748422550708,0.00543590662240987,0.00543541574372914,0.00543600132663225,0.0054375675950654,0.00543994102362216,0.00544288423783996,0.00544611493110785,0.00544932828987445,0.00545222115059745,0.00545451598409093,0.00545598282393764,0.00545645742200188,0.00545585421163887,0.005454173064806,0.00545149931255348,0.00544799702310632,0.00544389605818066,0.00543947391585187,0.00543503377943718,0.00543088049441681,0.00542729636547003,0.00542451868899915,0.00542272080952979,0.00542199821899276,0.00542236082534073,0.00542373203092528,0.00542595471949594,0.00542880369683028,0.00543200360853915,0.005435250912161,0.00543823814649853,0.0054406785479371,0.00544232902895031,0.00544300966224062,0.00544261809496779,0.00544113772819161,0.00543863900297137,0.00543527369490367,0.00543126268685624,0.00542687821785923,0.00542242205023972,0.00541820132073638,0.00541450401932008,0.00541157605955938,0.00540960176690487,0.00540868932827106,0.00540886234142126,0.00541005810956379,0.00541213278683521,0.0054148729384756,0.00541801257770363,0.0054212543170466,0.00542429295598066,0.00542683964249619,0.00542864470782488,0.00542951738353197,0.00542934085851215,0.00542808149931512,0.0054257915121163,0.00542260483476627,0.00541872657507981,0.0054144168168159,0.0054099700580222,0.00540569189255927,0.00540187476786601,0.00539877473311315,0.00539659102431088,0.00539545011918469,0.00539539554856246,0.00539638429836503,0.00539829011327071,0.00540091346183315,0.00540399738726034,0.00540724799064436,0.00541035791299653,0.00541303093201683,0.00541500569204787,0.00541607665109177,0.00541611055181251,0.00541505708530003,0.0054129528872577,0.00540991854783039,0.00540614888411126,0.00540189727087366,0.00539745530436307,0.00539312944655832,0.00538921653367396,0.00538598011516103,0.00538362951266894,0.00538230325984577,0.00538205822376006,0.00538286524818647,0.00538461163670624,0.00538711025125042,0.0053901144814711,0.00539333788207729,0.00539647691435569,0.00539923499224039,0.00540134593944532,0.00540259501740465,0.00540283587800412,0.00540200211499434,0.00540011250970437,0.00539726955861857,0.00539365139465167,0.00538949772981876,0.00538509091499025,0.00538073359744758,0.00537672472982752,0.00537333582240092,0.00537078932129865,0.00536924083662472,0.00536876664750099,0.00536935749888199,0.00537091920913971,0.00537328006571671,0.0053762044408272,0.00537941155457616,0.00538259789162795,0.00538546147601477,0.00538772605231253,0.0053891632233984,0.00538961075597886,0.00538898557314487,0.00538729038410942,0.00538461341912825,0.00538112129833245,0.00537704561956799,0.0053726643569325,0.00536827957800772,0.00536419328028791,0.00536068329184168,0.00535798116607886,0.005356253828681,0.00535559042327766,0.00535599537949443,0.00535738822753628,0.00535961014685557,0.00536243670457613,0.00536559575398468,0.00536878906300281,0.0053717159576047,0.00537409711579,0.0053756966432036,0.00537634070070962,0.00537593122625859,0.00537445367745761,0.00537197818789054,0.00536865404352318,0.00536469790648826,0.00536037670289523,0.0053559865118194,0.00535182911129665,0.00534818802799082,0.00534530598415143,0.005343365534054,0.00534247443924358,0.00534265696491376,0.00534385181521692,0.00534591689830963,0.00534864056425541,0.00535175843562229,0.00535497449533131,0.0053579847468881,0.00536050154761305,0.00536227665436843,0.00536312112018759,0.0053629204325635,0.00536164366973519,0.00535934593779539,0.00535616389776578,0.00535230475236855,0.00534802959105483,0.00534363244575319,0.00533941675187082,0.00533567111151162,0.00533264630289061,0.00533053536942359,0.00532945836479584,0.00532945294937852,0.0053304715607543,0.00533238535539376,0.00533499458189692,0.00533804454076677,0.00534124585079762,0.00534429741091111,0.00534691024310676,0.00534883034111909,0.00534985873337181,0.0053498671901773,0.00534880834647631,0.0053467194470548,0.00534371941829439,0.00533999949129046,0.00533580810548901,0.00533143127098964,0.00532716992692225,0.0053233160750548,0.00532012957255227,0.00531781742557092,0.00531651723706129,0.00531628614081587,0.00531709612371646,0.0053188361329877,0.00532132082459079,0.00532430527526351,0.00532750449700935,0.00533061619903949,0.00533334497240416,0.00533542595066588,0.0053366460371284,0.00533686098286121,0.00533600693443231,0.00533410551880154,0.00533126205846998,0.00532765706881396,0.0053235317344907,0.00531916854726693,0.00531486867403647,0.00531092788075806,0.00530761294604943,0.00530514044963911,0.00530365962079293,0.00530324059757387,0.00530386900821279,0.00530544727790878,0.00530780252951258,0.00531070042712667,0.0053138638476964,0.00531699489230067,0.00531979849406987,0.0053220057620811,0.00532339522804674,0.00532381033175286,0.00532317177796429,0.00532148379859285,0.00531883382870415,0.00531538561768916,0.00531136630913833,0.00530704849580078,0.00530272865291621,0.00529870364275424,0.00529524714194201,0.00529258785768854,0.00529089126714564,0.00529024634454627,0.00529065835260756,0.00529204829674416,0.00529425910996407,0.00529706809572057,0.00530020465005501,0.00530337185484855,0.00530627021605363,0.00530862164068707,0.00531019172004223,0.00531080851822137,0.00531037634561553,0.00530888340375697,0.00530640268674221,0.00530308607290426,0.00529915209288042,0.00529486837135416,0.00529053016776285,0.00528643675110916,0.00528286751073701,0.00528005971610119,0.00527818969566371,0.0052773589217664,0.00527758608896539,0.00527880579064324,0.00528087387175993,0.00528357900710062,0.00528665956629894,0.00528982441690404,0.00529277601493653,0.00529523396028185,0.00529695716416717,0.00529776288983377,0.00529754117611928,0.0052962635167538,0.00529398511674843,0.00529084054692482,0.0052870331313913,0.00528281889269937,0.00527848630811588,0.00527433346384751,0.00527064440479383,0.00526766654828932,0.00526559095533687,0.00526453703668527,0.0052645429284455,0.00526556232722763,0.005267468061859,0.00527006213885622,0.0052730914768076,0.00527626808327117,0.00527929206442927,0.00528187562245719,0.00528376610872663,0.00528476627176322,0.00528475006293301,0.00528367272206953,0.0052815743295476,0.00527857654205118,0.00527487278280777,0.00527071268768382,0.00526638207215631,0.00526218004202671,0.00525839509388541,0.00525528212309343,0.00525304217388507,0.00525180653679856,0.00525162644263587,0.0052524691490649,0.00525422070334647,0.00525669513464865,0.00525964932412443,0.00526280235916572,0.00526585783267162,0.00526852732401868,0.00527055321233057,0.00527172903072602,0.005271915767145,0.00527105283679112,0.00526916286794975,0.00526634992513122,0.005262791304928,0.00525872354201173,0.00525442371678853,0.00525018752723864,0.00524630584657851,0.00524304161509097,0.00524060889773156,0.00523915577797897,0.00523875246319094,0.00523938556907049,0.00524095906236789,0.00524330181035919,0.00524618115509284,0.00524932144249597,0.00525242603124912,0.00525520101838067,0.00525737877327079,0.00525873938222701,0.00525912827161485,0.00525846858522299,0.00525676731616475,0.00525411470067256,0.00525067692883163,0.00524668276970361,0.00524240519997461,0.00523813952575365,0.0052341797644272,0.00523079518605722,0.00522820889179966,0.00522658013306962,0.00522599176556295,0.00522644381394539,0.00522785363169955,0.00523006261625556,0.00523284892290345,0.00523594515175272,0.00523905959614157,0.00524189936803311,0.00524419357642069,0.00524571473771926,0.00524629674048755,0.00524584795858594,0.00524435848634124,0.00524190092799674,0.00523862467678593,0.00523474412752953,0.00523052174145484,0.0052262472867401,0.00522221488231949,0.00521869965198827,0.00521593583547681,0.00521409809777211,0.00521328753372341,0.00521352349970802,0.00521474194571212,0.00521680040520089,0.00521948926720964,0.00522254844773823,0.0052256881375272,0.00522861196772578,0.00523104073265876,0.00523273475789834,0.00523351310741474,0.00523326807749956,0.0052319738067726,0.00522968830921707,0.00522654877127195,0.00522276050034192,0.00521858042568697,0.00521429649117107,0.00521020460684429,0.00520658501633618,0.00520367997507321,0.00520167451898963,0.00520068184592151,0.00520073445466618,0.0052017817216049,0.00520369407996103,0.00520627344374106,0.00520926902853319,0.00521239730196395,0.0052153644791901,0.00521788978650098,0.00521972766273905,0.0052206871569991,0.00522064700405862,0.00521956519825284,0.00521748231577265,0.00521451832237346,0.00521086311180933,0.00520676151126005,0.00520249392532627,0.00519835413547932,0.0051946260000927,0.00519156089362108,0.00518935767429203,0.00518814677978881,0.00518797973221729,0.00518882490993107,0.00519056994726365,0.00519303059366701,0.0051959653439773,0.00519909468367226,0.00520212341516458,0.00520476427529286,0.00520676094290621,0.00520790857953582,0.00520807024298131,0.00520718784717143,0.00520528678425673,0.00520247383993911,0.00519892857778334,0.00519488889728027,0.00519063193993855,0.00518645188934904,0.00518263645569933,0.00517944393361543,0.00517708266736718,0.00517569455472138,0.00517534388784188,0.00517601239594227,0.00517760085657818,0.0051799371208984,0.00518278989348795,0.00518588715806935,0.00518893778068036,0.00519165457966938,0.00519377704475834,0.0051950919218913,0.00519545005203044,0.0051947781464608,0.00519308457647975,0.00519045872216767,0.00518706392762332,0.00518312460964286,0.00517890852482413,0.00517470558190897,0.00517080486270129,0.00516747166368603,0.00516492637763743,0.00516332689719005,0.00516275595051145,0.00516321439428313,0.00516462102096632,0.0051668189209864,0.00516958791513549,0.00517266208021892,0.00517575097367062,0.00517856285741787,0.00518082805418772,0.00518232055421696,0.00518287612783522,0.00518240547928501,0.00518090137818258,0.00517843919489746,0.00517517080342675,0.00517131235380001,0.00516712691059704,0.00516290336512192,0.00515893332418416,0.00515548783493373,0.005152795810083,0.00515102587141997,0.00515027304575686,0.00515055135187915,0.00515179284316212,0.00515385315615585,0.0051565231007254,0.00515954535273013,0.00516263491339741,0.00516550171124436,0.00516787356305746,0.00516951768985022,0.00517025910161561,0.00516999441178252,0.00516870000021065,0.00516643388500453,0.00516333115411428,0.00515959330980919,0.00515547235481783,0.00515125086268048,0.00514721959479428,0.00514365442658211,0.00514079440764358,0.0051388226993052,0.00513785191335191,0.00513791503429184,0.00513896266965173,0.00514086687146791,0.00514343124642309,0.00514640656481333,0.00514951063168262,0.00515245083434619,0.00515494755800422,0.00515675658414537,0.00515768866301562,0.00515762467706856,0.00515652516933695,0.0051544334689995,0.00515147216709272,0.00514783323475767,0.00514376259053575,0.0051395403703643,0.00513545849736455,0.00513179736002895,0.00512880347016868,0.0051266698827567,0.00512552092842473,0.00512540245663712,0.00512627834288865,0.00512803351233367,0.00513048321503924,0.00513338779569216,0.00513647177173958,0.00513944570156162,0.00514202911284527,0.00514397268572013,0.00514507794989376,0.00514521295380847,0.0051443226806175,0.0051424333959425,0.00513965058488111,0.00513615063527384,0.00513216691316837,0.00512797131713628,0.00512385275593232,0.00512009424060724,0.00511695039800078,0.00511462718797822,0.00511326544234665,0.00511292954965117,0.00511360220767136,0.00511518568495512,0.00511750951257893,0.00512034401017875,0.00512341857862353,0.00512644330367134,0.00512913214191748,0.00513122582538727,0.00513251263714864,0.00513284537820831,0.00513215315317755,0.00513044702317423,0.00512781907336832,0.00512443497736865,0.00512052066726034,0.0051163441936901,0.00511219424623827,0.00510835706870504,0.00510509362550155,0.0051026188452562,0.00510108459074697,0.00510056769702824,0.00510106400846953,0.00510248886397174,0.00510468396626622,0.00510743006694236,0.00511046444361344,0.00511350177461679,0.00511625675729855,0.00511846668653,0.0051199122191594,0.00512043469640384,0.00511994866822599,0.00511844864015495,0.00511600951423094,0.00511278068694098,0.00510897426129499,0.00510484829075734,0.00510068636469949,0.00509677513733167,0.0050933815705946,0.00509073169181134,0.00508899255580139,0.00508825885631567,0.00508854527049884,0.00508978516909658,0.00509183581876402,0.0050944896817771,0.00509749092578568,0.00510055583269367,0.00510339547596644,0.00510573884607997,0.00510735456110517,0.00510806940896961,0.00510778222223411,0.00510647196445663,0.00510419937742296,0.00510110206131215,0.00509738339231322,0.00509329618090875,0.00508912239778876,0.00508515060761374,0.00508165292812958,0.00507886336053032,0.00507695921689083,0.00507604711391376,0.00507615463042583,0.00507722826916104,0.0050791378585445,0.00508168701919275,0.00508462884403442,0.00508768553687976,0.00509057045097246,0.00509301078765079,0.00509476916893747,0.00509566239051807,0.00509557588602119,0.00509447277133345,0.00509239676150233,0.00508946872987548,0.00508587717420517,0.00508186333099358,0.0050777021008626,0.00507368028041847,0.00507007381285939,0.00506712585324827,0.00506502738839374,0.00506390195899953,0.00506379571571627,0.00506467362299239,0.00506642213687046,0.0050688581644901,0.00507174360699257,0.00507480433528663,0.00507775208609916,0.00508030752365023,0.00508222261112073,0.00508330048626266,0.0050834112345725,0.00508250228528426,0.0050806025920408,0.00507782026487681,0.00507433385144165,0.00507037797967329,0.00506622452896291,0.00506216085458957,0.00505846682180002,0.00505539249350223,0.00505313825379813,0.00505183894508166,0.00505155326693397,0.00505225925847634,0.00505385619741032,0.00505617273876921,0.00505898062522218,0.0050620128664476,0.00506498494018507,0.00506761733748825,0.00506965767602718,0.00507090064475886,0.00507120421705035,0.00507050086330027,0.00506880288541515,0.00506620145413333,0.00506285942126229,0.00505899846505538,0.00505488157121144,0.00505079222027691,0.00504701191595559,0.00504379782650559,0.00504136231076064,0.00503985595968051,0.0050393555135786,0.00503985763471693,0.00504127905388017,0.00504346310315828,0.00504619213468138,0.00504920484794434,0.00505221714676385,0.00505494485568769,0.00505712646995065,0.0050585441058604,0.00505904096032531,0.00505853386812601,0.00505701994191261,0.00505457676088608,0.00505135609931507,0.00504757171051464,0.00504348216144419,0.00503937010903692,0.00503551969101257,0.00503219384950917,0.00502961340369021,0.00502793953796471,0.00502726108891648,0.00502758762225464,0.00502884882500447,0.0050309002355818,0.00503353483437537,0.00503649955799028,0.00503951541714904,0.00504229962143545,0.00504458796444581,0.00504615571002178,0.00504683534279217,0.00504652979373332,0.00504522010534796,0.00504296693512385,0.00503990577700344,0.00503623627116633,0.00503220643468397,0.00502809304475923,0.00502417971234488,0.00502073437271576,0.00501798797412218,0.00501611605924949,0.00501522471229002,0.00501534200440361,0.00501641563891031,0.00501831700737054,0.0050208513558865,0.00502377326766091,0.00502680623413349,0.00502966475070862,0.00503207716339492,0.00503380742716864,0.00503467402068126,0.00503456448875388,0.00503344443670271,0.00503136025095528,0.00502843533109938,0.00502486014587073,0.00502087692507579,0.00501676023033774,0.00501279497572285,0.00500925366894437,0.00500637469902356,0.00500434340293383,0.00500327741117249,0.00500321742156606,0.00500412411217406,0.00500588141374313,0.00500830585817298,0.00501116124123633,0.00501417742285047,0.0050170717689309,0.00501957153916303,0.00502143545847751,0.00502247277977985,0.00502255834513092,0.00502164246676752,0.00501975485421658,0.00501700227827311,0.00501356015108925,0.00500965867683437,0.00500556465347942,0.00500156035066307,0.00499792112410289,0.00499489353392179,0.00499267570267981,0.00499140148005553,0.0049911296871425,0.00499183931601242,0.00499343108968888,0.00499573528028764,0.00499852517961137,0.00500153515840003,0.00500448187571873,0.00500708694003342,0.00500909920014154,0.00501031486849541,0.00501059385086693,0.00500987096183227,0.00500816112039534,0.00500555810950133,0.00500222700621433,0.00499839090232957,0.00499431299587026,0.00499027550463311,0.00498655710360573,0.00498341069909489,0.00498104331609699,0.00497959969658799,0.00497915090117142,0.00497968880072516,0.00498112687181943,0.00498330720795153,0.00498601316804807,0.00498898664274062,0.00499194856120808,0.00499462101362127,0.00499674924445346,0.00499812178830868,0.00499858717015077,0.00499806586333623,0.00499655657013005,0.00499413633197453,0.0049909544574474,0.00498722073855519,0.00498318887394048,0.00497913639589956,0.00497534267685688,0.00497206674797631,0.00496952668509695,0.00496788220242785,0.00496722184941956,0.00496755584806776,0.00496881516323323,0.00497085690213922,0.00497347563132923,0.00497641972156489,0.00497941142252907,0.00498216906324703,0.00498442959622376,0.00498596966931127,0.00498662352360858,0.00498629627026104,0.00498497147330206,0.00498271242840787,0.00497965703973991,0.00497600671619738,0.0049720101916844,0.00496794358198081,0.00496408829033773,0.00496070854080124,0.00495803033970282,0.00495622354130887,0.00495538843545725,0.00495554790597418,0.00495664575986083,0.00495855133512235,0.00496106999849254,0.00496395868207646,0.0049669452157097,0.00496974991963588,0.00497210775162532,0.00497378926582043,0.00497461873899079,0.00497448804488084,0.00497336519111182,0.00497129685000346,0.0049684046829801,0.00496487574243844,0.00496094769830299,0.00495689004347802,0.00495298275137858,0.00494949406442918,0.00494665916802228,0.00494466144291711,0.00494361779388665,0.00494356923719935,0.00494447751730529,0.00494622804533579,0.004948638946336,0.00495147550953871,0.00495446889731628,0.00495733762004867,0.00495981005525347,0.00496164619933057,0.00496265689745343,0.00496271899796943,0.00496178520639948,0.00495988784405625,0.00495713621161821,0.00495370777731903,0.00494983390945224,0.00494578131242105,0.00494183066889874,0.00493825421020682,0.00493529401568321,0.0049331427742862,0.00493192853482482,0.00493170464351886,0.00493244564735271,0.00493404946378149,0.00493634562021219,0.00493910888916073,0.00494207722376542,0.00494497256560267,0.00494752287776122,0.00494948366704404,0.00495065730536454,0.00495090863682107,0.00495017564905398,0.00494847437299231,0.00494589762525874,0.0049426076883114,0.00493882349780285,0.00493480333765234,0.00493082439760717,0.00492716079852102,0.0049240618177901,0.00492173204030316,0.00492031501719555,0.00491988174465977,0.00492042489802221,0.00492185930172513,0.00492402861958992,0.00492671775103203,0.00492966995733418,0.00493260735544707,0.00493525313833878,0.00493735373524817,0.00493869912547936,0.00493913966579552,0.00493859807198952,0.00493707558718169,0.00493465184111191,0.00493147841738923,0.00492776665623724,0.0049237706857796,0.00491976705709532,0.00491603262678068,0.00491282246512179,0.00491034955821823,0.00490876791978318,0.00490816044640003,0.00490853246325919,0.00490981144908209,0.00491185293675915,0.00491445209894712,0.00491736008293854,0.00492030379038302,0.00492300753311207,0.00492521485611161,0.00492670881214567,0.00492732909854556,0.00492698471455496,0.00492566114826385,0.00492342152915053,0.00492040165315575,0.0049167992659103,0.00491285843944078,0.00490885026399149,0.00490505136981427,0.00490172197051818,0.00489908516479441,0.00489730914189794,0.00489649371414312,0.00489666226335987,0.00489775976323211,0.00489965705794158,0.00490216107708261,0.0049050301874453,0.00490799346389057,0.00491077233965172,0.00491310289833058,0.00491475701258331,0.00491556062333163,0.00491540768217297,0.00491426863038935,0.00491219273176689,0.00490930407602864,0.00490579158311972,0.00490189382340323,0.00489787988558985,0.00489402783923747,0.00489060252646935,0.00488783446354183,0.0048859015346952,0.00488491492823524,0.00488491041848787,0.00488584566580292,0.00488760372507584,0.00489000246014057,0.00489280909647228,0.0048957587446703,0.00489857542223635,0.00490099391280483,0.0049027807428203,0.00490375262932285,0.00490379095332455,0.00490285112575423,0.00490096611260204,0.00489824384151085,0.00489485868895685,0.00489103770969735,0.00488704268357373,0.00488314938682315,0.00487962571873388,0.00487671041107278,0.00487459400886156,0.00487340363932533,0.00487319279355244,0.00487393695364356,0.00487553543611382,0.00487781932604584,0.00488056488619619,0.00488351138154271,0.00488638189929971,0.00488890549694942,0.00489083889723996,0.00489198598015163,0.00489221349654346,0.00489146173309551,0.00488974926814805,0.00488717143844408,0.00488389264738809,0.00488013314392194,0.00487615134678232,0.00487222314527113,0.00486861984614863,0.00486558653796096,0.00486332260193894,0.00486196591759698,0.00486158200752242,0.00486215896532365,0.00486360854650526,0.00486577331166696,0.00486843923372653,0.00487135275332788,0.00487424092206679,0.00487683303761181,0.00487888206518595,0.00488018416296395,0.00488059478149192,0.00488004007690748,0.00487852274407117,0.00487612181126686,0.00487298640966742,0.00486932400174047,0.00486538398675685,0.00486143796550602,0.0048577582128352,0.00485459605482308,0.00485216186392715,0.0048506082662614,0.00485001790749225,0.00485039676667801,0.00485167356950431,0.00485370536844918,0.00485628886486272,0.00485917658486798,0.00486209662482423,0.0048647743869939,0.00486695455864694,0.00486842156343198,0.00486901683439628,0.00486865151330532,0.00486731355023975,0.00486506863146772,0.00486205486537383,0.0048584716636199,0.00485456372443469,0.00485060141769756,0.00484685915612195,0.00484359349183705,0.00484102269192118,0.0048393094195861,0.0048385478907436,0.00483875651070775,0.00483987655395305,0.00484177696771322,0.00484426489597281,0.00484710107156852,0.00485001884503245,0.00485274533867285,0.0048550230544978,0.00485663023592115,0.00485739838627259,0.00485722557273198,0.00485608447473929,0.00485402454627818,0.00485116812056757,0.0048477007584189,0.00484385659159518,0.00483989980579385,0.00483610371447074,0.00483272907051074,0.00483000333086602,0.00482810252230572,0.00482713715787765,0.00482714333858235,0.00482807976745305,0.00482983093521982,0.00483221624426029,0.00483500435921056,0.00483793164782203,0.00484072324039574,0.00484311501901033,0.00484487476754647,0.00484582077695563,0.00484583640279333,0.0048448793980799,0.00484298526806749,0.00484026437953187,0.00483689306485894,0.00483309944770383,0.00482914514205419,0.00482530430576102,0.00482184173683278,0.00481899176995061,0.00481693965747936,0.0048158069110868,0.00481564175564363,0.00481641543390342,0.00481802463225574,0.00482029981204334,0.00482301876582817,0.00482592430994003,0.00482874470498359,0.00483121518841671,0.0048330989225068,0.00483420571205434,0.00483440702466011,0.00483364613791536,0.00483194261980652,0.0048293907910169,0.00482615228670452,0.00482244329550801,0.00481851747069617,0.00481464585087154,0.00481109536821809,0.00480810764073731,0.00480587973023305,0.00480454840003191,0.00480417913627603,0.00480476082431808,0.0048062065254936,0.00480836031368212,0.00481100964420101,0.0048139022794488,0.00481676642376955,0.00481933245562809,0.00482135451075925,0.00482263017721158,0.00482301671236793,0.0048224424715546,0.00482091262521412,0.00481850870517102,0.00481538202173824,0.00481174149067482,0.0048078368607747,0.00480393870178529,0.00480031676848691,0.00479721848006861,0.00479484923592286,0.00479335613292179,0.00479281636903506,0.00479323123751276,0.00479452616630184,0.00479655677554369,0.0047991204506044,0.00480197249650735,0.00480484558461448,0.00480747095020837,0.00480959966855028,0.00481102233620637,0.00481158561347843,0.00481120433218163,0.0048098682211205,0.00480764272228348,0.00480466383176746,0.00480112736577201,0.00479727348841118,0.00479336771126262,0.00478967985544596,0.00478646263317243,0.00478393154308338,0.00478224767811856,0.00478150482216218,0.00478172187834293,0.00478284125254142,0.00478473334272535,0.0047872067955353,0.00479002372569169,0.00479291868996804,0.00479561989945058,0.00479787096766873,0.0047994514439054,0.00480019447515711,0.00480000016994154,0.00479884358427243,0.00479677668641126,0.0047939241462271,0.00479047329610302,0.0047866590815504,0.00478274522241408,0.00477900310728298,0.00477569012063987,0.00477302914059119,0.00477119084241083,0.00477028020930894,0.00477032830753151,0.0047712899576319,0.00477304746260204,0.00477542007411293,0.00477817842776586,0.00478106279142594,0.00478380367679055,0.00478614318520851,0.00478785540721853,0.00478876427423624,0.00478875746344086,0.00478779526718029,0.00478591373211488,0.00478322182063098,0.00477989281360584,0.0047761506239472,0.00477225209018262,0.00476846663787415,0.00476505490854217,0.00476224804368976,0.00476022926742331,0.00475911923738131,0.00475896634259632,0.00475974273979424,0.00476134646578898,0.00476360947832943,0.00476631100030141,0.00476919511193637,0.00477199118848808,0.00477443554573759,0.00477629255248987,0.00477737350750299,0.00477755175606407,0.00477677282495356,0.00477505875874667,0.00477250631123897,0.00476927914400957,0.00476559466884085,0.00476170660252896,0.00475788464629487,0.00475439292923317,0.00475146894747141,0.00474930468183278,0.00474803139294709,0.00474770929089488,0.00474832288209318,0.00474978234088657,0.00475193077363288,0.00475455677759586,0.00475741128294337,0.00476022733553139,0.00476274125481717,0.004764713500124,0.00476594760598477,0.00476630570133571,0.0047657193965195,0.00476419518555547,0.00476181394008133,0.00475872453218822,0.00475513208124211,0.00475128174093744,0.00474743929551625,0.00474387009015963,0.00474081795806772,0.00473848581337682,0.00473701945389301,0.00473649587060807,0.00473691701065882,0.00473820951217054,0.0047402304549005,0.00474277868701312,0.00474561083597606,0.00474846072940024,0.00475106067204669,0.00475316287080035,0.00475455928252926,0.00475509828267585,0.00475469680688108,0.00475334698450082,0.00475111673105813,0.00474814425799397,0.00474462695080578,0.00474080552046553,0.00473694471184079,0.00473331212659708,0.00473015686444493,0.00472768969361923,0.00472606632964181,0.00472537514366127,0.00472563026099786,0.00472677057700301,0.00472866474554736,0.00473112172251144,0.00473390601016417,0.00473675638279335,0.00473940660722233,0.00474160652273518,0.00474314182288617,0.00474385098733848,0.00474363803710397,0.00474248011432221,0.00474042929253183,0.00473760847364899,0.00473420168913891,0.0047304395605835,0.00472658105611713,0.00472289297425202,0.004719628771102,0.00471700840517698,0.00471520080044988,0.00471431032877383,0.00471436840141864,0.00471533085900009,0.00471708138939322,0.00471944072040878,0.00472218086815001,0.00472504331187328,0.00472775964550698,0.00473007305069106,0.00473175886346603,0.00473264257455435,0.0047326138079923,0.00473163514866896,0.00472974510822218,0.0047270549947688,0.00472373994561355,0.00472002485361624,0.00471616632933666,0.00471243215835957,0.00470907990967787,0.00470633641113669,0.00470437972895809,0.00470332507931506,0.00470321577913914,0.00470401993673223,0.00470563312283768,0.00470788678710721,0.00471056173217138,0.0047134055635264,0.00471615272729954,0.00471854555127156,0.00472035463139301,0.00472139696200405,0.00472155038869223,0.00472076325316266,0.00471905847580007,0.00471653175460399,0.00471334401710038,0.00470970871130181,0.00470587492842965,0.00470210768096229,0.00469866688731499,0.00469578672109289,0.00469365696079527,0.00469240782646599,0.00469209952237247,0.0046927173372447,0.00469417271313332,0.00469631021657391,0.00469891987140992,0.00470175388005079,0.00470454640339735,0.00470703481727311,0.00470898073685923,0.00471018911340333,0.00471052386035312,0.0047099187466576,0.00470838267888066,0.00470599894864487,0.00470291851089081,0.00469934784220153,0.00469553236701698,0.00469173679555781,0.00468822396085683,0.00468523385480674,0.00468296453807222,0.00468155644059339,0.00468108129184317,0.00468153654492199,0.00468284571642405,0.00468486459153339,0.00468739278001672,0.00469018969054149,0.00469299364920481,0.0046955426477406,0.00469759508468237,0.00469894886800921,0.00469945738013521,0.00469904105478822,0.00469769366018136,0.00469548279652424,0.00469254456672489,0.00468907283341624,0.00468530389932603,0.00468149780912495,0.00467791774070069,0.00467480911023487,0.00467238004508628,0.00467078477789239,0.00467011129136333,0.00467037421234313,0.0046715135407032,0.00467339933515955,0.00467584200076391,0.00467860737044186,0.00468143538300492,0.00468406086515443,0.00468623474988172,0.00468774402327998,0.00468842879028277,0.00468819508036685,0.00468702235863537,0.00468496513756621,0.00468214856395267,0.00467875834402297,0.00467502582716687,0.00467120945793614,0.00466757409553186,0.00466436986616664,0.00466181224342746,0.00466006494391593,0.00465922699100095,0.00465932495962053,0.00466031099800705,0.00466206676140222,0.00466441292449704,0.00466712350042502,0.00466994381936261,0.00467261073791986,0.00467487348215093,0.00467651348354026,0.0046773616508158,0.00467731172405065,0.00467632866546096,0.00467445142970576,0.00467178989524615,0.00466851619387154,0.0046648511134914,0.00466104663659536,0.0046573659834059,0.00465406273006639,0.00465136065144625,0.00464943588822123,0.00464840286175726,0.00464830507059698,0.00464911152006863,0.00465071909060264,0.00465296067562578,0.00465561845502095,0.00465844125366892,0.00466116460079808,0.00466353188272731,0.00466531488799741,0.00466633208845133,0.00466646318007472,0.0046656587090423,0.00466394400669585,0.00466141711906263,0.00465824090371421,0.00465462993902008,0.00465083330910227,0.00464711465771835,0.00464373111925441,0.00464091281830495,0.00463884457564266,0.00463765127310169,0.00463738802948606,0.00463803594960316,0.004639503761315,0.00464163518782226,0.00464422145090877,0.00464701790027871,0.00464976344461855,0.00465220124570757,0.00465409904390757,0.0046552675179052,0.00465557523960812,0.00465495905330321,0.0046534290658501,0.00465106785513321,0.00464802395573674,0.00464450012902251,0.00464073733426059,0.00463699565624693,0.0046335336871073,0.00463058798736131,0.00462835425314289,0.00462697169038799,0.00462651185017404,0.0046269728301825,0.00462827932300309,0.00463028852678871,0.00463280146451557,0.0046355788217254,0.0046383600442634,0.00464088416816144,0.00464291070747129,0.00464423891633896,0.00464472387038476,0.00464428806886051,0.00464292762175224,0.00464071252510301,0.00463778100726573,0.00463432840897771,0.00463059150145405,0.0046268295129183,0.004623303395449,0.004620254999812,0.00461788782569868,0.00461635087968468,0.00461572691605754,0.00461602597905347,0.00461718473882655,0.00461907165175696,0.00462149751481268,0.00462423055988849,0.00462701488080607,0.00462959073031661,0.00463171508524181,0.00463318086333081,0.00463383328489357,0.00463358209720217,0.00463240870357903,0.00463036763761812,0.00462758226508648,0.00462423504703904,0.00462055312300732,0.00461679034104247,0.00461320714417576,0.00461004989783877,0.00460753129429731,0.00460581339216809,0.00460499464686323,0.00460510197704463,0.00460608851682824,0.00460783725344025,0.00461017027968563,0.00461286293755481,0.00461566173127355,0.0046183045790831,0.00462054177929028,0.00462215600376994,0.004622979706691,0.00462290854258488,0.00462190971010219,0.00462002454955749,0.00461736518900131,0.00461410551588134,0.0046104672095758,0.00460670196714408,0.00460307135857562,0.00459982593382702,0.00459718525726866,0.00459532046252137,0.00459434071080789,0.00459428461758151,0.0045951173115082,0.00459673333887849,0.00459896516111637,0.00460159655091857,0.00460437980948297,0.00460705543301421,0.00460937267230623,0.00461110936654756,0.00461208949482473,0.0046121970710006,0.00461138529581755,0.0046096802517289,0.00460717885174329,0.00460404120046721,0.00460047796017499,0.00459673370524578,0.00459306756553008,0.00458973267803939,0.00458695606810735,0.00458492055614289,0.00458375013490899,0.00458349999556712,0.00458415201796234,0.00458561610866588,0.0045877373022977,0.00459030807537155,0.00459308489658848,0.00459580768955198,0.00459822064314007,0.0046000926918853,0.00460123601345196,0.00460152105111576,0.00460088685280437,0.00459934590063597,0.00459698305315482,0.00459394869841646,0.00459044668043223,0.00458671797708603,0.0045830214424392,0.00457961315488913,0.00457672601811596,0.00457455123681342,0.00457322313665175,0.00457280853046116,0.00457330147114648,0.00457462380405791,0.0045766314700862,0.00457912605137332,0.00458187063097951,0.00458460869123773,0.00458708453280519,0.00458906357883889,0.00459035094610763,0.00459080681437615,0.00459035739236153,0.00458900063839736,0.00458680631511221,0.00458391040435813,0.00458050434495139,0.00457681994795838,0.0045731111648655,0.00456963411370324,0.00456662689560812,0.00456429075423868,0.00456277404197231,0.0045621602630548,0.00456246117310339,0.00456361554148153,0.00456549375021369,0.00456790793885023,0.00457062694342346,0.00457339485844308,0.00457595171534819,0.00457805455862328,0.00457949714235674,0.00458012657946896,0.00457985554618845,0.00457866904775698,0.0045766252433382,0.00457385035407178,0.00457052818137414,0.00456688519176634,0.00456317244224863,0.00455964580834696,0.00455654603717428,0.00455408009761088,0.00455240516331805,0.00455161636436324,0.00455173919524053,0.00455272717811609,0.00455446505115464,0.00455677738285245,0.0045594421103543,0.00456220808138986,0.0045648152814746,0.00456701610168286,0.00456859580603417,0.00456939034275677,0.00456929983962324,0.00456829652588432,0.00456642638974589,0.00456380453509909,0.00456060484801485,0.00455704512483239,0.00455336917244503,0.00454982752934109,0.00454665838248687,0.00454407002358047,0.00454222587951986,0.00454123285052773,0.00454113345800495,0.00454190216494056,0.00454344615980661,0.00454561082727662,0.00454818998722493,0.00455094070323222,0.00455360202240052,0.00455591644954581,0.0045576523810885,0.00455862526874247,0.00455871509777433,0.00455787795933984,0.00455615010553598,0.00455364383458226,0.00455053570096656,0.00454704865477573,0.00454343054739269,0.00453993181017696,0.00453678493792577,0.00453418774516556,0.00453229139472402,0.00453119319116322,0.00453093336110182,0.00453149470874608,0.00453280420038494,0.00453473609654626,0.00453711697925864,0.00453973361207631,0.00454234474637139,0.00454469758947763,0.00454654869572058,0.00454768773558365,0.00454796129266541,0.00454729294134302,0.0045456957219972,0.00454327394017327,0.00454021291291306,0.00453675755163362,0.00453318298378001,0.00452976217130448,0.00452673616437352,0.00452429196672317,0.00452255108180645,0.00452156912835744,0.00452134419787228,0.00452182966860348,0.00452294659185336,0.00452459172985956,0.00452663956817817,0.00452893944954085,0.00453131146981028,0.00453354609762477,0.00453541211597183,0.00453667541715006,0.00453712790336779,0.0045366221300151,0.00453510441624707,0.00453263787545869,0.00452940777435316,0.00452570486401344,0.00452188726587285,0.00451832699519517,0.00451535177139223,0.00451319493718621,0.0045119651247059,0.00451164271160481,0.00451210313844007,0.00451315975357338,0.00451461331761054,0.00451629353010571,0.00451808070704111,0.00451990232230541,0.00452170749937676,0.00452343002617717,0.00452495466521221,0.00452610111477188,0.00452663507031285,0.00452630787198488,0.00452491740955225,0.00452237560799477,0.00451876383922858,0.00451435818417311,0.00450961192680514,0.0045050923319582,0.00450138085783644,0.00449895759737541,0.00449809836230451,0.00449881314560904,0.00450084609888629,0.00450374086151024,0.00450695545448008,0.00450999448171775,0.0045125193623242,0.00451440319489714,0.00451571441228952,0.00451663680668744,0.00451735450920739,0.00451794168748598,0.00451829454186033,0.0045181291795894,0.00451704864013263,0.00451466248471019,0.00451072814458161,0.00450527689855972,0.00449868876357215,0.00449168881340876,0.00448525203903202,0.00448042446794737,0.00447809273352183,0.00447875690328245,0.00448237309686922,0.00448832425991969,0.0044955458641995,0.0045027846030648,0.00450891868868184,0.00451323889744617,0.00451559570819711,0.00451636147737755,0.0045162225014999,0.00451587761713922,0.00451575193793345,0.00451582384769894,0.00451561720803533,0.00451435108566753,0.00451119175981173,0.00450553200521623,0.00449722960641808,0.00448675673512858,0.00447522899467265,0.00446429287998437,0.00445586215069615,0.00445172164627974,0.00445306640527469,0.00446009925334341,0.00447183829039474,0.00448625403955361,0.00450075551176698,0.00451290483435269,0.0045211229478901,0.00452511875950939,0.00452586168584498,0.00452509590229213,0.00452458607546316,0.00452539714197673,0.00452748808688364,0.00452975312571331,0.00453044898813519,0.00452780300306779,0.00452056931218156,0.00450838538549819,0.00449190863176529,0.00447279520160397,0.00445357268989402,0.00443738224312778,0.00442750785505353,0.00442665293560318,0.00443607949230902,0.00445491216879701,0.00447999134554969,0.00450653137734422,0.0045295106923521,0.00454533410006568,0.00455307904390012,0.00455472985431133,0.00455421926323661,0.00455564997031584,0.00456147582699791,0.00457145370181451,0.0045828000147278,0.00459139524026587,0.00459339641592032,0.00458650409397087,0.00457043098311114,0.00454663044078929,0.00451773409048026,0.00448717262283416,0.00445911379359762,0.00443840567936884,0.00443001417387854,0.00443769678591752,0.00446225418793149,0.00450026241392369,0.00454427831368907,0.0045849394360486,0.00461437202782918,0.00462943434433667,0.00463313334653996,0.00463328982055971,0.00463888072712991,0.00465573942185909,0.00468371523818124,0.00471668805788132,0.00474535092990384,0.00476123937662082,0.00475992402021512,0.00474191517089198,0.00471125794891474,0.0046731347336245,0.0046322007221953,0.00459260958829557,0.00455926279792376,0.00453872214744082,0.0045382725577955,0.00456288920943617,0.00461157935370174,0.00467555980768204,0.00474017249152397,0.0047904537103676,0.00481795100832004,0.004825179283076,0.0048249383184115,0.00483430819159502,0.00486610467962681,0.00492217168507007,0.00499207330121853,0.00505787711953194,0.00510240149117975,0.00511647317864589,0.00510150194141024,0.00506656763257519,0.00502246282420441,0.00497673063938675,0.00493269936323272,0.00489253678134609,0.00486139751461718,0.00484881723860369,0.00486533719527489,0.00491582127296602,0.00499376826727806,0.00508109268107267,0.00515493885846598,0.00519870852102753,0.00521134168732735,0.00520915153012324,0.00521833433543288,0.00526157606551771,0.00534580983804491,0.00545784676041207,0.00557033565736039,0.00565473921610745,0.0056941558222646,0.00568917323355837,0.0056542680733559,0.00560789018761396,0.00556283245007439,0.00552269628236982,0.00548582606516006,0.00545292936430271,0.00543211525478789,0.00543693573112857,0.00547803013324986,0.00555383897795111,0.00564724295385864,0.00573174109874546,0.00578477184474188,0.00580078427332993,0.00579600675909181,0.00580123535068114,0.00584590289275529,0.00594200742888732,0.00607686026164966,0.00621870949898396,0.006331990185382,0.00639362066708795,0.00640156975562354,0.00637185718682208,0.00632707597588324,0.00628415041635549,0.00624863702868386,0.00621795165935785,0.00618982209206121,0.00616901173503149,0.00616697415868469,0.00619437991465921,0.00625179462365905,0.00632554580929383,0.00639272750035736,0.00643329886518966,0.00644224057698472,0.00643407394826014,0.00643630852963677,0.00647499032194266,0.00656036837333118,0.00668075576196702,0.00680790017977703,0.00691055512955552,0.00696849628960152,0.00697953736654332,0.00695672420973962,0.00691875945669507,0.00688017736633323,0.00684692632052823,0.00681875104050671,0.00679512188411308,0.00677949256297246,0.00677848213604125,0.00679669297639968,0.00683133146343687,0.00687118632613726,0.00690159199591742,0.00691278472952881,0.00690643951122348,0.00689596539610299,0.0068998729401645,0.00693180919949326,0.00699294447791588,0.00707099366899122,0.00714620624156411,0.00720067393914182,0.00722571139388638,0.00722367538538911,0.00720417628268309,0.00717783322183289,0.00715160422712212,0.00712799141373382,0.00710748462054701,0.00709152045690924,0.00708330556603712,0.00708583187771207,0.00709876450101787,0.00711690815891472,0.00713194894475961,0.00713685018303025,0.00713027179029206,0.00711807855204748,0.00711065399159927,0.00711730339883535,0.00714088231685524,0.00717575927744659,0.00721033273217607,0.0072327269356908,0.00723653436396233,0.00722354314119261,0.00720216761162983,0.00718269682046726,0.00717211622242527,0.00717128356560928,0.00717574372310724,0.00717936896276857,0.00717849728547334,0.0071741123677927,0.00717087546548678,0.00717373143758645,0.00718427289268741,0.00719921149865132,0.00721204613682498,0.0072170279737489,0.00721297134436919,0.00720434200437411,0.0071985805073662,0.00720099824677531,0.00721039371067266,0.00721852695459722,0.00721450241123087,0.00719199397230707,0.00715498994387413,0.00711796657037613,0.00709936427046645,0.00711141310913275,0.00715216738327068,0.00720502007371379,0.00724690264208018,0.00726104767819301,0.00724691231294484,0.00722096436859842,0.00720723196075767,0.00722283085672461,0.00726715068535978,0.00732156296200844,0.0073602121146528,0.00736544009543572,0.00733818340446081,0.00729659669030388,0.0072636374455183,0.00725168826730574,0.00725458010559393,0.00725278568082714,0.00722878725873272,0.00718238772389347,0.00713503459774029,0.00711894492672011,0.00715688861243704,0.00724536005267567,0.00735274794581982,0.00743522036509724,0.00746172122680975,0.00743296657263035,0.00738215464315367,0.00735596827289844,0.00738676840586394,0.00747279882473946,0.00757869160804799,0.00765614809541037,0.00767212331847628,0.00762718073934167,0.00755296132699585,0.00749095570340747,0.00746651444361756,0.00747478343030985,0.00748729699314604,0.00747444249384181,0.00742862064532299,0.00737238253558283,0.00734556921860828,0.00737931694728539,0.00747376219804965,0.0075944224424133,0.00769053320822075,0.00772452659143911,0.00769444786874631,0.00763525267250513,0.00759799259535741,0.00761956033926745,0.00770132804712943,0.00780927743430596,0.00789488537353291,0.00792349815000242,0.00789288340185762,0.00783134665417133,0.00777779887919125,0.0077571906188685,0.00776692035258796,0.00778206579161538,0.00777486174628624,0.00773491256244723,0.00767681834356787,0.00763070386030806,0.00762246435506241,0.00765692930968415,0.00771471970544242,0.00776434647592317,0.00778131885562361,0.00776196888802306,0.00772367727574875,0.00769230050436248,0.00768574668475268,0.00770454318070041,0.00773487026814442,0.00776078370816196,0.00777629829944152,0.00778871875268224,0.0078113280769992,0.00785132618974721,0.00790220446570124,0.00794634469111561,0.00796614042918754,0.00795576398824759,0.00792519459059051,0.00789358690361221,0.00787661626739368,0.007876737845283,0.00788322983844112,0.00788181572387015,0.0078665863914448,0.00784506906649937,0.00783222287917877,0.00783752635236085,0.00785505569592321,0.00786505435787609,0.00784751253508605,0.00779915172320487,0.00774155735607169,0.00771309350531477,0.00774783903815607,0.00785408497408376,0.00800639832739757,0.00815737625130045,0.00826277748767242,0.00830485581740267,0.00829950829286841,0.00828307823777786,0.00828772787253462,0.00832154332600531,0.00836606661048953,0.00839206716763732,0.00838208160601025,0.00834386692217004,0.0083053733202693,0.00829472506586225,0.00831921322690979,0.00835825749250929,0.00837596459044542,0.00834555711056528,0.00826958970591455,0.00818219672208466,0.00813113897827774,0.00815049961682958,0.00824090133484716,0.00836924685901347,0.00848761709931941,0.00855927078665975,0.00857608191544506,0.00855805958943563,0.0085371835776039,0.00853696565218768,0.00856036677079017,0.00859199571968421,0.00861098920397843,0.00860498784882881,0.00857650121199563,0.00853914735001046,0.00850796823114098,0.00849085875851315,0.00848598601462158,0.00848531859110878,0.00848070598356465,0.00846849364777332,0.00845082518003553,0.00843423860613388,0.00842703536700382,0.00843621836923193,0.00846408528071008,0.00850509940207811,0.00854503517186271,0.00856476814014387,0.00854897815213879,0.00849613776062796,0.00842333610620598,0.00836074826165674,0.00833634974301736,0.00835859305518434,0.00840809375040653,0.00844554403048549,0.00843341211472674,0.00835936719474339,0.00824657896891712,0.00814295224875353,0.00809436166946037,0.00811779089244682,0.00819140578730597,0.00826850054106848,0.00830700161952106,0.00829574064311376,0.00826026590988501,0.00824402910794821,0.00827705497736011,0.00835289997882599,0.00842977418705386,0.00845603859325574,0.00840405263363588,0.00829029909717633,0.00816804720621737,0.00809627749770508,0.00810390016256224,0.0081715481748488,0.00824234875592889,0.00825508785443133,0.00817952255940165,0.00803273167388299,0.00786752444497006,0.00774111493887494,0.00768372214096136,0.00768570019594893,0.00770952001997715,0.00771752201165016,0.00769736469727607,0.00766952655085945,0.00767289376075013,0.00773788623528955,0.00786378801435187,0.00801417209882865,0.00813366357531317,0.00817707560866502,0.008134911847853,0.00804095231444816,0.00795699557606268,0.00794184855158852,0.00802017802543832,0.00816751695519443,0.00832003145535094,0.00840517171077503,0.00837817877279089,0.0082454919211706,0.00806206726174282,0.00790311157087785,0.00782493865799553,0.00783653357627423,0.00789827384194887,0.00794907621932138,0.00794630817697337,0.00789433259060112,0.00784343219715289,0.00785846779032217,0.00797570066316624,0.00817477252485276,0.00838476575247237,0.00852270834886183,0.00854227588999801,0.00846294550500183,0.00836084901469886,0.00832574652697672,0.00840952461642932,0.00859705883091598,0.00881654848166677,0.00898217072217354,0.00904249898649969,0.00900572753765638,0.00892836917046387,0.00887718682926736,0.00888970402702304,0.00895724756088867,0.009038136582131,0.00908897983977709,0.00909208608654756,0.00906234533291165,0.00903253058707492,0.00903025517585122,0.00906321262700369,0.00912073829059603,0.00918669238963679,0.00925123716262283,0.00931229272758933,0.00936783840968911,0.00940887587504629,0.00942254436762678,0.0094056813647013,0.00937847987022696,0.00938482248469176,0.00947386239338271,0.00967135964125889,0.00995889304663785,0.0102764873063778,0.0105500817564451,0.0107288225028331,0.0108098134515442,0.010835217938031,0.010863956326706,0.0109361746339534,0.0110525777516067,0.0111802383272737,0.0112789233360137,0.0113291688825793,0.0113435248825151,0.011354803411115,0.0113908916259577,0.0114540912995657,0.0115189122592589,0.0115492950704112,0.011523539867656,0.0114509983498618,0.0113707363248681,0.0113338808592344,0.0113804453783042,0.0115229689965143,0.0117437328845019,0.0120042968975271,0.0122607213119923,0.0124772992752726,0.0126346012779446,0.0127311748837213,0.0127802814870826,0.0128035146443756,0.0128231507918619,0.0128553432480802,0.012906328515835,0.0129727828002193,0.0130453761744521,0.0131128159711325,0.0131639015188069,0.0131875087086349,0.0131730669635381,0.0131143390851227,0.0130162240264688,0.0128999821021398,0.0128006640109685,0.0127541780037597,0.0127788896845625,0.0128627139455862,0.0129659417675087,0.0130413846149178,0.0130616622472836,0.0130367605139859,0.0130090986585767,0.0130269380927786,0.0131116627983891,0.0132401238468831,0.0133550591130901,0.0133989837395265,0.0133511362144125,0.0132437764931328,0.013146190841304,0.0131248614257961,0.013203584653873,0.0133479389077014,0.0134839026627096,0.0135398007466274,0.0134869377122838,0.0133554975424356,0.0132172442471662,0.0131457446304847,0.0131768799623182,0.0132910004621526,0.0134251230587625,0.0135071878361292,0.0134935624959143,0.0133906377189271,0.0132504747305153,0.0131436557005373,0.013123278891574,0.013197843826538,0.0133263372638475,0.0134382667229929,0.0134692631011562,0.0133946820770571,0.0132436815472666,0.0130854031153697,0.0129933366245587,0.0130063324162696,0.0131077465519438,0.0132351041995233,0.0133156939147199,0.0133082099591868,0.013226340679287,0.0131302753102427,0.013090932045452,0.0131479988755807,0.013286553407059,0.0134457478932803,0.0135538201612086,0.0135684004350888,0.0134988591781897,0.0133990018830274,0.0133360396818607,0.0133546176007025,0.0134557143786038,0.0136000808658513,0.0137316470124823,0.0138064925164473,0.0138122254939039,0.0137697302878761,0.013718981153526,0.0136976098722193,0.0137226780354074,0.0137833605351356,0.0138471869384958,0.0138770150136808,0.0138513212341735,0.0137780952605172,0.0136942958156034,0.0136491100527239,0.0136780774191655,0.0137817068634403,0.0139216976613567,0.0140390955648645,0.0140859521775032,0.014053021498123,0.0139770048776159,0.0139221804286855,0.0139464586686661,0.0140714936237648,0.0142740811021707,0.0145029078809513,0.0147091002185783,0.014871046265299,0.0149987494632013,0.0151171307618801,0.0152416102725688,0.0153636631792456,0.0154562405411204,0.0154946994197558,0.0154781108819747,0.0154356744285293,0.0154131330155458,0.0154473596471449,0.0155448555666561,0.015677242463221,0.0157962826605542,0.0158595433499104,0.0158523340444385,0.0157944825914951,0.0157292693898719,0.0157010984960845,0.0157336180837079,0.0158191722586582,0.0159246858235668,0.0160110892963595,0.0160565068943447,0.0160707488469047,0.0160920554666022,0.0161659087754476,0.0163162049756081,0.0165252564396012,0.0167362478320954,0.0168799700298194,0.0169128933199356,0.0168449601042307,0.0167392901431443,0.0166813242241241,0.0167331938089687,0.0168990504730964,0.0171219444973641,0.0173149160872235,0.0174086817481511,0.0173880790407219,0.0172959711676299,0.0172030242056927,0.0171625772529947,0.0171786505055107,0.0172064227842568,0.0171839615125746,0.0170747801276486,0.0168948385992046,0.0167079115817378,0.0165925737565849,0.0166002473894582,0.0167277416286449,0.0169185026950135,0.0170908501007738,0.0171778634033538,0.017158778872191,0.0170670261635988,0.0169719273988778,0.016943717238821,0.0170192619705123,0.0171853120566915,0.0173874855011318,0.0175602275550376,0.017661868933954,0.0176955517598818,0.0177038158043699,0.0177392006318764,0.017827660901389,0.0179472209221847,0.018036667195617,0.0180315066318382,0.0179069348609298,0.0177012415991256,0.0175029407868172,0.0174060338028023,0.0174577124010755,0.0176289852631702,0.0178266718684393,0.0179416374964821,0.0179069991581268,0.0177339484275321,0.0175053812087314,0.0173311940872608,0.0172901358272647,0.0173897882688332,0.0175655414041103,0.0177180128249918,0.0177681975580224,0.0177010884130233,0.0175751945049809,0.0174931185752424,0.0175479876320134,0.0177726357945935,0.0181174527972865,0.0184692078265259,0.0187031443471209,0.0187436215458923,0.018603094558789,0.0183787785042357,0.0182070433917106,0.0181973392060995,0.018378746029398,0.018686452846611,0.0189950259896433,0.0191809715334447,0.0191820965508497,0.019023731789384,0.0188002879009127,0.0186242988967735,0.01857093893077,0.0186459915729957,0.0187907794995133,0.0189177582783501,0.0189562417225444,0.0188854748446448,0.0187412023837544,0.0185957787352197,0.0185234519943059,0.018567196248696,0.0187208562580552,0.0189328532836993,0.0191287588195422,0.0192428104096749,0.0192451881798118,0.0191537452717159,0.0190254631240907,0.0189317683232906,0.0189290696348674,0.0190377529506606,0.0192381988445382,0.0194835876083502,0.0197212470028174,0.0199114945204429,0.0200363944798432,0.0200977075769719,0.0201088873469255,0.0200871418489519,0.0200487150198421,0.0200067785406728,0.0199697840117036,0.0199394887335045,0.0199101583353403,0.019871026251802,0.019812065959593,0.0197301494357573,0.0196314452086773,0.0195278654967605,0.0194293326945336,0.0193367268859107,0.0192402914450692,0.0191250392306283,0.0189805472958943,0.0188100973489443,0.0186345799558899,0.0184891213426034,0.0184132817431012,0.0184377273697047,0.0185713877860707,0.0187935728568829,0.0190550950425986,0.0192903128853229,0.0194378834136768,0.0194632269049371,0.0193730612436212,0.0192143194716837,0.0190563319984798,0.018963247244423,0.0189687446534609,0.0190640857932386,0.0192039226947096,0.0193258083080064,0.0193737051046091,0.0193156387709424,0.019150195123946,0.0189024133107086,0.018613320208936,0.0183276451448489,0.0180825462573424,0.0178988305317011,0.0177762631474993,0.0176951220100068,0.0176252068349171,0.0175403000558845,0.0174321823937194,0.0173167175751074,0.0172272854597885,0.0171972021153301,0.0172393068349556,0.0173336580912961,0.0174312715005211,0.0174742475475581,0.0174241409759149,0.0172852027460919,0.0171099213128036,0.0169812686608653,0.0169766860784492,0.017128652861245,0.0174008015108585,0.0176938632201376,0.0178829390651793,0.0178718801546794,0.0176398519994405,0.0172561445316166,0.0168531620193583,0.0165682370372307,0.01648167397092,0.0165816021121545,0.0167732199793051,0.0169273903101264,0.0169435578633898,0.0167954911750138,0.0165385241492609,0.016277536968589,0.0161142765871132,0.0161008247701219,0.0162201686245389,0.0163997399009228,0.0165481970536309,0.0165969450016707,0.0165284439114209,0.0163810397733066,0.016230377548443,0.016156305777742,0.0162090150528697,0.0163879579421416,0.0166420431709363,0.0168911262867067,0.0170598475676814,0.0171092009564671,0.0170518717542338,0.0169446358162631,0.016861777044663,0.0168622607538962,0.0169658020628664,0.0171479115257427,0.0173544218558489,0.0175270383327275,0.0176274557491002,0.0176498508844185,0.0176181088902712,0.0175712768358062,0.0175451831417426,0.0175584822163847,0.0176081738825095,0.0176748254205014,0.0177335458709867,0.0177649518516075,0.017761489097389,0.0177276823098345,0.0176762387437203,0.0176234207523211,0.0175859453498188,0.0175789930657336,0.0176131129352464,0.0176887717371587,0.0177906551934687,0.0178868452547356,0.0179374359477273,0.0179120260989598,0.0178085413671625,0.0176620289361803,0.0175352682471876,0.0174926261691409,0.0175691440920985,0.0177514257457936,0.017981774683157,0.0181846036082111,0.0183016932383726,0.0183179531777659,0.0182648279717853,0.018200890435255,0.0181810283758737,0.0182304139917936,0.0183353316864215,0.0184532962620494,0.0185355064455803,0.0185500665710204,0.0184957024652333,0.0184010176943139,0.0183106953935245,0.0182650487233772,0.018281666929549,0.0183470870680656,0.0184225160811599,0.0184616317079721,0.01843267017957,0.018334327398231,0.0181974638315987,0.0180715603565753,0.0180027868366454,0.018014861505875,0.0181019425518002,0.0182357566783086,0.0183813759726105,0.0185122034202411,0.0186167987294208,0.0186962765491478,0.0187568731608403,0.0188042352399204,0.0188432709335088,0.0188823474424196,0.0189368392692035,0.0190270489687325,0.0191693169035549,0.0193643247777168,0.0195898939966004,0.019804635290439,0.0199635401698212,0.0200394649074254,0.0200394243444674,0.020005209744431,0.0199949475535026,0.020052877699634,0.0201830006582973,0.0203426324885153,0.020462536876401,0.0204853103326523,0.0204015658209902,0.0202622003720175,0.0201568486060058,0.0201676935168151,0.0203231202437564,0.0205776298954543,0.0208309499098885,0.0209776648280319,0.0209613793640648,0.020804494630034,0.0205977758545165,0.0204554027599587,0.0204590275189648,0.0206191124244873,0.0208718253880151,0.0211113101276155,0.0212401947038266,0.0212138193114763,0.0210582947749834,0.0208557251795923,0.0207049946437195,0.0206767841121504,0.0207830328772966,0.0209738167639749,0.0211620253890626,0.0212638223954455,0.0212361213495823,0.0210942403653347,0.0209025753634593,0.0207438696491791,0.0206822342400679,0.0207369463411646,0.0208777590180388,0.0210417113031472,0.0211618691490625,0.0211944299328925,0.021133192512457,0.0210072354915108,0.0208649958474092,0.0207527193395911,0.0206962265172743,0.0206925762155512,0.0207138934608275,0.0207209591574909,0.0206806269049758,0.0205799113341054,0.0204311730515663,0.0202666346082028,0.0201248936316427,0.0200351970218831,0.0200057324655312,0.0200201781843354,0.0200434927147877,0.020034908359323,0.0199641075142349,0.0198255798756017,0.0196459950420663,0.0194804280943353,0.0193961787778119,0.0194477963937202,0.0196521600805447,0.019975026144849,0.0203376437403549,0.0206437737647275,0.0208172076824011,0.0208332493533779,0.0207289652506126,0.020586487167595,0.0204966583512794,0.020519949461613,0.0206626608832494,0.0208785181123458,0.0210932461749208,0.0212391382904957,0.0212830762873857,0.0212360075329964,0.0211415741052296,0.0210513792844761,0.0209997865358422,0.0209901922056447,0.0209984003708703,0.0209902560516631,0.0209439626560528,0.0208655346670501,0.0207894958179182,0.0207644701254663,0.0208309721497022,0.0210025130385215,0.0212590993583741,0.0215555464289902,0.0218395861165481,0.0220706378228345,0.0222312294051258,0.0223280656787964,0.0223851974657457,0.022434474472138,0.0225075319983679,0.0226305064756836,0.022820112257055,0.0230794282804207,0.0233936250093635,0.0237282101842414,0.0240331744478901,0.0242546600142254,0.0243520413426648,0.0243144756057185,0.0241692900575394,0.0239765001903638,0.0238091418005665,0.0237259092283536,0.0237475221938983,0.0238482364821747,0.0239679643601279,0.0240407333417699,0.0240264438836655,0.0239301147025085,0.023798324628841,0.0236941220176888,0.0236632602046342,0.0237096887284087,0.0237936044130141,0.0238533210814542,0.0238393532436485,0.0237425711886191,0.023601615176304,0.0234859166578142,0.023463369742848,0.0235690896226775,0.0237902177276416,0.0240728026887904,0.0243456339324135,0.0245484403885862,0.024651481136757,0.0246595919288397,0.024602283072973,0.0245177380660166,0.0244395649610426,0.0243911658048796,0.0243866647840369,0.0244333429649828,0.0245308273119698,0.0246663650933044,0.0248103733375089,0.0249184656028539,0.0249434194897549,0.0248542586459214,0.024653606882611,0.024382934840041,0.0241101019643859,0.0239026844677837,0.0237989901681597,0.0237913139406243,0.023830820941096,0.0238528002342423,0.0238104324431992,0.0237003031412189,0.0235663721536539,0.0234793990807781,0.0235009827731233,0.0236495338800746,0.0238855699818082,0.024125236825219,0.0242774975511218,0.0242883041886791,0.0241704744705024,0.0240037922233011,0.0239036682990307,0.0239718459075269,0.0242514821916085,0.0247069959349302,0.0252373838995951,0.0257162336207147,0.02604003845491,0.0261639891474709,0.0261116518592639,0.0259575885442226,0.0257935738913291,0.025694359734034,0.0256963335429745,0.0257943362126046,0.025953116650373,0.0261248263296956,0.0262643788952877,0.0263388717790478,0.0263319703833737,0.0262459712115071,0.0261025140022518,0.0259398480369933,0.0258035885158734,0.0257308845624193,0.0257334247338295,0.0257886559467166,0.025847091437752,0.0258559973660286,0.0257897834643792,0.0256712027660167,0.0255696715045138,0.025573634095678,0.0257477528420367,0.0260952465133756,0.0265453010135308,0.0269746576235093,0.0272562917948954,0.0273144608780552,0.0271611057198325,0.0268959549782545,0.0266685079315105,0.0266172028654143,0.0268116783917832,0.0272231375570169,0.0277356338315756,0.0281930374381825,0.028460797010004,0.0284756800121231,0.0282631577779636,0.0279176431420052,0.0275576135709026,0.0272775926335789,0.027117727091866,0.0270609542990317,0.0270538522529452,0.0270374388322015,0.0269726030269345,0.0268507826308654,0.0266894750049436,0.0265190212581742,0.0263689193952211,0.026259138681547,0.0261973455809378,0.0261797148395894,0.0261926660043956,0.0262148749505119,0.0262212088267791,0.0261906485105791,0.0261178827018421,0.0260241754576401,0.0259600892108105,0.0259936497367921,0.0261836804387023,0.0265471400667135,0.0270363238964639,0.0275413976303284,0.0279238977928136,0.0280711344706873,0.0279480597768551,0.0276205184509253,0.0272351063291659,0.0269613997290567,0.0269214591141777,0.0271387367269925,0.0275296647009037,0.0279409280562204,0.0282143925850021,0.028250315554828,0.0280424630818111,0.0276731572408413,0.027274138989391,0.0269722497134485,0.0268426656289238,0.0268868501355749,0.0270410771143552,0.0272092096752473,0.0273048160654288,0.0272854572322519,0.027166504987876,0.0270109743743494,0.0269015634570289,0.0269072921914487,0.0270576305779088,0.0273324974057486,0.027669838591748,0.0279867445129722,0.0282068685326372,0.0282861097169926,0.0282292159539608,0.0280917570828222,0.027965200907701,0.0279478269907556,0.0281098462960792,0.0284648758793538,0.0289593243267003,0.0294855463907715,0.029915739549071,0.0301452057656435,0.0301293934025066,0.029900830185958,0.0295590025840862,0.0292359113227922,0.0290490945800848,0.0290591618367623,0.0292481044450736,0.0295274524160655,0.0297738281410612,0.0298780154934506,0.0297874870028722,0.0295247843114666,0.0291746316912535,0.0288464240257694,0.0286291529802635,0.0285580309762287,0.0286055388513736,0.0286982575444825,0.0287504056863475,0.0286998123879426,0.0285330787016589,0.0282919768531682,0.0280598041603493,0.027932366465774,0.0279826467237402,0.0282305902932967,0.0286290553004692,0.0290729782903961,0.0294313341014916,0.0295925668513218,0.0295074419157953,0.0292122234053607,0.0288211145734609,0.0284882330146807,0.0283516473465708,0.0284800782086547,0.0288431613099022,0.0293181165658813,0.0297320383738547,0.0299249654035566,0.0298100279933461,0.0294071865335203,0.0288367618216317,0.0282745825594692,0.027885907068441,0.0277639558996518,0.0278972020771024,0.0281780961119551,0.0284493086963207,0.0285685862555955,0.0284659626269928,0.0281703015470786,0.0277947095788748,0.0274872757424935,0.0273680047619294,0.0274786409402709,0.0277665995021442,0.0281094733690774,0.0283688578024713,0.0284494995047699,0.0283379608866624,0.0281049234152073,0.0278720387402679,0.0277596873913199,0.0278389420635989,0.0281069580091234,0.0284930332383984,0.0288892020255552,0.0291905917321119,0.0293296891923239,0.0292939168228099,0.0291238134503711,0.0288958636142355,0.0286975085120729,0.0286020650239329,0.0286494777998957,0.0288365285232339,0.0291181541524871,0.029419813286709,0.0296588212568478,0.0297699489550538,0.0297279654416492,0.029558767865505,0.0293329609747484,0.029141640107132,0.0290618827974494,0.0291253887839741,0.0293041575683828,0.0295207776298602,0.0296802017207898,0.0297099064874048,0.0295911607074027,0.0293679185200952,0.0291296920229891,0.0289758530902041,0.0289761868863798,0.0291433985886497,0.0294279583802415,0.0297367859440853,0.02996832331621,0.0300506306072773,0.0299682147745691,0.0297677033911911,0.0295406550576654,0.0293905689975034,0.0293968371261204,0.0295885931653289,0.0299364693119117,0.0303630288130693,0.0307666814751256,0.0310512558146799,0.031153650384402,0.0310632444329508,0.0308278168474264,0.0305422846348847,0.0303203152711557,0.0302552334550547,0.0303832837763213,0.030664917308312,0.0309950155230572,0.0312414275408013,0.0312978980915846,0.0311293242536225,0.0307890667388666,0.0303994937956531,0.0301028651412854,0.0300027705511291,0.0301208283944276,0.0303873623565673,0.0306707947997396,0.0308341352421167,0.0307948736333622,0.0305621628505612,0.030234170705306,0.029955755106865,0.0298547318369669,0.0299852998805848,0.0303041953034275,0.0306899090429797,0.0309952900706842,0.0311090508801981,0.0309991157328134,0.0307207576523675,0.0303890875659217,0.0301302723810046,0.0300326731013818,0.0301164989988373,0.0303313914229015,0.0305801796605438,0.0307579592370534,0.030791159490595,0.030662356736563,0.0304127043346709,0.0301227990873088,0.0298810518634913,0.029752639535574,0.0297602592102407,0.0298815953395854,0.0300613075109315,0.0302309973906392,0.030330209664657,0.0303235338107644,0.0302108056927901,0.0300281362446366,0.0298381048656649,0.0297098195173651,0.0296939527057419,0.0298019900384516,0.0299993283335046,0.0302168656596176,0.0303772871359583,0.0304250081499402,0.0303469208880169,0.0301756526720945,0.0299751913612063,0.0298160255995754,0.0297501666307508,0.0297950603605151,0.0299310975578912,0.0301123317567678,0.0302856540543804,0.0304109788000296,0.0304747326064495,0.0304916155747121,0.0304946725298488,0.0305190647452492,0.0305876669519067,0.0307049351957782,0.030860291678089,0.0310368674418402,0.0312193343976134,0.0313968559423644,0.0315617785111457,0.0317079068275613,0.031831695316232,0.0319361626854041,0.0320338712752925,0.0321448243235493,0.0322881463944431,0.0324708129369823,0.0326794648315623,0.0328807002734218,0.0330315662382496,0.0330971779630014,0.0330685896785122,0.0329727133139911,0.0328679861670076,0.0328246062285931,0.0328952498998908,0.0330884054897264,0.0333580317935768,0.0336177018359609,0.033775956748041,0.0337777426709792,0.0336316033108015,0.0334078856095254,0.033207491189585,0.033115998026912,0.0331655792051797,0.0333227804565004,0.0335066529694516,0.0336268281810652,0.0336227806342278,0.0334871388753552,0.0332650954555195,0.0330330119691512,0.0328669877235589,0.0328142303725521,0.0328772716586112,0.0330155172809592,0.0331623767438764,0.0332509814765824,0.0332387738250506,0.0331221059088035,0.0329362599717647,0.0327421398653661,0.0326055242894575,0.0325762574670188,0.032673205772848,0.0328780790788981,0.0331391178408898,0.0333843923220634,0.0335427962527525,0.0335678105075931,0.0334558490277772,0.0332503511652084,0.0330270746735625,0.0328644838753783,0.0328114197532806,0.0328670949033014,0.0329833393054955,0.0330882357478894,0.0331197170772776,0.033053112565775,0.0329101784207828,0.0327464566644024,0.03262388463953,0.0325817966936056,0.0326195902657145,0.0326988408918785,0.032763936122452,0.0327717668151636,0.0327162707933815,0.0326352899041112,0.0325953443821771,0.0326611169899875,0.03286479612318,0.0331908453395588,0.0335834624896797,0.0339716333305305,0.0342977281819644,0.0345353422617653,0.0346900519667581,0.0347871444674663,0.0348563574649914,0.0349222272846792,0.0350022503035414,0.0351091340733382,0.0352519417319043,0.0354338308944873,0.0356480932523713,0.0358760363239813,0.0360891119953445,0.0362551946663132,0.0363470636578423,0.0363506244966169,0.0362705515899764,0.0361312069623218,0.0359712569981153,0.0358322535330418,0.0357445108834021,0.0357161791424876,0.0357311675885853,0.0357576948551062,0.0357636191227238,0.0357308814102443,0.0356619814974129,0.0355760255846163,0.0354974725593506,0.0354438523179258,0.0354180897060718,0.0354079072607435,0.0353914877245178,0.0353467019086424,0.035260734133686,0.0351371080834006,0.0349976149445421,0.0348778398556279,0.0348170993117133,0.0348459327601434,0.0349754679790364,0.035192170749028,0.0354592848245997,0.0357242260741676,0.0359303738870414,0.0360316437781686,0.0360075288681738,0.0358743887898783,0.0356870821468218,0.0355262148641077,0.0354716788961121,0.0355708908860964,0.0358155480525952,0.0361394127139942,0.0364409262499501,0.0366224268647242,0.0366289970583459,0.036469493326258,0.0362104641403551,0.0359461402541398,0.0357582636803522,0.0356834802264353,0.0357021160830976,0.0357525545604082,0.0357642744011591,0.0356943954040514,0.0355507395515905,0.0353901491204908,0.0352921736443499,0.0353203220329783,0.0354898056893262,0.0357580385947403,0.0360428699456418,0.0362593827651045,0.0363568699674567,0.0363383989087925,0.036255400317769,0.0361827986766678,0.0361887974533998,0.03631335215887,0.0365620085891177,0.0369126135301145,0.037327021891179,0.0377606117200495,0.0381673007645665,0.0385026850808789,0.0387294382845317,0.038826515206947,0.0387991276365837,0.0386832849838254,0.038539425435432,0.0384344452809401,0.0384178886426767,0.0385025061007013,0.0386588545510083,0.0388276452996016,0.0389448401200196,0.038967708029582,0.0388892725102264,0.0387347036967336,0.0385430267270239,0.0383453394742885,0.0381518772082283,0.0379541236558357,0.0377387091214483,0.0375030203253523,0.037262338530295,0.0370445345960411,0.0368765252422633,0.0367715573319252,0.0367251601828206,0.0367215396200423,0.0367454065485923,0.0367909605964449,0.0368618160471059,0.0369616801001569,0.0370819815015367,0.0371956193717754,0.0372635495834046,0.0372538984597476,0.0371651647682776,0.0370403937692412,0.0369612913181232,0.0370201117320764,0.0372789558009361,0.037734700793801,0.0383078817993232,0.038864253482688,0.0392625675882876,0.0394088821997305,0.0392935168873876,0.038994104116297,0.038643533799437,0.0383772765747053,0.0382829915292544,0.0383728963957451,0.0385880695769257,0.0388296385267653,0.0390013013555608,0.0390449155721597,0.0389560959200778,0.0387766466741033,0.0385704824320564,0.038395387871313,0.0382826760406727,0.0382314462558641,0.038216798379301,0.0382056945438636,0.0381725421486761,0.0381089121832569,0.0380258689096072,0.0379504544570772,0.0379186145780031,0.0379660096562056,0.0381175521358278,0.0383772838759335,0.0387217788620835,0.0391008976854683,0.039448100138955,0.0396988849212572,0.0398119851313158,0.0397857647555089,0.0396630434594811,0.0395211652622883,0.0394492422701893,0.0395193612296942,0.0397614007911208,0.0401506976319003,0.0406137618225865,0.0410506289221063,0.0413657999894704,0.0414962245533182,0.0414264369629695,0.0411870777578636,0.0408402831348507,0.0404598162970233,0.0401133676237459,0.0398505022878385,0.0396957581579227,0.0396452398230947,0.0396667925789747,0.0397059612047932,0.0396996152973755,0.0395956541671978,0.0393726597282588,0.0390510351525184,0.0386891579202838,0.0383639019704639,0.0381418727866619,0.0380525941457475,0.0380753852452791,0.0381471822415862,0.0381903106507452,0.0381500557852693,0.0380257284788729,0.0378794097288242,0.0378149453701615,0.0379333409080568,0.0382832080970521,0.0388294750273115,0.0394568115757982,0.0400087548320123,0.0403469132058007,0.0404052316227257,0.0402165656701986,0.0399010958518043,0.0396221072588482,0.0395271402348293,0.0396968471644122,0.0401194605701591,0.0406983039928522,0.0412875936904966,0.0417422220669348,0.0419634221262684,0.041925227183637,0.0416749307477985,0.0413106673455778,0.0409466085806575,0.0406784958657672,0.0405595027520037,0.0405911893474116,0.0407293984487525,0.0409017606357543,0.041031719523192,0.0410628099939111,0.0409763070692112,0.0407963400963365,0.0405800491881654,0.0403957598627186,0.0402971689506107,0.0403034856499078,0.0403931246591494,0.0405130027346454,0.0405994420167114,0.0406027416371166,0.040506824975785,0.0403375755896627,0.0401572631085298,0.0400465744566076,0.0400793202631933,0.0402972201146385,0.0406926562077395,0.0412054712275302,0.0417359262588751,0.0421708914161691,0.0424159486505309,0.0424239598910482,0.0422114801346919,0.0418576974739106,0.0414851958942535,0.0412266026226157,0.0411852543276798,0.0414006623989228,0.0418298726959462,0.0423528829208377,0.0428038686601167,0.0430213014187194,0.0429019571296526,0.0424399025728779,0.0417344955914885,0.0409613754498666,0.0403142631541116,0.0399377119634356,0.0398762078306903,0.0400601692134103,0.0403355880089975,0.0405265411057384,0.0405059128994202,0.0402456449104169,0.0398259030630858,0.0393996514186736,0.0391279477320905,0.0391134974426422,0.0393601456026185,0.0397741339342235,0.0402047475463448,0.040505813072035,0.0405923413952926,0.04047069249866,0.0402329396301355,0.0400204482740487,0.0399721296347018,0.0401762500867527,0.040641312589366,0.0412938317701252,0.0420018695566028,0.042615606855448,0.0430118334943571,0.0431289761762413,0.0429829672347577,0.0426604809440412,0.0422926450685001,0.0420172708882075,0.0419399630789862,0.0421042954488749,0.0424790946460099,0.0429670143055291,0.0434331121637948,0.043745856643898,0.0438179333847549,0.0436330427660041,0.04324910094247,0.0427767879340621,0.0423416350591861,0.0420436197234933,0.041928153894495,0.0419770376934209,0.0421203036437258,0.0422631707295421,0.0423185768266951,0.0422353171898755,0.0420139817060821,0.0417066577121726,0.041400792536458,0.0411917656251451,0.0411517481280305,0.0413037376486626,0.0416090169433023,0.0419736493079909,0.042274962688073,0.0424026006310019,0.0423020250379135,0.0420041623944507,0.0416264606238895,0.0413394781496401,0.0413070224090218,0.041620882127999,0.0422565272138478,0.0430700143081312,0.0438405984771194,0.0443450217702921,0.0444363293366099,0.0440978254293881,0.0434519083813589,0.042719988098893,0.0421472251033962,0.0419183874225137,0.0420945556815838,0.0425934125273368,0.0432204422243845,0.043739709675843,0.0439579662669287,0.0437908103963151,0.0432869448477873,0.042603370304238,0.0419435172132046,0.0414837453053354,0.0413160665251361,0.0414262399013296,0.0417111953771325,0.0420249172311604,0.0422332210319028,0.0422576540896229,0.0420955849208894,0.0418135071818001,0.0415194615642815,0.0413255858668969,0.04131262092321,0.0415058344665848,0.0418678721339626,0.0423096871407078,0.0427165112395786,0.0429821619496293,0.0430424149098039,0.042897565216082,0.0426163921220228,0.0423185763041797,0.0421392150850486,0.0421854971768214,0.0424994509297116,0.0430400138250636,0.0436919548042875,0.0442999686106545,0.0447169622925497,0.0448500892419638,0.0446889380825349,0.0443070766117934,0.0438377746065791,0.0434330536929499,0.0432193004182574,0.0432620310389768,0.0435485304340307,0.0439920337955799,0.0444561513039458,0.0447937207811588,0.0448904403108852,0.0447012828613927,0.0442680981160741,0.0437108718723101,0.0431925325133304,0.0428661658978897,0.0428211198392553,0.0430475617576403,0.0434352267296034,0.0438110815308091,0.0440053072935324,0.0439213099914999,0.0435803681951809,0.0431193427808585,0.0427389470136435,0.0426223264815801,0.042858205885031,0.0434018422547618,0.0440905226317539,0.0447064257539734,0.0450598979781294,0.0450593151712942,0.0447414692278922,0.0442537558445175,0.043798057440166,0.0435589026521125,0.0436417021156761,0.0440410058215489,0.0446469705098172,0.0452850230333576,0.0457734413232993,0.0459793110686333,0.0458558186480967,0.0454513882605399,0.0448904896168999,0.0443338384547113,0.0439303718572336,0.0437745369227688,0.043880568067937,0.0441809908614194,0.044550023380942,0.0448450007576861,0.0449526924571482,0.044825115095873,0.0444927479076422,0.0440511148363902,0.0436263509586559,0.0433326328614985,0.0432363982967769,0.0433387155558658,0.0435799348886681,0.0438629808221745,0.0440861498755387,0.0441745554914164,0.0441012761588504,0.0438934395336832,0.0436230984271057,0.043386394429263,0.0432765992676336,0.0433573920021603,0.0436426398704199,0.0440881572696086,0.0445991050265436,0.0450534395120127,0.0453372237104189,0.045382715472106,0.0451968613551137,0.0448682469679997,0.0445459036808219,0.0443929341840988,0.044528631188174,0.0449799702939088,0.045662827613667,0.0464036637297789,0.0469967388278767,0.0472767493316931,0.0471791979832398,0.0467647326742865,0.0461976645629503,0.0456868203702288,0.045411195729632,0.0454580081813079,0.045795303774427,0.0462879442019651,0.0467498090062947,0.0470121453801526,0.0469827150614564,0.0466746121157423,0.0461957492037703,0.0457051998395008,0.045354602806239,0.0452368923224786,0.045359710546592,0.0456500613240382,0.0459852386302452,0.0462371934198785,0.0463150753856268,0.046193035192347,0.0459157682591285,0.0455810918779184,0.0453056727411722,0.0451852615506881,0.045262671725464,0.045514169668018,0.0458585108469297,0.0461849277683221,0.046390026886478,0.0464110409778389,0.0462447485395798,0.0459465617649976,0.0456109092318405,0.0453400496835928,0.0452120266437965,0.0452583718736716,0.0454582705591157,0.0457496192279116,0.0460513570961513,0.0462882558135551,0.0464101660679513,0.0464015345854263,0.0462813353947692,0.0460960911066439,0.0459087115099237,0.0457846336012411,0.0457761509232794,0.0459069636265145,0.0461611845777106,0.0464822633532086,0.0467856115972818,0.0469838451697219,0.047017411249016,0.0468791808509707,0.0466220913893203,0.0463446426996803,0.0461577990895534,0.0461447875708972,0.0463288654616276,0.0466617977571774,0.0470384740163572,0.047333560291556,0.0474476855818786,0.0473463349182515,0.0470761663610829,0.0467509835052766,0.0465109791085154,0.0464699460735918,0.0466710247078476,0.0470689640248597,0.0475463306917479,0.0479571260327088,0.0481802412345234,0.0481619392919215,0.047931989016265,0.0475890953244321,0.0472628583868117,0.0470672761446101,0.0470625724471997,0.0472380096615274,0.0475202064800868,0.0478022775101952,0.0479821118387983,0.0479958475349008,0.0478357178412769,0.0475482172776243,0.0472157211254893,0.0469293561642036,0.0467619739403383,0.0467484000785518,0.0468773488865215,0.0470964979670754,0.0473292649832404,0.0474987426866575,0.0475517150030314,0.0474750393383648,0.0472988577963995,0.047085594402022,0.0469086789039642,0.0468283547933884,0.0468726204720101,0.0470293606184121,0.0472518789399729,0.0474755171529622,0.0476392320221021,0.0477043594224103,0.0476642322121263,0.0475424009376932,0.0473819848846126,0.0472316690590708,0.0471336391742625,0.0471159663142552,0.0471888742871026,0.0473431343177868,0.0475500472336431,0.047764616988669,0.0479343014336194,0.0480137954719339,0.0479823275573434,0.0478563453973522,0.0476899631624707,0.0475594648249382,0.0475353508932588,0.0476524854316519,0.0478918278822874,0.0481836548585952,0.0484330524767865,0.0485579742925102,0.0485236372897084,0.0483579861246191,0.0481411053301214,0.047972895190283,0.0479326948291214,0.0480477429306272,0.0482833082579773,0.0485580071278428,0.0487772716239025,0.0488705482487692,0.0488167321668086,0.0486480935002036,0.0484329049235106,0.0482463132397157,0.0481430862551141,0.0481429473939337,0.0482315196289621,0.0483722445004263,0.0485212312331633,0.0486387816691046,0.0486958264696713,0.0486769972520985,0.0485824681582802,0.0484287462947842,0.0482466712995602,0.0480749198260679,0.0479493968131726,0.0478915850830595,0.0479004773117955,0.047952134343609,0.0480082456249162,0.0480312350145248,0.0480000289408633,0.0479193954626811,0.0478179670374463,0.0477352145878494,0.0477033193275854,0.0477328246399255,0.0478091324525145,0.0479011454736613,0.0479769706560633,0.048018315775048,0.0480267419752698,0.0480199929490565,0.048021965456569,0.0480524959771369,0.0481219526549224,0.0482318479900635,0.0483788094077729,0.0485575479415558,0.0487598723682348,0.0489704149542796,0.0491632568380044,0.0493045367120523,0.0493632179898756,0.0493267135418332,0.0492133191258984,0.0490728452006956,0.048971710363358,0.0489669215432842,0.049080283353513,0.0492856178112297,0.0495164300889851,0.0496918230182181,0.0497494682529265,0.0496707348184031,0.0494865847498326,0.0492618522570773,0.0490656007175896,0.0489415034616317,0.0488916733043909,0.0488805085125763,0.0488554693354688,0.048774027785015,0.0486239027070213,0.0484277333904597,0.0482311834071398,0.048081156552705,0.0480048379931318,0.0479990903110878,0.0480342191125196,0.0480690725448934,0.0480693172134162,0.0480200677098008,0.0479280459918058,0.0478146590948166,0.04770597838409,0.0476258025093266,0.0475940505106203,0.0476278632705798,0.0477407739233183,0.0479376031945453,0.0482073679055108,0.0485196554787391,0.048829000134181,0.0490873335282584,0.0492596689493022,0.0493360196881361,0.0493342650769164,0.0492929277425723,0.0492571572106788,0.0492636723988863,0.0493302916388198,0.0494533497231685,0.0496128126574052,0.0497816984975812,0.0499349891158716,0.0500543864751279,0.0501284059245391,0.0501503893573185,0.0501178811116015,0.0500347841378438,0.0499143776072215,0.0497793490005612,0.0496562193082967,0.0495652821797318,0.0495108753723993,0.049477846835774,0.0494375655245969,0.049361991433139,0.0492396553732323,0.0490853476466456,0.048937227156983,0.0488406044033041,0.0488246442975004,0.0488832083100404,0.0489707924687977,0.0490181173945038,0.0489620243350923,0.0487761702202516,0.0484874732917614,0.0481696704828162,0.0479164096934394,0.0478060136741063,0.0478733663208971,0.0481000619119972,0.0484249369299346,0.0487683028654209,0.0490586716910016,0.0492518209515225,0.0493371508682901,0.0493323595229005,0.0492716014814545,0.0491930970139141,0.0491301313023943,0.0491063515645552,0.0491341413075852,0.0492144801231892,0.0493375893027265,0.0494846407426691,0.0496310213921072,0.0497510894942344,0.0498235796339031,0.0498363084077784,0.0497887697025473,0.0496916011617213,0.0495627975021311,0.0494218509337149,0.0492841709236237,0.0491582907108808,0.0490469986911554,0.0489512286499556,0.0488738473413612,0.0488207328600389,0.0487986476540007,0.0488117500293839,0.0488593064441771,0.0489357925504501,0.0490324330291667,0.0491382652859433,0.0492398378666008,0.049320681394403,0.0493628421477771,0.0493519070595031,0.0492845507450733,0.0491753046785012,0.0490584894878598,0.0489825812668224,0.048997179843289,0.0491360879612925,0.0494024797419787,0.0497625268246083,0.0501515036289384,0.0504917736315021,0.0507169509444916,0.050793374417662,0.0507305813111296,0.050576684820065,0.0504005599396033,0.0502678433131251,0.0502198493569674,0.0502629208017096,0.0503712781467525,0.0505009502308144,0.0506080762039437,0.0506635959182866,0.050658701368787,0.050600290093646,0.0505005511658582,0.0503671645253093,0.050199310615555,0.0499908072030409,0.0497376382740849,0.0494451262087025,0.0491307523776206,0.0488212760887773,0.0485456993331576,0.0483273834108414,0.0481786373958586,0.0480995808864408,0.0480808699025539,0.0481081118258428,0.0481654412229339,0.0482369606696795,0.0483067152982118,0.0483591585925208,0.0483817215724701,0.0483693605383423,0.048329097605192,0.0482818890932744,0.0482600534446896,0.0483003137528663,0.0484342366959993,0.0486788185169176,0.0490300498441556,0.0494615762323698,0.0499291654537348,0.0503798946275143,0.0507634678755562,0.051042641687054,0.0512005430901636,0.0512439757576071,0.0512025717635503,0.0511235644449758,0.051061888047361,0.0510664118074607,0.0511654543263109,0.0513567626754139,0.0516068346846606,0.0518610987561814,0.0520615724489037,0.0521650399380943,0.0521546397863563,0.0520409990471122,0.0518537246091414,0.0516277756264868,0.0513905820530571,0.0511546997609128,0.0509181282998288,0.050671249114078,0.05040674402274,0.0501277642710559,0.0498505357153901,0.0496001726586644,0.04940155666043,0.0492692785259454,0.0492009391027853,0.0491766045531295,0.0491647068411393,0.0491322028036198,0.049055248695312,0.0489265865016687,0.0487573499106078,0.0485734549619631,0.0484089047326461,0.0482989963078918,0.0482752602502996,0.048361941737989,0.0485725500285542,0.0489054910491726,0.0493396933343678,0.0498329499202068,0.0503259351950012,0.050753064553499,0.0510583469199579,0.0512116025635469,0.0512192264274083,0.051124779947357,0.0509979431265076,0.0509146812628038,0.0509350892951373,0.051086484977644,0.0513572048136225,0.0517022067992474,0.0520572517567117,0.0523561932431482,0.052546321647799,0.0525987088566262,0.0525124847640571,0.0523131130137179,0.0520453071616817,0.0517619229266624,0.0515111530500176,0.0513251340019424,0.0512130356280118,0.0511606937814139,0.0511371616452286,0.0511065775744519,0.0510418157078539,0.0509350786245075,0.0508008425423993,0.0506690785247925,0.0505709495400642,0.0505232100764426,0.0505188157938183,0.0505286049658318,0.0505135640593854,0.0504421069057216,0.050304732621223,0.050120176119164,0.049931315783739,0.0497932492730918,0.0497582457860652,0.0498622616312961,0.0501160866244844,0.0505021756944684,0.0509768156350543,0.0514768540105291,0.0519303971333314,0.0522708067185622,0.0524523094299704,0.0524637718098043,0.0523358688380136,0.0521374213009541,0.051959640995637,0.0518914515106917,0.0519929566824298,0.0522756505295892,0.0526963471226735,0.0531676000487209,0.0535819986206951,0.0538429438563944,0.0538920320196471,0.0537241586374897,0.0533858380871316,0.0529583704346093,0.0525327022140518,0.0521848470766071,0.0519590579160559,0.0518620383997861,0.0518675823871803,0.0519285935789757,0.0519925417053456,0.0520163880929536,0.0519774484362893,0.0518776849514348,0.051740668083677,0.0516025039962211,0.0514995913842904,0.0514566552328693,0.051478266274512,0.0515463999465216,0.0516255287959187,0.051674880825116,0.0516647855985696,0.0515914559309399,0.0514838142159815,0.051398207047308,0.051401510001,0.0515480667534035,0.0518587161483573,0.0523095996017856,0.0528349717921654,0.0533434558181241,0.0537428602993463,0.0539661116883012,0.0539906758668943,0.053845955970077,0.0536067550675043,0.0533747140270192,0.0532525087193494,0.0533169980873271,0.0535976250173071,0.054065527440647,0.0546370210207921,0.0551921215674558,0.0556047286509442,0.0557770164638736,0.0556681208525448,0.0553077614823857,0.0547893193929496,0.05424315613258,0.0537977177858095,0.0535408808228701,0.0534949005891032,0.0536141058232986,0.0538060788685183,0.053967738146777,0.0540218715540685,0.0539402924474321,0.0537465373236408,0.0535001694077479,0.0532715608354224,0.0531177102983678,0.0530667119449712,0.0531136438279226,0.0532265703058638,0.0533591816782681,0.0534660138647854,0.0535164719805174,0.0535045917395359,0.0534524476025486,0.0534062095493347,0.0534249944283273,0.0535640579768586,0.05385577552095,0.0542938931526316,0.0548274040556188,0.0553686313797413,0.0558154033903911,0.0560813147137978,0.0561239468317279,0.0559608914366219,0.0556676251804471,0.0553576968862659,0.0551514920108314,0.0551429894324468,0.0553738484303226,0.0558214919094421,0.0564037863465515,0.0569987154495653,0.0574740917063687,0.0577203543499367,0.057678877290354,0.0573587908122571,0.0568371742732261,0.0562409044801053,0.0557133646393777,0.055374471196571,0.055285903492243,0.0554329959564122,0.0557299749778674,0.0560476444155595,0.0562550672075336,0.0562619409471397,0.0560477758577134,0.0556678770456064,0.055233564641045,0.0548729778593895,0.0546861807537469,0.05471097570514,0.0549121416978104,0.0551978330197208,0.0554563315663267,0.055598793949302,0.055592073302338,0.0554702447297571,0.0553217559563957,0.0552577849730706,0.055373449078807,0.0557151997957901,0.0562647783308704,0.0569438027081533,0.0576359760479464,0.0582188405686706,0.0585955593340935,0.058718989201409,0.0586034690273626,0.0583225520417886,0.0579929590237145,0.0577470919530961,0.0576991916565563,0.0579131033131103,0.0583809978851137,0.059020755419186,0.0596948205583115,0.0602465884342071,0.0605441859359937,0.0605183087705513,0.0601820609149619,0.059626413731741,0.0589930320535735,0.058433649238028,0.058068947404852,0.0579587942100334,0.0580908296042421,0.0583883684100035,0.0587337266122719,0.0590003184262838,0.0590858688433046,0.0589392335239565,0.0585744690792525,0.0580681583964381,0.0575395703325755,0.0571175317208616,0.0569020598798683,0.0569317651649716,0.0571684380797728,0.0575067267740165,0.0578090427575798,0.0579557440819467,0.0578925652744959,0.0576559366371186,0.0573642828927147,0.0571769699875109,0.0572360282066174,0.0576127948664859,0.0582793079086437,0.0591143450226578,0.0599411586162252,0.0605832418321635,0.0609192453109935,0.0609195117602688,0.0606535709290771,0.0602677083407727,0.059940948857867,0.0598334607638758,0.0600421254236973,0.0605745421871244,0.061347040983327,0.0622062780427623,0.0629687488773075,0.0634685095135276,0.0636010964864438,0.0633519358671435,0.0628010133325344,0.0621017797409728,0.0614395391704725,0.060980688725598,0.0608272212337169,0.0609897961719439,0.0613874748544392,0.0618741842303608,0.0622835663372457,0.0624780659875037,0.0623871611295697,0.062023857733691,0.0614760830208627,0.0608774063335816,0.0603670090582137,0.0600508174566467,0.0599743252421624,0.0601137054964932,0.0603865129662265,0.0606780300246554,0.0608755624203976,0.060901627506998,0.0607378404644614,0.0604334923248435,0.0600956360180245,0.0598610917259574,0.059855574107427,0.0601505211056613,0.0607318628017088,0.0614939613111415,0.0622649099951414,0.062858115469115,0.0631341482829251,0.063051229219097,0.0626852724396465,0.0622105219193939,0.0618457878485661,0.0617838687167552,0.0621281236581802,0.0628577891092824,0.0638333482230216,0.0648391152671751,0.0656477877056534,0.0660856374083664,0.0660788058158448,0.0656690063194028,0.0649970562307737,0.0642614476806098,0.0636645377232777,0.0633604786124842,0.0634173363920354,0.063801923717299,0.0643906298675709,0.0650037427391319,0.0654551379535153,0.0656046942078987,0.0653987634578154,0.0648859911609422,0.0642023558805692,0.0635290824448705,0.0630366084627801,0.0628329896382681,0.0629335928307426,0.0632612601635335,0.0636755628337864,0.0640203605211619,0.0641737199472665,0.0640845535178321,0.0637855359298311,0.0633799549084444,0.0630083090467205,0.0628058954057107,0.0628638056180569,0.0632031513750494,0.0637679493633413,0.0644378328361918,0.0650581802448609,0.0654817491302206,0.0656121874028907,0.065437106368161,0.0650390216563431,0.0645777927082201,0.0642471173545311,0.0642168063647109,0.0645782472762319,0.0653105133207224,0.0662790340513762,0.0672692917482484,0.0680471754654814,0.0684284714067145,0.0683356984607027,0.0678233700327415,0.0670626013443048,0.0662895501682321,0.0657343467141367,0.0655533316161405,0.065785601720573,0.0663462430043315,0.0670565870069288,0.0677004384086477,0.0680879971538757,0.0681081685497743,0.0677550425463287,0.0671232980346813,0.0663766760451667,0.0657003772418669,0.0652509026584916,0.0651159322788328,0.0652935907402113,0.0656958479824988,0.0661752900702468,0.0665686293005911,0.0667453542552761,0.0666475753235834,0.0663087163874395,0.0658443387825128,0.0654167288080545,0.0651834992949354,0.0652464259811187,0.0656175405873959,0.0662141750326459,0.0668847224925688,0.0674561687283275,0.0677873574362162,0.0678111358164864,0.0675535305473274,0.0671260356399578,0.0666946546309578,0.0664345796837079,0.0664819859029801,0.0668947592339011,0.0676322572921367,0.068560360425108,0.0694823300687471,0.0701892899620121,0.0705180523421077,0.0704003456072604,0.0698879059063118,0.0691432939221594,0.0683961213773649,0.0678759875879759,0.0677425645578134,0.0680357748302036,0.0686631064424253,0.0694286667822031,0.0700943625142027,0.0704530091032744,0.0703898776132169,0.0699138600131991,0.0691499673579651,0.0682974412254262,0.067568178790473,0.0671252369725877,0.0670396704097906,0.0672769710574385,0.0677147259036095,0.0681840424192777,0.0685212887325486,0.0686149347916552,0.0684347442445396,0.0680363093877897,0.0675412304179007,0.0670999234960616,0.0668481413250895,0.066868946266382,0.067169615614689,0.0676790330821872,0.0682664957942467,0.068777897939408,0.0690803644268587,0.0691028939980635,0.0688603467216631,0.068452317046261,0.0680361368087849,0.0677815858444343,0.0678206542391826,0.0682070855507214,0.0688975048448137,0.0697599386889976,0.070608022778785,0.0712518549918703,0.0715512578783356,0.0714560440987309,0.0710214902610369,0.0703944913393209,0.0697742019813916,0.0693577392422128,0.0692852323212355,0.0695988547636698,0.0702275957807263,0.0710035704271802,0.0717072807221322,0.072130294235494,0.0721372851912409,0.0717081259326324,0.0709458786940053,0.0700468566558667,0.0692411599475808,0.0687221841282542,0.0685879419187814,0.0688136690095805,0.069264729850347,0.0697447880770163,0.0700618902512744,0.0700894442752017,0.0698021524614803,0.0692770520777929,0.068662415927821,0.0681274453199628,0.0678102363469785,0.0677797986581703,0.0680215599868885,0.0684476275387616,0.0689260058081301,0.0693189457915815,0.0695200183605339,0.0694813811938046,0.0692256364707676,0.0688398558992329,0.0684528176011854,0.0682003847036778,0.068187581065446,0.0684577771301792,0.0689781510507135,0.0696461941986663,0.0703159437490593,0.0708369607449272,0.0710955132978948,0.0710467396094897,0.0707287706670247,0.0702544025703259,0.0697819145877759,0.069472463298906,0.0694453996704075,0.0697436579782011,0.0703189062562449,0.0710412015660344,0.0717316475376561,0.0722102948434829,0.0723466954097072,0.0720986792912478,0.0715272195459796,0.0707816068656411,0.0700579007989341,0.0695420272950744,0.0693542451486546,0.0695122179654091,0.0699251140003093,0.0704219451601635,0.0708061935724494,0.0709193535086154,0.0706921432093112,0.0701659009171517,0.0694770391907632,0.0688104382785666,0.0683382856353998,0.0681653079773916,0.0682983821151296,0.0686495591639303,0.0690698353375028,0.0694006191604996,0.0695244986520706,0.069398559803126,0.069061224931819,0.0686137356835911,0.0681855107627217,0.067895796397444,0.0678223784577157,0.0679839029303229,0.0683379943351843,0.0687940051838796,0.0692367641499145,0.069555789759164,0.0696732762957226,0.0695642383782765,0.0692637646839452,0.0688591410010879,0.0684681417495106,0.0682084226822091,0.0681658085244748,0.0683702530800864,0.068786533243482,0.0693225496745508,0.069852925524961,0.0702513829389035,0.0704234172347018,0.0703311482831294,0.0700042252737283,0.0695336776156852,0.0690493603192956,0.0686857714974621,0.0685446292346098,0.0686644292980981,0.0690063049787232,0.0694617403532111,0.0698817806225692,0.0701207262351159,0.0700817798091429,0.0697498743570403,0.0691995929901379,0.0685737110535541,0.0680381576833394,0.0677281318497215,0.0677039106605012,0.0679318276793868,0.0682970972435674,0.0686439270007242,0.0688287673546954,0.0687680195449915,0.0684637631980345,0.0679993451298853,0.0675078338470684,0.0671258925701885,0.0669497716558139,0.0670076833316767,0.0672556393953365,0.0675954306927499,0.0679069631104329,0.0680841548848976,0.0680640021045277,0.0678414240950208,0.0674670707461664,0.0670301859746027,0.066632504040753,0.066360921847035,0.0662660819947115,0.0663516532815776,0.0665760142856058,0.0668650309034742,0.067132146105052,0.0673004683758833,0.0673213582377447,0.0671852801804262,0.0669229370732956,0.0665970734088882,0.0662871494498302,0.0660702241863066,0.0660020309892069,0.0661024075947681,0.066348683967616,0.0666791486191263,0.0670065431020262,0.067239206844254,0.0673054335858247,0.0671750462493286,0.0668715892947175,0.0664697369501443,0.0660762278802356,0.0657983416582907,0.0657094481097779,0.065823621694149,0.0660890079686754,0.0664032184643829,0.066646167695914,0.066719553508388,0.066579742603192,0.066252805663092,0.065826217186659,0.0654196139773182,0.0651444488691617,0.0650665683836107,0.0651847952658451,0.0654326916430667,0.065702198536932,0.0658802199803066,0.0658852506359719,0.0656919218553358,0.0653361464235457,0.0649004352836946,0.0644855048786651,0.0641782917614498,0.0640267259572834,0.0640283719723723,0.064134949856507,0.0642698477522302,0.064352467992481,0.0643220487144528,0.0641542985879208,0.0638664919953336,0.0635101934873445,0.0631546207783824,0.0628664338008206,0.062692294007094,0.0626487809383269,0.0627212592382055,0.0628705049140984,0.0630442044437175,0.0631899068464891,0.0632663481281366,0.0632510463407865,0.0631434237241541,0.0629639126041078,0.0627499258932346,0.0625491485244256,0.0624101107591457,0.0623704757635686,0.0624451415597186,0.0626180759435845,0.0628421606354811,0.0630493319666909,0.0631695376610574,0.0631531347721733,0.062989090990609,0.0627118124773299,0.0623927477051333,0.0621182458776283,0.0619606544100305,0.061952969643737,0.0620766839188847,0.0622676949880967,0.0624382233162755,0.0625066712207427,0.0624247203119594,0.0621924239980177,0.0618566240783308,0.0614938393464224,0.0611839009520842,0.0609834662994779,0.0609082261960099,0.0609292787735629,0.0609841134259429,0.0609979099109793,0.0609080198239346,0.0606840860604381,0.0603378720450865,0.0599198709282944,0.0595036037315038,0.0591624580382488,0.0589466972826003,0.0588684827907108,0.0588998922912287,0.0589840600900569,0.0590548722917435,0.0590580741903911,0.0589668854934943,0.0587877073554809,0.0585550973532796,0.0583187200998988,0.0581273955105775,0.0580158069741732,0.0579976670149855,0.058065999187742,0.0581983371739441,0.0583635262107568,0.0585276908840401,0.05865876438412,0.0587303254504526,0.0587255870177675,0.0586414454875911,0.0584913203165364,0.0583048623578285,0.0581229571466513,0.057987896660235,0.0579307616944539,0.0579600274960887,0.0580560251320902,0.0581744623064755,0.0582590507914099,0.0582596620386035,0.0581498608975411,0.0579372320193297,0.057661946050517,0.0573830731826053,0.0571570081980191,0.0570160909024786,0.0569561000328185,0.0569379423820603,0.0569028316192884,0.0567945376075061,0.0565797844548136,0.0562595173898736,0.0558680940380858,0.0554619614512543,0.0551022499809378,0.0548366285273003,0.0546853206376745,0.0546349315055687,0.0546418504283913,0.0546445980127873,0.0545820240200209,0.0544124000871448,0.0541277682837384,0.0537587322738537,0.0533672996168813,0.0530290869999436,0.0528101624801382,0.0527463465592667,0.0528324024723402,0.053024959361746,0.0532576982663245,0.0534627362912914,0.0535902731609676,0.0536199699665122,0.0535613019418422,0.0534445572702643,0.0533074557514556,0.0531832278502951,0.0530941241891672,0.0530507805803543,0.053054741880589,0.0531006482357076,0.0531764110322714,0.0532625378262244,0.0533333098745778,0.0533616146567953,0.05332668342481,0.0532216965950959,0.0530576606212068,0.0528612617553958,0.0526667144651194,0.052503962649642,0.0523872581227493,0.0523085802766817,0.0522391194367137,0.0521391708631474,0.0519732462672952,0.0517246539558494,0.0514036131272303,0.0510453757629365,0.0506987654452019,0.0504092994299982,0.0502031292582759,0.0500776551306378,0.0500020396962832,0.0499270834373606,0.0498006618488982,0.0495835208145098,0.0492609593389231,0.0488478880734729,0.0483866480200492,0.0479381903433305,0.0475681067147321,0.0473301514195529,0.0472512121359854,0.0473222655901976,0.0474988161749669,0.047711662692268,0.0478855164779867,0.0479602367142565,0.0479081732634428,0.04774180474818,0.0475086446553778,0.0472747474592367,0.047102602815975,0.0470316398038393,0.0470684328324072,0.0471893076898019,0.0473526316151591,0.0475144540024004,0.0476409572872799,0.0477139613971245,0.0477296213769302,0.0476934000117479,0.0476151459007496,0.0475066348104617,0.0473813194026817,0.0472539886785098,0.0471380133898615,0.0470400222753454,0.0469547365387222,0.0468640123584873,0.0467425333718967,0.0465687884222513,0.0463363942886876,0.046059863235911,0.0457712553711222,0.0455084702712473,0.0452999224374406,0.0451521124996788,0.0450454512221238,0.0449402015913951,0.0447901288832228,0.0445583328096598,0.0442292447022271,0.0438130223846821,0.0433421445343741,0.0428628283764618,0.0424246841104681,0.0420710605834627,0.0418311700169465,0.0417144390271621,0.0417077275204219,0.0417764039252172,0.0418700866339592,0.0419329650599127,0.0419171996384196,0.0417963462435326,0.0415746476422433,0.0412882134709355,0.0409961990426661,0.0407637568845618,0.0406422038158199,0.0406534989111622,0.0407846598065275,0.0409937839050072,0.0412248244648778,0.0414252230324282,0.0415600119086707,0.0416179845826608,0.0416090139904772,0.0415551238608431,0.0414799984526792,0.0414013497357915,0.0413282316596986,0.0412624606638465,0.0412015322994376,0.0411406821601916,0.0410734596533039,0.0409919183432146,0.0408880428020799,0.0407570466698627,0.040601360007277,0.040432646379304,0.040269183417552,0.0401279274204595,0.0400139213661862,0.0399125085086602,0.0397898674307384,0.0396038146693371,0.0393212142255996,0.0389340660447434,0.0384663027983782,0.0379677500900796,0.0374979825100347,0.0371073304947508,0.0368228458812179,0.0366438894614492,0.0365472651917261,0.0364979421488469,0.0364599871279596,0.0364036646642363,0.0363077457080453,0.0361590551983001,0.0359524001347806,0.0356926361114721,0.03539782227089,0.0351002796444833,0.0348425365540442,0.0346676249197514,0.0346064572454067,0.0346671384221044,0.034830889411395,0.0350568357140144,0.0352942862577601,0.0354978712881077,0.0356395860551775,0.0357132440999145,0.0357305238341892,0.0357117493833068,0.0356765276732715,0.0356383512591154,0.0356042255733383,0.035577441787653,0.0355605080876564,0.0355561689309455,0.0355662981704409,0.0355899393789194,0.0356221774083076,0.0356548593663886,0.0356788875212026,0.0356865918371537,0.0356723644435513,0.0356307708357153,0.0355533262353656,0.0354267233970381,0.0352351476299534,0.0349671213679155,0.0346242695688125,0.0342274002511347,0.0338157012558758,0.0334376417381004,0.0331360538391332,0.0329330297693876,0.0328211186330564,0.0327651590697537,0.0327146083909698,0.0326214362485782,0.0324560445798842,0.0322147875086982,0.0319169430541416,0.031594022807601,0.0312773650648524,0.0309896861128963,0.0307432947712394,0.0305439085510233,0.0303963728749934,0.0303081571537037,0.0302882627794078,0.0303421340583418,0.0304657206227826,0.0306425254415722,0.0308458350725114,0.031045379953048,0.0312152980505333,0.0313399053638245,0.0314153907837684,0.0314478596564485,0.0314496928858927,0.0314363212935644,0.031424527642238,0.0314320020138552,0.0314768005110437,0.0315751638787313,0.0317371335378577,0.0319612177345817,0.0322308888142867,0.0325156265151481,0.03277718462971,0.0329789034437491,0.0330941933170253,0.0331110040572493,0.0330316206644218,0.0328696220033589,0.0326466307262997,0.0323902958607423,0.0321329045338403,0.0319086686257515,0.0317480437393902,0.0316693363190207,0.0316703223371287,0.0317241382458982,0.0317830632899885,0.0317908161381208,0.0316999242630848,0.0314877802255349,0.031164930415343,0.0307721138383153,0.0303670953107461,0.0300062963745444,0.0297280424705318,0.0295434137948955,0.0294376445146929,0.0293808563219437,0.0293432031932509,0.0293078715894308,0.0292766952084336,0.029266793204559,0.0293006955740947,0.0293948204440351,0.0295510417842235,0.0297540907500988,0.0299750635463547,0.0301794240026166,0.0303369044527814,0.0304305080048782,0.0304622568329524,0.0304542771723687,0.0304449760629967,0.0304810846368277,0.0306070575630994,0.0308538486858576,0.0312295298940106,0.0317143514211727,0.0322622179323207,0.0328090202646829,0.0332862480580244,0.0336365975276477,0.033827518467073,0.0338590448887218,0.033763728935302,0.0335987183974148,0.0334323338305239,0.033328974690568,0.0333360882328673,0.0334754350142219,0.0337391221723819,0.0340900970035792,0.0344672096958392,0.0347954862309805,0.035001538172207,0.0350317928403464,0.0348686752048143,0.0345388450369686,0.0341091869825223,0.0336701325692596,0.0333105748046873,0.0330922377522409,0.0330323127510467,0.0331007565566018,0.0332334574710551,0.0333564743572434,0.0334123480096216,0.0333789790985033,0.0332748617899097,0.0331498632585642,0.0330658515793809,0.0330744757847881,0.0331996370187922,0.0334300112096608,0.033723350946529,0.0340204758378267,0.0342641185520111,0.034416903957436,0.0344736192601868,0.0344648116740574,0.0344508273648227,0.0345073822645799,0.0347056945729976,0.0350919493531007,0.0356717409089373,0.0364043975647685,0.0372096048176749,0.0379852456002617,0.0386320643081611,0.0390786710126443,0.0393001142662804,0.0393248880271657,0.0392284361319106,0.0391150299181736,0.0390929854869798,0.0392494842749604,0.0396306186132767,0.0402304875614544,0.0409911949831142,0.0418138537860708,0.0425789575542402,0.0431725313107193,0.0435126602246875,0.0435700984718757,0.0433773158675371,0.0430226367948192,0.0426296579741606,0.0423261899678962,0.0422105511849672,0.0423248627772215,0.0426438828552366,0.0430836296239288,0.0435277658189901,0.043863733809909,0.0440172366712882,0.043974114833996,0.0437827947478924,0.0435368957228598,0.0433441471028365,0.0432922087768948,0.0434226428187621,0.0437209254411864,0.0441245003909246,0.0445449506367323,0.0448965639309335,0.0451227053825388,0.0452129778906933,0.0452071043181744,0.0451849226367525,0.0452452316661109,0.0454788817395596,0.0459429012716699,0.0466422785987569,0.0475243868176146,0.0484882986323932,0.0494077583380461,0.0501628495222182,0.0506723316700494,0.0509174901885247,0.0509501003116107,0.0508815411215789,0.0508556923449058,0.0510129256672202,0.0514547180685739,0.0522177722672711,0.0532636589185018,0.0544860219706272,0.055733435558413,0.0568428713938497,0.0576767640401462,0.0581558045876662,0.0582798010436731,0.0581305175136889,0.0578538505374836,0.0576239850589582,0.0575980132702195,0.057873567615577,0.0584621744625672,0.0592867169366191,0.060204054582603,0.0610461420659014,0.0616674854953512,0.0619850603999211,0.0619992665393428,0.0617903505648747,0.0614922194474259,0.0612522956946076,0.0611898180150372,0.0613646893267061,0.0617650823791601,0.0623161225173854,0.0629059585097143,0.0634209665811576,0.0637797576751005,0.0639565304473343,0.0639878079179314,0.0639615362945559,0.0639922786994977,0.0641894738745766,0.0646269443307774,0.065321228662281,0.0662242721757463,0.0672328366836931,0.0682130647650692,0.0690347028652925,0.0696065921856248,0.069904090531734,0.0699805108142989,0.0699583001901039,0.0700008673991167,0.070271487663311,0.0708899090741545,0.0718985390480509,0.0732477028337004,0.0748042014925305,0.076381143087068,0.0777817474628497,0.0788466840199992,0.0794937303007538,0.0797399753763132,0.0797002792818,0.0795609534039687,0.0795338333411695,0.0798016097291883,0.0804687034871359,0.0815316760171451,0.0828786062730264,0.0843188249410946,0.0856351004240135,0.0866430147545846,0.0872397770795485,0.0874282773567985,0.0873104541505799,0.0870538010503853,0.0868425324180132,0.0868282827352646,0.0870938039291555,0.0876380841059825,0.0883846141744045,0.0892082984493031,0.0899723938647841,0.0905655624888675,0.0909302744341815,0.0910764698426039,0.0910777830014291,0.0910513835583814,0.0911262991522448,0.0914082053218982,0.0919499826806954,0.0927360763310081,0.0936850887067869,0.0946702664608342,0.0955529954425628,0.0962210921099894,0.0966221371076794,0.0967827192888962,0.0968074343872961,0.0968564399243518,0.0971061414838413,0.0977025242178921,0.0987192739310814,0.100132354209313,0.101819091903362,0.10358374725327,0.105204372817905,0.106489443198508,0.107329281169355,0.107727985412062,0.107806323774199,0.107773585796131,0.107874703453008,0.108325951555258,0.109256345159415,0.110671112044453,0.112448054555768,0.114368493358671,0.116174483808539,0.11763628678116,0.11861111537992,0.119076876135233,0.119132157883951,0.11896381864612,0.118793013890715,0.118816259207945,0.119158233512721,0.119847815311133,0.120820743401409,0.121944599335335,0.123056986564875,0.124006502450064,0.124687499704724,0.125062313251676,0.125167542064117,0.125103741727385,0.125010588180822,0.125032352862256,0.125281147287165,0.125807026820665,0.126583538407868,0.127513944335946,0.128457672470977,0.129270369549068,0.129846561126681,0.130152887919186,0.130242340477946,0.130244889304791,0.130336025850123,0.130690614312459,0.13143376986217,0.13260202320771,0.134126133992578,0.135841844459037,0.137527794100213,0.138962390837048,0.139985393467158,0.140547026782414,0.140729120218905,0.140729580237075,0.140812162352115,0.141234673652552,0.142176261836584,0.143685338729621,0.145663555439717,0.14789033755229,0.150080515719949,0.151958268221042,0.15332655782211,0.154113425287249,0.154383926750313,0.154316623090569,0.154153129073323,0.154135596647357,0.154448762057096,0.155180427330155,0.156308208411645,0.15771300506865,0.159213117252538,0.160609025026621,0.161728200241359,0.162461173591119,0.162782935095019,0.162756480491735,0.162517857499135,0.16224498282788,0.162115987180111,0.162266115760118,0.162753845639142,0.163545720505621,0.164525237304334,0.165524813860161,0.166373115743881,0.166944929485518,0.167199230635205,0.167193980527409,0.167072762741668,0.167026485784888,0.167240431533926,0.167840979748036,0.168856615363324,0.170204515710821,0.171707857462993,0.173141125128831,0.174292777659676,0.175028673594045,0.175337666653044,0.175344067054912,0.175280189945451,0.175424169042406,0.176020021532002,0.177204163595997,0.17896174852531,0.181126904433066,0.183426515943249,0.185553302078208,0.187245769198744,0.188352427437554,0.188864299663556,0.188909968462581,0.188717655782817,0.188556440833311,0.188672251783909,0.189233520818763,0.190297332954942,0.191801248339422,0.193580441424832,0.195405362639981,0.197031965307703,0.198254548764273,0.198950600561337,0.199108096876981,0.198828800045898,0.198305900239999,0.197780048399189,0.197483205409693,0.197583395969926,0.198144124506954,0.199109226978265,0.200317768948135,0.201545887237132,0.202565377692189,0.203204228861808,0.203393308830885,0.203186380712979,0.202747153294327,0.202305831273152,0.202096299134118,0.202290962450443,0.202951432180874,0.20400931068133,0.20528349753812,0.206530681308912,0.207516251827596,0.208086072864799,0.208217653422909,0.20803373818054,0.207771835755547,0.207716914244691,0.208116847063663,0.209106604768992,0.210665003389126,0.212617508339944,0.214683726132327,0.216554170865897,0.217972686712346,0.218801045403011,0.219049713408885,0.218869899744856,0.218512478462828,0.218266360362824,0.218391575055423,0.219061398757525,0.220324531882399,0.222093777199203,0.224162850804669,0.226248405993547,0.228050088838692,0.229317422314621,0.229909199059808,0.229830496072665,0.229236087550266,0.228397047541514,0.227637483360369,0.227256979427642,0.22745836780383,0.228298830901014,0.229676136115236,0.231353137578142,0.233014747360614,0.234344173219518,0.235100691146322,0.235180423412123,0.234644785430973,0.233708087785512,0.23268526075147,0.231911095292173,0.231651205597219,0.232029112337106,0.232991146249411,0.234321100972057,0.235702223049506,0.236809646734091,0.237406475651572,0.237414745424716,0.236939445808073,0.236237849292884,0.23564332039815,0.235466976850765,0.235907126362955,0.236993152374513,0.238579010529582,0.240386122799268,0.242081410456007,0.243367489671314,0.244060465097553,0.244135874052399,0.243733000871478,0.243118861525929,0.242622537570709,0.242556160779292,0.243140263666435,0.244449238386809,0.246388447726451,0.248708827495192,0.251057857805696,0.253057974976205,0.254396098830442,0.254903116082177,0.254602202838925,0.253711053911605,0.252594592150126,0.251678419462042,0.251344644236419,0.251836824867291,0.253198062979087,0.255257227891188,0.257666270686025,0.259979967291539,0.261760343915416,0.262682476514328,0.262616994125696,0.261668189930641,0.260155448354645,0.25853876676002,0.257303909301534,0.256835351834817,0.257311484424365,0.258653304541989,0.260544343105696,0.262518824496804,0.264093584924044,0.264904835464233,0.264809048015232,0.263918808075557,0.262565050257693,0.261199328433831,0.260266457245756,0.260084383911483,0.260763594878859,0.262185265607891,0.26404044134775,0.265916861307379,0.267409345098308,0.268225587510017,0.268261638379101,0.267629198960025,0.266628491115772,0.265673493871088,0.265187791746184,0.265496292126278,0.266739058287122,0.268828589275092,0.271462342875506,0.274189855311549,0.276520536414564,0.278046952448989,0.278552546314961,0.278074902646333,0.276906079600457,0.275527550499148,0.274494399002929,0.274296892803003,0.27523393177907,0.277330554684964,0.280321288911879,0.283705263141304,0.286861617924511,0.289198937391203,0.290303374875881,0.290048752148093,0.28863888998995,0.286567237589254,0.284499178134797,0.283103676653876,0.282877142651388,0.284007789193587,0.286320312885939,0.289319551170497,0.292323443301001,0.294648720996455,0.295796267495294,0.29558304376814,0.294184223448353,0.292076793445781,0.289904614341464,0.288305460100655,0.287747631318498,0.288417366158861,0.290182313926651,0.292636120173371,0.295209716464771,0.297320118238737,0.298519949520674,0.298611587709735,0.297698341583757,0.296159745104718,0.294556074302209,0.293484812121119,0.293424685251126,0.294607283653477,0.296950321209183,0.300071415114811,0.303380708427306,0.306230112573991,0.308081750473251,0.308652332796156,0.30799540750829,0.306498576573959,0.304794077307527,0.303603115729229,0.303551516103753,0.305002544677974,0.307950223897218,0.312003280825048,0.316468397474387,0.320516153201116,0.32339022472598,0.324606580784776,0.324089217696253,0.322203381858989,0.319673028938681,0.317400038431791,0.316230342752014,0.31672876764632,0.319024455702966,0.322771054017324,0.327234640051133,0.331486522358871,0.334648331130922,0.336122198076549,0.335743618182436,0.333817129876673,0.331028231963109,0.328258850702142,0.326358264196796,0.32593029407608,0.327189798031843,0.329921008802675,0.333543709307173,0.337267373130506,0.340293602307225,0.342017045067211,0.342176219390599,0.340917942684423,0.338759707455597,0.336458777422424,0.334819548113249,0.334486602952913,0.335775847811287,0.338588109976261,0.3424296217456,0.34653638388516,0.350071805619181,0.352347059885531,0.353006883449894,0.352131753734538,0.350228143193143,0.348106643703723,0.346676422175295,0.346706799728673,0.34861704376635,0.35235063180383,0.357370732414271,0.362783526344539,0.367562252498709,0.370816121630184,0.372032853840595,0.371227229476864,0.368951274363134,0.366158935490369,0.363958825523016,0.363320744801469,0.364815599254181,0.368459844490575,0.373707080657947,0.379589033107208,0.384967415052895,0.38882863633631,0.390543062494391,0.390021722145433,0.387731995057626,0.384571406054214,0.381635020310877,0.379937906637071,0.380163607281919,0.382500809006704,0.386606446226597,0.391701047207784,0.396769708856564,0.400817385121194,0.403115455186053,0.403379853698389,0.401838223039379,0.39917050304153,0.396337837631676,0.394341551577907,0.393971039166035,0.395602822525263,0.399101803294656,0.403851818628922,0.408910854611453,0.413253996881746,0.416042916389815,0.416851626801455,0.415787731807021,0.413474459921885,0.410894824064502,0.409135907097324,0.409098958792435,0.411252104397766,0.415493375085972,0.421164063291407,0.427212878489698,0.432470412177181,0.435962169214158,0.43717578578779,0.436208262443858,0.433750273867567,0.430908955761831,0.428915673926652,0.428797867678789,0.431104265199318,0.435757612880481,0.442073396047167,0.448937627460142,0.455094628603097,0.459468103026305,0.46143232549283,0.460965528413027,0.45864942393605,0.455518261559305,0.452797764632398,0.451600080525718,0.452650097961596,0.4561096274076,0.461541421691502,0.4680206786073,0.474365686918001,0.47943034301184,0.482386425530074,0.482926358866968,0.481336963623154,0.47842647880092,0.475323093691108,0.473194515825568,0.472957224291798,0.475046727369661,0.479306030556188,0.485021828426987,0.49110247745991,0.496356200669297,0.499800720306114,0.500924350928263,0.49982805060629,0.497207152489368,0.494173591896177,0.491963103966423,0.491604674561119,0.493641704637593,0.497981777123332,0.503917555488749,0.510314590635052,0.515915838442752,0.519680506517052,0.521065428900507,0.520172945396783,0.517725674887169,0.514875507974286,0.512898722564742,0.512859169329298,0.515328928613314,0.52023914135606,0.526898140217316,0.534169787663967,0.540763977541645,0.545563850863117,0.547906685171211,0.54774875182961,0.54567465646156,0.542750747979064,0.540260247463987,0.539385751914749,0.540916591911909,0.545052035689366,0.551348371573572,0.558823635445365,0.566195755564803,0.572196892305696,0.575886913778374,0.576887815161526,0.575479576760828,0.572532306354527,0.569290805161189,0.567065008991471,0.56690329414205,0.569329709725288,0.574210492506938,0.580784074881781,0.58784941927137,0.594068425555628,0.598308181925038,0.599935849926209,0.598987891117345,0.59616577303446,0.592655480934074,0.589816178550679,0.588820451434862,0.590343458777302,0.594385945129219,0.600279422821751,0.60687133519526,0.612838348159637,0.617041464489215,0.618826942539346,0.618193951030992,0.615787677355347,0.612723909251207,0.610294747046769,0.609633826449665,0.611426841515641,0.615738955911414,0.621999938486025,0.629148776891752,0.635901102946554,0.641073210342667,0.643882306646517,0.644147747586317,0.642341982770943,0.639477346674304,0.636856096328707,0.635745425271822,0.637057913526611,0.641116770166505,0.647564990882414,0.655443051947653,0.663418766623467,0.670114772173595,0.67445309449249,0.675929595312553,0.674746821659324,0.671768947241798,0.668308311246271,0.665796981181376,0.665426513008096,0.667846813541553,0.67299960787755,0.680128461839319,0.687964162812441,0.695041216569234,0.700067759200279,0.702255570415409,0.70152433487312,0.698524709286781,0.694471392825001,0.690828102909405,0.688926963936213,0.689623508037568,0.693079452840382,0.698730728961355,0.705447461627425,0.71184025624022,0.716628288143023,0.718970289396608,0.718672861950312,0.71622648219435,0.712666628916598,0.709301967117236,0.707381971803868,0.707786728100675,0.710812135795194,0.716099219997059,0.722723163584744,0.729422025849089,0.734912539230889,0.738217326299045,0.738921240662175,0.737288777116266,0.734208207644109,0.730972942052111,0.728953894369603,0.7292460193737,0.732379817369463,0.738172938876528,0.745762326201072,0.753812061103467,0.760847020177563,0.765628711304671,0.767476467699436,0.766449166916422,0.763337870134089,0.759469309647641,0.756370223517692,0.755378925732058,0.757303426568521,0.76221252351736,0.769412314557515,0.777614653646171,0.785256794815561,0.790893358136099,0.793562027725925,0.793029061673107,0.789850035253162,0.785228530222612,0.780708340746582,0.777778795261217,0.777495924169899,0.780218074458176,0.785524136402383,0.792333831883541,0.799195702697505,0.80466446722009,0.807667639009795,0.807767491707155,0.805255775950238,0.801064655072732,0.796524058160778,0.793030440887276,0.791707797656723,0.793138507589475,0.797223629917423,0.803204713183937,0.80984568401718,0.815737392709346,0.819655093945965,0.820879934347723,0.819398339500632,0.81592103969923,0.811710347454856,0.808256778552112,0.806888444888755,0.808416434904732,0.812911245479316,0.819671684892859,0.827397437708138,0.834522572803073,0.839623685594789,0.841795002060357,0.840890214504651,0.837565870796647,0.833114396688794,0.829131115391433,0.827102893919822,0.828024843727152,0.832142353212236,0.838882877619725,0.846994466241913,0.854856994724434,0.860888824734678,0.863946551494824,0.863615843955591,0.860318258055453,0.855205906260674,0.84987056157289,0.845941554798935,0.844675241924424,0.846640746207721,0.851581733732391,0.858488432766092,0.865859569254155,0.87208477594405,0.875847827207447,0.876448141313382,0.873962599009348,0.8692135919579,0.863558620446869,0.858557834737868,0.855599719865666,0.855569778303862,0.85863573447719,0.864199433764277,0.871032535310261,0.877572683863597,0.882315397462614,0.884205795657141,0.882925981904008,0.878995298850133,0.873648530083963,0.868518242758372,0.865203454877008,0.86484059748275,0.867794125219978,0.873552568719148,0.880860129445482,0.88804950820464,0.893486352996727,0.896004992707648,0.895217792184435,0.891615832069961,0.886436340714893,0.881335412295454,0.877954976829046,0.877497611807374,0.880417148581349,0.886301204501205,0.893973221227923,0.901787761833222,0.908045362646261,0.911423003393889,0.911311336361996,0.907972574113468,0.902478181771081,0.896441522138448,0.891612698503108,0.889437762123308,0.890693621522873,0.895291183554067,0.902296886818059,0.910167139627731,0.917135445327954,0.921652930156393,0.922770515259607,0.920368355497915,0.915179546293474,0.90860759814154,0.902385908915666,0.898161073342929,0.897095611650199,0.899580417791188,0.905125680305353,0.912463398664042,0.919847873862907,0.925490056104695,0.928020432115811,0.926858178617967,0.922381408105166,0.915843385183718,0.909049520525586,0.903878843040934,0.901780052557384,0.903381520614759,0.908323615960841,0.915359590597317,0.922696194715222,0.928478908749543,0.931288000037152,0.930511034251247,0.926494255801493,0.920437815663379,0.914069475616773,0.909188339685431,0.907199697379131,0.90875882895721,0.913609753989961,0.920654773844348,0.928234649800248,0.934549145436927,0.938113772874956,0.938138887605709,0.934735255959937,0.928892663746175,0.922234954195836,0.916611656138197,0.913628485091428,0.914235628525749,0.918479354857589,0.925481924895293,0.933656735918464,0.941104823804177,0.946091592209119,0.947482138012714,0.945025473317963,0.939418280789723,0.932135309737288,0.925070256525639,0.920074152164072,0.918499940038804,0.920860251318292,0.926682255375712,0.934602188829154,0.942687872453309,0.948919507534097,0.951711668896889,0.950338775630706,0.945143473006555,0.937461933231457,0.929278252636747,0.922698444947965,0.919388163207511,0.920129985878089,0.924622206057286,0.931572265854076,0.939055239043389,0.945035314919117,0.947906251508024,0.946905822331102,0.942297912627012,0.935281696034065,0.927660902694846,0.921367154603911,0.917964166674593,0.918257954334943,0.922105854356077,0.928465274255489,0.93566522010299,0.941832022678947,0.945364924532296,0.945344528398615,0.941771538965392,0.935573357856561,0.928373572102606,0.922080048999083,0.918395139196624,0.918373305839588,0.922141057738045,0.92885351618082,0.936901299284368,0.944316224498,0.949271976370151,0.950550814963942,0.947856618100016,0.941895129504076,0.934202327507761,0.926764698773517,0.921525086289086,0.9198940474294,0.922385358477974,0.928467040739464,0.936671284728672,0.94494599518977,0.951168919077119,0.953697454501186,0.951808802624168,0.94590626569233,0.937426920663766,0.92846859994287,0.921235164766528,0.917452459441994,0.917915868540016,0.922291874160315,0.929223310223028,0.936703679608918,0.942614271374025,0.945277840993299,0.943883305977066,0.938674942439239,0.930864805931263,0.922300260120923,0.914980062361444,0.910546838059373,0.909883607945317,0.912910061381562,0.918621578542337,0.925355137210719,0.931214201085246,0.934548830317859,0.934373916069563,0.930621360011044,0.92416063232939,0.916579222439016,0.90977621472681,0.905471821417218,0.90475911290374,0.907814643105786,0.913844500752516,0.921281852648415,0.928186751124242,0.932745781847432,0.933742293489035,0.930875063357412,0.924842592396331,0.917170967809781,0.909828839969969,0.904726481138953,0.903224389089415,0.905774747308078,0.911787727599672,0.9197612983008,0.927648982529624,0.933378622127327,0.935391626571263,0.933059885403579,0.926863855665682,0.918276900767237,0.909382034324904,0.902323581599942,0.898743637654959,0.899356589877584,0.903774222986117,0.910622915177782,0.917915058112235,0.923571247338481,0.925954245546031,0.924277392048574,0.91878663737406,0.910676181800428,0.901766767358423,0.894035164635079,0.88911801050147,0.887914558184284,0.890382587204688,0.895570268222531,0.901869136444448,0.907422936293048,0.910592900293178,0.91036727988423,0.906614663290304,0.900116490041712,0.892367982833728,0.885195721282753,0.88028827396304,0.878759995292918,0.880860607430747,0.885906549474786,0.892453732058424,0.898669325721489,0.902808014519155,0.903669417539829,0.900916512001917,0.895170095190912,0.887852741980735,0.88082160510303,0.87588486469555,0.874326999431897,0.876565910256477,0.882031547030275,0.889299867752565,0.896451274972421,0.901564408944251,0.903218628960269,0.900872354227854,0.89501367531735,0.887038915270272,0.878888921653897,0.872540333788528,0.869489236404831,0.870365322316967,0.874776696407379,0.881421439334966,0.888431205615501,0.893853508156627,0.896146862994276,0.894563104427584,0.889322617280914,0.881542616250404,0.872942144629781,0.865403728587203,0.860505644025575,0.859141774619607,0.861318874196547,0.866173624858781,0.872198472261197,0.877618377506077,0.880828270886199,0.880787605831737,0.877276877999208,0.870951711972277,0.863178344714645,0.85568906637832,0.850142902042016,0.84770247145377,0.848735342497964,0.852717811945926,0.858368388051631,0.863979564709602,0.867864180012498,0.868800473370478,0.866357601964626,0.86101316933648,0.854029331606387,0.847119310137819,0.841993055904973,0.839903181387869,0.841311458379264,0.845763366419665,0.852003180534852,0.858299667031853,0.862898125760639,0.864481324578608,0.862518233066501,0.857407358992084,0.850375042395912,0.843154690269305,0.837532376421515,0.834880148863706,0.835800413589751,0.8399730901996,0.846242031605217,0.852914480939587,0.858193629405478,0.860632455253843,0.859493814665608,0.854927329826414,0.847921437923574,0.840046855359736,0.833060380998569,0.828471165804583,0.827176900852424,0.829255332922628,0.833955713158211,0.839887312096469,0.845358502905421,0.848787189793509,0.849086559632268,0.845933415766238,0.839851455133162,0.832085231250802,0.824292451261844,0.818129155410279,0.814831368816299,0.814899884742226,0.817970657753539,0.822907369955968,0.82809593706955,0.831867048745557,0.832936625686537,0.830746400830821,0.825611690984572,0.818635274511031,0.811410699746899,0.805596304885833,0.802475639633984,0.8026215468549,0.805751009888817,0.810806000956338,0.816236567385603,0.820410965412528,0.822045672143323,0.820543042853504,0.816147993694807,0.80988227656634,0.803273850632711,0.797953570663561,0.795226496426022,0.795730789362578,0.799272389283458,0.804876160721832,0.811037441185751,0.816106892866545,0.818708855855889,0.818086601150559,0.814288165222096,0.808148344774638,0.801074866473986,0.794695708506663,0.790457157160482,0.789270860457921,0.79129282723422,0.795884261976572,0.801762219825894,0.807305664186018,0.810946814979394,0.811555665851474,0.808723582487967,0.802873031499135,0.795161606359617,0.787199923107244,0.780651150950559,0.776811929645049,0.776281518205965,0.778805890499651,0.783340455646031,0.788319131369776,0.792062478411894,0.793218384484364,0.79111739696942,0.785946248840744,0.778692608261248,0.770877508107811,0.764150215719145,0.759856190578731,0.758692798987817,0.760540562056385,0.764509456498269,0.769183901729855,0.773000260653718,0.774658153090663,0.773459003198229,0.769484270242428,0.763567642755036,0.757069689996125,0.75151561955181,0.748192574153352,0.747812565784375,0.750328441320088,0.754948866815986,0.760345787941882,0.764998204961424,0.767582124095706,0.767306512477426,0.764110915363055,0.758677251745257,0.752255947171424,0.746352309387692,0.742351566081516,0.741173472599481,0.743038794171073,0.747403741666403,0.753080404842868,0.758518310536096,0.76218266090859,0.762938000491798,0.760340495223354,0.754761537897297,0.747306558308707,0.739545269043455,0.733119004781697,0.729324010059638,0.728777694117312,0.731255612684757,0.735744514800185,0.740701196170096,0.74445201833929,0.745628677821907,0.74352407312779,0.738272727164246,0.730808260699034,0.722611951405464,0.715322964637917,0.710315939430402,0.708356478520728,0.709420722324546,0.712720386541676,0.716921940936088,0.720500642601845,0.722137560683552,0.721057888781604,0.71722436114885,0.711337132768717,0.704641815881549,0.698597393618067,0.694492083577479,0.693108118436406,0.694522482088905,0.698093862278795,0.702636586251559,0.706733511111375,0.709104705535414,0.708936215574668,0.706085772037368,0.701115607380968,0.695146978178259,0.689574789373321,0.685713524350822,0.684460978286052,0.686061974684193,0.690031755839712,0.695262112813478,0.700289213446497,0.703660066698487,0.704305900635785,0.701824954436702,0.696597907041994,0.689701834399062,0.682641619212234,0.67696640382363,0.673869768306524,0.673877715538863,0.676706893494933,0.681332098056339,0.686247670544791,0.689855800392931,0.690879928940297,0.68869374040691,0.683478749891126,0.676170373452297,0.668209940638352,0.661171399784011,0.656362109605394,0.654500061192822,0.65554667555607,0.658732988284197,0.662768555817168,0.666177974336001,0.667679241358355,0.66650833774058,0.662608110991259,0.656634008371321,0.649776174318028,0.643444961672137,0.638902502874257,0.63693697826278,0.637664561014609,0.640509650493956,0.64436625887169,0.647895458971596,0.649878784899426,0.649534617558008,0.646716547358093,0.641945154227068,0.636268040976992,0.63098578582725,0.627313616868401,0.626063522557682,0.627426767208304,0.630913482679033,0.635468373903643,0.63973712636577,0.642417444366757,0.642603395791474,0.640030566423506,0.635154291483602,0.629037573699064,0.62307663204169,0.61863583960824,0.616688190555078,0.617556195144102,0.620821903749408,0.62543052540897,0.629961205224552,0.632994172253405,0.633477597837565,0.630997545000725,0.625880763217604,0.619105484495425,0.612046672838285,0.606124680123721,0.602448720464338,0.601544563108524,0.603232020288985,0.606679623285121,0.61062070596076,0.613676334436016,0.614704520333758,0.613088177937833,0.60888879688348,0.602826138575196,0.596088634613589,0.590023329219313,0.585786361188728,0.584046018131161,0.584816682775336,0.587466801883619,0.590896942892132,0.593838294011614,0.595190444340803,0.59430844829053,0.591164756869858,0.586346371317477,0.580891378875888,0.576010064914389,0.572764005337571,0.571785901548422,0.573112079984773,0.576171339445585,0.579934368006901,0.583186193100627,0.584850615603557,0.584280021855982,0.581431862308979,0.576883116318972,0.571677993356557,0.567049437883799,0.56408901951874,0.563453410783927,0.56518563217948,0.568698597950712,0.572925431692345,0.576596813295229,0.578571896760834,0.578135200556687,0.575181355715075,0.570240207625938,0.564337823577552,0.558732096831937,0.554592874474596,0.552708216681186,0.553289166078072,0.555919443086276,0.559660997209271,0.563289260438349,0.565600803209161,0.56571758918636,0.563311112030221,0.558687938421716,0.552712360591331,0.54658396982066,0.541526953001181,0.538472745525587,0.537820692354061,0.539340941712511,0.542245201424932,0.545405063656888,0.54765747683651,0.548113982056698,0.546390739598317,0.542699503548136,0.53777849586438,0.532685403775012,0.528510582987683,0.526087811918679,0.525778449417095,0.527384012548617,0.530207974023574,0.533248696859211,0.535471452846255,0.536086954397893,0.534762273468102,0.531708149300155,0.527619818221975,0.523487685978942,0.520328803169701,0.518910996410095,0.519543287696877,0.521988593185566,0.525522287563003,0.52912146550141,0.53173476934789,0.532560868682788,0.531261211939861,0.528050492947962,0.523641527727691,0.519060400028341,0.51538158387826,0.513452121304665,0.513674627331295,0.515902379118813,0.519471553297868,0.523362865811902,0.526454221597852,0.527803465716481,0.526890995891115,0.52375918838761,0.519009362276816,0.513652860713077,0.50885193353523,0.505617453233042,0.50454434044959,0.505656887697408,0.508406691203449,0.511823868029823,0.514779822961062,0.516289292003295,0.515769337848071,0.513185960821878,0.509050969454452,0.504273391043804,0.499909120412583,0.496878758141027,0.49572984242251,0.49650507539537,0.498747725559947,0.501638177300046,0.504221717078599,0.505665537108109,0.505477475527515,0.503630725060083,0.500564051368931,0.497059350443357,0.494029623682409,0.492273091527789,0.492257748314569,0.493993025286142,0.497023036469422,0.500544382721312,0.503618505750934,0.505422780003501,0.505473196370394,0.503758329538252,0.500747909329022,0.497273256439873,0.494311336824041,0.492729395480999,0.493056427776639,0.495339656446562,0.499122111432668,0.503547657558122,0.507569269268807,0.510211141704897,0.510820451261836,0.509244133872855,0.505881679311156,0.501594726436655,0.497491752728121,0.494641370366799,0.493789946975305,0.495160786644926,0.498391344788139,0.502627340246016,0.50674902079968,0.509668009355279,0.510613780339763,0.509332289650245,0.506144319467989,0.501850300643034,0.497510477691981,0.494162419969867,0.492552990848606,0.49295530588067,0.495115684101266,0.498339221987669,0.501686056515629,0.504223390207216,0.505267045527805,0.50455208161698,0.502292009245563,0.49911474172645,0.495893736972514,0.493518047368598,0.492659673805673,0.49359738188331,0.496142525959137,0.499687170333953,0.503363576231685,0.506274625668868,0.507734949569223,0.507458401455221,0.505640940017345,0.502915672487912,0.500191058478392,0.498414355536782,0.498321751512681,0.500239557526546,0.503987498150909,0.508909775671779,0.514028591091084,0.518284909694248,0.520808632680392,0.521150226361509,0.519411861916232,0.516238708324854,0.512666148573156,0.50985775143402,0.508800722998211,0.510040236012213,0.513526085450791,0.518615886164102,0.52423642917246,0.529161007611843,0.532328224563858,0.533116384557017,0.53150024559538,0.528049783259983,0.523774035983713,0.519854637033622,0.517341782779218,0.516892822385074,0.518619260429751,0.522076915701403,0.526395807148239,0.530511621085706,0.533437711617956,0.534509758917135,0.533544506789222,0.53087622352793,0.527264342618825,0.523696589948612,0.521136997327049,0.52028174078352,0.521384238188407,0.524194204972578,0.528026885224967,0.531945202549297,0.535007780747258,0.536517977401289,0.536208553383621,0.534313710947363,0.531510097751372,0.528742537429959,0.526979481943131,0.526960282679615,0.528997895771402,0.532887097745959,0.537943243411424,0.543165400971381,0.547486715653457,0.550050999839268,0.550444365957658,0.548818513095605,0.545867945097127,0.542661325823717,0.5403672702889,0.539945537664013,0.541886472960424,0.546070505079216,0.551787991492204,0.55791618021433,0.563206788266165,0.566607177352642,0.567529237249967,0.565995271139857,0.56262459966141,0.558467929193787,0.554736310941581,0.552497000642091,0.552413724052401,0.554593931790737,0.558576231663369,0.563455985156739,0.568114744831654,0.571496412010508,0.572863621086927,0.612435097723037
