175.395325535059,175.534353474898,175.531752153709,175.526616150413,175.518789421502,175.50812233686,175.49442470866,175.477494459609,175.457169142907,175.433400036049,175.406343180807,175.376456243325,175.344584311524,175.312011837284,175.280452967325,175.251951035574,175.228663824283,175.212528353071,175.204829573388,175.205738999382,175.213932691791,175.226426859839,175.238764181777,175.245629793654,175.241871321598,175.223760112625,175.190196541949,175.143476512808,175.089245054119,175.035404354897,174.990034614259,174.958793834988,174.942665261944,174.937101413996,174.933350552625,174.922013296061,174.897969366196,174.865227467575,174.840090959769,174.850357458505,174.925500152376,175.070000583517,175.224629107951,175.267884704224,175.129256555548,174.921471047398,174.847631939753,174.969855754779,175.184712448893,175.371510397062,175.474951698939,175.491978425525,175.444504857894,175.374374834732,175.341809444779,175.39018480057,175.487572229883,175.533071074681,175.452639144948,175.259974717731,175.01613176511,174.769100533111,174.537026542894,174.320945454405,174.119133004335,173.933930343095,173.77292412912,173.647538218002,173.570580490011,173.553248801896,173.601855520291,173.714724145723,173.880004282173,174.075283418441,174.269670754842,174.428463975768,174.519765764981,174.521821663672,174.429653630003,174.259656137695,174.050706810443,173.859660717707,173.748620737833,173.763452841611,173.909583057926,174.139182699033,174.363930442108,174.492663602695,174.472753651835,174.309480947701,174.055801811051,173.785345505091,173.564440340437,173.431605986227,173.390039300285,173.415903243422,173.476101817293,173.543544311707,173.603129094063,173.650097528592,173.685644192978,173.713154900427,173.736057570145,173.7569521515,173.777371925149,173.79768403878,173.816951681701,173.832911749001,173.842384469698,173.842236784606,173.830563242876,173.807468474275,173.775062302022,173.736800975103,173.696633626341,173.658342533917,173.625197177264,173.599838608644,173.584258745014,173.57978305717,173.587026937607,173.605836972704,173.635243844319,173.673452184248,173.71788280434,173.765270411869,173.811809083685,173.853332186706,173.885517448713,173.904125645723,173.905314857872,173.886117643903,173.845208490193,173.784083040124,173.708648050402,173.630890630293,173.569702632847,173.54920239935,173.592544635396,173.710349543162,173.88684177668,174.07315913261,174.200406666397,174.214738558814,174.113107624891,173.947063240687,173.788010396075,173.685350697437,173.650292036513,173.666856614738,173.710930735315,173.762764549281,173.810651277908,173.849609277944,173.8787679571,173.89921790395,173.912697254425,173.920935663795,173.925392762721,173.927197358884,173.9271754144,173.925910392095,173.923809490125,173.921163215459,173.918192130336,173.915078258687,173.91198149731,173.909043735789,173.906384730664,173.904093885269,173.902221274106,173.90076996485,173.899690419288,173.898876883255,173.898165148779,173.897330730638,173.896086250523,173.894076488112,173.890869201991,173.885939871542,173.878649603855,173.868218714574,173.853705537665,173.834012379185,173.807958986296,173.774486738001,173.73307647154,173.684461732115,173.631664298944,173.581219924145,173.544145004895,173.535713040916,173.572633896385,173.666319815704,173.812625694526,173.982579833085,174.123405411432,174.17798174292,174.117293450263,173.96237932307,173.773942138953,173.616280986213,173.525732299179,173.50417058282,173.532322789105,173.58637292628,173.647775420076,173.705692073559,173.755488579571,173.796292676797,173.829019553368,173.855157803531,173.876157540194,173.893186135731,173.90707325272,173.918339060435,173.927252103117,173.93389378828,173.93822132754,173.94012667694,173.939490390408,173.936229340946,173.930337426763,173.92191900847,173.911215468438,173.898625187932,173.884716037234,173.87022733282,173.856055674209,173.843217012732,173.832776672287,173.825740677606,173.822906450799,173.824679210003,173.830872029891,173.840521352148,173.851763361916,173.861826504612,173.867197641322,173.864010860892,173.848687365848,173.81882219912,173.774268055067,173.718302093102,173.658663111657,173.60808538255,173.583692082225,173.604225332188,173.683743846442,173.820934247675,173.986559492785,174.119337712004,174.146620805273,174.032366903085,173.816606681709,173.597123950418,173.461394270413,173.436279306623,173.494341451845,173.590384546161,173.689051622761,173.772245104166,173.834900119753,173.878614225099,173.907189524522,173.924419872651,173.933295731769,173.935862493699,173.933308709605,173.926134493428,173.914386915826,173.897961653666,173.876913925441,173.851678234595,173.823122056358,173.7924400356,173.760969461747,173.730025922617,173.700821957429,173.674476228066,173.652078053385,173.634753218234,173.623677257993,173.619993745416,173.624612734847,173.637888311141,173.659206607327,173.686558401003,173.716220378273,173.742713855946,173.759223630991,173.758606329294,173.734964633284,173.685512689568,173.612181879707,173.522274612388,173.427662041195,173.342627105996,173.281265693934,173.25577378604,173.276189253468,173.349946192796,173.477241017561,173.639342423267,173.785419007833,173.834797909418,173.706853936866,173.360551367245,172.809726937183,172.116708902089,171.395038744847,170.808413420819,170.512256469336,170.531294162535,170.653951226749,170.453284809965,169.475209581685,167.510355790156,164.778498202277,161.882154301886,159.525780894774,158.155447089109,157.734517125845,157.78652445904,157.666766053423,156.888913457008,155.320901095585,153.170511856504,150.818128030471,148.625471001548,146.822309524684,145.492940721433,144.620986887415,144.138766851399,143.951093725337,143.932688249082,143.918725958375,143.716010909264,143.151501012794,142.14390002529,140.753668228353,139.16944978426,137.630898678349,136.334173566186,135.37467708695,134.747682359946,134.386536772082,134.20388825773,134.115031530497,134.04299994512,133.916766151707,133.674947947341,133.279836417246,132.733202483044,132.076237370298,131.364638364775,130.634936185525,129.894685265937,129.15016658232,128.441976452226,127.84493128633,127.4291391259,127.219514044063,127.180796207821,127.224997276782,127.231328372681,127.07545122645,126.662777775172,125.95384048931,124.972263241019,123.796476445618,122.543214162717,121.348232769732,120.343060161995,119.625032664718,119.225200489364,119.089127561875,119.087053850426,119.05559933516,118.852336046306,118.395876323857,117.675939379475,116.738567772933,115.663166597915,114.544260925338,113.479832835457,112.560545635086,111.854961265938,111.392967366313,111.156120824226,111.082529625728,111.085273541218,111.075203884452,110.978579371617,110.746205958118,110.356591174495,109.816479027603,109.159137671496,108.43825504786,107.716536585626,107.052258376475,106.489636311056,106.056566971458,105.767803411531,105.627704925893,105.627265132396,105.734998805372,105.888654348943,106.000341028044,105.983432921659,105.791190584265,105.438783925233,104.988659545501,104.51239340613,104.061269302836,103.66175162562,103.32629964401,103.062864454255,102.876047128503,102.763440458614,102.713424129193,102.707028904994,102.722171894933,102.737517901492,102.734945597601,102.701339396897,102.630467848412,102.524398560307,102.39292827222,102.250323872956,102.110730764044,101.984682986882,101.878080494392,101.793084536264,101.729476157897,101.685475822294,101.657998023808,101.642928339855,101.635835124955,101.632874642168,101.631334024395,101.629593120323,101.626737471265,101.622148356721,101.615248078917,101.605404288674,101.591862426218,101.573593059056,101.549122325831,101.516548030324,101.473938787341,101.420258513964,101.356806392979,101.288838046471,101.226681041679,101.185345929669,101.181283443846,101.225089442738,101.311111545581,101.409818488499,101.472948377311,101.456499229999,101.349669917072,101.185161370315,101.019289005339,100.899016049861,100.842301361575,100.840212873265,100.870468381451,100.909867405043,100.940560971789,100.951117103262,100.935095992442,100.889339957657,100.813127812517,100.708337852999,100.580009135792,100.43642523054,100.288234827854,100.146859313959,100.022820192378,99.9243373571708,99.8560639227941,99.8177849053808,99.8034124853974,99.8010899830925,99.794983330221,99.7683945386727,99.7070391168104,99.6014634802045,99.4483766197013,99.251206508477,99.0200042375909,98.7703424818949,98.5208536038186,98.2897541964253,98.0914683941182,97.9344580865056,97.8205735607251,97.7454712014875,97.6995766093177,97.6695471813987,97.6405272389908,97.5992372103244,97.5373306837609,97.4541118246461,97.3578132227441,97.2646612337085,97.1945085336979,97.1617267145601,97.1624511742871,97.1654240735505,97.1191925740702,96.9816899119984,96.7550077600132,96.4923646863188,96.2661151763536,96.1254275530151,96.0780818399355,96.1005895366594,96.1581798959526,96.2193569415709,96.2620221920497,96.2745833767758,96.2553757929697,96.2114682028847,96.1562890933346,96.1054252972746,96.071251076844,96.0585630599337,96.0635645342273,96.0768682060455,96.0888531295026,96.0944097675352,96.0945359580422,96.0939444704599,96.0959522104814,96.0975784166326,96.0880507700621,96.0522188768456,95.9774089728329,95.8600484775704,95.7086203005555,95.5418088418056,95.3831206148278,95.254293182459,95.169493305618,95.1315392913178,95.1307327789529,95.1463363906123,95.1501998210363,95.1117047403796,95.0032466346792,94.8056846730091,94.513139989835,94.1361465941181,93.7019861637233,93.2516352233481,92.8338715525122,92.4975987375619,92.2825804440419,92.2076140526862,92.2567640435555,92.3710090287546,92.4601522976352,92.443135505631,92.2952831100521,92.0585173677629,91.8001749801641,91.5614833532073,91.341244383603,91.1145802898926,90.8582711212934,90.5641151996216,90.240085502257,89.905912577207,89.5877093949677,89.3127290232916,89.1036469802961,88.9721547373932,88.9132141483091,88.9026154769575,88.900209458436,88.8591493182822,88.7388168640995,88.5173064171626,88.199137943397,87.8151749611204,87.4141790166831,87.0485109989143,86.7590656899316,86.5650592215061,86.4620641308718,86.4278445886245,86.4324025244266,86.4478113877195,86.4547120524492,86.4444541513183,86.4175932877404,86.380326491417,86.3405158368485,86.3044685816282,86.2749665072097,86.2505425273017,86.2258799706137,86.1933239455511,86.1455051673151,86.0787627888301,85.9965531298149,85.9116983575394,85.8462636943991,85.827765366974,85.8803052661883,86.0103645777445,86.1916500406058,86.361340668583,86.4423701327218,86.3885104011982,86.2178377499531,85.9986722906636,85.7992902126474,85.6500102147593,85.5437490045101,85.4589129965939,85.3789431393039,85.2989196945479,85.2230794156443,85.1595310550739,85.1156649115495,85.0950778752689,85.095757401355,85.109315305045,85.1214108574154,85.1135883986405,85.0664531439086,84.9636534735564,84.7958175419944,84.5635021923501,84.2783086628695,83.961614037569,83.6409285346955,83.3446285680331,83.0963964962326,82.9107814601181,82.790871559532,82.7284380825503,82.7063546305378,82.7026501128607,82.6951862174933,82.6657762311964,82.6027949396982,82.5019536583109,82.3655699952776,82.2009555756212,82.0184317615557,81.8292650599036,81.6437903216584,81.470155410743,81.3141957119473,81.1806834039323,81.0756047610523,81.0083613237007,80.9920042212965,81.0391290342027,81.1520136692405,81.3098071011016,81.4628403909944,81.5472000657167,81.5198222581901,81.3893184447191,81.2119454934244,81.0541796266851,80.9563066161798,80.9232987585536,80.9381553123626,80.97897689074,81.0287180187792,81.0773442365327,81.1202116462473,81.1557255836503,81.1835841117572,81.2038107285537,81.2163758996169,81.2211601787395,81.2180802353977,81.2072795888467,81.1893420996812,81.1654977797337,81.1377568132036,81.1088668305341,81.0820000699218,81.0601702034932,81.0455069894929,81.0385882753891,81.0380039499149,81.0402600106652,81.040087145996,81.0311804482118,81.007300426219,80.9635100091194,80.8972138217678,80.8087139950686,80.701177309262,80.5800811324173,80.452275142822,80.324807733262,80.2037209953481,80.0931269571478,79.9949352080102,79.9095029842833,79.8372152630143,79.7806061875779,79.7460703647859,79.7434975167288,79.7817945386403,79.8595919409198,79.9548758584661,80.0231883314597,80.0137997269428,79.8994893496159,79.6973854706163,79.4604781327531,79.246479505557,79.0907529395163,79.0001742824083,78.9630709148355,78.9619695540572,78.9813745999857,79.0101256853656,79.0408779472273,79.0689012969518,79.0911759244491,79.1059202073648,79.1123873997714,79.1107664038307,79.1020828598551,79.0880297025853,79.0706868603774,79.0521537002022,79.0341877980781,79.0179568975362,79.0039523306705,78.9920356756241,78.9815565105133,78.9714978530405,78.9606424166135,78.9477694163186,78.9318784564852,78.9124087442495,78.8893989787272,78.8635327969817,78.8360402637504,78.8084577884819,78.7822647680188,78.7584250938876,78.7368983055796,78.7162554123482,78.6935947650665,78.6649477864364,78.6262834937772,78.5750958380727,78.512373850659,78.44440182718,78.3832349519754,78.3441002895308,78.3383012648675,78.3628399462571,78.3930525247985,78.3879428809508,78.3118452755789,78.1599088666506,77.9652853474823,77.7798738129299,77.6452854115879,77.5765295626259,77.564522366991,77.5880429379096,77.6245280705175,77.655671340729,77.6688664799941,77.6567577760994,77.616395899752,77.5485548770171,77.4572391246951,77.3492088654108,77.2333030219761,77.1193919494734,77.0169582177339,76.9335300086405,76.8733510581946,76.8366647440889,76.8198338877392,76.8163024243714,76.8181957053594,76.8181735167499,76.811035803383,76.7946227377778,76.7697917118247,76.739598189288,76.7080669914086,76.6789927130858,76.6550804132772,76.637544097386,76.6261133846685,76.619296680807,76.6147257976864,76.6094648326081,76.6002780607832,76.5839621333355,76.5579093081345,76.5210563291262,76.4752566469712,76.4268265116114,76.3874929071594,76.3732911864685,76.3996248347955,76.4718809732458,76.5749434874318,76.6704201163804,76.7107696592088,76.6673543159303,76.5516497081007,76.40883722705,76.2882683916999,76.2166786977886,76.1921759394228,76.1950719784198,76.2019408364802,76.1944038207648,76.1618689435387,76.1008251616187,76.013092632703,75.9042306551958,75.7823840320639,75.6573818023404,75.539757277589,75.4394296410849,75.3639979250827,75.3168563983951,75.2955606083686,75.291007468774,75.2880009612439,75.2675754469288,75.2109627088371,75.1043915856388,74.9433139726982,74.7345558227927,74.4954642123113,74.2501355094985,74.0238065140754,73.8370774699452,73.7016398179814,73.61862818424,73.5797957648531,73.5707726809742,73.5751063598042,73.5778171246262,73.5677106271174,73.5383272180639,73.4878770776501,73.4187115134077,73.3368625677625,73.2519878509657,73.1776479252359,73.1311585958142,73.1314054035799,73.1926078694663,73.3135548280809,73.4668536991448,73.5993411371226,73.653808323361,73.6045723988542,73.4778229860833,73.3344722909623,73.2301575989108,73.1878721686335,73.1989408860087,73.2400566593741,73.2887731673466,73.3304583142765,73.358633780264,73.3726599338426,73.3752578833295,73.370693823626,73.3635924983764,73.3581215988046,73.3573401426038,73.3626094231159,73.3730493747799,73.3850990227905,73.3923336456014,73.3857805877364,73.3549803083897,73.2898816193174,73.183347497344,73.0336996807704,72.8465125642898,72.6348979737096,72.4178345807364,72.2166430325551,72.0503531877654,71.9312101588309,71.8616542533555,71.8336803640867,71.8307096252582,71.8313446462381,71.8139228490328,71.7607184458899,71.660902268296,71.511832341456,71.3187847102587,71.0936765827428,70.8535129034196,70.619115297552,70.4141860214275,70.2639798506323,70.191952442168,70.2123480892824,70.318398777629,70.4714611525335,70.6038425470959,70.6463199397357,70.5698964061772,70.406677982466,70.2261697390649,70.088529524026,70.0166198046458,70.0007438573629,70.0184929575739,70.0501644962741,70.0841212871852,70.1156719986978,70.1440663990829,70.1700207342623,70.1943402045796,70.2173984293442,70.2390864121226,70.2589430496144,70.276310174341,70.2904470052755,70.3005917560795,70.3059909834976,70.3059389662458,70.2998752695603,70.2875719261215,70.2694006251946,70.2466097559002,70.2214797037863,70.1972006839156,70.1773711442254,70.1651491618335,70.1622473465928,70.1680614861866,70.1792195380713,70.1897424739344,70.1918567758964,70.177320962948,70.1389671297494,70.0720806199988,69.975304298597,69.8509457766091,69.7047967489828,69.5457409097798,69.3854687072722,69.2384849922735,69.1221962140711,69.0561073136285,69.0582397598001,69.1367827826012,69.2776718680863,69.4354706182867,69.5411879489376,69.5342080328318,69.4010371985369,69.1858083435217,68.9594425175091,68.776433843394,68.6551994249162,68.58675485038,68.5529095072694,68.5384603775906,68.5346103453528,68.5374679081922,68.5454635746338,68.5574693741545,68.5719328510445,68.5867664853876,68.5996537130914,68.608500047321,68.6118394246518,68.6090842025799,68.6005812024201,68.5874915427233,68.571539934586,68.5546898159647,68.5388087267862,68.5253919514987,68.5153968419623,68.5092013707756,68.5066572532734,68.5071857425421,68.5098718775446,68.5135394030261,68.5168150520331,68.5182031954655,68.5161851370125,68.5093370675671,68.4964415140147,68.4765642958277,68.4490871893182,68.4137207183666,68.3705682805678,68.3203685074938,68.2650799895888,68.2089157448553,68.159664533039,68.1295474661091,68.1340232262556,68.1864578658666,68.287849126904,68.4154421886104,68.5206312602939,68.5467818738628,68.4625324926634,68.2851702505629,68.0708036642429,67.8794589807415,67.7460010050598,67.6751117225697,67.6533183738839,67.6627437161739,67.6886369782576,67.7210063378519,67.7534700274804,67.7816924666958,67.8023789489344,67.8129288628637,67.8115134507885,67.7973073204258,67.7706810874709,67.7332540854714,67.6877674841088,67.6377732117406,67.5871692190822,67.5396578872703,67.4982406718505,67.4648587619602,67.440244274946,67.4239877074766,67.4147833342352,67.4107892392267,67.4100224448379,67.4107015380222,67.4114621676273,67.411410449145,67.4100294084247,67.4069889855043,67.4019200481249,67.3942070063098,67.3828491642686,67.3664481005539,67.3433962571949,67.3123606346366,67.273152321636,67.2279994597949,67.1830151009057,67.1491803813178,67.1414805477726,67.1744016952604,67.2530076362499,67.3625976630521,67.4653872394056,67.5133646314795,67.4752145146127,67.358152613078,67.2044518728582,67.065080821284,66.9734528822538,66.9369286280095,66.9442934806042,66.9776029192674,67.0203029081272,67.0602719914664,67.0897757213892,67.1044169950808,67.1021737229834,67.08281047247,67.0475843170218,66.999081692941,66.9410447477476,66.8780863281762,66.8152416353126,66.757370176581,66.7084916948195,66.6711841684747,66.6461733104881,66.6322114294529,66.6262974662213,66.6242319683032,66.621424024652,66.613784797196,66.5984952652945,66.5744608261221,66.5423567145738,66.5042810061061,66.4631222853386,66.4218012816004,66.3825628575008,66.3464774608386,66.3132597593978,66.2814442724788,66.2489078474658,66.2137180764511,66.1752918800657,66.1357958550809,66.1015069717292,66.0834042445296,66.0956777363551,66.1506616760959,66.2500539735223,66.3760810395474,66.4907108263603,66.5499222246233,66.5284867053951,66.4369664590083,66.315252773086,66.2079826437167,66.1425044040662,66.1230269938803,66.1380674079901,66.1710522349378,66.2074231885938,66.2372565372568,66.2551254456285,66.2589956972799,66.2491320802916,66.2273229816223,66.1963979065259,66.1599031379782,66.1217972540171,66.0860718676987,66.0562655090681,66.0348994750013,66.022912543138,66.0192090580351,66.0204644004648,66.0213360303492,66.0151743047889,65.995199930513,65.9559472646517,65.8946362788873,65.8120950136535,65.7129298138285,65.6048142114036,65.497000352535,65.3983913432972,65.3156671694641,65.2519550318489,65.2063653092502,65.1744554559323,65.1494567522478,65.1239845571368,65.0919534322796,65.0504734005151,65.0015182977804,64.9530174274657,64.9186416572436,64.9150566783636,64.9554390214401,65.0398113535856,65.1469090004746,65.2362070152451,65.2656174103604,65.2169030669526,65.1087292321233,64.984755028948,64.8871495760752,64.8372929656312,64.8339775468489,64.8630633250298,64.9080326706194,64.9559928238461,64.9991931522543,65.0341699996914,65.0602788582867,65.0784536492002,65.0903910356925,65.0980800011193,65.1035356688972,65.1086200005468,65.1148718490705,65.1233020994411,65.1341389412147,65.1465446835774,65.1583728391213,65.1660802670646,65.1649287508474,65.1495791181395,65.1150897719232,65.0581915259667,64.9785537073003,64.8796385680734,64.7687374292899,64.6559509621363,64.5522004374596,64.4667188465084,64.404706178635,64.3658323655696,64.3440406702496,64.3287427543345,64.3071336700824,64.267104972205,64.20016916878,64.1039210708335,63.9837284900419,63.8533530850491,63.7338774863448,63.6497677706677,63.6208574261232,63.6509171804716,63.7181581233343,63.7776264635845,63.7819037020751,63.7105063834154,63.584027407804,63.4489430537539,63.3471054830223,63.2959100719011,63.2892220294357,63.3098564866392,63.3410898484269,63.3720057874199,63.3978060111467,63.4179202644104,63.4338888644011,63.4478128153405,63.4614725424736,63.4759607304128,63.4916397164742,63.5082730471035,63.5252284057176,63.541683243852,63.5567848962151,63.569734064334,63.579784294624,63.5861816999667,63.588100945324,63.5846529950324,63.5750328310909,63.5588290245895,63.5364332911376,63.5093953304967,63.4805171475651,63.4535160030199,63.4322117307688,63.4193727358274,63.4155204763658,63.4180785002532,63.4212124429008,63.4165383616289,63.3946366459784,63.3471004420478,63.2687571813337,63.1597341326491,63.0271005884748,62.8857541946103,62.7578786949689,62.6697029470531,62.6439722333129,62.6879230921257,62.7812244879825,62.8746847512835,62.909941028,62.854026637456,62.7217315176485,62.5632940215366,62.428718826956,62.3412561582315,62.2963649395334,62.2763400102397,62.2643546515354,62.2507626255263,62.2330379915866,62.2130694976149,62.1943556498256,62.1800692804204,62.1720617523955,62.1705756070212,62.1744179684696,62.1814039536568,62.188923763131,62.1945108718871,62.1963109549785,62.1933830970338,62.185801614313,62.1745605443196,62.1613135210101,62.1480121401179,62.1365297587738,62.1283597075131,62.124447746539,62.1251668849448,62.1303903646072,62.1395870477724,62.1518646242657,62.1659209053513,62.1799207691845,62.1913727739276,62.1971089927471,62.1934622988213,62.176697594491,62.1437104236739,62.0929763048657,62.0257165959491,61.9472077326792,61.8680129539599,61.804526118405,61.777528204358,61.8068268115102,61.9007289978341,62.043014274769,62.187102579766,62.2702089344715,62.2478217124351,62.1243732100451,61.9502111704584,61.7861574095739,61.6689742354489,61.6030673693936,61.5735534558427,61.5624699437851,61.5575411909224,61.5534711265325,61.5496700205899,61.5474861382249,61.5482303048917,61.5521769146481,61.5583236372962,61.5646344016715,61.5685341291139,61.5674806226905,61.5594903749455,61.5435357502597,61.51975939241,61.4894756317776,61.4549603939065,61.4190724518533,61.3847857866532,61.3547283608152,61.3308127878935,61.314018249809,61.3043499026306,61.3009646345792,61.3024133950769,61.3069219694521,61.3126290418087,61.3177268540789,61.3204936744483,61.3192502640179,61.3123031650577,61.297955591136,61.2746776024834,61.2415345792391,61.1989683624831,61.1499733808939,61.1015314218044,61.0657490398554,61.0594302213015,61.1001145802691,61.1970154431476,61.3386204035401,61.4852674081058,61.5790600595638,61.5741310841245,61.4678762707301,61.3041098630326,61.1434413723246,61.0284497575901,60.9704896921703,60.9585670883448,60.9745826568958,61.0033293984965,61.0354367676887,61.0662833844325,61.0938707005939,61.1171403473556,61.1350801730336,61.1464698515452,61.1500109520804,61.1446288172481,61.1298001727597,61.1058089352618,61.0738647692936,61.0360501893578,60.9950996897118,60.9540507689135,60.9158301364048,60.8828466626559,60.8566619018055,60.8378015036478,60.825749855179,60.8191307146326,60.816027713686,60.814361432567,60.8122301426993,60.8081386203561,60.8010724619857,60.7904148988609,60.7757454474072,60.7566003161931,60.7323050333441,60.702004249774,60.6650125346982,60.6215890494987,60.5741656563038,60.5288527672388,60.4966037627674,60.4927253337739,60.5328571434821,60.6242401147585,60.7545880809806,60.8867286573487,60.9694241655414,60.9647435322595,60.8735352046432,60.7356685359408,60.6039204596499,60.5150644393955,60.4790598042506,60.4861702861839,60.5195667813143,60.5640788318839,60.6093110360879,60.6492875422249,60.6809859294347,60.7030276871328,60.7148872786343,60.7165568125793,60.7084898686386,60.6916601244101,60.6676140625332,60.6384438606966,60.606650488852,60.5749027585657,60.5457218994823,60.5211366419138,60.5023670895299,60.4896056129944,60.4819586395671,60.4775852206627,60.4740214503439,60.4686316911038,60.4590944183854,60.4438181164372,60.4221909496332,60.3945986799661,60.3621992674817,60.3265093890878,60.288915573719,60.2502518353488,60.2105856784575,60.1693385121043,60.1258423543068,60.0803842794778,60.0356611150624,59.9982791291078,59.97942785753,59.9932595481744,60.0514284983668,60.1539022982641,60.280340952191,60.3906887639112,60.4413687203246,60.4105494781578,60.3129716546474,60.1904369398421,60.0863380126842,60.025401422544,60.0100884051608,60.0289336983917,60.0666943019148,60.1105604366675,60.1520767444879,60.1866489466442,60.2123347090365,60.2287796250869,60.2365322783755,60.23668276362,60.2306928763936,60.2203020701043,60.2074335945614,60.1940612641166,60.1820225613565,60.1727836508446,60.1671833850552,60.165206167239,60.16584853918,60.1671414001528,60.1663660421998,60.1604628381765,60.1465835019203,60.1226882500642,60.0880501538409,60.0435206997871,59.9914506300259,59.9352457990239,59.8786412236799,59.8248612747569,59.7758771416371,59.7319713564596,59.6917805608997,59.6529190966758,59.6131900378784,59.5722550273342,59.5334153214651,59.5047879351061,59.4986689587998,59.5276347022489,59.5968694307136,59.6952950754418,59.7923343653594,59.8476575583017,59.8326648872961,59.7492126589491,59.6292000877489,59.51491934037,59.4369674440406,59.4049247167711,59.4116954478885,59.4431041071094,59.4854707163082,59.529002601559,59.5681186450017,59.6004437697624,59.6256118582188,59.6443375142409,59.6578251842726,59.6674377933986,59.6745256976756,59.6803372000142,59.6859570390768,59.6922394459106,59.699718821046,59.7084969441233,59.7181223902167,59.7274948188197,59.7348413845469,59.7378192421873,59.7337878791768,59.720258592998,59.6954658397744,59.6589339178947,59.6118644752913,59.5571757736412,59.4990942884511,59.442319407775,59.390921290725,59.3472494863744,59.311183617674,59.2800192578107,59.2491565752685,59.2135836734217,59.1699574605735,59.1188717640361,59.0666003853056,59.0251838328679,59.009423570157,59.0299002628269,59.08358969719,59.1478476538095,59.185746178181,59.16490839233,59.0787377023326,58.9521765632125,58.8261315936135,58.7341635256404,58.6892550913702,58.6856338203354,58.7084130699534,58.7424730277358,58.7769919055901,58.8062283224398,58.8284259273815,58.8442737312829,58.8556019410333,58.8644905281625,58.8727469599032,58.8816537317716,58.8918975741086,58.9036169717663,58.9165213694167,58.9300417059362,58.9434743800662,58.9560865905324,58.9671636506182,58.9759983750463,58.9818465442505,58.9838945862723,58.9812950715705,58.973310753282,58.9595647546699,58.9403330113033,58.9167582161434,58.890841904887,58.8651084012187,58.8419373147005,58.822704061006,58.8069953279459,58.7922207182587,58.7738953852062,58.7467344074259,58.7065085977582,58.6523739899564,58.5890726917958,58.5279714924201,58.4854525283539,58.477213162996,58.5086587613046,58.5655789768889,58.6136201068419,58.6132369694573,58.544334018416,58.4213606634373,58.2842597710459,58.1730590000613,58.1077623379818,58.0856483078631,58.0910137578678,58.1064515243737,58.1194400038613,58.1239401588736,58.1191686667511,58.1075269579875,58.0927293340478,58.0784624636963,58.0675722560303,58.0616757392821,58.0610941225163,58.0650203442854,58.071844211995,58.0795616902992,58.0861982235433,58.0901813584515,58.0906060345823,58.0873503983147,58.0810254742028,58.0727772788452,58.0639954045038,58.0560050253576,58.0498207250604,58.0460177184048,58.0447323910774,58.0457513223117,58.0486072633808,58.0525955748629,58.0566667809032,58.0592291007031,58.057979975379,58.0499451547887,58.0319138231898,58.0014054097623,57.9581774033893,57.9060567539794,57.854494655508,57.8186737982548,57.8164465405174,57.8606727369649,57.9481067002566,58.0513108946512,58.1240692170122,58.1246918158928,58.0437958364176,57.91203975408,57.779063887903,57.682922098382,57.6347652578553,57.623904718036,57.6315472406362,57.6415791264565,57.6448316452769,57.6386911890476,57.6248638207382,57.6070499831309,57.5891952192169,57.5744036701427,57.5644049581301,57.5594367621236,57.5584226463988,57.5593453298954,57.5597304553728,57.5571630644358,57.5497604009374,57.5365285021835,57.5175457881078,57.4939465245873,57.4677131471549,57.4413194197428,57.4172915740779,57.3977703689203,57.3841590085361,57.3769231286251,57.3755687681501,57.3787743565624,57.3846132922962,57.390790749952,57.3948364433382,57.3942383685055,57.386559545417,57.3696358536124,57.3419910555732,57.3036039277921,57.2570886258033,57.2091408778543,57.1716693719677,57.1613441122354,57.1956575665405,57.2840715534748,57.4161147764272,57.5545377277046,57.6451793932307,57.6458455243371,57.5553161476247,57.4152900719291,57.2817420989838,57.1922315823656,57.1542291508746,57.1543943934873,57.1736770971772,57.1971440813568,57.216806614277,57.2303632809405,57.2387802766404,57.2442048003919,57.2486201018978,57.253169180527,57.2579561447236,57.2621551974629,57.2643044360969,57.262695149294,57.2557820106724,57.2425459072393,57.2227515004595,57.1970605554609,57.1669856644582,57.1346923245271,57.1026799335584,57.073394820291,57.0488462457021,57.0302997341974,57.0181050082635,57.0116825873206,57.0096556635882,57.0100830309105,57.0107305087338,57.0093163310802,57.0036845666763,56.9919008139791,56.9723189975664,56.9437227050915,56.905682486086,56.8592707990827,56.8081979815382,56.7601970053976,56.7279907282753,56.7284243463219,56.7777675785068,56.8820488204543,57.0252769807198,57.1648843640374,57.2456193440098,57.2306780584436,57.127626565621,56.9839916139026,56.8554795061747,56.7758133959629,56.7492457775112,56.7615748869571,56.7944294385993,56.8336351308784,56.8711859308587,56.9038708302257,56.9311551446885,56.9535108101647,56.9714420856305,56.9850749307955,56.9941113963715,56.9979870586782,56.9961164984278,56.9881462799281,56.974159661933,56.9547968701842,56.931270463289,56.9052691678915,56.8787597388716,56.8537166327955,56.8318284665707,56.8142392599094,56.8013761938577,56.7928969343838,56.7877651041187,56.7844365632392,56.7811140537375,56.7760087631353,56.7675439031781,56.7544544329187,56.7357760140449,56.7107646238456,56.6788356026138,56.6396508709425,56.5935060525441,56.5421480816946,56.4900298026268,56.4456896440683,56.4223565006754,56.4361453347122,56.5000107540779,56.6134136776989,56.7525383152884,56.8712599855406,56.9205531460235,56.8781771393475,56.7646242349529,56.6294097590773,56.5201127742864,56.4605084882034,56.4494429343518,56.4723089913593,56.5126182779037,56.5579734032177,56.6011209742654,56.6386967316556,56.669578603308,56.6936542584934,56.7111307098971,56.7222564932242,56.7272884148958,56.7265707211347,56.7206402407174,56.7103058120978,56.6966719115946,56.6810905796452,56.6650398066217,56.6499434861614,56.6369644106461,56.6268115101905,56.6196027982852,56.6148178440226,56.611359871347,56.6077272018876,56.6022670548759,56.5934581172369,56.5801533713376,56.5617202392518,56.5380408067676,56.5093734695345,56.4761218041472,56.438602603895,56.396946934284,56.3512927479748,56.3024120919935,56.25282171691,56.2081890838112,56.1783924312658,56.1769534918622,56.2171446616655,56.3039423409605,56.4243782147361,56.5438367432343,56.6168501743142,56.6112891139807,56.5293570650439,56.4065619810098,56.2890982675232,56.2094393350625,56.177016640682,56.1838845697399,56.2153540159196,56.2577768825692,56.3016551363072,56.3416315316029,56.3753012654847,56.4019895831055,56.4218941219766,56.4356024857739,56.44387187567,56.4475553612434,56.4475909038206,56.4449993517458,56.4408595416435,56.4362454350224,56.4321248330305,56.4292317263351,56.4279337707843,56.4281227642799,56.4291594609062,56.4299022767124,56.4288380118125,56.4243096964924,56.4148069512986,56.399258360486,56.3772532170629,56.3491262512804,56.3158641137565,56.2788355702098,56.2394045959466,56.1985454510619,56.156623350616,56.1135159973245,56.0692158623953,56.0249479368448,55.9846136266716,55.9559664972415,55.9503678680397,55.9796093091197,56.0490102361996,56.1488186617151,56.250196795225,56.3132988914511,56.3075237693674,56.2309601771138,56.1123821782342,55.9935489411504,55.9070096639368,55.8651978516357,55.8632901748651,55.8882459860139,55.9265654534502,55.9681066567563,56.0067621267765,56.0396493122569,56.0659849240253,56.0861581542903,56.1011130594716,56.1119867126818,56.1199166102374,56.1259460031449,56.1309795549245,56.1357602939657,56.1408503854515,56.1466052731934,56.1531365555555,56.1602661018733,56.1674830728413,56.1739247892123,56.1784076518729,56.1795309672355,56.1758621433079,56.1661875721957,56.149784359174,56.1266418468003,56.0975501879227,56.0639891152665,56.027800597099,55.9907065816081,55.9538143911124,55.9173093784775,55.8805455942369,55.8426945536601,55.8039758262678,55.7672291590139,55.7391598727776,55.7300672813865,55.7506283737389,55.8051921613995,55.8838598694366,55.9594519784704,55.9959665569878,55.9676322587396,55.8759539567788,55.7500437513502,55.6293940016509,55.5435129219835,55.5024586374119,55.5000333693723,55.5225266064066,55.5561695737289,55.5908485364576,55.6207888469851,55.6437398329499,55.659778193176,55.6702533929901,55.6770172336099,55.6819171230487,55.6864931950423,55.6918261869851,55.6984967288656,55.7066252167746,55.715965063422,55.7260234956911,55.7361846658968,55.7458111886039,55.7543053035755,55.7611224341158,55.7657470742531,55.7676581487845,55.7663203207622,55.7612321742134,55.7520387882485,55.7386793396407,55.7215040537427,55.7012796686587,55.679025738977,55.6556881643391,55.6317457034053,55.6069312864717,55.5802978426787,55.5508302566628,55.5186603044887,55.4866396103906,55.4615519671976,55.4537061289221,55.473466992977,55.5243270111723,55.595142987523,55.6579606087243,55.6777616913314,55.6320984263583,55.5269320061214,55.3944928370129,55.2743177878475,55.1931975336139,55.1574178641893,55.1575672772836,55.1780190069091,55.2043866390741,55.2269319338327,55.2409174657009,55.2455148265614,55.242373532493,55.23435385125,55.2245673236557,55.2157229786779,55.2097387485924,55.2075738803503,55.2092404467319,55.2139543368504,55.220386789981,55.2269743137075,55.232238134719,55.2350597917285,55.2348641517871,55.2316776195099,55.2260544751054,55.2188926158468,55.2111859739299,55.2037778648337,55.1971791632964,55.1914922157611,55.1864405776597,55.1814624936648,55.1758037860192,55.1685594105373,55.1586656078474,55.1449231489005,55.1262060545912,55.102033419013,55.0735978183951,55.0450908240935,55.0247030592682,55.0240805753525,55.0547108041966,55.1206405889928,55.2100609174527,55.2925980829377,55.329583540284,55.2956648509823,55.1966938972646,55.0675373173477,54.9508222754612,54.8746533794533,54.8445327549668,54.8493412785952,54.8720585077288,54.8977479597018,54.9168859094177,54.9254049345403,54.9233121332659,54.9130594186387,54.8981567086773,54.8821463575157,54.8679205385963,54.8573325051301,54.8510536381073,54.8486341017998,54.8487273102118,54.8494336858899,54.8487087366006,54.8447712028982,54.8364463010358,54.8233890369274,54.8061506292533,54.7860748421316,54.7650399416011,54.7450934499721,54.7280526051997,54.7151525937351,54.7068115610094,54.7025499585191,54.7010627057534,54.7004087543156,54.698266464737,54.6922151775773,54.6800464709916,54.6601706550245,54.6322329001329,54.5980358775097,54.5627074841092,54.5356712108551,54.5303645877774,54.5610979032339,54.6358507998942,54.7465079500106,54.8630234004237,54.9408107531644,54.9435708947482,54.867492889216,54.7453068139712,54.6251326122227,54.5429001997673,54.5093971093443,54.5151630155001,54.5426905076244,54.5760500354002,54.6049614204527,54.6248609725117,54.6353025639174,54.6381653734886,54.6362378303968,54.6322628149378,54.6283657501532,54.6257707510753,54.6247347837639,54.6246517405569,54.6242855930056,54.6220876388953,54.6165463172921,54.606516084669,54.5914757497447,54.5716750399815,54.5481415595645,54.5225410240723,54.496910858878,54.4733139325661,54.4534760814345,54.4384732441409,54.428522749995,54.4229122954981,54.4200726709269,54.4177714714697,54.4133850309021,54.4042072146418,54.3877830051526,54.3623056434469,54.3271678926756,54.2837743507561,54.2366418759351,54.1945479722796,54.1709499376279,54.1821835513583,54.2416751003235,54.3499509811166,54.484826657351,54.6016313474806,54.6516371616521,54.6116974213478,54.5013403772235,54.3699721602809,54.2654434348528,54.2111238111358,54.2045019878731,54.2293062795469,54.267881004624,54.3075764510601,54.3417983535908,54.3685157253007,54.3883019981003,54.4027919373856,54.4137096025576,54.4223549117182,54.4294019600953,54.4348988268361,54.4383955791678,54.4391482831088,54.4363566220764,54.429397814907,54.4180228593674,54.4024844122016,54.3835721832736,54.3625448791624,54.3409666621599,54.3204750883805,54.3025203730053,54.2881204594316,54.2776739429119,54.2708639274296,54.2666691985169,54.2634758496104,54.2592599776362,54.2518012227332,54.2388955340877,54.2185640956395,54.1892985361798,54.1504305621133,54.1027466923109,54.0494414468661,53.9973343498134,53.9578634383226,53.9466801111275,53.9800184199982,54.0664388907805,54.1956726166673,54.3321759133055,54.424284941775,54.431151201492,54.3501464230494,54.2196416097407,54.0932325409063,54.0089989690651,53.9771364314846,53.9871289083799,54.0213121050996,54.0643973304059,54.1067899764964,54.1440260810802,54.1749383775162,54.1999693863664,54.2200533412547,54.2360240056964,54.2483846880448,54.2572933813172,54.2626615668343,54.2643027724882,54.2620900841829,54.2560933676201,54.2466725765648,54.2345093049923,54.2205684153216,54.2059943865685,54.1919591460634,54.1794865999558,54.1692836576682,54.1616086817819,54.1562043467284,54.1523102673013,54.148752133452,54.1440844553249,54.1367514933331,54.125230767803,54.1081369500815,54.0842908343106,54.0527980529824,54.0132302810686,53.9660409596738,53.9133415099843,53.8600486567175,53.8150976961733,53.7918328688533,53.8059797793313,53.8694916439642,53.9804705488703,54.1142104351355,54.2252684418194,54.267181730906,54.2207495884741,54.1077392797737,53.9763298503738,53.8714862988612,53.8149858488711,53.805057395738,53.8274630958289,53.8663904999726,53.9100284937627,53.9515437063513,53.9878964278694,54.0182733945887,54.0428881087832,54.0622720498583,54.0769440999842,54.087312689804,54.0936995312309,54.0964136127268,54.095831717793,54.0924580686039,54.0869465378361,54.080078296373,54.0726966137709,54.0656080705999,54.0594655753705,54.0546538035504,54.0512011640928,54.0487412875029,54.0465386926855,54.0435784898986,54.0387032413455,54.0307667621781,54.0187682349076,54.001932959601,53.9797215589422,53.9517803109663,53.9178896628223,53.878016146377,53.8326067861135,53.7832555581239,53.7337682053556,53.6913766241036,53.6673417737438,53.6755431937519,53.7274688598215,53.8234935012426,53.9443462144591,54.0511154990833,54.1004526432359,54.0693431756395,53.9705873371651,53.8445784549493,53.7345864424062,53.6662598511413,53.6433252029891,53.6554165367142,53.6880837972797,53.7290722399715,53.770340721545,53.807614543602,53.8391649082174,53.8646945785206,53.8845868421949,53.8994863748422,53.9101037694995,53.9171458396055,53.9213045022717,53.9232638148154,53.9237029334014,53.9232839714785,53.9226205238906,53.9222273642691,53.922456471571,53.9234299159136,53.9249852068724,53.9266510344184,53.9276686985465,53.9270664911501,53.9237822245638,53.9168150702369,53.9053745469448,53.8889864694727,53.867519652225,53.8411188445828,53.8100686798818,53.7746626609412,53.735197297846,53.6922368902853,53.6472704318052,53.6037576058273,53.5682650929288,53.5508937225768,53.5636582073162,53.6155194273071,53.7044367037287,53.8105314138299,53.897772488773,53.9288115167359,53.8863992502887,53.7849766971477,53.6618612467428,53.5556145433452,53.4888711218724,53.4649097042315,53.4743549643598,53.5038319752828,53.5416258432008,53.5797401811878,53.6137393005347,53.641781644508,53.6636321951489,53.6799249966631,53.69168739585,53.7000563735028,53.7061168999297,53.7108141059283,53.7149107368099,53.7189730597374,53.7233738576223,53.7283035235249,53.7337818389932,53.739665104782,53.7456467534185,53.7512546500585,53.7558540278086,53.758669187375,53.7588368540114,53.755496988598,53.7479125382615,53.7355916999465,53.7183728029641,53.6964327450794,53.6702017524683,53.6402097526718,53.6069447899306,53.5708560508874,53.5326572242625,53.4940382383009,53.4587161703912,53.4333953604348,53.4276942560395,53.4517241717047,53.5104967474493,53.5965621273551,53.685866434866,53.7433666626075,53.7396384506687,53.6688330221748,53.5533895896532,53.4309194110625,53.3342118093834,53.2789087954015,53.263587351606,53.2770742031659,53.3060586817905,53.3396128492965,53.3706402963132,53.3955576673808,53.4133547666691,53.4246421712614,53.4308935098496,53.4338992828571,53.4353934196668,53.4368135045681,53.4391671930085,53.4429858151935,53.4483498456934,53.4549708988943,53.4623118407218,53.4697219254023,53.4765608207712,53.4822875102006,53.48649873804,53.488915385595,53.4893304517548,53.4875446350941,53.4833198328281,53.4763732788826,53.466415958706,53.4532154527731,53.4366478153925,53.4167081370218,53.3934821368729,53.3671375567165,53.3380542665882,53.3072359230898,53.277074371211,53.2523039237649,53.2405558645547,53.2514249572102,53.2928489773982,53.3647193687065,53.452519179088,53.5269278515793,53.5543701690567,53.5153086871564,53.4174362281334,53.2921746295113,53.1769545743507,53.0974212224727,53.0606721991045,53.059362625896,53.0798876592245,53.1089684689656,53.136874862371,53.1580450141341,53.1704151381036,53.1743772056647,53.1717908134177,53.1651785902175,53.1571158852439,53.1497970839867,53.1447611217796,53.1427621706144,53.1437719778547,53.1470968987588,53.1515849508331,53.1558879361093,53.1587350077736,53.1591711517989,53.1567186981011,53.1514320187066,53.1438344613707,53.1347508866498,53.1250743707801,53.1155235835157,53.1064500193539,53.0977389686712,53.0888200422492,53.0787738499332,53.0665055747324,53.0509659072601,53.0314374216494,53.0079527324885,52.9819253263558,52.9569841424611,52.9397324497707,52.9396883981175,52.9672212215686,53.0285095679132,53.118345683828,53.215063906645,53.2842425421108,53.2940355806998,53.2343334462682,53.1245981885612,53.0027944393345,52.904497007338,52.8480804127431,52.8331468080167,52.8478341031413,52.8773239200433,52.9092403421888,52.9355845895844,52.9525494441144,52.9595082988594,52.9578971699994,52.9502542019448,52.9394650648704,52.9281985959188,52.9185136935078,52.9116274221918,52.9078385633403,52.906596885067,52.906697502684,52.9065659647692,52.9045881653099,52.8994330527983,52.8903160286113,52.8771570999431,52.8606017345499,52.8418950431008,52.8226287321164,52.8044080760629,52.7885047147183,52.7755652594475,52.7654348243755,52.7571317261406,52.7489814726282,52.7388958266162,52.7247786975156,52.705060116564,52.6793885843344,52.6495076395722,52.6202307175403,52.6001260328575,52.6010242988009,52.6350389489111,52.7082251471988,52.8123592806641,52.9203813493392,52.9930188092963,52.9980806548544,52.930936459837,52.8188094693521,52.7041392314899,52.6212176787445,52.5834690202379,52.5856024121073,52.6131686473938,52.6511962571315,52.6886063678604,52.7190930100789,52.7402612787257,52.7523318997282,52.7569982683345,52.7565748145629,52.7534023917649,52.7494484727913,52.7460602891638,52.743851367787,52.7427113728051,52.7419259825177,52.7403838929401,52.7368381960435,52.7301824483264,52.7196982983529,52.7052324535338,52.6872683799524,52.6668740538974,52.6455293157167,52.6248595139897,52.6063206023593,52.5908913958828,52.5788298506754,52.5695411346165,52.5615868566638,52.5528427534625,52.5407968837433,52.522982166661,52.497557623023,52.4640770141145,52.4244720595903,52.3841586404327,52.3528568463523,52.3441695715977,52.3724434542614,52.4457841854752,52.5566050389506,52.675811303797,52.7595371598352,52.7709127198497,52.7039073947952,52.5885358773722,52.4715471569044,52.3896793809082,52.3559931317143,52.3634325991924,52.3961006644669,52.438621717549,52.4803587228006,52.5157571157049,52.5430285643778,52.5626189964345,52.5760225886812,52.5850114120777,52.591184102386,52.5957271835599,52.5993174806531,52.6021253217099,52.6038944611146,52.6040791521098,52.6020174561669,52.5971165363123,52.5890224621341,52.5777462100164,52.5637215885068,52.5477807048581,52.5310464628817,52.5147560325648,52.5000415777971,52.4877033739434,52.4780143174132,52.4705915948296,52.4643601551384,52.4576169011539,52.4481915467421,52.4336979131083,52.4118827424926,52.381106258087,52.3410174249514,52.2934846281286,52.2437433446937,52.2014280111649,52.180597944022,52.1972143888013,52.2625344632752,52.3729860734487,52.502005851739,52.603734448187,52.634106399072,52.5785831112206,52.4631382363255,52.3370181694476,52.2428389494084,52.1985351003561,52.199085779025,52.2285029009401,52.2705720384904,52.3139061883541,52.3524823110036,52.3842049762065,52.4092153376205,52.4286198672477,52.443719376135,52.4556147401882,52.4650502262648,52.4723950824867,52.477703369095,52.4808171341378,52.4814904261424,52.4795158470159,52.4748358397365,52.4676215537194,52.4583054923292,52.4475605994106,52.4362265596758,52.4251922444523,52.4152506428616,52.4069486484451,52.40045707145,52.3954839742286,52.3912462123461,52.3865024459323,52.3796407977836,52.3688108149708,52.3520962520337,52.327744906853,52.2945038257327,52.2521433124434,52.2022625999642,52.1493935134828,52.1021615497844,52.0737412184796,52.0801446352073,52.1346156585216,52.2379170600813,52.368751606315,52.4838034746404,52.5352413676931,52.4991347256625,52.3923828048089,52.2615203178562,52.1533362974193,52.0925290519317,52.0792021437374,52.099489806855,52.1370963849145,52.1796065292989,52.2198386082502,52.2547216942981,52.2836420900506,52.3071267826786,52.3260343923692,52.3411501433387,52.3530362817225,52.3620232222987,52.368269536973,52.3718492790713,52.3728419813231,52.3714088654954,52.3678434042007,52.3625884883735,52.3562170407203,52.3493777993261,52.3427129955044,52.3367596915683,52.3318508718102,52.328034230228,52.3250242238691,52.3221962027256,52.3186221956973,52.3131391987404,52.304435573256,52.2911425878979,52.2719299619183,52.2456294634925,52.2114476605562,52.1693665148089,52.1208406600064,52.0698287108856,52.0239575557955,51.9951316002361,51.9982330597182,52.0462453758465,52.1413866271228,52.2657882060836,52.3802196984399,52.4386670628327,52.4143839900584,52.3179315887781,52.1903189056924,52.0771665198862,52.0061247208729,51.9815655127578,51.9927691608031,52.024713931547,52.0648310225751,52.1050950413988,52.141445410859,52.1724101103496,52.1978867293007,52.2183440552143,52.2343948140403,52.246613253995,52.255488574789,52.2614421248249,52.2648664057714,52.2661630452526,52.2657677713976,52.2641564594006,52.2618299817841,52.2592785005286,52.2569290025624,52.2550835337056,52.2538589777154,52.2531409455954,52.2525631781358,52.2515195482914,52.2492089479191,52.2447052984011,52.2370375985865,52.2252616290925,52.2085102149096,52.1860267970077,52.1572181318745,52.1218010545176,52.0801515021555,52.0339624057524,51.9872264698493,51.9473002537763,51.9253192622904,51.9346439695167,51.9859076170669,52.0787337893215,52.193994785872,52.2944088110317,52.3392441138252,52.3073533598134,52.2111059541053,52.0884862801082,51.9802713525561,51.9110765298541,51.8851199662498,51.8931797881247,51.9217975740156,51.9592467100867,51.9976129870363,52.0325349022756,52.0621452106816,52.086050248423,52.1046127609677,52.1185269293959,52.128594276052,52.1356151596367,52.1403389998593,52.1434416958347,52.1455147825699,52.1470590119736,52.1484783892626,52.1500719932967,52.1520219032355,52.1543770792423,52.1570352891071,52.159727800726,52.1620137665828,52.1632918718876,52.162834719585,52.1598459290935,52.1535318263666,52.1431719242533,52.1281701265197,52.1080769866306,52.0825954788064,52.0516173325338,52.015376161172,51.9748283030304,51.9323444841743,51.8926529664033,51.8636489292098,51.8561819257241,51.8815220139962,51.9456172743281,52.0414365549119,52.1443964450736,52.217711880992,52.2293509566263,52.1709890116368,52.0637174246709,51.945198070229,51.8492087739416,51.7926949821938,51.7754787314142,51.7874407905529,51.8160775327329,51.8509620963994,51.8851466756975,51.9148448199188,51.9385514229621,51.9561970070446,51.9685192982479,51.9766430918274,51.9818080696361,51.9851918930023,51.9877965636825,51.9903820143546,51.9934390706963,51.9971962789632,52.0016540079374,52.0066365144253,52.0118500326443,52.0169342502667,52.0214970541442,52.0251281397352,52.0273945370662,52.027827916686,52.0259170196197,52.0211166593984,52.0128773763756,52.0006900075707,51.9841332216643,51.9629166576122,51.9369328150402,51.906366119385,51.8719446894768,51.835427901778,51.8003467357797,51.7727869928991,51.761599350125,51.7769762527316,51.8263519872417,51.9078877081767,52.0047358948216,52.0859894368869,52.1183639350219,52.0841415473806,51.9925281256153,51.8746065381782,51.7659361500915,51.6904153280858,51.654795741615,51.6528232813201,51.6726407703261,51.7025471071824,51.7337463598817,51.76085831759,51.7813660243576,51.7947919060852,51.8019502827788,51.8043614703176,51.8038121720558,51.802030502168,51.8004547588781,51.8000867665251,51.8014261575122,51.8044816246045,51.8088504697983,51.8138503736811,51.818679566793,51.8225763245646,51.8249481473393,51.8254461022972,51.8239704894147,51.8206091014781,51.8155260824101,51.8088330414262,51.8004794926702,51.7901941866663,51.777494734263,51.7617674681112,51.7424128358692,51.7190617931213,51.6918942967696,51.6621121435061,51.6325890794688,51.6085734661245,51.5980003238083,51.6105472041464,51.6544019509689,51.7305251941646,51.8265661233059,51.9155202536035,51.9640948157192,51.9492742734612,51.8724530226805,51.7594640222631,51.6460611743874,51.5604353243075,51.5142841517537,51.5044703974685,51.5199420064515,51.5482471529777,51.5792443544598,51.6062696487582,51.6258883503541,51.6371444261898,51.6407703986164,51.6385089588011,51.6325616725666,51.6251485902047,51.6181693626497,51.612967538193,51.6102040544924,51.6098426483961,51.6112409181818,51.6133288273118,51.6148446880399,51.6145898690143,51.6116593330238,51.6056066822005,51.596510849782,51.5849277921566,51.5717332727665,51.5578875726394,51.5441730238977,51.5309646758598,51.5180905321549,51.5048225367258,51.4900192700103,51.4724255677229,51.4511304194148,51.4261881927111,51.3993912472045,51.3750866501719,51.3606885389489,51.3661519753951,51.4013772951883,51.4709292799988,51.5673548064479,51.6674940430019,51.7376145445261,51.7486871410775,51.693422714039,51.5916644920407,51.4790378762824,51.3881064787197,51.3357458096145,51.322144063524,51.3372593194152,51.3681657454044,51.4037158409149,51.4362635753374,51.4615998622929,51.4782015118448,51.4863982489077,51.4876663599143,51.4840681599227,51.4778061869696,51.4708694960014,51.464769251365,51.4603730423649,51.45784801135,51.4567143005731,51.4559970561562,51.4544517971021,51.4508272684676,51.4441231605275,51.4337981903099,51.4198886574892,51.4030102717537,51.3842362801423,51.3648691645884,51.3461461453482,51.328935500185,51.3134879665951,51.2993039029043,51.2851639290167,51.2693536885343,51.2500995340818,51.2262240118827,51.1980144956616,51.1682342057561,51.1430248062276,51.1321017860171,51.1472185693969,51.1978200486011,51.283989889797,51.3897898641535,51.4833070361513,51.5284806637395,51.5048196814049,51.4209368051742,51.3098676022968,51.2097901450968,51.1457621220221,51.1237295764827,51.1356401870591,51.1680369888516,51.2084022359036,51.2478697250101,51.2814178426754,51.3070027043398,51.3245390331702,51.3350776987667,51.3402228280968,51.3417289711679,51.3412163025224,51.339969172858,51.3388080748261,51.3380372632534,51.337470469116,51.3365299853578,51.3344046963809,51.3302434661946,51.3233532418469,51.3133676240538,51.3003532972772,51.284829871559,51.2676927574387,51.2500460958494,51.2329702207681,51.2172627701861,51.2032019866929,51.190383065959,51.1776733898321,51.1633231646795,51.1452602820137,51.121596634157,51.0913728176603,51.0555446231205,51.0181143177209,50.9870552834708,50.9742293993095,50.9930227574826,51.0525727532731,51.1493228042949,51.2605720165128,51.3478351484961,51.3740166407876,51.3258541086275,51.2235748868492,51.1083088935139,51.0181144474364,50.971659458369,50.9674687261797,50.992783970116,51.0328677109464,51.0762255923601,51.1159142704657,51.1487833376097,51.1741695411014,51.1927699100237,51.2058732686567,51.2148959177659,51.2211187232961,51.2255455442259,51.2288373742779,51.2313013343713,51.2329256543504,51.2334544356973,51.2324934870464,51.2296339078847,51.2245754620788,51.2172290258078,51.2077781676175,51.1966848714361,51.1846327900243,51.1724116429464,51.1607569194137,51.1501685282835,51.1407387783277,51.1320223516365,51.1229784122405,51.1120100990682,51.0971242190501,51.0762386808068,51.0476775740779,51.0109040352781,50.9675194085915,50.9224425489217,50.8848869312843,50.8682278644571,50.88729584937,50.9518080317559,51.0568578728795,51.1760076556504,51.266031207292,51.2873019816534,51.2287356330061,51.1162270666308,50.9958090101163,50.9065392688662,50.8646631151351,50.8654394948068,50.8940038333961,50.9351213185648,50.9778801761175,51.0163014193546,51.0481074818052,51.0732062199171,51.0925267416851,51.1072996409118,51.1186762412971,51.127559581306,51.1345546698645,51.1399835339001,51.143936424133,51.1463441725791,51.1470618943411,51.1459547147179,51.1429749602029,51.1382195451311,51.1319574469572,51.1246203999655,51.1167546791634,51.1089374251859,51.1016668568912,51.0952411424007,51.0896442914362,51.0844578847491,51.0788147860388,51.0714072460908,51.0605605623986,51.0443884742142,51.0210603617977,50.9892320597397,50.9487110307768,50.901411276466,50.8525384678409,50.8116359033034,50.792559879281,50.8108321635861,50.8769269116736,50.9862897450646,51.1117842151384,51.2082040123593,51.2334630489477,51.1750553348114,51.0593512092597,50.9340935959167,50.8399209947844,50.7938065623963,50.7910763867793,50.8167590639886,50.8556124562413,50.8968263411366,50.9345326974413,50.9664874533852,50.9925185663946,51.0133698045238,51.0300151457939,51.043323698801,51.0539376899785,51.0622639356503,51.0685191963558,51.0727971780583,51.0751399708978,51.0756035780432,51.0743099677652,51.0714796124495,51.0674401856453,51.0626093549402,51.0574523927922,51.0524185669899,51.0478637497118,51.0439696786379,51.040671689785,51.0376057172143,51.0340822157035,51.0290909351061,51.0213384737771,51.0093230280453,50.9914608185286,50.9662986960848,50.9328756341842,50.891319290749,50.8437479418013,50.7954256741035,50.7557960171993,50.7384478264424,50.7584594430039,50.8257299927749,50.9352055140727,51.0597262576626,51.1548341567098,51.1795990082778,51.1220259859089,51.0076367709718,50.882556956287,50.7863826158357,50.7363263327851,50.7288537122705,50.7502266798796,50.7859974946258,50.8256066562577,50.8630332784377,50.8956670454378,50.9229055353374,50.9450918994096,50.9628814784629,50.9769325048772,50.987792981016,50.9958886833052,51.001554483014,51.0050777464361,51.0067381784145,51.0068366222401,51.0057093248837,51.0037262148863,51.0012731173983,50.9987192965178,50.9963735989608,50.9944346130555,50.9929420151558,50.9917368446804,50.9904373274521,50.9884341671493,50.9849056796221,50.9788501069429,50.9691321447531,50.9545463815355,50.9339153857713,50.906265786669,50.8711567824964,50.8292543102977,50.7832107971959,50.7387551079624,50.7055360683029,50.6966923470708,50.7256512521025,50.7991792439744,50.9083931609195,51.0239463451708,51.103530880887,51.1127783248932,51.0465937193331,50.9327376155699,50.8140059213714,50.7246895484509,50.6785891395827,50.6716956938754,50.6915246777644,50.7250966541438,50.7627566933643,50.7987459487488,50.8303071822101,50.8565438270604,50.8775375894236,50.8938044166627,50.9060085284667,50.9148323869605,50.9209261611839,50.9248912023372,50.9272748755273,50.9285674772494,50.9291982959104,50.9295300207369,50.9298509857459,50.9303646438118,50.9311759574466,50.9322752981315,50.9335218335114,50.9346298274122,50.9351621456879,50.9345348891617,50.9320351018448,50.9268503713294,50.9181066359222,50.9049118859842,50.8864125863721,50.8618891904353,50.8309455260426,50.7938739516099,50.7522780895715,50.7099574080762,50.673830181232,50.654244019616,50.663512791084,50.7114427979569,50.7979354702729,50.9060439963224,51.0022379848993,51.0489930962536,51.0251343227876,50.939177757015,50.8239968662621,50.7173896817228,50.6443363957675,50.6114780096608,50.6121306091658,50.6343853786394,50.6669813760106,50.7017815388483,50.7339422162372,50.7611356917529,50.7826592540936,50.7987485659653,50.8101304053139,50.8177516211751,50.8226142671173,50.8256693128295,50.8277445494073,50.8294974279646,50.8313905055915,50.8336885682104,50.8364749754192,50.8396821356872,50.8431285553046,50.8465537522649,50.8496433548713,50.8520400459224,50.8533408382922,50.8530859449049,50.8507475629739,50.8457271158631,50.8373671243263,50.824981145062,50.8079062437514,50.7855918428953,50.7577585565654,50.7246856255365,50.6876966045113,50.6498691705373,50.6168336633587,50.5971929688529,50.6016523376799,50.6397471253066,50.7138496726902,50.8125745077112,50.9088354896184,50.9679220547225,50.964441699149,50.8973719255235,50.7909508356445,50.680468200946,50.5945735564801,50.5459684672985,50.5327541887687,50.5451361884612,50.5717721695498,50.6033425183495,50.6336154417862,50.6591528559676,50.6785814891273,50.6918905753178,50.6998919914933,50.7038324534942,50.7051121908637,50.7050747906685,50.7048516745482,50.7052576928429,50.7067393610395,50.7093763494266,50.7129322990317,50.7169446426673,50.7208366137333,50.7240300800089,50.7260370790652,50.7265118522835,50.7252534998326,50.7221607882193,50.7171528266906,50.7100791610244,50.7006473113003,50.6883938192994,50.6727188170008,50.652999489669,50.6288004350446,50.6002095349776,50.568334223791,50.5359610519274,50.508254619584,50.4930981044284,50.5002977627929,50.5386817952981,50.6107600227158,50.706672175132,50.8019489858634,50.8640621130488,50.8674847545121,50.8083443987136,50.7071642013118,50.5971742708081,50.5075877103462,50.453299416814,50.4346147874192,50.4429772659995,50.4672223192185,50.4975306256531,50.5269332204149,50.5513240220738,50.5688854846293,50.5794310420793,50.5838428189343,50.5836228036841,50.5805305268263,50.5762861880003,50.5723350386222,50.5696800700389,50.5687926381666,50.5696064921321,50.5715922524352,50.5738988546982,50.5755380888947,50.5755804838943,50.5733273380616,50.5684258768365,50.5609029726151,50.5511075665655,50.5395713557269,50.5268176938893,50.5131647262154,50.4985760246436,50.4826090877041,50.4645017683415,50.4434243878242,50.4189147661153,50.3914991606453,50.3634594847169,50.3395881297876,50.3275273239088,50.3369526988394,50.3766964304036,50.4495090286636,50.5461053627337,50.6428221466459,50.7077505933705,50.7153081349475,50.6608270744883,50.5638285807241,50.4569966901356,50.3696651610119,50.3172266060621,50.3004590415692,50.3110458644224,50.3378327609035,50.3708692149764,50.4029931373996,50.4298907774552,50.4495502722403,50.4616264267044,50.4668986755305,50.4668362295701,50.4632378021533,50.4579221282563,50.4524668408089,50.4480084039379,50.4451203565447,50.4437826172201,50.4434440956591,50.4431676232794,50.4418333957988,50.4383671850161,50.4319540267705,50.4221979066525,50.4091942122728,50.3934952236599,50.3759689404666,50.3575748833885,50.3391021694228,50.3209303704221,50.3028796391297,50.2842131688914,50.2638441589998,50.2407828225145,50.2148325136506,50.1874884342511,50.162866210851,50.1482432553712,50.1534526108666,50.1881648021399,50.2566119195645,50.3512031840472,50.4493376756612,50.5187359256724,50.5320544776716,50.48263119239,50.3891180342432,50.284763940235,50.2000444499937,50.1510702445682,50.1386037849946,50.1538974961312,50.1853910452261,50.2229797615639,50.2595854399025,50.2910811840491,50.3156033588382,50.332827533611,50.3434030678157,50.3485478338431,50.3497485410349,50.3485205872405,50.3462072721838,50.3438200700376,50.3419329051435,50.3406440947565,50.3396125421221,50.3381635994267,50.3354483571341,50.3306304686615,50.323068339249,50.3124585690719,50.2989101353031,50.2829288191098,50.2653072438172,50.2469350564927,50.2285626803676,50.2105675020061,50.1927813426781,50.1744418750209,50.1543286223649,50.1311365592651,50.1041229716026,50.0740188284586,50.0440847766698,50.0209580598463,50.0145635040002,50.0360160808865,50.0926646411356,50.1810415648337,50.2816174479377,50.3615701793801,50.3886609985531,50.349671798072,50.2593911329933,50.1519737064454,50.0618036887999,50.0086360239178,49.9947850358055,50.0111898672646,50.0452355331288,50.085919875806,50.1257543637546,50.1606147285667,50.1888311223239,50.2102592466994,50.2255908281916,50.2359099353072,50.2424211826115,50.2462777247662,50.2484639231142,50.2497136810521,50.2504622744937,50.2508363236552,50.2506856232298,50.2496550809409,50.2472879556235,50.2431449620702,50.2369189003548,50.228522411073,50.2181284069357,50.2061492456762,50.193151100125,50.1797124592704,50.1662482359563,50.1528320133405,50.1390575807654,50.123986765883,50.1062342590221,50.0842427038386,50.0568009797483,50.0238429099663,49.9874988160853,49.9531978703897,49.9302725284649,49.9310368087377,49.9670569646431,50.0421637696465,50.144561216651,50.2442787319499,50.3026819747177,50.2927929444547,50.2168363443657,50.1056282040161,49.9997262994235,49.9283063877347,49.9003039411427,49.9086972946613,49.9398237894099,49.9806829984169,50.0221430313436,50.0591627308466,50.0897427368385,50.1137201270775,50.1318492598754,50.1452252967426,50.1549662717704,50.1620545650114,50.16726591951,50.171145051365,50.174008968307,50.1759711192492,50.1769838963156,50.1768967767991,50.1755248773119,50.1727194840938,50.168429424538,50.1627410733606,50.1558861970781,50.1482108834763,50.140104817751,50.1318971220931,50.1237319875146,50.1154437696354,50.1064566400614,50.0957383133748,50.0818419873261,50.0630777004428,50.0378649243482,50.0053269265321,49.9661734005655,49.9238338251748,49.8855735962817,49.8628822612062,49.8698600364287,49.91817770894,50.0085696903249,50.1226072143911,50.2227689765458,50.2672968950761,50.2344482533309,50.1376431305608,50.0171227124692,49.9152044564766,49.8559472330783,49.8413056035569,49.8595046342717,49.8953800816506,49.9366758848609,49.9758738047409,50.0095020932976,50.0367080945919,50.0580018672281,50.0744199428103,50.0870599925444,50.0968632894974,50.1045390463108,50.1105616766586,50.1152026040957,50.1185774756817,50.1206996875638,50.1215352731922,50.1210550388434,50.1192791678091,50.1163086844613,50.1123381370266,50.1076451004859,50.1025545413614,50.0973793070351,50.0923415790675,50.0874837273308,50.0825802392509,50.0770649233202,50.0699896239445,50.0600336839836,50.0455899669577,50.0249658714715,49.9967559110804,49.9604573267203,49.9173855806023,49.8718465160192,49.8322495443579,49.8113361429089,49.8240880092311,49.8818333431543,49.9828766423479,50.1043867910783,50.2045367995135,50.2406881303576,50.1952154198497,50.0880743998777,49.9637204776595,49.8640529442006,49.8097379826522,49.7993992186528,49.8196643721251,49.8554174063644,49.8952592361782,49.9326135234733,49.9646827764966,49.9909507810231,50.0119881138715,50.0287113775807,50.0420046519816,50.052569255459,50.0608968485347,50.0673000332137,50.0719642850748,50.0750031717974,50.0765083008947,50.076589669094,50.0754036518694,50.0731664852,50.070151696668,50.0666708955447,50.0630386449252,50.0595237275434,50.0562908778144,50.0533387583029,50.0504412089913,50.0470993011201,50.0425118374878,50.0355730351243,50.0249104752296,50.0089865326717,49.9863039820369,49.9557792932614,49.9173636243181,49.872969664209,49.8276380099669,49.7905590250197,49.7750113105178,49.7957022786738,49.8621954440523,49.9693938947241,50.0907176300426,50.1829711237177,50.2066059456202,50.1501697003232,50.0384280671818,49.9160394244424,49.8214600753123,49.7716121433509,49.7633127594598,49.7833505279881,49.817675018463,49.8559264286298,49.8921419477621,49.923702269417,49.9499789609539,49.9712958247604,49.9883033958553,50.0016704256707,50.0119683663484,50.0196546558457,50.0250970496232,50.0286083582445,50.0304773937402,50.0309906214206,50.030443078013,50.0291387553707,50.0273811770683,50.0254550642082,50.0236002392052,50.0219794796804,50.020642894236,50.0194922701883,50.0182493273023,50.0164316539726,50.0133395653159,50.0080571790164,49.9994733324863,49.9863348014772,49.9673579575765,49.9414463470164,49.9080859389256,49.8679989058641,49.8240885313714,49.7825295167002,49.7534713446616,49.7502559325945,49.7856855695233,49.8646679387402,49.9755647015265,50.0869243239783,50.157078072149,50.1556627510218,50.0827090539195,49.9687162643966,49.8553613029225,49.7735410935301,49.7339406482875,49.7310543932602,49.7523718553161,49.785606715934,49.8218972625667,49.8560920738488,49.8858062985662,49.910331534609,49.929821902139,49.9448046605344,49.9559296628557,49.963858966701,49.9692248939926,49.9726148732262,49.9745632482867,49.9755432034857,49.9759582495813,49.9761347019403,49.9763161978705,49.9766600447874,49.9772340935356,49.9780124289058,49.9788685839932,49.9795660509893,49.9797472230425,49.978923119194,49.9764670090926,49.9716155273732,49.963482025072,49.9510907365925,49.9334495771505,49.9096961394572,49.879373935268,49.8429124210351,49.8023645782128,49.7623437117307,49.7308254910325,49.7190237793836,49.7391163434854,49.7988393861748,49.8938442251742,50.0022651170058,50.0883189211377,50.1177924714969,50.0774957305941,49.983582010359,49.8713314955904,49.7752511723868,49.7147427028376,49.6921304286024,49.6989944726221,49.723694304113,49.7561143098682,49.7893164737838,49.8193511241205,49.8444275101261,49.8640989681801,49.878675566379,49.8888585007823,49.8955254082278,49.8996003515772,49.9019663147872,49.9034003139624,49.904525659167,49.9057825791225,49.9074193978295,49.9095041615135,49.9119531513755,49.9145695264401,49.917083312647,49.919183702954,49.9205365385966,49.9207837738671,49.9195268319552,49.9163007008762,49.9105492349561,49.9016141760426,49.8887520960294,49.8711974493806,49.8482992214123,49.8197735519221,49.7861270373852,49.7492905594036,49.7134141257075,49.6855485353483,49.6755613992507,49.6942658814912,49.7488990981586,49.8365533508462,49.9390625519946,50.025060611155,50.0623178754605,50.0349296312241,49.9529065093842,49.8460777269541,49.7474361319128,49.6787076035682,49.6459880648113,49.6438423617785,49.6619812966624,49.6902778880547,49.7210716210385,49.7495311888538,49.7731415700783,49.7910114474259,49.8032917564023,49.8107581775026,49.8145201356403,49.8158078017548,49.8158057744779,49.8155218457501,49.8156921006221,49.8167281876728,49.8187108747243,49.821428742943,49.8244543431026,49.8272438526614,49.8292414653354,49.8299678029206,49.8290738429372,49.8263486273196,49.8216794319388,49.8149750576015,49.8060738742995,49.7946659266795,49.7802616997541,49.7622400033542,49.7400067044952,49.7132967688864,49.6826493608348,49.6500591306028,49.619714561666,49.5985252555521,49.595811802285,49.6212589021178,49.6805009893604,49.769165368658,49.8687692810048,49.9494840913788,49.9819485060185,49.9526858626278,49.872092053315,49.7683966785989,49.6725147396591,49.6050198574426,49.5720645498997,49.5689097741412,49.5859405726054,49.6133539345029,49.643459349637,49.6711902754824,49.6937541881276,49.7100563358669,49.720177020325,49.7249637117274,49.7257134014637,49.7239097077855,49.7209962018891,49.7181864773565,49.7163225611508,49.7157950102095,49.7165329733247,49.7180638486288,49.7196322976002,49.7203588040351,49.7194101790783,49.7161503007428,49.7102407477637,49.7016687308698,49.6906933806314,49.6777192745402,49.6631251917754,49.6470927105426,49.62948968798,49.60986578869,49.5876114848982,49.5623194077895,49.5343634116029,49.5056583270424,49.4804459620976,49.4657319390806,49.470697292496,49.5042419393467,49.5702840436219,49.6620754114029,49.7592252229923,49.8320302440133,49.8540178641603,49.8161648183269,49.7323445827623,49.6314621959978,49.5425571947636,49.4834491258054,49.4581755304049,49.4610515556495,49.4824320493793,49.5129113894915,49.5452514494459,49.5747153153358,49.5986812912428,49.6161006531239,49.627029966244,49.6322736408505,49.6331010606678,49.6309997888412,49.6274480545491,49.6237116649345,49.6206829897904,49.6187815979636,49.6179302405791,49.6176096194192,49.6169833961791,49.6150731359481,49.6109532389894,49.603930405982,49.5936724273696,49.5802578731177,49.5641314855944,49.5459687470559,49.5264749759146,49.506165750463,49.4851921281211,49.4632825383205,49.4398715357597,49.4144717241801,49.3873114291883,49.3601867125491,49.3373269731682,49.3258200394843,49.3348368210079,49.3728010638277,49.4423099739123,49.5344956208947,49.6269561119563,49.6896870458694,49.698750410842,49.6497667385914,49.5608704695283,49.4625026529751,49.3821358438421,49.3343939191877,49.3203175968254,49.3324333899668,49.3605803756261,49.395687541159,49.4312238926601,49.4631910594131,49.4895517312733,49.5096146079308,49.5235631340806,49.5321345758189,49.5363955796303,49.5375626770896,49.5368400717062,49.5352708433878,49.5336129530499,49.5322568630095,49.5311991137994,49.5300784747452,49.5282707876354,49.5250276592881,49.5196349827464,49.5115617891447,49.5005693553853,49.4867553355118,49.4705180283082,49.452441276915,49.4331193939077,49.4129611457145,49.3920289458202,49.3699813705978,49.3461919170166,49.3201106342215,49.291906656598,49.263353585269,49.2387558312862,49.225430476001,49.2329133512956,49.2699447464154,49.3390202704077,49.4303934236569,49.5201126818432,49.5768825802734,49.5770832323859,49.5187880487931,49.4235528834122,49.3241345989151,49.247988378776,49.2078114826385,49.2021559115893,49.2216336539503,49.2551699372573,49.2936511244927,49.3310323731062,49.3640050162018,49.3911968272674,49.4124242240792,49.4281604383002,49.4392062703524,49.4464959818237,49.4509756757894,49.4535147166253,49.454833430963,49.4554460175773,49.455625488679,49.4553988257444,49.4545771025613,49.45281897816,49.4497186969571,49.4449034735252,49.4381213201098,49.4292998002696,49.4185592793292,49.4061712238761,49.3924627890751,49.377682313136,49.3618546891004,49.3446692500398,49.3254548528331,49.303306419875,49.2774307718577,49.2477657495787,49.2158687899556,49.1859229952794,49.1654206167729,49.1646779238014,49.1940711200136,49.2584139823062,49.3499929699447,49.4450285176042,49.5095573074468,49.5155485629765,49.4578696250163,49.358339506796,49.2528392547501,49.1721694415785,49.1305434065484,49.1260491737046,49.1479003173262,49.1837263229561,49.2236984124407,49.2616386381712,49.2944816379678,49.3212527289174,49.3421565386805,49.3579492747278,49.3695685811728,49.3779391102005,49.3838792854,49.3880593908904,49.3909840442487,49.3929880274917,49.3942434052281,49.3947793249294,49.3945154903579,49.3933075931869,49.390999462823,49.3874735736442,49.382689650234,49.3767009462949,49.3696397479813,49.3616680398116,49.3528959324593,49.3432787151324,49.3325124368858,49.3199574217246,49.3046295185061,49.2853106463197,49.2608417477104,49.2306648007222,49.1956545789745,49.1591810015342,49.1281030754028,49.1129741866088,49.1262657075676,49.1774343659066,49.2651612255696,49.3705888138941,49.4587165069372,49.4927654730616,49.4554877010451,49.3611256650483,49.2468348948457,49.1507730650487,49.0946050686789,49.0802577543932,49.0971841632003,49.1314663313548,49.1715502678591,49.2100886778534,49.2434770082815,49.2706337893451,49.2918642685694,49.308071436044,49.3202976008355,49.3294970458514,49.3364454098268,49.3417204971927,49.3457164225747,49.3486717861969,49.3507034713976,49.3518428646399,49.3520729315079,49.3513642713025,49.3497071661983,49.3471354743653,49.3437374682115,49.3396487947733,49.3350240081754,49.3299857689807,49.3245546384442,49.3185669984887,49.3115937678338,49.3028786088946,49.2913222004965,49.2755500986706,49.2541161602577,49.2259085179927,49.1908283721755,49.1507714427301,49.1107961293545,49.0800307413465,49.0713375246034,49.0982773366167,49.1683332633829,49.2738564043454,49.3867043578725,49.464964744412,49.4737137641539,49.4072981204582,49.2939461805777,49.177682324287,49.0934960460537,49.0545504824833,49.0552322782764,49.0814129142236,49.1190997532261,49.1584126144371,49.1939717879027,49.223719160828,49.2475312412069,49.2661712692533,49.2806547267167,49.2919292428553,49.3007490046769,49.3076534918245,49.3129947682996,49.3169828437098,49.3197339664353,49.3213149128649,49.3217802200092,49.3212008461579,49.319683100667,49.317376525191,49.3144691950228,49.3111690328347,49.3076704649492,49.3041071545252,49.3004934521481,49.2966594249016,49.2921869136124,49.286357479426,49.2781282377075,49.2661598016879,49.2489334338301,49.2250123988641,49.1935206464143,49.154912410342,49.1120463167509,49.0713817933177,49.0437012150364,49.043159319022,49.0830899275357,49.1679190457658,49.2839137705807,49.3963120414034,49.4609292788795,49.4482869204303,49.363247692187,49.2422235261542,49.1299569801518,49.0561404108355,49.0276862712368,49.0353453651186,49.0643877663893,49.101949410807,49.1396640805469,49.1733286708507,49.2015422345848,49.2244055761009,49.2426312509916,49.257048897856,49.2683836016359,49.277191097644,49.2838696293234,49.288701320351,49.2918984167234,49.2936430425828,49.2941162404128,49.2935154972504,49.2920613056107,49.2899935892143,49.2875587022775,49.2849876037753,49.2824659267137,49.280097060523,49.2778600120922,49.2755646872232,49.272808416345,49.2689393088005,49.2630350093155,49.2539109235701,49.2401818911818,49.2204173463939,49.1934512586234,49.1589256017458,49.1181335651424,49.0751315437785,49.0378242428519,49.0182361764435,49.0306033882852,49.0858821028184,49.1829657477361,49.3009755394128,49.4008869808562,49.4419095799075,49.405330171819,49.3071010004284,49.1873473352231,49.0861472357368,49.0254434160919,49.0066995796678,49.0191257485489,49.0490490368374,49.0854106810127,49.1212904245885,49.1532656160799,49.1801694112545,49.2020218967303,49.2193373256563,49.232755818131,49.2428859358267,49.2502606400759,49.2553426321388,49.2585436252671,49.2602411628295,49.2607875670851,49.2605109889099,49.2597105148792,49.2586474504314,49.2575342391047,49.2565215890739,49.2556836340133,49.2550006200305,49.2543388217252,49.2534281213228,49.251838800054,49.2489605436892,49.2439888054251,49.2359275502429,49.223624836014,49.2058706855026,49.1816057730107,49.1503098065477,49.1126430872187,49.0713642722776,49.0323745914393,49.0053730437347,49.003081999846,49.0376835847867,49.1138802436494,49.2207942405779,49.3289005025163,49.3988526185127,49.4013785368459,49.3352317067855,49.2279598918748,49.1186364836217,49.0373546985886,48.9956618606875,48.989521136757,49.0076002734773,49.0381961399501,49.0725482871772,49.1053565529449,49.1340200839367,49.1576447281746,49.1762637566241,49.1903502074636,49.2005548848636,49.2075804469305,49.212122910202,49.2148398676624,49.2163265334218,49.2170941117468,49.217551498269,49.2179932619033,49.2185961400222,49.2194242328757,49.2204406780104,49.2215216580776,49.2224678069703,49.2230087245758,49.2227982406268,49.2214008300321,49.2182726935656,49.2127442885805,49.2040149612625,49.1911760887434,49.1732886826773,49.1495558584764,49.1196469597629,49.0842352275284,49.0457726778162,49.009388489155,48.9835002811102,48.9792900197108,49.007894083387,49.074682387409,49.1721467129148,49.276223561437,49.3520629157275,49.3700153451765,49.3225809453845,49.2289353389046,49.1230834260762,49.0356661075963,48.9825127517529,48.9642597553662,48.9725390354074,48.9965986837533,49.0272874216212,49.0583629741665,49.0862629217689,49.1093610594103,49.127252938818,49.1402420975486,49.1490164667463,49.1544513304894,49.1574810975705,49.1590046413139,49.1598093858881,49.1605122532848,49.1615213458881,49.1630227852279,49.1649943620728,49.1672431384584,49.1694593367485,49.1712751736349,49.172315870053,49.1722314459475,49.1707020415484,49.1674158377556,49.1620261911498,49.1541021092774,49.1430926777012,49.1283315058595,49.1091129141583,49.0848787097245,49.0555608057337,49.0221187341373,48.9872629712725,48.9562163157599,48.9370925499278,48.9401091282073,48.9746845158602,49.0441139633818,49.1395279295383,49.2375274842112,49.306310788185,49.3200882114841,49.2733580192748,49.1840686607256,49.0830336794786,48.9982130087988,48.9446746032614,48.9238983891432,48.928869375632,48.9498559589805,48.9781265376623,49.007379290028,49.0337557167245,49.0553045755451,49.0713931342772,49.0822442679648,49.0886101291165,49.091538705779,49.092191424309,49.0916892814815,49.0909830792741,49.0907541123067,49.0913550106011,49.0927981473557,49.0947930340126,49.0968263007829,49.098270080436,49.0984986535909,49.0969904772569,49.0933941420258,49.087542888572,49.0794129279017,49.0690347449398,49.0563814069558,49.0412707142362,49.0233266154385,49.0020489419559,48.9770390324859,48.9484191520115,48.9174536038247,48.8873014022597,48.8636642807253,48.8548226152319,48.8702755700563,48.9172661923815,48.9954422108979,49.092006407843,49.1817221292353,49.2351294924578,49.2325729016402,49.1751004668239,49.0837870956999,48.9880378783227,48.9118792991329,48.8667229629845,48.8521431583527,48.8608641719414,48.8837385715275,48.9127584603081,48.9421397161323,48.9682770317922,48.9892854300819,49.004517032442,49.0141805817191,49.0190598916038,49.0202900861149,49.0191587661667,49.0169203536278,49.0146298022567,49.0130114190459,49.0123797718774,49.012624498878,49.0132616314388,49.0135431891352,49.0126065340437,49.0096370948103,49.0040139398993,48.9954084505467,48.9838130622618,48.9694901240046,48.9528493201204,48.9342830074316,48.9140083676112,48.891979681055,48.8679401341188,48.8416768142795,48.8135177678338,48.7850503169612,48.7599175818304,48.7443380822144,48.7467166534402,48.7755568321834,48.8352711610006,48.9208906143308,49.0148460278378,49.0900324817298,49.1205345100002,49.0949223508646,49.0227996175642,48.9293760072447,48.8423697434896,48.7806490102423,48.7504296611185,48.7480949489399,48.7653779932057,48.7935559422495,48.8255944761298,48.8566760622328,48.8839185683169,48.9058772378126,48.9221083369137,48.9328587843488,48.938850739465,48.9411111095761,48.9408112773952,48.9391058499013,48.9369783702772,48.9351124775552,48.9338088106425,48.9329627083449,48.9321079485744,48.930520157552,48.9273625580396,48.9218481993914,48.9133880013283,48.9016940572514,48.8868138518212,48.8690838470566,48.849009354377,48.8270992947374,48.8037060192396,48.7789381546228,48.7527240913479,48.7250983714692,48.6967500141013,48.6697879637036,48.6485136598883,48.6397310421821,48.6518482098988,48.6920155355887,48.7613048020959,48.8497762348084,48.9353536149747,48.99018449338,48.9934525715267,48.9430024047088,48.8569039423369,48.7635425502383,48.687893795711,48.6430110272471,48.6296448856838,48.6408939206625,48.6674592581588,48.7010539058093,48.7357149254749,48.7677822043712,48.7953492021064,48.8176725168875,48.8347278692595,48.8469281872844,48.8549539337552,48.8596394568171,48.8618765453851,48.8625181974405,48.8622833616534,48.861674214178,48.8609210993527,48.859967648102,48.858501701435,48.8560287964089,48.8519761995584,48.8458083788293,48.8371306490028,48.8257577124483,48.8117289504277,48.7952628788669,48.7766583802889,48.7561685218194,48.7338918968227,48.7097438552862,48.6835812832508,48.6555508180701,48.6266938562376,48.5997422565856,48.5798399125631,48.5746237154765,48.5928192681577,48.6406337246379,48.716341202226,48.8057059064281,48.8828243262636,48.9194535415794,48.8994850731506,48.8287656688343,48.732185668146,48.6401738282197,48.57487448769,48.5442707391247,48.5446088286714,48.5663964379894,48.5995951195004,48.6363495276684,48.6716311992835,48.7027902333806,48.7287996727559,48.7495891753909,48.7655845260785,48.7774337187812,48.7858592732686,48.7915799038597,48.7952625232353,48.7974841010562,48.7986972118941,48.7992020567596,48.7991315721378,48.7984558260421,48.7970085204964,48.7945334936873,48.7907439349784,48.7853827042052,48.7782697387573,48.7693230374863,48.7585438102422,48.7459641636473,48.731566710053,48.7151990893891,48.6965218594465,48.6750441531146,48.6503142108921,48.6223320603194,48.5922189442645,48.5630761294871,48.5407481113079,48.5338610412991,48.5521786660148,48.6024583401024,48.6823045016078,48.7751871890269,48.8520042297649,48.8824533587084,48.8515515298002,48.769402863018,48.6656961814506,48.5732449026753,48.5132717327721,48.4908593175316,48.4992932348778,48.5272010842103,48.5638960695939,48.6017284719355,48.636280069062,48.6656007721603,48.6892892296953,48.7077624137332,48.721780689342,48.7321803497748,48.7397421372781,48.745136574159,48.7489069735908,48.7514682738202,48.7531119054067,48.7540141303884,48.7542487089596,48.7538053980916,48.7526146073946,48.7505763401372,48.7475890490144,48.7435719572952,48.7384734883808,48.732259359069,48.7248769776066,48.7161980935525,48.7059491486155,48.693648629878,48.6785831942784,48.659869198987,48.6366613722011,48.6085783202341,48.5763965936509,48.542982865727,48.5142295284988,48.4993909729179,48.5097784806107,48.5546936528415,48.6346100780164,48.734536212902,48.8237262956479,48.8668892870021,48.843413788079,48.7609595183538,48.65133810697,48.5518113000724,48.4870546327415,48.4630924644505,48.4722648403841,48.5017136747442,48.5396373091172,48.5778910662446,48.6120451486832,48.6403905376568,48.6628375598402,48.6800806715327,48.6930779985632,48.7027735402869,48.709973801157,48.715310629392,48.719246620867,48.7220984175684,48.7240654579376,48.7252587579688,48.7257278554819,48.7254854150536,48.7245289944441,48.722858678874,48.7204881882312,48.7174461643055,48.713764134893,48.7094484754565,48.7044357174233,48.6985339003378,48.6913575907603,48.6822712044079,48.6703650800605,48.6545020087789,48.6334883201602,48.6064393656298,48.5734112519353,48.5363271688372,48.5000788075661,48.4733584757948,48.4682710802099,48.4973567106883,48.5671160126878,48.6695575204732,48.7774645528318,48.8510964574038,48.8577930193603,48.7926449513546,48.682595692254,48.5695244631562,48.4870074136924,48.4480984009744,48.4478737333652,48.4729561458775,48.5097817120154,48.5485644226634,48.5838291089028,48.6133711696628,48.6369479397688,48.6552567287998,48.669297097721,48.6800368021338,48.6882715714965,48.6945923994674,48.6994049458115,48.7029694243286,48.7054444556958,48.706927040663,48.7074854478009,48.7071840437382,48.706099889732,48.7043308914101,48.7019948765084,48.6992185700337,48.6961153307915,48.692750905205,48.6890974937247,48.6849783041854,48.6800077978903,48.6735375082958,48.6646243831604,48.652049142503,48.6344271761751,48.6104733308242,48.5794979109357,48.5422036330647,48.5017760943531,48.4650374218303,48.4429924839389,48.4495110240032,48.4966531028146,48.5863659216874,48.7019303358428,48.8069936154405,48.8592043634082,48.8342448106806,48.7423786940619,48.6220828443281,48.5161105881617,48.4503740653869,48.4287901813638,48.4408759593488,48.4720089085849,48.5099828184893,48.5471045069907,48.5796600304086,48.6065495848346,48.6280454888667,48.6449576748887,48.6581740830374,48.6684565515056,48.676383301459,48.6823634861184,48.6866797138072,48.6895350963106,48.6910937524635,48.691510563029,48.6909494779454,48.6895912153076,48.6876316234543,48.6852718275951,48.6827008780615,48.6800711983792,48.6774669181842,48.6748653861519,48.6720929990639,48.6687781731695,48.6643071611013,48.6577931466224,48.6480768051685,48.6337888379144,48.6135227568291,48.5861868860518,48.5516163584897,48.5114978471413,48.4705309891863,48.4374367920461,48.4248897164001,48.4469165783293,48.5125431269194,48.6167052493829,48.7338695233323,48.8228380415306,48.8460272817577,48.7925178556197,48.6856973509776,48.5679840835115,48.4762645641738,48.4271991652495,48.4182295871771,48.4369354633772,48.4698034157837,48.506698704754,48.541684779837,48.5720930816159,48.5972442856251,48.6174370527996,48.6333239734494,48.6455954793508,48.6548564800183,48.6616039343111,48.6662467467538,48.6691357381682,48.6705886258799,48.6709048808164,48.6703704379955,48.669254417263,48.6678004937167,48.6662150712159,48.6646534325411,48.663203972739,48.6618698406009,48.6605470884518,48.6589988924252,48.656826613906,48.6534405983437,48.6480371600723,48.6395942077836,48.626907919992,48.6087081199262,48.5839098142022,48.5520756796786,48.5141576896378,48.4735092923134,48.4369393303129,48.4151545164173,48.4214001552038,48.4669564720539,48.5533940415268,48.6648759713413,48.7675970422474,48.8222731055426,48.8055726518984,48.7249347247874,48.6136526059092,48.5105145343251,48.4409698059637,48.4113699464291,48.4144623825687,48.4380129401731,48.4708668927402,48.5053179218968,48.5370606154275,48.5642223859164,48.5863604596792,48.6037419650208,48.6169229448585,48.6265404283547,48.6332266971614,48.6375806584783,48.6401586512402,48.6414671568409,48.641952170941,48.6419862853346,48.6418568365169,48.6417582970594,48.6417904739963,48.6419619032833,48.6421958683038,48.6423353148832,48.642142883281,48.6412933568236,48.6393579289595,48.6357827348063,48.62986820854,48.6207615718128,48.6074832377194,48.5890203958756,48.5645373509076,48.5337668924593,48.4976424660274,48.4591685231214,48.4243447251305,48.4026065870284,48.4057893815386,48.4444548708128,48.5213522349448,48.6244679807794,48.7253856505501,48.7884033685234,48.7884653533432,48.7260253602423,48.6265371432136,48.5250108880331,48.4484317860366,48.4075924879981,48.3994852448953,48.4143151365763,48.4415511467362,48.4730028917011,48.5034764168021,48.5302417483337,48.5522179655675,48.5692922624995,48.581869090321,48.5906078710383,48.5962777568821,48.5996717695314,48.6015460935349,48.6025697692158,48.6032823565114,48.6040630873936,48.6051162545106,48.6064756640753,48.6080273270103,48.6095455298147,48.6107342092972,48.6112640000599,48.6107958772807,48.6089850933476,48.6054639118133,48.5998079559922,48.5914981107446,48.5798973923719,48.5642702631335,48.5438812084039,48.5182195032653,48.4874022887831,48.4527908853527,48.4177795500596,48.3885303509858,48.3741057459653,48.3850990900747,48.4298826600543,48.5086642030408,48.6079812971743,48.7006516524854,48.7550297162496,48.7506524891539,48.6898742795686,48.5961831291672,48.5006757532762,48.4273600857232,48.3863306635453,48.3756023551007,48.3868813296287,48.4107520059584,48.4395103441273,48.467959093012,48.4931206266131,48.513624419716,48.5291461773673,48.5400051709819,48.546900409378,48.5507336857515,48.5524766469398,48.5530589650086,48.5532718518041,48.5536915820282,48.5546315213333,48.5561298041814,48.5579749679396,48.5597653084351,48.5609912060779,48.561124637332,48.5596976426833,48.55635252074,48.5508515279302,48.5430428496822,48.5327915796609,48.5198975461354,48.5040340071566,48.4847509601225,48.4615929682342,48.4343815865754,48.4036988764937,48.3715618837788,48.3421642939347,48.322345906089,48.3211546882391,48.3476824936727,48.4067390697497,48.4933882129569,48.5896383257875,48.6676437065248,48.7007760706854,48.6772148420093,48.6064830327429,48.5137778189524,48.4267079907874,48.3639937562408,48.3318134576044,48.3266877442275,48.3406113437016,48.3651557319034,48.3935490527306,48.4211832141273,48.4453379507697,48.4646933757204,48.478897514691,48.48825203025,48.4934901993835,48.4956034581147,48.4956861172273,48.4947879316042,48.4937801037154,48.4932487093329,48.4934306650185,48.4942028078844,48.4951265432027,48.4955410374483,48.4946890154057,48.4918523504743,48.4864710774326,48.4782204812852,48.4670276227311,48.4530213107358,48.436426960097,48.4174374176758,48.3961093385475,48.3723483646334,48.3460508651105,48.3174584968253,48.2877413475977,48.2597332223392,48.2385711353785,48.2317400063964,48.2477992471192,48.2931814486059,48.3673704174385,48.4586126306356,48.5439800003064,48.5966307443047,48.5981802626697,48.548540783095,48.4658593581024,48.3766417469432,48.3035227014087,48.2582272905718,48.2416052744551,48.2477759760698,48.268643807997,48.2968170995623,48.3267710365248,48.3549011218674,48.3791321141273,48.3984803270605,48.4127190764797,48.4221554412,48.4274747645067,48.429608202126,48.4295974764559,48.4284523620708,48.4270123613871,48.4258319750952,48.4251091321171,48.4246703853142,48.4240168116151,48.4224236648955,48.4190767486783,48.4132207201154,48.4042904666409,48.3919977538585,48.3763527285999,48.3576138384378,48.3361791567932,48.312454488191,48.2867553368725,48.2593157875485,48.2304797969287,48.2011264265156,48.1733094712662,48.1509473627486,48.140169437733,48.1486711499593,48.1833809464738,48.2463123986501,48.329976278757,48.4155908890694,48.4775570254882,48.4942076965681,48.4590851271683,48.3846767308851,48.2956308263144,48.2166483891288,48.1632397833859,48.1394479453341,48.1409839316673,48.1599541593894,48.1884634796799,48.2203533371609,48.2515320795014,48.2796202505993,48.3034336533223,48.3225531802725,48.3370419992009,48.3472812513997,48.3538713920513,48.3575544165299,48.3591313363076,48.3593684701437,48.3589005074705,48.3581460959811,48.3572528609755,48.3560844519027,48.3542543783805,48.3512021671829,48.3462985821663,48.3389598267554,48.3287472364702,48.3154303507557,48.2989983851805,48.2796180859235,48.2575537798124,48.2330861585222,48.2064865987127,48.1781175940152,48.1487260180089,48.1199550810873,48.0949946865423,48.0790927671208,48.079381953235,48.1032889409397,48.1550515362944,48.2310115786517,48.3162823673787,48.386617417831,48.4173533130611,48.3957427182498,48.3283943527203,48.2379130727195,48.151235806978,48.0881061450516,48.0561406357287,48.0527048061271,48.069852570454,48.0987744526307,48.1322898235791,48.1655743736531,48.1958912369866,48.221987431069,48.2435213928756,48.2606508335224,48.2737826957223,48.2834397257726,48.2901931586542,48.294622883085,48.2972822388447,48.2986587448586,48.2991324506996,48.2989395671928,48.2981506529955,48.2966706242237,48.2942633647123,48.2905980475997,48.2853087065917,48.2780543757954,48.268565517859,48.25666458497,48.2422550595866,48.2252842620825,48.2057000812116,48.183439290932,48.1585021814181,48.1311777263554,48.102470664551,48.0747205758355,48.052257948975,48.0416926770336,48.0511398696197,48.0876172048983,48.1524914316537,48.2365837726446,48.3186757429064,48.3712574214771,48.3730348079275,48.3209699433976,48.2326571305202,48.1368166929362,48.059220009708,48.0135178057482,48.0004945241084,48.0128108592279,48.0405821121838,48.0750779595214,48.1101735719186,48.1423239733584,48.1699227852385,48.1925868024564,48.2105936499733,48.2245137379763,48.2350005249651,48.242686147034,48.2481371183187,48.2518387196023,48.2541896263531,48.255498234976,48.2559788348716,48.2557495372624,48.2548351307831,48.2531773121435,48.2506526514692,48.2470958773738,48.2423233759755,48.2361500652085,48.2283929222739,48.2188571452618,48.2073067064306,48.1934301965248,48.1768254653477,48.1570420449565,48.1337359484818,48.1069992920775,48.0779095106285,48.0492671021765,48.0263126766389,48.0169114076554,48.0303605750945,48.073971522522,48.147535128202,48.2380580525973,48.31955027689,48.3618198977472,48.3458322908077,48.2754644279443,48.1758854097429,48.0795330308475,48.0106609021434,47.9782609491405,47.9783913105425,48.000759618506,48.0345198220399,48.0713148188023,48.1059669775346,48.1359420666664,48.1604730703772,48.179787472832,48.1945682069284,48.2056304354198,48.2137527086971,48.2196036564272,48.2237213235086,48.2265179571066,48.2282947440151,48.2292587081563,48.2295386578833,48.2291996004605,48.2282560282462,48.2266843481584,48.2244338283747,48.2214341738648,48.21759671606,48.2128057856193,48.2068976912827,48.1996273490799,48.1906274910392,48.1793731360754,48.1651752695569,48.1472425710105,48.1248666697972,48.0977977538018,48.0668654862411,48.0348290085971,48.0072545538924,47.9928776306044,48.0024847513706,48.0452313735753,48.1222779828534,48.2202833641603,48.3104447988279,48.3582985038025,48.3418694600765,48.2658023764158,48.1592201361269,48.0586682592898,47.9900562642681,47.9613588016372,47.9664261211359,47.9930620064505,48.0294565132383,48.067136137152,48.1012883150962,48.1298966689572,48.1526710918144,48.1701970863641,48.1833863563545,48.1931724913887,48.2003688794567,48.2056210057067,48.2094078583211,48.2120654269994,48.213817383931,48.214805309109,48.2151149615834,48.2147973261163,48.213884175094,48.212398057154,48.2103562378377,48.2077674831658,48.2046200530043,48.200859229096,48.1963535067623,48.1908506314259,48.1839285015064,48.1749523430232,48.1630594026113,48.1472064318689,48.1263329450608,48.0997102325314,48.067548495972,48.0318898038274,47.9976645274281,47.973464142151,47.971087319091,48.0025288176574,48.073588218143,48.1757075382098,48.2816850674483,48.3526463508516,48.3573093871407,48.2917640546975,48.1828966692783,48.0716724124875,47.9906886634058,47.9525370120935,47.9523659762408,47.9771091665011,48.0134891119771,48.0518784490696,48.0868448431752,48.116161168419,48.1395409415849,48.1576416797819,48.1714369240054,48.1818830282689,48.1897762003735,48.1957165340204,48.2001249050258,48.2032812411942,48.2053671732788,48.206504551493,48.2067860769028,48.2062968949371,48.2051272737005,48.2033768993426,48.201151177813,48.1985495137816,48.195645107355,48.1924556314644,48.1889045233284,48.1847739158887,48.179652951304,48.1728900398285,48.1635654595941,48.1505126030754,48.1324328508364,48.1081689562362,48.0772167247416,48.0405413351566,48.0016734421099,47.9678138453187,47.9502126261199,47.9625192881594,48.0156910177119,48.1095355838539,48.2248253409884,48.3239957244551,48.3664035502388,48.3320499519218,48.2354173484613,48.1162977562107,48.0155728686229,47.9560953071592,47.9395462471177,47.9546642689956,47.9870680698076,48.0251532334076,48.0617749141369,48.0935783911154,48.1196510371018,48.1403420108516,48.1564825675308,48.1689612619375,48.1785375535784,48.1857912940585,48.1911387478994,48.1948741707474,48.1972149712517,48.1983399010124,48.1984162050472,48.1976151727209,48.1961172357035,48.1941083528267,48.191769318631,48.189259112262,48.1866927067479,48.1841131575307,48.1814576034847,48.1785173932683,48.1748942818076,48.1699580352172,48.1628166200643,48.1523195871307,48.1371295556088,48.115916032802,48.0877460490321,48.0527522230871,48.0131144232683,47.9742292121143,47.9455802602713,47.9402624911319,47.9716685926998,48.0464176485195,48.1553608599493,48.2690206829701,48.3455679581081,48.3520105278464,48.2850963983764,48.1738201547897,48.0607673332558,47.978729375584,47.9396253475431,47.938036877473,47.9608726566129,47.9952332585804,48.0319488085456,48.0658953598661,48.0949309044479,48.1186608379313,48.1375139355524,48.1521906727883,48.1633924846769,48.1717220170163,48.1776709402685,48.1816431399629,48.1839848322003,48.1850084284877,48.1850058653185,48.1842517898677,48.1829990482859,48.1814693855581,48.1798417543053,48.1782395520604,48.1767168336934,48.1752424735154,48.1736807462096,48.1717671322054,48.1690795538181,48.1650080343968,48.1587305591962,48.1492107380254,48.1352450327143,48.1156045458705,48.0893364144175,48.0563022191353,48.018007817987,47.9786661778485,47.946156837975,47.9320695718346,47.9495318723013,48.007678403612,48.1034845083875,48.2154963455221,48.3068795097891,48.3414272597468,48.3045133891476,48.2125153040383,48.1021299897687,48.0090288714841,47.9526361734123,47.9344096967995,47.9449512676203,47.9720840917651,48.0057072647218,48.0392747654358,48.0693636622103,48.0946519375241,48.1149927228503,48.1307891867382,48.1426448390849,48.1511990605043,48.1570646305688,48.1608105424612,48.1629582544946,48.1639771221389,48.1642753349987,48.1641880412969,48.1639662277205,48.1637696253658,48.1636653249728,48.1636316234049,48.1635645698032,48.1632833344595,48.1625302819287,48.1609626517812,48.1581350664554,48.1534757705433,48.1462648481588,48.1356303038131,48.1205887715305,48.1001722920408,48.0736990305052,48.0412545562023,48.0044266825195,47.9672334735601,47.9369384033516,47.9240388707107,47.9403161690478,47.994005165457,48.0827309862907,48.1880057217524,48.2774461531469,48.3179317452232,48.2936244197405,48.2154781282943,48.1141330899747,48.0223725651398,47.9607605095915,47.9340545505515,47.9360169254706,47.9563178020951,47.9853733324318,48.0163259945402,48.0451206219013,48.0698068738004,48.0897626669638,48.1051077796678,48.1163377705006,48.1241201833582,48.1291851636628,48.1322608699432,48.1340260088009,48.1350686796904,48.1358509450065,48.1366831934894,48.1377130010156,48.1389311828921,48.140194248031,48.141258637499,48.1418190373806,48.1415415556224,48.1400831458262,48.1370915058624,48.1321846639916,48.1249162617974,48.1147407184925,48.1010017271434,48.0829778915125,48.0600303840871,48.0319060761765,47.9992445883226,47.9642933166204,47.9317071173588,47.9090557263426,47.9063097227423,47.933362367503,47.9951227409937,48.0854746512353,48.1840208258562,48.2604860578524,48.2876669026563,48.2559733679109,48.1787737124897,48.0842236325512,48.0003525144878,47.9440770826011,47.9190431030734,47.9198159517739,47.9374972240186,47.9636671205687,47.9920767635998,48.0188140332192,48.0418136610995,48.0602633817028,48.0741321359362,48.0838547388087,48.0901325884495,48.093799820023,48.0957192492985,48.0966914463651,48.0973748412422,48.0982229079995,48.099446882107,48.1010105415358,48.10265878727,48.1039755685616,48.1044606231075,48.1036099494441,48.1009830321479,48.0962414108324,48.0891486849941,48.0795314180976,48.0672128125814,48.0519448724583,48.0333780754573,48.0111182917284,47.9849259167803,47.9551053880594,47.9230993159809,47.892212528964,47.8682134095418,47.8592911227869,47.8746083102482,47.9208286065248,47.9970222741872,48.0903496244424,48.1765861534665,48.2282258726573,48.2274423242834,48.1756230012056,48.0922588831654,48.004190642399,47.9333524356813,47.8903622170886,47.8751960357948,47.8815970279522,47.9015197298178,47.927855623999,47.9554343046902,47.9809896399042,48.0027363397366,48.0199238019006,48.0324975256002,48.040870461634,48.0457630756744,48.0480721388299,48.0487457471528,48.0486604039722,48.0485087993708,48.0487127503287,48.0493753918785,48.0502816742262,48.050948298616,48.0507152674913,48.0488630036529,48.0447330418516,48.0378279138037,48.0278681969421,48.0147926780217,47.9987013330883,47.9797591620791,47.958099177546,47.9337811396402,47.9068737909545,47.8777246704294,47.8474499784369,47.8185962362202,47.7957705573794,47.7858044247597,47.7967917806805,47.8353853028458,47.9024582492057,47.9888315472109,48.0744175582528,48.133761972585,48.147024488542,48.1101380954296,48.0368640832417,47.9512235059291,47.8760622517076,47.8251254980034,47.80163816016,47.8014755552602,47.8174428041214,47.8424053577004,47.8707571931713,47.8986877143491,47.9238845099561,47.9451130830225,47.9618739181853,47.9741774248582,47.9824048646062,47.987207748392,47.9894099190837,47.9898965488908,47.9894924899897,47.9888445037594,47.9883268090095,47.987987788706,47.9875491294766,47.9864591709388,47.9839919721458,47.9793744944717,47.9719179207827,47.9611268335474,47.9467630592107,47.9288504670892,47.907622986673,47.8834391399368,47.8567091892039,47.8279001189946,47.7976903831942,47.7673264975874,47.7391657764519,47.7172494714408,47.7075334674333,47.7171796560007,47.7523019412303,47.8141367718968,47.8949903950004,47.9769074571447,48.0360246887254,48.052383862968,48.0200013641412,47.9501650129158,47.865423664139,47.7887707073708,47.7351655139258,47.7091431273473,47.7073668944819,47.7228372591998,47.7482653762433,47.7778123580902,47.8075101973145,47.8349905995274,47.8590132755228,47.8790505908834,47.895008411142,47.9070695775016,47.9156137146932,47.9211674168858,47.9243531781992,47.9258229367656,47.9261773111275,47.9258820146411,47.9251976714782,47.9241385256957,47.9224703829905,47.919750241746,47.9154013972101,47.9088101387094,47.8994250273832,47.8868385079372,47.8708345218077,47.8513956691801,47.8286791350552,47.8029903151995,47.7748029117189,47.7448867554005,47.7145963964937,47.6863231077143,47.6639937268901,47.6532994555114,47.6611093709035,47.6934623777701,47.7519938100966,47.8299133244676,47.9102713130397,47.9695929453604,47.9872128952408,47.9556767451674,47.8850519357944,47.7977595069776,47.7177319633071,47.661203431499,47.6335761614948,47.6316898237904,47.6481857949969,47.675207326811,47.706414042972,47.7375439359673,47.7661622848546,47.7911347433554,47.8121248936227,47.8292275923695,47.8427447811141,47.8530685171049,47.8606283621583,47.8658675687663,47.8692244876226,47.8711075825237,47.8718623226455,47.8717350862899,47.8708426386654,47.8691557770326,47.8665029320046,47.8625949039478,47.8570667670937,47.8495285771159,47.8396141126153,47.8270176787897,47.8115140570829,47.7929665478045,47.7713422771859,47.7467703730601,47.7196919985855,47.6911506091956,47.6632363017627,47.6396011954239,47.6257802106676,47.6288103716655,47.6555006004645,47.709010943285,47.7845309298039,47.8666064214814,47.9315758929379,47.9564516019844,47.930387789491,47.8610314412692,47.7707292006183,47.6853437348856,47.6235512954386,47.5923964166575,47.5891587478121,47.6060423266635,47.6344089863722,47.6671892444526,47.6996254569406,47.729047114505,47.7542950040341,47.7751464795516,47.7918776951024,47.8049792303093,47.8149942601143,47.822439111163,47.8277718520054,47.831384218004,47.8336013400534,47.8346811988353,47.8348112696463,47.8341034704396,47.8325903176982,47.830225276385,47.8268890111392,47.8224011651723,47.816535116777,47.8090317047714,47.7996080941006,47.7879607455418,47.7737677062506,47.756705552322,47.7365096947823,47.7131206225428,47.6869655448748,47.6594087323222,47.6333366186769,47.613690638347,47.6075113178625,47.6228025012788,47.6655629448804,47.7351509771798,47.8199704950742,47.8973066169897,47.9404714393005,47.9314989779717,47.8715261417376,47.7807480471171,47.6876874696968,47.6158625408215,47.5763084181188,47.568065149793,47.5831861348495,47.6119614022396,47.6461522467685,47.6801348333269,47.7107516976877,47.7366606146823,47.7576506586656,47.7741119967268,47.7866867830289,47.7960661750926,47.8028869648311,47.8076889986357,47.8109060605971,47.8128727337883,47.8138369061955,47.8139724494764,47.8133897548637,47.812143685852,47.8102393688395,47.8076362947135,47.8042506761143,47.7999552094333,47.7945747637734,47.787876653217,47.7795557905872,47.7692190114954,47.7563800045332,47.7404870943139,47.7210201017678,47.6977063864881,47.670910357474,47.6422239136766,47.6151904982861,47.5958892793844,47.5927859700488,47.6149741097486,47.6681249985198,47.7487698300917,47.8400164092454,47.9136437909507,47.9412216097085,47.9094837304805,47.8289163607459,47.7281209229386,47.6383088314659,47.5796429897237,47.5570391189506,47.5642076970109,47.59033606332,47.6251550887712,47.6612310438736,47.6942159036817,47.7221605540063,47.7446482238687,47.7620860786821,47.7752304756967,47.7849099901605,47.7918846349245,47.7967881868819,47.8001166236252,47.8022395012145,47.8034206810902,47.8038408367894,47.8036177817035,47.8028227573555,47.8014919742982,47.7996332152913,47.7972273618588,47.7942244370489,47.790533392327,47.7860047657464,47.780406017951,47.7733914744143,47.7644731648388,47.7530063591842,47.7382150704949,47.7192982097684,47.6956736069258,47.6674249885169,47.6359928295501,47.6050502155867,47.5812720135647,47.5743191026682,47.5949726806911,47.6504889698327,47.737743747268,47.8378370233764,47.9183553111463,47.9467854468263,47.9090558685737,47.8191646645657,47.7110541691259,47.6193853165053,47.5642446301503,47.5480689909087,47.561768735589,47.592736917811,47.6301366317255,47.6668001289482,47.6989964214298,47.7254138804149,47.7461389070887,47.7619101838449,47.7736636117021,47.7822936271562,47.7885507596257,47.7930156651466,47.7961115583982,47.7981328471416,47.7992777645213,47.7996786073845,47.799426449013,47.7985890080089,47.7972213380393,47.795369435157,47.7930668654932,47.7903242274186,47.7871109083455,47.7833285242893,47.778776092528,47.7731089535007,47.7657974691653,47.7560985450051,47.7430641348839,47.7256267311262,47.7028209826556,47.6742157909615,47.640622495831,47.6050698178743,47.5738277723634,47.5568621600225,47.5665844927272,47.6135832348636,47.6991531976346,47.80768696958,47.9058741274705,47.9548902805337,47.9319743377195,47.8457434509729,47.7312547797914,47.6287192873186,47.563691495479,47.5412488496963,47.5522544901999,47.5828345772564,47.6208794437158,47.6584281043833,47.6914222250348,47.7185041404645,47.7398250555438,47.7561964358048,47.7685914620623,47.7778993135683,47.7848330687631,47.7899196740574,47.7935277897566,47.795908629924,47.7972367065044,47.7976440878059,47.7972455009178,47.7961536890104,47.7944855540234,47.7923600516728,47.7898887077471,47.7871591781883,47.7842117465582,47.7810083647464,47.7773941700524,47.7730528256727,47.7674601839641,47.7598465650234,47.7491875137093,47.73425732461,47.7137988836566,47.6868835713326,47.6535423569829,47.6157101826674,47.5783772545794,47.5505021554635,47.5446986002609,47.5742328455848,47.6463010616504,47.7530865180318,47.8665728454046,47.9453661469452,47.9552246837002,47.8907849958377,47.779794787188,47.665314326364,47.5815958946714,47.5417350278073,47.5406066312834,47.5647327288937,47.6006212361677,47.6386359894318,47.6734221167942,47.7028122996981,47.7265160102346,47.7451224734967,47.7594951423191,47.7704668868581,47.7787223885297,47.7847807297345,47.7890230587867,47.7917341757829,47.7931420378526,47.7934480046664,47.7928456099139,47.7915283624902,47.789688392709,47.7875080836729,47.7851464585611,47.782721323849,47.7802872974318,47.7778091805351,47.7751299955063,47.771933826012,47.767705917993,47.7616970838326,47.7529073125898,47.7401158198671,47.7220023225795,47.6974253984578,47.665939496037,47.6286176529201,47.5891504634839,47.5549345681262,47.5373901624418,47.5501886277841,47.6040291649629,47.6982098752987,47.8131187135382,47.9115271180545,47.9539949008166,47.9217182395428,47.8290873981054,47.7142884481446,47.6162771396691,47.556997800062,47.5385371152141,47.5507351177154,47.5802693035026,47.6161727876505,47.6514937018552,47.6827670030704,47.7088242736119,47.7297289205484,47.746064784182,47.758545032037,47.7678373129869,47.774510704669,47.7790397309002,47.7818274890368,47.7832285028713,47.7835633600249,47.7831236961623,47.7821693727108,47.7809208654457,47.7795496792905,47.7781685980042,47.7768222222836,47.7754769163658,47.7740083075439,47.7721842152751,47.7696416983882,47.765859201346,47.7601290694634,47.7515427671467,47.7390120425386,47.7213649153343,47.697574709228,47.6671964531345,47.6310774240917,47.5923338005994,47.5573749929241,47.5363558122902,47.5419320043906,47.5850512114698,47.6676657524468,47.775385577031,47.8766370445487,47.9339435990418,47.9238842726,47.8515972912825,47.7472889068982,47.6478012038907,47.5785444039304,47.5470915031007,47.547592676306,47.5687448086762,47.5997605124145,47.6329323087327,47.6638069788966,47.6903573648787,47.712035008961,47.7290546864022,47.7419570506083,47.751381553639,47.7579664521485,47.7623122882421,47.7649697218558,47.7664319392672,47.7671245683333,47.76739320078,47.7674917291209,47.7675750536598,47.7676983937154,47.767823320758,47.767828390674,47.7675204315078,47.7666416322226,47.7648679957683,47.7617967326499,47.7569238970116,47.7496191411358,47.7391122638197,47.7245169041316,47.7049306592252,47.6796664003869,47.6486788842507,47.6132332469422,47.5767767581999,47.5457652956499,47.5298329259502,47.5403011370428,47.5860612211936,47.6670987789298,47.7686789498974,47.8617670181645,47.9136155895966,47.9046369721346,47.8398127569784,47.7452523635598,47.6529364356902,47.5857561412031,47.5517414388219,47.5471169723663,47.5626748035052,47.5889277691476,47.6186194490048,47.6471908017696,47.672269632083,47.6929404219497,47.7091393002971,47.7212528503922,47.7298845502147,47.7357265666717,47.7394854933929,47.7418304110324,47.7433489699509,47.7445088739335,47.7456282351399,47.7468598937604,47.7481933391834,47.7494746534645,47.7504410299206,47.7507628312216,47.7500837149316,47.7480488846093,47.7443136008651,47.7385288649103,47.7303084036141,47.7191902626324,47.7046169769208,47.6859699204191,47.662704791457,47.6346422211812,47.6024590711212,47.5683779501026,47.536925673329,47.5153901258492,47.5132836914612,47.53994926767,47.5999275356731,47.6873465978871,47.7829623499463,47.8582616056448,47.8873852429977,47.8605902448832,47.7894956720512,47.7000027957807,47.6187021175444,47.5624006340669,47.5355687041048,47.533831513004,47.5491108083396,47.5734341856544,47.6007005837853,47.6269703441676,47.65007114227,47.6690570005416,47.6837595829454,47.6944824417014,47.7018079891321,47.7064701898909,47.7092567159584,47.710921805232,47.7121060477445,47.7132687055492,47.7146417687183,47.7162138617061,47.7177478800204,47.7188303426414,47.7189441769966,47.7175512305456,47.7141675175944,47.7084143104715,47.7000325450362,47.688856837842,47.6747581465462,47.6575794411155,47.6371046105145,47.6131140960643,47.5855863816712,47.5550932532924,47.5233915288453,47.4941080000386,47.4732227653327,47.4688005485601,47.4892556653594,47.539724804735,47.6172769825957,47.7075614328789,47.7865907700362,47.8293631131674,47.8217408333888,47.7678112565238,47.6872512724989,47.6048871807909,47.5400250702984,47.5014558210123,47.4885721255664,47.4954489241765,47.5147496592042,47.5400631660699,47.5667332432264,47.5917970533172,47.6135944900432,47.6313677185604,47.6449646058443,47.6546466963836,47.6609620602257,47.6646430177601,47.6665043034851,47.6673350898234,47.6677920430583,47.6683079476815,47.6690314874014,47.6698098605858,47.6702188324988,47.6696362932816,47.6673469111191,47.6626585437688,47.6550072904837,47.644028935275,47.6295811207129,47.6117132152387,47.5905987731466,47.5664665665089,47.5395861709854,47.5103758730208,47.4796928221836,47.4493204865569,47.4225638957771,47.4046828314285,47.4026658162195,47.4237164763943,47.4720936787593,47.5449467777589,47.6293680674758,47.703816139858,47.7454584569022,47.7406031939381,47.6916829490795,47.6157401783826,47.5356409316641,47.4702726591154,47.429262688471,47.4132667985524,47.4173959783929,47.434897920634,47.4595676745937,47.4867351571008,47.5133195748445,47.5374875409822,47.5582598051338,47.5752137239665,47.5883031808293,47.5977616553202,47.604042294881,47.6077588525151,47.6096089924529,47.6102787413065,47.6103396140512,47.6101564509726,47.6098243043384,47.6091480269091,47.6076702822033,47.6047443303962,47.5996389031262,47.5916555245664,47.5802354771249,47.5650357003875,47.5459611846219,47.5231560035259,47.4969748366831,47.4679782089785,47.4370106005824,47.4054185708459,47.3754270486548,47.350592861349,47.3360827229014,47.3383148447117,47.3634073402593,47.4141809311741,47.4864381614003,47.5666631977664,47.6339567359857,47.6673011350983,47.6551950521316,47.6016015103381,47.5238948310305,47.4443099715016,47.3807708886768,47.3420997436751,47.3284546652962,47.3346899544264,47.3539403075169,47.3799849066745,47.4082266298284,47.4357380076055,47.4608887303543,47.482901123071,47.501496088748,47.5166691778847,47.5285755161027,47.5374822244214,47.5437485212655,47.5478047798665,47.5501157124937,47.5511257975901,47.5511948170853,47.5505367620203,47.5491762081839,47.5469331802448,47.5434416633333,47.5381997492714,47.5306425855002,47.5202245654081,47.5064961483981,47.489164522946,47.4681365977586,47.4435570573882,47.4158709970289,47.3859538374273,47.3553488406634,47.3266153356185,47.3036953775349,47.2920422091222,47.2980636856198,47.3273759970012,47.3817258948248,47.4554556252133,47.533742228618,47.5952744143648,47.6200122382033,47.5985998445524,47.5373765292712,47.4552752175485,47.3748003830186,47.3131214978812,47.2778987837949,47.2682300263981,47.278228663844,47.3006055089191,47.3289501327564,47.3586356083721,47.3868197558215,47.4120445940109,47.4337629866772,47.4519469351545,47.4668197344208,47.478699675002,47.4879241428931,47.4948217435976,47.4997060411764,47.5028727370651,47.5045904479702,47.5050825483532,47.5045030511763,47.5029127151918,47.5002623455407,47.4963888399053,47.4910265403641,47.4838328447438,47.4744240471674,47.4624163495889,47.4474691011776,47.4293333569098,47.4079187628107,47.3834038261346,47.3564236121227,47.3283636354227,47.301750022272,47.2806297056606,47.2706686849285,47.2785061434532,47.3098548146897,47.3662385456841,47.4413456759201,47.5193947236868,47.57827404022,47.5979300347208,47.5701086837054,47.5030041637023,47.4172576455869,47.3361429722997,47.2764958966973,47.2449585942499,47.2395038170925,47.2533938112648,47.2788652128107,47.3093387076893,47.3402048839,47.3687319757898,47.39361351465,47.4144725586509,47.4314593737314,47.444972995486,47.4554904799527,47.4634747050236,47.469333128269,47.4734058431047,47.4759675210929,47.4772332303012,47.4773625557119,47.4764599541581,47.4745718046521,47.4716820791494,47.4677089532806,47.4625041751077,47.4558560286923,47.4474959419352,47.437109069306,47.4243514731006,47.4088816394876,47.3904222943252,47.368878767272,47.3445483309912,47.3184509342246,47.2927765920495,47.2713515283591,47.2598542608106,47.2652962293591,47.2941796807233,47.3490906914805,47.4246049373851,47.5050223112666,47.5671478913605,47.5891109402286,47.5612674971921,47.4918616603144,47.4029729673327,47.3196584934631,47.2598007553853,47.2300052800603,47.2274827822502,47.2445739437783,47.2728165702774,47.3052680792728,47.3372327602314,47.3660589857313,47.3905934267686,47.4106284650468,47.4264733896668,47.4386668729906,47.4478041134401,47.4544438979112,47.4590663783018,47.4620606131794,47.4637279166907,47.4642920597644,47.4639107854958,47.4626854786931,47.4606675219756,47.4578610178014,47.4542221991575,47.449656067215,47.4440107890164,47.4370705496263,47.4285484581501,47.4180834962853,47.4052501931365,47.3895973733696,47.3707428075457,47.3485614239006,47.3235082973155,47.2970970995059,47.2724813354965,47.2549260069642,47.2517082424012,47.2707560858989,47.3174461341813,47.3899129412365,47.4751003285713,47.5494317837721,47.5868204428309,47.5714563423065,47.5071276894835,47.4156557982468,47.3253965769051,47.2583674297976,47.2238381403946,47.2196274840908,47.2373220157406,47.2672983834238,47.3016567332037,47.335143540506,47.3648979687129,47.3897774771226,47.4096898502754,47.4250893473597,47.436650409557,47.4450796811015,47.4510204329733,47.4550130476272,47.4574869956546,47.4587689717069,47.4590979566992,47.4586416911638,47.457511290061,47.4557721517139,47.4534502469075,47.4505334443745,47.4469678043646,47.4426488826167,47.4374082872733,47.4309964301294,47.423064202772,47.4131499813164,47.4006848537027,47.3850390211541,47.3656455853864,47.3422508026673,47.3153416094313,47.2867683152259,47.2604732942966,47.2430121326491,47.243221090862,47.2701292247412,47.3285262337556,47.4131145939714,47.5047796633497,47.5740231334076,47.5934308053414,47.5530425020168,47.467107252426,47.3661570658883,47.2806776610949,47.2284722719856,47.2120881576909,47.2238386579306,47.2525662318849,47.2883137345282,47.3241892969416,47.3563513372254,47.383218631997,47.4045977477899,47.4210077239499,47.4332445162073,47.4421359352216,47.4484226580213,47.4527136830743,47.4554818469568,47.4570786691672,47.4577566868106,47.4576926721169,47.4570080724375,47.4557847033105,47.4540747388066,47.4519046254615,47.4492727927282,47.4461410406015,47.4424194293166,47.4379446623455,47.4324527730779,47.4255490328848,47.4166822814231,47.4051384299117,47.390079682135,47.3706719768621,47.3463598911421,47.3173545194914,47.2853693473669,47.2545240618131,47.2320767615802,47.2282305968782,47.253886398672,47.3154785417858,47.4078193683713,47.5092284949105,47.5854273244466,47.6047971176801,47.5571128873454,47.4609106648339,47.3524307196546,47.2653890125457,47.2170572271202,47.2072089318666,47.225332795955,47.2586103492614,47.2966663456264,47.3329683142853,47.3643209265156,47.3897660125932,47.4095783516154,47.4245690414623,47.4356781745224,47.4437716254698,47.4495613322893,47.4535922250827,47.4562609838185,47.4578469914319,47.4585449575761,47.4584937758352,47.4577989820788,47.4565477744043,47.4548164494745,47.4526705097769,47.4501577130944,47.4472941076192,47.4440428268993,47.440285399261,47.435785985046,47.4301509227152,47.4227901182824,47.412894256789,47.3994536989939,47.3813617852118,47.3576651867513,47.3280383574258,47.293545062715,47.2576601109711,47.2272866681437,47.213065655948,47.2277473412257,47.2813240300556,47.3730655438765,47.4842248044355,47.5789111676532,47.6185988098947,47.584465961421,47.4904349968857,47.3746266391187,47.276494614851,47.2184646349915,47.2025707710627,47.218082632549,47.2509397304879,47.2895886562942,47.326775142143,47.3589982993292,47.3852382077227,47.4058024279767,47.4215426593098,47.4334124078241,47.4422594457606,47.4487558854755,47.4533990314968,47.4565430280707,47.4584393614298,47.4592749548119,47.4592025730713,47.4583615887803,47.4568890317563,47.4549218032614,47.4525912406356,47.4500110410145,47.4472590733713,47.4443530450415,47.4412196384269,47.4376570165747,47.4332920907385,47.4275374091411,47.419558940978,47.4082765643553,47.3924347401961,47.3708012449191,47.3425717273074,47.30806033838,47.2697024544601,47.2332150377446,47.2083748815535,47.2083054950497,47.2457787325916,47.3258010211659,47.4367850511584,47.547130473047,47.6150108065887,47.6105067313714,47.5351021238073,47.4211856577586,47.311486725585,47.23636772819,47.2048028524579,47.2094100481996,47.2363985909313,47.2730046923936,47.3105220945321,47.3443098569308,47.3726136077225,47.395320577856,47.413058512882,47.4266666235452,47.4369383462983,47.4445279404082,47.4499420041734,47.453567242356,47.4557075792699,47.4566172330056,47.4565242106314,47.4556430670787,47.4541780658484,47.4523188440629,47.4502307524877,47.4480415057605,47.4458248832741,47.4435812328989,47.4412137893704,47.4384997543883,47.4350561967619,47.4303037201817,47.4234363157629,47.413414949745,47.3990164061694,47.3789879945985,47.3523796374595,47.3191348646584,47.2809895928398,47.2425920473785,47.2124405036427,47.2027189699391,47.226638618304,47.2922318152233,47.393808408083,47.5064241067521,47.5911119077841,47.6132165916954,47.5633412004564,47.4636300654647,47.3534136863282,47.2669016513542,47.2198915533198,47.2105291650428,47.2276347116645,47.2586805859212,47.2940174811917,47.3277989567675,47.3572485630312,47.3815347644598,47.4008409684666,47.4157678041246,47.4270129739168,47.4352312644793,47.4409928601509,47.4447857978734,47.4470317165332,47.4480999079595,47.4483143131896,47.4479533914342,47.4472451957635,47.4463605446908,47.4454065824173,47.4444217626235,47.4433717679739,47.4421444922778,47.4405413975039,47.4382627288902,47.4348855966639,47.4298372101407,47.4223711634395,47.4115634918024,47.3963582003149,47.3757092111423,47.3488838862335,47.3160004570484,47.2788386668589,47.2418362830415,47.2128985367742,47.2031980412074,47.2247587356082,47.2849609799483,47.3790711856147,47.4853535196726,47.5692547513185,47.5987548082159,47.5625832668291,47.4770658561112,47.3756216437165,47.2900370228748,47.2376133457665,47.2198675456142,47.2286536969441,47.2531411391315,47.284122463124,47.3154468062683,47.3437591467849,47.3676612391497,47.3869051852772,47.4018229506641,47.4129890265514,47.4210472861981,47.426632513414,47.4303370222737,47.4326935772245,47.4341614036863,47.435111873578,47.4358155287114,47.4364337924935,47.4370181816063,47.4375179815976,47.4377949239025,47.4376410609359,47.4367944363328,47.434946867939,47.4317395922394,47.4267458508032,47.4194448454166,47.4091990447106,47.3952569107404,47.3768158687799,47.3531945895214,47.3241740384506,47.2905583468771,47.2549480658869,47.2225615729208,47.2016471829817,47.202659081388,47.2352361956879,47.3027533075529,47.3963156722757,47.4927017574362,47.5608648339186,47.5762793238868,47.534450296026,47.4531616731959,47.36172509104,47.2860282296124,47.2394999605657,47.2229384398649,47.2295353209879,47.2502971632314,47.2774118252641,47.3054462482752,47.3312333871572,47.3532735855603,47.3711221604415,47.3849348022924,47.3951810840159,47.4024789536547,47.4074986538582,47.4108991505117,47.413277276957,47.4151231383247,47.4167834350797,47.4184377581452,47.4200927151328,47.4215961634336,47.4226699220071,47.4229551116076,47.4220607662097,47.4196045933511,47.4152355762943,47.4086319849704,47.3994753693164,47.3874109529637,47.37201687338,47.3528178015593,47.3293905444021,47.3016157714993,47.2701207536602,47.2369122080652,47.2060833592942,47.184266083675,47.1802171388507,47.2027681715662,47.2567552701937,47.3379150439269,47.4297928724252,47.5066095194813,47.5432860057042,47.527849711608,47.4676951270126,47.3849644414746,47.3048513101775,47.2451993292375,47.2126955567559,47.2050440387445,47.2154609423559,47.2364752024742,47.2619698518003,47.28775178226,47.3113340392468,47.3314730891034,47.3477413138373,47.3602211540959,47.3693101633715,47.3755960135134,47.3797637692567,47.382512681423,47.3844751311944,47.3861415144815,47.3878005666215,47.3895053827617,47.3910723805717,47.3921150092187,47.3921074161349,47.3904668497421,47.3866387047075,47.380166204655,47.3707289419064,47.3581415996401,47.3423162778868,47.3232081050965,47.3007820619092,47.2750551112261,47.2462749879767,47.2152840007262,47.184064783688,47.1563512327601,47.137997336047,47.1365689988887,47.1595281918951,47.2107480034818,47.2862378439177,47.3715791513384,47.4442369106589,47.4817675471481,47.4722893663943,47.4204296424506,47.3444641652323,47.2669526359866,47.2054219605386,47.1680212896123,47.1544653728062,47.1595906124111,47.1768271359075,47.2003345985471,47.225802520815,47.2504290450081,47.2725771542585,47.2914086142987,47.3066132930309,47.3182429460116,47.3266140769377,47.3322385749166,47.3357527506377,47.3378323483745,47.3390961945098,47.3400111338744,47.3408149190568,47.341472340768,47.341674460807,47.3408829182803,47.3384125452881,47.3335376015451,47.3256014858733,47.3141083762223,47.2987791986482,47.2795644582102,47.2566226916168,47.2302938280343,47.2011169761389,47.1699534037277,47.1382636111672,47.1085325207237,47.08471818659,47.0724152293925,47.0782360586793,47.1079032060439,47.1630078843986,47.2374945955948,47.3162292368561,47.3781478336078,47.4041523894638,47.3859721917111,47.3302465694421,47.2549360548253,47.1807243066967,47.1230745598191,47.0888089493349,47.0772047598594,47.0832476320694,47.1007510030675,47.1242773656786,47.1498561243322,47.1749424961842,47.1980656898797,47.2184511089759,47.2357403465054,47.2498291856047,47.2607945029477,47.2688671708848,47.2744133315451,47.2779000258975,47.2798366158204,47.2806967834155,47.2808348526711,47.2804138628934,47.2793614840482,47.2773645512984,47.2739052286899,47.2683333645378,47.2599623449593,47.2481714763833,47.2324981597692,47.2127089486802,47.1888503212024,47.1612963807788,47.1308275135576,47.0987822918578,47.0673094043001,47.0396866544022,47.0205533087918,47.0157329516991,47.0311951952391,47.0708195367179,47.1332359856999,47.2091307485383,47.2813417850948,47.3295017489827,47.3382050310338,47.3043246881123,47.2386040209539,47.1603721085955,47.0890408907685,47.0375271424826,47.0102473037621,47.0049223790675,47.0158495473979,47.0367293903502,47.0622972310278,47.0888676976619,47.1142192463487,47.1372124922474,47.1573877636221,47.1746522836401,47.1890820529339,47.2008213067743,47.2100473554401,47.2169680560319,47.2218256393117,47.2248900781283,47.2264351917367,47.2266994616996,47.2258397978111,47.2238895175753,47.2207315072387,47.2160944380219,47.2095750664139,47.2006844995921,47.1889124859132,47.1738028226918,47.1550359820393,47.1325223594055,47.1065198781344,47.0777987276066,47.0478744527401,47.0193028111572,46.9959565315024,46.9830760308949,46.9867363883079,47.0123239323144,47.0618922023438,47.1310604262856,47.2072247464182,47.2713372140308,47.3041285719419,47.2944366696319,47.2447208650124,47.1699503053179,47.0905992978733,47.0243768729573,46.9812000229921,46.9627480612228,46.9650389791138,46.9816996315485,47.0064260615475,47.0342386337512,47.0617929022955,47.0871722676357,47.1094978286246,47.1285447351746,47.1444422872351,47.1574717354263,47.1679478085607,47.1761614218761,47.1823611662279,47.1867546908206,47.1895157938283,47.1907881015823,47.1906811524814,47.1892589947815,47.186524564797,47.1824048055085,47.1767416742028,47.1692931921487,47.1597472086347,47.1477495851219,47.1329491459029,47.1150648390393,47.093986179423,47.0699245591566,47.0436354405407,47.0167194499896,46.9919673885121,46.9736222340444,46.9672899241611,46.979097081878,47.0137286490949,47.0714267856435,47.1450104335624,47.2190454446512,47.2732712687819,47.2901956735796,47.2632551436903,47.2003047552162,47.1198918371614,47.0428653964439,46.9846504254931,46.951882766446,46.9434655135733,46.9538158699269,46.9760621096607,47.0040960153001,47.0334207925179,47.0611978196423,47.0859221355309,47.1070118511296,47.1244488230598,47.1385126945302,47.1496045850605,47.1581411852972,47.1644986154955,47.1689887940258,47.1718551221785,47.1732777819437,47.1733818147698,47.1722436239943,47.169893735014,47.1663155066081,47.1614409043016,47.155145381941,47.147244502252,47.1374955219707,47.1256083584891,47.1112728479286,47.0942135442558,47.0742893011148,47.0516604782242,47.0270460610775,47.0020744770124,46.97967687241,46.9643613367438,46.9620460350788,46.978995736569,47.0194995466003,47.0825254806738,47.1587545555992,47.2304822162318,47.2764268648841,47.2805377908811,47.240060572949,47.167310009423,47.0837117936583,47.0102544063803,46.9602663055164,46.9374865974631,46.9383977382304,46.9560350584403,46.9831186077074,47.0137573452572,47.0439440714739,47.0713638573186,47.0949526608388,47.114453839435,47.1300697936418,47.1422227685379,47.1514056179189,47.1580966849343,47.1627167443901,47.1656119796848,47.1670520941551,47.167236239492,47.1663017908642,47.16433260857,47.1613646731397,47.1573880430735,47.1523450122344,47.1461251786222,47.1385590153027,47.129412755243,47.1183894399087,47.1051444365011,47.0893291142875,47.07068356229,47.0492062786304,47.0254297533014,47.0008130074094,46.9782040797653,46.9622030969859,46.9590690318635,46.975640480208,47.0168120618288,47.0817685925748,47.1605523376709,47.2338821813323,47.2786690925825,47.2781223757832,47.2307161242849,47.1515127797474,47.0646134385477,46.9921530783233,46.9467799741832,46.9304838652009,46.9379390920495,46.9609460244886,46.9916962414551,47.0243067888267,47.0550676431168,47.0820520292942,47.104559041582,47.1226214576171,47.1366496993362,47.1472044135911,47.1548650856039,47.1601620044799,47.1635467862804,47.1653848976239,47.1659598051535,47.1654823613122,47.1641014054147,47.1619129605058,47.1589663239785,47.1552660529509,47.1507694496189,47.1453797323062,47.1389357801823,47.1312004538454,47.1218514911005,47.1104825036136,47.0966273640788,47.0798296387467,47.0597886686361,47.036620903982,47.0112675978537,46.986035548663,46.9651439302942,46.9549442148711,46.963225527837,46.9969237227338,47.0580422358319,47.1390447241367,47.2209404803055,47.2777478759673,47.2876305722158,47.2448178668886,47.1635503881215,47.0705854710604,46.9919155873897,46.9428511596087,46.9259930090889,46.9351586869932,46.9608383583188,46.9941611634361,47.0286626232622,47.0604671600513,47.087735803172,47.109963236878,47.1273925260215,47.1406135297161,47.1503210882319,47.1571856882788,47.1617942195021,47.1646306814954,47.1660777984569,47.1664283022363,47.1658994573387,47.1646471352719,47.162777243803,47.1603531717911,47.1573984560412,47.1538942595824,47.1497715473375,47.1448981798171,47.1390617743545,47.1319505435747,47.1231370645191,47.1120749241924,47.0981263423534,47.0806505530989,47.05919623142,47.0338497165308,47.0057771081576,46.9779298126916,46.9557143364325,46.9471324519674,46.9615657180362,47.0063596829254,47.0812957360869,47.1733088355007,47.2562474281105,47.2997140990972,47.2845889764416,47.2149329568505,47.1162895621682,47.021369936812,46.9543740242489,46.9239552270376,46.9257730867274,46.9492732219927,46.9835439703202,47.0203098516595,47.0545390325491,47.0838420196129,47.1075629691881,47.1260003905263,47.1398749845121,47.1500170036821,47.157206639619,47.1621073660472,47.1652501666715,47.1670427660483,47.1677891641682,47.1677115374912,47.1669703308235,47.1656803590339,47.163921793911,47.1617454882703,47.1591723851004,47.1561868532992,47.1527237771712,47.1486493012158,47.1437356397271,47.1376318327538,47.1298355342673,47.1196768828057,47.106335365113,47.0889249742109,47.0667004125594,47.0394505151923,47.0081354769969,46.9757529892563,46.9482254913464,46.9347394899061,46.9465183146196,46.9928872607025,47.0745432139337,47.1768206569089,47.2690911989482,47.3156884691753,47.2952405301724,47.2147698498255,47.1059939893518,47.0065503446996,46.9415690244718,46.9173323689576,46.926235731918,46.9553948544552,46.992990774951,47.0308900085339,47.0646841543353,47.0926753064114,47.1147661623503,47.1316271066328,47.1441829851413,47.1533430971372,47.1598844649983,47.164420183681,47.1674096599712,47.1691861049454,47.1699881800889,47.1699891934649,47.1693207045909,47.1680892228599,47.1663856635353,47.1642877111681,47.1618553596564,47.1591197347002,47.156065009021,47.1526030484843,47.1485407503849,47.143541383009,47.1370843651871,47.1284338672041,47.1166365951026,47.1005841363173,47.0791948001694,47.0517888908629,47.0187338014874,46.9823844863691,46.9481759811615,46.9253639637315,46.9263732168989,46.9633393959099,47.0411114052204,47.1487928641007,47.256211896959,47.3228807277652,47.3191146585058,47.2453692787907,47.1327130332258,47.0233341708748,46.9479740558871,46.9162828731159,46.9212730361214,46.9491356753701,46.9868484303898,47.0254152163081,47.0599928282991,47.0887410393766,47.1115580601677,47.1291449848866,47.1424437965349,47.1523539935469,47.1596205080017,47.1648134210608,47.1683501568287,47.1705326135323,47.1715849993505,47.1716855960869,47.1709897100096,47.1696432666525,47.1677876804733,47.1655571198678,47.1630692442222,47.1604100634378,47.1576129779764,47.1546315811168,47.1513058034799,47.1473219388339,47.1421696912127,47.1351045555604,47.1251327580117,47.1110498360513,47.0915830967199,47.0657097370562,47.0332346714497,46.9956850541031,46.9574531378745,46.9268134384081,46.9159180961201,46.938344576352,47.0029767849466,47.1051456583591,47.2202691840701,47.3082840388718,47.3322823751641,47.2811527005763,47.1774513114939,47.0627645244859,46.9735843597575,46.9265811001081,46.9193386069934,46.9395101897189,46.9735503153245,47.0112428127669,47.0465870112385,47.0769057541509,47.1015736917598,47.1209923391827,47.1359427538657,47.147244874232,47.1556135743888,47.1616225681157,47.1657185144741,47.1682523914471,47.169511192534,47.1697423833878,47.1691687962804,47.1679944437024,47.1664030374022,47.1645512870493,47.1625586326198,47.1604942181712,47.1583609308664,47.1560755153793,47.1534434900455,47.150128295042,47.1456163896496,47.1391846674039,47.1298845970206,47.1165700889441,47.098013862384,47.0731780433613,47.0417194223288,47.0047927867553,46.9661154699057,46.932997527064,46.9165797119311,46.930004902727,46.9832802279816,47.0752267552789,47.1866103037065,47.2818353175346,47.3237380683334,47.2947966096056,47.2084268479802,47.1001469124217,47.0064547171065,46.9484335719535,46.9288287516653,46.9387340631544,46.9658761758195,46.999838995106,47.0337968860866,47.0641784195508,47.0896384824199,47.110086473143,47.1260108830121,47.1380903799332,47.1470054735912,47.1533669739473,47.1577018892675,47.1604612238195,47.1620312859669,47.1627408912671,47.1628629806357,47.1626121956577,47.1621409066946,47.161535800928,47.1608159748004,47.1599320115217,47.158764165487,47.1571169033479,47.1547070617329,47.1511441905802,47.1459047048908,47.1383068144248,47.1275015887377,47.1125077850419,47.092334367249,47.066252187226,47.0342846021373,46.9979600111619,46.9612592243314,46.9314358817167,46.9189752247502,46.9355720480606,46.9892278125457,47.0772255550034,47.1808852316977,47.2681749594671,47.307010366993,47.2828027224395,47.2071194535679,47.1101171981016,47.0233478838075,46.9661565965154,46.9426105253855,46.9463568191172,46.9673057323597,46.9962382798122,47.026653722687,47.0547972969424,47.0789532803953,47.0986671210467,47.1141560752996,47.1259405872039,47.1346433767461,47.1408914614291,47.1452712490514,47.1483059358255,47.1504398244048,47.1520243834758,47.1533065640497,47.1544221357808,47.1553966335349,47.1561548365094,47.1565373570269,47.1563205954039,47.1552346411371,47.1529732452811,47.1491912581421,47.1434882728309,47.1353828190107,47.1242894161895,47.1095212281833,47.0903537825155,47.0661985809849,47.0369434867237,47.0035042955926,46.9685686390884,46.9373554943487,46.9179326419581,46.9203031164621,46.9534000087024,47.0198939094566,47.1107106081578,47.2034735750749,47.268909287025,47.2842101247083,47.2452933383871,47.1686825193735,47.0816545874932,47.0085810103122,46.9625176718686,46.9447923660538,46.9494369469978,46.9681635551218,46.9935754751098,47.0204026358655,47.0454872952372,47.0672695394152,47.0852240860802,47.0994267563964,47.110273564743,47.1183149794089,47.1241589449506,47.128407471472,47.1316068034128,47.1342038330546,47.1365096669781,47.1386751352882,47.1406833107177,47.1423618066139,47.1434138448544,47.1434628705587,47.1421018242397,47.1389360468667,47.1336091527478,47.1258048287756,47.1152247458715,47.1015533703895,47.0844336091102,47.0634913139839,47.0384586361693,47.0094497335567,46.9774247205601,46.9448167062275,46.9161628899282,46.8983600437036,46.8999201574565,46.9285640612376,46.9870681764921,47.0687456629423,47.1556943751844,47.2230557227982,47.249185785195,47.2263264467798,47.1643729136458,47.085029123281,47.0109608534476,46.9572386201328,46.9288459253506,46.9230842746137,46.9336137910049,46.9536976537227,46.9778872096049,47.0024570042682,47.0251845243231,47.0449336756015,47.0612776786468,47.0742332926757,47.084095237068,47.0913331016597,47.0965155369162,47.1002397781458,47.1030588655354,47.1054099331952,47.1075531716206,47.1095325261781,47.1111667201901,47.1120740471533,47.1117279216249,47.1095337125712,47.1049122009626,47.0973724946001,47.0865588011183,47.0722621930894,47.0544007224798,47.0329880694639,47.0081297083732,46.980101080654,46.9495651827526,46.9179623018047,46.8880316061152,46.8642837572657,46.8530439574247,46.8615147006862,46.8953915495891,46.9552135056871,47.032914190621,47.1112489517455,47.1683440190445,47.1865472892133,47.1607949872161,47.1008752851389,47.0260746992661,46.9561739895058,46.9044689220469,46.875679583851,46.8678456751867,46.8756591852982,46.8932488171549,46.9157092988026,46.9395582813218,46.9625917556058,46.9835368156524,47.0017265337574,47.0168773270569,47.0289660204351,47.0381703004047,47.0448326377512,47.0494185222931,47.0524552674531,47.0544521229109,47.0558129559117,47.0567579930718,47.0572710336835,47.057084134023,47.0557045701207,47.0524806022048,47.0466948127133,47.0376681772315,47.0248561970671,47.007921877193,46.9867799736099,46.9616223663485,46.9329530039445,46.9016763840791,46.8692845205396,46.8381562975615,46.811899833699,46.7955242515462,46.7950577344551,46.8161608382554,46.8615477557676,46.9278214879606,47.0034569318125,47.0702054881299,47.1089097286038,47.1075958855926,47.0671201729953,47.0005651017185,46.9268699108498,46.8629851168414,46.8188958129732,46.7969399666281,46.7940659839138,46.8048496590961,46.8238058889943,46.8465729442576,46.8701947830414,46.8929097873073,46.9137795200408,46.9323491447746,46.9484142388867,46.9618979091588,46.9728089430332,46.9812425250571,46.9873892117221,46.9915285872854,46.9939969887267,46.995130874393,46.9951966308328,46.9943225332398,46.992448880716,46.9893086836632,46.9844450357718,46.9772641249824,46.9671164862693,46.9533953201354,46.9356410442905,46.9136466309759,46.8875682394396,46.8580571912373,46.8264354123761,46.7949245731021,46.7668921400232,46.7469815263025,46.7408597796058,46.754218641142,46.7907679139803,46.8494634902901,46.9221194104806,46.9933347678908,47.0442786922484,47.059697096748,47.0346853103654,46.9769893599368,46.9032777178428,46.8318951652875,46.7764546200119,46.7430819349797,46.7312645367922,46.7365170239367,46.7530718347655,46.7756763753561,46.8003927955544,46.8246930058364,46.8471971346311,46.867308498246,46.8848831978272,46.8999885355161,46.9127562469628,46.9233136282528,46.9317674236735,46.9382150671917,46.9427619321892,46.9455297050323,46.9466485025851,46.9462326352623,46.9443457758074,46.9409648356315,46.9359527422223,46.9290488648068,46.9198829046266,46.908014860945,46.8930015632569,46.8744904207384,46.8523439484556,46.8268030843208,46.7986991184893,46.7697146102444,46.7426596786822,46.7216578655971,46.7120261990942,46.7195321090783,46.7487371624294,46.8004766429644,46.8692666023721,46.942279785303,47.0016457884333,47.0303551921959,47.019369783341,46.971821109396,46.9015329236502,46.8268531292928,46.7636617150905,46.7211251396437,46.7012282118787,46.7008488994303,46.7145080080698,46.7365342768978,46.7622566707002,46.7883865362838,46.8129200673324,46.8348416765737,46.8537988423248,46.8698271544466,46.8831488965542,46.8940419168889,46.9027655308157,46.9095278968038,46.9144800660309,46.9177238687062,46.9193234273348,46.9193132211608,46.9176990590419,46.9144516815681,46.9094955668201,46.902697528427,46.8938608139005,46.8827309137993,46.8690197346546,46.8524558330109,46.8328704608935,46.8103316890658,46.785339206735,46.7590843210001,46.7337524388761,46.712785653381,46.7009252262895,46.7037432437396,46.7263401883631,46.7710965578899,46.834971099005,46.9077136202976,46.9728497883626,47.0124335205626,47.0141478705249,46.9769637740083,46.9117196877308,46.8361955942125,46.7678669860797,46.718417642111,46.6920396055093,46.6868963217477,46.6978780275335,46.7190787246764,46.7453238222113,46.7727822426655,46.7989842849881,46.8225642025108,46.8429367910377,46.8600100191664,46.8739665175211,46.8851128661149,46.8937837286863,46.9002864269131,46.9048736532983,46.9077346014163,46.908996926222,46.90873364475,46.9069705994085,46.903691633818,46.8988402482788,46.8923181764474,46.8839830018137,46.8736486401578,46.8610944309241,46.8460910028911,46.8284542255453,46.8081421021828,46.7854116524807,46.7610491130977,46.7366682983815,46.7150256100542,46.7002142885676,46.6974825668973,46.7123302524168,46.7486188776794,46.8058727576179,46.876796218641,46.9468554841741,46.9975906076794,47.0133721630626,46.9884428553381,46.9298750995728,46.8543642550875,46.7809654115789,46.7242249518157,46.6909362489963,46.6807715948962,46.6890107912039,46.7094172833259,46.7362048859843,46.7649414680918,46.7926942049572,46.8177916258849,46.839471760277,46.8575566955508,46.8722030602728,46.883730660302,46.89251379278,46.8989172077672,46.9032618365455,46.9058095172087,46.9067592688643,46.9062499288485,46.9043654487415,46.9011402011579,46.8965625611009,46.8905759840033,46.8830779368143,46.8739184602789,46.8629020020667,46.8497986938923,46.8343747072117,46.8164557278322,46.7960420928812,46.7734958638032,46.7498124635034,46.7269606235224,46.7082084828437,46.6982412083878,46.7027401723414,46.7270354701832,46.7736603933541,46.8393267926461,46.9128913339619,46.9765092334157,47.0111531186123,47.0047245161226,46.9581423925556,46.8852101428911,46.8062235058407,46.7395585593083,46.6960404473737,46.6779699255477,46.6815248367908,46.7001392652498,46.7271610175228,46.7572582269205,46.7868031440596,46.8136825743721,46.8369023603354,46.8561943088051,46.8717079531631,46.8837989131512,46.8928967113355,46.8994288346514,46.9037811703911,46.9062805312536,46.907189853135,46.906710059936,46.9049847313156,46.9021050156319,46.8981130867687,46.8930031242192,46.8867194992253,46.8791527505717,46.8701352241711,46.859440181494,46.8467910861815,46.8318919988911,46.8144955859406,46.794531142334,46.7723176673583,46.748878088401,46.7263351382363,46.7082871130076,46.6999214331921,46.7074594162361,46.736472881901,46.7889324927646,46.8597715002884,46.9350401946739,46.9942471134021,47.0177222430026,46.9959285856173,46.9348010902733,46.8530915524552,46.773484111187,46.7134522087633,46.6807705574133,46.6743429478046,46.6878748569379,46.7136244766181,46.7448094918803,46.7765613724151,46.8059241671843,46.831431889971,46.8526116784865,46.8695708792088,46.8827074598281,46.8925290452784,46.8995505536216,46.904242498924,46.9070093171615,46.9081841679038,46.908031904325,46.9067552592615,46.9045012716647,46.9013661153967,46.8973971891821,46.8925918368268,46.886892569466,46.8801793335369,46.872260438086,46.8628655482984,46.8516471254158,46.8382013894794,46.8221266473849,46.8031450362084,46.7813201458661,46.7573990129213,46.733275395364,46.7124858592965,46.7004879943477,46.7042518390783,46.7305627984732,46.7827094125146,46.8562795557335,46.9364737263209,47.0003046728103,47.0251416585065,47.0000398551244,46.9322984245424,46.8439979116466,46.7609347567353,46.7017782451157,46.6734533084598,46.6729825862847,46.6922748250045,46.7224664660905,46.7563798773149,46.7892549747296,46.8184873802062,46.8430173928125,46.8627326564006,46.8780188983391,46.8894695784525,46.8977191954891,46.9033587380767,46.9069001710981,46.9087676171283,46.9093015815562,46.9087683952801,46.9073705374093,46.9052554376232,46.9025213970548,46.8992198349009,46.8953534083906,46.8908698197355,46.8856514706084,46.8795017764755,46.8721302577891,46.8631410135511,46.8520335917421,46.8382324028636,46.821171004334,46.8004693240829,46.7762491775849,46.7496213393297,46.7233175595908,46.7022938253168,46.6938739574473,46.7067082363343,46.7477848153971,46.8174975552174,46.9047110465188,46.9859797868458,47.0327689398374,47.0252834085218,46.9642990443551,46.8714819040956,46.7775001856979,46.7071472304469,46.6712601447171,46.6677100681332,46.6872710718797,46.7193984469853,46.7555705971686,46.7902752726686,46.8206488685527,46.8456683695837,46.8653873421566,46.8803831448175,46.8914161283888,46.8992458628736,46.9045467495264,46.9078798506604,46.9096932989081,46.9103352442246,46.9100706547997,46.9090974972047,46.9075600570388,46.905558292605,46.903152663456,46.9003641099969,46.8971689194686,46.8934882225424,46.8891720085408,46.8839781256985,46.8775482243918,46.8693857344241,46.8588467338551,46.8451640357881,46.8275384863064,46.805347611286,46.7785329622107,46.7482146732575,46.7175069848423,46.6923164921233,46.6815587396147,46.6958226688397,46.7434616898378,46.8241850221674,46.9229739139081,47.010105922898,47.0519791490432,47.0292876471886,46.9497053660757,46.8438535191618,46.7475514683973,46.6846624649145,46.6612145649365,46.6700208325136,46.6987528504379,46.7359733418727,46.7737006447597,46.8075191478323,46.8356524179922,46.8579135200855,46.8749017733273,46.8874989964409,46.8965986389818,46.9029838809385,46.9072894345917,46.9100051346148,46.9114972797248,46.9120350024582,46.9118153486342,46.9109841185626,46.9096512221042,46.9079001286354,46.9057913386426,46.903359836558,46.9006063161753,46.8974817459263,46.8938647867831,46.8895320391192,46.8841226135283,46.877101887848,46.8677355958322,46.8550958044047,46.8381357236128,46.8158896892531,46.7878718525792,46.7547439691865,46.7192595039583,46.6873019364032,46.66845408863,46.6750112184196,46.7180845729821,46.8003724934246,46.9082302134144,47.0097389607089,47.0655410699526,47.0502056150401,46.9691550634508,46.8558739573353,46.7513096712945,46.6829746316267,46.6576569361779,46.667007478881,46.6971562053719,46.7356311706628,46.7740607149726,46.8080655185565,46.8360787472763,46.8581325480245,46.8749827699135,46.8875907497446,46.8968646620994,46.9035580925835,46.9082519882702,46.9113749542924,46.9132371469803,46.9140651722746,46.9140320550384,46.9132798331043,46.911934141804,46.9101110613931,46.9079168370077,46.9054410069344,46.9027431269463,46.89983283571,46.8966427187167,46.8929936542904,46.8885535859357,46.8827936960187,46.8749517414052,46.8640220588531,46.8488065959019,46.8280812703002,46.8009529833267,46.7674904851529,46.7296723705213,46.6925431623213,46.6651219298045,46.6600562591807,46.6905440779015,46.7635195010241,46.8707097518432,46.9836790692119,47.0610750955332,47.0693921683387,47.0043236290781,46.8942148307384,46.7818453540586,46.7006334282567,46.6629196926868,46.6632528612084,46.6882054746919,46.7244927489562,46.7626697072901,46.7974907110219,46.8268234947404,46.8503726919663,46.8687149651183,46.8827132830107,46.8932193568984,46.9009542093462,46.9064838570147,46.9102382849827,46.9125448742125,46.9136616752598,46.9138039866695,46.9131620743638,46.9119101658179,46.9102079246428,46.9081958801186,46.9059860000965,46.9036479622551,46.9011909230628,46.8985399858369,46.8955065002877,46.8917522786262,46.886750434807,46.8797507046297,46.8697659062492,46.8556098615554,46.8360360361935,46.8100474942099,46.7774608370427,46.7397797443405,46.7013096335256,46.670145177146,46.6581575298879,46.6786106399016,46.7402668432645,46.8389184061684,46.9513390176156,47.0394041002927,47.0674911952155,47.0237378549696,46.9279041916808,46.8184756869667,46.7304577229838,46.681099719011,46.669684750827,46.6855124311886,46.7160286692684,46.7513378000753,46.7853338273718,46.8150582709827,46.8395887760953,46.859088791946,46.8741812893066,46.8856030879446,46.894045915216,46.900102776051,46.9042648725816,46.9069372148507,46.9084566141759,46.9091051588379,46.9091175092384,46.9086829335027,46.907943904573,46.9069929135088,46.905868353277,46.904549236754,46.902947453579,46.9008955923255,46.8981284544508,46.8942577093646,46.8887422089681,46.8808619879433,46.8697128496668,46.8542516187611,46.8334395941557,46.8065498329401,46.7737100544154,46.7367173213357,46.7000296581222,46.6715502222171,46.6623739216833,46.6843066513385,46.7443605958394,46.837432284672,46.9417486541058,47.0233584818738,47.0513609846355,47.015446920449,46.9320349615568,46.8337151385745,46.7511442129748,46.7008566740947,46.6841805006975,46.6931775012741,46.7173476964357,46.7477671754041,46.7784748425393,46.8062307271112,46.8297086978058,46.8487105928731,46.8636020444742,46.8749727331489,46.8834586476245,46.8896613995913,46.8941171022842,46.8972860218313,46.8995483777374,46.9012007865947,46.9024528962871,46.9034258728164,46.9041545306503,46.9045938126333,46.9046286596749,46.9040846085634,46.9027352330932,46.900302303749,46.8964457410683,46.8907434456295,46.8826662182236,46.8715605937519,46.8566628805217,46.8371809545336,46.8124944260825,46.7825315464123,46.7483649064511,46.7129935599349,46.682100115373,46.6642649595663,46.6697865079005,46.7072617481779,46.7780441023414,46.870910781476,46.961501836718,47.0202239709609,47.0264049656234,46.9795987509335,46.8992919081917,46.8134564361802,46.7450248429903,46.7048000346715,46.6922868408753,46.7006166945465,46.721389170284,46.7475270659667,46.774211884715,46.7987032094339,46.8197625558755,46.8370830954074,46.8508686755668,46.8615689748442,46.8697289846942,46.8759068444878,46.8806259851255,46.8843418085433,46.8874145894648,46.8900877073553,46.8924739605276,46.8945533313417,46.8961840506354,46.8971260400236,46.8970726409283,46.8956838107442,46.8926125463723,46.88751701476,46.8800543719398,46.8698588473814,46.8565162748118,46.8395593114399,46.8185207469073,46.7930934034177,46.7634470647489,46.7307311286536,46.6977213865754,46.669420222944,46.6531848382914,46.6577247412277,46.690347924951,46.752569598744,46.8358055532093,46.9205027531938,46.9816173378464,46.9993882287433,46.9692131968454,46.9036264430484,46.8250689666369,46.7550411016608,46.7066071157387,46.6830190064578,46.6806453208454,46.6929614154809,46.7134947568389,46.737226254905,46.7608535370548,46.7824987992898,46.8012767978128,46.8169240499343,46.8295438227612,46.8394508496281,46.8470788359199,46.8529174457565,46.8574576883269,46.8611373439111,46.8642877928295,46.8670892048008,46.8695425845722,46.8714653747526,46.8725132214819,46.8722252328092,46.870084744898,46.8655834782628,46.8582753402762,46.8478082966296,46.8339296324236,46.8164717644898,46.7953415804138,46.770553241969,46.742356725479,46.7115117586094,46.6797228624625,46.6501646544633,46.6278722811769,46.619573109208,46.6324109964203,46.6712160525769,46.7347806181588,46.8129310020463,46.8870925376189,46.9359854615576,46.9446311941295,46.9114398709273,46.8485711214881,46.7754856505186,46.7103129169682,46.6641152570252,46.6398885152267,46.6348728733532,46.6437381368471,46.6610121868795,46.6823041157969,46.7045890644987,46.7260036615744,46.745500315509,46.7625452932139,46.7769200022009,46.7886157156873,46.797785723645,46.8047177448604,46.809800116753,46.8134695752108,46.816141602055,46.8181337541325,46.8195969784769,46.8204697195723,46.820465561215,46.8190986076581,46.8157433201149,46.8097186219584,46.8003813558047,46.7872132353166,46.7698896880841,46.7483291195185,46.7227363282716,46.6936706036976,46.6621797573188,46.6300326412861,46.6000360673688,46.57632050439,46.5643271593758,46.5700909211862,46.5984495516428,46.6502440549644,46.7194886329722,46.792449653049,46.8505248754071,46.8768781017116,46.8637596263847,46.816019777333,46.7484880404868,46.6791044947563,46.6221569653712,46.5848933582226,46.5678869085254,46.5675023415315,46.5785822774541,46.5963004729168,46.617000168673,46.6382970934225,46.658814911106,46.677828716983,46.6949658760893,46.7100161897491,46.7228458986134,46.7333836747613,46.7416403468128,46.7477292237318,46.7518649426793,46.7543318801386,46.7554253698188,46.7553780367071,46.7542881762427,46.7520670657535,46.7484181675941,46.7428547956528,46.7347556917097,46.7234518974215,46.7083350412428,46.6889780668639,46.6652649787487,46.6375349991901,46.606754081485,46.5747238454199,46.5443106252139,46.5196106631121,46.5058602116302,46.5087915267486,46.533140089393,46.5802983087416,46.6457870304439,46.7180348367715,46.7801627916879,46.8152439068936,46.8130648728845,46.7746268973231,46.7115287482372,46.6406807092098,46.5776886347577,46.5323816430649,46.5078182433964,46.5019016924178,46.5099095407991,46.5266480499643,46.5477298930147,46.570042832095,46.591697986976,46.6117390014728,46.6298028098694,46.6458322617419,46.6598777213456,46.6719881284177,46.6821736225619,46.6904145713137,46.696691376741,46.7010133862579,46.7034320380946,46.7040315823551,46.7028987936294,46.7000795748797,46.6955342237053,46.6891040709788,46.6805006226892,46.6693252230477,46.6551239123725,46.6374798768119,46.6161454823044,46.5912168571694,46.5633534100923,46.534035993602,46.5058302285401,46.4825647494878,46.4692472790561,46.4714568315165,46.493958918667,46.5385352154145,46.6015917468716,46.6728320328433,46.7365456385708,46.7761313018129,46.7803826413387,46.7482603821805,46.6892467004117,46.6190898925877,46.5536060289854,46.5038699378395,46.4745090687065,46.4647011238838,46.4704113200418,46.4865531243663,46.5084338817841,46.5324299070934,46.5561113378493,46.5780736886167,46.5976648292236,46.6147142626964,46.6293119537812,46.6416498244833,46.651922487405,46.6602767462152,46.666796815491,46.6715117974115,46.6744129498791,46.6754705099965,46.6746431279564,46.6718769330349,46.6670953086776,46.660183986825,46.6509786725808,46.6392640117737,46.6247935777213,46.6073410923161,46.5867935064372,46.5632961791585,46.537456700131,46.5106014385334,46.4850490435958,46.464308994645,46.4530316903583,46.456459609733,46.479138867314,46.5228756120058,46.5844477395999,46.6542570330309,46.7173882140491,46.757742905153,46.7640042754057,46.7344171362118,46.6775200360186,46.60838171188,46.5426796659257,46.49183260916,46.4610311978832,46.4499743417951,46.4549638508816,46.4710418952322,46.4934789748117,46.5185081276668,46.5435021511143,46.5668462491516,46.5876970646894,46.6057364595572,46.6209663104772,46.633555452708,46.6437344328346,46.6517290131718,46.6577231509394,46.6618432067893,46.6641562199184,46.6646760600615,46.6633723301813,46.6601782631381,46.654995627588,46.6476967900024,46.6381264423827,46.6261079789492,46.6114620417135,46.5940473178614,46.5738359740299,46.551037083954,46.5262783579026,46.5008441468461,46.4769379834149,46.4578825653419,46.4480898052298,46.452556646846,46.4756465989729,46.5191263778364,46.579929701203,46.6487823883405,46.7111322180888,46.7511035561014,46.7573521921304,46.7278989032668,46.6710442369687,46.6017721126385,46.5358603426778,46.4849172530669,46.4542879552649,46.4437232046474,46.4494796840359,46.4665023686007,46.4899574270683,46.5159916157264,46.541914719295,46.5660664313875,46.5875678346035,46.6060712027974,46.6215555848987,46.6341776942807,46.6441710572053,46.6517819344528,46.6572314087709,46.6606953924354,46.6622964931739,46.6621032595448,46.6601334317643,46.656358724205,46.6507096153271,46.6430798115755,46.6333316159384,46.6213054529369,46.6068393192349,46.5898068887306,46.570186053638,46.5481717170196,46.5243450000855,46.4999004977752,46.4769057011209,46.4585133694723,46.4489673242668,46.4531594503674,46.4754844193915,46.5179240947487,46.5777792097241,46.6461485371864,46.7086429543481,46.7491940763856,46.755980289798,46.7265490521005,46.669040781841,46.5986873534318,46.5317501118086,46.4802752077787,46.4498089673433,46.440045001286,46.4470207576608,46.4654212396112,46.4901967263807,46.5173558896972,46.5441445156262,46.5688913195157,46.5907360667768,46.6093613962563,46.6247779178588,46.6371711512423,46.6468010802819,46.6539405272567,46.6588398700835,46.6617086784232,46.662707742223,46.6619471236794,46.6594873190243,46.6553416280521,46.6494786739106,46.6418249269768,46.6322682638206,46.6206652192984,46.6068568248754,46.5907008335844,46.5721314995502,46.5512610095655,46.5285368140623,46.5049616272047,46.4823596183275,46.4636231409514,46.4527940770872,46.4547396071769,46.4741396912418,46.5136407114061,46.5714813625703,46.6396230357781,46.703969368703,46.7478411374451,46.758063709477,46.7307669930741,46.6733748199587,46.6014101778334,46.5321155978622,46.4785887546441,46.4470255489561,46.437247689629,46.4450485338637,46.464724948114,46.4908682200225,46.51923753916,46.5469476280656,46.5722880368447,46.5944165624227,46.6130620450684,46.6282902399767,46.6403404950286,46.6495214744917,46.6561495257053,46.6605151325148,46.6628666019226,46.6634036256324,46.6622759924176,46.6595845019759,46.6553822949938,46.6496756631715,46.6424241972613,46.6335410899503,46.6228957432398,46.6103227581015,46.5956441047043,46.5787148105788,46.5595063708287,46.5382445853288,46.5156156423581,46.4930383523969,46.4729600699994,46.4590581852891,46.4561223501512,46.4693024917076,46.5024550391537,46.5556788846895,46.6228773018595,46.6909937912818,46.7425992362041,46.7619404094971,46.7418736170321,46.6875347938755,46.6141939714989,46.540629453179,46.4821196982536,46.4465725627881,46.434567641079,46.4418267675172,46.462137127516,46.4894985302075,46.5191977393955,46.5480556650228,46.574225634859,46.5968380546291,46.6156563946524,46.6308090831364,46.6426056748954,46.6514223200623,46.6576364055511,46.6615928330959,46.6635890589575,46.6638703158342,46.6626296467806,46.6600095259601,46.6561031937519,46.6509547098124,46.6445574128362,46.6368512109913,46.6277201321725,46.6169930793759,46.6044530465162,46.5898634195773,46.573024441765,46.5538777170805,46.5326792377059,46.5102559357493,46.4883362310025,46.4698860337445,46.459276390651,46.4619732262954,46.4833585911385,46.526451728782,46.588912281386,46.6607415726277,46.7248734688495,46.7621301296156,46.7592509175331,46.7155893431435,46.6438864533689,46.5643898314755,46.496240467653,46.4512288484828,46.4323093080939,46.4358435652638,46.4551017443796,46.4831271726449,46.5143007870593,46.544796690331,46.5723995224958,46.5960850309749,46.6155971160149,46.6311159249921,46.6430319981546,46.6518080617646,46.6579024706819,46.6617316460527,46.6636550701745,46.6639720816946,46.6629238985322,46.6606970457419,46.6574260463136,46.6531942248503,46.6480320954897,46.6419133139733,46.6347487912352,46.6263805207795,46.6165782544121,46.6050447547355,46.5914393803767,46.5754354252795,46.5568332742961,46.5357562039078,46.5129513149907,46.4901904789953,46.4706941968647,46.4593667851955,46.4624513970951,46.4861002039476,46.5335637349888,46.6015337048596,46.6775559931516,46.7413569092189,46.7716634619247,46.7561434140306,46.6983276103076,46.6162962967238,46.5338620961462,46.4703831350681,46.4351243272628,46.4275774821545,46.4412807072493,46.4679784135438,46.5003684340477,46.5332188640541,46.5633892203952,46.5893638674686,46.6106985394859,46.6275627469611,46.6404229161082,46.649848516277,46.6564060543106,46.6606085668246,46.6628968812702,46.6636372558637,46.6631261952953,46.6615972629123,46.6592271135919,46.6561393167256,46.6524052549761,46.6480417741462,46.6430055463095,46.6371844884048,46.6303872778506,46.622333352261,46.6126482607929,46.6008734917447,46.5865065414003,46.5690960071849,46.5484259301948,46.5248270141427,46.4996349023328,46.4757511648192,46.4581185290898,46.4536894014256,46.4702350194383,46.5133982917525,46.5821994472579,46.6649605729222,46.7393526010785,46.7795472817844,46.7686301083261,46.708539789265,46.6196899519034,46.5302014070693,46.4628046343565,46.4276933109018,46.4232676562272,46.4412458245761,46.4718582766897,46.5069867501741,46.5412054227867,46.5715565361328,46.5968583662252,46.6170094126702,46.6324645295422,46.6439001870407,46.6520265759418,46.6574960006074,46.6608674591164,46.6626006893678,46.6630636754895,46.6625447525778,46.6612647216251,46.6593867487195,46.6570230328744,46.6542377819107,46.6510462385752,46.647409546239,46.6432252981115,46.6383138722846,46.6324014248924,46.6251021971425,46.6159063351745,46.6041856656902,46.5892396586499,46.5704170343294,46.547362079897,46.5204388221706,46.4913580938622,46.463932242771,46.4446620114805,46.4425166766958,46.4669690826202,46.5235817943928,46.607910951326,46.7012290988959,46.7734458432679,46.7956985068196,46.756670216155,46.6703652709101,46.5682619515215,46.4820968971599,46.4303270290668,46.4153571001281,46.4289357735564,46.4593618235804,46.4963733840784,46.5330122047485,46.5655124507613,46.592414810191,46.6136350292224,46.6297661857697,46.6416439651548,46.6501128061906,46.6559199198954,46.659681088505,46.6618822543986,46.6628962411206,46.6630037108949,46.6624130398731,46.6612767361292,46.6597034662695,46.6577653751348,46.6555005490137,46.6529103884525,46.6499514621161,46.6465212618968,46.6424374106411,46.6374106871316,46.6310143542162,46.6226565927179,46.6115704667735,46.5968478542813,46.5775603757558,46.5530287212141,46.523311466413,46.4899596912145,46.4569752028855,46.4316510159657,46.424535510061,46.4473194300492,46.5076059751173,46.601279083873,46.7067861655897,46.7884211384915,46.8120902659983,46.7657006394956,46.6679064931279,46.5567401392178,46.4678072637499,46.4191693619565,46.410281826482,46.4298783449765,46.4645232572405,46.5035551110453,46.5404175126613,46.5720145819303,46.5975063934581,46.6172555166332,46.6321208655772,46.6430600440884,46.6509407539399,46.6564734454273,46.6602058981791,46.6625449576785,46.663786915599,46.6641474403874,46.663786973925,46.6628300244131,46.6613779747337,46.6595155019898,46.6573107620575,46.6548092874421,46.65202120488,46.6489010753245,46.645319672265,46.6410277739207,46.6356141672437,46.6284643914112,46.6187343818976,46.6053653366175,46.5871835400064,46.5631499257927,46.5328405290976,46.4972275357716,46.4597425765587,46.4273626579398,46.411003065829,46.423936918521,46.4768432496416,46.5695364387766,46.6832166981384,46.7811004679806,46.8233248821297,46.7902035429319,46.6958638725967,46.579347203728,46.4808838299748,46.4230696169397,46.4076760692182,46.423661579851,46.4568162254295,46.4955947270608,46.5328184106949,46.5650550578869,46.591316351613,46.6119067639402,46.6276561166959,46.6394937590535,46.6482523891772,46.6546031856183,46.6590564291962,46.6619893778334,46.6636812383177,46.6643455075177,46.6641555465895,46.6632621254909,46.6618030840028,46.6599058375521,46.6576835138769,46.6552252052514,46.6525803123847,46.6497364512031,46.6465901985622,46.6429104830932,46.6382962336541,46.6321337314979,46.6235660029354,46.6114978033115,46.5946763081774,46.5719087642786,46.5424976274861,46.5069714495339,46.4681220712778,46.4321519758313,46.4093177921456,46.4128850393681,46.4549370052527,46.5386369836146,46.6498786552535,46.7555118843734,46.8150176079133,46.802655797567,46.7242109536505,46.6133016125781,46.5103484679375,46.4421619696574,46.4153247560987,46.4219260683674,46.4488524258623,46.4843216363499,46.5203871774816,46.5528190165815,46.5800029134036,46.6018187660905,46.6188360470632,46.6318400208687,46.6415969071554,46.6487624708958,46.6538651110161,46.6573214071687,46.6594612603084,46.6605515423976,46.6608138114907,46.6604351412765,46.6595727577274,46.6583537140475,46.6568706813409,46.6551743491903,46.6532621552029,46.6510623749255,46.6484123405587,46.6450301135009,46.6404807997663,46.634142538139,46.6251839462204,46.6125756237687,46.5951740187503,46.5719354664807,46.5423346851182,46.5070557220385,46.4689522735077,46.4340723706243,46.412155090855,46.4155151440156,46.4550745080433,46.5333727214861,46.6373575531715,46.7371958545098,46.7966276805784,46.7919618181602,46.7265025274677,46.6281333829521,46.5322199816814,46.4640539370231,46.4320017556648,46.4311757394278,46.4509408714874,46.4808046848274,46.513108676503,46.5433562541389,46.5694823048507,46.5909403543415,46.6079800758945,46.6211850699347,46.6312197293697,46.6387111264998,46.644205801564,46.6481620804492,46.6509555746769,46.6528869671772,46.6541880138769,46.6550252727636,46.6555025239722,46.6556629465505,46.6554914127523,46.6549161765209,46.6538081728286,46.6519755203973,46.6491510354525,46.6449720048288,46.6389545497361,46.6304701701028,46.6187401722189,46.6028752606338,46.5820023357978,46.555535160723,46.5236493084983,46.4879898976411,46.4525295947239,46.424254487563,46.4129910894067,46.429391925071,46.4803893260384,46.5629762479509,46.6598553108511,46.7420908065684,46.780845438948,46.7625225964236,46.696353093686,46.6083287391944,46.5267121202961,46.4699787399845,46.4433609032089,46.4423943176385,46.4585574525454,46.4835106096681,46.511045286945,46.5373621416014,46.5605730303456,46.5800401427713,46.5958297357376,46.6083458491241,46.6181166758725,46.6256831643993,46.631545787608,46.6361395842641,46.6398206814362,46.6428569841746,46.6454214978171,46.6475895041278,46.6493413329782,46.6505714810044,46.6511029887542,46.6507039549016,46.649101527346,46.6459883496742,46.6410178578721,46.6337884767755,46.6238229658684,46.6105580288739,46.5933705656848,46.5716793501464,46.5451707273891,46.5141949833207,46.4803475543607,46.4471557541125,46.4206060752643,46.4089815945897,46.4212787485467,46.4636973091902,46.534790951594,46.6217534854446,46.7015821307024,46.7491348282251,46.7489263456469,46.7030415820001,46.6293488084202,46.551651466904,46.4890795515581,46.4507806520671,46.4366733987071,46.4413177151403,46.4577781771159,46.4800026282733,46.503696771662,46.5262705510125,46.5464155662457,46.5636501768857,46.5779689113477,46.589616135237,46.598955682278,46.6063987197141,46.6123594292637,46.6172199524249,46.6212969206739,46.6248096942831,46.6278547358104,46.6303916686992,46.6322451777039,46.6331237973297,46.6326526996547,46.6304138414243,46.6259843819352,46.618964277645,46.608987390704,46.5957179525875,46.5788457739488,46.5581079914447,46.5333791815888,46.5048787795167,46.473533095242,46.4414802993721,46.4125984457846,46.392760450732,46.3893242876994,46.4093185269268,46.4561772248442,46.5259336963292,46.605149966854,46.6732515165104,46.7099080170816,46.7041579828665,46.6595328698876,46.5916803969181,46.5204262545429,46.4616984656241,46.4234984136353,46.406381537373,46.4063512880328,46.4178842677176,46.4359107805712,46.456637780732,46.4775989391334,46.4973611489118,46.5151742668482,46.530696728864,46.5438265972836,46.5546169237026,46.5632388634413,46.5699594136612,46.5751120569155,46.5790516000687,46.5820955685325,46.5844618617562,46.5862154378632,46.5872359052502,46.5872139530608,46.5856787360849,46.5820519790799,46.5757191368325,46.5661049771211,46.5527419253387,46.5353255545277,46.5137629663806,46.488234903446,46.4593064422602,46.4281243527202,46.396716212423,46.3683383503565,46.3476957518806,46.3407011375394,46.3533523586078,46.3894819623582,46.4477673849983,46.5193971789835,46.5884680651246,46.6364272275435,46.6493330738276,46.624041547251,46.5693740096414,46.5015878812585,46.437282761054,46.3878986267546,46.3579189996298,46.3462013357387,46.3485861244636,46.3602275025562,46.3769831546551,46.3959046484296,46.4151594658246,46.4337162088961,46.4510126911902,46.4667115604811,46.4805679598051,46.4923898269058,46.5020538046916,46.5095385443656,46.5149453607741,46.5184888762626,46.5204538219013,46.5211257186712,46.5207108028847,46.5192634571749,46.5166378109115,46.5124751515426,46.5062318961747,46.4972458893091,46.4848335240749,46.4684082314958,46.4476132585878,46.4224681182882,46.3935360337666,46.3621226497542,46.3305028445602,46.3021279529183,46.2816807521002,46.2747366263892,46.2867287450601,46.3210449609455,46.3765519981313,46.4456019612089,46.5141466220231,46.5651438171407,46.5846014787239,46.5673773625643,46.519298371015,46.4542900422498,46.3884208329439,46.3343370510585,46.2985227453162,46.2816000124302,46.2803723603824,46.290127214674,46.3063178277596,46.3254141279782,46.3450975160379,46.3640794408992,46.3817778768008,46.3979988362349,46.4126945046875,46.4258186509471,46.4372702598112,46.446901301051,46.4545592131307,46.4601360377793,46.4636022403669,46.465012324678,46.4644794499548,46.4621253956813,46.4580187872033,46.4521176315271,46.4442319272171,46.4340191771768,46.4210213405002,46.4047475860531,46.3848043334905,46.3610726627529,46.3339314703876,46.3045179802605,46.2749970929879,46.2487676633105,46.2304633170438,46.2255271501032,46.2391186332028,46.2742629651808,46.3295824961262,46.3975864606994,46.4649201748536,46.5155299265645,46.5361196857321,46.5214122816885,46.4762461688645,46.4132722505347,46.3477335011849,46.2922881062512,46.254138981552,46.2348937028242,46.2321740557788,46.2416801080908,46.2588478392095,46.2798154307429,46.301785810214,46.3230023866479,46.3425382072203,46.3600334387163,46.3754548210526,46.3889091764246,46.4005190876122,46.4103560671917,46.41841985201,46.4246491859108,46.4289486029094,46.4312170479061,46.4313674839176,46.4293314449219,46.4250479798693,46.4184416503095,46.4093984105959,46.3977509027412,46.383285929324,46.3657868896605,46.345122983342,46.3213945629428,46.2951382018146,46.2675814789321,46.2409093707868,46.2184549004566,46.2046582050725,46.2045763818509,46.2227383583896,46.2613270618874,46.318103620825,46.3850509270962,46.4489901070992,46.4948610910805,46.5108554552976,46.4930270647411,46.4468115753714,46.3845885799934,46.3207942190388,46.2672487673435,46.2306383631419,46.212453493524,46.2104791233658,46.2206793139073,46.2387118000714,46.2608203607571,46.2841850696836,46.3069262810324,46.3279419032127,46.3466964735839,46.3630236530451,46.376966381659,46.3886593725846,46.3982503088017,46.4058533175371,46.4115276058803,46.4152740615812,46.417042816248,46.4167453876602,46.4142662990019,46.4094711144979,46.4022105255186,46.3923232058667,46.3796433243445,46.3640215792877,46.3453710874935,46.3237508072899,46.2994980203302,46.2734149297917,46.2469978794977,46.2226648572944,46.2038837716787,46.1950377633616,46.2008181372844,46.224982130973,46.2685440866,46.3279157104558,46.3940044629158,46.4533844189054,46.491914481037,46.4996856380381,46.474913412029,46.4245902581762,46.3615402438009,46.299615113015,46.2495171317619,46.2168211228454,46.2022398925154,46.2031853121358,46.2155624305375,46.2351451669332,46.2583509064292,46.2825167743197,46.3058696726497,46.3273575491641,46.3464488986983,46.362953407803,46.3768817022925,46.3883443902722,46.3974838757128,46.4044312870655,46.4092818358539,46.4120832617238,46.4128331367754,46.4114816766635,46.4079375454552,46.4020751874268,46.3937436589908,46.3827788568326,46.369023417807,46.35236123809,46.332776119751,46.3104455886555,46.2858795378782,46.2601055735199,46.2348835298907,46.2128948080305,46.1977964396471,46.1939681301689,46.2057550086182,46.2360963567499,46.2847119403215,46.3464809928074,46.4110618648903,46.464708901092,46.4942996678212,46.4920991683473,46.4588524105241,46.403438930434,46.3393055495667,46.2797010027876,46.2340287808289,46.2064921233111,46.1967708515774,46.2017080854062,46.2170323828142,46.2385880030015,46.2629749287875,46.2877339524661,46.3112684957695,46.3326580262325,46.3514572312746,46.3675247896526,46.380894290851,46.3916844745862,46.4000405589059,46.4060980496552,46.4099619627735,46.4116962563076,46.4113198565702,46.408806894276,46.4040897878433,46.3970648308842,46.3876011609959,46.3755555683038,46.3607976190029,46.3432519186384,46.322966569279,46.3002178653305,46.275658748961,46.2505085616093,46.2267586240678,46.2073269750253,46.1960374656905,46.1972427284447,46.2149083867301,46.2511090357964,46.3042209620338,46.3675717287722,46.429623200285,46.4764569031795,46.4961823137389,46.4834406624722,46.4416146488049,46.3814494725871,46.3168909710244,46.260419841274,46.2199892380391,46.1983214469175,46.1940012613385,46.203280505584,46.221716090057,46.245243288447,46.2706724520211,46.2957776535388,46.3191680173362,46.3400827965124,46.3581902209438,46.3734239705155,46.3858641144474,46.395656930129,46.4029642412784,46.4079333043289,46.4106801483959,46.4112813234014,46.4097707430949,46.4061396686838,46.4003390014984,46.3922841359505,46.3818638600948,46.3689563400212,46.3534571673683,46.33532667866,46.3146657485999,46.2918296979829,46.2675861972779,46.2433106637508,46.2211857806172,46.2043258563267,46.1966859797251,46.2025663193148,46.225543960647,46.2668447903281,46.323555426147,46.3875573211987,46.4462751232029,46.4858014614705,46.4956209094605,46.4727805387227,46.4231884013052,46.359245761207,46.295180952106,46.2425595867145,46.2078310001288,46.1922545546384,46.1933715419085,46.2068978075974,46.2282635606053,46.2535270308506,46.2797304510612,46.3048958930759,46.3278491389151,46.3479985351843,46.3651348180765,46.3792758995882,46.3905578419378,46.3991638059878,46.405280686685,46.4090743456552,46.4106765399223,46.4101787881279,46.4076301717223,46.4030374404956,46.3963669284293,46.3875488854177,46.3764860904928,46.363070196045,46.3472112381261,46.3288880068081,46.3082289128641,46.2856331216905,46.2619370673154,46.2386170735503,46.2179883766744,46.2033100954224,46.198641222342,46.2082466874984,46.2353950649653,46.2806130836786,46.3399021545517,46.4039161456191,46.4592134046375,46.4919565374868,46.4929127629427,46.4613041508184,46.4052669708751,46.3385979685517,46.2756649004253,46.2271124198948,46.1979782232992,46.1881863265836,46.1943473909092,46.2117169885137,46.2356375764392,46.2623036767651,46.2889892961209,46.3139597387527,46.3362528692513,46.3554437350865,46.3714457430486,46.3843633869597,46.3943926103628,46.4017581751589,46.4066769168947,46.4093377363224,46.4098916656271,46.4084475589638,46.4050706929628,46.3997828951656,46.3925639207835,46.383354875742,46.3720657429883,46.358590689552,46.3428369106358,46.3247751865557,46.3045224823621,46.2824672259416,46.2594431194377,46.236942020803,46.2173234923721,46.2039231683644,46.2008914831768,46.2125449528657,46.2420636101482,46.2896239581788,46.350550428751,46.414600649588,46.4675664101302,46.4954620955248,46.4898538685246,46.4515710298194,46.3905401772609,46.3217769686461,46.2598707050831,46.2147836030325,46.1904113255021,46.1855555652889,46.1960211678981,46.2166501677272,46.2426936210706,46.2704554151244,46.2974097217465,46.3220383447858,46.3435725236078,46.361743009277,46.3765809211574,46.3882765445479,46.3970874932899,46.403283309319,46.4071145064805,46.4087967636896,46.408503765156,46.4063644753061,46.4024623481383,46.3968352429635,46.3894758551512,46.3803334887648,46.3693192148453,46.3563180794768,46.3412141955257,46.3239372292954,46.3045414683645,46.2833298311053,46.2610315765948,46.2390282515504,46.2195893679157,46.2060204502089,46.2025461962006,46.2136865426027,46.2429199801332,46.2906895362326,46.3523506814616,46.4172861318691,46.4705463608484,46.4973885249654,46.489121163009,46.4471263687571,46.3825093309548,46.3115021012671,46.2493696816824,46.2059985496165,46.1846478439931,46.1832920451879,46.1970289100771,46.2202591222088,46.2480589502329,46.2767507026777,46.3039337052217,46.328253767651,46.3491034443765,46.3663524722299,46.3801431622521,46.3907511957468,46.3984987595513,46.4037045838653,46.4066577236874,46.407605387274,46.4067482758949,46.4042393231275,46.4001834415341,46.3946370991977,46.3876074942618,46.3790520040241,46.3688796843876,46.3569581179563,46.3431310709936,46.3272553246664,46.3092684378966,46.2893019510534,46.2678537840358,46.2460235788472,46.2257862578505,46.2102215635568,46.2035282202116,46.2105569271673,46.2355804138158,46.2802276480349,46.3410663402699,46.4080987294592,46.4658439279753,46.4978596367188,46.4933436204767,46.4522986559645,46.3858991158987,46.3116766593038,46.24653547897,46.2014889964105,46.180086471327,46.1799389426998,46.195511419077,46.2206186615597,46.2499481405443,46.2796446958572,46.3072883977424,46.3315976256767,46.3520762485115,46.3687107349956,46.3817488029595,46.3915543725647,46.3985208074162,46.4030236565894,46.4053978137403,46.4059284448487,46.4048487596084,46.4023403997383,46.3985340297479,46.393508909032,46.3872910690932,46.379850461886,46.3710983181285,46.3608872054772,46.3490181836981,46.3352622909257,46.3194074739858,46.3013465491328,46.2812250302453,46.2596651561477,46.2380653285275,46.2189288956384,46.2060895277237,46.2045767229223,46.2197611207526,46.2554815830936,46.3112940377697,46.379871683185,46.4465028179658,46.4925133988156,46.5023808985659,46.4711433628482,46.4073286531281,46.3291769524332,46.2566214089436,46.2040232281834,46.1771095145562,46.1741391172859,46.1891434049946,46.2150745730984,46.2458000131488,46.2768932331737,46.305630477941,46.3306285335233,46.3514121882939,46.3680480323939,46.3808826749955,46.3903761128389,46.3970058246821,46.401217389116,46.4034028994837,46.4038944047674,46.4029643553724,46.4008283268622,46.3976473981505,46.3935288415787,46.3885245685147,46.3826273313677,46.3757652404019,46.3677959459042,46.3585031482897,46.3476002972877,46.3347498443001,46.3196115025679,46.3019392858657,46.2817525345928,46.2596049303947,46.2369557228234,46.21658991286,46.2029189320282,46.2018242332105,46.2195629895065,46.2603507195136,46.3228737691925,46.3972434129792,46.4650699575809,46.5047967989449,46.5011354204366,46.4532742619858,46.3759315423164,46.2921886518079,46.2231310867258,46.1807447941031,46.1667850861348,46.1759519078408,46.2001595161605,46.2317107373537,46.264807458462,46.295802287414,46.322815987673,46.3451830206775,46.3629598826485,46.3765703540751,46.3865815835054,46.3935779775256,46.3980987708993,46.400612936967,46.401513799591,46.4011225743232,46.3996947174531,46.3974258297857,46.3944555094592,46.3908684371884,46.3866924396901,46.381893552068,46.3763683909198,46.3699346851044,46.3623219073722,46.3531660692837,46.342016500365,46.3283684705453,46.3117440393332,46.2918531785381,46.2688728683614,46.2438709636179,46.219350609843,46.1997675202222,46.191657881318,46.2027674109413,46.2395276618869,46.3028245794328,46.3835726378345,46.4615151360183,46.5107277021923,46.5113409069738,46.4608030194285,46.3761145314246,46.2848503196675,46.21174113358,46.1698186188404,46.1596307593749,46.1738196135682,46.2025743070788,46.2372734274848,46.2719160213661,46.3030869139952,46.3293083496623,46.3503183578937,46.3665030323296,46.3785234532881,46.3871013130812,46.3929115101974,46.3965383726298,46.3984657884809,46.399083117208,46.3986967521687,46.3975421106792,46.3957935900532,46.3935714572883,46.3909452905708,46.3879338073864,46.3845009161288,46.3805477896241,46.375900881025,46.3702963856917,46.3633631701095,46.3546093419653,46.3434233366774,46.3291095488835,46.3109913343365,46.2886284050169,46.262203059397,46.2331105664139,46.2047064926236,46.1829688638023,46.1765058915468,46.1950016564,46.2452668101833,46.3252557650605,46.4190045557095,46.497798398478,46.5311369822185,46.5033129211751,46.4237413030116,46.3219376541803,46.2309755837386,46.1723410211388,46.1511161098304,46.1603861814378,46.1885788022784,46.2249358193373,46.2618740376284,46.2951233908292,46.3229011180656,46.3449509229004,46.3617938922484,46.3742500331075,46.3831752928012,46.3893388710142,46.3933804942213,46.3958080964221,46.3970129284673,46.3972899353196,46.3968575192338,46.3958741430863,46.394450845532,46.3926594064575,46.3905360476285,46.3880804150975,46.3852493235057,46.3819445110164,46.3779936958531,46.3731249194362,46.3669360871657,46.3588656066997,46.3481771462755,46.3339829062464,46.3153458640711,46.2915201102235,46.2624008357341,46.2292389335953,46.1955840047776,46.1681873200124,46.1571811694122,46.1743792299757,46.2285454661344,46.3179311062736,46.4237871619329,46.5118118101995,46.5461933052216,46.5103368775772,46.4183961864697,46.3067862002072,46.212789907058,46.1575571966885,46.1430044329546,46.1589150715584,46.1917941032282,46.2304308238772,46.2676786463261,46.3000013467512,46.326292879006,46.3467825410649,46.362278752926,46.3737332145463,46.3820283339152,46.387896451054,46.3919074343688,46.3944869527464,46.3959452416972,46.3965064694489,46.3963342936584,46.3955519096438,46.3942561208526,46.3925254154902,46.3904220546323,46.3879879444897,46.3852337169076,46.382120153401,46.3785311222351,46.3742379475988,46.3688571626153,46.3618077107333,46.3522809137974,46.3392481460678,46.3215479848889,46.2981154271029,46.2684332555826,46.2332786723137,46.1957611333487,46.1624256442601,46.1437627027845,46.1529008776476,46.2010576792098,46.2895615958401,46.401809848001,46.5026965111876,46.551967850198,46.5270865579952,46.438521379509,46.3232686198287,46.2220908415161,46.1596679831157,46.1397937158585,46.1525196057548,46.1838305185738,46.2218894366783,46.25910423368,46.2916952741955,46.318443867618,46.3395270241307,46.3557182471558,46.3679329455396,46.3770117148848,46.3836423161804,46.3883523724348,46.3915327550511,46.3934703716443,46.3943799712039,46.3944304040368,46.3937637134127,46.3925068433468,46.3907763267123,46.3886764045855,46.3862907994246,46.3836679724723,46.3807993322768,46.3775897961883,46.3738207150733,46.3691069750488,46.3628538246323,46.3542256622194,46.3421499213092,46.325395352677,46.30278470448,46.273620776855,46.238402828431,46.1998444155917,46.1640021714813,46.1409176073471,46.1436174667534,46.1840505857468,46.2655564487091,46.3746821618606,46.4792906723033,46.5396775495464,46.53001641248,46.4549499065885,46.3466031440414,46.2445088983555,46.1755596229596,46.1470344985617,46.1517712687731,46.1771295256835,46.2114914750221,46.246877637939,46.2789479203607,46.3059763456538,46.3277605581513,46.3448214230392,46.3579216338467,46.3678204344811,46.3751730200282,46.3805070772452,46.3842345839197,46.3866756564775,46.3880828008608,46.3886604648561,46.3885782593699,46.3879779057811,46.3869746154971,46.3856536227567,46.3840622273205,46.3821971757274,46.3799867571274,46.3772669074262,46.373751280297,46.3689971554309,46.3623729088982,46.3530395266253,46.3399694352113,46.3220414796647,46.29826974716,46.268238479471,46.2328044689592,46.1950488559943,46.1612475687913,46.1412392385377,46.1471068543494,46.1890239263235,46.2683211642373,46.3708164902307,46.4665455661579,46.5206917472562,46.5119709471726,46.4454597874599,46.3490092841134,46.2564628691954,46.1913714658898,46.1611146444186,46.160702493718,46.1798989890599,46.2087058891606,46.2398424971125,46.2690325770232,46.2943111497806,46.3151611943364,46.3318268269611,46.3448701849267,46.3549262767589,46.3625875969345,46.3683622750373,46.3726682483952,46.3758415361181,46.3781473175913,46.3797890005675,46.3809140366994,46.3816168884047,46.3819399505583,46.381872865769,46.3813499272851,46.380244493836,46.3783589122348,46.3754087513595,46.3710016259571,46.3646140208556,46.3555749121151,46.343073312214,46.3262186224251,46.3041970798197,46.2765800918181,46.2438378387899,46.2080664640044,46.1738051263924,46.148559268329,46.1422937794078,46.1649626139601,46.2216519013377,46.3066806565683,46.4005354619192,46.4742802067541,46.5020488434812,46.474765032061,46.4049393761739,46.3188044297186,46.2423594494675,46.1912270345635,46.1687251200116,46.1697905197545,46.1862086898377,46.2102909618706,46.2364517304645,46.2613395415887,46.2833295036175,46.3019046778656,46.3171573680018,46.3294598081271,46.339276002889,46.3470678177383,46.3532545343708,46.3581977546565,46.3621953178104,46.3654766493596,46.3681975875706,46.3704357192727,46.3721881866346,46.3733733818124,46.3738365089325,46.3733572598015,46.3716564541938,46.3683981095006,46.3631846981863,46.3555469143886,46.3449355243121,46.3307319508662,46.3123056615454,46.2891582219629,46.2612006723998,46.2292006507247,46.1953862594106,46.1640744135496,46.1419831764041,46.1376394681085,46.1592120978815,46.2105765052969,46.2867636417498,46.3716990495188,46.4415392264871,46.4740509913615,46.4593306465185,46.4046009022217,46.3296580666732,46.2566655145707,46.2013357826493,46.1697395286482,46.1601396967035,46.1668156437585,46.1833568457036,46.2044858553964,46.2266015167571,46.2476010963962,46.2664534318275,46.282787290102,46.2965924033891,46.30803830732,46.3173797757176,46.3249121072058,46.3309471197222,46.3357918865645,46.3397226065287,46.3429537903261,46.3456076422882,46.3476902083353,46.3490800113152,46.3495322133194,46.3486976938069,46.3461527874829,46.3414328809073,46.3340628034475,46.3235800797257,46.3095543737605,46.2916177460608,46.26953401668,46.2433472482701,46.2136504127072,46.1819907950978,46.1513580964597,46.1265674212626,46.1141664843882,46.1213606397793,46.1535808255752,46.2109879622015,46.2854067907464,46.3601661580785,46.4146871687486,46.4327322746345,46.4098255938851,46.3549798576647,46.2856986256755,46.219915682409,46.169812728375,46.1399419519785,46.1288545942237,46.1320319861591,46.1443788421645,46.1616256732512,46.1807667715003,46.1999345615173,46.2180686110709,46.2345943734466,46.2491993276541,46.2617150730302,46.2720770292901,46.2803236688487,46.2866021193608,46.2911583248677,46.2943027809886,46.2963541581962,46.2975711262828,46.2980865897923,46.2978584022564,46.296647209763,46.294026577354,46.2894243620667,46.2821888868272,46.2716703759389,46.2573088123346,46.2387248831989,46.215820764622,46.1889094829172,46.1588987944117,46.127545864538,46.0977556985088,46.073804742425,46.0612385886833,46.0660824309247,46.0930626836449,46.1429602348711,46.2100418050163,46.2813280086005,46.3393292429254,46.3681167185445,46.3599670246155,46.3186324479968,46.2571749017417,46.191933836551,46.1363908726771,46.0978782924267,46.0776301091492,46.0728415022882,46.0790806298425,46.0920447933786,46.1084167495737,46.1260226767061,46.1436116628258,46.1605181285151,46.1763627247353,46.1908568858009,46.2037172875482,46.2146649554227,46.2234715313675,46.2300154814558,46.2343190242595,46.2365486976721,46.2369757331395,46.2359041452982,46.2335826641073,46.2301202760607,46.2254242474692,46.2191750732027,46.2108464024455,46.1997714129363,46.1852520373886,46.1667052295004,46.1438415281843,46.116874109371,46.0867567197049,46.0554375969985,46.0260816679392,46.0031459467391,45.9921030003027,45.9985484202056,46.0265143297435,46.07617520155,46.1417764852853,46.2111992757143,46.2684099943852,46.2986505749465,46.2941845342433,46.2574175345006,46.199527656094,46.1355564396289,46.0788918687374,46.0377884630449,46.0147524482725,46.0079730650078,46.0134389998322,46.0267339607442,46.0441170493214,46.0629335430919,46.0815802117873,46.0992532943833,46.1156426880949,46.1306659878544,46.1442833718262,46.1564004302882,46.166846071889,46.1754021610455,46.1818578749558,46.1860634308468,46.1879636498779,46.1876004096944,46.1850826812629,46.1805317130396,46.1740154607909,46.1654896870122,46.1547632577455,46.1415027793903,46.1252879631175,46.1057249958013,46.0826210241844,46.0562173527601,46.0274683374374,45.9983305657945,45.9719851058686,45.9528527363035,45.9461969399149,45.957099444928,45.9887361827503,46.0402625033607,46.1051718013446,46.1713690000392,46.2238471106782,46.2495269004337,46.2421807430532,46.2047955819962,46.1480453533677,46.0858757909809,46.0306988976198,45.990358866401,45.9675311210351,45.9608833579835,45.9668768163924,45.9813571539905,46.0005770159228,46.021659749028,46.0426719993644,46.0624852359732,46.0805582072044,46.0967181456922,46.1109786941367,46.1234084608401,46.1340508782785,46.1428887670061,46.1498428512936,46.1547913493152,46.1575975091169,46.1581336290737,46.1562935442344,46.1519903096628,46.1451411238759,46.1356465646973,46.1233752448726,46.1081676194452,46.0898737234337,46.0684388528989,46.0440477692306,46.0173297285121,45.9896094702433,45.9631577821232,45.9413457223876,45.9285454007348,45.9295773272156,45.9485441267369,45.9870971591516,46.0425893669295,46.1070331951102,46.1679261016256,46.2114027204476,46.2268448318851,46.2108417618663,46.1683765313659,46.1106165349055,46.0506402610392,45.9993432135441,45.9631580163299,45.9438807986492,45.9398816110097,45.9477284140628,45.9635488537637,45.9838760796576,46.0060178368295,46.0281045362515,46.0489714300926,46.067983506224,46.0848631479087,46.09954637623,46.112074394811,46.1225184959488,46.1309332947497,46.1373324701819,46.1416811071632,46.1438988787314,46.1438687640777,46.1414469954214,46.1364716241937,46.1287695050409,46.1181644632359,46.104492641352,46.0876340879398,46.0675719347358,46.0444909621123,46.0189240633848,45.9919448408027,45.9653827434362,45.9419995575234,45.92551372565,45.9203077173358,45.9306453589294,45.9593289669058,46.0060004690796,46.0657021647308,46.1286363606909,46.1819151013799,46.213227003619,46.2150888206417,46.1876138151969,46.1383091625005,46.0790691672294,46.0220358203762,45.9762863997929,45.9464174089662,45.9329104621542,45.9334780692804,45.9445570840477,45.9624518543226,45.9839888364029,46.0067628812922,46.0291263964419,46.0500563360227,46.068988214834,46.0856635555097,46.1000082410554,46.1120436194572,46.1218256598537,46.1294058656638,46.1348081843249,46.1380172793164,46.1389746249675,46.1375798532546,46.1336957644664,46.127156601906,46.1177807346081,46.1053908501517,46.089847041643,46.07110043125,46.0492764130365,46.0247956855114,45.9985353496579,45.9720176082679,45.9475857440182,45.9284845046527,45.9187127035269,45.9224870006913,45.9431999524442,45.981935083119,46.0359330762908,46.0977664904952,46.1560808569673,46.1982777630136,46.2144647851522,46.2009812753025,46.16170190976,46.1064320325234,46.0473114566237,45.995060239057,45.9565964193137,45.9345050378237,45.9278951039953,45.9338238327346,45.9486221828696,45.9688027705042,45.9915192580365,46.0146909537157,46.0369348012063,46.0574172254674,46.0756947566005,46.0915764893164,46.1050186830264,46.1160501434079,46.1247225383105,46.1310791342153,46.1351364054848,46.1368743917037,46.1362330627836,46.1331131922634,46.127381421756,46.1188804703757,46.1074469267282,46.0929407934689,46.0752927895911,46.0545768587089,46.0311152719993,46.005620094416,45.9793643867498,45.9543553757817,45.9334472168254,45.9202863096477,45.9189451127633,45.9331107354909,45.9648093552605,46.0129054426896,46.0719628005405,46.1322816208316,46.1817186183448,46.2091021281403,46.2079980351908,46.1790380085311,46.1295907571073,46.0709830877506,46.014740828474,45.9695578785556,45.9399484246738,45.9265173995192,45.9271632871804,45.9384671422447,45.9567950589672,45.9789598070037,46.0024947457296,46.0256711328683,46.0473848561184,46.0670009289833,46.0842049150409,46.0988819533397,46.1110274173486,46.120685423588,46.1279089004515,46.1327350910415,46.1351715925942,46.135189516387,46.1327217688084,46.1276657622444,46.1198911470493,46.1092545293,46.0956246755927,46.0789233454355,46.0591883057557,46.0366654582455,46.0119347519078,45.9860670117537,45.9607924190217,45.9386329211374,45.922911067018,45.9175079931458,45.9262334098797,45.9517400277887,45.9941116813991,46.0495671784152,46.1100080457918,46.1641215608451,46.2001947157035,46.2098168032637,46.1908552723549,46.1481978687337,46.0918791234632,46.0336016701342,45.9833342410815,45.9472773554981,45.9275247257,45.922945706952,45.9305392171196,45.9466694742577,45.9679072661276,45.9914551004409,46.015261794944,46.0379569853444,46.0587093958078,46.0770733953463,46.0928555264715,46.1060114473111,46.1165725076495,46.1245966101648,46.1301371168598,46.1332243619021,46.1338557216203,46.1319916626765,46.1275565780654,46.1204445416506,46.1105314523095,46.0976964820689,46.081857285008,46.0630248514868,46.0413845950426,46.0174089693402,45.9920014321859,45.9666587367642,45.9436149877445,45.9258957229709,45.9171703599208,45.9212689513296,45.9412663290821,45.9781834212056,46.0296269035479,46.088995383256,46.145993608252,46.1888477203289,46.2077691054902,46.1983023343533,46.162935561169,46.1101320203555,46.0513115271492,45.997299133201,45.9557396208687,45.9301638649909,45.9204877105368,45.9242524861126,45.9379384683548,45.9579608734493,45.9812433335956,46.0054372400227,46.0289137041783,46.0506436004309,46.0700445752859,46.0868380729313,46.1009339460636,46.1123455276896,46.1211312255277,46.1273565940856,46.1310710959769,46.1322949722737,46.1310130932643,46.1271740827778,46.1206943588877,46.1114680691084,46.0993852952595,46.0843623858225,46.0663897131125,46.0456031032233,46.0223846450137,45.9974947138945,45.9722270411327,45.948559193092,45.9292399153407,45.9177161200376,45.9177720737936,45.9327664366128,45.9644579484009,46.0116394736756,46.0691056887656,46.1276808916505,46.1758601975103,46.2029282744877,46.2024771838356,46.1747087737656,46.1263367783805,46.0681473377137,46.0114757107076,45.9651947839514,45.9342138922989,45.919549602715,45.9193875783692,45.9304240402906,45.9489926957794,45.9717827519657,45.996169121121,46.0202702764895,46.0428571230386,46.0632051340119,46.0809444690562,46.0959334417044,46.1081624788368,46.1176864660315,46.1245798670557,46.1289085910906,46.1307135455545,46.1300022247324,46.1267461319242,46.1208832022199,46.1123257193635,46.1009755840334,46.0867502390526,46.0696240158654,46.0496908103341,46.0272540399074,46.0029472630507,45.9778811948789,45.9537969166127,45.9331781810387,45.9192391338601,45.9156688010984,45.9260085643651,45.9526088973152,45.9952986294595,46.0501897636699,46.1092993237364,46.1616438831979,46.1959399435757,46.2041339918035,46.1842458156131,46.1410982285505,46.0845463636921,46.026134256179,45.9757728528446,45.9397014599895,45.920092175555,45.9158725757841,45.9240480164029,45.9409372039931,45.9630320766477,45.98744581444,46.012045468295,46.0353967540024,46.0566257710839,46.0752645014168,46.0911140332985,46.1041375628662,46.1143833173868,46.1219324611773,46.1268658374142,46.1292440389956,46.1290966309264,46.1264178129073,46.1211672178383,46.1132758795196,46.1026587403684,46.0892364780358,46.0729708939535,46.0539194061785,46.0323147154367,46.0086742238352,45.9839381527946,45.959622516797,45.9379500828081,45.921888618341,45.914988276724,45.9208909106212,45.9424240044771,45.980337816537,46.0320078560702,46.0907165176465,46.1462249839544,46.1869949924413,46.2035946081526,46.1919453625043,46.1548358443394,46.1009005341618,46.0416015761992,45.9877108062296,45.9467642839047,45.9221600160859,45.9136772173623,45.9187296774422,45.93368757387,45.9548783868409,45.9791620861243,46.0041493940085,46.0281907388689,46.0502523800115,46.0697594398446,46.0864494321588,46.100254095568,46.1112124360472,46.1194109509317,46.1249448542743,46.1278943769973,46.1283114396833,46.1262134668653,46.1215825479616,46.1143695057341,46.1045037643378,46.0919112906075,46.0765443377164,46.0584281231211,46.0377304842084,46.0148599870024,45.9905941061486,45.96622918403,45.9437246403564,45.9257834117417,45.9157725510263,45.9173584745373,45.9337451979456,45.9665094902475,46.0142555133796,46.0716155327854,46.1293208432506,46.1758875016882,46.2007646147725,46.1978465443248,46.1677221538841,46.1174853934564,46.0581987435057,46.0013072613787,45.9556215905762,45.9258619046288,45.9127971881373,45.9143700116904,45.9270784998877,45.9471189858777,45.9711015585765,45.996368477991,46.0210379509478,46.0439006365102,46.0642626221068,46.0817895729729,46.0963767635995,46.1080513517965,46.1169041227934,46.1230446040583,46.1265731970188,46.1275650523375,46.1260619009302,46.1220695390801,46.1155600480913,46.1064791504023,46.0947604555725,46.0803497908766,46.0632442868819,46.0435520991568,46.0215788446773,45.9979445389039,45.9737275905853,45.9506169636372,45.9310270394012,45.9180928005916,45.9154263798065,45.9265077018436,45.9536482618714,45.9966530590473,46.0516018126569,46.1104440536984,46.1620917947965,46.1951674337944,46.2016218525386,46.1796528942357,46.1344321951789,46.0762336576038,46.0169413908428,45.9666142064624,45.9314219070937,45.9133068893248,45.9109006597077,45.9209297784702,45.9395006767577,45.9629737289355,45.9884021763912,46.0136457229696,46.0372957215933,46.0585212818275,46.0769042681091,46.092296464329,46.1047097021489,46.1142378923054,46.1210050968909,46.1251328741726,46.1267210005457,46.1258371523069,46.122512674419,46.116742999483,46.1084926165663,46.0977058127797,46.0843258124479,46.0683264390535,46.0497618565151,46.0288407762154,46.0060305890399,45.9821921275193,45.9587340891868,45.9377540692471,45.9220991213464,45.9152383793666,45.9208140182213,45.9417657289597,45.9790604216126,46.030326317312,46.089011108547,46.1448303318558,46.1859554426529,46.2025373307381,46.1901840624941,46.1516782862197,46.0959921072953,46.0351122824139,45.9802816696229,45.9392750619853,45.9154557651325,45.90836958491,45.9151172540904,45.9317770247597,45.9544610178304,45.9799036387322,46.0056671628582,46.0301082167148,46.0522320173342,46.0715186754283,46.087765910966,46.1009649549262,46.1112110232952,46.1186429689084,46.1234049146884,46.1256232623799,46.1253939426134,46.1227763907223,46.1177922336984,46.1104280368279,46.1006427676069,46.0883819958922,46.0736023316899,46.0563111535536,46.0366279813746,46.0148740707531,45.991694302907,45.9682074744985,45.9461639850259,45.9280604782392,45.9171203826767,45.917010236992,45.931156846464,45.961612698926,46.0076347358165,46.0644732975046,46.1231464335175,46.171895759912,46.1993536103377,46.1983869835306,46.1688353709891,46.1176699258852,46.0564551232535,45.997449427545,45.9501933439679,45.9197995261116,45.9070545023208,45.9096586535577,45.9237669460636,45.9452557850298,45.9705022561576,45.9967155621686,46.0219650548758,46.0450512397588,46.0653247818679,46.0825127537653,46.0965772963919,46.1076117391479,46.1157696985653,46.1212195738483,46.1241169941698,46.1245892019847,46.1227270831395,46.1185821715551,46.112167378792,46.1034614983254,46.0924188393163,46.0789867718047,46.0631355521068,46.0449063981265,46.0244848845503,46.0023061461263,45.9791938992798,45.956523468709,45.93637571836,45.9216117233545,45.9157524591015,45.9225157539529,45.944890471406,45.9837767327286,46.0365208296195,46.096036768544,46.1513682898281,46.1901677832093,46.2025769439981,46.1848995299727,46.1411647316224,46.0816727618305,46.0192973785606,45.9654433833698,45.9273862382389,45.9076294747813,45.9048360263838,45.9154288231426,45.9350942033406,45.9598097337988,45.9863544349192,46.012432496454,46.036577007637,46.0579655159772,46.0762275694083,46.0912818722601,46.103213872667,46.1121910182048,46.1184078388664,46.1220524307101,46.1232872331694,46.1222388394976,46.1189933569325,46.1135953722932,46.1060499159948,46.0963280762188,46.0843782433206,46.0701464817763,46.0536112428183,46.0348393050926,46.0140707337736,45.9918392000354,45.9691273642457,45.9475410031172,45.9294556848473,45.9180450974389,45.9170510965281,45.9301350634682,45.9597184739892,46.0054429923983,46.0627558289983,46.1224851927213,46.1722564592748,46.1998926606086,46.1976991679267,46.165583488227,46.1112555160744,46.0473398081879,45.9869717993399,45.9400414592372,45.9114501685156,45.9014189396646,45.9070002914819,45.9238196276777,45.9474270667995,45.9740699346438,46.0009718301975,46.0263001739555,46.0489884168393,46.0685234707219,46.0847554824018,46.0977504918325,46.10768660927,46.1147859981089,46.1192730692676,46.1213503506886,46.12118549928,46.1189049444346,46.114591379841,46.1082837479208,46.0999796102185,46.0896410280805,46.0772064505261,46.0626127390651,46.0458333448664,46.0269404827091,46.0062000004987,45.9842055487737,45.9620501132631,45.9415129522024,45.9252035205076,45.9165513461623,45.9194779127227,45.9375777925488,45.9727463383557,46.0234879595767,46.0835846617295,46.1421415226968,46.185812184223,46.2029757761949,46.1882087960726,46.1446922646816,46.0830961055136,46.0175331957902,45.9607928131405,45.9210719388282,45.9011207533743,45.8993168020832,45.9115540733224,45.9329968644695,45.9592435851635,45.9868685133195,46.013516455409,46.037757285081,46.058856128061,46.0765484466374,46.0908580027495,46.101965341852,46.1101203412426,46.1155880020813,46.11861703751,46.1194229290661,46.1181795083202,46.1150151909989,46.1100116322934,46.1032038812683,46.0945822662935,46.0840974362313,46.0716713935266,46.0572191179355,46.0406874957476,46.022120416633,46.0017600644484,45.9801923444511,45.9585349363823,45.938643597758,45.9232700164726,45.916043040259,45.921084086556,45.9420619092481,45.9806330331991,46.0345792446985,46.0964777971117,46.1540813068974,46.1932050770058,46.2025836824246,46.1785394133203,46.1268121396133,46.060352022842,45.9943351180975,45.9411447900044,45.9075469737995,45.8945709548024,45.899180144047,45.9164268995961,45.9411851868359,45.9691486645844,45.9971865146048,46.0232963491384,46.0463754763168,46.0659550970177,46.0819689951322,46.0945797909765,46.1040607218877,46.1107213408539,46.1148641537744,46.1167612376366,46.1166427480452,46.114691848683,46.1110426646113,46.1057794090732,46.0989360245104,46.0904967209697,46.0803989081084,46.0685414130419,46.0548027322007,46.0390764467112,46.0213336017909,46.0017238781167,45.9807264686732,45.9593532127915,45.9393835886175,45.9235654610048,45.915644576546,45.9200081821375,45.9407046705735,45.9797423502105,46.0349827110958,46.0985725236944,46.1573031750199,46.1958696156414,46.2023994242322,46.1736656845438,46.1168645841167,46.046710624786,45.979582252935,45.9280346015377,45.8981043812438,45.8896836069911,45.8986817002364,45.9194538118729,45.9465760321998,45.9757495527335,46.00402558007,46.029648992226,46.0517604890562,46.0700974409993,46.0847531344081,46.0960063706278,46.1042117065348,46.10973437834,46.1129149193517,46.1140518684375,46.1133944993604,46.1111403705431,46.107434586998,46.1023691356843,46.0959817256978,46.0882544637945,46.0791136541542,46.0684332701708,46.0560464486227,46.0417718933486,46.0254653278359,46.0071095123711,45.9869579708354,45.9657432111794,45.9449421439455,45.9270487170262,45.9157276389183,45.9156219661331,45.9315148322216,45.9666248110174,46.0202062914413,46.0853651293691,46.1487176561923,46.1933761785555,46.2050570711926,46.1785490521893,46.1205822144094,46.0470366952087,45.9762141379161,45.9222390866227,45.8917601549867,45.8843966723167,45.8953399394663,45.9182113562872,45.9470738516663,45.9773835138077,46.006156771081,46.0317281012317,46.0533798971493,46.0709970507955,46.0848029680819,46.0951813475427,46.102567004446,46.1073849644957,46.1100200781331,46.1108042293011,46.1100125892108,46.1078636504083,46.1045200124084,46.1000883437612,46.0946179061023,46.0880977473708,46.0804533845768,46.0715447457535,46.0611686127134,46.0490711226942,46.0349793214141,46.0186652889153,46.000061083332,45.9794447732408,45.9577105674036,45.9367076320216,45.919566639704,45.910820325975,45.9159872758786,45.9402270653772,45.9858917638745,46.0495006046645,46.1197417243863,46.1787469918394,46.2078165464382,46.1956898186062,46.1445328204317,46.0693664131365,45.9911260515633,45.9279659228382,45.8897810370815,45.8776680140763,45.8867497566417,45.9097821555559,45.9398333195266,45.9715923047792,46.0016250821013,46.0280790290679,46.0502191271381,46.0680002787119,46.0817478862059,46.0919487489927,46.0991280088954,46.1037842646582,46.1063601176632,46.1072322554824,46.1067109889805,46.1050433044615,46.1024161670219,46.0989584207353,46.0947405617343,46.0897722170758,46.0839975840354,46.0772895923038,46.0694444096451,46.0601794753899,46.0491409719345,46.0359310103938,46.0201710273832,46.0016251926709,45.9804127542455,45.9573329683441,45.9342945747288,45.9147601669631,45.9039653295851,45.9084766730583,45.9345465256098,45.9849987703686,46.0553588552922,46.1314649563707,46.1916214743958,46.2145723794536,46.1900139506335,46.1247406621963,46.0395582759026,45.959041927664,45.9012783217897,45.8732733456854,45.8724636291199,45.891173130365,45.9207970543464,45.9542556775483,45.9867863864866,46.0157422495094,46.0400179938943,46.0594678809552,46.0744589431002,46.0855781587402,46.0934625625684,46.0987122674693,46.1018532834262,46.1033272557367,46.1034939574255,46.1026384752367,46.1009788524901,46.0986721467867,46.0958180106388,46.0924594387668,46.0885805420952,46.0841013191895,46.0788696029028,46.0726509294692,46.0651184082559,46.0558473375979,46.0443240434043,46.029985897918,46.0123197349794,45.9910568169392,45.9665070178132,45.9400564480429,45.9147817105422,45.8959730577068,45.8910971030098,45.9084692712576,45.9539782495502,46.0261430580802,46.111796043141,46.1865797359717,46.2233615661951,46.2059297246152,46.1389398162101,46.0459252651584,45.9565974703084,45.8930890424863,45.8636422235142,45.8646569504081,45.8866112380698,45.9193657194012,45.9550187547599,45.9886073999247,46.0176501456098,46.0413470314599,46.0598598356169,46.073804109227,46.0839419267031,46.0910195894725,46.0956953470896,46.0985169158559,46.0999234260269,46.1002573514707,46.0997788930507,46.0986792451472,46.0970912310405,46.095096722927,46.0927305654833,46.089980701662,46.0867840507268,46.083017582311,46.0784841953633,46.072893809213,46.0658420632126,46.0567929931136,46.0450789937504,46.0299421965304,46.0106560446151,45.9867812276937,45.9586158178552,45.9278710574801,45.8984978025147,45.8773496845916,45.87398916021,45.8986008412707,45.9572182435551,46.04509424597,46.1420991941063,46.2160988310608,46.2368820944099,46.1937184425799,46.1029292857545,45.9983740964163,45.912669096455,45.8634832409213,45.8517201636054,45.8679035727771,45.8997835885975,45.9371187853494,45.9732587343479,46.0048016833501,46.030588843655,46.0507388230859,46.0659595585958,46.0771372365389,46.085125349482,46.0906559875203,46.094317050047,46.0965607643055,46.0977244169876,46.0980536720573,46.0977240395524,46.0968586474279,46.0955416050559,46.0938266208553,46.0917405218054,46.0892811202126,46.0864086241371,46.083029662111,46.0789732562233,46.0739591463286,46.0675613602699,46.0591747100784,46.0480000823399,46.0330770885137,46.0134100682197,45.9882526232761,45.9576257095881,45.9231172641734,45.8888946443357,45.8625835304664,45.8552015742839,45.8788752269353,45.9412768903183,46.0376472249916,46.145098207637,46.2266130956153,46.2479099080854,46.1982478548805,46.0982340791893,45.9869697229806,45.8996663491838,45.853175087126,45.8458911940789,45.8661073975582,45.9004820527379,45.9386899415062,45.9745190533369,46.0051207649474,46.0297918636758,46.0489470143466,46.0634448186824,46.0742153817425,46.0820877636942,46.0877314761797,46.0916553729782,46.0942312685032,46.0957251299201,46.0963274941971,46.0961793327977,46.0953918012372,46.0940593123524,46.0922657614756,46.0900837890509,46.08756683115,46.0847335030716,46.0815437636588,46.0778665929022,46.0734399912752,46.0678265748335,46.0603727565536,46.050187623505,46.0361703978653,46.0171333665931,45.992087998655,45.9607753082061,45.9245001941655,45.887219204573,45.8565541001809,45.8439177391527,45.8624164767373,45.9212965431467,46.0175596696627,46.1293593678872,46.2190121904113,46.2496919276379,46.2074273194276,46.1107157379644,45.9985964959084,45.9077278373565,45.8567198526125,45.8452173076601,45.86208978817,45.8941041386883,45.9308233465392,45.9658615348185,45.9962033171841,46.021004491282,46.0405632280548,46.0556404737823,46.067083273385,46.0756506090342,46.0819553940146,46.0864649405698,46.0895261744092,46.0913975563037,46.0922787580759,46.0923340493816,46.0917079159526,46.0905327432725,46.0889290155321,46.0869986523254,46.0848119780072,46.0823885368515,46.0796717343153,46.076497390973,46.0725571579593,46.0673599704724,46.0601991876081,46.0501409526801,46.036061859876,46.0167816940283,45.9913571186703,45.9596136990234,45.9229684946443,45.8854796459339,45.8547804909249,45.8420881986242,45.8600179273266,45.9171408309268,46.0101072418091,46.1178417692128,46.2048937002505,46.2370542188575,46.2011614487078,46.1134841434629,46.0091230961707,45.9217782625956,45.8695937493706,45.8537187350351,45.8650738239865,45.891981556134,45.9247692277629,45.9571949980804,45.986054527628,46.0102037734938,46.0296520482813,46.0449306542199,46.0567250427065,46.0656934538984,46.0723974100963,46.0772906957133,46.0807338792554,46.0830159912144,46.0843740910533,46.0850067934328,46.0850808057378,46.0847310687334,46.0840557021616,46.0831069382403,46.0818788121873,46.0802918136586,46.078174275639,46.0752403533607,46.0710655109623,46.0650631487719,46.0564712457206,46.0443666908451,46.0277381172904,46.005664788532,45.9776641222306,45.9442682415344,45.907837214209,45.8734601641599,45.8494873226787,45.8468248577978,45.8759254835101,45.9411045406055,46.034025360524,46.1311415739969,46.2002451781261,46.2156404600906,46.1726449566628,46.0899940447584,45.9982388366868,45.9238270386368,45.8798201512065,45.8661535567304,45.8752206885833,45.8975992861997,45.9254395023955,45.9535381112513,45.9790778226758,46.0009112203232,46.0188707730542,46.033271044777,46.0446072341128,46.0533988204984,46.0601229878712,46.0651955582227,46.0689721024193,46.0717537645078,46.0737905143946,46.0752796943962,46.0763606211611,46.0771072384023,46.0775208378989,46.0775240834562,46.0769564084416,46.0755697713101,46.0730232501231,46.0688756001798,46.0625773150864,46.0534685867322,46.0407974623808,46.0237836693641,46.0017669068128,45.9744892494112,45.9425575272019,45.9080885541414,45.8754203473506,45.8515443826659,45.8456141560442,45.8667304320064,45.9196542890629,45.999596724236,46.0893639481666,46.1628452779796,46.1956232284878,46.1772736378551,46.1166948877579,46.0364669289945,45.9609130171687,45.9063142827838,45.8779428863078,45.8727214823954,45.8837510293126,45.9039004179399,45.9276077258368,45.9512754748601,45.9729478056047,45.9917870875764,46.0076115206913,46.0205744478635,46.0309762339035,46.0391695871939,46.0455184688431,46.050380567156,46.0540948306843,46.0569653504512,46.0592400143271,46.0610867802332,46.0625723773554,46.0636481323289,46.0641459560934,46.0637849811773,46.062186684246,46.0588944268967,46.053393125095,46.0451271355764,46.0335201700395,46.0180103657641,45.9981257578201,45.9736374243347,45.9448326332845,45.9129348191947,45.8806391184681,45.8526062765034,45.8355601613354,45.8374381167953,45.8650672770118,45.9204220918535,45.9968106929628,46.0777114218158,46.1408217563822,46.1669232328591,46.1488997996383,46.0948920309817,46.0234786740639,45.9546075102837,45.9021866465809,45.8715788353379,45.8612922367164,45.86629869858,45.8808907000673,45.900288460484,45.9211443572167,45.9414107598224,45.9599783593054,45.976321837754,45.9902455891487,46.0017374904963,46.0109021210703,46.0179368505015,46.0231200791382,46.0267918625337,46.0293185602667,46.0310426891519,46.032225717864,46.0329947155181,46.0333036941247,46.0329177463053,46.0314236036656,46.0282651745672,46.0227982370462,46.0143561255258,46.0023193183679,45.9861873581928,45.9656616106282,45.9407600637465,45.9119952521339,45.8806427858008,45.849094208964,45.8212050974319,45.8024114806583,45.7992355228638,45.8177658681365,45.8610002292224,45.9257376921053,46.0007556108221,46.0683809313571,46.1101835403342,46.1145780270301,46.0819291237483,46.0238635577859,45.9574417642862,45.8981075669109,45.8552259442106,45.8314116203037,45.8244500669275,45.8299148719182,45.8431998987336,45.8605807233785,45.8794857297438,45.8983269715982,45.9161847054344,45.9325189967614,45.9469784733451,45.9593112010028,45.9693505090039,45.9770384831186,45.9824527764155,45.9858122364931,45.9874494567974,45.9877507261966,45.9870737846649,45.9856598931488,45.9835584589588,45.9805801685666,45.9762893408947,45.9700395452442,45.9610501037631,45.9485165499435,45.9317468463829,45.9103179452928,45.8842533562039,45.8542281136569,45.821804852517,45.7896807895948,45.7618664498903,45.743620722443,45.7408675553175,45.7588162009593,45.7997546055274,45.8605826604742,45.9314050667531,45.9967687758121,46.0401549955566,46.0502056203921,46.0253991837892,45.9743585977358,45.9117083313785,45.8521462480976,45.8059298013357,45.7773450158118,45.7657115685775,45.7675085207387,45.7783800874113,45.7944330791088,45.8127887410105,45.8316121656903,45.84987839062,45.8670690555978,45.882911054446,45.8972035925317,45.9097381476167,45.9202924106898,45.9286687568518,45.9347461985996,45.9385194834376,45.9401078845409,45.9397271602328,45.9376289481649,45.9340205546465,45.9289833143349,45.9224089108116,45.9139706940056,45.9031422970685,45.8892702953432,45.8717026902739,45.8499714056218,45.8240241467776,45.79449595311,45.7629974093379,45.7323659356137,45.7067719390428,45.6914999120386,45.692176218604,45.7132783829532,45.7560450293513,45.8164338466731,45.8843125074901,45.9450784443522,45.9839092266537,45.9911170314213,45.9658830084633,45.9162586250507,45.8555448793309,45.7972417760451,45.7511249057154,45.7217456597686,45.7090797781284,45.7102366099684,45.7212079999052,45.7381139017705,45.7578453632926,45.7782407189267,45.79798670899,45.8164018834397,45.8332030827783,45.8483082470431,45.8616970578562,45.8733318099302,45.8831298092672,45.8909724325442,45.8967333930282,45.9003092886012,45.9016388299138,45.9007026399228,45.8975021976736,45.8920231827871,45.8841940324297,45.8738541476926,45.8607475887161,45.8445574621431,45.8249938697911,45.8019441543127,45.7756869449987,45.7471579600271,45.7182304645376,45.6919315099399,45.6724576259352,45.6647998419118,45.6737891920046,45.7025119790041,45.7503831098967,45.8116418552239,45.8753493435553,45.9276695626528,45.9561065067475,45.9539751786134,45.9228220105856,45.8714963349634,45.8125110890927,45.7577306101779,45.7153471044657,45.6889384296862,45.6782055191845,45.6804654872766,45.6921063442989,45.7096067621003,45.7300664705066,45.7513662340621,45.7721116814723,45.7914829764078,45.8090652374118,45.8246970204791,45.8383510539508,45.8500495056581,45.8598106432521,45.8676213455913,45.8734287511827,45.8771438450389,45.8786500650811,45.8778112597111,45.8744756102389,45.8684752795615,45.8596252044936,45.8477281412963,45.8325962775884,45.8141018482865,45.7922694074342,45.7674192495859,45.7403623443358,45.7126281130668,45.6866732257417,45.6659716521105,45.6548343017601,45.657783840988,45.6783764250147,45.7175811378607,45.7721991206557,45.8341669884011,45.8916073568393,45.9318607977579,45.945584629244,45.930069201322,45.8900635227264,45.8357256801772,45.7788891946923,45.7295175149859,45.6936928806084,45.6733923196865,45.6674708900962,45.6730473960205,45.6867085129777,45.7052900012031,45.7262459773834,45.7477283688127,45.768508723264,45.787839874382,45.8053138005002,45.8207408560426,45.8340571301896,45.8452580087184,45.854353109028,45.8613375679327,45.86617538925,45.8687914072116,45.8690692193198,45.8668533173663,45.8619548032965,45.8541616660757,45.8432566423384,45.829048044151,45.8114212216805,45.7904197466404,45.7663645146038,45.7400133859826,45.7127502829125,45.6867670644414,45.6651625685211,45.6518375946741,45.6510355097803,45.6664108044769,45.6996580236702,45.7490215423115,45.8083423355369,45.8674379117056,45.914265818689,45.938443186564,45.9347326509107,45.9048166151812,45.8564687085506,45.8006290310001,45.7478977494258,45.705948008936,45.6785488940339,45.665991559185,45.666247718888,45.6762117716828,45.6926482960622,45.7127421825621,45.7343151326315,45.7558279628378,45.7762773238924,45.7950606788019,45.8118494912279,45.8264866484195,45.8389105388495,45.8491020941025,45.8570494049036,45.8627249521229,45.8660716962742,45.8669955913491,45.8653633240715,45.8610052581598,45.8537248084054,45.8433168958325,45.8295997585703,45.8124660212233,45.7919599970196,45.7683875498076,45.7424604610393,45.7154661838653,45.6894328268553,45.6672266316858,45.6524797872609,45.6492178959419,45.6610747129721,45.6900942407609,45.7353527046496,45.7919296942995,45.8509358077338,45.9011100929568,45.9318246562718,45.9364518363146,45.9145802239984,45.8719941349902,45.8184795733455,45.7646016388414,45.7188992103223,45.6864139354944,45.6686393498618,45.6643963508064,45.6710074222062,45.6853185930125,45.7043772917869,45.7257680360602,45.7476986070601,45.7689430552312,45.7887244414976,45.8065885399165,45.8222936871414,45.8357251113869,45.8468331149196,45.8555908217971,45.8619665329042,45.8659064812504,45.8673250520512,45.8661009029432,45.8620787615979,45.8550780119826,45.8449105672227,45.8314119719499,45.8144910227032,45.7942039696327,45.7708585730667,45.7451491995919,45.7183142193975,45.69228838575,45.6697942993817,45.6542824172581,45.6496032065943,45.6593081619329,45.6855690411093,45.7279018450757,45.7821441876812,45.8403154811021,45.8918706966078,45.9263156157006,45.936366641591,45.920316661896,45.8824881204032,45.8315885323792,45.7778245038092,45.7300889163362,45.6942189536606,45.6726000548514,45.6647808462977,45.6685318970731,45.6808743714954,45.6988299903232,45.7198432888321,45.7419393037507,45.7637132754349,45.7842373175214,45.802941859465,45.8195038031809,45.8337548724961,45.8456127904338,45.8550327273812,45.8619747554405,45.8663831863718,45.8681746508924,45.8672330621286,45.8634109662493,45.8565381570847,45.8464398228688,45.8329678772807,45.8160503368232,45.795764185475,45.7724361854372,45.746771970915,45.7200042584402,45.6940337205701,45.6715100520251,45.6557698451542,45.65052553307,45.6592125022264,45.6839847910088,45.7245252432234,45.777070061389,45.8342155088098,45.885986570741,45.9221855013035,45.9353392954439,45.9230540894208,45.8886999239453,45.8401285389922,45.7870863599467,45.7384986362974,45.7006182995661,45.6764152463808,45.6659887689537,45.6675047007781,45.6781914066657,45.6951177622729,45.7156686676482,45.7377554306507,45.7598451384659,45.7808914822272,45.8002275128532,45.8174564822001,45.8323580729729,45.8448154137664,45.8547620228579,45.8621453155027,45.866902934559,45.8689488456683,45.8681672685561,45.8644138114821,45.8575245320805,45.8473350246863,45.8337129619337,45.8166085963843,45.7961280894584,45.7726332758551,45.7468671012357,45.7200944502833,45.6942313799874,45.6719114429669,45.656410020125,45.6513293775845,45.659962976612,45.6843383169278,45.7241001983453,45.7756073954352,45.8317622305896,45.8830078098412,45.9195104894916,45.9339166051794,45.9236038085417,45.891427487526,45.8446414704071,45.7925427922398,45.7438967494757,45.7050865282754,45.6793976401628,45.6672940573694,45.6672491064027,45.6766899299737,45.69277208807,45.71287964358,45.7348687182944,45.757126431985,45.7785227104678,45.7983152004303,45.8160453785779,45.8314455690035,45.8443643308391,45.854710829075,45.8624157311184,45.8674053793586,45.8695864108457,45.8688389856022,45.8650180093852,45.8579630472216,45.8475189519227,45.8335704800331,45.8160950964913,45.7952382669705,45.7714138794154,45.7454275866553,45.7186109693322,45.6929378401731,45.6710709126602,45.6562623031201,45.6520180848783,45.6614584272322,45.6863876871309,45.7262441595348,45.7772899779416,45.8325206644393,45.8826740268777,45.9183215735754,45.9324558511836,45.9225794378198,45.8913914339263,45.8457862854099,45.7946640478557,45.746512211048,45.7076304047855,45.6813962800136,45.6684664178027,45.6675242627451,45.6761663229558,45.6916520157399,45.7114053239321,45.7332738602375,45.7556067756158,45.7772228700613,45.7973268735131,45.8154120869102,45.8311702245754,45.8444172316931,45.8550368048809,45.862939976093,45.8680380544021,45.870226432101,45.8693776149247,45.8653429852207,45.8579640748431,45.8470953987775,45.8326420375431,45.8146158737666,45.7932141323252,45.7689216861689,45.7426330558022,45.715779474056,45.6904296184683,45.6693105910648,45.6556742942342,45.6529272208206,45.6639707935771,45.6902875241078,45.7309591714783,45.7819733789112,45.8362606180938,45.8847755947415,45.9185471724023,45.9311050968996,45.9203591696429,45.889136097091,45.8441646332046,45.7939999131652,45.7467693016699,45.7085242940458,45.6825530768709,45.6695564109532,45.6683357150869,45.6766202034472,45.691777661812,45.711299949301,45.7330626806173,45.7554123128774,45.777145565207,45.7974354997959,45.8157411098554,45.8317212950495,45.8451626463153,45.8559235421348,45.8638935945233,45.8689662668013,45.8710225668563,45.8699244763883,45.8655178524036,45.8576457409779,45.8461742389961,45.83103403703,45.8122812232249,45.7901801973923,45.7653086385692,45.7386780212303,45.7118517419248,45.6870258625296,45.667016734685,45.6550824265971,45.6545053912322,45.6679028892298,45.6963270873422,45.7383634960453,45.7895831172117,45.8427484469455,45.8890093141433,45.9199353384668,45.9297727528209,45.9170683845265,45.8849901651316,45.8402374531503,45.7910487373819,45.7451204189416,45.7081244200047,45.6831147518903,45.670715685119,45.66976845333,45.678100306864,45.6931865127175,45.7126065288151,45.7342925307992,45.7566173933484,45.7783807543253,45.7987430396321,45.8171419202498,45.8332112460981,45.8467119337488,45.8574777654883,45.865375696673,45.8702790109936,45.8720516610653,45.8705428149924,45.8655916497889,45.8570435729425,45.8447801356914,45.8287656855871,45.8091138763446,45.7861758074675,45.7606477549563,45.7336888765486,45.7070268166985,45.6830119122169,45.6645618749615,45.654926909224,45.6572153112749,45.6736704546479,45.704793119006,45.7485431040161,45.7999712406575,45.8516299300243,45.8949056734519,45.9220317470754,45.928146491029,45.9126165736364,45.8790948054747,45.8343238822502,45.7862190786216,45.741974504667,45.7067754553718,45.683330570841,45.6720963732501,45.6718944774116,45.6806230919281,45.6958635062621,45.715297533004,45.7369361595668,45.7592020129239,45.780918223129,45.801248637431,45.819620799611,45.8356502993778,45.8490755894931,45.8597064131343,45.8673858633593,45.8719649050201,45.8732881713803,45.8711904802408,45.8655044685681,45.8560807967716,45.8428233044169,45.825741993801,45.8050262710552,45.7811387092319,45.754924655843,45.7277241400121,45.7014590999569,45.678652029285,45.6623163634397,45.6556542853114,45.6615194007591,45.6816654686052,45.7159113237237,45.7614796133348,45.8128462873377,45.8623810119247,45.9018155843388,45.924207554856,45.9257544600371,45.9067740489444,45.8714750286283,45.8266511117053,45.7798510925152,45.7376922235888,45.7047877304898,45.6834216816985,45.6738213425253,45.6747498526082,45.6841594058279,45.6997376568542,45.7192803242708,45.7408941450408,45.7630693264997,45.7846683432525,45.8048709192157,45.8231031510895,45.838967529367,45.8521822705327,45.8625331094434,45.8698379152299,45.8739234256784,45.8746133987739,45.8717280895196,45.8650958529783,45.8545786007575,45.8401135310788,45.8217736287404,45.7998482970443,45.7749422891822,45.7480848252322,45.7208305472454,45.695319846594,45.674250424003,45.6607009746091,45.6577528423258,45.6678907950742,45.6922402316839,45.7298083443135,45.7770028839158,45.8277344123846,45.8742949470411,45.9089342930525,45.92572006126,45.9220521508832,45.8992682410904,45.8621285951762,45.8174242768442,45.7722633666288,45.7326125403388,45.7024504077242,45.6835886349212,45.675992423971,45.6783476662715,45.6886539080254,45.7047079480614,45.724428384669,45.7460297204023,45.7680821917165,45.789498674052,45.8094834050703,45.827466897066,45.8430417632057,45.855907010075,45.8658238223434,45.8725834821547,45.875987179285,45.875837521436,45.8719421354127,45.8641305534551,45.8522863268452,45.8363966650441,45.8166213872984,45.7933809195251,45.7674586065034,45.7401048597835,45.7131192296548,45.6888724097558,45.67021728083,45.6602342518516,45.6617731242201,45.6768034347595,45.7056709051053,45.7464610385017,45.7947444761656,45.8439562014824,45.8864957336424,45.9153540733579,45.9257962695969,45.9165213418763,45.8898814249099,45.8511098947759,45.8068902857533,45.7637966655193,45.7270806007923,45.700049594674,45.6840256861183,45.6787054356789,45.6826963619714,45.6940475007178,45.7106693829088,45.7306098891703,45.7521986343511,45.7740931774002,45.7952631560766,45.8149421591583,45.8325681707634,45.8477252570142,45.8600931429661,45.8694075427773,45.8754321361575,45.8779423955867,45.8767215883844,45.8715698280619,45.8623277160019,45.8489165791664,45.83139716918,45.8100473831771,45.785456361111,45.7586263964081,45.7310649039965,45.7048365700074,45.6825330625019,45.667109747515,45.6615448001607,45.6683069220023,45.6886808357165,45.7220885926449,45.7656301052071,45.8140959870021,45.860625935449,45.8979823949363,45.9201443982996,45.9237311546367,45.9087673817749,45.8785328941851,45.8385905009556,45.7953770440113,45.7548363143033,45.7214592510366,45.6978745437815,45.6849258400941,45.68205666018,45.6878088877093,45.7002893775283,45.7175274704221,45.7377037609661,45.7592657893845,45.7809609432573,45.8018176824201,45.8211002945917,45.8382547089987,45.8528560926527,45.8645640028595,45.8730878006855,45.8781634765355,45.8795425481934,45.8769938561055,45.8703195534379,45.8593870392293,45.84417863337,45.8248599552783,45.8018656181168,45.7759962692009,45.7485135917009,45.7212096162525,45.696414943928,45.6769010206226,45.6656312981048,45.6653342817959,45.6779163815049,45.7038043274275,45.7413889681648,45.7867967272551,45.8341927465123,45.8766887377752,45.9077096490714,45.9224544091479,45.9189876885219,45.8985988456762,45.8653308029794,45.8248850488939,45.7833003462109,45.7458080619208,45.7161203586604,45.6962087207801,45.6864739981855,45.6861389633449,45.6937017398213,45.7073384390196,45.7252012968707,45.7456037250572,45.767109703753,45.7885546220507,45.8090240137896,45.8278112029272,45.8443684096502,45.8582603124107,45.8691250830406,45.8766454900355,45.8805314871569,45.8805153877795,45.8763609015066,45.8678876302776,45.8550127209461,45.8378108129521,45.8165916537414,45.7919911388011,45.7650654778147,45.7373695037491,45.7109896461577,45.6884924301782,45.6727457310478,45.6665800218706,45.6722884286068,45.6910207986197,45.7221995422333,45.7631476114294,45.8091312746805,45.8539456702284,45.891005779121,45.9147008741478,45.9216230088978,45.9112801981009,45.8860738501484,45.850584251422,45.8104396106017,45.7711404991942,45.7371522143259,45.7114217193686,45.695311405365,45.6888331903899,45.6910317969536,45.7003877493352,45.715157974393,45.7336193243381,45.7542145581298,45.7756187122892,45.7967496808291,45.816745201417,45.8349235778504,45.8507401170458,45.8637468026805,45.8735596103306,45.8798360230472,45.8822644500295,45.8805670456935,45.8745175283093,45.8639756457077,45.8489395151366,45.8296156755157,45.8065037595909,45.7804876731748,45.752917790765,45.7256594211806,45.7010735584111,45.6818906790546,45.6709432349909,45.6707445809187,45.6829458174771,45.7077635940795,45.7435337450475,45.7865762668597,45.8315219071818,45.8721335553466,45.9024819052364,45.9181742662585,45.9172727204664,45.9006210642581,45.871502054862,45.8347743949063,45.7957886312182,45.7593983865286,45.7292862805695,45.7076785771281,45.6953972156764,45.6921299566973,45.6967902087967,45.7078669621921,45.7237072578866,45.742711062819,45.7634435192928,45.7846819874192,45.8054184404675,45.8248356287528,45.8422711964307,45.8571795966984,45.869098151122,45.8776212084501,45.8823849833697,45.8830650393878,45.8793882028852,45.8711606054551,45.8583131550362,45.8409645760566,45.8194997159053,45.7946565802113,45.7676092316807,45.7400255461504,45.7140702630531,45.6923178751662,45.6775416468122,45.6723605095211,45.6787594473579,45.6975501901304,45.7278959553164,45.7670627203838,45.8105499350322,45.8526750209765,45.8875468571777,45.9102106864431,45.917651462035,45.9093616126168,45.8873167644315,45.8554009880921,45.8184925034667,45.7814928345596,45.748543870126,45.7225672031887,45.7051381482262,45.6966193129515,45.6964425497751,45.7034352481794,45.7161174911903,45.7329318929114,45.752396470583,45.7731887071479,45.7941769942789,45.8144169395636,45.8331277063496,45.8496599732427,45.8634636470898,45.874060771635,45.8810272848857,45.8839862646946,45.8826148106282,45.8766664243465,45.8660103022225,45.850687914947,45.8309851402222,45.8075145672661,45.7812971043478,45.7538248525742,45.7270794149141,45.7034738157729,45.685686054203,45.6763631650033,45.6777009917825,45.690947123849,45.7159249754087,45.750717836886,45.7916578395979,45.8337149252141,45.871273655727,45.8991506903634,45.9135984907607,45.9130169546987,45.8981763074028,45.8719119382781,45.8384167347165,45.8023601590752,45.7680731547841,45.7389683966183,45.7172609837324,45.7039614974538,45.6990583273118,45.7017927090331,45.7109458275516,45.725086026576,45.7427525031202,45.7625729329174,45.7833246929979,45.8039542407957,45.8235693476403,45.8414166433009,45.8568539852882,45.8693244749235,45.8783369027472,45.8834560677427,45.8843056261707,45.8805856219827,45.8721062945241,45.8588387552133,45.8409812356895,45.819036406568,45.7938904544434,45.7668782666924,45.7398120245162,45.7149446942806,45.6948386485255,45.682117295769,45.6790982179218,45.6873411032071,45.7071877385422,45.7374110393149,45.7751051596094,45.8159193795745,45.8546580328984,45.8861546159548,45.9062219323094,45.9124309538666,45.9045092182176,45.8842655462286,45.8550941279799,45.8212270432886,45.7869485908594,45.7559531858733,45.7309490945023,45.7135226525825,45.704212722091,45.7027152342476,45.7081385578903,45.7192496895609,45.7346761625525,45.7530504685265,45.7730988915923,45.7936847785075,45.8138190416706,45.8326501871459,45.8494441339382,45.8635617253803,45.874439766946,45.8815798891114,45.8845484984028,45.8829903566215,45.8766576326515,45.86545524959,45.84950160223,45.8292008501465,45.8053187196611,45.7790481109666,45.752044452669,45.7264052633605,45.7045665031903,45.6890936966008,45.6823620851454,45.6861487619235,45.7011976233265,45.72685495085,45.7608931076309,45.7996247018459,45.8383505814969,45.8720913169228,45.8964534634857,45.9084200919871,45.9068619631421,45.8926448909508,45.868330281789,45.837580497096,45.8044459072267,45.7727100236861,45.7454162535376,45.7246250905163,45.7113839912632,45.7058513720816,45.7075038418486,45.7153645744363,45.7282098770904,45.7447314539382,45.763648262519,45.7837724203676,45.8040388443559,45.8235097092308,45.8413640087786,45.8568807647386,45.8694225649289,45.8784245268326,45.883392583094,45.8839140797974,45.8796828453536,45.8705398179073,45.8565286516161,45.8379630988746,45.8154991290225,45.7901997040916,45.7635744090896,45.7375710358215,45.7144940215971,45.6968284453149,45.6869612358221,45.6868149845266,45.6974422190253,45.7186615757377,45.748838887489,45.7849107108329,45.8227054866449,45.8575421104062,45.8849983675381,45.9016756981423,45.9057727015751,45.8973288143187,45.878095166666,45.8510945315177,45.8200072518083,45.7885424576163,45.759925651157,45.7365755282909,45.7199808983046,45.7107424153855,45.7087213922943,45.7132367617261,45.7232634379324,45.7376025203286,45.7550098854842,45.7742816815001,45.7943024546641,45.8140648900341,45.8326707202029,45.8493214674492,45.8633062351499,45.8739922963286,45.8808229754568,45.8833262911226,45.8811368721252,45.8740325255368,45.8619852108589,45.8452237415686,45.8243020570071,45.800162373438,45.7741773577809,45.7481507623348,45.724253623296,45.7048757790882,45.6923828388303,45.688788431947,45.6953793231281,45.7123610250529,45.7386134045387,45.7716466907489,45.8078186738115,45.8428141015881,45.8723118614526,45.8927005967984,45.9016763477976,45.8985814803382,45.884415734281,45.8615410994467,45.8331787874817,45.8028340480371,45.7737769172329,45.7486660297058,45.7293491866521,45.7168276609467,45.711342185995,45.7125288888555,45.7195984319815,45.731504403914,45.7470814630137,45.7651460419483,45.784560982023,45.8042703039268,45.8233122667726,45.8408189598545,45.8560098099974,45.8681851927644,45.876725145315,45.8810970968797,45.8808754923458,45.8757749977332,45.8656973808546,45.8507898750187,45.8315096449899,45.8086848669656,45.7835582632535,45.7577946130406,45.7334313969727,45.7127535414158,45.6980815712443,45.6914788785776,45.6944075244769,45.7073886380057,45.7297446872877,45.759505958522,45.7935435602058,45.8279445010266,45.858580492389,45.8817612351139,45.8948286435212,45.8965568390703,45.8872735291253,45.8686937883726,45.8435299899198,45.8149875558742,45.7862643882067,45.760146968777,45.7387532882866,45.7234290826019,45.7147715836974,45.7127388695792,45.7168012777122,45.7260992039619,45.7395834528949,45.7561259661408,45.7745979403152,45.7939183690302,45.8130792295638,45.8311546446959,45.8473011859294,45.8607556857493,45.8708359060396,45.8769483594704,45.8786065094597,45.8754613550654,45.867344829364,45.8543242695296,45.836763273502,45.8153805236491,45.7912939239996,45.7660334321029,45.7415036270307,45.7198782300698,45.7034155264531,45.6941973251514,45.6938143472904,45.7030444266811,45.7215899501107,45.7479486274496,45.7794788752485,45.8126849787197,45.8436938384479,45.8688397756792,45.885236329281,45.8912100650627,45.8865050181281,45.8722266099961,45.8505595684159,45.8243436468481,45.7966104188733,45.7701734105593,45.7473321197275,45.7297121808001,45.7182312652113,45.7131599471295,45.7142395916086,45.7208222961229,45.7320065436088,45.7467524517862,45.763969625152,45.7825773659002,45.8015411922192,45.8198916722784,45.8367321533482,45.851241654802,45.8626784450914,45.8703888845858,45.8738250625979,45.872573528948,45.8663958697279,45.855279815163,45.8394968370572,45.8196587727771,45.7967621517232,45.7722052570624,45.7477606843375,45.7254868609646,45.7075674206703,45.6960787607122,45.6927034100252,45.6984274839986,45.7132791458761,45.7361741987233,45.764927503173,45.7964614171098,45.8271984259086,45.8535759567627,45.8725832809203,45.8822081336219,45.8817005498878,45.8716077254605,45.8535907722123,45.830083186921,45.8038776061899,45.7777276003957,45.7540301335761,45.7346227328467,45.7206985311066,45.7128197947351,45.7109991201991,45.7148160111201,45.7235417505354,45.7362537397059,45.7519289362267,45.7695130108603,45.7879667314003,45.8062939602247,45.8235569521421,45.8388848673686,45.8514810003411,45.8606334587876,45.8657330479321,45.866300923013,45.8620270672149,45.8528186822832,45.8388550234687,45.8206420638596,45.7990568523447,45.775368086183,45.7512172249741,45.7285447951727,45.7094508992682,45.6959885134105,45.6899029568854,45.6923490286225,45.7036344476716,45.7230482436034,45.7488293120191,45.7783098021954,45.8082320720327,45.8351949501567,45.856148116798,45.8688357830609,45.8721000708845,45.8659886172678,45.8516588586137,45.8311176056026,45.8068652784842,45.7815228870767,45.7575081576977,45.7368027856058,45.7208251908894,45.7104001611111,45.7058024648783,45.7068463254184,45.7129945082976,45.723466732369,45.7373344329204,45.7535956959201,45.7712294638658,45.7892316316685,45.8066375951438,45.8225365698646,45.8360829615724,45.8465095426952,45.8531463392712,45.8554480011534,45.8530309697378,45.8457198796944,45.8336002472933,45.8170716007893,45.7968919756917,45.7742016043827,45.750511517353,45.7276428180361,45.7076059047895,45.6924169234698,45.6838613813305,45.6832307099538,45.6910732223119,45.7070112560879,45.7296758202657,45.7567950660408,45.7854438759789,45.8124247666024,45.8347155978696,45.849898835981,45.8564882883184,45.8540929842794,45.8433968918405,45.8259750189852,45.8039986876132,45.7798975486685,45.7560421843281,45.7344937352819,45.7168436082062,45.7041442902347,45.6969164064392,45.6952090500713,45.6986892416841,45.706739945437,45.718551956179,45.7332011969729,45.7497083031825,45.7670812903709,45.7843445818712,45.8005589401585,45.8148372101436,45.8263605159433,45.8343988500703,45.8383389533602,45.8377210082595,45.8322838939878,45.8220165116483,45.8072099910439,45.7885026131662,45.7669064371056,45.7438026134153,45.7208921873768,45.7000919804417,45.6833718324271,45.6725403214963,45.6689999846963,45.673507297905,45.6859830024739,45.7054200258686,45.7299256810823,45.7569116745717,45.7834138118046,45.8064913802903,45.8236339315762,45.8330984487577,45.8341150761788,45.8269303236729,45.8126933930574,45.7932230956098,45.7707115566422,45.7474236108352,45.7254398765791,45.7064727498682,45.6917644844049,45.6820601600796,45.6776382238592,45.6783775695319,45.6838413907723,45.6933622832022,45.7061184205853,45.7211957473309,45.7376352637294,45.7544673651957,45.7707368882545,45.7855232362514,45.7979599639161,45.8072576925291,45.8127333132594,45.8138471410987,45.8102479895258,45.8018240304042,45.7887548140246,45.7715570915393,45.7511144460967,45.7286788091569,45.7058315862312,45.6843943375744,45.6662845870768,45.6533216212638,45.6469993044124,45.6482558144377,45.6572803140361,45.6733997989068,45.6950823334662,45.7200746395309,45.7456652646901,45.7690357103401,45.7876393161836,45.7995387933847,45.8036415323274,45.7997950802856,45.7887364860454,45.7719193242938,45.75126314993,45.7288777457208,45.7068092946313,45.6868415561384,45.6703677246687,45.6583327716075,45.6512347660678,45.6491679090092,45.651889169703,45.6588929887065,45.6694828315551,45.682833043438,45.6980385527438,45.7141530705623,45.7302184593586,45.7452890121248,45.7584546694268,45.7688668749882,45.7757699645374,45.7785397791037,45.7767296159729,45.7701216686053,45.7587797848248,45.7430968305938,45.7238275066436,45.702095659452,45.6793646831592,45.6573613619443,45.6379482009558,45.6229472538999,45.6139291353269,45.6119925766341,45.6175696384196,45.6302959798414,45.6489813051784,45.6717009713416,45.6960074008283,45.7192342365464,45.738844041604,45.7527585977011,45.7596135683668,45.7588960574138,45.7509495107223,45.7368579284192,45.7182430733624,45.697019513443,45.6751519432752,45.654449701592,45.6364190422295,45.6221789994708,45.6124349334291,45.6074966525084,45.6073254063452,45.6115950086115,45.6197554793593,45.6310915856019,45.6447725435409,45.6598923478244,45.6755024596494,45.690639901727,45.7043543029595,45.7157372836972,45.7239569140091,45.7282988873339,45.7282145610089,45.7233741550455,45.7137212410201,45.6995223332314,45.6814031692036,45.6603615670766,45.6377462062264,45.6151920550592,45.5945071504946,45.5775123203072,45.5658448234913,45.5607473938504,45.5628734432577,45.5721442018727,45.5876914950483,45.6079091418798,45.6306174452285,45.6533225500571,45.6735313039665,45.6890687598271,45.6983439027882,45.7005203453555,45.6955694870537,45.6842080488608,45.6677433720454,45.6478633883046,45.6264116744062,45.6051825695523,45.5857601775367,45.569412099379,45.5570372319802,45.5491588917588,45.5459504550021,45.5472801726378,45.5527637666122,45.5618166579081,45.5737011907307,45.5875673124981,45.6024875034346,45.6174882416809,45.6315809949247,45.6437957486039,45.6532195245359,45.6590413217886,45.6606035147127,45.6574580299326,45.6494236436584,45.6366386000252,45.6196006910367,45.5991853680716,45.576631926882,45.5534889461956,45.5315135337449,45.5125248547324,45.4982206562355,45.4899750054907,45.4886442619652,45.4944137825002,45.5067174258001,45.5242539739464,45.5451094123124,45.5669742257113,45.5874250722561,45.6042257249449,45.6155973348205,45.6204145283167,45.6182998867363,45.6096104365081,45.5953301951929,45.5768976442184,45.5560035424129,45.5343927369627,45.5136956953294,45.4953045545002,45.4802976720212,45.469408199878,45.4630271182593,45.4612294025928,45.4638127933456,45.4703409805548,45.4801859714569,45.4925672816037,45.5065879325386,45.5212688299266,45.5355838959874,45.5484984292569,45.5590127029432,45.5662119059878,45.5693222457815,45.567771420492,45.5612498184636,45.5497668592829,45.5336950727719,45.5137931273977,45.4911985044139,45.4673814220536,45.4440544986639,45.423037829548,45.4060864680613,45.3946958765183,45.3899091287249,45.3921553194841,45.4011494841431,45.415878705676,45.4346867951359,45.4554527801483,45.4758401193279,45.4935787371454,45.5067347833947,45.5139256192461,45.5144492758568,45.5083152791748,45.4961825638688,45.4792255825085,45.4589585237121,45.4370488857415,45.4151467180478,45.3947471646058,45.3770943199724,45.3631260819024,45.3534539310785,45.348368719458,45.3478632366402,45.3516637915561,45.35926542521,45.3699678957374,45.3829117284347,45.397115148062,45.4115135530227,45.4250033894553,45.4364919074609,45.4449534226124,45.4494914773525,45.4494048143928,45.4442534313021,45.4339192737945,45.4186545037452,45.3991090369263,45.3763286064975,45.3517154532214,45.3269463053531,45.3038468470932,45.2842283020619,45.2696994604913,45.2614751658192,45.2602080594342,45.2658721693766,45.2777230929603,45.2943496263413,45.3138169661674,45.3338849320474,45.352269951283,45.3669106521896,45.3761963359376,45.3791255846415,45.3753766429473,45.3652881243651,45.3497638226738,45.3301257057016,45.3079430727493,45.2848637731419,45.262467071486,45.2421495440488,45.2250474859204,45.2119932276859,45.2034991695405,45.1997621336049,45.2006812192189,45.2058839745799,45.2147577047051,45.2264846229626,45.240080992262,45.254441218583,45.2683880294462,45.2807294871119,45.2903227898824,45.2961437164615,45.2973592368839,45.2933993213919,45.2840224527117,45.2693679793437,45.249987478773,45.2268470219304,45.2012930059997,45.1749764554414,45.14973468933,45.1274350093304,45.1097920530386,45.0981775698157,45.0934470185817,45.0958097793001,45.1047674035355,45.1191365343808,45.1371605766316,45.1566990899905,45.1754695505564,45.1913061395158,45.202397204002,45.2074677944936,45.2058849148761,45.19767787143,45.1834807323357,45.1644151823541,45.1419380330494,45.117678029135,45.0932825178288,45.0702879732524,45.0500213116996,45.0335329280637,45.021558253816,45.0145025614876,45.0124434371217,45.015146260417,45.0220895313882,45.032498395289,45.0453858713033,45.0596019315082,45.0738907007909,45.0869557077603,45.0975323771553,45.1044659075927,45.1067914512507,45.1038122359599,45.0951700489152,45.0809014313043,45.061472176708,45.0377825635947,45.0111365504439,44.9831702682567,44.9557387672317,44.930765079687,44.910061876063,44.8951424936194,44.8870436074892,44.8861846825183,44.8922881030129,44.9043777287064,44.9208629403485,44.9397017117484,44.958622617991,44.9753750853164,44.987972229532,44.9948926054494,44.9952155834159,44.9886776833701,44.9756508728888,44.9570554781757,44.9342278293631,44.9087653157585,44.8823697075693,44.856704805395,44.8332784166838,44.813352878208,44.7978839058212,44.7874848893683,44.782412732173,44.7825714956734,44.7875309084873,44.796557782202,44.8086592181163,44.8226369738888,44.8371523789397,44.8508007593118,44.862193576684,44.870045550126,44.8732630153509,44.8710287390858,44.8628774132466,44.8487552368732,44.8290565418816,44.8046305387568,44.7767521660653,44.7470529634181,44.7174110829279,44.6898040940686,44.6661338639668,44.6480387833929,44.6367138010135,44.6327617437103,44.6360989533031,44.6459335483723,44.6608256673793,44.6788270233133,44.6976842251651,44.7150794144379,44.7288754222309,44.7373324133551,44.7392688327047,44.7341498725936,44.7220991025,44.7038405694911,44.6805873238906,44.6538967258624,44.6255130353208,44.5972146732384,44.5706786675954,44.5473696208229,44.5284561026152,44.5147542099246,44.5066962414953,44.5043218082393,44.507288860814,44.5149026075394,44.5261607241758,44.5398133939082,44.5544365154066,44.5685159370959,44.5805398888434,44.5890959508692,44.5929680083774,44.591227808255,44.5833150756424,44.5690997339841,44.5489196570143,44.523587684321,44.4943625805963,44.4628804878469,44.4310464055822,44.400889340388,44.3743897469444,44.3532932030578,44.338929062543,44.3320559605316,44.3327562717535,44.3403980265367,44.3536752171485,44.3707267515127,44.3893223660368,44.4070929953372,44.4217757825126,44.4314417905527,44.4346780447349,44.4307039093812,44.4194129421272,44.4013427233439,44.3775844462764,44.3496498601056,44.3193151329709,44.2884598847031,44.2589161021763,44.2323371346512,44.210092581416,44.1931913843696,44.1822331156832,44.1773861848556,44.1783911359014,44.1845870057259,44.1949586080803,44.2082024267117,44.2228084389944,44.2371546083009,44.2496100385682,44.2586420150123,44.2629214938006,44.2614211103404,44.2534994530103,44.2389652212078,44.218115051341,44.1917393969744,44.1610920268311,44.1278205729033,44.0938582375449,44.0612803411921,44.0321337884621,44.0082523509818,43.9910751240723,43.9814885548726,43.9797129882122,43.9852519353541,43.9969159865341,44.012923969838,44.0310729673864,44.0489581867694,44.0642157172536,44.074757686715,44.0789710505763,44.075857701124,44.0651032369423,44.0470724605469,44.0227393621599,43.993566379531,43.9613512987637,43.9280603863994,43.8956640439003,43.8659876020302,43.8405858822601,43.8206465610885,43.8069245284649,43.7997074112569,43.7988111380266,43.8036036282545,43.8130541137227,43.8258050077178,43.8402625384284,43.854701607926,43.8673796289395,43.876653494336,43.8810933775524,43.8795867889295,43.8714262953916,43.8563746047315,43.8347013204363,43.8071865723994,43.7750879815241,43.740069188258,43.7040906568973,43.6692667327235,43.6376968403795,43.611282907306,43.5915490033705,43.5794820319545,43.5754131715275,43.5789577991902,43.5890263899188,43.6039106730801,43.6214392730111,43.6391869312853,43.6547131901014,43.6658018230177,43.6706723379396,43.6681395558553,43.6577055462504,43.6395782537296,43.6146209153907,43.5842441387198,43.5502573329119,43.5146979218113,43.4796558831693,43.4471084585061,43.4187762627182,43.3960083102097,43.3797002365404,43.3702474617732,43.3675331421683,43.3709492798595,43.3794481266503,43.391619943894,43.4057922344573,43.4201447213014,43.4328336127247,43.4421181354803,43.4464820470627,43.4447429291686,43.4361424875795,43.4204117536372,43.3978059552287,43.3691049476537,43.3355765599636,43.2989020904728,43.2610655122788,43.2242107583429,43.1904747496291,43.1618074585535,43.1397938217309,43.1254949882372,43.119327337133,43.1209961745918,43.1294966460292,43.1431873191059,43.159932876529,43.1773027797067,43.1928044074833,43.2041237929121,43.209345868815,43.2071293373994,43.1968181547025,43.178480704374,43.1528772757969,43.1213648274495,43.085754012353,43.0481365134219,43.010701018391,42.9755543295117,42.9445610431904,42.9192117332775,42.900526141256,42.8889947828507,42.884559742026,42.8866332636495,42.8941510060351,42.9056553443854,42.9194028289436,42.9334888131332,42.945981484069,42.9550571452092,42.9591286267444,42.9569590814732,42.9477541236112,42.9312262793255,42.9076270159876,42.877743123293,42.8428558547805,42.8046630211688,42.7651662913351,42.7265284456661,42.6909082435428,42.6602837043169,42.6362775674235,42.6200009676861,42.6119323082064,42.6118472688538,42.6188123369141,42.631248107818,42.6470604531178,42.6638287052846,42.6790318509944,42.6902879210365,42.6955794914287,42.6934399832041,42.6830809756173,42.6644489505562,42.6382091537025,42.6056628989951,42.5686113522749,42.5291829502526,42.4896431057536,42.4522041018114,42.4188506818762,42.3911934776644,42.3703587266856,42.3569192062133,42.3508681853613,42.3516354847992,42.3581423668633,42.3688899436063,42.3820741450105,42.3957190912298,42.4078199677094,42.416486199785,42.4200758883425,42.4173131382888,42.407381054386,42.3899846518055,42.3653795501343,42.3343639862321,42.2982334087753,42.2586987736012,42.2177716825147,42.1776216995091,42.1404135375491,42.1081343131919,42.0824235497432,42.0644206512452,42.054645524167,42.0529272186072,42.0583924431124,42.0695205150948,42.084264142004,42.1002272564222,42.1148832293592,42.1258106420766,42.1309207184128,42.1286512280348,42.1181060559222,42.0991268173395,42.0722915385365,42.0388440696754,42.0005652653153,41.9596021409704,41.9182737769323,41.8788728250758,41.8434796389914,41.8138030113149,41.7910578834646,41.7758866055324,41.7683266317807,41.7678241433997,41.773290149135,41.7831931916367,41.7956808692047,41.808720959765,41.8202520687187,41.8283335111409,41.8312846052927,41.8278045965955,41.8170658818197,41.7987749262494,41.7731971784406,41.7411442989865,41.7039240049397,41.6632546902528,41.6211487371631,41.5797702279922,41.5412747377626,41.5076410138577,41.4805064032563,41.4610195008625,41.4497242264998,41.446488923242,41.4504916609248,41.4602684691746,41.4738248773794,41.4888036251173,41.5026939099342,41.5130614116351,41.5177747504512,41.5152037479718,41.5043680356058,41.4850207264755,41.4576599725467,41.423469843424,41.3841996762501,41.341996835144,41.2992112199428,41.2581908968745,41.2210872005604,41.1896850407174,41.1652704898291,41.1485436043883,41.139580322005,41.1378434660928,41.1422394909456,41.1512146740141,41.1628821197468,41.1751693197092,41.1859751903355,41.193325448795,41.1955158045037,41.1912336708357,41.1796508691528,41.1604819570003,41.1340051187514,41.1010447648599,41.0629169752179,41.0213407219639,40.9783195037755,40.9359996656059,40.8965132700364,40.8618149341768,40.8335235332266,40.8127809475939,40.800140719467,40.7954990505443,40.7980785282013,40.8064710946704,40.8187412316601,40.832583655617,40.8455228738931,40.8551358614786,40.8592750722825,40.8562679391987,40.8450713075597,40.8253645344296,40.7975723362126,40.7628166630193,40.7228047074107,40.6796665872794,40.6357605474226,40.593465378471,40.5549792891482,40.5221421835869,40.4962948172356,40.4781841759689,40.4679200364694,40.46498333566,40.4682830060293,40.4762545858296,40.4869913406871,40.4983968750665,40.5083472760866,40.5148507556598,40.5161935604147,40.5110625063067,40.4986366299403,40.4786428507058,40.45137299622,40.4176619341187,40.3788287697174,40.3365849891626,40.2929149802552,40.249935615669,40.2097427191672,40.1742534059026,40.1450544668662,40.1232679318325,40.1094453654007,40.1035019807772,40.1046999652211,40.1116872289375,40.1225930435374,40.1351760396408,40.147013557952,40.1557154816659,40.1591415244896,40.1555993462174,40.1440022304496,40.1239693167432,40.095857962276,40.0607256978305,40.0202271688916,39.9764582200978,39.931764076958,39.8885310806702,39.8489817045315,39.8149909031967,39.7879386210798,39.7686090235515,39.757142287353,39.7530401100268,39.7552218211227,39.7621242937866,39.7718359097476,39.782252792638,39.7912445364796,39.7968167325498,39.7972586039896,39.7912657953686,39.7780306568424,39.7572950386357,39.729363435591,39.6950769924592,39.6557511463126,39.6130814611628,39.5690235889497,39.5256544083507,39.4850223310927,39.4489955519128,39.4191176748044,39.3964806717259,39.3816253876463,39.3744794674716,39.3743412075609,39.3799150938875,39.3894006379075,39.4006308581964,39.4112509658779,39.4189222974869,39.4215322449346,39.4173887855662,39.4053788557208,39.3850733340709,39.3567672902629,39.3214514595026,39.280718528578,39.2366147437372,39.1914527378255,39.1476047355418,39.1072961889293,39.0724185816103,39.0443771054273,39.0239847590211,39.0114096745534,39.0061775637341,39.0072264658854,39.0130068612404,39.021617004344,39.0309612054101,39.0389177593115,39.0435032479599,39.0430209768507,39.0361832572536,39.0221998844591,39.0008281357431,38.9723825646055,38.9377055671609,38.8981020332139,38.855243298172,38.8110470108103,38.7675404177191,38.7267150687323,38.6903812950951,38.6600311666369,38.6367189630467,38.6209682785282,38.6127144285501,38.6112895757138,38.6154557196721,38.6234872610075,38.6333003020149,38.642620582269,38.6491767277856,38.6509012778123,38.6461196088349,38.6337069524083,38.6131963582949,38.5848254501883,38.5495165350524,38.508792093902,38.464634764959,38.4193066112644,38.3751461023109,38.3343626342735,38.2988476874907,38.2700191611068,38.2487114330154,38.2351187927116,38.2287946920566,38.2287043108679,38.2333236295627,38.2407747682369,38.2489849565088,38.2558552950923,38.2594255336517,38.2580223215243,38.2503805241899,38.235729925762,38.2138426917502,38.1850401153371,38.1501601460085,38.1104897062248,38.0676676374752,38.0235652800724,37.9801523508785,37.9393561377069,37.9029221949441,37.8722847459598,37.8484549039597,37.8319346145559,37.8226637764909,37.8200070170508,37.8227847288287,37.8293500036113,37.8377091108669,37.8456785401582,37.8510669391759,37.8518662367566,37.8464336101597,37.8336454344078,37.8130063353745,37.7847008507441,37.7495813599684,37.709092938228,37.6651426392619,37.6199265634258,37.5757322436627,37.534735923325,37.4988140535161,37.4693860235568,37.4473012737875,37.4327791420882,37.425404609935,37.4241779896985,37.427611954422,37.4338655678873,37.4409024409451,37.4466589373445,37.4492084128182,37.4469086525829,37.438521822607,37.4232991626786,37.4010259927218,37.3720259552031,37.3371264069893,37.2975893066957,37.2550137739117,37.2112177273275,37.1681066416002,37.1275375598983,37.0911862468756,37.0604250174522,37.0362184869364,37.0190442060116,37.0088446487226,37.005016055431,37.0064379952993,37.0115450707536,37.0184388878862,37.0250343902772,37.0292303274696,37.0290897230767,37.0230135378989,37.0098899378618,36.9892029866335,36.9610881480363,36.9263273539339,36.8862829264209,36.8427764363847,36.7979246218891,36.7539489204075,36.7129775048832,36.676858878615,36.6470042740955,36.6242726452599,36.6089073736778,36.6005284880681,36.5981788627265,36.6004180858305,36.6054538558085,36.6112980777292,36.6159334149292,36.6174759840258,36.6143211294036,36.6052615470545,36.5895700637977,36.5670427214136,36.538001162697,36.503256431898,36.4640389421048,36.4219012884376,36.3786016821197,36.3359761414227,36.2958074497447,36.2596985221102,36.2289573409864,36.2045000734399,36.1867783865878,36.1757363285076,36.1708013130609,36.1709124722308,36.1745876295283,36.1800272885285,36.1852504933417,36.188253616719,36.1871796074039,36.1804825728204,36.167071385014,36.1464167756276,36.1186093317758,36.0843606624776,36.0449460858772,36.002093589119,35.9578296711038,35.9142972922154,35.8735639972267,35.8374390158494,35.807316731483,35.7840606423275,35.7679373896335,35.7586052382495,35.755156122384,35.7562054727456,35.7600199432717,35.7646702433213,35.7681948001816,35.7687599403061,35.7648035038412,35.7551510448822,35.7390967726005,35.7164448698243,35.6875104007397,35.6530822565553,35.6143531614664,35.5728235548383,35.5301872268203,35.4882070005264,35.4485885973549,35.4128602108398,35.3822644673423,35.3576686210291,35.339498145837,35.3276982666543,35.321727187984,35.3205836020202,35.3228693443482,35.3268857471217,35.330759327599,35.3325891169945,35.3306046113323,35.3233206664082,35.3096743369228,35.289129127418,35.2617344948519,35.2281325320957,35.1895091481244,35.1474931092156,35.1040121880673,35.0611204984077,35.0208141683011,34.9848534971706,34.9546086984985,34.9309435326914,34.9141469661369,34.9039179260659,34.8994028465287,34.8992806636173,34.9018857613395,34.9053564177967,34.907794683756,34.9074233778895,34.9027269818001,34.8925655110795,34.8762535836956,34.853600440235,34.8249101669357,34.7909445445455,34.7528536042617,34.7120809399476,34.6702519501554,34.6290534438149,34.5901126219687,34.5548826501063,34.5245411235335,34.4999068248414,34.4813793014775,34.4689049549019,34.4619725058424,34.459639754535,34.460592246828,34.4632325556816,34.465796355246,34.46648853182,34.4636296622664,34.4558007757544,34.4419728727388,34.4216076510467,34.3947176151563,34.361877270833,34.3241820713815,34.2831574671382,34.2406259730741,34.198544869328,34.1588304349555,34.1231861050329,34.0929514331529,34.0689862972311,34.0516007902238,34.0405363066669,34.0349981250679,34.0337348381873,34.0351557271511,34.0374739884397,34.0388619164673,34.0376038555239,34.0322338505003,34.0216471479074,34.0051776883133,33.9826371832993,33.9543149673567,33.9209411741216,33.8836185183692,33.843729826608,33.8028294348307,33.7625268041286,33.7243703536002,33.6897386992706,33.6597453658022,33.6351618285264,33.616362675611,33.6032958426923,33.5954801485504,33.5920315170437,33.5917181067137,33.5930429886077,33.5943509987491,33.593953996499,33.5902661760539,33.5819387164772,33.5679814924708,33.5478593402615,33.5215517627451,33.4895679236529,33.4529130308912,33.4130072905276,33.3715639231361,33.3304375340732,33.2914576649028,33.2562640778571,33.2261600621492,33.2019979699986,33.1841076518013,33.1722738947021,33.1657638752824,33.1634006066591,33.1636740041074,33.1648779817825,33.165260151407,33.1631702444503,33.157194253517,33.1462633609654,33.1297297442587,33.1074049022494,33.0795597414134,33.0468888927496,33.0104443711605,32.9715456288341,32.9316742018637,32.8923614408865,32.8550773160165,32.8211272391302,32.7915625848216,32.7671093679702,32.7481184448729,32.7345396386104,32.7259213246621,32.7214362074091,32.7199331409812,32.7200136778259,32.7201303848927,32.7187018724855,32.7142372005843,32.7054602652184,32.6914233298501,32.6715984121274,32.6459360742704,32.6148834921255,32.579357428916,32.5406724873724,32.5004300471399,32.4603778493109,32.422253656305,32.3876283903874,32.3577643981763,32.3335029238331,32.3151916651027,32.3026588881748,32.2952356334304,32.2918226902998,32.2909947491807,32.2911308137841,32.2905578731153,32.2876941959305,32.2811794367726,32.2699807995856,32.2534674034911,32.2314483468582,32.2041734522566,32.1722989953517,32.1368235364242,32.0990009710015,32.0602389505564,32.0219909793699,31.9856499899622,31.9524502465699,31.9233831727587,31.8991312983306,31.8800231791055,31.866011051416,31.8566721830505,31.8512342250448,31.8486241201512,31.8475391126391,31.8465370764942,31.8441417573728,31.8389566838142,31.8297796384517,31.8157080667733,31.7962251336707,31.7712567270562,31.7411916928022,31.7068608053487,31.669474077765,31.6305205388,31.5916390059349,31.5544720251646,31.5205174131606,31.4909923319433,31.4667235151976,31.448074424281,31.434916162414,31.4266443731289,31.4222395893639,31.4203641411384,31.4194853128863,31.4180123314425,31.4144340670144,31.4074449510864,31.3960483920289,31.3796296966687,31.3579938757161,31.3313672794927,31.3003653024214,31.2659310676085,31.2292519145664,31.1916616427398,31.1545368047461,31.1191949080215,31.086801297577,31.0582900354024,31.0343025942993,31.015146867791,31.0007779161867,30.9908009790572,30.9844965391898,30.9808665666057,30.9787003730563,30.9766575690736,30.9733642998557,30.9675173097239,30.9579887301971,30.9439231757531,30.9248180923179,30.9005785877024,30.8715393749378,30.838449069173,30.8024157530657,30.7648170067597,30.7271818102759,30.6910552014437,30.6578588359967,30.6287613879095,30.6045719375561,30.5856671545361,30.5719594387019,30.5629087352611,30.5575761263804,30.5547131066194,30.5528770854489,30.5505613957997,30.5463271168041,30.5389244389187,30.5273930137465,30.5111334145315,30.4899450447247,30.4640291747641,30.4339589706181,30.4006211516285,30.3651360112295,30.3287637273119,30.2928051287191,30.2585045366215,30.2269612379529,30.1990548049298,30.1753879993001,30.1562495302365,30.1415976467534,30.131064584932,30.1239812535427,30.1194210541927,30.1162611655592,30.1132588348953,30.1091391971572,30.1026899323026,30.0928567601916,30.0788325407624,30.0601319280046,30.0366435331173,30.0086526844905,29.9768301550586,29.9421854169915,29.9059866939108,29.8696538829627,29.834633839648,29.8022700295122,29.7736796710471,29.7496509720516,29.7305709845287,29.7163913266206,29.7066349989035,29.700443207718,29.696656962418,29.6939247319779,29.690825073799,29.6859921292422,29.6782321999248,29.6666210845496,29.6505742313518,29.6298847961497,29.6047280622555,29.5756339461771,29.543432058549,29.50917575254,29.474052722294,29.439290074996,29.4060614551333,29.375402815212,29.3481419653789,29.3248453829331,29.3057842292184,29.2909202844845,29.279911578905,29.2721367944507,29.266736971884,29.2626726158909,29.258793823366,29.2539203883877,29.2469278609656,29.236834353169,29.222881780291,29.2046045272068,29.1818784918951,29.1549442360164,29.1243996681082,29.0911603120178,29.0563885815854,29.0213971349025,28.9875346989376,28.9560651783043,28.9280520472533,28.9042598407779,28.8850830093762,28.8705095998219,28.8601234738155,28.8531445886381,28.848502840659,28.8449376188893,28.8411128437182,28.8357360401294,28.8276700075338,28.8160268992751,28.8002368307312,28.780086113889,28.7557234126151,28.72763515805,28.6965942223781,28.6635879411864,28.6297329098828,28.5961844178728,28.5640479544892,28.5342991473659,28.5077170776176,28.484834388209,28.4659060943186,28.4508976281207,28.4394915444913,28.4311115801763,28.4249623539313,28.4200827266601,28.4154104915109,28.4098555240514,28.402377806316,28.3920659123765,28.3782106915302,28.3603681674834,28.3384053748005,28.3125233161765,28.2832526522122,28.2514200686151,28.2180862091821,28.1844592302206,28.1517910413248,28.1212657587924,28.0938913939802,28.0704059741628,28.051208020117,28.0363187658314,28.025380106924,28.017688462944,28.0122609531653,28.0079269199977,28.0034353019187,27.9975669974032,27.9892413008166,27.9776066083954,27.9621076205068,27.9425239284139,27.9189779082748,27.8919129376817,27.8620457129096,27.8302985252572,27.7977185795555,27.7653918423882,27.7343586233923,27.7055372325189,27.6796607185908,27.6572300554365,27.6384854779244,27.6233962527682,27.6116681279852,27.6027670051781,27.5959569179424,27.5903500997357,27.5849667191021,27.5788016303777,27.5708950770226,27.5604036193115,27.5466667561528,27.529264048261,27.5080573127839,27.4832128272813,27.4551995317653,27.4247609832896,27.3928612620735,27.3606079420655,27.3291581886468,27.2996164854498,27.2729339710921,27.249819663714,27.2306729453409,27.2155446546341,27.2041311703227,27.1958022862581,27.1896599774073,27.1846218743575,27.1795208117833,27.1732103987634,27.1646662400925,27.153073222292,27.137891090222,27.1188931412981,27.0961758498521,27.0701401666792,27.0414478018944,27.0109578273808,26.9796503220452,26.948544413392,26.9186178739174,26.8907344991265,26.8655840844527,26.8436382360808,26.8251237089657,26.8100135680214,26.7980352941003,26.788694107368,26.7813093186917,26.7750613698563,26.7690471832114,26.7623413086714,26.7540600494062,26.7434253059054,26.7298243768656,26.7128614701324,26.6923963412032,26.6685655322856,26.6417824056562,26.612713684115,26.5822324086457,26.5513497810844,26.5211309133232,26.492601732502,26.4666558903159,26.443971179816,26.4249444296689,26.4096520952535,26.3978410478077,26.3889508019262,26.3821650509089,26.3764872627562,26.3708325580993,26.364126468879,26.355400699041,26.3438767014363,26.3290295447257,26.3106268578001,26.2887403197444,26.2637299654228,26.236204223026,26.2069607606957,26.1769146179095,26.147020642549,26.118197051918,26.0912561657201,26.0668471621244,26.0454141970517,26.0271715742509,26.0120961125326,25.9999356556569,25.9902318916265,25.9823552186015,25.9755491920846,25.9689820286885,25.9618026610655,25.9531988258954,25.9424544824877,25.9290034517901,25.9124756633917,25.8927320625319,25.8698843018398,25.8442959412372,25.8165630207686,25.7874735391488,25.7579475025577,25.7289615965257,25.7014647848275,25.6762927856277,25.6540900709897,25.6352476653599,25.6198636462251,25.6077310189325,25.5983547521287,25.5909965469832,25.5847428284738,25.5785889542207,25.5715310451796,25.5626562562802,25.551222701714,25.5367215663797,25.5189160474422,25.4978544132733,25.4738572426017,25.4474814173979,25.4194654371396,25.3906620064445,25.3619645852029,25.334234627688,25.3082355610225,25.2845782917576,25.2636814552845,25.2457480292029,25.2307585031964,25.2184796050701,25.2084866714974,25.2001971914452,25.1929128683099,25.185867644369,25.1782793015783,25.169402311057,25.1585794943037,25.1452898397306,25.1291895666076,25.1101433075561,25.0882421975559,25.0638059135692,25.0373665256085,25.0096334761041,24.9814409436769,24.9536809510739,24.9272275177249,24.9028586787691,24.8811840729909,24.8625858180272,24.8471793869597,24.8347992208802,24.8250111448741,24.8171507181823,24.8103838310822,24.803783458077,24.7964147423264,24.7874197578252,24.7760935195523,24.7619440320063,24.7447311246834,24.7244811881296,24.7014774226257,24.6762276331162,24.6494137211022,24.621828570373,24.5943067943955,24.5676557871431,24.5425928538935,24.519693103886,24.4993514149737,24.4817602428686,24.4669035028619,24.4545654226641,24.4443523366238,24.4357249015036,24.4280380582633,24.4205861076404,24.4126504252694,24.4035475544909,24.3926755798818,24.379556676563,24.3638735137572,24.3454968999006,24.3245019342959,24.3011701781374,24.2759760431767,24.2495566915281,24.2226662004475,24.1961164998081,24.1707094471166,24.1471660195226,24.1260595847678,24.1077603105608,24.0923969537382,24.0798406618716,24.069713195886,24.0614193530999,24.0542006412985,24.047204829668,24.0395642637283,24.0304749928212,24.0192688354434,24.0054714106191,23.9888407855879,23.9693835824244,23.9473478820628,23.9231946908099,23.8975517473718,23.871154863461,23.8447827818828,23.8191917230777,23.7950553702519,23.7729150391717,23.7531433414317,23.7359230514043,23.7212413968588,23.7088987617605,23.698529853946,23.689634766414,23.6816170889076,23.6738263072098,23.6656020442808,23.6563180438841,23.64542400643,23.6324834257777,23.617205515875,23.5994692341359,23.5793373527549,23.5570585831471,23.5330560908177,23.5079015290186,23.4822750109893,23.4569130589481,23.4325482090025,23.409845332426,23.3893406631511,23.3713898495464,23.3561309253816,23.3434668328607,23.3330701233529,23.324410010677,23.3167994492893,23.3094576864755,23.3015820191024,23.2924214499553,23.2813447488018,23.2678961526271,23.2518334740698,23.2331454384448,23.2120473105027,23.1889560589448,23.1644482746708,23.1392056339809,23.1139536746776,23.0893998901279,23.0661766767379,23.0447936867817,23.0256028642681,23.0087780268724,22.9943094024065,22.9820121723237,22.9715470074775,22.9624499465591,22.9541687638349,22.94610307165,22.9376456620612,22.9282229294306,22.9173325778523,22.9045771102476,22.8896917066227,22.8725650036797,22.8532511223381,22.8319712797054,22.8091036346934,22.7851606808897,22.7607544594404,22.7365510603982,22.7132172459635,22.6913633980312,22.6714880695688,22.6539298863681,22.6388322276774,22.6261250445645,22.6155265162256,22.6065651824247,22.5986209231003,22.590980955448,22.5829052298107,22.5736945316913,22.5627543678865,22.5496482746206,22.5341353988612,22.5161889402963,22.4959941474205,22.4739267853013,22.4505149999123,22.4263890068346,22.4022239099925,22.3786812396122,22.3563545530479,22.3357236975467,22.3171211390771,22.3007122746268,22.2864901269054,22.2742835105164,22.2637767720313,22.2545385480924,22.2460566459321,22.2377761459968,22.2291381363222,22.2196169838294,22.2087545263725,22.1961898815293,22.181683701069,22.1651357352346,22.1465945820592,22.1262585191542,22.1044664127045,22.0816780137633,22.0584436370253,22.0353642902059,22.013044605825,21.9920421411097,21.9728175204294,21.9556903639784,21.9408058863058,21.928116364656,21.9173803300397,21.9081804449242,21.8999588978039,21.8920671198656,21.8838249817446,21.8745835158466,21.8637847443463,21.851012476282,21.8360289890026,21.8187941787273,21.79946575395,21.7783810458886,21.7560228183966,21.7329729591213,21.709859002042,21.6872989168541,21.6658494136768,21.645962225259,21.6279516562725,21.6119753542841,21.5980288989796,21.5859535091707,21.5754550467127,21.5661317107991,21.5575074709468,21.5490683477125,21.5402989700719,21.5307172720859,21.5199056630629,21.5075374680784,21.4933978038602,21.4773982261113,21.4595844444509,21.4401362861919,21.419359110584,21.3976661706808,21.375551992341,21.3535576152504,21.3322294586554,21.3120745792505,21.2935160430928,21.2768527884006,21.2622284548559,21.2496130843531,21.2388004359962,21.2294220853098,21.2209776738255,21.2128788150572,21.2045024779566,21.1952484468174,21.1845949295951,21.1721466146586,21.1576703510557,21.1411149857386,21.1226135959602,21.1024682628786,21.0811194176744,21.0591033622519,21.037002590605,21.0153939493794,20.9947995531461,20.9756448087358,20.9582269554755,20.9426962555088,20.9290505281359,20.9171423557268,20.9066972045624,20.8973399817728,20.8886271658784,20.8800815719179,20.8712270405039,20.8616208367694,20.8508821731594,20.8387158330336,20.8249302376656,20.8094494723133,20.7923188572547,20.7737036873707,20.7538807937472,20.7332226523116,20.7121740025253,20.6912214754691,20.6708575704234,20.6515412902873,20.6336585963331,20.6174863806952,20.6031637952637,20.5906744737112,20.5798423847088,20.5703427492863,20.5617277767369,20.5534652022659,20.5449860542855,20.5357369485985,20.5252315962291,20.5130961796469,20.4991038539576,20.4831948487405,20.4654803124885,20.4462298622214,20.4258444969413,20.4048179444816,20.383690566944,20.3630005741259,20.3432373800941,20.3248014363472,20.3079738862347,20.2928981308198,20.2795740917956,20.2678647251641,20.257513244951,20.248168651771,20.2394166546219,20.2308129979444,20.2219164974807,20.2123195879272,20.2016747482013,20.18971572783,20.1762730115428,20.1612833512484,20.1447933725879,20.1269572222098,20.1080280979428,20.0883434950045,20.0683042262675,20.0483477170066,20.0289166531691,20.0104247209625,19.9932218739822,19.9775621917081,19.9635777414861,19.951261718482,19.940463447798,19.9308966957937,19.9221613376986,19.9137769288719,19.9052252725212,19.89599785811,19.8856432968228,19.8738097754082,19.8602780927769,19.8449818910798,19.8280130683204,19.8096119320527,19.7901432990652,19.7700612697208,19.7498665593232,19.7300608706544,19.7111028233816,19.6933695273691,19.6771271161005,19.6625125069847,19.6495273926086,19.6380441410739,19.6278221137128,19.6185320705519,19.6097858752609,19.6011685836364,19.5922701541035,19.5827144385582,19.5721837485971,19.5604380046813,19.5473280756914,19.5328032881036,19.5169132485602,19.4998041777092,19.4817099649093,19.4629381400916,19.4438509605954,19.4248419398234,19.4063085200385,19.3886222124841,19.3720982320843,19.3569672167962,19.3433518909454,19.331251460798,19.3205361069402,19.3109531326955,19.3021451476978,19.2936792440659,19.2850847166241,19.2758957512849,19.26569481033,19.2541522237068,19.2410577680787,19.2263408033271,19.2100768010337,19.1924796653149,19.1738808358623,19.1546975312092,19.1353935187613,19.1164364588612,19.0982561254954,19.0812075850081,19.0655426972837,19.051392208647,19.0387594530927,19.0275254697564,19.0174642828983,19.0082662208632,18.9995665428466,18.9909763976331,18.9821132995058,18.9726287884933,18.9622315762978,18.9507051246139,18.9379191993341,18.9238354620159,18.9085075301672,18.8920760779311,18.8747594623987,18.8568401852372,18.8386474228255,18.8205359845275,18.8028623605073,18.7859589149838,18.7701077198436,18.7555159815933,18.7422954042821,18.7304479768965,18.7198604083689,18.7103087231645,18.7014734960064,18.6929650227467,18.6843565359514,18.6752224921287,18.6651781354398,18.6539161693335,18.6412365661988,18.6270662806594,18.6114667389943,18.5946282782469,18.5768520872659,18.5585215577741,18.5400661245827,18.5219214526398,18.504490076631,18.4881063350556,18.4730087987778,18.4593225034874,18.4470522240425,18.4360868398634,18.4262136730289,18.417140730072,18.4085241891513,18.3999982641632,18.3912046770186,18.3818193162102,18.3715742265284,18.3602738045953,18.3478048255961,18.334140519414,18.319339250489,18.3035384711172,18.2869446162658,18.2698195565777,18.2524641382142,18.2351992477699,18.2183448526755,18.202197692784,18.1870087337092,18.1729619860355,18.1601566479627,18.1485946221169,18.1381752720452,18.1286988291055,18.1198791213987,18.1113652868182,18.102770978574,18.0937085045946,18.0838245819153,18.072834038647,18.0605478616706,18.0468924540079,18.0319178343865,18.0157937338457,17.9987939482346,17.9812706351982,17.9636212897853,17.9462518149246,17.9295394291899,17.9137991178814,17.8992568907107,17.8860322624352,17.8741312477942,17.8634499732198,17.8537879384928,17.8448690940621,17.8363682593391,17.8279400438192,17.8192474228921,17.8099874812936,17.7999124665845,17.7888450189658,17.7766871269704,17.7634229512605,17.7491161399692,17.7339025693716,17.7179795113247,17.7015920668224,17.6850174523066,17.6685475631691,17.6524702601256,17.6370499947942,17.6225086303237,17.6090075817701,17.5966326864099,17.5853834469143,17.5751683204931,17.5658074166704,17.5570433041974,17.5485597397354,17.5400071811658,17.5310330519064,17.521313963248,17.5105865989412,17.4986738716455,17.4855033599912,17.4711158644001,17.4556630033865,17.4393939399692,17.4226324824021,17.4057468696184,17.389115398779,17.3730915090415,17.3579719007278,17.3439707894519,17.331202619232,17.3196746208975,17.3092895686577,17.2998580164641,17.2911183117162,17.2827619586743,17.2744615526398,17.2658985201658,17.2567881932748,17.246900243978,17.236073174432,17.2242223361164,17.2113416979996,17.1975001310868,17.1828332429758,17.1675318315492,17.15182794243,17.1359793783501,17.1202533316114,17.1049096249243,17.0901839510321,17.0762716020424,17.0633124707384,17.0513784479941,17.0404645559498,17.0304851508967,17.0212763047395,17.0126050503506,17.0041855458376,16.995701390039,16.9868324223447,16.9772835689064,16.9668128357718,16.9552554623439,16.9425415064024,16.9287047004649,16.9138812897641,16.8982986831919,16.8822549580838,16.8660913259797,16.8501604133368,16.8347935937845,16.820270663457,16.8067948953634,16.7944759189916,16.7833219637925,16.7732419087527,16.764056498195,16.755517179901,16.7473303569741,16.7391844263268,16.7307768357526,16.7218385835431,16.7121541059454,16.7015752317475,16.6900286541872,16.6775170507626,16.6641145325461,16.6499575156218,16.6352323291721,16.6201608470367,16.6049851747008,16.5899520834068,16.5752976331009,16.5612323509754,16.5479273946467,16.5355022512696,16.5240146742729,16.5134537347044,16.5037370079753,16.4947128980485,16.4861688032012,16.4778452538627,16.4694554288748,16.4607087293118,16.4513364492421,16.4411170876069,16.4298985865227,16.4176148806395,16.4042946571084,16.3900610743811,16.3751221920989,16.3597528663542,16.3442697878201,16.3290021343712,16.3142608724268,16.3003099329019,16.2873422368344,16.2754629201629,16.264681263613,16.2549119048593,16.2459849574808,16.2376637346419,16.2296679852108,16.2217000447585,16.213471171379,16.2047255451273,16.1952598587942,16.1849370364172,16.1736933448758,16.1615389493802,16.1485526693774,16.1348721621878,16.1206809324356,16.1061935006165,16.0916398819113,16.0772502965009,16.0632407668202,16.0497999859057,16.0370776603773,16.0251745405169,16.0141345425761,16.0039396132372,15.9945081239904,15.9856975382304,15.9773118809461,15.9691141864667,15.9608435967407,15.9522361424093,15.9430475657028,15.9330760184004,15.9221822378686,15.9103049020298,15.8974692374511,15.8837875568262,15.8694512198366,15.8547144964782,15.8398718158329,15.8252306990563,15.8110831579797,15.7976784746038,15.7852001212393,15.7737491706935,15.7633358712474,15.7538801473704,15.7452207615311,15.7371319247711,15.7293454170325,15.7215758136975,15.7135462022183,15.7050118272485,15.6957794613602,15.6857209400803,15.6747800976951,15.6629731192469,15.6503829663702,15.6371490132509,15.6234533445698,15.6095052818493,15.5955255695843,15.5817312999228,15.5683222290314,15.555468810593,15.5433021200903,15.5319058271909,15.521310418498,15.5114899529629,15.5023617501489,15.4937895191552,15.4855904156198,15.4775462646103,15.4694187208746,15.4609675755954,15.4519708908487,15.4422452171554,15.431663860304,15.4201710806485,15.40779033047,15.3946251998958,15.3808525567966,15.3667082561784,15.3524666177728,15.3384155709627,15.324829916341,15.3119454755072,15.2999368824091,15.2889013629416,15.2788501367248,15.2697082155688,15.2613224947561,15.2534771898597,15.2459149039658,15.2383610133763,15.2305487607629,15.2222425064522,15.2132569596729,15.2034707796035,15.1928336158717,15.1813664082925,15.1691555229313,15.1563419362684,15.1431070499216,15.1296567769822,15.1162053658218,15.1029601433175,15.0901080392268,15.07780440956,15.0661643392424,15.0552563654517,15.045098515698,15.0356566907805,15.0268456169714,15.0185326988719,15.0105450625199,15.0026799100662,14.9947180404468,14.9864400159634,14.9776439793406,14.9681636425596,14.9578846367215,14.9467573517726,14.9348046133467,14.9221229726001,14.9088769706217,14.8952864690928,14.8816079717029,14.8681116629999,14.8550564799117,14.8426657887257,14.8311061753527,14.8204715457369,14.8107742230245,14.8019440185157,14.7938353743506,14.786241749998,14.7789156266019,14.7715919557335,14.7640126041395,14.7559493181712,14.74722295164,14.7377171903715,14.7273857304004,14.7162526907728,14.7044067949667,14.6919904299418,14.6791850747737,14.6661947941751,14.6532294898309,14.640489357948,14.6281515560695,14.6163595828064,14.6052154869043,14.5947748183917,14.5850441713959,14.5759811734233,14.567496826603,14.5594602081016,14.5517056460449,14.5440424952792,14.5362674541819,14.5281790075138,14.5195931655684,14.5103593105587,14.5003747051206,14.4895960810045,14.4780467610629,14.4658180567622,14.4530642498948,14.43999121351,14.4268394857529,14.4138632557039,14.4013072164148,14.38938357972,14.3782516736059,14.3680023652426,14.3586490421061,14.3501261313897,14.3422953023856,14.3349586977025,14.3278778220379,14.3207961123511,14.3134628017107,14.3056555769857,14.2971997588837,14.2879822332463,14.2779590138212,14.2671560315825,14.2556634829193,14.2436247685335,14.2312215954385,14.218657069459,14.2061385439729,14.1938617036783,14.1819969816994,14.170679009266,14.1599993931913,14.1500027365626,14.1406855501223,14.1319976316368,14.1238456060768,14.1160984995609,14.1085953300637,14.1011546861018,14.0935861577558,14.085703308902,14.0773376231474,14.0683525207151,14.0586562122323,14.0482119690839,14.0370444464996,14.0252409828135,14.0129472373673,14.0003570652828,13.9876971506087,13.9752075969779,13.9631202889415,13.9516372269564,13.9409111112262,13.9310302320628,13.9220093059487,13.9137873315727,13.9062328344455,13.8991560537942,13.8923268172878,13.8854962066959,13.8784197435705,13.8708797227706,13.8627044539847,13.8537825260957,13.8440707948645,13.8335955646557,13.8224472521817,13.8107695189263,13.7987443441913,13.7865747821125,13.7744672284152,13.7626149021507,13.7511838996949,13.7403026526794,13.7300550662756,13.720477190011,13.7115570444783,13.703237147552,13.6954192815087,13.6879710960283,13.6807342570856,13.6735339865206,13.6661898894118,13.658527854802,13.6503925613805,13.6416598313729,13.6322478522386,13.622126157795,13.6113212295231,13.599917684945,13.5880543331295,13.5759149117644,13.5637139775341,13.5516790437214,13.5400305369189,13.5289614604002,13.5186188148255,13.5090887986238,13.500387517849,13.4924583636258,13.485176461277,13.4783598128352,13.471786054466,13.4652131675214,13.4584020369993,13.4511385112773,13.4432526694882,13.4346333691143,13.4252367437283,13.4150880221028,13.4042767576561,13.3929462527643,13.381278580907,13.3694770399432,13.3577480010541,13.346283935505,13.3352490088891,13.3247681675377,13.314920181126,13.3057346632057,13.2971926947788,13.2892304068381,13.2817448135819,13.2746013114739,13.2676424516564,13.2606977278598,13.253594154561,13.2461673694803,13.2382729044927,13.2297971138291,13.220667025867,13.2108581691783,13.2003993408796,13.1893734153645,13.177913607947,13.1661950257717,13.1544218036733,13.1428106315801,13.1315720085842,13.1208910039361,13.1109095265802,13.1017120295791,13.0933162468245,13.0856700738167,13.0786551209329,13.0720967950638,13.0657800347426,13.0594691429675,13.0529296738412,13.0459501176872,13.0383611824778,13.0300507361504,13.0209729332323,13.0111506983232,13.0006715239923,12.9896773229234,12.9783496958722,12.9668923566759,12.9555126066508,12.9444037107537,12.9337297949726,12.9236144453265,12.914133600583,12.9053127410627,12.8971279385734,12.8895101041153,12.8823516999059,12.875515198186,12.8688426488168,12.8621658648802,12.8553169087783,12.8481386632434,12.8404952276294,12.8322817139711,12.8234328313125,12.813929526856,12.8038029157122,12.7931347677485,12.7820539608585,12.7707286164392,12.7593541136178,12.7481377374427,12.7372812054958,12.7269626438271,12.7173197444686,12.7084358570809,12.700330621908,12.6929563817874,12.6862010131981,12.6798970892318,12.6738365785317,12.6677896937381,12.6615260558008,12.6548360472378,12.6475501421757,12.6395541940698,12.630799137475,12.6213042239732,12.611153633536,12.6004869955825,12.5894849846146,12.5783516756239,12.5672956551744,12.556511890142,12.5461660589483,12.5363825641334,12.5272369124568,12.5187526469705,12.5109025579897,12.5036135107546,12.4967739813306,12.4902433569177,12.4838622086376,12.4774629662327,12.4708805948684,12.4639629557979,12.4565805546707,12.4486353648305,12.4400683390251,12.4308650860061,12.4210590560571,12.4107315653518,12.4000081585224,12.3890511254126,12.3780483638582,12.3671991647293,12.3566978906909,12.3467169113818,12.3373904559047,12.3288011262546,12.3209706270182,12.3138558617461,12.3073510268226,12.3012957600305,12.2954887826646,12.2897058398248,12.2837201926843,12.2773235764781,12.2703454745617,12.2626687454555,12.2542400149436,12.2450737792412,12.2352498481149,12.224904528921,12.2142166767286,12.2033902637433,12.192635385656,12.1821496509482,12.1721017415143,12.162618598892,12.1537771768606,12.1456010706805,12.1380617314601,12.1310835466601,12.1245518622039,12.1183229822082,12.1122352347754,12.1061203124207,12.0998142848455,12.0931678976822,12.0860559199657,12.0783853169706,12.0701019300274,12.0611952372687,12.0517007241103,12.0416994156748,12.0313141972827,12.0207026976952,12.0100467886786,11.9995391693684,11.9893679622122,11.9797006126934,11.9706685787546,11.9623543290969,11.9547820779148,11.947913453943,11.9416488869748,11.9358348987197,11.9302768058304,11.9247557208879,11.9190482610544,11.9129470588213,11.9062800157897,11.898926290806,11.8908273229272,11.8819917468947,11.8724937608537,11.8624652206773,11.8520823805623,11.8415487474611,11.8310759280476,11.8208645346369,11.8110871017552,11.8018745641675,11.7933072837895,11.7854110321151,11.7781578135277,11.7714709643279,11.765233602087,11.7592992960301,11.7535038390817,11.7476771954818,11.7416549570272,11.7352888514862,11.7284559748913,11.7210664953596,11.7130696183563,11.704457590399,11.6952674422322,11.6855800956498,11.6755164843123,11.6652305221086,11.6548990492037,11.6447092075919,11.6348439983027,11.6254670601123,11.6167079785785,11.6086496080207,11.6013188611188,11.5946821498902,11.588646210721,11.5830645191518,11.5777489574786,11.5724858484327,11.5670549368421,11.561249478376,11.5548953924735,11.5478675045807,11.540101201003,11.531598277983,11.5224263487173,11.5127118622582,11.5026275240924,11.4923755563379,11.4821686586462,11.4722106760982,11.4626788891674,11.4537095750421,11.4453880694976,11.4377439897568,11.4307516274712,11.4243349287224,11.4183760807269,11.4127265603961,11.4072195063355,11.4016823763982,11.3959490209055,11.3898705353397,11.3833245126467,11.3762225043951,11.3685155593104,11.3601976657325,11.3513068729955,11.3419238715997,11.3321678705374,11.3221896981936,11.3121621905413,11.3022681686665,11.2926866515173,11.2835783113243,11.2750714330942,11.2672497202918,11.2601432189096,11.2537234562553,11.2479036047188,11.2425440464705,11.2374631413336,11.2324523839166,11.2272946083513,11.2217835373157,11.215742781264,11.2090423658949,11.2016110319177,11.1934429523911,11.1845981260885,11.1751964205998,11.1654059245009,11.1554268473478,11.1454726589424,11.135750455642,11.1264426080971,11.1176915182369,11.1095888234089,11.102169763352,11.0954128173127,11.0892441987608,11.0835463714726,11.078169436934,11.072944095586,11.067694950008,11.0622531591392,11.0564677518471,11.0502151562158,11.0434066687759,11.0359937061992,11.0279707673012,11.0193760623378,11.0102897302772,11.0008295210286,10.9911438643759,10.9814024257654,10.9717845127074,10.9624659572456,10.9536053181902,10.9453304365791,10.9377265408944,10.9308271698269,10.9246090670191,10.9189918748575,10.9138429816762,10.9089873631405,10.9042217623395,10.8993320807685,10.8941124255365,10.8883839576613,10.8820116099684,10.8749169247767,10.8670856497128,10.85856924757,10.8494800820211,10.8399807158418,10.830268439023,10.8205567032091,10.8110554510065,10.8019523556662,10.7933967833915,10.7854879298523,10.7782680939536,10.7717214481195,10.7657780129905,10.7603219812421,10.7552031851053,10.7502503921614,10.7452851759367,10.7401352620165,10.7346464675999,10.728692628001,10.7221831939954,10.7150684031119,10.7073420191676,10.6990416285529,10.6902464669419,10.6810727846318,10.6716668328945,10.662195639224,10.652835852862,10.6437611327623,10.6351288227055,10.627066930169,10.6196625820114,10.6129531171568,10.6069208261981,10.6014921118308,10.59654152485,10.591900696949,10.5873716561366,10.5827434669593,10.5778107072834,10.5723920425059,10.5663470819417,10.5595897842986,10.5520969407407,10.5439107344065,10.5351350208684,10.5259256805582,10.5164760323117,10.5069987971471,10.4977064512587,10.4887919879466,10.4804120598855,10.4726741471577,10.4656288345468,10.4592676201008,10.453526061199,10.448291565026,10.4434147501411,10.4387230515204,10.4340351594517,10.4291750086912,10.4239843240504,10.4183330653008,10.4121273939146,10.4053149822266,10.3978876337229,10.3898812965473,10.3813736069042,10.3724790848226,10.3633420766843,10.3541275862619,10.3450102970002,10.3361623115018,10.3277403347374,10.3198731690076,10.312650491889,10.3061139621106,10.3002516873826,10.29499691172,10.2902314180441,10.2857936672316,10.2814912103205,10.2771164713576,10.2724646080811,10.2673518334034,10.2616323942027,10.2552124393269,10.2480592858686,10.2402050500654,10.2317441640206,10.2228249076299,10.2136357254851,10.2043877095406,10.1952950897987,10.1865557747635,10.1783338972668,10.1707460169736,10.163852190955,10.1576525854614,10.152089683101,10.1470555072628,10.1424027679707,10.1379585431879,10.1335390628453,10.1289642849774,10.1240711617717,10.1187247566396,10.1128266846568,10.1063206644217,10.0991952077482,10.0914835836905,10.0832612088501,10.0746406216421,10.0657642463453,10.0567952282323,10.0479066925452,10.0392698623319,10.0310416108738,10.023352228852,10.0162943777174,10.0099142740669,10.0042060616349,9.99911011724259,9.99451576148906,9.9902685117451,9.98618159816251,9.98205097742458,9.97767261333047,9.97286045969836,9.96746343472726,9.9613797029376,9.95456675691793,9.94704612864709,9.93890207832781,9.93027426572005,9.921345088185,9.91232294576177,9.90342310477469,9.89484807527337,9.8867694860182,9.87931328706851,9.87254969943894,9.86648871552743,9.86108127269436,9.85622561790688,9.85177791897793,9.84756585413744,9.8434037255483,9.83910763007815,9.83450940735333,9.8294684205389,9.82388059368929,9.81768443241147,9.81086397236918,9.80344876581097,9.79551114437791,9.78716106259655,9.77853882052795,9.76980593849483,9.76113449546693,9.75269537833484,9.74464606890363,9.73711873698852,9.73020948016089,9.72396957942205,9.71839964030525,9.71344741418244,9.70900987422965,9.70493974259052,9.70105620429315,9.69715909965816,9.69304551139489,9.68852735555428,9.68344835936848,9.67769872650056,9.67122592268376,9.66404036944065,9.65621534037916,9.64788092684412,9.63921253169647,9.63041494051248,9.62170355024926,9.61328469496024,9.60533709730485,9.59799628378101,9.59134340970731,9.58539943776672,9.58012504468618,9.57542601517946,9.5711632855014,9.56716633991592,9.56324844195134,9.55922220325419,9.55491417545068,9.55017740982982,9.54490123285602,9.53901782405128,9.53250551400496,9.52538896700558,9.51773653002572,9.50965505390504,9.50128250600572,9.49277874326729,9.48431488117115,9.47606174431072,9.4681779316612,9.4607981209447,9.45402237810957,9.4479073587128,9.4424602922357,9.4376364935356,9.43334089313558,9.42943378020591,9.42574062011472,9.42206542015799,9.41820668791297,9.41397464120069,9.40920808871703,9.4037893504962,9.39765570497925,9.3908061033903,9.38330228698512,9.37526398919894,9.36685855486091,9.35828594527078,9.34976060124783,9.3414919532813,9.33366550618532,9.32642638827678,9.31986700811881,9.31401998285597,9.30885685094753,9.30429239933216,9.30019385842079,9.2963938061394,9.29270536400075,9.28893815485378,9.28491354961857,9.28047797436625,9.27551342415795,9.26994472223913,9.26374338004681,9.25692814056973,9.24956245965802,9.24174931129417,9.233623769467,9.22534381120154,9.21707975295353,9.20900275520311,9.20127293610542,9.19402777075608,9.18737153935714,9.18136659884639,9.17602721888594,9.17131666461294,9.16714808631628,9.16338952833147,9.15987299015019,9.15640703727011,9.15279206418736,9.14883700360283,9.14437605074494,9.13928383717517,9.1334874987167,9.12697429677362,9.11979386735626,9.11205471036665,9.10391510389321,9.09556918857293,9.08722949585184,9.07910763768775,9.07139513212571,9.06424632345698,9.05776507103808,9.05199641627453,9.0469238901199,9.0424725411978,9.03851716934691,9.03489470183957,9.03141925856458,9.02789830471333,9.0241483787979,9.02000912388086,9.01535465426536,9.01010162482369,9.00421372659761,8.99770266924703,8.99062595616282,8.98308187248029,8.97520212892777,8.9671426157602,8.95907276346819,8.95116405795027,8.94357828275865,8.93645607278489,8.92990640841914,8.92399776462372,8.91875168982849,8.91413953788956,8.91008288579515,8.90645789029469,8.90310353071385,8.8998333664807,8.89645008682569,8.89276176212235,8.88859840064367,8.8838272631841,8.87836542524144,8.87218827178317,8.86533292566503,8.8578960455833,8.85002598678809,8.84190994542345,8.83375728932409,8.82578070127118,8.81817698163189,8.81110939374006,8.8046933013099,8.79898652056037,8.79398527898736,8.78962600372328,8.78579249481577,8.7823275038386,8.77904738631406,8.77575830928265,8.77227245581164,8.76842279282582,8.76407526400567,8.75913767633482,8.75356495601885,8.74736077095617,8.74057574367775,8.73330264751909,8.7256691043923,8.71782836127406,8.70994870486928,8.7022020285957,8.69475206827929,8.68774289770932,8.68128836881975,8.67546321865924,8.67029652454832,8.66576810428406,8.66180835439953,8.65830186384397,8.6550948786422,8.65200632419205,8.64884169072139,8.64540874612461,8.64153380027201,8.63707709818104,8.63194586871877,8.62610364682814,8.61957476938784,8.61244340396566,8.60484702304344,8.59696479331647,8.58900186577857,8.5811710107383,8.57367339511739,8.56668045594575,8.5603187113166,8.55465898418349,8.54971099279241,8.54542368644157,8.54169112648809,8.53836315159126,8.53525957841104,8.53218637217057,8.52895214896092,8.52538352686362,8.52133813488777,8.51671443022523,8.51145783187403,8.50556304359233,8.49907277269625,8.49207328644159,8.48468735130932,8.47706511411285,8.46937348596379,8.461784619491,8.45446410114613,8.447559478547,8.44118972011309,8.43543620640637,8.43033588896439,8.4258772625578,8.42199970129198,8.41859648773707,8.4155215705862,8.41259978387301,8.40963996445426,8.4064500965011,8.40285330681205,8.39870330644036,8.39389780491118,8.38838853764605,8.38218680735983,8.37536380339727,8.36804542187623,8.36040186248674,8.3526328700237,8.34495000697891,8.33755768234335,8.33063478764219,8.32431873206299,8.31869344872348,8.3137825524081,8.30954826311394,8.30589603940288,8.30268422757861,8.29973755057801,8.29686297558969,8.29386638562795,8.29056851250167,8.28681877463104,8.28250600207448,8.27756546094499,8.27198200249553,8.26578947941164,8.25906678981072,8.25193106725476,8.24452864789933,8.23702449080373,8.22959069529117,8.22239469726126,8.21558770618465,8.20929398831579,8.20360165638915,8.19855562027703,8.19415326900874,8.19034332981091,8.18702821246129,8.18406997029348,8.18129974463574,8.17853021011648,8.17557017768634,8.17224022747837,8.16838807072688,8.16390226688385,8.15872294654259,8.15284835124698,8.14633633672443,8.13930047430991,8.13190093925717,8.12433090381693,8.11679961517277,8.10951372082495,8.10265866614624,8.09638204991662,8.0907806238727,8.08589218874862,8.08169307635434,8.07810132018358,8.07498505632565,8.07217518151511,8.0694808746708,8.0667063485339,8.06366719932438,8.06020493858369,8.05619862783888,8.05157290657746,8.0463020748792,8.04041025645258,8.03396798995309,8.02708581472676,8.01990550376116,8.01258959564558,8.00530986548472,7.99823538738591,7.99152085114855,7.98529576732768,7.97965514021646,7.97465215286,7.9702934028337,7.96653719672812,7.96329528272888,7.960438160015,7.95780380651096,7.95520937664243,7.95246515359815,7.94938977937129,7.94582554393423,7.94165236005409,7.93679905570688,7.93125079710838,7.92505176775123,7.91830262523635,7.91115272644472,7.90378764715086,7.89641306867926,7.88923655247223,7.88244897647201,7.87620744158737,7.87062130996309,7.86574274329834,7.86156266738554,7.85801250350855,7.85497135038487,7.85227770407819,7.84974438219501,7.84717510467598,7.84438114249063,7.84119654508725,7.8374906976554,7.83317733296022,7.82821956624021,7.82263093212622,7.81647270778775,7.80984800874186,7.80289328448619,7.795767936144,7.78864280543133,7.78168823476911,7.77506231794541,7.76889991783902,7.76330304221573,7.75833318842156,7.75400622514816,7.75029026036377,7.74710678928288,7.74433525575361,7.74182097234892,7.73938608613754,7.73684295417694,7.73400897680949,7.73072170958007,7.72685296644455,7.72232062159074,7.71709690772684,7.71121222653439,7.70475386242822,7.6978594944619,7.69070594319795,7.68349408036266,7.67643123033062,7.66971269613957,7.66350421572523,7.65792712649705,7.6530477405339,7.64887194538141,7.64534545630743,7.64235956146512,7.63976167119365,7.63736952267621,7.63498754258088,7.63242370779349,7.62950531578728,7.62609234689333,7.62208747339035,7.61744215941105,7.6121586708603,7.60628817037852,7.59992537640435,7.59320046136706,7.58626892942081,7.57930019495699,7.5724655544322,7.56592623824319,7.55982221764969,7.55426238816496,7.54931666759876,7.54501047915622,7.54132204998142,7.53818289245121,7.5354816834529,7.53307150632491,7.53078012813316,7.52842271473858,7.52581615290844,7.5227939360349,7.51922038952946,7.51500292557817,7.5101010890282,7.50453139355545,7.49836729982934,7.49173410416352,7.48479897221294,7.47775685950657,7.4708135535172,7.4641674465317,7.45799181674599,7.45241934338125,7.44753035725739,7.44334597384876,7.4398267779045,7.43687713814758,7.43435459976405,7.43208325740705,7.42986965684267,7.4275196314209,7.42485450847408,7.42172528143801,7.41802362953051,7.41368906615716,7.40871194606962,7.40313246137936,7.39703604319529,7.39054576669122,7.38381247667343,7.37700342467496,7.37029021574333,7.36383679498931,7.35778810479686,7.3522599788472,7.34733082679443,7.34303565273175,7.33936287734214,7.33625428727212,7.33360825819858,7.33128622334502,7.32912216841505,7.32693468896684,7.32454085472845,7.32177085631978,7.31848223939955,7.31457248421685,7.30998874434653,7.3047337057013,7.29886679076324,7.29250033599828,7.28579087742087,7.27892619865117,7.27210924052552,7.26554030687377,7.25939922532283,7.25382920977208,7.24892406326456,7.24472001984632,7.24119299681048,7.23826142759312,7.23579427672172,7.23362334866164,7.23155860367598,7.22940491912403,7.226978647188,7.22412245606608,7.22071725912239,7.21669043651299,7.21201995318794,7.206734348479,7.2009089128531,7.19465864803713,7.18812877660303,7.18148360849713,7.1748945325938,7.16852785443566,7.1625331765954,7.15703298543779,7.15211403161442,7.14782098354893,7.14415273831526,7.14106170635771,7.13845629893111,7.13620667984021,7.13415359061208,7.1321197783729,7.12992331043642,7.12739186342037,7.12437691088763,7.12076661170217,7.11649617760614,7.11155462890093,7.10598713059967,7.09989248287756,7.09341576523929,7.08673658640337,7.080053861971,7.07356847565022,7.0674654791477,7.06189757204958,7.05697147246346,7.05273849751067,7.04919027023049,7.04625996937805,7.04382895600553,7.04173801675449,7.03980197721674,7.03782615364725,7.03562304031477,7.03302772390139,7.02991073081494,7.02618733629095,7.02182278009353,7.01683327944547,7.01128311276346,7.005278310595,6.99895764602336,6.99248171175424,6.98602092217312,6.97974326493445,6.97380253986289,6.96832770575955,6.96341387082684,6.95911542631387,6.95544178629492,6.95235609858015,6.94977712514008,6.94758429910213,6.94562578404391,6.94372917473805,6.94171425239271,6.93940695067921,6.93665346756842,6.93333334254803,6.92937032840002,6.92473999667257,6.91947321084815,6.91365490025967,6.90741798706145,6.90093281822026,6.89439294246584,6.88799846455196,6.88193847651888,6.87637421191635,6.87142457709457,6.86715553469812,6.86357442212698,6.86062973393407,6.85821629692948,6.85618522448315,6.85435759552547,6.85254047024776,6.85054365347521,6.84819560031439,6.84535705254787,6.84193135008352,6.83787078036575,6.83317872997683,6.82790776283288,6.822154068616,6.81604897839487,6.80974838577026,6.80342092790872,6.79723572044176,6.79135037485727,6.78589998389188,6.78098770840681,6.77667750265853,6.77298938590734,6.76989755151983,6.7673315150153,6.76518039736438,6.76330026440993,6.76152419553014,6.75967449240385,6.75757622224277,6.75507113235205,6.75203085706327,6.74836827132873,6.74404587801342,6.73908029619159,6.73354223754048,6.72755175783347,6.72126899468068,6.71488103263723,6.70858596283776,6.70257557524077,6.69701834610827,6.69204439211657,6.68773386118562,6.68410988207347,6.68113675669863,6.67872356965056,6.67673282606122,6.67499318042228,6.67331489560973,6.67150645664649,6.66939076073298,6.66681945836656,6.66368428045084,6.65992453730639,6.65553039944749,6.65054200552117,6.64504480306758,6.63916176277785,6.63304323497377,6.62685528609737,6.62076738055901,6.61494023886589,6.6095145983227,6.6046014688307,6.60027437352385,6.59656400733519,6.59345568834942,6.59088985974183,6.58876571948735,6.5869478560237,6.58527558646954,6.58357451719789,6.58166964335392,6.57939908394263,6.57662737527051,6.57325718233871,6.56923834899596,6.56457336458839,6.55931855828453,6.5535806563979,6.54750876331021,6.54128230977731,6.5350959619482,6.5291428204166,6.52359743708214,6.51860024896568,6.51424496341428,6.51057018903694,6.50755617403838,6.50512694569622,6.50315755692144,6.50148563925442,6.49992607495948,6.49828733441635,6.49638789550714,6.49407121096281,6.49121793371295,6.48775449594598,6.48365756632615,6.47895430552491,6.47371868312947,6.46806441269089,6.46213528501746,6.4560937915017,6.45010891964991,6.44434392184992,6.43894477526724,6.43402999047657,6.42968235708297,6.42594310086568,6.42280878105367,6.42023112245349,6.41811987130131,6.4163486470586,6.41476358479254,6.4131943250746,6.41146666783052,6.40941602137945,6.40690065961428,6.40381373065619,6.40009294434237,6.3957269485411,6.39075762618278,6.38527789170614,6.3794249744711,6.37336959044129,6.36730180331028,6.3614147532071,6.35588773752791,6.35087028023203,6.34646876303436,6.34273692874236,6.33967117362696,6.3372110840506,6.33524516513391,6.33362117482291,6.33215997997425,6.33067149372578,6.3289711079603,6.32689509525471,6.3243136602158,6.3211406173764,6.31733904311697,6.31292267319542,6.30795323648879,6.3025342487633,6.29680199476052,6.29091452563351,6.28503954145152,6.27934203284741,6.27397250172467,6.26905645990559,6.26468575614471,6.26091216371803,6.25774358693263,6.25514316937629,6.25303145559405,6.25129156879963,6.24977716616111,6.24832275660737,6.24675580341595,6.24490985641147,6.24263777635428,6.23982398642347,6.2363946713449,6.23232495210229,6.22764226087717,6.22242540429279,6.21679914297721,6.21092453772786,6.20498577158312,6.19917456286759,6.1936735614496,6.18864025097463,6.18419288071141,6.18039982071823,6.17727344298761,6.17476916977275,6.1727897596721,6.17119433652503,6.16981120247257,6.16845314786927,6.16693377122304,6.16508326071637,6.16276219733792,6.15987222590913,6.15636284737013,6.15223401674679,6.14753461473285,6.1423571814699,6.13682956605964,6.13110433721065,6.12534688220503,6.11972308669688,6.11438738694533,6.10947188639449,6.1050771527404,6.1012652272568,6.09805525032226,6.09542194798868,6.09329707790856,6.09157381596378,6.0901139420317,6.08875750861882,6.08733445265689,6.08567739503252,6.08363471998461,6.08108294704794,6.07793738230221,6.07416006579217,6.06976415785094,6.06481416254126,6.05942175161481,6.05373736168454,6.04793813304876,6.04221312243783,6.036747046422,6.03170405394272,6.02721310885766,6.02335643551257,6.02016216459577,6.01760188867783,6.01559336270065,6.01400808939354,6.01268303183632,6.01143525504341,6.01007800793891,6.00843667826419,6.00636317161332,6.00374751603794,6.00052581974182,5.99668409077763,5.99225784495283,5.98732782549678,5.98201246096879,5.9764578602003,5.97082621206583,5.96528347454836,5.95998721970657,5.95507542873295,5.95065689569245,5.9468037375673,5.94354637722446,5.94087127808902,5.93872162043736,5.93700096852953,5.93557978507882,5.93430445117114,5.93300828241609,5.93152388685738,5.92969606036783,5.92739427072237,5.92452369803682,5.92103382981959,5.91692375681714,5.91224354525138,5.907091346384,5.90160625164448,5.89595731296108,5.89032957652343,5.88490833632381,5.87986303129729,5.87533227478913,5.87141144091819,5.86814404544899,5.86551782688032,5.8634659540548,5.86187322346466,5.8605865744798,5.85942883530794,5.85821434377126,5.85676495275135,5.85492493156947,5.8525734351745,5.84963353333148,5.84607721250265,5.84192618946108,5.8372487414166,5.83215305195822,5.82677780620991,5.82128092845378,5.81582740798418,5.81057710048647,5.80567327304626,5.80123254630871,5.79733679798924,5.79402749496511,5.79130278223354,5.78911748830178,5.78738605147935,5.78598824786005,5.78477747710142,5.78359119438428,5.78226287105528,5.78063467757841,5.77856996332431,5.77596456594934,5.77275599783945,5.76892962831069,5.76452114275904,5.75961484138222,5.75433771570298,5.74884964334252,5.7433304128666,5.73796461384007,5.7329256972983,5.7283606900771,5.72437706393113,5.72103307483059,5.71833252888895,5.716224479421,5.71460788317268,5.71334076927048,5.71225301938731,5.71116147641399,5.70988587454657,5.70826406766697,5.70616520338883,5.70349977741891,5.70022584964189,5.69635108832801,5.69193071332954,5.6870617807418,5.68187452198147,5.67652158971425,5.67116610266636,5.66596937305511,5.66107916182994,5.65661921809255,5.65268071096311,5.6493159909555,5.64653497672439,5.64430436434686,5.64254975772751,5.64116067248281,5.63999817342871,5.6389047140302,5.63771559150013,5.63627130583694,5.63442998992597,5.63207897027442,5.62914447604139,5.62559858524259,5.62146267980301,5.61680693644693,5.61174568013931,5.60642877390705,5.60102961269758,5.59573068215539,5.59070795122651,5.58611552570971,5.58207199257515,5.57864976186594,5.57586847746638,5.57369320509432,5.57203761853852,5.57077185843282,5.56973424016939,5.56874562410923,5.56762505278201,5.56620518785991,5.56434613847245,5.56194647776018,5.55895059100197,5.55535192515444,5.55119212512202,5.54655638551457,5.54156561225506,5.53636619050035,5.53111828346366,5.52598361120548,5.52111357791147,5.51663848056087,5.51265840431681,5.50923630919773,5.50639370543755,5.50410916770926,5.50231976329828,5.50092530928373,5.49979524727096,5.49877780157473,5.4977109293255,5.49643438506534,5.49480206160312,5.49269368299012,5.49002491966569,5.48675504775867,5.48289138174188,5.47848990230684,5.47365180151015,5.46851604608618,5.46324844847841,5.4580280769954,5.45303211610396,5.44842050293148,5.4443217831307,5.44082158708975,5.43795489196634,5.4357028421503,5.43399443440634,5.4327129041794,5.43170620305406,5.43080054947808,5.4298157139798,5.4285805397785,5.42694724163986,5.42480324146294,5.42207961576597,5.41875559007217,5.41485889710637,5.4104622023152,5.40567614303371,5.40063976442807,5.39550924214914,5.39044579286702,5.38560364211287,5.3811188614697,5.37709978397571,5.37361954816963,5.37071114206078,5.36836516944412,5.36653045430222,5.36511749402784,5.36400462393992,5.36304656733481,5.36208486340324,5.36095952596369,5.35952118207831,5.35764284738252,5.35523042304301,5.35223099595558,5.34863813121474,5.34449355790345,5.33988492398725,5.33493960332244,5.32981487806017,5.32468519040073,5.31972751180597,5.31510613450988,5.31095829066822,5.30738194926835,5.30442696576223,5.30209048376246,5.30031710354354,5.29900384586386,5.2980094168765,5.29716682461796,5.29629808824037,5.29522963192516,5.29380694186781,5.29190717464144,5.28944864782259,5.28639650873715,5.2827643029944,5.2786115638701,5.27403786121113,5.26917398337521,5.26417109552208,5.25918881489158,5.25438314188396,5.24989508518807,5.24584066922276,5.24230287361489,5.2393259443068,5.23691240089028,5.23502291190277,5.23357903132962,5.23246862781877,5.23155371209641,5.23068025061732,5.22968940896706,5.22842950431109,5.22676781402599,5.22460133417919,5.22186560949151,5.21854084186803,5.21465462265838,5.21028085044184,5.20553470839669,5.20056395096604,5.19553711911817,5.19062961182067,5.18600877527657,5.18181933204221,5.17817053133218,5.1751263058211,5.17269944262697,5.17085035826844,5.16949059557347,5.16849070529426,5.16769176246016,5.16691940974132,5.16599905934264,5.16477078552087,5.16310253430865,5.16090053092607,5.15811610406221,5.15474851211941,5.15084372952549,5.1464895158958,5.14180740272966,5.13694243507488,5.13205158054665,5.12729170246185,5.12280794054022,5.11872326846132,5.11512988217471,5.11208290628471,5.10959672096411,5.1076440576958,5.10615790013142,5.10503611782639,5.1041486133741,5.10334658218021,5.10247331465052,5.10137584843367,5.09991669698378,5.09798481710228,5.09550494004277,5.0924444227793,5.08881691510487,5.0846823739666,5.08014324451003,5.07533693580903,5.07042504694229,5.06558014207162,5.06097118568988,5.05674895450513,5.05303278770766,5.04989992917256,5.04737849482474,5.04544479101338,5.04402531218398,5.04300326902132,5.04222900571445,5.04153325585437,5.0407419320748,5.03969105241425,5.03824044647477,5.03628503895855,5.03376278063613,5.03065867325782,5.02700475412877,5.02287628507547,5.01838467972675,5.01366790611733,5.00887923951246,5.00417530831155,4.99970434982822,4.99559547439482,4.99194957405169,4.98883236461164,4.98626993246125,4.98424703684161,4.98270826229151,4.98156193668982,4.98068656968828,4.97993944363711,4.97916687943812,4.97821557015854,4.97694423379374,4.97523473301942,4.9730017874967,4.97020046350959,4.96683074083261,4.96293862061563,4.95861347278388,4.95398163967683,4.94919667944895,4.94442697869916,4.93984173563968,4.93559650247719,4.93181958325453,4.92860058866952,4.92598230576665,4.92395672843307,4.92246566016549,4.9214058313622,4.92063803939298,4.91999944517046,4.91931785390294,4.91842660572158,4.91717865937723,4.91545859336314,4.91319153411263,4.91034837467104,4.90694701294264,4.90304969780994,4.8987569110388,4.89419849261555,4.88952288614314,4.884885425362,4.88043654226711,4.8763107045231,4.87261680111012,4.8694305696841,4.86678948650228,4.8646903512738,4.86308964205979,4.861906600416,4.86102889750812,4.86032058831248,4.85963188908775,4.85881015828769,4.85771135758556,4.8562112112726,4.85421524654993,4.85166689082728,4.84855286597378,4.84490528561116,4.84080011572586,4.83635195464962,4.83170539269667,4.82702352195556,4.82247447850946,4.81821716867642,4.81438748555841,4.81108631549229,4.80837047824317,4.80624748636563,4.80467467800371,4.80356287485739,4.80278425598339,4.80218368078789,4.80159233398775,4.80084236545593,4.79978115977884,4.79828395885695,4.79626375333658,4.79367765399539,4.79052933570981,4.78686755414507,4.78278109051491,4.77839073879906,4.77383912088478,4.76927922203268,4.76486257948168,4.76072800897721,4.7569916202075,4.75373869991237,4.75101788703663,4.74883794154161,4.7471672842937,4.74593632838125,4.74504244454769,4.74435724630887,4.74373576335144,4.74302697201433,4.74208503842524,4.74078051174634,4.7390106295433,4.73670790458748,4.73384625009548,4.73044404127661,4.72656369584593,4.72230760342452,4.71781055240276,4.71322915590476,4.70872909712791,4.70447124770711,4.70059785358901,4.69722003977535,4.69440784117452,4.69218378196647,4.69052068715833,4.68934396680883,4.68853815391231,4.68795706965944,4.68743665663338,4.68680926659289,4.68591804395078,4.68463005588655,4.68284700178561,4.68051264471361,4.67761646998477,4.67419343585392,4.67032002267169,4.66610709912018,4.6616903711818,4.65721931559079,4.65284551517807,4.64871125007946,4.64493910877088,4.64162328170144,4.63882306688966,4.63655894016274,4.63481135254768,4.63352225900925,4.63259926702235,4.63192218531804,4.63135161535081,4.63073906741411,4.62993794428393,4.62881465127202,4.62725905610904,4.62519351303112,4.622579688275,4.61942251623004,4.61577080423135,4.61171427159693,4.60737710683324,4.60290842203137,4.59847027216648,4.59422418496856,4.59031737253072,4.58686990153759,4.58396404414773,4.58163683394769,4.5798765618887,4.57862359975492,4.57777553837666,4.57719618866064,4.57672757519074,4.57620374135681,4.5754650382671,4.57437158192779,4.57281469454129,4.5707253696206,4.56807911219224,4.56489688614693,4.56124229233797,4.55721542986511,4.5529441208967,4.54857331880779,4.54425359677172,4.54012962888855,4.53632950832583,4.5329556000595,4.53007744566956,4.52772707823938,4.52589697914149,4.52454078259076,4.52357667774211,4.52289328407606,4.52235762429374,4.52182470965984,4.52114816443589,4.52019122017965,4.51883731600526,4.51699949266661,4.51462780326936,4.5117140766498,4.50829353216664,4.5044429456302,4.50027532079578,4.49593133498289,4.49156816255623,4.48734656851625,4.48341735824918,4.47990836465572,4.47691316298909,4.47448261512338,4.47262012536571,4.47128113169004,4.47037691150179,4.46978233745362,4.46934684267379,4.46890756500625,4.46830343748947,4.46738890011585,4.46604596506133,4.46419358379551,4.46179359286556,4.45885288025506,4.45542176371024,4.45158889261718,4.44747326841968,4.44321419300424,4.43896005902705,4.43485688508793,4.43103741465764,4.42761149267107,4.42465832220612,4.42222106429016,4.42030406500345,4.41887280400004,4.41785650099339,4.41715320215362,4.41663706345197,4.41616741783665,4.41559906536011,4.41479310338912,4.41362754998077,4.41200700057221,4.40987057429078,4.4071974556336,4.40400945388331,4.40037020959884,4.39638095387139,4.39217302224083,4.38789760691969,4.38371349489394,4.37977378185145,4.37621273373395,4.37313402671733,4.3706014976899,4.36863330366439,4.36720007478738,4.36622728905023,4.36560170500797,4.36518127640838,4.36480759596705,4.36431965473466,4.36356760777115,4.3624252951383,4.36080043575552,4.35864166055086,4.35594187306028,4.3527378006526,4.34910597162978,4.34515565409802,4.34101948896465,4.33684265805983,4.33277147790816,4.32894230140689,4.32547152489252,4.32244734038115,4.31992368674915,4.3179166910013,4.31640376269694,4.3153253786894,4.31458944190943,4.31407792927115,4.31365539960329,4.31317883252043,4.3125081935918,4.31151704324245,4.31010243529354,4.30819332880318,4.30575679731608,4.30280145537419,4.29937770284423,4.29557460032076,4.29151344631858,4.2873384322396,4.28320506496428,4.27926730326501,4.27566450812715,4.27250935810511,4.26987784563427,4.26780234228036,4.26626847288239,4.26521616762356,4.26454482114961,4.26412206537516,4.26379532091324,4.26340504670401,4.26279845512601,4.26184241737724,4.26043438311698,4.25851038303136,4.25604952378925,4.25307474751142,4.24964996289744,4.24587395175953,4.24187170841227,4.23778405183042,4.23375642516354,4.22992776162295,4.22642019354266,4.22333026367327,4.22072217803295,4.21862349615103,4.21702347517385,4.21587409597843,4.21509364421529,4.21457260737423,4.21418154894467,4.21378049972328,4.21322927256948,4.21239800267138,4.21117717135879,4.20948638035982,4.20728118304984,4.2045573525406,4.20135210401743,4.19774200975562,4.1938376259777,4.18977514065574,4.18570561621801,4.18178263776312,4.17814938319093,4.17492627071628,4.17220035435028,4.17001749987537,4.16837811004681,4.1672368362272,4.16650635431485,4.16606490505228,4.16576691695799,4.16545569676547,4.16497696078187,4.16419193297159,4.1629888353621,4.16129179638447,4.15906647066778,4.1563219901348,4.15310923116127,4.14951573241613,4.14565786932018,4.14167105631015,4.13769882722909,4.13388166781079,4.13034644507627,4.12719717891224,4.12450773479767,4.12231682664758,4.12062555456011,4.11939757389364,4.11856186766875,4.11801794505446,4.11764312693405,4.11730144416126,4.11685358469328,4.11616726383846,4.11512733211052,4.11364488621316,4.11166465095301,4.10916998352284,4.10618500678005,4.10277357311163,4.09903498072694,4.09509662019326,4.09110402167867,4.08720906316846,4.08355732277361,4.08027567256998,4.07746122044463,4.07517263073476,4.07342469242985,4.07218673341811,4.07138510195707,4.07090950716032,4.07062261322236,4.07037197722167,4.07000321948948,4.06937321115014,4.06836206653613,4.06688286408345,4.06488828664861,4.06237371994569,4.05937670345164,4.05597294541349,4.05226938484173,4.04839500711873,4.04449027139178,4.04069605466246,4.03714295974128,4.03394171616182,4.03117527482998,4.02889307113403,4.027107785346,4.02579475081541,4.02489397529017,4.02431458924922,4.02394142752073,4.02364335670858,4.02328285023983,4.02272619393587,4.02185361888337,4.02056863414635,4.01880586152043,4.0165367357698,4.01377252811697,4.01056430569658,4.00699967080299,4.00319640489282,3.99929342233877,3.99543968394466,3.99178192776589,3.98845224369771,3.98555661602524,3.98316553260408,3.98130758670246,3.97996670933054,3.97908332671957,3.97855938123956,3.97826679494748,3.97805860657136,3.9777817234312,3.97729006621263,3.97645688167821,3.97518513491667,3.97341511866775,3.97112869856416,3.9683499391271,3.96514220650807,3.9616021695421,3.95785136214167,3.95402610480463,3.95026663420683,3.94670628973602,3.94346155814172,3.94062366547295,3.93825223264672,3.93637131877061,3.93496801210435,3.93399360126955,3.93336723768731,3.93298185647245,3.93271196939531,3.93242281810875,3.93198029795299,3.93126101487846,3.93016179638233,3.92860795008509,3.9265595886942,3.92401544453669,3.92101376841251,3.91763011317435,3.91397202636054,3.91017092691582,3.90637171787155,3.90272095048289,3.89935454399963,3.89638614093167,3.89389714728028,3.89192939512514,3.89048117413182,3.88950709186345,3.88892184485676,3.8886075684551,3.8884240651463,3.88822094457382,3.88785055139189,3.8871804979401,3.88610466302262,3.88455168534646,3.88249026467396,3.8799309335192,3.87692430696143,3.8735561151178,3.86993956757227,3.86620579308861,3.86249321994256,3.85893678313144,3.85565776718652,3.85275496167877,3.85029766967513,3.84832097883525,3.84682355809085,3.84576806692274,3.84508408349861,3.84467331148964,3.84441672321831,3.84418321045918,3.84383921473119,3.843258705393,3.84233280590318,3.84097836365457,3.83914480804231,3.83681872222674,3.83402566657782,3.83082896066009,3.82732536810689,3.82363790665137,3.81990627256619,3.81627559159379,3.8128843856865,3.80985277719541,3.80727201049633,3.80519630841033,3.80363787836871,3.80256557622629,3.80190738651205,3.80155652960527,3.80138066973855,3.80123338481882,3.80096681375667,3.80044427924108,3.79955172214274,3.79820695214076,3.7963659656879,3.79402587195588,3.79122428872278,3.78803540456794,3.78456320359146,3.78093256047566,3.77727901902868,3.77373809240726,3.77043490153273,3.76747490432308,3.76493634612302,3.76286488429445,3.76127064709245,3.76012782400657,3.75937675976485,3.75892840652106,3.75867085158654,3.75847749363758,3.75821632581188,3.7577597184653,3.75699406105927,3.75582859878387,3.75420279288041,3.75209157977468,3.74950802688276,3.74650306790666,3.743162213391,3.73959935636311,3.73594803498945,3.73235077255429,3.72894735098924,3.72586302858199,3.72319775098685,3.72101733778775,3.71934748264265,3.71817119057116,3.71742997838208,3.71702879086243,3.71684419095547,3.716735045331,3.71655469917232,3.71616351953964,3.71544066950054,3.7142940562081,3.71266758953479,3.71054518442441,3.70795128752054,3.70494803919393,3.70162945678624,3.69811324254778,3.69453098472813,3.69101761440059,3.68770097793149,3.68469229004711,3.68207808946852,3.67991417566117,3.67822187180642,3.67698681290847,3.67616028563798,3.67566297126975,3.67539080268105,3.67522255068497,3.67502867699067,3.67468090350681,3.67406185985713,3.67307412102085,3.67164796060367,3.66974721270419,3.66737273359342,3.66456308233941,3.66139221900851,3.65796425947705,3.65440559736694,3.65085495488762,3.64745212322865,3.64432629947048,3.64158502350426,3.63930473975513,3.63752391252369,3.63623939638993,3.63540644254775,3.63494237206453,3.63473361124015,3.63464547321108,3.63453379375501,3.63425732723793,3.63368973419492,3.63273006740702,3.63131085883574,3.62940317182289,3.62701827603721,3.6242059155702,3.62104945585724,3.61765846833378,3.61415949388732,3.6106858034456,3.60736697493507,3.60431906482197,3.6016360745946,3.59938328213062,3.59759282764575,3.59626175191948,3.59535252405612,3.59479597442606,3.59449643569212,3.59433876516878,3.59419678735225,3.59394259254864,3.59345607460369,3.59263407196882,3.59139846970812,3.58970263278874,3.58753560624922,3.58492365642322,3.58192892282402,3.57864516736491,3.57519082855542,3.5716998189453,3.56831074187481,3.56515541082989,3.56234767521998,3.55997355954496,3.55808362277448,3.55668827272275,3.55575653710776,3.55521848965371,3.554971165324,3.55488742736544,3.55482694526724,3.55464825415944,3.55422079240606,3.55343583554115,3.55221535778186,3.55051806692821,3.54834216235906,3.5457247070048,3.54273781789606,3.53948213092884,3.53607818592852,3.53265651501687,3.52934728534638,3.52627032327132,3.5235262369678,3.52118920229209,3.51930182844605,3.51787238518539,3.5168745289011,3.51624949725732,3.51591057327948,3.5157494863574,3.51564432926796,3.51546850141212,3.51510011324316,3.51443121476099,3.51337617859341,3.51187859941776,3.50991615563496,3.50750299275225,3.50468932847446,3.50155816649904,3.49821924616233,3.49480061727596,3.49143846284254,3.48826596594829,3.48540213243399,3.48294154293639,3.48094599481757,3.47943886903878,3.47840280939507,3.47778097240275,3.47748176017397,3.47738662905584,3.47736028366531,3.4772623270195,3.47695927741911,3.47633582866895,3.47530433865316,3.47381174919754,3.47184341301599,3.46942359597005,3.46661272422869,3.46350174025843,3.46020417779401,3.4568467194275,3.45355905129001,3.45046380806355,3.4476673434134,3.44525197128287,3.44327018683744,3.44174119437766,3.44064987965791,3.43994820716862,3.43955890562069,3.43938119792177,3.43929821054497,3.43918557344862,3.43892063089775,3.43839164359541,3.4375063581571,3.43619932985094,3.43443741525936,3.43222293387274,3.42959414956438,3.42662292600988,3.4234096283626,3.42007555850669,3.41675342789411,3.41357658751543,3.41066791261628,3.40812932727187,3.40603292394628,3.40441450314339,3.40327016269171,3.4025563192454,3.40219324015903,3.40207181270947,3.40206293195725,3.40202861934036,3.40183383390575,3.40135790271217,3.40050455322824,3.3992096712068,3.3974461385152,3.39522541237483,3.39259583908758,3.38963799007648,3.38645753458803,3.38317632691944,3.37992249616102,3.37682037038957,3.37398102418436,3.37149411541286,3.36942151774431,3.36779310397808,3.36660490038892,3.36581969075431,3.36536998665114,3.36516311907314,3.36508808070542,3.36502366786817,3.36484741185122,3.36444472676202,3.36371764451885,3.36259249229719,3.36102591555221,3.35900874900791,3.35656736466513,3.35376227637933,3.35068397210212,3.34744618190155,3.34417704032018,3.34100881530773,3.33806702351032,3.33545983632189,3.3332687101858,3.3315411300736,3.33028620405805,3.32947358353164,3.3290358505735,3.32887417606621,3.3288667519896,3.32887924771078,3.32877633834781,3.32843323343273,3.32774613720879,3.32664070927394,3.32507783012431,3.32305625550778,3.32061203161303,3.3178148303089,3.31476163575923,3.31156843296059,3.30836067466001,3.30526332926868,3.30239127111473,3.29984070125922,3.29768218767551,3.29595577247244,3.29466841260859,3.29379383392608,3.29327472593461,3.29302709254115,3.29294647345993,3.29291563852491,3.29281324454694,3.2925228659857,3.29194178382028,3.29098892669473,3.28961138395041,3.28778895740841,3.28553631620037,3.28290248181801,3.27996757868982,3.27683700230249,3.27363336340449,3.27048676753587,3.26752418124648,3.26485878520365,3.26258027008637,3.26074697048699,3.2593805756507,3.25846394103246,3.25794226833345,3.25772762038639,3.25770640252029,3.25774912413879,3.25772151994124,3.25749599730761,3.2569623768031,3.25603698017209,3.25466928398386,3.25284560007979,3.25058955019965,3.24795942145949,3.24504276354757,3.24194879007542,3.23879928371907,3.23571878956904,3.23282490295677,3.23021939813532,3.22798081053422,3.22615892038012,3.22477143242218,3.22380301274128,3.22320670590974,3.22290760004642,3.22280845370563,3.22279688114593,3.22275362076824,3.2225613622241,3.22211355781902,3.22132260267074,3.22012676906525,3.21849534366532,3.21643152893491,3.21397280777108,3.21118862823532,3.20817545863478,3.2050494945009,3.20193753560083,3.19896674377777,3.19625411353071,3.19389654193692,3.19196238262771,3.19048529551918,3.18946103133496,3.18884751519897,3.18856826085493,3.18851882085334,3.18857569976034,3.1886069344044,3.18848338000276,3.18808965918432,3.18733376785917,3.18615449413221,3.18452605597712,3.18245964529865,3.18000184662663,3.17723016960827,3.17424618351833,3.17116693460345,3.16811542671038,3.16521094899714,3.162559975318,3.1602482738569,3.15833475828244,3.1568474677245,3.15578188315346,3.15510160538622,3.15474127282602,3.15461149057156,3.15460544914273,3.1546068079007,3.1544983171556,3.15417058718229,3.15353039845246,3.15250797068379,3.15106264850428,3.14918652374445,3.14690562484896,3.14427847534307,3.1413920339556,3.13835524171324,3.1352905971546,3.13232436389084,3.12957618265493,3.12714897993165,3.12512009069951,3.12353442412218,3.12240032181659,3.1216885282759,3.12133443152135,3.12124343763134,3.12129902731092,3.12137275405022,3.12133524397487,3.12106718032134,3.12046928884169,3.11947045516189,3.11803328781386,3.11615669157129,3.11387531783812,3.11125606348284,3.10839204200404,3.10539462749796,3.10238428369472,3.09948095139087,3.09679476938984,3.09441782948107,3.09241752358399,3.09083187250736,3.08966707240613,3.0888973634375,3.08846719203077,3.08829548944577,3.08828174415475,3.08831343701541,3.08827434544912,3.08805318380045,3.08755200983203,3.08669380101936,3.08542862074392,3.08373787183976,3.08163625941092,3.0791712313144,3.07641982756183,3.07348306254014,3.07047818724589,3.06752939972449,3.06475774259415,3.06227102121037,3.06015460186069,3.0584639186851,3.05721941972197,3.0564044920065,3.05596662356912,3.05582173160153,3.05586127461258,3.05596151194276,3.05599408202993,3.05583694115759,3.05538465815761,3.05455712781533,3.05330594886426,3.05161797168244,3.04951580175018,3.04705531534012,3.04432049694904,3.04141613354919,3.03845906737779,3.03556878381863,3.03285809339482,3.03042459180466,3.02834348500135,3.02666225289966,3.02539747991837,3.02453400349342,3.02402635445528,3.02380232200872,3.02376837591674,3.0238165926457,3.02383263875074,3.02370427538476,3.02332979466257,3.02262579745132,3.02153375846173,3.02002487829059,3.01810279764145,3.01580387044546,3.01319487035527,3.01036821595538,3.00743500654877,3.00451634365151,3.00173357750151,2.99919826120297,2.9970026868731,2.99521187514269,2.99385777544541,2.99293623603909,2.99240706136815,2.99219721153307,2.99220691435091,2.99231816651069,2.99240484191147,2.99234346017456,2.99202362501103,2.9913572054257,2.99028547099618,2.98878359002788,2.9868621544951,2.9845656907636,2.98196840324839,2.97916762823844,2.97627562701072,2.97341043485461,2.97068652166195,2.96820600349215,2.96605105732603,2.96427804193901,2.9629136569312,2.96195331944828,2.96136180963208,2.96107610807397,2.9610102073278,2.96106154330706,2.96111859302249,2.96106913165427,2.96080861327983,2.96024811482774,2.9593212708528,2.95798965765695,2.95624617544386,2.95411611170795,2.95165572233698,2.94894833243739,2.94609814853016,2.94322218705044,2.94044092807808,2.93786845134653,2.93560288017549,2.93371795731105,2.93225651951871,2.93122651738105,2.93060002216893,2.93031537605403,2.93028232090795,2.93038964684503,2.9305146724556,2.93053370776018,2.93033255532308,2.92981609159118,2.9289160646351,2.9275964446747,2.92585592903803,2.92372748008046,2.92127503254736,2.9185877408205,2.91577233849338,2.91294432431513,2.91021874018576,2.90770127042544,2.90548030257407,2.90362048398482,2.9021581905442,2.90109917837728,2.90041851596678,2.90006272273507,2.89995390550987,2.89999559094692,2.90007987403979,2.90009541930117,2.89993577358715,2.89950740890846,2.89873692480935,2.89757688849424,2.89600985707779,2.89405021365965,2.89174357946819,2.88916374621525,2.88640728172144,2.88358616022405,2.88081893793302,2.8782211387594,2.87589563381617,2.87392386280655,2.87235871593929,2.87121975874235,2.87049126785089,2.87012329693974,2.87003573127839,2.87012501805051,2.87027298883548,2.87035696286362,2.87026018799165,2.86988166475938,2.86914448900946,2.86800200665337,2.86644128282115,2.8644836435948,2.8621823340875,2.85961760687972,2.85688976212722,2.85411078842317,2.85139531798092,2.84885162848551,2.84657339167677,2.84463277086289,2.84307531511072,2.84191692613168,2.84114302330905,2.84070990769859,2.84054820397064,2.84056812599225,2.84066618475015,2.84073286742367,2.84066077243836,2.84035266702502,2.8397289212258,2.83873377395463,2.83733993110813,2.83555109732359,2.83340218585191,2.83095710911673,2.82830421859169,2.82554964718717,2.82280900890554,2.82019809643241,2.81782334261183,2.81577285491316,2.81410880444186,2.81286186995566,2.81202829804312,2.81156992548182,2.81141722414751,2.81147511836459,2.81163104996843,2.81176456330656,2.81175755213026,2.8115042470493,2.81092003890089,2.80994835085238,2.80856498569842,2.8067796427865,2.80463456910161,2.80220055270539,2.79957068079127,2.79685246328731,2.79415904059885,2.79160022422492,2.78927406552153,2.78725954695882,2.7856108768994,2.78435374795053,2.78348377452978,2.78296715634677,2.78274344960201,2.78273020007425,2.78282910608936,2.78293330959895,2.782935340116,2.78273517038957,2.78224781438026,2.7814099212834,2.7801848794627,2.77856602156355,2.77657761951741,2.77427349580667,2.77173326137131,2.76905639555148,2.76635457195135,2.76374278787283,2.76132997889689,2.75920989448392,2.75745304899247,2.75610050875573,2.75516012014648,2.75460555681819,2.75437831127219,2.75439250048028,2.75454209928061,2.7547099690327,2.75477785184726,2.75463640119412,2.75419433747668,2.75338593097056,2.75217618893379,2.75056333994604,2.74857846236518,2.74628237773121,2.74376018125173,2.74111396601611,2.73845440202766,2.73589187401311,2.7335278822664,2.7314473643815,2.72971248905054,2.72835831506832,2.72739053736085,2.72678539412785,2.72649168911382,2.72643476753973,2.72652215925198,2.72665048514128,2.72671314264874,2.72660825176089,2.72624633484633,2.72555720287074,2.72449553508294,2.72304469602017,2.72121844531449,2.71906034534457,2.71664083282397,2.71405208503897,2.71140098908668,2.70880071087585,2.70636152768508,2.70418169053955,2.70233910130217,2.70088453771267,2.69983705713604,2.69918205469887,2.6988722291484,2.69883142725373,2.69896104020421,2.69914837194905,2.69927622302803,2.69923283301452,2.69892129173865,2.69826757327609,2.69722648410781,2.69578504051548,2.69396305794104,2.69181099603959,2.68940533109259,2.68684192115955,2.68422798516132,2.6816734120598,2.67928212667155,2.67714417009756,2.67532904168833,2.673880730423,2.67281474087774,2.67211727662025,2.67174658016504,2.67163627071891,2.67170040069824,2.6718398732739,2.67194980179514,2.67192732857488,2.67167936628201,2.67112970886552,2.67022499352262,2.66893906599076,2.66727538882066,2.66526723823881,2.66297557813098,2.66048468389068,2.65789578821069,2.65531919806219,2.65286546951162,2.65063633022718,2.64871610997211,2.64716445335062,2.64601101329037,2.64525265149982,2.64485343618208,2.64474747332111,2.64484436046411,2.64503681315957,2.64520979330656,2.64525030171941,2.64505692831274,2.64454829798577,2.64366968466612,2.64239725331192,2.6407396103081,2.6387365917803,2.63645547996266,2.63398506942379,2.63142816691885,2.62889319073745,2.62648555816516,2.62429953326956,2.6224111485446,2.62087270015533,2.61970915633551,2.6189166486795,2.61846307200022,2.61829070346425,2.61832064299495,2.61845876049584,2.61860272758989,2.61864964109492,2.61850372061195,2.61808356462195,2.61732845994712,2.61620326604348,2.61470146356695,2.61284607692171,2.61068833513932,2.60830409765095,2.60578823288708,2.60324730672998,2.60079111192391,2.59852371720341,2.5965347948517,2.59489198064301,2.59363494628696,2.59277174324264,2.59227780895204,2.59209780013552,2.5921501412452,2.5923338940956,2.59253732351843,2.59264738423334,2.59255928244391,2.59218526086437,2.59146182388203,2.59035477364094,2.58886165834346,2.5870114987454,2.58486190877626,2.58249393734291,2.58000513155885,2.57750145528957,2.57508877055399,2.57286458167882,2.57091066029606,2.56928704978651,2.56802782447884,2.56713885566645,2.56659769712853,2.5663555449945,2.56634107630802,2.56646585807796,2.56663094754484,2.56673425145892,2.56667815887263,2.56637691913318,2.56576323204007,2.56479356250097,2.56345177253039,2.56175075952229,2.55973190260644,2.55746226531254,2.55502968541082,2.55253607487899,2.55008941756984,2.54779507248789,2.54574707301704,2.54402015980114,2.54266327600011,2.54169515819466,2.54110247028698,2.54084068563065,2.54083767063192,2.54099968608733,2.54121930253872,2.5413845307902,2.54138833127175,2.54113762586657,2.54056100480403,2.53961447311577,2.53828477825037,2.53659008256705,2.53457798651073,2.5323211541933,2.52991100475151,2.52745007274517,2.52504370175041,2.52279173946835,2.52078087130009,2.51907816013981,2.51772624081626,2.51674045656469,2.5161080575834,2.51578944199888,2.5157213101879,2.51582150175777,2.51599517677126,2.5161419046884,2.51616316379526,2.51596973852284,2.51548851386997,2.51466818732948,2.51348345651181,2.51193731868272,2.51006124592295,2.50791315775764,2.50557327482552,2.50313809365779,2.50071288179027,2.49840325125277,2.49630649649722,2.49450344078179,2.49305150820446,2.49197964462036,2.49128557325961,2.490935693232,2.49086770153001,2.49099575106787,2.49121769230815,2.49142373802683,2.4915057675884,2.49136644280316,2.49092732847794,2.49013530002108,2.48896668806823,2.48742884454265,2.48555907389388,2.48342111056452,2.48109951729795,2.4786925316601,2.47630400048956,2.47403509574828,2.47197648131242,2.47020150695442,2.46876087946854,2.46767913469515,2.46695311145567,2.46655249275452,2.4664223281302,2.46648730831856,2.46665745873499,2.46683485503348,2.46692091957193,2.46682381428407,2.46646541378101,2.4657873489234,2.46475566657238,2.46336374051836,2.46163317211234,2.4596125373956,2.45737398576062,2.45500787463397,2.4526158081092,2.45030259853204,2.44816777284014,2.44629730734113,2.44475629986983,2.4435832580793,2.44278656986488,2.4423435250839,2.44220201233994,2.44228476721736,2.4424958238331,2.44272862151023,2.44287504907013,2.44283460025347,2.44252280060903,2.44187815688377,2.44086704640026,2.43948616779735,2.43776239551092,2.43575011352954,2.43352633416549,2.43118409909526,2.42882477841431,2.42654992435258,2.42445332344623,2.42261384633337,2.42108961627032,2.41991389406555,2.41909291637075,2.4186057602696,2.41840617231614,2.41842619677349,2.41858134345982,2.4187769367161,2.41891519865537,2.41890256888092,2.41865675682883,2.4181130441511,2.41722938583798,2.41598990682244,2.41440647769113,2.41251818647095,2.41038868360967,2.4081015369496,2.40575388365244,2.40344881406732,2.40128706541751,2.39935871155427,2.39773557171982,2.39646501382515,2.39556571576558,2.39502579730113,2.39480355037897,2.3948307696949,2.3950184278713,2.39526419314187,2.39546110307139,2.39550661058129,2.39531120008503,2.39480581602762,2.39394745373353,2.39272244062459,2.39114717160716,2.38926631437519,2.38714872375129,2.38488147971069,2.38256259637825,2.38029304132915,2.37816873987862,2.37627320053245,2.37467129466709,2.37340459187586,2.3724885245337,2.37191153383669,2.3716362183064,2.371602361063,2.37173157746264,2.37193322810128,2.37211118684111,2.3721710175862,2.37202707999964,2.37160906345595,2.37086746553032,2.36977759615492,2.36834178567596,2.36658958476528,2.36457586631413,2.36237688790915,2.36008454827805,2.35779924469382,2.3556218750912,2.35364561368477,2.35194813061726,2.3505849304535,2.34958443477723,2.34894530648296,2.34863630828938,2.34859874198047,2.3487512744318,2.34899674610395,2.34923037835013,2.34934865217948,2.34925804935609,2.34888285835479,2.34817135747752,2.34709986561965,2.34567435913966,2.34392957086723,2.3419257099033,2.33974315460161,2.33747564262213,2.33522257987443,2.33308111240209,2.33113857695573,2.32946588973646,2.32811234737872,2.32710218808458,2.32643310139927,2.32607671519127,2.32598095904315,2.32607410613932,2.32627020885406,2.32647555322848,2.32659567889565,2.32654246965871,2.32624082300663,2.32563443715663,2.32469029492296,2.32340148105347,2.32178806422177,2.3198959127115,2.31779347356223,2.31556670117355,2.31331246389903,2.31113089309731,2.30911726558591,2.30735409936238,2.30590415880302,2.30480499909733,2.30406555182372,2.30366509150485,2.30355473392825,2.30366139482844,2.30389389263051,2.30415065205396,2.30432830480276,2.30433041140835,2.30407553392868,2.30350395472913,2.30258245974171,2.30130679052956,2.29970160412191,2.29781802240582,2.29572906133006,2.29352338745222,2.29129796239839,2.28915020863323,2.28717034837968,2.28543451609146,2.28399913356104,2.28289690115593,2.28213463019901,2.28169302246095,2.28152837639977,2.2815760622325,2.28175548142785,2.2819761377867,2.2821443998558,2.28217050689872,2.28197534667481,2.28149652275475,2.28069325612058,2.27954973921077,2.27807666448179,2.27631076423189,2.27431232309326,2.27216077184602,2.26994863999776,2.26777430731571,2.26573411637657,2.26391447545382,2.26238460328463,2.26119055186562,2.26035107639008,2.25985578119875,2.25966575986262,2.25971670332979,2.25992421860971,2.26019090561306,2.26041458161943,2.26049692421162,2.26035174753751,2.25991216106874,2.25913598633497,2.25800899434476,2.25654573594605,2.25478794951903,2.25280074117195,2.25066692940972,2.24848009805629,2.24633697952224,2.24432979542343,2.24253913934474,2.24102792020403,2.23983679335798,2.23898137886955,2.23845140916532,2.23821179308908,2.23820545984597,2.23835775574081,2.23858208730662,2.2387864232678,2.23888019877906,2.23878113347517,2.23842148678716,2.23775331287602,2.23675232696389,2.23542006050158,2.23378408363492,2.23189621448174,2.22982879470926,2.22766926238663,2.22551338687751,2.2234576535999,2.22159139629834,2.21998934432973,2.21870524952209,2.21776717336587,2.2171748737256,2.21689955955738,2.21688609110611,2.21705748690867,2.2173213681105,2.21757776404421,2.21772756609726,2.21768086879282,2.21736446491498,2.21672784563407,2.21574719262506,2.21442704029964,2.21279951769264,2.21092131178745,2.20886868691684,2.20673103391476,2.20460351677811,2.20257943938894,2.20074295787819,2.19916270144632,2.19788674640373,2.19693924989827,2.19631892170311,2.19599939634719,2.19593144693609,2.19604685186232,2.19626360744604,2.19649209934279,2.1966418060357,2.19662808849274,2.19637860537316,2.19583889256046,2.19497668219359,2.19378461755805,2.19228112991745,2.19050936179067,2.18853414697491,2.18643720227986,2.18431084755425,2.1822507216357,2.18034806847286,2.17868221731345,2.17731388432941,2.17627988937215,2.17558979897776,2.17522485623024,2.17513934405222,2.17526428835456,2.17551318676844,2.17578927040764,2.17599366934102,2.17603375814341,2.17583092610546,2.17532707145408,2.17448925925946,2.17331217647564,2.17181822643876,2.17005531010864,2.16809253923593,2.16601430624803,2.16391326826668,2.16188286242452,2.16000995863191,2.15836820132947,2.15701251680855,2.15597516677665,2.15526360064371,2.15486020485799,2.15472389764664,2.1547934001744,2.15499193123734,2.15523300092052,2.15542690631567,2.15548747289006,2.15533856242429,2.15491988886494,2.15419173041116,2.15313818355894,2.15176867782351,2.15011757620002,2.14824182941284,2.14621680997083,2.14413059762596,2.14207711193597,2.14014859723954,2.13842805844231,2.13698229734999,2.13585617823211,2.13506865189615,2.13461091440214,2.1344468995444,2.13451611350539,2.13473861185384,2.13502170358517,2.13526778116034,2.1353825618424,2.13528300036582,2.13490418121678,2.13420459912841,2.13316938274346,2.13181121036828,2.13016889307983,2.12830382091965,2.12629464466801,2.12423068670251,2.12220465037076,2.12030523529216,2.11861025509242,2.11718078148818,2.11605671522948,2.11525404455441,2.11476392498015,2.11455360173349,2.11456908096443,2.11473933332205,2.1149817037247,2.11520812917426,2.11533173478643,2.1152733670799,2.11496761781576,2.1143679004808,2.1134501866115,2.11221509729811,2.11068815973469,2.10891815968423,2.10697364638589,2.1049377872782,2.10290192332618,2.10095831442866,2.09919265553892,2.09767697650763,2.09646352431784,2.09558017590842,2.09502783361856,2.09478009671729,2.09478528739111,2.09497067546932,2.09524853771147,2.09552352656952,2.09570070786572,2.09569355587022,2.09543118495042,2.09486416999101,2.09396845971638,2.09274708502218,2.09122957062291,2.08946915462646,2.08753810488017,2.08552158332764,2.083510623678,2.08159483000798,2.07985537835352,2.07835883778313,2.07715224527301,2.07625976941769,2.07568117028649,2.07539211231767,2.07534624286385,2.07547883810395,2.0757117409701,2.07595925167506,2.07613456780612,2.07615632074633,2.07595474148193,2.07547701742969,2.07469145643563,2.07359013870825,2.07218981678622,2.07053093414939,2.06867477682535,2.06669892715074,2.06469132749439,2.06274337536601,2.06094256706899,2.05936528352725,2.05807034544894,2.0570939271186,2.05644630486321,2.05611075359756,2.05604472374748,2.05618324248043,2.05644428450894,2.05673565858613,2.05696279107933,2.05703669699172,2.05688142501134,2.05644032979174,2.05568063885913,2.05459593578993,2.05320637595596,2.05155667076929,2.04971208412327,2.04775284515467,2.04576748481209,2.04384566235923,2.04207107036341,2.04051498330755,2.03923093399989,2.03825087448097,2.03758303774619,2.03721159179584,2.03709806908759,2.03718444538213,2.03739762713561,2.0376550052829,2.03787066945269,2.03796185270722,2.03785517366156,2.03749224566311,2.03683424038456,2.03586504629794,2.03459275674735,2.033049340684,2.03128847159017,2.02938161445217,2.02741260655188,2.02547111217029,2.0236454571171,2.02201542466738,2.02064561009381,2.01957989986796,2.01883757587987,2.01841143720261,2.0182681674273,2.01835096153184,2.01858419996448,2.01887976265104,2.01914443259746,2.01928774426388,2.01922958316111,2.01890685450047,2.01827862782031,2.01732932574786,2.01606972508112,2.01453574011955,2.0127851445995,2.01089255860975,2.00894317218661,2.00702577354353,2.00522567593569,2.00361809842465,2.0022624806962,2.00119812398993,2.00044144863443,1.99998503228598,1.99979844687352,1.99983077404222,2.0000145746367,2.00027101760252,2.00051581721264,2.00066557247818,2.00064406147629,2.00038803829171,1.99985211657919,1.99901238524495,1.99786847278389,1.99644386150717,1.99478436646602,1.99295483723726,1.99103429131923,1.98910981870369,1.98726969968962,1.98559625963185,1.98415904443445,1.9830089171446,1.98217362266523,1.98165524229948,1.98142978975311,1.98144901709403,1.98164431500619,1.98193240395627,1.98222233079012,1.98242314151462,1.98245153185365,1.98223879338519,1.98173645608318,1.98092015386779,1.97979139965872,1.97837714983366,1.97672724955519,1.97491004477998,1.97300659079664,1.97110397335185,1.96928830074809,1.96763793342343,1.96621748301223,1.96507302489786,1.96422883788839,1.96368584466529,1.96342180454948,1.96339320621927,1.96353870524555,1.96378384427123,1.96404670076459,1.96424405157489,1.96429762716201,1.96414003277626,1.96371992485582,1.96300605687406,1.96198986927555,1.96068639765964,1.95913339457443,1.95738868313259,1.95552588255675,1.95362877572766,1.95178472330819,1.95007764162747,1.94858112181174,1.94735226711155,1.94642677861176,1.94581574011964,1.94550443545775,1.94545336298207,1.94560140100267,1.94587086084869,1.94617398381024,1.94642031329887,1.94652429954181,1.94641246636788,1.94602949986874,1.94534272172336,1.94434457833795,1.94305297707821,1.941509496611,1.93977567392024,1.9379277260157,1.93605019290765,1.93422906772367,1.93254499082216,1.93106703418643,1.92984751904725,1.92891821685888,1.92828818091782,1.92794333161147,1.92784777702027,1.92794671874584,1.92817069537042,1.92844085272586,1.92867488120416,1.92879321370079,1.92872504547141,1.92841374046643,1.92782123230912,1.92693109595373,1.92575004273922,1.92430768064414,1.92265449711095,1.92085816372291,1.91899840741935,1.91716081514897,1.91543002975505,1.91388286230784,1.91258189026876,1.91157011137647,1.91086715576596,1.9104674232381,1.91034033700636,1.91043272201319,1.9106731376175,1.91097781885034,1.91125771587312,1.91142599821821,1.91140534209701,1.91113435372852,1.91057257908305,1.90970368565186,1.90853656529948,1.90710429768293,1.90546111604448,1.90367769762027,1.9018352286755,1.90001876387942,1.89831042673795,1.89678299287598,1.89549435368367,1.8944832641072,1.89376664617192,1.89333858107441,1.89317100384612,1.89321601555903,1.893409631762,1.89367668664482,1.89393652789073,1.89410908945822,1.89412092058103,1.89391076103179,1.89343427142219,1.8926675609818,1.89160922222267,1.89028068583483,1.88872483227232,1.88700291871383,1.88518999853663,1.88336913358503,1.8816248235776,1.88003617618659,1.87867038651937,1.87757707880456,1.8767840018945,1.87629447874342,1.87608688455408,1.87611625787077,1.8763179423884,1.87661295098026,1.87691457814672,1.87713568039275,1.87719598979545,1.87702881786908,1.87658655404771,1.87584447792879,1.87480257786436,1.87348526693939,1.87193907579036,1.87022856561606,1.86843084545643,1.86662919002503,1.86490631763109,1.86333788484815,1.86198669350566,1.86089801528662,1.86009634277464,1.85958377257021,1.85934010453521,1.85932460522001,1.85947925828458,1.85973323414998,1.86000825481608,1.86022448824519,1.86030656826366,1.86018931214695,1.85982271929285,1.85917588481505,1.85823953552577,1.85702697729908,1.85557333533962,1.85393308541133,1.85217601356099,1.85038188123473,1.8486341856543,1.84701348426126,1.84559080530865,1.84442169542733,1.84354144047729,1.84296191602449,1.84267037965409,1.84263033810785,1.84278444066774,1.8430591792352,1.84337101298858,1.84363338874096,1.84376402533389,1.84369180189298,1.84336264127866,1.84274388998038,1.84182683829033,1.8406271896876,1.8391834742991,1.83755359344576,1.83580984848201,1.83403291889346,1.83230530852931,1.8307047915914,1.82929837326726,1.82813722712626,1.82725297308305,1.8266555266991,1.82633261380865,1.82625092940475,1.82635882586783,1.82659032594592,1.82687016452865,1.82711948698422,1.8272617919479,1.82722870470053,1.82696518607286,1.82643380780895,1.82561776607534,1.82452237758591,1.82317491033625,1.82162272505956,1.81992982415955,1.81817201896186,1.81643104167837,1.81478804163842,1.81331699104224,1.81207855596888,1.81111495789307,1.81044627661124,1.81006854357107,1.8099538430276,1.81005246779702,1.81029697604298,1.81060780103291,1.81089991623672,1.8110899694994,1.81110326471468,1.81087997942579,1.81038006911768,1.80958643359662,1.80850609748226,1.80716935204159,1.80562698555539,1.80394588107152,1.80220338638752,1.80048095751702,1.79885762506358,1.79740381739646,1.79617600419051,1.79521252782104,1.79453089105845,1.7941266667089,1.79397407660612,1.79402815696896,1.79422830867763,1.79450294738489,1.79477491896142,1.79496731151695,1.79500926475684,1.79484136185381,1.7944202078038,1.79372185498964,1.79274381544898,1.79150548492825,1.79004689886284,1.78842585695246,1.78671358912757,1.78498926826111,1.78333377817177,1.78182321224816,1.78052261733342,1.77948051147842,1.77872467572441,1.77825962897487,1.77806604405116,1.77810218193713,1.77830724294425,1.77860637114241,1.77891689958748,1.77915529496576,1.77924417713881,1.77911877915474,1.77873228001093,1.77805956295469,1.77709910013,1.77587282936999,1.77442406905432,1.77281369816592,1.77111498050774,1.76940750817583,1.76777077829652,1.7662779165802,1.76499003390513,1.76395164210372,1.76318745332737,1.76270075436961,1.76247341315185,1.76246746372834,1.76262812772925,1.76288804717716,1.7631724200298,1.76340466166179,1.76351218327348,1.76343188342932,1.76311497443211,1.76253079803091,1.76166933216691,1.7605421683107,1.75918184922669,1.75763958125375,1.75598145337476,1.75428340424145,1.75262528562404,1.7510844726564,1.74972954351309,1.74861456741329,1.74777449575831,1.74722206500299,1.7469465090808,1.74691424323255,1.74707151183441,1.74734880001697,1.74766662704823,1.74794220594554,1.7480963828659,1.74806025249487,1.7477808723102,1.74722557422637,1.74638450465054,1.74527120204307,1.74392121163128,1.74238890750506,1.74074283135586,1.73905996852017,1.73741946323001,1.73589630905412,1.73455552352001,1.7334472375343,1.73260302948094,1.73203373315987,1.73172884706739,1.7316575580855,1.73177126815525,1.73200740095429,1.73229418892147,1.7325560983648,1.7327195232441,1.73271835544505,1.73249903163889,1.73202468274182,1.73127807456026,1.73026311148481,1.72900476396325,1.72754737717288,1.72595143391806,1.72428897671797,1.72263801914766,1.72107636950673,1.71967534442671,1.71849387567333,1.7175735133169,1.71693478720809,1.7165752879429,1.71646967235776,1.71657161728933,1.71681757180623,1.71713200538147,1.71743371492745,1.71764264243548,1.71768659073019,1.7175072322483,1.71706488603135,1.71634166737965,1.7153427662613,1.71409577389785,1.71264815012219,1.71106309382048,1.70941421622138,1.70777949780113,1.70623503434062,1.70484906509358,1.70367673925031,1.70275601069949,1.70210494680635,1.70172060476592,1.70157949809679,1.70163956955683,1.70184350391769,1.70212313776605,1.70240464761621,1.70261413746505,1.70268322215797,1.70255421485289,1.70218455871256,1.7015501820329,1.70064750903782,1.69949394075104,1.69812673259769,1.69660031894203,1.69498224966327,1.69334800683262,1.69177506807498,1.69033667362119,1.68909581305785,1.68809995040983,1.68737694947593,1.68693256461387,1.68674974408172,1.68678985430392,1.68699576706949,1.68729656756488,1.68761347270508,1.68786643191423,1.68798082885044,1.68789370215931,1.68755894511669,1.68695103113816,1.68606695073461,1.68492622339576,1.68356903257859,1.68205269242924,1.68044678102726,1.6788273720086,1.67727086320145,1.67584792192409,1.67461802929993,1.67362502068574,1.67289391492833,1.67242922362209,1.67221483164649,1.67221543005416,1.67237936401026,1.67264265391682,1.67293387811675,1.67317956967982,1.67330975955669,1.67326328303658,1.67299246620991,1.67246684174132,1.67167561112166,1.67062865771153,1.66935600627629,1.66790572217948,1.66634035722638,1.66473217614369,1.66315751475553,1.66169070344783,1.66039803182658,1.65933224286529,1.65852803151743,1.6579989699336,1.6577361724747,1.65770885396416,1.65786675463195,1.65814423772022,1.65846572351818,1.65875200365058,1.65892688570673,1.6589235720947,1.65869020038502,1.6581940646208,1.6574241733386,1.65639195364463,1.65513007095077,1.6536894992512,1.65213513463313,1.65054036793251,1.64898109890229,1.64752968577073,1.6462493004328,1.6451891144258,1.64438066959189,1.64383568147961,1.64354539292037,1.64348146789051,1.643598314344,1.64383664758181,1.64412803616702,1.64440010410312,1.64458201064419,1.6446098115794,1.64443132417655,1.64401015577342,1.64332860085602,1.6423891696555,1.64121459706598,1.63984629410957,1.63834132624668,1.63676811369073,1.63520114527026,1.63371508668,1.63237874279025,1.63124937969518,1.63036790186133,1.62975531144479,1.62941077093804,1.62931146642148,1.6294143287134,1.62965950760126,1.62997531994112,1.63028423787129,1.63050938223459,1.63058094929436,1.63044201420122,1.63005321002696,1.62939587804067,1.62847342787608,1.62731082253175,1.62595228093572,1.62445744055731,1.62289633574548,1.62134363057726,1.61987259806612,1.61854934654706,1.61742774759552,1.61654542878378,1.6159210875104,1.61555328052789,1.61542074622158,1.61548421105772,1.61568951954559,1.61597182952003,1.61626055169961,1.61648468316759,1.61657817092546,1.61648493344485,1.61616317501543,1.61558866651675,1.61475673885733,1.61368282569451,1.61240148520837,1.61096392813289,1.60943419049642,1.60788421089907,1.60638818073886,1.60501660765575,1.60383056268673,1.60287658125699,1.60218266245558,1.60175574781948,1.60158094513604,1.60162260092776,1.60182714801114,1.60212749421989,1.60244858743041,1.60271368685084,1.60285079380965,1.60279866614145,1.60251187825064,1.60196449147378,1.60115204097889,1.60009169946273,1.59882063386734,1.59739272793141,1.59587398904257,1.59433706708628,1.59285536554941,1.59149722430942,1.59032061989727,1.58936877668986,1.58866700715911,1.58822099272051,1.58801658828296,1.58802111036586,1.58818597232525,1.58845045892207,1.58874636958282,1.58900319886664,1.58915347790926,1.58913789007958,1.58890979854799,1.58843886683301,1.58771350349419,1.58674192485663,1.58555171828993,1.584187902414,1.58270960045659,1.58118554913785,1.57968875471518,1.57829068757221,1.5770554739517,1.57603457681483,1.57526243528883,1.57475345338634,1.57450061493117,1.57447587340557,1.5746323256266,1.57490802149726,1.57523109822198,1.57552578709603,1.57571875581005,1.57574522813088,1.57555435277068,1.57511336065067,1.57441015469146,1.57345412202916,1.57227513195015,1.57092085283774,1.56945266004367,1.56794050686158,1.56645720038391,1.56507256418346,1.563847967702,1.56283164768498,1.56205515117097,1.56153112066364,1.56125254113087,1.56119347371159,1.56131120023334,1.56154959698367,1.56184346566787,1.56212349344693,1.56232149108751,1.56237555125296,1.56223476754311,1.56186316845983,1.56124256505841,1.56037408787252,1.55927828167138,1.55799372081504,1.55657420458993,1.55508469984059,1.5535963133777,1.55218067636938,1.5509041840158,1.5498225521676,1.5489761400025,1.54838645076723,1.54805415020133,1.54795882117529,1.54806051054857,1.54830295097979,1.5486181882857,1.54893222578932,1.54917120669373,1.5492675952478,1.54916580434326,1.54882676837989,1.54823107154376,1.54738038705378,1.54629713597951,1.54502242481557,1.54361246827982,1.54213383717361,1.5406579667367,1.53925540030454,1.53799023083661,1.5369151602586,1.53606753800362,1.53546666165778,1.535112516054,1.5349860014427,1.53505058257657,1.53525519950771,1.53553821545307,1.53583212081228,1.53606865888119,1.53618400144231,1.53612359860174,1.53584635750962,1.53532785312648,1.53456232902162,1.53356331278742,1.53236276144578,1.53100876577943,1.52956195947045,1.5280908797616,1.52666660802165,1.52535708856273,1.52422157975075,1.52330571266387,1.52263759864341,1.52222533892407,1.52205616924675,1.52209734119258,1.52229870366338,1.52259679779846,1.52292012598567,1.52319512978931,1.5233523421041,1.52333217287036,1.52308983098665,1.52259896297817,1.521853700375,1.52086895484484,1.51967896946522,1.51833429600022,1.51689749526106,1.51543794511463,1.51402619733445,1.51272835256584,1.51160091059358,1.51068649151963,1.51001072381647,1.50958048533137,1.50938358356428,1.50938986999937,1.50955368758425,1.50981745128688,1.5101160781511,1.51038193393939,1.51054994686454,1.51056253816008,1.5103740242931,1.50995416547697,1.5092905849913,1.5083898643035,1.50727721393166,1.50599471455249,1.50459821793925,1.50315310126551,1.50172917674167,1.50039514913158,1.49921306402652,1.49823319657502,1.49748980629963,1.49699813606412,1.49675295290723,1.49672880335017,1.49688199390159,1.49715413936536,1.49747697842434,1.49777804900183,1.49798674013,1.49804019257532,1.49788852225142,1.49749890346885,1.49685816763956,1.49597372079964,1.4948727341265,1.49359970591037,1.49221263092665,1.49077813424269,1.48936600888403,1.48804362372514,1.48687064525447,1.48589446625161,1.48514667058916,1.48464078258235,1.48437144345113,1.48431503495603,1.48443165622851,1.48466827421047,1.4849628085508,1.48524886204383,1.48546076126914,1.48553854187702,1.48543251560419,1.48510709184555,1.48454357986333,1.48374175672013,1.48272005586248,1.48151432354538,1.4801752028729,1.47876431864574,1.47734953117996,1.47599960095359,1.4747786659832,1.47374097818658,1.47292635456121,1.47235675456283,1.47203429864364,1.47194091737716,1.47203968781241,1.47227777809386,1.47259077870575,1.4729080578062,1.47315866676952,1.47327726774836,1.47320956331428,1.47291676363542,1.47237871362178,1.47159541881542,1.47058685586848,1.46939111773005,1.46806109604236,1.466660018908,1.46525623714678,1.4639176963998,1.46270654927394,1.46167434059302,1.460858131195,1.46027782316207,1.45993483920075,1.45981221090954,1.459876042703,1.46007822774634,1.46036019962676,1.46065742691911,1.4609043150551,1.46103916941346,1.46100887879144,1.46077298959969,1.46030686682935,1.45960369246153,1.45867513558916,1.45755062483718,1.4562752479257,1.45490639608784,1.45350937040773,1.45215226840015,1.4509005503935,1.44981172494388,1.44893058819515,1.44828541721702,1.44788546030925,1.44771998015253,1.44775897784465,1.44795556586417,1.44824979607378,1.44857361543053,1.44885652751483,1.44903147658187,1.44904044139729,1.44883924166862,1.44840113334705,1.44771889345351,1.44680524380576,1.44569161047799,1.44442535303467,1.44306572493079,1.44167893537894,1.44033275266424,1.43909110416965,1.43800909611189,1.43712881835234,1.43647623146147,1.4360593508942,1.43586783857881,1.43587399334863,1.43603502260548,1.43629639753492,1.4365960404877,1.43686904976992,1.437052627574,1.4370908534623,1.43693895461481,1.43656676492038,1.43596112254732,1.43512701827828,1.43408737935316,1.43288146663394,1.43156197387128,1.43019102715328,1.42883537126765,1.42756109513417,1.42642829854346,1.42548613571067,1.42476866967127,1.42429191745592,1.42405236241476,1.42402708053183,1.4241754944164,1.42444263684203,1.42476367127003,1.42506928801794,1.42529149779061,1.42536930465547,1.4252537620604,1.42491198172044,1.42432975977728,1.42351260451072,1.42248509571024,1.42128866416734,1.41997802257661,1.41861658319809,1.41727126038685,1.41600708858208,1.41488209279774,1.41394281944327,1.41322086257319,1.41273061601856,1.41246837206516,1.41241279161705,1.41252668668711,1.41275997105448,1.41305354883972,1.41334384103626,1.41356761372686,1.41366676711734,1.41359275548568,1.41331032509823,1.41280028827044,1.41206111064791,1.41110917494941,1.40997768150183,1.40871423921497,1.40737729067287,1.40603160924381,1.40474319983076,1.40357400666366,1.40257686069876,1.40179108420698,1.40123912520332,1.40092452887526,1.40083146048255,1.40092586484222,1.40115819052222,1.40146745201718,1.40178627998269,1.40204652758469,1.4021849536027,1.40214848768452,1.40189861128411,1.40141447036382,1.40069446476942,1.39975620765003,1.39863489139715,1.39738022606401,1.39605223321256,1.39471627506749,1.39343775639176,1.39227694091968,1.39128428327699,1.39049661356883,1.38993444011826,1.38960055270545,1.38948000595357,1.38954144761853,1.38973965268443,1.39001904969704,1.39031797788512,1.39057337651254,1.39072557510016,1.39072283645759,1.39052531910831,1.39010817132859,1.38946353044653,1.38860126681444,1.38754838633266,1.38634709863382,1.3850516667724,1.38372425892897,1.3824301045753,1.38123231449963,1.38018676423686,1.37933746296792,1.3787128180566,1.37832314257254,1.37815964355626,1.37819499646389,1.37838547886734,1.37867450944161,1.37899731273104,1.37928631376473,1.3794767838459,1.37951223324324,1.37934908030831,1.37896020234354,1.37833707434526,1.3774903238161,1.37644867333339,1.37525639425205,1.3739695278718,1.37265122293458,1.37136658926993,1.37017748880343,1.36913768205432,1.36828871187433,1.36765682923146,1.36725115987037,1.36706320186695,1.3670676510377,1.36722447119178,1.36748204671715,1.36778117541735,1.36805959654694,1.36825671896363,1.36831821540294,1.36820016529229,1.36787245087988,1.3673211475494,1.3665497118661,1.36557885909558,1.36444511922826,1.36319815232341,1.36189699059504,1.36060546327809,1.35938714621008,1.35830024035573,1.35739280241259,1.35669872551144,1.35623481383564,1.35599922204626,1.35597143329309,1.35611381988372,1.35637467772993,1.35669247869482,1.35700097241635,1.35723469968039,1.35733444552174,1.3572521583117,1.35695490062644,1.35642748799234,1.35567360357638,1.35471532396372,1.35359112906117,1.35235259042235,1.3510600387905,1.34977759687709,1.34856800938222,1.3474876966398,1.34658240962261,1.34588379506137,1.34540710499354,1.34515020174632,1.34509390897973,1.3452036488267,1.34543220666403,1.34572339621175,1.34601635552167,1.34625017340852,1.34636851955095,1.34632394114226,1.34608150914945,1.34562154727854,1.34494124159331,1.34405499708341,1.34299348335423,1.34180140439747,1.34053413334751,1.33925345268819,1.33802271526722,1.33690178981594,1.3359421849978,1.33518275817952,1.33464639350093,1.33433796320372,1.33424377165087,1.33433254750293,1.33455791902284,1.33486218607572,1.33518108628244,1.33544914884058,1.33560516066226,1.33559725720545,1.33538719541692,1.33495345033608,1.33429288262115,1.33342084730361,1.33236975425361,1.33118623524849,1.32992719538902,1.32865510777196,1.32743294994668,1.32631919169815,1.32536323190648,1.324601639575,1.32405547377621,1.32372885066401,1.32360881840374,1.32366651085229,1.32385947517035,1.32413499461123,1.32443415461207,1.3246963439654,1.32486385892419,1.32488628464505,1.32472434993506,1.3243529786514,1.32376330172295,1.32296345971702,1.32197811557349,1.32084669406949,1.31962045425788,1.31835858378872,1.31712358662069,1.31597631349036,1.31497103734397,1.31415098490414,1.3135447008599,1.31316355855213,1.3130006516659,1.31303120101882,1.31321448155254,1.3134971266427,1.31381752835387,1.31411095066898,1.31431491561105,1.31437440124138,1.31424640097964,1.31390344343847,1.31333576875032,1.31255199127145,1.31157822320854,1.31045576565454,1.30923758614694,1.30798389786504,1.30675722945352,1.30561740953631,1.30461687511934,1.30379665754856,1.30318332629956,1.30278709443506,1.30260120667095,1.30260263335433,1.30275398761223,1.30300648988169,1.30330374083326,1.3035860272333,1.30379486022087,1.30387742538437,1.30379061972697,1.30350437598884,1.30300402886864,1.30229154552712,1.3013855131707,1.30031985321651,1.29914132329337,1.29790597096814,1.29667479713811,1.29550895462787,1.29446484719494,1.2935895148276,1.29291669349137,1.29246390686746,1.29223087016125,1.29219936767074,1.29233463128107,1.29258811940101,1.29290148084027,1.29321138185934,1.29345478316086,1.29357419819998,1.29352246447585,1.29326661470925,1.29279052605901,1.29209613490466,1.29120312760915,1.29014715367271,1.28897674431872,1.28774923220061,1.28652603794904,1.28536771807721,1.28432917009262,1.28345537098865,1.28277797719188,1.28231303108396,1.28205991263633,1.28200156938803,1.28210597131785,1.282328665987,1.28261624097686,1.28291043391436,1.2831525805082,1.28328807301021,1.28327051328877,1.28306527110643,1.28265219022692,1.28202722967372,1.28120289620435,1.28020741474605,1.27908267959621,1.27788111624668,1.27666166194654,1.27548514935404,1.27440944730773,1.2734847562319,1.27274945508509,1.27222685314664,1.2719231297395,1.2718266602082,1.27190882379327,1.2721262617909,1.27242441217678,1.27274201743041,1.27301621182808,1.27318774952369,1.2732059261314,1.27303276839855,1.27264612533905,1.27204139623609,1.27123176564026,1.27024695682398,1.26913064051698,1.26793673945719,1.26672495486758,1.26555590388613,1.26448628180443,1.26356443966857,1.26282670621844,1.26229470612683,1.26197384872384,1.26185307942874,1.26190589157644,1.26209249503657,1.26236295051489,1.26266102084327,1.26292845965485,1.26310943852235,1.26315479953389,1.26302582174161,1.26269722016645,1.26215915376844,1.26141808917814,1.26049643895351,1.25943097010623,1.25827006882163,1.25707004614199,1.25589075756477,1.25479086961047,1.25382313741524,1.2530300686946,1.25244034231254,1.25206631082883,1.25190283301469,1.25192756110918,1.25210267353461,1.25237791989184,1.25269473706897,1.25299109916047,1.25320668479945,1.2532879030973,1.25319233141633,1.25289218259805,1.2523765164553,1.25165202219246,1.25074232011647,1.24968586207563,1.24853263852862,1.24734000256757,1.24616798040948,1.24507445639458,1.24411061290075,1.24331697883724,1.24272038765029,1.24233206091193,1.24214692756987,1.2421441860358,1.24228903322318,1.2425354180774,1.24282961437333,1.24311434710114,1.24333316319983,1.24343472510243,1.24337672231424,1.24312912719477,1.24267655741038,1.24201955584236,1.2411746697709,1.2401733023171,1.23905940379927,1.23788615461116,1.23671186465527,1.23559538395843,1.23459138051564,1.23374587571006,1.23309241789791,1.23264922285968,1.23241753290171,1.23238135718429,1.23250865194239,1.23275387466113,1.23306171055133,1.23337164969309,1.23362301394164,1.23375999959514,1.23373630486478,1.23351894348404,1.23309091244661,1.23245248798427,1.23162105838672,1.23062953947185,1.22952353678352,1.22835751319552,1.22719029589553,1.22608030914602,1.22508093447974,1.22423636904192,1.22357828596084,1.22312352071401,1.22287292896052,1.22281148075837,1.22290956497137,1.22312538129643,1.22340821540761,1.22370234069539,1.22395126461156,1.22410202387527,1.22410922442069,1.22393852886886,1.22356932907172,1.22299640227861,1.22223042198024,1.22129726751413,1.22023615323078,1.219096686101,1.21793505526842,1.21680963907616,1.21577636758727,1.21488420102776,1.21417108677619,1.21366074156778,1.21336055924454,1.21326085602414,1.21333554221769,1.21354417669685,1.21383524105393,1.21415036997816,1.21442918855463,1.21461434027579,1.21465625956803,1.21451726555333,1.21417462626621,1.21362234453834,1.21287153001041,1.21194934131591,1.21089660798151,1.20976436159416,1.20860959804639,1.20749064139284,1.20646248868511,1.2055724992767,1.20485675904136,1.20433739333087,1.20402101640526,1.20389840019906,1.20394534516549,1.20412465669947,1.20438906875422,1.20468489905178,1.20495616599952,1.20514886000452,1.20521505508242,1.20511656813992,1.20482790848479,1.20433830029068,1.20365261223896,1.20279110140844,1.20178796963545,1.20068882338025,1.19954720854175,1.19842045990067,1.19736516759958,1.19643261620701,1.19566457725226,1.19508981767808,1.19472162719645,1.19455658475929,1.1945746916774,1.1947408947254,1.1950079014526,1.19532006131946,1.19561797608806,1.19584343478993,1.19594424695225,1.19587856170643,1.1956183021254,1.19515141753607,1.19448276565375,1.19363356969687,1.19263952800718,1.19154776446409,1.19041289338358,1.18929253782849,1.1882426826752,1.18731325015242,1.18654424774972,1.18596276708007,1.18558103015658,1.18539560089228,1.18538780089823,1.18552528121732,1.18576461029819,1.18605466217687,1.18634054232074,1.18656776842521,1.18668641505085,1.18665492807001,1.18644332692245,1.18603555162182,1.18543077535077,1.18464357766891,1.18370294695853,1.18265015667562,1.18153564548662,1.18041512139397,1.17934518557383,1.17837881645042,1.17756106847691,1.1769253335547,1.17649048881681,1.17625920148089,1.17621756904975,1.17633614921519,1.1765723034993,1.17687366456608,1.17718244471999,1.17744022770008,1.17759283084816,1.17759480653842,1.17741318468559,1.17703013771918,1.17644435512769,1.17567102829505,1.17474046298797,1.17369545624181,1.17258768574435,1.171473442056,1.17040907266526,1.16944650662088,1.16862920507438,1.16798884446453,1.16754297928756,1.1672938446774,1.16722835574136,1.16731926357587,1.16752735265793,1.16780450716244,1.16809742203717,1.16835168640345,1.1685159353794,1.16854576490998,1.1684071301444,1.16807898698483,1.16755498008771,1.16684403481615,1.1659697848308,1.16496885768631,1.1638881313144,1.16278115073603,1.16170395707497,1.16071063663984,1.1598489427457,1.15915635961202,1.15865695107246,1.1583592704985,1.15825552056245,1.15832205623775,1.15852122085355,1.15880438815717,1.15911596237393,1.15939798806304,1.15959496450139,1.1596584486701,1.15955105499719,1.15924951016315,1.15874650033126,1.15805115920034,1.15718817654437,1.15619563382687,1.1551217764228,1.15402100817049,1.15294944942524,1.15196043271901,1.15110030830274,1.15040488791041,1.14989678001807,1.14958378617114,1.14945844964702,1.14949877117266,1.14967002287596,1.14992750545475,1.15022002279922,1.1504938072086,1.15069661333018,1.15078169568213,1.15071138688441,1.15046001056185,1.15001590565125,1.14938240525136,1.14857768860076,1.14763349847212,1.14659279095921,1.14550646713507,1.14442942114228,1.14341620830351,1.14251667394219,1.14177188927374,1.14121072585942,1.14084736827365,1.14068000572057,1.1406908477366,1.14084748521578,1.14110549078928,1.14141204436241,1.14171028553773,1.14194402964778,1.14206244061916,1.14202424682572,1.14180112813172,1.14137998795312,1.14076393257731,1.13997189303731,1.13903693779212,1.13800343729539,1.13692334411915,1.13585192471749,1.13484330796519,1.13394620687395,1.13320013964996,1.13263243281812,1.13225622684499,1.1320696179083,1.13205596819058,1.13218532342741,1.13241680536479,1.13270179440237,1.13298767140996,1.13322184532098,1.13335576738364,1.13334863648344,1.13317053010698,1.13280473819084,1.13224912385853,1.13151639155369,1.13063321814217,1.12963829230615,1.12857939535137,1.12750972871334,1.1264837504196,1.12555283132218,1.12476107867345,1.12414168292827,1.123714109436,1.12348238422115,1.12343463112486,1.12354392069196,1.12377038904709,1.12406447305631,1.12437099517258,1.12463374130632,1.12480012883515,1.12482556166769,1.12467710268002,1.12433615143478,1.12379989875891,1.12308144176473,1.12220857134821,1.12122136515604,1.12016881390879,1.11910477600672,1.11808360134416,1.11715578925386,1.11636403615286,1.11573997912412,1.11530186352875,1.11505327806213,1.1149830231806,1.11506610478458,1.11526576557786,1.11553638551222,1.11582701753095,1.11608528905012,1.11626138960128,1.11631186671187,1.11620295926101,1.11591321886607,1.1154352160912,1.11477619680788,1.11395763032952,1.11301366430205,1.1119885743116,1.11093337525694,1.10990184138253,1.10894624416445,1.10811314668738,1.10743959079019,1.10694999050446,1.10665400647115,1.10654561199497,1.10660346348511,1.10679256500516,1.10706709330804,1.10737414791208,1.10765811528461,1.10786528149995,1.10794829533128,1.10787008708857,1.10760689877913,1.10715017187085,1.10650714907569,1.10570015820642,1.10476465478557,1.10374620600447,1.10269669241744,1.10167006661376,1.10071802803243,1.09988595650059,1.0992094106899,1.09871145009203,1.09840097493302,1.09827219210387,1.09830521629903,1.09846772552282,1.09871752331475,1.09900581243347,1.09928094377892,1.09949236765953,1.09959449433099,1.09955017908399,1.09933358124841,1.09893219241533,1.0983478786449,1.09759683978213,1.09670846450376,1.09572314812405,1.09468922488687,1.09365923401642,1.09268578979264,1.0918173672865,1.09109434416726,1.09054563932694,1.0901862478001,1.09001589357678,1.09001892665461,1.09016549298254,1.09041390603028,1.09071404228526,1.09101147847469,1.09125200840412,1.09138614163359,1.09137319590877,1.09118463718776,1.09080638516403,1.09023988944963,1.08950189365558,1.08862292954826,1.08764469804265,1.0866165805024,1.085591581828,1.08462204371695,1.08375548209354,1.08303088651669,1.08247576535099,1.08210413992234,1.08191560574883,1.08189550266712,1.08201616441289,1.08223914297728,1.08251822728158,1.08280301601731,1.08304277391958,1.08319029554101,1.08320550693291,1.08305854742098,1.08273209914084,1.08222278134712,1.081541496799,1.08071269425111,1.07977258366463,1.07876641160368,1.07774497959268,1.07676066257722,1.07586324010613,1.07509587473441,1.07449156204115,1.07407034650105,1.07383755226625,1.07378320956089,1.07388275799933,1.07409898677685,1.07438505285298,1.07468832327959,1.07495472108209,1.07513320953993,1.07518002791652,1.0750623047152,1.07476073212284,1.07427108012828,1.07360443976361,1.07278619436045,1.07185382146066,1.07085372675395,1.06983739643241,1.06885720795605,1.06796225052701,1.06719448276167,1.06658551318746,1.06615423808818,1.06590550572342,1.06582989050682,1.06590456455598,1.06609516780787,1.06635851543116,1.06664593840265,1.06690701737562,1.06709343883336,1.06716268766811,1.0670813032464,1.06682746376819,1.06639271259653,1.06578269202781,1.06501680975366,1.06412683876691,1.06315453811504,1.06214846315491,1.06116019662163,1.06024027668983,1.05943413238795,1.05877835771084,1.0582976485293,1.05800267867143,1.05788910900203,1.05793782556687,1.05811640517514,1.05838170979021,1.05868341067954,1.05896814741264,1.0591839570004,1.05928458302187,1.05923329356181,1.05900588639152,1.05859262939905,1.05799897418841,1.05724499208488,1.05636360261333,1.05539777237747,1.05439694071663,1.05341297768612,1.05249600812492,1.0516904433799,1.05103153988225,1.05054274571832,1.05023401395304,1.05010117638738,1.05012639676029,1.0502796541627,1.05052113652336,1.05080435346877,1.0510797235896,1.05129836564329,1.05141582266948,1.05139545878823,1.0512112845537,1.05084999603079,1.05031206486953,1.04961178832353,1.04877628493297,1.04784349299582,1.04685929727346,1.04587398058289,1.04493826561482,1.0440992609336,1.04339663957591,1.04285936113686,1.0425032111817,1.0423293809649,1.04232423852695,1.042460342165,1.04269862830368,1.04299159206392,1.04328719107206,1.04353314512954,1.04368126970504,1.04369146948935,1.04353504019215,1.04319699077672,1.04267719636941,1.0419903030205,1.04116441205162,1.04023867011832,1.03925998247224,1.03827914325827,1.03734672138317,1.03650904370486,1.0358045868723,1.03526104244595,1.03489326592943,1.03470225406292,1.03467521061192,1.03478666770951,1.03500054756189,1.03527299126226,1.03555574329868,1.0357998497067,1.03595940203826,1.03599504956515,1.03587701937477,1.03558742513789,1.03512169680974,1.03448901726768,1.03371171268192,1.03282361850202,1.03186752746039,1.03089190348015,1.02994710291582,1.02908138317921,1.02833700584697,1.02774675478473,1.02733117544066,1.02709678789329,1.02703543974343,1.02712486544979,1.02733042176624,1.02760787549231,1.02790702578213,1.02817585620086,1.02836485190649,1.02843110170064,1.02834183230695,1.02807707871018,1.02763126856284,1.02701359033162,1.02624712465766,1.02536683459417,1.02441661126572,1.02344564168913,1.02250440605531,1.02164063173182,1.02089553181211,1.02030062812664,1.01987539719211,1.01962589393451,1.01954442344792,1.01961025829605,1.01979133383758,1.02004678756686,1.02033014311752,1.02059289064348,1.02078819471579,1.0208744647721,1.02081853816378,1.02059824598408,1.02020416464884,1.0196404107108,1.01892440907076,1.01808564118777,1.01716344972653,1.0162040415168,1.01525689751639,1.01437086131402,1.01359021947304,1.01295109424294,1.01247844458626,1.0121839280537,1.01206482017646,1.01210411332149,1.01227181695122,1.0125273653318,1.01282293061649,1.01310735896973,1.01333039829451,1.01344686106622,1.01342036355712,1.01322631281421,1.01285388232975,1.0123068177294,1.01160302394438,1.010772988396,1.00985718737369,1.00890270664424,1.00795937516165,1.00707574692718,1.00629526170871,1.00565287891654,1.00517242801509,1.00486486252544,1.00472753809848,1.00474455271709,1.0048880971604,1.00512068571373,1.00539808346523,1.00567271301278,1.00589729773913,1.00602847820171,1.00603013330516,1.00587615922577,1.00555250326766,1.00505830359655,1.00440604111851,1.00362067117621,1.00273777701031,1.00180086895987,1.00085802681372,0.999958134965228,0.999146992347509,0.998463599129521,0.997936928317439,0.997583469345184,0.997405771944804,0.997392128877495,0.997517435649604,0.997745169849107,0.998030343405426,0.998323193905,0.99857330293399,0.998733779411179,0.998765139610205,0.998638551152882,0.998338170768268,0.997862383496687,0.997223843602335,0.996448325065291,0.995572500622129,0.994640862032094,0.993702056246807,0.992804944398539,0.991994702681872,0.991309278101157,0.99077647922359,0.990411917846751,0.990217933122521,0.990183546030178,0.990285421548025,0.990489754223889,0.990754930812753,0.991034763476789,0.991282043346785,0.991452148454469,0.991506448205175,0.991415265532695,0.991160181752391,0.990735505075762,0.990148780315362,0.989420290646033,0.988581578024912,0.987673076774966,0.986741017058197,0.98583381714774,0.984998240300049,0.984275626988814,0.983698513476309,0.983287916460813,0.983051514315501,0.98298289523147,0.983061965772582,0.983256514123181,0.983524810092823,0.983819021880525,0.98408915703785,0.984287194713235,0.984371060439844,0.984308101403418,0.984077757570855,0.983673198352646,0.983101796382006,0.982384418619191,0.981553614010105,0.980650863531006,0.979723134759724,0.978819042630143,0.977984946089474,0.977261299022942,0.976679532007148,0.976259686919755,0.976008968327548,0.975921309146795,0.975977967663659,0.976149086529983,0.976396070407204,0.976674589729294,0.976937989111626,0.977140858083273,0.977242506162837,0.977210084053262,0.97702111784344,0.976665270131157,0.976145197711618,0.975476432003341,0.974686270003042,0.973811736646656,0.97289675867103,0.971988759216636,0.97113492920073,0.970378457490158,0.969755014999969,0.969289787055022,0.968995321107367,0.968870393511937,0.968900006839959,0.969056528496939,0.969301888027934,0.969590665774963,0.96987382545777,0.970102774001838,0.970233391477497,0.970229676629325,0.970066696343316,0.969732595139427,0.969229501525832,0.968573260773854,0.967792028477133,0.966923864891457,0.966013556466278,0.965108944899284,0.964257068272282,0.963500423657161,0.962873648381138,0.962400879986692,0.962093988465259,0.961951789728287,0.961960266928003,0.962093758163514,0.962317010972603,0.962587946463424,0.962860920874072,0.963090233769098,0.963233620921406,0.963255482153473,0.963129617103259,0.962841269191358,0.962388316837194,0.961781509247341,0.961043717743863,0.960208248287319,0.959316326477971,0.958413925025205,0.95754816101528,0.956763541176529,0.956098361591266,0.955581561765969,0.955230295499477,0.955048426520054,0.955026092988539,0.955140406782494,0.955357255689546,0.955634068644078,0.955923308498224,0.956176392089314,0.956347705627785,0.956398376447389,0.956299477089973,0.956034381721418,0.95560007306022,0.955007300667814,0.954279597920908,0.95345125950028,0.952564461534457,0.951665775297542,0.950802376806,0.950018275043651,0.949350863723634,0.94882805488057,0.948466194997942,0.948268904987421,0.948226919467987,0.948318922703732,0.948513295714071,0.948770619401803,0.949046733761078,0.949296128766535,0.949475426363911,0.949546702078295,0.949480398904802,0.949257614803708,0.948871594675611,0.948328315066917,0.947646107235522,0.946854325667683,0.945991140676206,0.945100609814978,0.94422924748418,0.943422353333246,0.94272037976769,0.942155625236144,0.941749532577869,0.94151083878658,0.941434755181895,0.941503262934203,0.941686508602603,0.941945193660553,0.94223377231756,0.942504199133462,0.942709907531743,0.942809669101177,0.942770994544798,0.942572786599481,0.942207027429934,0.941679365807119,0.941008561520921,0.940224845933068,0.939367357439425,0.938480889677871,0.937612236325791,0.936806432891017,0.936103193877813,0.935533825967659,0.935118856958911,0.934866552066559,0.934772404766355,0.934819608645052,0.934980451321049,0.935218516981119,0.935491531025417,0.935754630284151,0.935963808679934,0.936079281508367,0.936068527592635,0.935908794727978,0.935588884285689,0.935110072115039,0.934486082523375,0.93374210572431,0.932912922447127,0.932040262445186,0.931169578571196,0.93034647041659,0.929613036322886,0.929004454239018,0.928546078905037,0.92825129958544,0.928120343435108,0.928140142692866,0.928285305005424,0.928520130450681,0.928801515547286,0.929082495608435,0.9293161199723,0.929459331326312,0.929476521751446,0.929342460650378,0.929044339557368,0.928582760116,0.927971594218228,0.927236749032309,0.926413959258614,0.925545802781347,0.924678197157296,0.923856678036365,0.923122773762766,0.922510766662806,0.922045080670411,0.921738474831739,0.921591162024695,0.921590907284859,0.921714084608975,0.921927592039168,0.922191459486961,0.922461943362154,0.922694881991699,0.922849074133343,0.922889436522678,0.922789704690793,0.922534473231831,0.922120423496828,0.921556645393221,0.920864017850907,0.920073673457536,0.919224642425337,0.918360843774734,0.917527651571416,0.916768299658011,0.916120401784233,0.915612863900254,0.915263451752456,0.915077238833842,0.915046089020718,0.915149233018012,0.915354898518121,0.915622866542236,0.915907752187408,0.916162742610191,0.916343473424748,0.916411702360103,0.916338457797319,0.916106395181076,0.915711170154935,0.915161721369532,0.9144794468025,0.91369635506211,0.912852367005539,0.911992014728708,0.911160823285645,0.910401669754696,0.909751405871321,0.909238007712169,0.908878471834918,0.908677607952153,0.908627794404802,0.908709683896689,0.908893784416898,0.909142789456775,0.909414483058312,0.90966500015148,0.909852193892793,0.909938859294768,0.909895582169826,0.909703011794995,0.909353389008372,0.908851204885641,0.908212925811633,0.90746579400491,0.906645784163809,0.905794857081406,0.90495770199995,0.904178206654905,0.90349593271206,0.902942889551068,0.902540880231272,0.902299644904189,0.902215963700204,0.902273811843103,0.902445580781555,0.902694286015221,0.902976584153057,0.903246339763844,0.903458433647843,0.903572489016263,0.903556201386757,0.903387987492375,0.903058723392574,0.902572425609092,0.901945831183222,0.901206933027557,0.900392611330222,0.899545569016032,0.898710833164247,0.897932120448061,0.897248371034727,0.896690726260254,0.896280170850286,0.896025998341204,0.895925197763101,0.895962795950275,0.896113117110424,0.896341846108825,0.896608720934546,0.896870643767574,0.897084984252214,0.897212841227698,0.897222027119536,0.897089551396674,0.896803414463641,0.896363577116155,0.895782030408416,0.895081948824605,0.89429596972486,0.893463709503645,0.892628695997791,0.891834951801051,0.891123493089475,0.890529015886821,0.890077035296706,0.889781723766543,0.889644651725362,0.88965456047974,0.889788201524934,0.890012178878951,0.89028564733686,0.890563651015079,0.890800828655778,0.890955169082435,0.890991486361933,0.890884310238369,0.89061994798969,0.890197552638179,0.889629117128403,0.888938403134884,0.888158906566394,0.887331049505395,0.886498852746867,0.885706373939219,0.884994198687454,0.88439625770426,0.883937215898809,0.883630632540887,0.883478021580318,0.883468858363717,0.883581502382367,0.883784946177235,0.884041253460609,0.884308505383506,0.884544033636151,0.88470769502257,0.884764943836011,0.884689481536644,0.884465295581164,0.88408793510776,0.883564916463063,0.882915212927441,0.882167855559648,0.881359741700762,0.88053280472326,0.879730745327499,0.878995566628991,0.878364188025366,0.877865421863708,0.877517572029078,0.877326860162682,0.877286818463867,0.877378717002334,0.87757301503842,0.877831735871057,0.878111572090015,0.878367453244525,0.878556266853075,0.878640416425348,0.878590916894534,0.878389763626493,0.878031370375388,0.877522956820573,0.876883867153534,0.876143897950635,0.875340792456021,0.87451711899997,0.873716797944172,0.87298157056384,0.872347703342884,0.871843187173537,0.871485633243031,0.871281003738813,0.871223254923394,0.871294907986709,0.87146849332524,0.871708742698149,0.871975347076646,0.872226066236031,0.872419964476645,0.872520543659196,0.872498546788309,0.872334221228891,0.872018868357894,0.871555561895423,0.870958977593938,0.870254334845569,0.869475509653406,0.868662443399233,0.867858037103736,0.867104771049888,0.866441313933074,0.865899387023278,0.865501136435845,0.865257241733281,0.865165942257704,0.865213086995231,0.865373218131938,0.865611603126115,0.865887050571949,0.866155282573542,0.866372585961264,0.866499429950407,0.866503732063752,0.866363486792189,0.866068536587141,0.865621345783227,0.865036722651267,0.864340521444418,0.863567445122649,0.862758150805736,0.861955917233729,0.861203157170662,0.860538053544435,0.859991578441511,0.859585122932107,0.859328916777369,0.859221346719214,0.859249200529469,0.859388789806759,0.859607848152166,0.859868058073156,0.860128020226813,0.860346443099055,0.860485311712247,0.860512799559081,0.860405714361709,0.860151303316589,0.859748281595559,0.859206994682435,0.858548686875748,0.857803919873428,0.857010252712126,0.856209348014857,0.855443711840265,0.854753311062899,0.854172339028898,0.853726403280645,0.853430378841365,0.853287112789405,0.853287096141795,0.853409146880371,0.853622070626295,0.853887179095488,0.854161459633368,0.854401121478458,0.854565211042314,0.854618988790196,0.854536783915974,0.854304084391972,0.853918682773215,0.853390784349577,0.852742083269631,0.852003904924941,0.851214586076991,0.850416318160026,0.849651718816223,0.84896041893688,0.848375946709906,0.847923151853308,0.847616352848147,0.847458325247026,0.847440188919748,0.847542191761662,0.847735320768754,0.847983604233381,0.848246916528179,0.848484069385111,0.848655965925748,0.848728594464008,0.848675645022303,0.848480550754284,0.848137796676019,0.847653394951976,0.847044486833228,0.846338088749139,0.845569057440579,0.844777411263559,0.844005206033359,0.843293208929622,0.842677632661696,0.842187187581747,0.841840691361576,0.841645445990215,0.841596541458926,0.841677168348181,0.841859926558818,0.842109024823126,0.842383190610334,0.84263905363406,0.842834723251392,0.842933253393664,0.842905690494647,0.842733438583877,0.842409744695888,0.841940190293351,0.841342158306208,0.840643329185407,0.839879343324727,0.839090842192895,0.83832015068812,0.837607880005606,0.836989720084756,0.83649366611223,0.836137888962146,0.835929408819901,0.835863660985349,0.835924962943477,0.836087820229203,0.836318955513462,0.836579905855125,0.836829997649482,0.837029477887683,0.837142565212558,0.837140193592113,0.837002250844221,0.836719151769724,0.836292625729238,0.835735646521004,0.8350714942369,0.834332009087989,0.833555162031395,0.832782117142682,0.832053998512339,0.831408605750555,0.830877343174228,0.830482625068103,0.830235984096658,0.830137048335312,0.830173480295518,0.830321898549231,0.830549726853287,0.830817833311031,0.831083741326835,0.83130513373199,0.831443345667603,0.831466549291665,0.831352363319855,0.831089666749952,0.830679461821175,0.830134717792396,0.829479223846833,0.828745567656672,0.827972423486138,0.827201381053162,0.826473579172365,0.825826423994173,0.825290660507617,0.824888023816586,0.824629634151208,0.824515234167685,0.824533307579263,0.824662059866539,0.824871178460578,0.825124226728255,0.825381478116799,0.825602973373676,0.825751579985935,0.825795837530696,0.825712382191088,0.825487766088331,0.825119529512931,0.824616442111471,0.823997890066522,0.823292442934998,0.822535689408118,0.82176749050812,0.82102885579847,0.820358688263542,0.81979065665291,0.81935044393883,0.819053597107008,0.818904169099039,0.818894290293911,0.819004728781119,0.819206404921067,0.819462736271707,0.819732618788679,0.819973800071886,0.820146364888837,0.820216034331891,0.820156988914998,0.819953970068814,0.819603486686194,0.819114036816554,0.81850533724767,0.817806634220969,0.817054247383885,0.816288567678373,0.815550773149417,0.814879536880014,0.814307985376692,0.813861136695504,0.81355401002986,0.813390546574719,0.813363411695426,0.813454670408411,0.813637259418483,0.813877129197121,0.814135893896978,0.814373795728754,0.814552763972476,0.814639337872313,0.814607235539255,0.814439383191414,0.814129258794518,0.813681445921655,0.813111342579291,0.812444031335881,0.811712385862328,0.810954551085204,0.81021098051805,0.809521247561416,0.808920873544604,0.808438430589373,0.808093169243077,0.807893380904459,0.807835640108396,0.807904997810784,0.808076124015004,0.808315324489591,0.808583278332954,0.808838268598934,0.80903962508427,0.809151079945031,0.809143751083755,0.808998503974332,0.808707493233758,0.808274753187772,0.80771579293556,0.807056245382698,0.806329703219467,0.805574936221792,0.804832725065903,0.804142573078757,0.803539567097081,0.803051642552699,0.802697462390859,0.802485055150379,0.802411291840006,0.802462222735241,0.802614239175178,0.80283596545969,0.803090726988646,0.803339397078552,0.803543405470712,0.803667691508699,0.803683393105426,0.80357007559687,0.803317329863911,0.802925613491794,0.802406267569943,0.801780702569521,0.80107880230535,0.800336648527488,0.799593724730311,0.798889810518136,0.798261812858482,0.797740788259756,0.797349394357959,0.797099980956224,0.796993492066278,0.797019294552883,0.797155970408902,0.797373017658787,0.797633319073892,0.797896172826531,0.7981206354263,0.798268898975798,0.798309413343476,0.798219479417304,0.797987088604732,0.797611858517958,0.797104998531652,0.796488319764901,0.795792380886359,0.795053934716659,0.794312902825184,0.793609141930652,0.792979269931942,0.792453798283452,0.792054784408163,0.791794177744399,0.791672980252498,0.791681273224859,0.791799086357363,0.791998019224198,0.792243478927446,0.7924973657697,0.79272101178341,0.792878154823507,0.792937724041883,0.792876228776929,0.792679577664213,0.792344196462163,0.79187735624338,0.791296673143371,0.79062880193,0.789907412626478,0.789170598548135,0.788457906577585,0.787807209053269,0.787251657346841,0.786816966996448,0.786519270977783,0.786363733579529,0.786344049545715,0.786442877930194,0.786633187798884,0.786880421875692,0.787145310914801,0.787387103416816,0.787566929403744,0.787651005650867,0.787613410416973,0.787438196660988,0.787120667041883,0.786667703539485,0.786097129969266,0.785436176465108,0.78471919356872,0.783984818975708,0.783272834398986,0.782620969937382,0.782061917429787,0.781620793767031,0.781313246741273,0.781144330442512,0.781108211591153,0.781188710950706,0.781360630333087,0.78159175918487,0.781845399901951,0.782083211528898,0.782268155991812,0.78236733455428,0.782354513721044,0.782212155974594,0.781932798657522,0.781519670402485,0.78098649393546,0.780356484487708,0.779660607287584,0.778935208839869,0.778219189350793,0.777550931999635,0.776965234668152,0.7764904921349,0.776146356033285,0.775942066790357,0.775875609638127,0.77593378883719,0.776093235757509,0.776322276623733,0.776583503891053,0.776836835495849,0.777042808817981,0.77716583493664,0.777177134380406,0.777057097240737,0.776796863777199,0.776398998390577,0.775877213325452,0.775255177085769,0.774564515417814,0.773842180879891,0.773127422936309,0.772458620685564,0.771870238501676,0.771390138950736,0.771037450786845,0.770821147639934,0.770739439753106,0.770780013249497,0.77092107787081,0.771133121385571,0.771381225925967,0.77162777331681,0.771835343495991,0.771969592173466,0.772001890843658,0.771911531623803,0.771687336512442,0.771328554054696,0.770844970677719,0.770256213823802,0.76959028428631,0.768881420080833,0.768167450158687,0.767486834709816,0.766875612637465,0.766364492273561,0.765976325871998,0.765724190297477,0.765610248446008,0.765625495781889,0.765750420389898,0.765956533614248,0.766208660265671,0.76646780899785,0.766694381754506,0.766851442398633,0.766907760156629,0.766840370081787,0.766636438344072,0.766294277506228,0.765823427494051,0.765243802083351,0.764583988014842,0.763878857287368,0.763166702592284,0.762486134014864,0.761872989052213,0.761357506830506,0.760961992888123,0.760699150059163,0.760571184524874,0.760569730887595,0.760676584391083,0.760865177344892,0.761102683800029,0.761352585775782,0.761577498988776,0.761742044330445,0.761815558306144,0.76177445038274,0.761604034301038,0.761299690723261,0.760867266115697,0.760322672524896,0.759690712632418,0.759003207120675,0.758296550086952,0.757608867334878,0.756976996235966,0.756433530724271,0.756004172231565,0.755705601777655,0.755544051081898,0.755514705262988,0.755602010241519,0.755780880038197,0.756018711951837,0.756278040057998,0.756519603245885,0.756705572952378,0.7568026713236,0.756784912812296,0.756635729469185,0.756349297124814,0.755930957800888,0.755396716386378,0.754771865572738,0.754088861671284,0.753384636610813,0.752697581132714,0.752064458191621,0.751517498252376,0.751081897874747,0.750773903319481,0.750599617036361,0.750554611508383,0.750624368423202,0.750785490134033,0.751007570799668,0.751255575111433,0.75149254800213,0.751682459706174,0.751792976601375,0.751797948898403,0.751679428545934,0.751429069973399,0.751048811145147,0.750550777521902,0.749956401428774,0.749294808551009,0.748600585944537,0.747911098604929,0.747263555952214,0.74669204869292,0.74622478688924,0.745881769433449,0.745673092513296,0.745598053436687,0.745645134168134,0.745792872671165,0.746011560263131,0.746265638409353,0.746516605156008,0.746726186201844,0.746859493784155,0.746887898600742,0.746791372034381,0.746560105649575,0.746195274729472,0.745708883610116,0.745122712904477,0.744466472184246,0.743775329873513,0.743087035557868,0.742438872011655,0.741864682473634,0.741392212670716,0.741040979003404,0.74082082145956,0.740731232836664,0.740761491347691,0.740891569686733,0.741093745258695,0.741334786817863,0.741578546074551,0.741788751536014,0.741931793824095,0.741979301951057,0.741910327769687,0.74171297763824,0.741385362785419,0.740935788574975,0.740382162713742,0.739750661246167,0.739073741998931,0.738387641101216,0.737729533593712,0.737134578479865,0.73663308847525,0.736248056989936,0.735993244691437,0.735871986763133,0.735876833957459,0.73599008007844,0.736185151649697,0.736428751339056,0.736683573734255,0.736911363454443,0.737076060807739,0.73714677235273,0.737100312242474,0.736923092530822,0.736612200661252,0.736175581341772,0.735631321437035,0.735006109441129,0.734333005266545,0.733648713227606,0.732990594746936,0.732393675402924,0.731887888506631,0.731495763134484,0.731230722203798,0.731096111006574,0.731085023424459,0.731180928165725,0.731359029047746,0.731588237025089,0.731833595642548,0.732058980700588,0.732229879714179,0.732316046658479,0.732293831610696,0.73214800993911,0.731872976857529,0.731473219233059,0.730963022238151,0.730365418108802,0.72971044218559,0.72903282161342,0.728369271270624,0.727755601615254,0.727223857525014,0.726799712579521,0.726500337739788,0.726332936624737,0.726294085466299,0.726369942421701,0.726537314867155,0.726765505271011,0.727018795095393,0.727259368268272,0.727450427059114,0.727559228147225,0.727559774900522,0.727434938935608,0.727177837289115,0.726792353201852,0.72629275941741,0.725702483033822,0.725052130351041,0.72437695300799,0.723713974271131,0.723099010581657,0.722563826314204,0.722133649193332,0.721825242580588,0.721645676398605,0.721591871309976,0.721650927247092,0.721801195300975,0.722014006392507,0.72225592426688,0.72249134769326,0.722685259429291,0.722805915035725,0.722827277964276,0.722731027873742,0.72250799344038,0.722158895261847,0.721694334103695,0.721134019416902,0.720505290684781,0.719841032931483,0.719177130765117,0.718549646900467,0.717991945900005,0.717531998891344,0.717190092535832,0.716977131054469,0.7168936754026,0.716929813406164,0.717065893658211,0.717274080569091,0.717520607157501,0.717768533998148,0.717980779823081,0.718123170674481,0.718167252936268,0.718092629894877,0.71788861830569,0.717555084036063,0.717102395162478,0.716550510616636,0.715927292055707,0.715266186174762,0.714603476288981,0.713975339760317,0.713414960324075,0.712949927208032,0.712600115121425,0.712376194573394,0.712278875874547,0.712298937471028,0.712418026217041,0.712610151700054,0.712843743721846,0.71308410947252,0.713296109590318,0.713446860783509,0.713508266284927,0.713459182815381,0.713287060312153,0.712988933542785,0.712571691771978,0.712051598673434,0.711453083856449,0.710806883749491,0.710147667129456,0.709511326195201,0.708932139958263,0.708440026441931,0.708058100704618,0.707800745606471,0.707672371693929,0.707666985986172,0.707768615127433,0.707952552974973,0.708187336921896,0.708437300009751,0.708665493410314,0.708836731584338,0.708920493946857,0.708893430924563,0.708741263883679,0.708459924676807,0.708055843548299,0.70754536445686,0.706953344449137,0.706311068844405,0.705653671461232,0.705017280903055,0.704436124540806,0.703939819626248,0.703551066384147,0.703283923961674,0.703142794445516,0.703122173167169,0.703207161227809,0.703374686168973,0.703595334005667,0.703835653535108,0.70406075513828,0.704237002833487,0.704334597284698,0.704329863744389,0.704207082041614,0.703959722289201,0.703590985954633,0.703113602277084,0.702548889295343,0.701925144990287,0.701275480565744,0.700635247844659,0.700039250421464,0.699518958470007,0.699099957364586,0.698799843248512,0.698626740250939,0.698578566250265,0.698643121990425,0.698799017250042,0.699017374241598,0.699264171300312,0.699503026733653,0.699698185503174,0.699817458845974,0.699834871349565,0.699732789673107,0.699503347927838,0.699149049337338,0.698682502940383,0.698125331712121,0.69750635443356,0.696859198422674,0.696219546348131,0.695622252379749,0.695098570115125,0.694673713204465,0.694364928623644,0.694180216027522,0.694117779911691,0.694166249373378,0.694305639258554,0.694508963931892,0.694744365242088,0.694977587112,0.695174615303611,0.695304292954181,0.695340719590908,0.69526525183349,0.69506795390435,0.694748390406764,0.694315701622092,0.693787947673938,0.69319075634379,0.692555363932372,0.691916193286797,0.691308155040296,0.690763879721431,0.690311093503497,0.689970346208447,0.689753285753321,0.689661639266657,0.689687002471823,0.689811464147095,0.690009018162415,0.69024765242485,0.690491950957249,0.690705998375725,0.690856340109462,0.690914739544803,0.690860492775001,0.690682107292626,0.690378209720267,0.689957611467038,0.689438530484829,0.688847041979414,0.688214901610544,0.687576936801616,0.68696822792366,0.686421306368421,0.68596358960073,0.685615254995554,0.685387717951802,0.685282823253061,0.685292792121426,0.68540090657669,0.685582864927584,0.68580870244578,0.686045132540593,0.686258128955195,0.686415549805143,0.686489606499491,0.686458999628593,0.686310569431316,0.686040337043075,0.685653850090948,0.685165796985399,0.684598912912683,0.68398225517036,0.683348969573845,0.682733706388497,0.682169877926525,0.681686975695004,0.681308170615612,0.681048398522553,0.680913091086322,0.680897661824373,0.680987803382907,0.681160591497919,0.681386319776152,0.681630916289025,0.681858734917046,0.682035482888334,0.682131039243765,0.682121929004123,0.681993242396066,0.68173983279541,0.681366693154391,0.680888489198132,0.680328302823545,0.679715701229267,0.679084297245383,0.678469007009349,0.677903237660205,0.677416239925004,0.677030834974906,0.676761681190445,0.67661419842546,0.676584220375461,0.676658394732563,0.676815292010927,0.677027124410079,0.677261929789222,0.677486050071511,0.677666722894328,0.677774600792309,0.677786012652729,0.677684795585434,0.677463557383257,0.677124275351253,0.676678185590448,0.676144962751979,0.675551237735953,0.674928553446905,0.674310910470344,0.673732092701588,0.673222980312053,0.672809058044536,0.672508318180854,0.672329739051499,0.672272482944764,0.672325897030151,0.672470326096839,0.672678673086258,0.672918583148482,0.673155078165283,0.673353427273871,0.673482009231002,0.673514916342338,0.673434074232169,0.67323070096885,0.672905989793358,0.672470963802091,0.671945518779993,0.671356741885451,0.670736659987017,0.670119618174616,0.669539509633336,0.669027078219572,0.668607503781883,0.66829845865881,0.668108785496663,0.668037889486293,0.668075872337519,0.668204376142558,0.668398059842932,0.668626594213536,0.668857026083891,0.669056331535098,0.66919396175364,0.669244190580408,0.669188094434578,0.669015023014386,0.668723449560502,0.668321127988582,0.667824535194119,0.667257634642127,0.666650050191312,0.666034780582363,0.665445618401835,0.664914466998853,0.664468770123522,0.664129270224125,0.66390828599026,0.663808654385823,0.663823429648198,0.663936377296033,0.664123241147168,0.664353692672964,0.6645938030717,0.66480882562535,0.664966050070351,0.665037489646648,0.66500217681485,0.664847872650737,0.66457204220113,0.664182015205178,0.663694329061537,0.663133323287352,0.662529112759062,0.661915112071545,0.66132531869445,0.660791583851058,0.660341097588615,0.659994285406323,0.659763267682776,0.659650983910677,0.659651036771368,0.659748261390374,0.659919968667631,0.660137755168767,0.660369729156398,0.660582979931832,0.660746110428838,0.66083165174608,0.660818181918371,0.660691987337418,0.660448139192577,0.660090903956889,0.659633455538513,0.659096902242648,0.65850868794517,0.657900477361728,0.657305683950034,0.656756833330977,0.656282968230047,0.65590729715127,0.655645276071031,0.655503290226769,0.655478063386832,0.655556860539555,0.655718475506607,0.655934924021423,0.656173705774425,0.65640045462185,0.6565817602912,0.656687921279668,0.656695388269773,0.656588686588205,0.656361658597066,0.656017929125919,0.655570561000554,0.655040933743504,0.654456946606129,0.653850708528551,0.653255919050965,0.652705159568008,0.652227309639984,0.651845287736261,0.651574291222897,0.651420670509232,0.651381515025635,0.651444963918383,0.651591197014622,0.651794018620001,0.652022912919388,0.652245418065216,0.652429638786651,0.652546704811644,0.652572990735069,0.652491937032982,0.652295341641859,0.651984023478206,0.651567798713948,0.651064761602509,0.650499918404936,0.649903273821117,0.649307508057705,0.648745412601641,0.648247278391189,0.647838446988992,0.647537232245271,0.647353390830442,0.647287271736732,0.647329720190936,0.647462756436546,0.647660990920672,0.647893671649628,0.648127194938753,0.648327863262469,0.648464653645482,0.64851176437993,0.648450728095356,0.648271912209357,0.647975277540739,0.647570333528748,0.647075304545532,0.646515591092673,0.645921663519326,0.645326566039809,0.644763238957851,0.644261883214724,0.643847584588814,0.643538382531522,0.643343920476208,0.643264764365538,0.643292429446521,0.6434101071251,0.643594029702647,0.643815357574416,0.644042433941987,0.644243232967348,0.644387823237463,0.644450670282814,0.644412608490335,0.644262331372919,0.643997284836921,0.643623895585833,0.643157115464448,0.642619307446918,0.6420385438148,0.641446435223368,0.640875654796082,0.640357351883268,0.639918659051878,0.639580487824553,0.639355791708101,0.639248449405035,0.63925287910946,0.639354432543552,0.639530543738592,0.639752538800533,0.639987959309704,0.640203212292036,0.640366329342157,0.640449599715699,0.640431847263787,0.640300154522876,0.640050892292995,0.639689976270716,0.639232335668365,0.638700642610667,0.638123415558106,0.637532666721875,0.636961299650411,0.636440473447418,0.635997140866464,0.63565194848992,0.635417660034756,0.635298222655314,0.63528853896591,0.635374943947696,0.63553633057289,0.635745827520266,0.635972901579177,0.63618572910586,0.636353657276318,0.636449566731741,0.636451958392537,0.636346613535571,0.636127707741331,0.635798292621501,0.635370099366691,0.63486266889829,0.634301868911544,0.633717906800682,0.633142983297673,0.632608758074679,0.632143820144264,0.631771368521277,0.631507301402847,0.631358879536276,0.631324078580341,0.631391689114435,0.631542167814327,0.631749185861782,0.631981758058946,0.632206776142018,0.632391727593274,0.632507366441319,0.632530112036083,0.632443976564194,0.632241858592206,0.631926091677522,0.631508204852639,0.631007926046584,0.630451525510289,0.629869645844671,0.629294800483634,0.628758747547951,0.628289957413754,0.627911381547505,0.627638694934304,0.627479134601089,0.62743100609657,0.627483883621803,0.627619482859621,0.627813134163964,0.628035733729687,0.628256014196256,0.628442960235235,0.628568193673103,0.628608157553898,0.62854593794372,0.628372583212882,0.628087817728548,0.627700095025638,0.627225984051396,0.626688926138334,0.626117443590633,0.625542926433314,0.624997166012818,0.624509830769746,0.624106084320201,0.623804533829885,0.623615675870408,0.623540978182145,0.623572691844434,0.623694425705805,0.623882442429606,0.624107569259009,0.624337566673669,0.624539763062726,0.62468373861732,0.624743829539898,0.62470123381852,0.624545537080538,0.624275534262393,0.623899286630594,0.62343341607321,0.622901699981437,0.622333090705034,0.621759335539,0.621212404316282,0.620721937091071,0.620312910942339,0.620003702526966,0.619804693587943,0.619717524497477,0.619735044133458,0.619841942266351,0.620015997442272,0.620229835488559,0.620453066006781,0.620654639376123,0.620805246696187,0.62087957920821,0.620858277599828,0.620729429996536,0.620489510550728,0.620143684971711,0.619705449932985,0.619195623588094,0.61864075849049,0.618071094611226,0.617518202992549,0.617012493421311,0.61658077707393,0.616244083545995,0.616015920589557,0.615901129111,0.615895432891369,0.615985725233803,0.616151079830239,0.616364417483681,0.616594701137635,0.616809476372168,0.61697753765117,0.617071491110792,0.617069999050098,0.616959520208805,0.616735399501646,0.616402214167192,0.615973350751223,0.615469859502764,0.614918695258187,0.614350499025174,0.613797104888468,0.613288977026354,0.612852788544308,0.612509339365781,0.612271972660193,0.612145598111793,0.612126379430304,0.61220209809788,0.612353160474576,0.612554166669029,0.612775912762499,0.612987665131944,0.613159532857944,0.6132647661509,0.613281816410377,0.613196005550685,0.613000675273425,0.612697725479897,0.612297499586819,0.611818022694505,0.611283641575992,0.610723156890915,0.610167581063933,0.609647694029361,0.60919159181677,0.608822423742533,0.608556497892219,0.608401910225269,0.608357821071634,0.608414457298416,0.608553855745324,0.608751292531921,0.608977279384423,0.609199962038612,0.609387725441776,0.609511790881801,0.609548583476567,0.609481663349587,0.609303054496342,0.609013864338049,0.60862415090362,0.608152055617165,0.607622278337633,0.607064028032209,0.606508629706616,0.605986994378593,0.60552715965873,0.60515209110407,0.604877909071621,0.60471267444506,0.604655823835161,0.604698288692899,0.604823272278965,0.605007607498822,0.605223583401686,0.605441103382185,0.605630016604992,0.605762447493494,0.605814945352408,0.605770292590187,0.605618840310811,0.605359274553936,0.604998751808717,0.604552383262338,0.604042096884624,0.603494958901006,0.602941080162974,0.602411262679685,0.601934560810379,0.601535945208359,0.601234262035989,0.601040665227852,0.600957660930772,0.600978848282772,0.601089382696145,0.601267133475053,0.601484454040457,0.60171042747676,0.601913399601251,0.60206358015636,0.60213548836047,0.602110038000791,0.601976089934584,0.601731342073882,0.601382481314134,0.600944588634662,0.600439858362553,0.599895751417354,0.599342743056253,0.598811851287222,0.598332147571133,0.597928454103787,0.59761941414962,0.597416081946059,0.597321126496195,0.597328692674163,0.597424918621184,0.59758906544058,0.597795169222424,0.598014081847553,0.598215737471913,0.598371471894289,0.598456226776252,0.598450481029208,0.598341766139212,0.598125647172302,0.597806090837552,0.597395190792744,0.596912268018776,0.596382405873881,0.595834518912959,0.595299094848933,0.594805784365017,0.594381032422399,0.594045941576707,0.593814537996744,0.593692583233783,0.593677040761071,0.593756259602505,0.593910875017436,0.594115357037704,0.594340077243619,0.594553722060322,0.594725855245222,0.594829417835382,0.594842952275037,0.594752356721179,0.594552019206365,0.594245241676571,0.593843927611557,0.593367566287955,0.592841602452907,0.592295332882883,0.591759513854915,0.591263884925724,0.590834810805333,0.590493222063748,0.590253007254249,0.590119976070468,0.590091470020841,0.590156641802238,0.590297365852127,0.590489693976401,0.590705737418017,0.590915834946651,0.591090848280117,0.591204412772621,0.591234971513511,0.591167439744229,0.590994378531998,0.590716592354222,0.590343101301728,0.58989047947988,0.58938159997677,0.588843877435884,0.588307140658849,0.587801294255178,0.587353943975135,0.586988170044401,0.586720633361307,0.586560181251574,0.586507078251063,0.586552930901482,0.586681317179483,0.586869077762678,0.587088175142663,0.587307974828142,0.587497757198491,0.587629242173522,0.587678909445571,0.587629920234836,0.587473482568287,0.5872095464744,0.586846770546292,0.586401767050969,0.585897699886684,0.585362364706703,0.58482591677426,0.584318433095766,0.583867506322101,0.58349606661428,0.583220606821446,0.58304994449417,0.582984601323505,0.583016829962461,0.583131274892886,0.583306213057831,0.583515276790522,0.583729521216951,0.583919671998846,0.584058382561463,0.584122337415853,0.584094051039358,0.583963228484977,0.583727580587124,0.58339302719217,0.582973270699805,0.582488769113331,0.581965178166342,0.581431369447417,0.580917168883323,0.580450991809849,0.580057566007748,0.579755927157078,0.57955784780431,0.579466830268162,0.579477757736981,0.579577250255649,0.579744710624491,0.579953978185071,0.580175451322126,0.580378501497924,0.580533980723137,0.580616615003898,0.580607079625975,0.580493575434833,0.580272771543384,0.579950041172208,0.579538980390637,0.579060256899396,0.578539888549654,0.57800709990462,0.577491943070831,0.57702288576816,0.576624561868407,0.576315855243814,0.576108457214081,0.576006003607664,0.576003854217785,0.576089523191389,0.576243712127242,0.576441851518352,0.576656026350782,0.576857142827793,0.577017178077452,0.577111344499707,0.5771200034502,0.577030183937174,0.576836595597885,0.576542061951195,0.576157336473883,0.575700304744675,0.575194623655529,0.574667897431213,0.574149528912704,0.573668407928191,0.573250610575601,0.572917289094087,0.572682928829187,0.572554127459674,0.57252900816747,0.572597320766119,0.572741226414179,0.572936709355112,0.573155510547493,0.573367430221016,0.57354280556266,0.573654948444256,0.573682333400828,0.573610353234414,0.573432498627092,0.573150864301703,0.572775939601667,0.572325705713169,0.571824126015422,0.571299167154883,0.570780520250306,0.570297208072347,0.569875270681038,0.569535717022028,0.569292906420338,0.569153480533448,0.569115912948417,0.569170693464269,0.569301122123709,0.5694846492385,0.56969465729009,0.56990254344655,0.570079938308578,0.570200892654512,0.570243873987585,0.570193429890631,0.570041393968661,0.569787538389921,0.569439618331402,0.569012802354363,0.568528528737915,0.568012866585635,0.567494495617094,0.567002453054085,0.56656382439727,0.566201566309988,0.565932639251127,0.565766600821066,0.565704777374753,0.565740093462418,0.565857590588726,0.566035606102084,0.566247518375214,0.566463910750283,0.566654972880428,0.566792941835545,0.566854380826336,0.566822101293689,0.566686561059155,0.566446619699842,0.56610959413221,0.565690619481217,0.565211375431588,0.56469828749185,0.564180357078465,0.563686807705704,0.563244746879281,0.56287703168461,0.562600498627068,0.562424685635022,0.562351138838173,0.562373353645589,0.562477346662179,0.562642800292613,0.562844678251282,0.563055183089833,0.563245910902232,0.563390046320302,0.563464433758224,0.563451366593759,0.563339959010227,0.563127000200358,0.562817228188567,0.562422997374239,0.561963354223057,0.561462582079504,0.560948322749808,0.560449418453112,0.559993637842797,0.559605458206694,0.559304078080027,0.559101827798594,0.559003121268644,0.559004046786871,0.559092636236905,0.55924979390959,0.559450815538255,0.559667382395416,0.559869871518786,0.560029787145408,0.560122102107611,0.560127307725394,0.560033001518642,0.559834883653042,0.559537080543985,0.559151769271232,0.558698139137501,0.558200787916928,0.557687697471867,0.557187960831435,0.556729444856992,0.556336575179369,0.556028421705251,0.555817237021922,0.555707555399258,0.555695906530291,0.555771148709067,0.555915385634331,0.556105394420084,0.556314454882331,0.55651443621464,0.556677977147179,0.556780594618121,0.556802568457623,0.55673046697656,0.556558199015052,0.556287507576621,0.555927862012973,0.555495754124796,0.555013448466795,0.554507274195955,0.554005578517282,0.553536493267016,0.553125691075863,0.552794315328497,0.552557254068215,0.552421898224875,0.552387488676729,0.552445117164108,0.552578397817907,0.552764766690064,0.552977304667922,0.55318692908102,0.553364769686583,0.55348453302408,0.553524659262124,0.553470087819035,0.553313478266142,0.553055783296122,0.552706132538032,0.552281046804333,0.551803054984692,0.551298831581154,0.550797013207712,0.550325881323212,0.54991110655529,0.549573734767635,0.549328564838197,0.549183033665096,0.549136687863719,0.549181278908382,0.549301466920552,0.549476065802451,0.54967972134587,0.549884889545866,0.55006396923374,0.550191434064657,0.550245804661409,0.550211309985139,0.550079111933812,0.549848003358923,0.549524527886534,0.549122506878766,0.548661998636669,0.548167760116114,0.547667325910545,0.547188852357838,0.546758891450045,0.546400264083063,0.546130200696757,0.545958907307475,0.54588868802591,0.545913708065219,0.546020422230646,0.546188636434455,0.54639312092158,0.546605651166207,0.546797312747043,0.546940875322282,0.547013029322144,0.546996292988681,0.546880431472715,0.546663273484584,0.546350859464417,0.545956910009509,0.545501664039501,0.54501019418819,0.544510350024483,0.544030502787754,0.543597273102406,0.543233421843924,0.542956072819562,0.542775407853684,0.542693929273503,0.542706331300571,0.542799973303175,0.542955908954193,0.54315039101123,0.543356736788157,0.543547408575798,0.543696146285573,0.543779991194716,0.543781054447712,0.543687903390405,0.543496461182852,0.543210345858306,0.542840617193092,0.542404947659791,0.541926277419281,0.541431048479725,0.540947143374575,0.540501682128517,0.540118852716498,0.539817954444616,0.539611816294496,0.539505719646146,0.539496916754486,0.539574795678641,0.539721694240547,0.539914307803661,0.540125576521475,0.540326891373512,0.540490432920081,0.540591449476135,0.540610285966224,0.540533990831817,0.540357361496351,0.540083340586786,0.539722736936664,0.539293304624073,0.538818263236544,0.538324384778772,0.537839808829859,0.537391772189265,0.537004443330288,0.536697033451548,0.536482323276313,0.536365708779281,0.536344832461624,0.536409824669335,0.536544129488874,0.536725839538842,0.536929425509548,0.537127724593448,0.537294041604349,0.537404210368003,0.537438461521998,0.537382953521886,0.537230850312426,0.536982866353046,0.536647238342596,0.536239119857057,0.53577943413969,0.535293263920205,0.534807899310688,0.534350695024108,0.533946901700665,0.533617637502495,0.533378161168836,0.533236594527545,0.533193213154355,0.533240375449987,0.533363101213286,0.533540254278687,0.533746236968613,0.53395306455566,0.534132652453092,0.534259122409718,0.534310927134705,0.534272610755699,0.534136059542189,0.533901142928814,0.533575693931063,0.533174832039475,0.532719690246398,0.532235662526777,0.531750327168958,0.531291220188958,0.530883636769874,0.530548633767502,0.530301391962037,0.530150066838897,0.530095210390893,0.530129793248658,0.530239808977285,0.530405405184879,0.530602454088197,0.530804443384338,0.530984540562875,0.531117669766499,0.531182444481486,0.531162816283613,0.531049321149812,0.530839828738884,0.530539731732175,0.530161554704315,0.529724009242186,0.529250564319256,0.52876763409582,0.528302512957201,0.527881212914465,0.527526376494306,0.527255439023703,0.527079193689821,0.52700087752339,0.527015856536851,0.527111946698121,0.527270359726153,0.527467206752134,0.527675436810461,0.527867044645006,0.528015361160287,0.528097236950328,0.528094938078291,0.527997593013666,0.527802065315111,0.527513179404506,0.527143288103282,0.526711227982377,0.526240755638733,0.525758596609421,0.525292270737183,0.524867878268456,0.524508031252038,0.524230093212193,0.524044855255167,0.523955739558773,0.523958584383525,0.524042023396799,0.524188423857937,0.524375300354449,0.524577084941566,0.52476711550705,0.524919696546447,0.525012083069076,0.525026239553285,0.52495023876153,0.524779193464444,0.524515652234286,0.524169429408013,0.523756875919623,0.523299635811245,0.522822975195259,0.522353810208152,0.521918587744935,0.521541183027269,0.52124097601995,0.521031260405278,0.520918122702135,0.52089989769248,0.520967256864295,0.521103927511618,0.521287984839567,0.521493614871149,0.521693209706321,0.521859625408445,0.521968410999854,0.521999814652833,0.521940394828983,0.521784103765545,0.521532757763397,0.521195858019052,0.520789778652521,0.520336394763174,0.519861274577651,0.519391594801069,0.518953952978942,0.518572250491598,0.518265811531647,0.518047886481011,0.51792465666842,0.517894810761476,0.517949710378657,0.518074116272319,0.518247411057797,0.518445224835462,0.518641341098879,0.518809735647472,0.518926590064048,0.518972127943324,0.518932141033003,0.518799095436974,0.518572733267771,0.518260117605306,0.517875111005175,0.517437324230114,0.516970612632941,0.516501228654621,0.516055763878066,0.515659036264899,0.515332092822723,0.515090495414442,0.514943033952819,0.514890973630201,0.514927901322984,0.51504019418849,0.515208086494954,0.515407256873308,0.51561080532875,0.515791450791486,0.515923763022651,0.51598624397842,0.515963086407105,0.515845460487573,0.515632217183318,0.51532995045408,0.514952420984153,0.514519399384578,0.514055030864506,0.513585858292747,0.513138668640851,0.512738344256583,0.512405897143722,0.512156840034476,0.51200001133059,0.511936932799197,0.511961742064801,0.512061701546746,0.512218239089147,0.512408430099673,0.512606797820788,0.512787291969057,0.512925300968571,0.512999552175988,0.512993758197688,0.51289788237502,0.512708926171714,0.512431180022836,0.512075918252861,0.511660554824278,0.511207313710501,0.51074150784683,0.510289557894387,0.509876906318133,0.509525989294453,0.509254423601806,0.509073554165951,0.508987489106006,0.508992715854797,0.509078341738121,0.509226943748209,0.509415958433304,0.509619500742148,0.509810467833976,0.509962756784418,0.510053407858014,0.510064486865255,0.509984545194279,0.509809538038378,0.509543129497417,0.50919636241075,0.508786722324271,0.508336678602652,0.507871833421747,0.507418840432652,0.507003265568169,0.506647558573822,0.5063692924428,0.506179808694704,0.506083373735354,0.506076904617151,0.506150270567131,0.506287131794568,0.506466243614065,0.506663126690239,0.506851978075324,0.507007676012416,0.507107723092511,0.507133981314903,0.507074073469507,0.506922349791493,0.506680345246245,0.506356685874963,0.505966444853403,0.505529994374222,0.505071438551904,0.504616741353985,0.504191685814868,0.503819819845542,0.503520555254651,0.503307580879146,0.50318772451087,0.503160358606645,0.503217401957694,0.503343927098552,0.503519337246729,0.503719025014651,0.50391637564617,0.504084942936312,0.504200613169029,0.504243577720789,0.504199951318219,0.504062898935286,0.503833174004426,0.503519024456672,0.503135482538695,0.502703107368413,0.502246290085791,0.501791262677727,0.501363975667224,0.500988022475335,0.500682781670451,0.500461921409413,0.500332372034759,0.500293833862052,0.500338850520839,0.500453438937463,0.500618222597314,0.500809971773015,0.501003423854938,0.501173243129239,0.501295976886475,0.501351866440306,0.501326377705323,0.501211332884486,0.501005555729144,0.500714982210402,0.500352227434458,0.499935635181243,0.499487872246995,0.499034168002785,0.498600334298606,0.498210722112736,0.497886275160323,0.497642832098564,0.497489814472607,0.497429416241193,0.49745637587003,0.497558361352763,0.497716940575861,0.497909057352243,0.49810889400275,0.498289972028913,0.498427319513046,0.49849952102566,0.498490471687169,0.49839068521221,0.49819804964467,0.497917973408532,0.497562913062208,0.497151324078227,0.496706126847335,0.496252824265348,0.495817434375879,0.495424408346851,0.495094696677917,0.494844112250292,0.494682117543715,0.494611129623794,0.494626389618321,0.494716392351165,0.494863828461312,0.495046959834247,0.495241324355286,0.495421642640126,0.49556378060106,0.495646615998661,0.495653668309854,0.495574373867798,0.495404914145414,0.495148532456118,0.494815307843632,0.494421396826226,0.493987798003919,0.493538731840012,0.493099754412759,0.492695743412149,0.49234891059094,0.492077002941634,0.491891846123669,0.491798354924805,0.491794093995307,0.491869428260514,0.492008260025286,0.492189305033847,0.492387810699312,0.492577573710182,0.492733083615929,0.492831610221372,0.492855061766537,0.492791460605544,0.492635911734977,0.492390980695749,0.492066451268543,0.49167849146478,0.491248306855561,0.490800397939033,0.490360565774479,0.489953830364533,0.489602435222009,0.489324101873655,0.489130668881255,0.489027210254595,0.489011688702309,0.489075162866049,0.489202529663256,0.48937374044866,0.489565389270375,0.489752543587329,0.489910676577387,0.490017560162639,0.490054981974158,0.490010157767331,0.489876729473232,0.489655271086055,0.489353264356155,0.488984545034644,0.488568255191411,0.488127371555501,0.487686916022839,0.487271986573043,0.486905765108987,0.486607659403528,0.486391724666315,0.486265492921748,0.486229314838287,0.486276282486901,0.486392750717416,0.486559417871222,0.486752876407138,0.486947507363184,0.487117566790203,0.487239293499176,0.487292858853203,0.487263988985209,0.487145120823442,0.486935998814578,0.486643668583534,0.486281871814698,0.485869894733241,0.485430970582785,0.484990377071608,0.484573393007203,0.484203281417085,0.483899455782506,0.483675969085262,0.483540442294893,0.483493514432935,0.483528849714597,0.483633687283369,0.483789877335859,0.483975317966745,0.484165684665045,0.484336323780072,0.484464165302796,0.484529507171455,0.484517536588945,0.484419478081015,0.484233285166787,0.483963820737282,0.483622504988942,0.483226451166474,0.482797152463719,0.482358818841172,0.481936486605233,0.481554040263859,0.481232299007453,0.480987325079566,0.480829099687436,0.480760681052894,0.480777916072219,0.480869732474156,0.481018996246042,0.481203875821322,0.481399608144492,0.481580519294762,0.481722125728853,0.481803137381486,0.481807196645166,0.481724210104504,0.481551160847096,0.481292331494382,0.480958921747989,0.48056810074456,0.48014158242533,0.47970384647751,0.479280151255457,0.478894501593099,0.478567739900814,0.478315916409684,0.478149063253183,0.478070456253478,0.478076408568268,0.478156604597568,0.478294945916601,0.478470840702259,0.478660830233431,0.478840420757651,0.478985980271334,0.479076562123589,0.479095523727905,0.479031819033333,0.478880863701432,0.478644904894365,0.478332867585034,0.477959687702711,0.477545176283902,0.477112491718336,0.476686331243158,0.476290982267272,0.475948389394451,0.47567639061572,0.475487261509694,0.475386686326249,0.475373249265062,0.475438502052072,0.475567613241797,0.475740548930931,0.475933686580922,0.476121729909808,0.476279770601794,0.476385327827431,0.476420192031438,0.476371912633658,0.476234802814409,0.476010381371268,0.475707221102631,0.475340220229423,0.474929359419611,0.474498052033894,0.474071232200477,0.473673344796947,0.473326400929733,0.473048248754403,0.472851190154047,0.472741049182648,0.472716763154136,0.472770521065683,0.472888425275544,0.473051612359469,0.473237741682029,0.4734227402367,0.473582674386862,0.473695605904847,0.47374328903194,0.47371258053471,0.473596460454143,0.473394589460089,0.473113357603072,0.472765413090852,0.472368700482468,0.471945079409623,0.471518628356971,0.471113759661751,0.470753285735056,0.470456586277966,0.470238028135494,0.470105775119012,0.470061091995122,0.470098202381741,0.470204715237893,0.470362593042088,0.470549593164338,0.470741070381675,0.470911989694182,0.471038975932555,0.471102225650942,0.471087123004322,0.470985426998388,0.47079593043895,0.470524534058729,0.470183732421741,0.469791562897589,0.469370114148714,0.468943721576276,0.468536997396176,0.468172855899224,0.467870696646057,0.467644893199005,0.467503702068773,0.467448664860128,0.467474536825368,0.467569739991139,0.467717303884481,0.467896218753346,0.468083090847124,0.468253966635373,0.468386186537174,0.468460133369197,0.46846074924401,0.468378706944797,0.468211143561259,0.467961897925657,0.467641233482486,0.467265066104815,0.466853749159142,0.466430499407956,0.466019579186458,0.465644377023791,0.465325541209762,0.46507931542501,0.464916208097971,0.464840104741412,0.464847905185904,0.464929729640596,0.465069687214222,0.465247146245673,0.46543840013591,0.465618591654524,0.465763740069346,0.465852704639407,0.46586891736399,0.465801734346148,0.465647290878373,0.465408793175725,0.465096228981275,0.464725525088997,0.464317223661213,0.463894791216806,0.463482707583049,0.463104497906986,0.462780866952402,0.462528078304164,0.4623566996098,0.462270809070221,0.462267723044439,0.462338259076044,0.462467501242924,0.462635996545618,0.462821285769797,0.462999654668648,0.463147976022111,0.463245502550379,0.463275472344081,0.463226405574186,0.463092998299078,0.46287654831594,0.462584877376867,0.462231747854897,0.46183581192789,0.461419171565109,0.461005658940865,0.460618966017935,0.460280763058456,0.460008952587127,0.459816204274177,0.459708899367231,0.459686578307764,0.459741939640264,0.459861393062209,0.460026128646673,0.460213624561345,0.460399474998456,0.460559384915623,0.46067115943174,0.46071651841225,0.460682586183725,0.460562934553686,0.460358091921705,0.460075474940317,0.459728751518813,0.459336696662112,0.458921644914864,0.458507670807486,0.458118645358163,0.457776326085871,0.457498637106001,0.45729827835552,0.457181768564117,0.457148984246543,0.457193217340971,0.457301739936651,0.457456830992009,0.457637184038069,0.457819582096036,0.457980705913182,0.45809893768036,0.45815602920143,0.458138514034537,0.4580387572069,0.457855559176942,0.457594265110421,0.457266370567724,0.456888651912039,0.456481881341613,0.456069215998543,0.455674380164063,0.455319783561666,0.455024728197475,0.454803847900277,0.45466590460992,0.454613040814869,0.454640558667346,0.454737257785001,0.454886314070864,0.455066629281541,0.455254537917428,0.455425730394586,0.455557236399547,0.455629305343509,0.455627023869959,0.455541529857372,0.455370720045615,0.455119396935136,0.454798849454556,0.454425906242406,0.454021541850215,0.45360915506674,0.453212668446657,0.452854610377624,0.452554333938738,0.452326507559826,0.452179989075366,0.452117167778275,0.452133823617268,0.452219507918735,0.452358404085208,0.452530590424338,0.452713604123488,0.452884190168757,0.453020106281315,0.453101846916247,0.453114153297529,0.453047195293116,0.452897339191481,0.452667445332027,0.45236666924084,0.452009773455376,0.45161599628606,0.451207562378929,0.450807949128053,0.450440039552596,0.450124300443871,0.449877128415515,0.449709502638254,0.449626063868067,0.449624702750063,0.449696694031534,0.449827368103409,0.449997271479504,0.450183730178779,0.450362692416354,0.450510695587727,0.450606787609069,0.450634238901184,0.450581903686953,0.4504451197717,0.450226071944219,0.449933588028816,0.449582387920691,0.449191856478574,0.448784450475763,0.448383874060018,0.448013170333434,0.447692882727037,0.447439436083221,0.447263867696108,0.447171002864596,0.44715912674188,0.447220164920056,0.447340352003293,0.447501335565392,0.447681629242542,0.447858298503084,0.448008745031229,0.448112454013998,0.44815257749937,0.448117239441427,0.448000463768893,0.447802651044871,0.447530564169521,0.447196823405178,0.44681894741386,0.446418007266784,0.446016988089741,0.445638980215314,0.445305343001873,0.445033991024207,0.444837941299288,0.444724237593541,0.444693341170872,0.444739047172326,0.444848947024859,0.445005408463484,0.445186994028113,0.445370198370779,0.445531360253327,0.445648593592054,0.445703578622016,0.445683060765794,0.445579927028602,0.445393769069229,0.445130891034392,0.444803768387066,0.444430006638488,0.444030887848566,0.443629628497448,0.443249498733204,0.442911961837633,0.442634982659024,0.442431632096687,0.442309089601124,0.442268117804735,0.442303048017514,0.442402271520167,0.442549187253094,0.442723522146391,0.442902919339824,0.443064676661632,0.443187507506932,0.44325319069176,0.443247981919012,0.443163679919414,0.442998269645355,0.442756095398626,0.442447546648854,0.442088272453535,0.441697978403525,0.44129889692522,0.440914048734032,0.440565427228342,0.440272243010114,0.440049366685897,0.439906101585673,0.439845396714643,0.439863572224365,0.439950582776903,0.440090799256894,0.440264250695056,0.440448232838003,0.440619155367325,0.440754472041453,0.440834526862029,0.440844158957951,0.440773933997993,0.440620902419853,0.44038882179067,0.440087824451542,0.439733561644465,0.439345903555593,0.438947311016686,0.438561015498241,0.438209153787983,0.437911006631418,0.437681484179,0.437529979509684,0.437459674768917,0.43746734146681,0.437543637611288,0.437673872284332,0.437839178166043,0.438018001155284,0.438187788571219,0.438326742288644,0.438415503726558,0.43843864845062,0.438385882365785,0.438252848692085,0.438041480160523,0.437759866095288,0.437421643531259,0.437044956992232,0.436651060386751,0.436262660252336,0.435902124389965,0.4355896984995,0.435341877168301,0.435170061870045,0.43507961368448,0.435069379940073,0.435131742752535,0.435253198600381,0.435415430349737,0.435596784479575,0.435774028486915,0.435924242193409,0.436026688626983,0.436064510417484,0.436026107410868,0.435906075928436,0.435705630785051,0.435432480260218,0.435100171410243,0.43472696393088,0.43433432712373,0.433945187090709,0.433582074271123,0.433265326998455,0.433011493834689,0.432832053575077,0.432732545218984,0.432712171706993,0.432763906104141,0.432875086202288,0.433028440866842,0.433203459096187,0.433377993920275,0.433529982684872,0.433639157458907,0.433688616093092,0.433666132528879,0.43356510685638,0.433385085860673,0.433131815766062,0.432816818785722,0.432456517712361,0.432070969623825,0.431682304888968,0.431312992350893,0.430984062975853,0.430713426892434,0.430514416940455,0.43039468281646,0.430355536629374,0.430391811481477,0.430492247455385,0.430640374995,0.430815828489802,0.430995989797415,0.4311578301989,0.431279795223385,0.431343569250089,0.431335569568677,0.431248047187609,0.431079705850929,0.430835788522809,0.430527624121795,0.430171675874073,0.429788178455132,0.429399484334466,0.429028257306293,0.428695657658022,0.428419663301309,0.428213662288749,0.428085428874551,0.428036557726921,0.428062387883318,0.42815240980531,0.428291118054406,0.428459243821903,0.428635272485313,0.428797126216975,0.428923878959425,0.428997373786459,0.429003625369922,0.428933906123975,0.428785433161995,0.428561599306609,0.428271726827511,0.427930361590617,0.427556159723327,0.427170446184578,0.426795548389814,0.426453030419015,0.426161969206383,0.425937415128103,0.425789163187407,0.425720933895763,0.425730032828708,0.425807525777477,0.425938927781206,0.426105357890935,0.42628506508083,0.426455195802448,0.426593655632353,0.426680912816719,0.426701595170293,0.426645744575631,0.426509620266775,0.426295983851703,0.42601384799048,0.425677716670062,0.42530638381657,0.424921390631227,0.424545271439037,0.424199737503537,0.423903950701883,0.423673023405991,0.42351685506472,0.423439388123284,0.423438336973063,0.423505408931589,0.423626994769032,0.423785265421224,0.423959581208296,0.424128103185347,0.424269487925427,0.424364541561743,0.424397707955256,0.424358275817758,0.424241212867671,0.424047566130011,0.423784398784961,0.423464263739865,0.423104246061282,0.422724641953708,0.422347375208808,0.421994274430345,0.421685343168886,0.421437155021306,0.421261501271961,0.421164407256046,0.421145608602141,0.421198538373343,0.421310828808981,0.421465287723511,0.421641274035478,0.421816366295407,0.421968190070611,0.422076249613981,0.422123605235188,0.422098253558684,0.421994097709441,0.421811430055628,0.421556888426076,0.421242889678609,0.420886591439944,0.420508476101399,0.420130681316778,0.419775215547933,0.419462200495991,0.419208279283529,0.4190253180902,0.418919504211569,0.418890905355007,0.418933512129142,0.419035748225938,0.419181403285796,0.419350917011439,0.419522916340755,0.419675884828835,0.419789833037507,0.4198478434849,0.419837378158441,0.419751253953915,0.419588211171383,0.419353027019909,0.419056161580569,0.41871296208279,0.418342484600915,0.417966017920273,0.417605416004805,0.417281365418771,0.417011727254291,0.41681009149563,0.416684663151754,0.416637570421294,0.416664653638698,0.416755761093768,0.416895539595989,0.417064662708257,0.417241395507976,0.417403362743869,0.417529372422552,0.417601145522817,0.417604809404406,0.417532028053495,0.417380671193275,0.417154966870745,0.416865130730408,0.416526509837992,0.416158315554483,0.415782050840928,0.415419763626247,0.415092274305498,0.414817524914718,0.414609179549264,0.414475577970534,0.414419115432739,0.414436092558646,0.414517044984441,0.414647522348859,0.414809247167322,0.414981555873505,0.415143009751729,0.415273057358766,0.415353626814929,0.415370527527064,0.415314552641867,0.415182197992638,0.41497594499299,0.414704086407433,0.414380103434062,0.414021633702686,0.413649103945819,0.413284132388231,0.412947825936605,0.412659103512716,0.412433174144578,0.412280291393123,0.412204892092161,0.412205200800819,0.412273340515094,0.412395943014447,0.412555209535986,0.412730338646686,0.412899210147511,0.413040189078991,0.41313389702933,0.413164797322162,0.413122459222518,0.413002398156818,0.412806425675142,0.412542481394603,0.412223961329699,0.411868602155369,0.411497021591425,0.411131042169278,0.410791936734571,0.410498734285225,0.410266719106375,0.410106242945836,0.410021943986878,0.41001242780928,0.410070422999863,0.410183387525908,0.410334513892222,0.410504056583654,0.410670880839482,0.410814111590203,0.41091475332547,0.410957158379289,0.410930237211133,0.410828322999786,0.410651623696291,0.410406222073269,0.410103619733879,0.409759858725319,0.409394286378156,0.409028052904972,0.408682450837962,0.408377222835132,0.408128974956329,0.407949828350896,0.407846421466089,0.407819344035836,0.407863051410673,0.407966274755856,0.408112905053618,0.408283285566009,0.408455805845104,0.408608661374137,0.408721631274662,0.408777728381872,0.408764585890038,0.408675462895086,0.408509781731136,0.408273153132371,0.40797689325721,0.40763707970793,0.407273228032116,0.406906698261484,0.40655896417866,0.406249891315972,0.405996166373532,0.405810000532901,0.405698199958573,0.40566166701468,0.405695366437471,0.405788757320506,0.405926653064882,0.40609043431587,0.406259513732474,0.406412938991905,0.40653101644824,0.406596836806965,0.406597587391249,0.406525548964432,0.406378700633395,0.406160888574903,0.405881545847402,0.405554979649447,0.405199272634785,0.404834877559225,0.404483013818012,0.404163992106298,0.403895597147648,0.403691653122147,0.403560886949377,0.40350618895096,0.403524342495302,0.403606252880974,0.40373765890763,0.40390026904946,0.404073232233183,0.404234827839659,0.404364238035217,0.404443252152926,0.404457755449943,0.404398875712992,0.404263694798462,0.404055469810547,0.403783347101904,0.40346159344009,0.403108411869376,0.402744447754985,0.402391114497898,0.402068876382839,0.401795623355562,0.401585264393487,0.401446651058051,0.401382915782674,0.401391270673379,0.401463270561916,0.401585508531728,0.401740685529024,0.401908973082346,0.402069565985399,0.402202303984479,0.402289235672436,0.402316006379474,0.402272969471928,0.402155940456653,0.401966535039127,0.401712060104329,0.401404961812216,0.401061871840397,0.400702323408095,0.400347230821479,0.400017243645586,0.39973110158669,0.399504124164731,0.399346962663719,0.39926471893518,0.399256503191139,0.399315469255107,0.399429332545115,0.399581339301891,0.399751614124829,0.399918773911824,0.40006167032007,0.400161114363048,0.40020144170926,0.400171789987917,0.400066979838007,0.399887923427226,0.399641527603528,0.399340106038718,0.399000356101783,0.398641988168637,0.398286120302352,0.397953571302566,0.397663195434335,0.397430396206379,0.397265934329068,0.397175114440281,0.397157404758811,0.397206514617691,0.397310922303053,0.397454808454443,0.397619315105395,0.397784026360468,0.397928556343335,0.398034128145721,0.398085028521015,0.398069828202034,0.397982272640664,0.397821774493438,0.397593471791462,0.397307847168384,0.396979932086052,0.396628149210124,0.396272877169347,0.395934849155701,0.395633512126796,0.395385474579616,0.395203163054489,0.395093795738873,0.395058764041669,0.395093483938694,0.39518773727134,0.395326476955868,0.39549102986589,0.395660601275097,0.39581396207018,0.395931181658243,0.395995259496962,0.395993513856339,0.39591860994303,0.395769144641894,0.395549743370844,0.395270662754988,0.39494693278674,0.394597113248978,0.394241774403742,0.393901832904004,0.393596878832773,0.393343624340685,0.393154593911083,0.393037159549688,0.392992996312426,0.393017994773778,0.393102625638892,0.39323271732032,0.393390582242208,0.39355640699616,0.393709801570837,0.393831387413262,0.393904300385863,0.393915495048473,0.393856755732509,0.393725340981143,0.393524210462195,0.393261811572632,0.392951437845426,0.392610207159,0.392257736886489,0.391914613356187,0.391600768144606,0.391333886240246,0.391127976596271,0.390992226680876,0.390930237805264,0.390939704176936,0.391012564200087,0.391135619397789,0.391291580583227,0.39146046143302,0.391621203343663,0.391753392519846,0.391838924830448,0.391863481864248,0.391817696995903,0.391697912768891,0.391506464059776,0.391251464987434,0.390946123716151,0.390607648813619,0.39025584032751,0.389911481125421,0.389594661101888,0.389323174289143,0.389111120515065,0.388967819177395,0.388897111006541,0.388897092787762,0.388960301043325,0.389074329120002,0.389222826564036,0.389386796479194,0.389546084577295,0.389680945323289,0.389773570684681,0.389809469982614,0.389778596280843,0.38967613107374,0.38950286640417,0.389265156428766,0.388974441670007,0.388646377101809,0.388299623282719,0.387954389170016,0.387630840370923,0.387347499522495,0.387119764238539,0.386958657847452,0.386869914182033,0.386853478493793,0.38690347654869,0.387008662277058,0.387153308905727,0.387318469812669,0.387483507624213,0.387627770150529,0.387732276661382,0.387781271282599,0.387763508874421,0.387673164436128,0.38751029347735,0.387280809418699,0.386995981796672,0.386671497628857,0.386326167220897,0.385980388162667,0.385654499219105,0.385367157847745,0.385133867023692,0.384965764476969,0.384868769252265,0.384843151959069,0.384883556409062,0.384979459717911,0.385116024797791,0.385275275708604,0.385437507654592,0.385582825749368,0.385692693502278,0.3857513703549,0.385747129642188,0.385673168692563,0.385528144877495,0.385316294600097,0.385047120483817,0.38473466646348,0.384396435315017,0.384052030746831,0.383721624477923,0.383424361641481,0.383176827932013,0.382991704953904,0.382876729124639,0.382834042901827,0.382859992070997,0.382945387855801,0.383076219716782,0.38323477014943,0.383401045420838,0.383554402674648,0.383675233949088,0.383746565259316,0.383755439595609,0.383693970500273,0.383559977201093,0.383357146352814,0.383094708775044,0.382786664570077,0.382450627523792,0.382106386664007,0.381774302384587,0.381473668670342,0.381221177653379,0.381029612067221,0.380906865453425,0.380855357311316,0.380871879173011,0.380947878996127,0.381070160796149,0.381221942559207,0.381384184311314,0.381537078317871,0.381661587087291,0.381740916898437,0.381761819438297,0.381715622769021,0.381598910453595,0.381413795756385,0.381167770867605,0.38087314198518,0.38054608822021,0.380205409113153,0.379871053232837,0.379562543320966,0.379297424024948,0.379089854608053,0.378949456507448,0.378880509614637,0.378881570449453,0.378945554639042,0.379060284573534,0.37920945863743,0.379373961386802,0.379533408568572,0.379667803728701,0.379759171203703,0.379793026726359,0.379759558179019,0.379654416651952,0.379479055390199,0.379240592978276,0.378951214120195,0.378627158418938,0.378287384209529,0.377952024189568,0.377640764607455,0.377371278992093,0.377157836900386,0.377010193633324,0.376932847397241,0.376924721362505,0.376979289697154,0.377085126942927,0.377226828277403,0.37738622639323,0.377543813998316,0.37768026547198,0.377777940269656,0.377822251035236,0.377802793015204,0.377714152900517,0.377556338179277,0.377334791769091,0.377059984995821,0.376746615860563,0.376412473221527,0.376077053480999,0.375760032689725,0.375479707643351,0.375251527218934,0.3750868358819,0.374991938124519,0.374967564428919,0.375008783308613,0.375105368662141,0.375242599221581,0.375402433674409,0.375564969884233,0.375710065940844,0.375818983917287,0.375875917750489,0.375869280011596,0.37579264236636,0.375645250419637,0.375432068386696,0.37516335199432,0.374853791650739,0.3745213033403,0.374185569092891,0.37386644558875,0.373582370742654,0.373348900209587,0.373177492992947,0.373074638176734,0.373041381359253,0.373073278020291,0.373160772981731,0.373289975832207,0.37344377003917,0.373603164343897,0.373748777202924,0.373862340704117,0.373928114299087,0.373934105339706,0.373873003612842,0.373742755837363,0.37354673476995,0.3732934906282,0.372996102970943,0.372671177420097,0.372337557085983,0.372014844444153,0.371721850250979,0.371475094338672,0.371287477144327,0.371167226113203,0.371117203230171,0.371134637892296,0.371211318031018,0.371334231199507,0.371486604021095,0.371649253160055,0.371802137825571,0.371925989451043,0.372003885314261,0.37202263232469,0.371973841042853,0.37185459934152,0.371667693340969,0.371421361936045,0.371128607343372,0.370806119467799,0.370472906190022,0.370148748592967,0.369852612289476,0.369601142557229,0.369407358182249,0.36927964261601,0.369221110484145,0.369229398154079,0.36929688914165,0.369411346448789,0.369556893497376,0.369715265187981,0.369867235834736,0.369994117419888,0.370079212833478,0.370109111032518,0.370074726171492,0.369972005362482,0.369802253418673,0.369572047003787,0.369292738810797,0.368979585586837,0.368650566259285,0.368324980690479,0.368021933898797,0.367758819000294,0.367549917435219,0.367405233453113,0.367329664726111,0.367322581379364,0.36737784888409,0.36748429479692,0.367626587504666,0.367786463423695,0.367944206259541,0.368080254089602,0.368176796183957,0.368219224852954,0.368197323444731,0.368106093657671,0.367946152567216,0.367723664959041,0.367449818943263,0.367139894948835,0.366812011418151,0.366485652311678,0.366180095458311,0.365912869323726,0.365698365411856,0.365546718831983,0.365463041145692,0.365447055568095,0.36549315327513,0.365590862135594,0.365725691157129,0.365880283566072,0.366035784364808,0.366173312432822,0.366275424818289,0.366327466564678,0.366318707735358,0.366243180963048,0.366100152663789,0.365894190215985,0.365634820375843,0.365335804060505,0.365014077881503,0.364688436865755,0.364378056840717,0.364100973632658,0.363872642177947,0.363704690401991,0.363603965932282,0.363571954100357,0.363604622493693,0.363692715654661,0.363822482854699,0.363976779867705,0.364136452358811,0.364281887751054,0.364394610837241,0.364458792513064,0.364462543338301,0.364398879818148,0.364266282151973,0.364068800996355,0.363815709176112,0.363520729302354,0.363200901825371,0.362875189957282,0.362562942067201,0.362282341505947,0.362048967802271,0.36187457822749,0.361766200838534,0.361725608635907,0.361749215004899,0.361828393262522,0.361950185564789,0.362098337463246,0.362254575969943,0.362400036152184,0.362516730081396,0.362588945269375,0.362604463806997,0.362555509925394,0.362439357273597,0.362258551515692,0.36202072816677,0.361738033564,0.361426189278795,0.361103271391858,0.360788298579587,0.36049973522444,0.360254021933415,0.360064248848556,0.359939083375989,0.359882047069646,0.359891205585991,0.359959298160989,0.360074297643508,0.36022036109758,0.360379100912182,0.360531075907284,0.360657376948732,0.360741170688692,0.360769071145149,0.36073222698795,0.360627036237138,0.360455428418545,0.360224689629061,0.359946847581604,0.359637674183986,0.359315394160711,0.358999207397395,0.358707743868927,0.358457575901697,0.358261909862975,0.358129562951771,0.358064301276548,0.358064580937768,0.358123702672004,0.358230363930591,0.358369565574715,0.358523801820071,0.358674437043406,0.358803159309028,0.358893399911513,0.358931615632429,0.358908340298925,0.358818925236982,0.358663908945077,0.358448985833265,0.358184576640539,0.357885032325598,0.357567527386266,0.357250721114134,0.356953287437991,0.356692430516116,0.356482506932472,0.356333864932351,0.356251992390924,0.356237044024189,0.356283794185124,0.35638202976069,0.356517357725386,0.356672361367464,0.356828007925064,0.356965192055738,0.357066290721267,0.357116602074713,0.357105545984175,0.35702752215772,0.356882353979313,0.356675285325798,0.356416535529356,0.356120451428196,0.355804327102238,0.355486991356937,0.355187284468199,0.354922552364279,0.354707277991454,0.354551952685862,0.354462271064067,0.35443871073177,0.354476528661555,0.354566169462137,0.354694044411456,0.354843612672937,0.354996679401686,0.355134814527799,0.3552407868706,0.355299903561553,0.355301150555056,0.355238047791116,0.355109157002682,0.354918204967058,0.354673809445468,0.354388822688364,0.354079338901362,0.353763441779008,0.353459788949975,0.353186140387295,0.352957941786983,0.352787074662089,0.352680879071424,0.352641536369363,0.352665867486634,0.352745564363962,0.352867836975172,0.353016428310455,0.353172921365359,0.353318234191642,0.353434176965591,0.353504937029755,0.353518366557863,0.353466967783396,0.353348496152124,0.353166130979776,0.352928198610159,0.35264747374597,0.352340123342489,0.352024386082224,0.351719097006063,0.351442175382384,0.351209197252122,0.351032169276426,0.350918602527116,0.350870954477708,0.350886472728693,0.350957443145751,0.351071819257049,0.351214184463199,0.351366971907634,0.351511843884706,0.351631120903765,0.351709151766463,0.351733525034707,0.351696033620733,0.351593318458079,0.351427138746287,0.351204246026343,0.350935871799582,0.350636866804178,0.350324553040779,0.350017370617623,0.349733421704702,0.349489028234158,0.349297421474554,0.349167669108751,0.349103924881662,0.349105063285819,0.349164736790078,0.349271861306337,0.349411496509808,0.349566048698519,0.349716694721632,0.349844909662471,0.349933974831053,0.349970342413937,0.349944740733323,0.349852924347391,0.349696006445318,0.349480350298441,0.349217033739926,0.348920933031337,0.348609502126447,0.348301350345796,0.348014740247822,0.347766131550047,0.347568886252191,0.347432231379163,0.347360555205944,0.34735309003629,0.347404005317228,0.347502899074632,0.347635640609159,0.347785491506818,0.347934417035443,0.348064490965081,0.348159289715089,0.348205168987869,0.348192323482896,0.348115549254702,0.347974653451787,0.34777448135283,0.347524555062206,0.347238345404562,0.346932229094738,0.34662421150407,0.346332514247998,0.34607413496161,0.345863488382286,0.345711236419166,0.34562340710964,0.345600882339391,0.345639301442186,0.345729389666665,0.345857685719755,0.346007613639622,0.346160817783711,0.346298654236431,0.346403712702061,0.346461237767537,0.346460329580016,0.346394826233198,0.346263796944931,0.34607160498914,0.345827534562369,0.345545015342223,0.345240515344485,0.344932198943692,0.34463846088229,0.344376452993403,0.344160721307682,0.344002064404767,0.343906704488941,0.343875831564627,0.34390554625956,0.343987196424236,0.344108077750994,0.344252444818262,0.344402754121463,0.344541039716538,0.344650312296585,0.344715875500335,0.344726463806792,0.34467511908487,0.344559738198675,0.344383246283027,0.344153380197954,0.343882098709991,0.343584663474431,0.343278456605379,0.34298161996506,0.342711619566976,0.34248385069036,0.342310398651019,0.342199055700588,0.342152672278737,0.342168896992436,0.342240334112959,0.342355115762885,0.342497847925263,0.342650852214536,0.342795598394536,0.342914209272923,0.342990916128618,0.343013345291096,0.34297352648019,0.342868535543738,0.342700718319153,0.342477481602099,0.342210673560101,0.341915606789538,0.341609804787095,0.341311577135296,0.341038544852641,0.340806238942531,0.340626882347873,0.340508445139242,0.34045404112741,0.340461710879094,0.340524607121763,0.340631563667687,0.340767995322818,0.340917051966023,0.341060936729192,0.341182291026573,0.341265543983517,0.341298122926015,0.341271430565802,0.341181514567577,0.341029380989765,0.340820928524989,0.340566504797902,0.340280112594502,0.339978323364477,0.339678982049815,0.339399804329178,0.339156973442855,0.338963843362301,0.338829851528991,0.338759734772912,0.338753120653839,0.338804532993743,0.33890381218012,0.339036916625188,0.339187044062652,0.339335986844562,0.339465612457343,0.33955934406662,0.339603513452736,0.33958847218946,0.339509370944399,0.339366544724952,0.339165472215824,0.338916312182589,0.338633058250164,0.338332388261427,0.338032308281169,0.337750702699973,0.337503905265357,0.337305404526197,0.337164788529829,0.337087013006703,0.337072045617118,0.337114904048783,0.337206075885353,0.337332284313838,0.337477541404729,0.337624407729644,0.337755358160996,0.337854145799306,0.337907060622761,0.337903991457009,0.337839213833449,0.337711842626466,0.337525911137583,0.337290068207508,0.337016916457038,0.336722041316744,0.336422800876058,0.336136964242753,0.335881302395338,0.335670245595986,0.335514718704058,0.335421249386803,0.335391420431516,0.335421712424226,0.335503757032019,0.335624989871126,0.335769655090714,0.335920078459194,0.33605810104911,0.336166554750562,0.33623065996406,0.336239230826908,0.336185585527457,0.336068082837998,0.33589024075029,0.335660432114808,0.335391187521884,0.335098164878089,0.334798870563793,0.334511239117398,0.334252191989434,0.334036295125642,0.333874620331698,0.33377389350815,0.333735990288659,0.333757816135184,0.333831579377021,0.33394543186344,0.334084419677333,0.33423166370939,0.334369678362001,0.334481731286784,0.334553143733444,0.334572431965236,0.334532200609963,0.33442971984654,0.33426714465904,0.334051359969112,0.333793459560017,0.33350789265288,0.333211340310131,0.33292140896892,0.332655243559157,0.332428166681804,0.332252447811092,0.332136300924697,0.332083197638869,0.332091560374109,0.332154866067107,0.332262152873527,0.332398888851228,0.332548135285366,0.332691914823001,0.33281267420103,0.332894717731508,0.332925487894761,0.3328965850608,0.33280444397723,0.332650613559913,0.332441617082923,0.332188404124505,0.331905442581334,0.331609531931164,0.331318440375354,0.331049477357545,0.330818113891589,0.330636759631464,0.330513795281782,0.330452937285304,0.330452979669818,0.330507923336777,0.330607473868079,0.330737866178975,0.330882953549569,0.331025477474311,0.331148417840139,0.331236316905181,0.331276476800636,0.331259943640547,0.331182206443995,0.331043556269759,0.330849074188655,0.330608246542365,0.330334236842729,0.330042869174606,0.329751396927441,0.329477146611607,0.329236140824014,0.329041812426011,0.328903917271914,0.328827734731811,0.328813620059373,0.328856946790683,0.328948451052283,0.329074958924806,0.329220442487499,0.329367316777742,0.329497867522374,0.329595691102667,0.329647029848564,0.329641893167079,0.329574869247147,0.329445557012079,0.329258583207079,0.329023208099808,0.32875255744077,0.328462545802828,0.328170579672983,0.327894148279074,0.327649421248721,0.327449969160445,0.327305706408791,0.327222132625322,0.327199925589046,0.327234914955188,0.327318438103085,0.327438046706366,0.327578501903042,0.327722974955817,0.327854360481632,0.327956605737466,0.328015957920808,0.328022033995304,0.327968629310055,0.327854203193014,0.327682006453101,0.327459841336921,0.32719946824672,0.326915698707027,0.326625241154982,0.326345389629058,0.326092658682882,0.325881469834132,0.325722990288875,0.325624217196982,0.325587387786269,0.325609772144891,0.325683871045718,0.325798003418661,0.325937235511605,0.326084578942516,0.326222364442483,0.326333680270862,0.326403753398523,0.326421154265793,0.326378723618508,0.326274146949157,0.326110131717618,0.325894173127172,0.32563792775464,0.325356249793637,0.325065975452466,0.324784560093066,0.32452867909043,0.324312901990078,0.324148544010244,0.324042787067707,0.323998139949693,0.324012274962022,0.324078244104644,0.324185049382771,0.324318520278973,0.324462432179766,0.324599780328885,0.324714108913922,0.324790790664855,0.324818160124151,0.324788418374504,0.324698243170368,0.324549056375229,0.324346924169753,0.324102095129077,0.323828211463622,0.323541253093325,0.323258291715411,0.322996146195594,0.322770042944509,0.32259239089765,0.322471774073817,0.322412244953237,0.322412975469489,0.322468295785682,0.322568124611113,0.322698764761463,0.322844003594438,0.322986426593751,0.323108832345098,0.323195631205351,0.323234114029385,0.323215486989004,0.323135584603023,0.322995199177049,0.322800000343279,0.322560056394193,0.322289001974037,0.322002922327819,0.321719045343069,0.321454349805657,0.321224207013873,0.321041167741608,0.320913988223969,0.32084696449148,0.320839620460518,0.32088677159186,0.320978958557729,0.321103213868145,0.321244095227167,0.321384900069242,0.321508967607435,0.321600972857793,0.321648117305914,0.3216411250252,0.321574966060503,0.321449251578021,0.321268272351199,0.32104067768977,0.320778815237154,0.320497776383171,0.320214217827572,0.319945051659747,0.319706107667612,0.319510871567634,0.319369396287787,0.319287474121831,0.319266143211258,0.319301577358607,0.319385373604203,0.319505214663688,0.319645851790753,0.3197903303811,0.31992136236645,0.320022734182818,0.320080630882562,0.320084762081094,0.320029194995258,0.319912828069833,0.319739468885013,0.31951751049328,0.319259232971266,0.318979790835825,0.318695975624483,0.318424859584635,0.318182430397802,0.317982323232159,0.317834748998527,0.317745704441616,0.317716526399794,0.317743820174602,0.317819758109387,0.317932716892308,0.318068201747306,0.318209988034821,0.318341393421625,0.318446580732004,0.318511789113264,0.318526400387324,0.318483763265853,0.318381715204748,0.318222760274115,0.318013885205669,0.317766025119226,0.317493219833303,0.317211524839448,0.316937756986087,0.316688167295504,0.316477143696897,0.316316050422209,0.316212302343164,0.316168751283994,0.316183433792235,0.316249702626896,0.316356737860362,0.316490404259385,0.316634389105781,0.31677152536441,0.316885187444299,0.316960643269446,0.316986252771193,0.31695441469635,0.316862181373956,0.316711488117096,0.316508979516955,0.3162654521452,0.315994964633931,0.315713689833254,0.315438602544511,0.315186111126695,0.314970747694939,0.31480402448763,0.314693544136862,0.314642426221988,0.314649088103766,0.314707394574926,0.314807164246476,0.314934990376414,0.315075306251153,0.315211607585946,0.315327737962378,0.31540914312526,0.315444001817403,0.315424146473773,0.31534570124908,0.315209388214279,0.315020479838253,0.314788401230618,0.314526008397116,0.314248592135934,0.313972681630193,0.313714741919583,0.313489868879017,0.313310583343433,0.313185817540313,0.313120175957251,0.313113537090148,0.313161037344618,0.313253443755188,0.313377885458181,0.3135188834877,0.313659596901319,0.313783187149104,0.313874189863226,0.313919777615587,0.313910804593271,0.313842545418752,0.313715069619937,0.313533223813583,0.313306223794664,0.313046890324955,0.312770594588774,0.312494005776075,0.312233747531988,0.312005071657496,0.311820651685114,0.311689589774907,0.311616715905094,0.311602234451074,0.311641740903879,0.311726598192488,0.311844635424384,0.311981112776146,0.312119880224876,0.312244642297125,0.312340229850941,0.312393779117063,0.312395728839046,0.312340563238581,0.312227246463749,0.312059313317647,0.311844604968845,0.311594667292793,0.311323858016194,0.311048230742347,0.310784278334825,0.310547628709351,0.310351794489235,0.310207080004259,0.310119738913053,0.310091453102285,0.310119175011732,0.310195347872633,0.310308492187713,0.310444118507307,0.310585895722478,0.310716977009265,0.310821370271143,0.310885238758221,0.310898026157948,0.310853314191488,0.31074933998325,0.310589128270866,0.310380229015394,0.310134087334784,0.30986510261202,0.309589455397776,0.309323797288005,0.309083911421605,0.308883455455851,0.308732889876801,0.308638673285984,0.308602780096757,0.308622571372549,0.308691026329473,0.308797316249897,0.308927673677276,0.309066483783338,0.309197508836019,0.309305151891686,0.309375667251912,0.309398228653059,0.309365773206483,0.309275554313043,0.309129360715214,0.308933386241742,0.308697759877444,0.308435767925854,0.308162822384668,0.307895252668198,0.307649016215212,0.307438431072476,0.307275029629689,0.307166622362208,0.307116647792385,0.307123868017981,0.307182443419154,0.307282385671863,0.307410352222183,0.307550716294989,0.307686826705839,0.307802357846336,0.30788263996996,0.307915856775094,0.307894006837356,0.307813548266968,0.307675676097818,0.307486212646757,0.307255120717515,0.30699567996424,0.30672339714207,0.306454745286979,0.306205838809416,0.305991150873779,0.305822371665923,0.305707495356069,0.305650208016788,0.305649624434177,0.305700389580177,0.305793127887636,0.305915197834771,0.306051691580316,0.306186604958183,0.306304089444362,0.306389688379488,0.306431460566986,0.30642090628357,0.306353628620212,0.306229681731906,0.306053577137642,0.305833943124603,0.305582860774243,0.305314927698865,0.30504612115894,0.304792545023988,0.304569153792775,0.304388553363687,0.304259978397891,0.304188534290929,0.304174767891183,0.30421460179535,0.304299639105639,0.304417819729709,0.304554382113431,0.304693055224056,0.304817380726372,0.304912052373428,0.304964160765409,0.304964242354111,0.304907047108996,0.304791959792232,0.304623038169576,0.304408666721415,0.304160859754083,0.303894276122266,0.30362502753222,0.303369376722599,0.303142432009079,0.302956946791987,0.302822321903605,0.302743886228783,0.302722504115542,0.302754533203211,0.302832133452341,0.302943903315328,0.303075791500321,0.303212208436913,0.303337247258322,0.303435920918855,0.303495325041603,0.303505641016268,0.303460902229778,0.303359462467472,0.303204129936618,0.3030019577699,0.302763706571417,0.302503015975316,0.302235343438386,0.301976750034573,0.301742629682441,0.30154648391788,0.301398838540781,0.301306386389258,0.301271426349232,0.301291650799561,0.301360307544481,0.301466728082852,0.301597178986811,0.301735965472578,0.301866698263539,0.301973623151687,0.302042904868515,0.302063756149505,0.302029314442509,0.301937192912064,0.301789663196568,0.301593458107931,0.301359211453595,0.301100581322969,0.300833131761725,0.300573069885635,0.300335945142169,0.300135414651348,0.29998216889895,0.299883099777883,0.299840776487416,0.29985327017638,0.299914336348095,0.300013932181865,0.300139021373147,0.300274602673267,0.300404885480789,0.300514523931431,0.300589813391157,0.300619755655119,0.300596912292628,0.300517984357068,0.300384075964353,0.300200619127216,0.299976961055212,0.299725643020137,0.299461426429883,0.299200140955864,0.298957440717632,0.29874756146395,0.298582176267389,0.298469445596463,0.298413344277884,0.298413322868897,0.298464331002323,0.298557202193614,0.298679374288378,0.298815893733315,0.298950624619399,0.299067560818433,0.299152128966022,0.299192373402446,0.29917992688878,0.299110688088781,0.298985148456645,0.298808339952893,0.298589409835845,0.298340862957994,0.298077538607595,0.297815406654263,0.297570279874325,0.297356547313562,0.297186033663058,0.297067077311562,0.29700389621514,0.296996283247382,0.297039647748483,0.297125397616126,0.297241632432754,0.297374092067905,0.297507282505054,0.297625688013976,0.297714977167959,0.29776311467282,0.297761297307419,0.297704641855226,0.297592569918442,0.297428859303385,0.297221358989894,0.296981388930851,0.296722866519135,0.296461221643606,0.296212182300186,0.295990527639706,0.295808909166333,0.295676833202338,0.295599883994345,0.295579251313778,0.295611607593703,0.295689353233638,0.295801214925483,0.295933147801102,0.296069466007508,0.296194110210716,0.296291951036194,0.296350022043816,0.296358577399741,0.29631188284415,0.2962086739745,0.296052247169723,0.295850179041373,0.295613698491545,0.295356763237117,0.295094919366882,0.294844042450656,0.294619066143372,0.294432799373213,0.294294921772472,0.294211233390929,0.294183217457302,0.294207950166108,0.294278360011892,0.294383808176607,0.294510938060837,0.294644727003242,0.294769662006327,0.294870951138517,0.294935676467602,0.29495379826852,0.294918934527472,0.294828859352287,0.294685683707456,0.294495701987596,0.29426891157392,0.294018239750779,0.293758537813009,0.293505419974012,0.293274034183038,0.293077857080001,0.29292760803782,0.292830373865608,0.292789020985309,0.292801945919901,0.29286318446861,0.292962871889747,0.293088021731245,0.293223566260371,0.293353576114624,0.293462556430769,0.293536708458759,0.293565051172721,0.293540311956391,0.29345951408756,0.293324211330272,0.2931403489479,0.292917764713488,0.292669376417001,0.292410127219364,0.292155775860518,0.291921628656464,0.291721316064695,0.291565714836079,0.291462103014462,0.291413610591154,0.291419000717487,0.291472791490362,0.291565706510164,0.291685419632378,0.29181753475262,0.291946720438585,0.292057908235472,0.292137463376711,0.292174242527877,0.292160460855172,0.292092301415978,0.291970217636012,0.291798904715737,0.29158694295734,0.291346139682242,0.291090616109871,0.29083570442344,0.290596738749552,0.290387836941477,0.290220772075108,0.290104023226375,0.290042079792215,0.290035056836301,0.290078659362744,0.290164506893667,0.290280796515796,0.290413249657209,0.290546263241067,0.290664171672729,0.290752518810986,0.290799235982738,0.290795625843862,0.290737067047505,0.290623381149716,0.290458834818941,0.290251780648605,0.290013967140509,0.28975957473249,0.289504059531021,0.289262904198176,0.289050380700418,0.288878422803924,0.288755693128059,0.28868691474052,0.288672519342881,0.288708639265077,0.288787439557988,0.288897756392262,0.289025985750691,0.28915715274454,0.289276082241431,0.289368583060249,0.289422553846318,0.28942892404998,0.289382358770427,0.28928167652968,0.28912994927271,0.288934274096117,0.288705229552595,0.288456055871409,0.288201622735811,0.287957264575114,0.287737571157475,0.287555224592238,0.287419974762511,0.287337840185697,0.287310605238313,0.287335657864052,0.287406181069566,0.287511683624373,0.287638831455585,0.287772517935947,0.287897087891298,0.287997612060792,0.288061102773257,0.288077569165745,0.28804082655753,0.287948994548172,0.287804641751805,0.287614564144175,0.287389217561306,0.287141856450024,0.286887454001969,0.286641492393009,0.286418719632812,0.286231973321281,0.286091168080015,0.286002528354891,0.285968123039616,0.285985730176373,0.286049035279456,0.286148145662619,0.286270381495267,0.286401281227569,0.286525739662708,0.286629187591293,0.286698723295453,0.286724113487688,0.286698590154496,0.286619381507939,0.286487933673489,0.286309805011358,0.286094241854726,0.285853467487724,0.28560173491983,0.285354211582086,0.285125781001579,0.284929857928502,0.284777313637987,0.284675597120364,0.284628121101382,0.284633963917718,0.28468791806456,0.284780889728682,0.2849006211137,0.285032675723516,0.285161603813425,0.285272192970408,0.285350703635114,0.285385988523744,0.285370400711112,0.285300411870425,0.285176889520429,0.285005013931703,0.28479384509308,0.284555576359816,0.284304536160838,0.284056021989157,0.283825066550051,0.283625239100463,0.283467576321686,0.28335972247829,0.283305342719361,0.28330385492038,0.283350500711418,0.283436746026587,0.283550972435629,0.283679399536255,0.283807166435184,0.283919492271576,0.284002828975678,0.284045916921703,0.284040660791673,0.283982759284405,0.28387204323122,0.28371249723404,0.283511960158732,0.283281522784459,0.283034666590183,0.28278621075245,0.282551149248386,0.282343466105909,0.282175018391025,0.282054575682936,0.28198709820936,0.281973318567569,0.282009664428426,0.282088528596938,0.282198865222889,0.282327067908314,0.282458063648363,0.282576535166287,0.282668168374022,0.282720817945775,0.282725493518863,0.282677086912007,0.282574781848521,0.282422111599749,0.282226658925934,0.281999425427436,0.281753927534346,0.281505097533177,0.281268079552998,0.281057016115705,0.280883922682535,0.280757742456163,0.280683657447997,0.280662705918067,0.280691727934649,0.280763636372645,0.280867990237428,0.280991826721817,0.281120686838605,0.281239751768236,0.281334999292832,0.281394292517064,0.281408321627025,0.281371329498941,0.281281564634656,0.281141423888748,0.280957272820671,0.280738958042729,0.280499048253732,0.280251858344753,0.280012327197989,0.279794835144072,0.279612056731494,0.279473942984347,0.279386914720774,0.279353330369703,0.279371272800581,0.279434678985723,0.279533809977934,0.279656027004632,0.279786809196622,0.279910927234051,0.280013676907646,0.280082073571528,0.280105909760858,0.280078585976303,0.279997642789192,0.279864950503253,0.279686544422634,0.279472122905623,0.279234250441395,0.27898733111863,0.278746438742471,0.278526103410623,0.278339155505077,0.278195717607693,0.278102418862537,0.278061889466875,0.278072574118646,0.278128878691625,0.278221634816656,0.278338839045531,0.2784666035635,0.278590244575586,0.278695427964117,0.278769286680691,0.278801423345826,0.278784719457769,0.278715889823656,0.278595742289781,0.278429123631572,0.278224552594327,0.277993563575407,0.277749809233193,0.277507992146533,0.277282708951032,0.277087294847728,0.276932756177226,0.276826876217538,0.276773571322421,0.276772556210696,0.276819349120156,0.276905616448101,0.27701982935557,0.277148182747145,0.277275706786217,0.277387481762419,0.27746985355,0.277511545315476,0.277504572513848,0.27744488753482,0.277332702439201,0.277172462572545,0.276972472551098,0.276744207902568,0.276501374236125,0.276258795097286,0.276031219136837,0.275832140861632,0.275672729188443,0.275560951321002,0.275500962177737,0.275492803175909,0.275532425773826,0.275612031126624,0.275720697581512,0.275845248479422,0.275971292700879,0.276084354339871,0.276171001683434,0.27621988988835,0.2762226415195,0.276174500246662,0.276074706499092,0.275926563329951,0.275737186117837,0.275516955839574,0.275278717176709,0.275036779318391,0.274805792179531,0.274599584491316,0.274430058197876,0.274306230447447,0.27423350035778,0.274213198348749,0.274242456027574,0.274314413559276,0.274418755417396,0.274542534678781,0.274671217199247,0.274789857544579,0.274884310228885,0.274942378865508,0.274954809190416,0.274916041447213,0.27482465704267,0.274683483028857,0.274499349638399,0.274282524476095,0.274045870770745,0.273803798548008,0.273571096508088,0.273361743890325,0.273187800821429,0.273058463551231,0.272979353729594,0.272952093224559,0.272974196851695,0.273039291127858,0.273137638372218,0.27325691860938,0.273383203321762,0.27350204566646,0.273599606759596,0.273663734071774,0.273684908468577,0.273656985554651,0.273577675003024,0.273448723458703,0.273275787522394,0.273068003271337,0.272837280723798,0.272597375497234,0.272362810450236,0.272147731864028,0.271964787518377,0.27182411210233,0.271732501235777,0.27169284596715,0.27170388036436,0.2717602662887,0.271853008424025,0.27197016605306,0.272097807089942,0.272221131242285,0.272325671881672,0.272398474848388,0.272429152932082,0.272410727897027,0.272340192546242,0.272218748215377,0.272051697689679,0.27184800184817,0.271619539070354,0.271380133445088,0.271144435194894,0.270926744178278,0.270739868992034,0.27059411236962,0.27049646545886,0.27045007535632,0.270454023466337,0.270503423926174,0.27058982777007,0.270701899741454,0.270826316652723,0.270948817703939,0.271055322755367,0.271133029874413,0.271171409022726,0.271163019669266,0.271104092226967,0.270994827455947,0.270839387804009,0.270645579952967,0.270424253434506,0.270188460842362,0.269952440613413,0.269730496796745,0.269535862360475,0.269379638878137,0.269269900677252,0.269211036002694,0.269203377221789,0.26924315154053,0.269322762429071,0.269431386341571,0.269555839638712,0.269681643325213,0.269794195569056,0.269879955611652,0.269927543754062,0.269928667413259,0.269878794429891,0.269777515340606,0.26962856538703,0.269439508421024,0.269221112370354,0.268986468382293,0.268749925498467,0.268525929678122,0.268327865483461,0.268166996115898,0.268051583868922,0.267986254671584,0.267971652057039,0.268004406601748,0.268077423025915,0.26818045923515,0.268300945898596,0.268424978077098,0.268538402386621,0.268627919654838,0.26868212099119,0.268692377091153,0.268653510837993,0.268564202015543,0.268427095208153,0.268248602922245,0.268038415646613,0.267808751889859,0.267573404065657,0.267346655300078,0.267142152449852,0.266971821762067,0.266844910023144,0.266767228326186,0.266740664908832,0.266763013446256,0.266828134355992,0.266926435859571,0.267045635649746,0.267171744205767,0.267290193836025,0.267387022289145,0.26745001060739,0.267469677426477,0.267440046683422,0.267359127480534,0.267229068410448,0.267055973348351,0.266849393496868,0.266621540046843,0.266386287181283,0.266158050605851,0.265950632245822,0.265776121498854,0.26564393993027,0.26556010689816,0.265526784605548,0.265542134000902,0.26560048480452,0.265692799932202,0.265807396752038,0.265930870884326,0.266049151310632,0.266148602754511,0.266217088109459,0.26624491050937,0.266225566633335,0.266156255844249,0.266038104653167,0.265876086108244,0.26567863884091,0.265457015513602,0.265224410150894,0.264994928077131,0.264782474186125,0.264599645787015,0.264456720912152,0.264360826672217,0.264315355391272,0.264319674702448,0.264369156596254,0.264455529049416,0.264567528798315,0.264691805306539,0.264814000289389,0.264919911357706,0.264996643926835,0.265033658567595,0.265023628131958,0.264963031699285,0.264852433881808,0.264696427345948,0.264503247370368,0.264284093782637,0.264052216648884,0.263821840076,0.263607013504954,0.263420487424597,0.263272706064009,0.26317099458507,0.263118998892969,0.263116417279633,0.263159043778025,0.263239119741669,0.263345963202275,0.263466821102673,0.263587873765298,0.263695314322529,0.26377642375585,0.263820561616506,0.263819995739122,0.263770505540967,0.263671712893986,0.263527117088564,0.263343831320402,0.263132037460616,0.262904196485778,0.262674073706458,0.262455655766112,0.262262045042459,0.262104416594422,0.261991117599595,0.261926982030549,0.26191292147183,0.261945832210258,0.262018829736551,0.262121791325248,0.262242162265653,0.262365962769047,0.262478917322836,0.262567615072433,0.262620602783221,0.262629316398513,0.26258877348156,0.262497971632936,0.262359962031306,0.262181591892555,0.261972936764487,0.261746471915325,0.261516055758295,0.261295811796014,0.261098999071086,0.260936959021905,0.260818221565367,0.260747842663083,0.260727025982659,0.26075305404504,0.260819526390583,0.260916879931199,0.261033149796729,0.26115491356272,0.261268346345333,0.261360303035502,0.261419342203785,0.261436614240058,0.261406549287929,0.261327294349356,0.261200864384253,0.261032992527375,0.260832689431806,0.26061154610149,0.260382833325727,0.260160463823445,0.259957893746578,0.259787049106949,0.2596573657176,0.259575023461626,0.259542437621317,0.259558047543466,0.259616421233078,0.259708673139328,0.259823167992163,0.259946456282068,0.260064362953674,0.260163136954607,0.260230566788215,0.260256972133206,0.260235990479311,0.26016509181954,0.260045776740942,0.259883442690533,0.259686933611063,0.259467813577628,0.259239424610541,0.259015805048461,0.258810557964427,0.258635764781016,0.258501033221787,0.258412752405074,0.258373607592239,0.258382387755513,0.258434099850317,0.2585203808894,0.258630172964962,0.258750603177431,0.258867996051699,0.258968940769156,0.259041334870276,0.259075326907122,0.259064085027284,0.259004330714379,0.258896596871373,0.258745192150089,0.258557874204957,0.258345253435577,0.258119968624496,0.257895696525292,0.257686073900167,0.257503617611285,0.257358726268672,0.257258840172013,0.257207827694744,0.257205653360227,0.25724836151909,0.257328380500399,0.257435122090972,0.257555827003267,0.257676589780687,0.257783483086077,0.257863690170812,0.257906549370697,0.257904420767868,0.257853302817963,0.257753150423189,0.257607870345403,0.257424994305233,0.257215056457254,0.256990728951715,0.256765791265467,0.256554020627565,0.256368092467897,0.256218575973497,0.256113103286286,0.256055779263396,0.256046878545109,0.256082849426957,0.256156616556791,0.256258152822865,0.256375274959543,0.256494603299202,0.256602612233681,0.256686688295774,0.256736112427928,0.256742892187669,0.256702383558583,0.256613656574061,0.256479574876763,0.256306579735464,0.256104193600645,0.255884281907742,0.255660129547455,0.255445400133578,0.255253055262082,0.255094318277867,0.254977768522747,0.254908642861404,0.254888402077464,0.254914596486941,0.254981043058531,0.255078305157539,0.255194442393708,0.255315972122128,0.255428961843993,0.255520159705431,0.25557806968409,0.255593884769499,0.255562201940519,0.255481458072919,0.255354048873341,0.255186122348132,0.254987068066743,0.254768747739065,0.254544530625376,0.254328211718185,0.254132901847599,0.253969982733316,0.253848212443405,0.253773049208049,0.253746240469026,0.253765704366783,0.253825711745559,0.253917354631793,0.254029262258943,0.254148503819483,0.254261604105254,0.254355594303415,0.254419020908707,0.254442837880124,0.254421112862606,0.254351491415695,0.254235383631499,0.254077860343469,0.253887266686935,0.253674579141694,0.25345255118482,0.25323471216524,0.253034299045174,0.252863206217103,0.252731034934433,0.252644315623693,0.25260596644237,0.252615037593549,0.252666769117044,0.252752960934849,0.252862624491567,0.252982862134163,0.253099904554486,0.253200224878405,0.253271638854455,0.253304297664348,0.253291487907899,0.253230172237507,0.253121228528045,0.252969370086499,0.25278275352842,0.252572306410623,0.252350832345237,0.252131971557361,0.251929104611488,0.251754286791875,0.251617295110423,0.251524861997439,0.251480157185533,0.251482558705601,0.251527726748053,0.251607967144774,0.251712850351983,0.251830037031867,0.251946248560661,0.25204830844296,0.252124172488039,0.252163866613136,0.252160261410768,0.252109627383085,0.252011929917357,0.251870839365579,0.251693452005953,0.251489741823082,0.251271785884431,0.251052822710907,0.250846213432765,0.250664383096298,0.250517825237462,0.250414252779452,0.250357967816776,0.250349502621746,0.250385560292316,0.25045926115116,0.25056068010788,0.250677637431863,0.250796680864936,0.250904176457589,0.250987415341354,0.251035644880144,0.25104094107598,0.250998851096013,0.250908751214707,0.250773888941505,0.250601107355522,0.250400278640285,0.250183496818092,0.2499640961002,0.249755573899651,0.249570506914518,0.24941955083016,0.249310605184764,0.249248206373609,0.249233190052024,0.249262644295972,0.24933015600447,0.249426331630928,0.249539549566183,0.249656880929346,0.249765103866917,0.249851733901039,0.249905994876995,0.249919658502074,0.249887687276397,0.249808629538303,0.249684736186681,0.249521791480663,0.249328670578646,0.249116654256643,0.248898549341665,0.248687681675287,0.248496842029625,0.248337269431059,0.248217751148613,0.248143908898365,0.248117729689421,0.248137385038269,0.248197360153096,0.248288885961448,0.248400638112507,0.248519644978402,0.248632332304745,0.248725622194963,0.248787996964054,0.248810437414223,0.248787154749478,0.248716055403866,0.248598903057448,0.248441166795145,0.24825156803035,0.248041363299868,0.247823424231625,0.24761119447376,0.247417611283653,0.247254077457088,0.247129562190128,0.247049900292917,0.247017345811221,0.247030415215553,0.247084028334332,0.247169928772882,0.247277345528779,0.247393843823272,0.247506301730724,0.24760193833561,0.247669312510641,0.247699213719057,0.247685377543212,0.247624974178691,0.247518833852239,0.247371389695621,0.247190338953657,0.246986047088529,0.246770741334598,0.246557555745102,0.246359498824815,0.246188420930032,0.246054062822587,0.245963265239554,0.245919407606414,0.245922122877293,0.245967311022016,0.246047451246627,0.246152192524492,0.246269180210848,0.246385053464886,0.2464865294478,0.246561481967776,0.246599925264836,0.246594823683467,0.246542661334427,0.246443723225731,0.246302063193183,0.246125162929361,0.245923314502145,0.245708780431704,0.24549480018973,0.245294522833856,0.24511995305225,0.244980998389395,0.244884695081056,0.244834670410175,0.24483087724449,0.244869616403644,0.244943843970673,0.245043740060663,0.245157492950343,0.245272233243378,0.245375042449241,0.245453959106328,0.245498908859693,0.245502489552965,0.245460550236621,0.245372517634873,0.245241444775074,0.245073779265524,0.244878868594268,0.244668236934298,0.244454685074326,0.244251282137131,0.244070329924323,0.243922383251587,0.243815402956213,0.243754107185719,0.243739574322601,0.24376913546645,0.243836572057523,0.24393260582792,0.244045640320709,0.244162692281706,0.24427043834844,0.244356294273734,0.244409438711823,0.244421694474755,0.244388191354593,0.244307755674914,0.244182997189353,0.244020088552708,0.243828255676948,0.243619020699068,0.243405261996657,0.243200172428665,0.243016203076416,0.242864076028612,0.24275194117613,0.242684741655947,0.242663838521219,0.242686924132578,0.242748227066458,0.242838985538251,0.242948147196228,0.243063240565631,0.243171353318835,0.243260143173094,0.243318802030228,0.243338897526195,0.243315028415522,0.243245246446332,0.243131213564338,0.2429780800564,0.242794089440299,0.24258993904755,0.242377946337509,0.242171085296797,0.24198196496836,0.241821826753868,0.241699639823072,0.241621371038299,0.241589492922849,0.241602771250019,0.241656348930835,0.241742120433742,0.241849370953066,0.24196563378908,0.242077697887251,0.242172680539062,0.242239073799676,0.242267677927984,0.242252346733508,0.24219048430717,0.242083250804139,0.241935459030908,0.2417551721511,0.241553039943336,0.241341431337908,0.241133434111576,0.240941801700457,0.240777932902338,0.240650969173499,0.240567082653992,0.240529007713665,0.240535846139116,0.240583156052347,0.240663316536032,0.240766140191709,0.240879684443558,0.240991194528031,0.24108810216233,0.241159003912917,0.241194547779822,0.241188162301364,0.241136571287831,0.241040052573666,0.240902420580372,0.24073073512668,0.240534758359394,0.240326198062004,0.24011779172328,0.239922301526307,0.2397515011612,0.239615236404824,0.239520633295952,0.23947151537149,0.239468078143866,0.239506852943305,0.239580969815294,0.239680701209191,0.239794241144331,0.239908654845056,0.240010922483328,0.240088994251532,0.240132770668817,0.240134924685749,0.240091494751238,0.240002199951797,0.239870454103052,0.239703080077855,0.239509748055829,0.239302183649796,0.239093213049763,0.238895727321851,0.238721652323172,0.238581005324856,0.238481109468992,0.238426025819957,0.238416248119455,0.238448684184958,0.238516921560788,0.238611749942411,0.238721894695864,0.238834904358154,0.238938126229947,0.239019696241117,0.239069465482202,0.239079790536018,0.239046127895922,0.238967389608909,0.238846033843415,0.238687880963738,0.238501665658511,0.23829835820191,0.238090308069798,0.237890276246415,0.237710428870343,0.237561367988596,0.237451276398446,0.237385249296403,0.237364871519158,0.237388076509546,0.23744929792535,0.237539902467778,0.237648873086478,0.237763692091357,0.237871353763815,0.237959420934716,0.238017035373208,0.238035798244436,0.238010449896472,0.237939293938428,0.237824329432901,0.237671079209177,0.237488130348758,0.237286428959536,0.237078390212975,0.236876896112047,0.236694260789058,0.236541247253579,0.236426216975985,0.23635448100251,0.23632790024263,0.236344759581456,0.236399920515696,0.236485239390469,0.236590219476696,0.236702844942582,0.236810528261265,0.236901094980757,0.236963731050735,0.23698982355846,0.236973632588837,0.236912741611043,0.23680824963287,0.236664689927148,0.236489682568293,0.236293346936775,0.236087515944289,0.235884808800462,0.235697633629727,0.235537200559436,0.235412625488791,0.235330195261164,0.235292851389569,0.235299935262777,0.235347221188355,0.235427241214556,0.235529878271999,0.235643178113918,0.235754312143046,0.235850613413331,0.235920603432447,0.235954925907467,0.235947107925124,0.235894082951694,0.2357964327325,0.235658331127223,0.235487196998644,0.23529308488403,0.235087863232426,0.234884249621154,0.234694785630112,0.234530836659956,0.23440169505707,0.234313853648646,0.234270504488157,0.234271302473454,0.23431241234471,0.234386831701717,0.234484958370371,0.234595353232219,0.234705639343916,0.234803470713264,0.234877497582112,0.234918252635653,0.234918888429502,0.234875710302817,0.234788466438737,0.234660373592439,0.23449787391991,0.234310138001281,0.234108351010446,0.233904838128667,0.233712097182665,0.233541811420709,0.233403917001048,0.233305799540632,0.233251688542314,0.233242303618572,0.233274783188307,0.233342900911337,0.23343755300171,0.233547480830063,0.233660174793439,0.233762887108401,0.233843667881162,0.233892335974438,0.233901304193482,0.233866192630712,0.233786180690885,0.233664067716882,0.233506036292554,0.233321139718286,0.233120560084521,0.232916700748785,0.232722186854802,0.232548853154531,0.23240680089002,0.232303601571959,0.232243711784272,0.232228141485029,0.232254395081738,0.232316684780123,0.232406398648762,0.232512787954799,0.232623819382981,0.232727122601839,0.232810957344828,0.232865126650775,0.23288176967209,0.232855975319227,0.232786168498128,0.232674237016197,0.232525388885197,0.232347751903102,0.232151745731661,0.231949271431513,0.231752777385821,0.231574273724401,0.231424375254299,0.231311451078348,0.231240948285333,0.231214942394909,0.231231952181156,0.231287039520884,0.231372192626084,0.231476964275528,0.23158931167287,0.231696567528992,0.231786463736756,0.231848126070406,0.231872958623441,0.231855342638917,0.231793089460969,0.231687610657001,0.231543794375435,0.231369600641022,0.231175409015443,0.230973171829911,0.230775444256854,0.230594374048363,0.23044073471376,0.230323077507119,0.23024706514074,0.230215037007598,0.230225840181416,0.230274939420303,0.230354794071238,0.230455466297664,0.230565408852933,0.230672371496833,0.230764358994304,0.230830568497599,0.230862232986565,0.230853304382423,0.230800924685202,0.230705651345583,0.230571420157551,0.230405245819124,0.230216679590521,0.230017064605949,0.229818647504832,0.229633615679605,0.2294731329869,0.229346446991091,0.229260139193565,0.229217582976318,0.229218658218678,0.229259747823114,0.229334015889437,0.229431945477605,0.229542095948567,0.229652022697539,0.22974928541347,0.229822459510286,0.2298620642869,0.229861330887893,0.229816748662203,0.229728346049793,0.229599681923335,0.229437547316785,0.229251404170015,0.229052611452429,0.228853504900796,0.228666404779919,0.228502630018686,0.228371598013367,0.22828008418242,0.228231700743033,0.228226632029069,0.228261640369097,0.22833033701806,0.22842369620731,0.228530773485836,0.228639571848415,0.228737985358287,0.228814744969869,0.228860294896876,0.228867535684015,0.228832378930099,0.228754069823929,0.228635250374172,0.228481757879583,0.228302174988864,0.228107165387006,0.227908642990159,0.227718835366329,0.227549313960713,0.227410070194082,0.227308713307238,0.227249853783049,0.227234720436613,0.227261043468957,0.227323218502478,0.227412744564605,0.227518902994747,0.227629620411055,0.227732443252194,0.22781554475916,0.227868684020015,0.227884038676552,0.227856840320908,0.227785757744766,0.227672997024663,0.227524113380901,0.227347552833612,0.227153961434348,0.226955318302473,0.226763965174158,0.226591615056386,0.22644842192563,0.226342183620496,0.226277736525296,0.22625658678027,0.226276806961361,0.226333206333356,0.226417758067288,0.226520244228274,0.22662906418657,0.226732144142943,0.226817880582452,0.226876046672712,0.226898590748999,0.226880263977176,0.226819029708953,0.226716225296396,0.226576464345195,0.226407284117457,0.226218561628885,0.226021742326834,0.225828942273531,0.225651994122701,0.22550150934925,0.225386028000779,0.225311324285731,0.225279928469325,0.225290909007062,0.2253399347533,0.225419611612561,0.22552006662751,0.225629735405448,0.225736292919775,0.225827652706093,0.225892949783542,0.225923423237653,0.225913125342818,0.225859400722651,0.225763097302017,0.225628490872127,0.225462928828058,0.225276224521559,0.225079856149448,0.224886038439673,0.224706741924844,0.224552736905578,0.224432738661548,0.224352724064293,0.224315474329246,0.224320376107203,0.224363489806608,0.22443787484921,0.224534145817664,0.224641217588276,0.224747181140995,0.22484023930454,0.224909627963095,0.224946453012607,0.224944382155219,0.224900140264993,0.224813768918247,0.224688627727338,0.224531136723422,0.224350280419343,0.224156911162847,0.223962902286397,0.223780213232809,0.223619939374758,0.223491424353829,0.223401508243319,0.223353971620209,0.223349218937715,0.223384228162181,0.223452776172669,0.223545927709726,0.223652750509165,0.223761196632598,0.223859075828651,0.223935041689276,0.223979511779927,0.223985446516784,0.223948920376444,0.223869436096206,0.223749956719855,0.223596656119747,0.223418411060251,0.223226076575533,0.223031603516082,0.222847072012796,0.222683722852895,0.222551066578841,0.222456139029114,0.222402957488206,0.222392217126056,0.222421251435755,0.222484259829447,0.222572781523502,0.222676373194336,0.222783433800958,0.222882113172878,0.222961237345575,0.223011181127609,0.223024619706645,0.222997099992451,0.222927388436891,0.222817570642279,0.2226728953445,0.22250137188454,0.222313148600593,0.222119719075891,0.221933019111413,0.221764485379834,0.221624147522828,0.221519822885046,0.221456478840722,0.221435818783966,0.22145613063727,0.22151241237857,0.221596763754201,0.221699012494808,0.221807527194507,0.221910154502043,0.221995204928166,0.222052403658464,0.222073725002411,0.222054041391345,0.22199153544222,0.221887842455407,0.221747910924742,0.221579591995823,0.221392993796348,0.221199657737582,0.2210116266859,0.220840479803874,0.220696409588454,0.220587414678903,0.220518674504496,0.220492155731195,0.220506477648837,0.220557040412573,0.220636401268743,0.220734868886709,0.220841271111409,0.220943836338968,0.221031117626091,0.221092886150038,0.221120926469316,0.221109675762522,0.221056659654144,0.220962689668435,0.220831804645064,0.220670959923558,0.220489489007048,0.220298378636249,0.220109410114125,0.219934230207198,0.219783424158515,0.219665667092261,0.219587024295949,0.219550456552011,0.21955556914055,0.219598626174324,0.219672834369953,0.219768879080833,0.219875671193695,0.21998124214907,0.22007371164402,0.22014224907502,0.220177951796348,0.220174568397598,0.220129005294944,0.220041572825585,0.21991595148592,0.219758884437499,0.219579624091943,0.21938917818283,0.219199416414149,0.2190221120897,0.218867999771357,0.218745926369471,0.218662160768485,0.218619911646285,0.218619088134961,0.218656321907354,0.218725249088097,0.218817027104899,0.218921040929491,0.219025740166524,0.219119542810619,0.219191739102085,0.219233327662332,0.219237718554623,0.219201247691614,0.219123463606723,0.219007166420905,0.218858196092332,0.218684983285196,0.218497893938121,0.218308417236379,0.218128261496234,0.217968429270245,0.217838342433904,0.217745084105243,0.217692818794597,0.217682442340382,0.217711495391238,0.217774349682481,0.217862651262771,0.21796598459307,0.21807270628929,0.218170884158977,0.218249265508742,0.218298192524835,0.218310386344108,0.218281534964676,0.21821063862035,0.218100085563325,0.217955451428117,0.217785038224668,0.217599193027283,0.217409466259698,0.217227680728162,0.217064985853306,0.216930970752738,0.216832906540907,0.216775179705422,0.216758961713271,0.216782136999591,0.216839488436935,0.21692312107949,0.217023090751621,0.21712819032063,0.217226832663623,0.217307959571425,0.21736190454935,0.217381144339398,0.217360884582064,0.217299436175146,0.217198351807725,0.217062309612741,0.216898752159667,0.21671730937518,0.216529049388354,0.216345612174667,0.216178290148654,0.216037127743018,0.215930114432618,0.215862538652932,0.215836554725533,0.215850996582324,0.2159014546879,0.215980615017637,0.216078838202745,0.216184933734506,0.216287064107121,0.216373702571079,0.216434566223046,0.216461449728101,0.216448891545419,0.216394615785057,0.216299711417971,0.216168535152069,0.216008349376241,0.215828727430449,0.215640774882116,0.215456229742081,0.21528651630188,0.215141832368422,0.215030344646324,0.214957553600213,0.214925872883946,0.214934452982741,0.214979262651257,0.215053421988762,0.215147758514378,0.215251537954592,0.215353309566613,0.215441801333093,0.215506799175252,0.215539944288162,0.21553538624778,0.215490240129234,0.215404812953186,0.215282583766258,0.215129938831248,0.214955679305305,0.214770335890949,0.214585342641284,0.214412135752489,0.214261248695268,0.214141473161348,0.214059150095747,0.21401764847332,0.214017078760486,0.214054269728028,0.214123012718685,0.214214552725087,0.214318286101408,0.21442261064512,0.214515862082264,0.21458726098361,0.214627789667402,0.214630923961514,0.214593159382355,0.214514290518391,0.214397422074316,0.21424871016418,0.214076854736318,0.213892386994915,0.213706814142811,0.21353169347686,0.213377709600252,0.213253826247726,0.213166579683011,0.213119571210839,0.213113199148719,0.213144647519743,0.213208125928464,0.213295337317626,0.213396136897798,0.213499332908482,0.21359356732576,0.213668206173856,0.213714168988497,0.213724634819583,0.213695573552984,0.213626063108579,0.213518366411634,0.213377759602565,0.213212123962755,0.21303133379937,0.212846487080804,0.212669035433322,0.21250987816792,0.212378491583184,0.212282165915202,0.212225414135642,0.212209600519216,0.212232817912328,0.212290024915789,0.212373436766518,0.212473143570614,0.212577907391371,0.212676071059279,0.212756501874976,0.21280949296386,0.212827550099525,0.212805999740565,0.212743366335017,0.212641486125635,0.212505349307623,0.212342686985499,0.212163339318746,0.211978456444417,0.211799596575388,0.211637795877051,0.211502688322469,0.211401747391813,0.211339707037967,0.211318202395383,0.211335654936656,0.211387410803775,0.211466121808787,0.211562336971903,0.211665253861293,0.211763568226029,0.211846357065564,0.211903930256866,0.211928586968353,0.211915217655163,0.211861703772225,0.211769084836727,0.211641481564951,0.211485780816644,0.211311103565985,0.211128093533798,0.210948080852606,0.210782187622054,0.21064044645146,0.210530999903476,0.210459442295973,0.210428357621738,0.210437095842594,0.210481811160029,0.210555761351445,0.210649842948188,0.210753318280851,0.210854677451538,0.210942568031856,0.211006716932526,0.211038766070237,0.211032950200205,0.210986561022704,0.21090016154675,0.210777534591978,0.210625369233399,0.210452710617489,0.210270220464317,0.210089312632973,0.209921236298441,0.209776179492436,0.209662462088781,0.20958588161287,0.209549265025309,0.209552262037185,0.209591392434573,0.209660337420234,0.209750447816275,0.209851429428126,0.209952154349189,0.210041535717064,0.210109396252915,0.210147261939238,0.21014902095898,0.210111400153002,0.210034223596765,0.209920431575067,0.209775855826509,0.209608767614159,0.20942923429688,0.209248333727343,0.209077284532264,0.208926557154579,0.2088050358136,0.208719301413898,0.208673096174614,0.208667013613968,0.208698437954442,0.208761739060266,0.208848711797817,0.20894922928063,0.209052058452179,0.20914576923742,0.209219660307975,0.209264625589754,0.209273892123595,0.20924356907804,0.209172960968065,0.209064617778903,0.208924119228109,0.20875961440473,0.208581156986609,0.20839989017205,0.208227146821502,0.208073538988753,0.20794811317704,0.20785764009534,0.207806092315511,0.207794345683716,0.207820124324901,0.207878193264766,0.207960784035624,0.208058217905262,0.208159673837046,0.208254038636141,0.208330774510257,0.208380740380776,0.208396905489783,0.20837489937232,0.208313354290025,0.208214014065273,0.208081602383972,0.207923460416364,0.207748978613643,0.207568863209941,0.207394293699661,0.207236038865957,0.207103601907697,0.207004460758593,0.206943462038806,0.206922418364415,0.206939946534956,0.20699156518137,0.207070046093719,0.207165989667203,0.207268577011494,0.207366439466696,0.207448577460638,0.207505253918807,0.207528786218782,0.20751416877184,0.207459475010566,0.207366007966241,0.207238188629924,0.207083190900449,0.206910352793095,0.206730414323732,0.206554648132329,0.20639395556153,0.206257999627533,0.206154441313075,0.206088338831591,0.206061758562569,0.206073628465173,0.206119841787693,0.206193596824999,0.206285941966697,0.206386483628228,0.206484204256758,0.206568327598298,0.206629162482624,0.206658858497742,0.206652016568955,0.206606110270894,0.206521686540811,0.206402328402961,0.206254379860347,0.206086453403876,0.205908759009964,0.205732306216587,0.2055680384875,0.205425964660921,0.205314356271309,0.205239078197966,0.20520310981255,0.205206295891494,0.205245346509106,0.205314087038033,0.205403942458805,0.205504621528139,0.205604946542626,0.20569375865508,0.205760822024675,0.205797652626217,0.205798205377207,0.20575936359259,0.205681188862554,0.205566909445537,0.205422649613329,0.205256925715974,0.205079952654442,0.204902817088269,0.20473658361312,0.204591407337157,0.20447572705887,0.204395604545769,0.204354259203203,0.204351829370551,0.204385375314194,0.204449123408537,0.204534932969081,0.204632947411742,0.204732374976941,0.20482233572496,0.204892710385351,0.204934928840385,0.204942639278602,0.204912205474242,0.20484299229396,0.204737417657055,0.204600768272526,0.204440792963832,0.204267101863005,0.204090414636811,0.203921715624182,0.203771383883669,0.203648367868435,0.203559468756905,0.203508787670872,0.203497382354784,0.203523166071525,0.203581062345652,0.20366340507248,0.203760550348823,0.203861649409282,0.203955521453058,0.204031557793305,0.204080583639889,0.204095604150223,0.204072370738478,0.204009721183469,0.203909667897933,0.20377722873254,0.203620013884304,0.203447602521543,0.203270762289565,0.20310057908817,0.202947569668653,0.202820846888584,0.202727401191085,0.202671554098392,0.202654627931891,0.202674857867775,0.202727549626359,0.20280546450365,0.202899397646985,0.202998904741386,0.203093122991817,0.203171623527788,0.203225227650254,0.203246722509178,0.203231422265363,0.20317753421401,0.203086302607436,0.202961917047252,0.202811189752891,0.202643025862166,0.202467728595405,0.202296192862657,0.202139047382038,0.20200580972995,0.2019041214825,0.201839128114413,0.201813057085224,0.201825028948037,0.201871115878022,0.201944643890396,0.202036718480591,0.202136935618042,0.20223422145307,0.202317729779523,0.202377721118359,0.202406351249482,0.20239830612959,0.202351231546214,0.202265920659834,0.202146242821976,0.201998821115959,0.201832488645683,0.201657570421409,0.201485049006203,0.201325680545728,0.201189133545876,0.201083222224148,0.201013296500925,0.200981833744871,0.200988258919627,0.201029003538073,0.201097798558862,0.201186179017919,0.201284159374334,0.201381023226003,0.201466163634951,0.201529910254999,0.20156428269831,0.201563613825119,0.201524993894812,0.201448499716635,0.201337191277879,0.201196877325523,0.201035667507206,0.200863342555276,0.200690588047188,0.200528150944241,0.200385987039911,0.200272467931895,0.200193709246422,0.200153071967287,0.200150878200218,0.200184369361648,0.200247915563051,0.200333461186356,0.200431169182875,0.200530210642687,0.200619636819993,0.200689264902606,0.200730505255922,0.200737059669335,0.200705430665452,0.200635200237162,0.200529057511458,0.200392574743705,0.200233749732996,0.2000623518931,0.199889127541053,0.199724932771645,0.199579865979528,0.199462468003717,0.19937905040516,0.199333203699342,0.199325525252216,0.199353588327108,0.199412151216382,0.199493584339654,0.199588478127346,0.199686384708344,0.199776638258642,0.199849191338331,0.1998954010276,0.199908702847893,0.199885121685811,0.199823582907112,0.199726000458228,0.199597133005522,0.199444216423165,0.199276400288414,0.199104032931654,0.198937850337332,0.198788129536762,0.198663870258715,0.198572070117294,0.198517155017443,0.198500614339647,0.198520871269781,0.19857339790765,0.198651066715873,0.198744713805564,0.198843872671409,0.198937619700021,0.199015459932981,0.199068177867568,0.199088583407164,0.19907209338262,0.199017101439274,0.198925104491339,0.198800574311966,0.198650586504132,0.198484240850881,0.198311922723711,0.198144465201054,0.197992278573238,0.197864518243866,0.197768360252931,0.197708442914779,0.19768651546234,0.197701315796425,0.197748683207477,0.197821897040074,0.197912215662706,0.198009572296629,0.198103370054071,0.198183312227934,0.198240204878579,0.198266673011798,0.198257736825789,0.198211202528771,0.198127835915836,0.198011305382373,0.19786789988775,0.197706043095827,0.197535638151018,0.197367290726952,0.197211470585612,0.197077679626891,0.19697369368102,0.196904937259012,0.196874039582102,0.196880608903204,0.196921248357824,0.196989817365408,0.197077919254797,0.197175574097788,0.197272020787137,0.197356584295348,0.197419539600675,0.197452901732711,0.197451074591906,0.197411302815122,0.197333889913939,0.197222167250527,0.197082218114625,0.196922379257841,0.196752560425283,0.196583439497191,0.196425602243423,0.196288697960342,0.196180676856482,0.196107166473808,0.196071034916004,0.196072176092121,0.196107533929805,0.196171360291746,0.19625568087375,0.196350929082467,0.196446699041385,0.196532561826034,0.196598882706537,0.196637574812109,0.196642729766894,0.196611077786512,0.196542244176906,0.196438783069487,0.196305983531517,0.196151460210824,0.19598455946549,0.195815627989268,0.195655200670477,0.195513168619894,0.19539799021437,0.195316008322454,0.195270932222371,0.195263529793951,0.195291555859954,0.195349921626268,0.195431092248751,0.195525684036199,0.195623216884954,0.195712961565216,0.195784810118422,0.195830095387917,0.19584229234991,0.195817545334647,0.195754978454426,0.195656762453479,0.19552793158868,0.195375967360376,0.195210186777296,0.195040987335565,0.194879009510531,0.194734283167653,0.194615427272321,0.194528969321401,0.194478839301213,0.194466074814132,0.194488754985198,0.19454216461622,0.194619175593444,0.1947108167244,0.194806986397383,0.194897249379375,0.19497165385761,0.1950215068577,0.195040051380967,0.195022994662951,0.194968845679768,0.194879034135115,0.194757801736583,0.194611875188231,0.194449945568049,0.194281991294392,0.194118494152012,0.193969609362943,0.193844357251095,0.193749902145867,0.193690975034808,0.193669484627665,0.193684349474005,0.193731569651619,0.193804537418147,0.19389456338911,0.193991573965281,0.194084921869928,0.194164244831838,0.1942203044262,0.194245736525822,0.194235649350704,0.194188017717702,0.194103841595387,0.193987058505306,0.19384421870367,0.193683949496375,0.193516252212775,0.193351691161973,0.193200543879887,0.193071982852966,0.192973352247898,0.19290959356175,0.192882863853594,0.19289237729419,0.19293448256017,0.193002966776954,0.193089556909802,0.193184576041983,0.193277704096639,0.193358786617135,0.193418630073426,0.193449720908262,0.193446811582791,0.193407329477448,0.193331579377975,0.193222724381043,0.193086544337959,0.192930987671417,0.192765550589595,0.19260053292465,0.192446228509385,0.192312111048489,0.192206077147519,0.192133807323364,0.192098300173683,0.192099621227907,0.192134887876211,0.192198490739444,0.19228253414965,0.192377463512085,0.192472832433553,0.192558147874764,0.192623721706055,0.192661456233009,0.192665499152429,0.192632715848605,0.192562940921211,0.192458987122406,0.192326410200997,0.192173050808719,0.19200839453744,0.191842804437636,0.191686687632554,0.191549661860243,0.19143978943963,0.191362942096732,0.191322347668312,0.191318351069358,0.191348402728628,0.191407271712032,0.191487466782533,0.191579833628404,0.191674280757402,0.191760574607119,0.191829140294022,0.191871807441797,0.191882446650094,0.191857449040785,0.191796010682583,0.191700198157086,0.191574790129607,0.191426908126259,0.191265464432853,0.191100466825642,0.19094223117141,0.190800563353567,0.190683977377106,0.190599013456353,0.190549709706331,0.190537268326706,0.190559944518807,0.190613171990164,0.190689919956919,0.190781254322128,0.19087705578049,0.190966834864492,0.191040578406702,0.191089560273286,0.191107050083861,0.191088859423623,0.191033678571033,0.190943176716127,0.190821860078111,0.190676701324673,0.190516570364584,0.190351512699421,0.190191936032507,0.190047774432929,0.189927698889436,0.189838435242274,0.189784239905229,0.189766572882179,0.189783994380758,0.189832293242253,0.189904834052224,0.189993090689632,0.190087321456252,0.190177334016486,0.190253283529288,0.190306443356982,0.190329887553039,0.190319031236155,0.190271988150035,0.190189719938761,0.190075965920045,0.189936956339509,0.1897809284433,0.189617482242722,0.189456827154044,0.189308978329395,0.189182963390598,0.189086099806965,0.189023401200265,0.188997164275501,0.189006773766096,0.189048742325528,0.189116981255654,0.189203280589784,0.189297962837271,0.189390660876385,0.189471157215373,0.189530213436752,0.189560319220723,0.189556299428804,0.189515731116761,0.189439136973037,0.189329938241845,0.189194170340519,0.189039986412417,0.188876992972026,0.188715473840746,0.188565564480918,0.188436441691383,0.18833559403802,0.188268233306765,0.188236894134562,0.188241249962948,0.188278154205726,0.188341899764991,0.18842467660049,0.188517192886733,0.18860941062117,0.188691335727921,0.188753799638957,0.188789173309408,0.188791961605481,0.188759233635706,0.188690854533261,0.188589498951225,0.188460445096783,0.188311166132205,0.188150749906052,0.187989188989647,0.187836593356056,0.187702387356641,0.187594556894466,0.187519008536753,0.187479091132989,0.187475316961466,0.187505306232666,0.187563964218445,0.187643881596151,0.187735927035289,0.187829982097841,0.187915756949151,0.187983621126497,0.188025383368182,0.188034956726136,0.188008852147375,0.187946458033454,0.187850083588216,0.187724765100354,0.187577852817998,0.187418411925978,0.187256486151471,0.187102285739665,0.186965368779059,0.186853883102363,0.186773927024654,0.186729075726301,0.186720108607475,0.18674495954176,0.186798894069844,0.186874896748328,0.186964233506872,0.187057142122675,0.187143597983012,0.187214098531168,0.18726040690971,0.187276196161224,0.187257543064482,0.187203234416479,0.187114864092532,0.18699671354548,0.186855422456882,0.186699472192908,0.186538521564621,0.186382647782933,0.186241552061744,0.186123790071887,0.186036085823067,0.185982784525275,0.185965492529704,0.185982937564855,0.186031061779629,0.186103339137204,0.186191291731016,0.186285166137877,0.186374718214808,0.186450042852551,0.186502378247823,0.186524816184375,0.186512860019963,0.186464786317009,0.186381781228056,0.186267839482691,0.186129433708448,0.185974983151941,0.185814168739066,0.185657152199973,0.185513761549344,0.185392706741412,0.185300888532697,0.185242857549713,0.185220466800429,0.185232741561875,0.185275971329682,0.185344013050079,0.185428782014964,0.185520893507155,0.185610404684982,0.185687596497569,0.185743733401273,0.185771743542312,0.185766769865743,0.185726550940707,0.185651600737245,0.185545171570273,0.185413002893268,0.185262876235942,0.185104010091947,0.184946338755301,0.184799728478351,0.184673192536733,0.184574169898063,0.184507926967353,0.184477129776492,0.184481619703025,0.184518412144359,0.184581922924469,0.184664408873892,0.184756588205044,0.184848388373681,0.184929758732854,0.184991482323128,0.18502592223656,0.185027641506496,0.184993843525116,0.184924595028228,0.184822814240748,0.184694027921631,0.184545918990929,0.18438770139806,0.184229372775359,0.184080907343596,0.183951457443911,0.183848629078113,0.183777886823493,0.183742131233299,0.183741479866456,0.183773269576925,0.183832280074738,0.183911158525696,0.184001007374191,0.184092086719311,0.184174577613311,0.184239349935233,0.184278676691469,0.184286838419209,0.184260569841569,0.184199315139412,0.184105273961933,0.183983234643691,0.183840204934896,0.183684866017814,0.183526891695578,0.183376187091807,0.183242106693347,0.183132711184969,0.183054119771763,0.18301001063293,0.183001313895941,0.183026126144803,0.183079854618364,0.183155578447966,0.183244597783442,0.183337129008852,0.183423092683236,0.183492930330601,0.183538380688165,0.183553149248986,0.183533416190399,0.183478142779357,0.183389151963791,0.183270975668303,0.18313048084805,0.18297630692519,0.182818164023714,0.182666050939725,0.182529455020905,0.182416596371269,0.182333776876288,0.182284887634483,0.182271114079604,0.182290858560617,0.182339880980828,0.18241164298442,0.182497828971345,0.182589004828697,0.182675362748384,0.182747491912863,0.182797113826609,0.182817726848026,0.182805113034708,0.182757669382025,0.182676536422855,0.182565512297643,0.182430758715453,0.182280322399264,0.182123508454833,0.181970151443202,0.181829838302513,0.181711144372123,0.181620945775753,0.181563865178205,0.181541894956836,0.181554226882122,0.181597303356526,0.181665090604675,0.181749556297891,0.181841314087528,0.181930380661349,0.182006981758985,0.18206234189419,0.182089394924963,0.182083357358472,0.18204211532961,0.18196639184292,0.181859681574703,0.181727961399024,0.181579202111283,0.181422720872992,0.181268426626991,0.181126021357772,0.181004224679482,0.180910085067093,0.180848430061864,0.180821494811089,0.180828755920193,0.180866984031429,0.180930511255302,0.181011689976701,0.181101502799814,0.181190273449465,0.181268424450707,0.181327225719124,0.181359477435797,0.181360073343258,0.181326399779422,0.181258540406854,0.181159272518868,0.181033855100649,0.180889622394862,0.180735411669453,0.180580869230705,0.180435690212524,0.180308852090318,0.18020790036883,0.180138341051981,0.180103189480981,0.180102716134185,0.180134414191158,0.18019319273477,0.180271778906469,0.180361296377966,0.180451975714908,0.180533941808464,0.180598014418701,0.180636453767877,0.180643587598169,0.180616268336966,0.180554124676917,0.180459587837766,0.180337689565134,0.180195648028535,0.180042277531276,0.179887273620833,0.179740433435101,0.179610873051233,0.179506302608828,0.17943241699005,0.179392452132219,0.179386942282471,0.179413693853565,0.17946797253014,0.179542885575281,0.179629929749975,0.179719663781369,0.179802452874422,0.17986922527213,0.179912180860461,0.179925398434926,0.179905297511617,0.179850920103699,0.179764009150005,0.179648875528016,0.179512063687976,0.179361842627676,0.179207561062176,0.179058914099233,0.178925176078661,0.178814460248406,0.178733066874587,0.178684974164763,0.178671512603423,0.178691247763892,0.178740082318461,0.178811573389916,0.178897443973074,0.178988248010991,0.179074132958962,0.179145635717456,0.179194447391403,0.179214085979096,0.179200421992176,0.179152011969184,0.179070211018768,0.178959056303343,0.178824933880678,0.17867605792118,0.178521804387333,0.178371952810891,0.178235899152801,0.178121906085271,0.178036451750876,0.17798372616268,0.177965310793534,0.177980064191899,0.17802422293214,0.178091710316751,0.17817462632413,0.17826387637944,0.178349887495185,0.178423357297225,0.178475980774637,0.17850109983781,0.178494224412726,0.178453383626286,0.178379280646192,0.178275240777698,0.17814695661076,0.178002047253221,0.177849463061759,0.17769878182599,0.177559452876627,0.177440048938098,0.177347582950075,0.177286942183257,0.177260486031943,0.177267844208326,0.177305935944066,0.177369209891689,0.177450084184805,0.177539550774016,0.177627897273774,0.177705490347436,0.177763556899975,0.177794896614419,0.177794465031437,0.177759779495825,0.177691116534955,0.177591485443302,0.177466379519083,0.177323324994038,0.177171266571646,0.177019843028771,0.176878613320024,0.176756294278202,0.176660068815349,0.176595019528974,0.176563734188311,0.176566114432334,0.176599399313434,0.176658396535593,0.176735899995126,0.176823261395024,0.17691107315759,0.176989909498998,0.177051066123802,0.177087239951364,0.177093097706259,0.177065692125296,0.177004694585488,0.176912424538822,0.176793671426225,0.176655322583105,0.176505826795929,0.176354534560098,0.176210963640073,0.176084044851014,0.175981407908553,0.175908767068441,0.175869458138638,0.175864163930014,0.175890849167295,0.175944911318504,0.176019539375619,0.176106255771363,0.176195598397406,0.176277885081442,0.176343996158223,0.176386111584661,0.176398343895748,0.176377215280218,0.176321937839469,0.176234472691972,0.176119364331059,0.17598336670879,0.175834893352641,0.175683335877994,0.175538305619456,0.175408861186174,0.175302786882331,0.175225980595401,0.175181997043351,0.175171778098807,0.175193588941305,0.175243165352102,0.175314061021969,0.175398165545709,0.175486348739983,0.17556917881806,0.175637659872975,0.175683934417264,0.175701897932816,0.175687676865336,0.175639931924121,0.175559963867749,0.175451615044186,0.175320973975219,0.175175903136491,0.17502542385171,0.174879005935946,0.174745819250035,0.174634006609366,0.174550033820401,0.174498166707681,0.174480118194822,0.174494898250736,0.174538883138063,0.174606099582143,0.174688699647856,0.174777587447529,0.174863148870666,0.174936027520793,0.174987883642641,0.175012071422595,0.175004176837779,0.174962372172332,0.174887560045098,0.174783296150991,0.174655496384552,0.174511952029986,0.174361694658282,0.174214265756638,0.174078951839347,0.173964045195292,0.17387618709712,0.173819845360535,0.17379696907078,0.173806847850145,0.173846183363952,0.173909362261747,0.173988906019738,0.17407606304779,0.174161498821984,0.174236030513353,0.174291347238275,0.174320658940155,0.174319225090666,0.174284724923313,0.174217441416187,0.174120243072619,0.173998362815179,0.173858990832817,0.173710713792126,0.173562843437941,0.173424684231297,0.173304794955398,0.173210303074148,0.173146329489858,0.173115572342239,0.173118083307986,0.17315125338339,0.173210010427459,0.173287216544188,0.173374237166261,0.173461636455185,0.173539940199039,0.173600401900421,0.173635709772925,0.173640578355156,0.173612176435674,0.173550354499349,0.173457651840355,0.173339084120272,0.173201731699365,0.173054164076924,0.17290574678273,0.172765886227238,0.172643274859758,0.172545199952115,0.172476971996815,0.17244151524627,0.172439148264363,0.172467569215524,0.172522047342169,0.172595806139654,0.172680566302232,0.17276720237106,0.172846459843662,0.172909678360714,0.17294946783054,0.172960286472551,0.172938875022542,0.172884512309854,0.172799072992921,0.172686884324397,0.172554392614427,0.172409662485964,0.172261745128508,0.172119964619669,0.171993179920426,0.171889081379207,0.171813575863382,0.171770307754154,0.171760355439106,0.171782132163623,0.171831503557974,0.171902113515781,0.171985890743055,0.172073694362592,0.172156048008568,0.172223905052329,0.172269382538613,0.172286401299467,0.172271177566748,0.172222526083906,0.172141951838199,0.172033523952139,0.171903541448894,0.171760017973774,0.17161202954954,0.171468981662941,0.171339856463426,0.1712324990518,0.171152997416819,0.171105204765745,0.171090443355128,0.171107413267195,0.17115231000099,0.171219136594073,0.171300182809135,0.171386634568613,0.171469268166855,0.171539175565543,0.171588462776613,0.171610866118236,0.171602240017538,0.171560881102967,0.171487664225032,0.171385978068907,0.171261463214998,0.1711215726618,0.170974989776895,0.170830948448218,0.170698505887917,0.170585822790599,0.170499508347584,0.170444085503708,0.170421622027044,0.170431557182956,0.170470736974793,0.170533656149203,0.170612891265104,0.170699693598238,0.170784694419207,0.170858662943017,0.170913252989679,0.170941677601038,0.170939257936101,0.170903801673962,0.170835778310781,0.170738275914928,0.170616744342105,0.170478548878655,0.170332372414875,0.170187514181271,0.170053141050495,0.169937553032923,0.169847524443499,0.169787773967093,0.169760602713923,0.169765724296324,0.169800297702823,0.169859160694114,0.169935246054195,0.170020146391215,0.170104779953441,0.170180103684175,0.170237819514466,0.170271022050112,0.170274738802334,0.170246320105086,0.170185647315419,0.170095143668369,0.16997958818034,0.169845746513754,0.169701844659367,0.169556923715247,0.169420126028367,0.169299970503618,0.169203675075522,0.169136578608803,0.169101706690953,0.169099517439528,0.169127852221301,0.169182099540737,0.169255559969485,0.169339981176818,0.169426218973429,0.169504972341694,0.169567534842247,0.169606501036493,0.169616367692763,0.169593978393402,0.169538775495283,0.169452840820604,0.169340722840373,0.16920906391969,0.169066057855628,0.16892078394091,0.168782474833744,0.168659778772715,0.168560073703079,0.168488885432703,0.16844945532146,0.168442492876112,0.168466132815189,0.168516096755789,0.16858604192411,0.168668066702461,0.16875333425231,0.168832767751227,0.16889776360763,0.16894086572934,0.168956347563792,0.168940658182915,0.168892700248936,0.168813918925582,0.168708192953534,0.168581534168785,0.168441618486965,0.168297185672787,0.168157354188535,0.168030902140731,0.167925568563178,0.167847431042183,0.167800412639184,0.167785960497293,0.167802922214269,0.16784762896083,0.167914179576047,0.167994906341994,0.16808098835853,0.168163163255989,0.16823247695226,0.168281008121711,0.168302508391339,0.16829290737956,0.168250641440044,0.168176777680269,0.168074922156209,0.167950921309107,0.167812384031437,0.167668064964582,0.167527158464002,0.167398559445792,0.167290151767576,0.167208183582909,0.16715678000785,0.167137628705464,0.16714985860396,0.167190118665033,0.167252850845339,0.167330736598123,0.167415280450646,0.167497481893262,0.167568541501712,0.167620547886654,0.167647095098774,0.167643783935375,0.167608567266868,0.167541911386607,0.167446761305868,0.167328313822004,0.167193615376343,0.167051013135021,0.166909499423772,0.166778000739911,0.166664669106235,0.166576232702608,0.166517456007077,0.166490751005669,0.166495972012426,0.166530415034127,0.166589025955681,0.166664801767762,0.166749350860264,0.166833566090853,0.166908357429154,0.166965386597213,0.166997743657355,0.167000507815844,0.166971144487954,0.166909706578588,0.1668188255699,0.166703494272705,0.166570658462255,0.166428650523074,0.166286513209845,0.166153271503663,0.166037212600129,0.165945229968437,0.165882281005332,0.165851000462913,0.165851501277376,0.165881378541307,0.165935913178524,0.166008454587756,0.166090949563511,0.166174577023328,0.166250441316922,0.166310270749989,0.166347065654533,0.166355644805982,0.166333049164521,0.166278773918739,0.166194811306724,0.166085498913453,0.165957183019603,0.165817722866262,0.165675875307251,0.165540607437708,0.16542038854624,0.165322514934286,0.16525252191146,0.165213733337301,0.165206987818464,0.165230563911158,0.165280309376383,0.165349964880919,0.165431659444658,0.165516540950007,0.165595490926909,0.16565986301261,0.165702182650087,0.165716751039122,0.165700105410587,0.165651298198164,0.165571970847716,0.165466215404696,0.165340236836855,0.165201846666462,0.165059830745103,0.164923241726444,0.164800672391687,0.164699569274121,0.164625643804945,0.16458242831498,0.164571008969309,0.164589952066785,0.164635426867533,0.164701515674946,0.164780687734818,0.164864398547652,0.164943764823238,0.165010260915933,0.165056384134013,0.16507624019426,0.165066004684136,0.165024223685468,0.164951928972825,0.164852559210666,0.164731694315044,0.164596622954882,0.164455774010446,0.16431805374647,0.164192140641984,0.164085795371672,0.164005241609528,0.163954665682632,0.16393587361016,0.163948134432353,0.163988226821178,0.164050689365429,0.164128255271384,0.16421243469224,0.164294196459491,0.164364695129935,0.164415986076657,0.164441670127387,0.164437412700977,0.164401293024399,0.16433395541326,0.164238552364446,0.164120485270806,0.163986963416219,0.163846417007108,0.163707813940734,0.163579938717512,0.163470692787882,0.163386470444951,0.163331657048602,0.163308288362869,0.163315898896296,0.163351571248368,0.163410179568214,0.163484803437042,0.163567277187177,0.16364883270317,0.163720787947439,0.16377522832384,0.163805626642742,0.163807352700884,0.163778034241801,0.163717743452605,0.163628994864302,0.163516552754239,0.163387060782793,0.163248522386544,0.163109673343354,0.162979295173784,0.162865520830438,0.162775185305233,0.162713273568979,0.162682513480034,0.162683149415791,0.16271291524467,0.162767207829564,0.162839447757137,0.162921601390099,0.163004825199956,0.163080180347838,0.163139356888147,0.163175346313049,0.163183007656933,0.163159482326195,0.163104423999814,0.163020023483742,0.162910825784104,0.162783356059747,0.162645587976857,0.162506299263216,0.162374365864558,0.162258050537703,0.162164343891373,0.162098412710114,0.162063199799243,0.162059203887386,0.162084452293541,0.162134665879967,0.162203603755514,0.162283561700574,0.162365984193662,0.16244213949833,0.162503803789031,0.162543902697354,0.162557063336781,0.162540035184208,0.162491946061029,0.162414372038254,0.162311216135681,0.162188406205043,0.162053434769277,0.161914773824908,0.161781207773754,0.16166113691531,0.161561908496644,0.161489229519955,0.161446706971025,0.161435550881696,0.16145446546524,0.161499741415008,0.161565545984099,0.161644388278342,0.16172772039591,0.161806624520511,0.161872531280054,0.161917912677128,0.161936892873562,0.161925724624504,0.161883090566735,0.161810205376914,0.161710712629326,0.161590385965686,0.161456658458788,0.161318018295727,0.161183321790272,0.161061082285144,0.160958793254332,0.160882337712776,0.160835527869142,0.160819810356927,0.160834161208527,0.160875178913286,0.160937365356962,0.161013568197087,0.161095547617586,0.161174624251658,0.161242360193199,0.161291220880595,0.161315165213466,0.161310117258903,0.161274284181125,0.161208297745604,0.161115168613645,0.161000054831714,0.160869860267956,0.16073269399965,0.160597233798909,0.160472043222718,0.160364893631535,0.160282142646412,0.16022821939855,0.160205261353357,0.16021293503926,0.160248455566262,0.160306802347849,0.160381114182606,0.16046323481163,0.160544367808314,0.160615787791021,0.16066954757156,0.160699121353157,0.160699931600112,0.160669717966298,0.160608718437013,0.160519646657527,0.160407466707119,0.160278985489946,0.160142298974237,0.160006138772913,0.159879171040278,0.159769302947912,0.159683053112842,0.159625038284145,0.159597617351831,0.159600717664148,0.159631852693975,0.159686327059642,0.159757613281344,0.159837871861379,0.159918573069821,0.159991169338212,0.160047764584169,0.160081730020357,0.160088221440991,0.160064558974149,0.160010438665762,0.159927958108892,0.159821454363839,0.159697167667758,0.159562756342776,0.159426697897804,0.159297620672086,0.159183618710137,0.159091606153212,0.159026763693535,0.158992120247725,0.158988302050143,0.159013470715589,0.159063459511394,0.15913210080873,0.159211719030657,0.159293747390725,0.159369417131814,0.159430464248619,0.159469797830688,0.159482075296171,0.159464135303097,0.159415251236951,0.159337185313535,0.159234041114528,0.159111927800976,0.158978462879677,0.1588421537544,0.158711710112043,0.158595345605512,0.158500125942273,0.158431413308793,0.158392448106621,0.15838409985371,0.15840480773335,0.158450715576379,0.158515987918164,0.15859327811393,0.158674309596399,0.158750526032263,0.158813762195554,0.158856884204888,0.15887434823247,0.158862633488885,0.158820517045647,0.158749171055343,0.158652074892522,0.158534746821811,0.158404313808148,0.158268952760865,0.15813724788195,0.158017514252749,0.157917138641894,0.157841987719701,0.15779593179796,0.157780525905978,0.157794877068267,0.157835708971612,0.157897617761764,0.157973498749148,0.158055112371645,0.158133746423244,0.158200920835066,0.15824907512653,0.158272180266281,0.158266225141238,0.15822953934466,0.158162926267922,0.158069594494793,0.157954892605905,0.157825870867713,0.157690708500541,0.157558054453122,0.157436333971973,0.15733307541907,0.157254311874004,0.157204107161647,0.157184244136518,0.157194096676997,0.157230690846758,0.157288947844368,0.15736209020997,0.15744218069544,0.157520750901195,0.1575894682469,0.157640788145115,0.157668542272096,0.157668419990173,0.1576383065999,0.157578450937835,0.157491447894193,0.157382037388677,0.157256736282413,0.157123331103985,0.156990268374668,0.156865987842219,0.156758251343105,0.156673522652046,0.156616449033335,0.15658948501849,0.156592687334836,0.156623698843089,0.156677926937866,0.156748905865831,0.156828814359844,0.156909104790326,0.156981191417825,0.15703714267067,0.157070322657122,0.157075929363322,0.157051383443048,0.156996534242406,0.156913667090147,0.156807313549471,0.156683881332799,0.156551133518975,0.156417559148876,0.156291688018361,0.156181407778904,0.156093339046892,0.156032316128576,0.156001011295355,0.155999730963448,0.156026400620103,0.156076739830828,0.156144610974289,0.156222510319906,0.156302160894449,0.156375162079756,0.156433647857358,0.156470903385427,0.156481890906766,0.15646364334165,0.15641549610611,0.156339140917983,0.156238497359284,0.156119409892963,0.155989191657341,0.155856050427804,0.155728442723856,0.155614406599701,0.155520923546256,0.155453358178434,0.155415021444596,0.155406896101404,0.15542754982141,0.155473243463093,0.155538224684001,0.155615183478345,0.155695835445191,0.155771588203833,0.15583423680417,0.155876629007659,0.155893244021861,0.155880637620732,0.155837718766004,0.1557658355434,0.155668662357886,0.155551897193099,0.155422795501277,0.155289581628591,0.155160786870022,0.155044566501234,0.154948049212169,0.154876771471932,0.154834243686342,0.154821682694495,0.154837928542978,0.154879547501472,0.154941110706697,0.155015627179421,0.155095098644745,0.155171152188844,0.155235699188384,0.155281568120906,0.155303063657059,0.155296411271887,0.15526005380777,0.155194775662422,0.155103643493428,0.154991768182303,0.154865907383994,0.154733938835888,0.15460424279498,0.154485039650222,0.154383735239801,0.154306328107465,0.154256927418103,0.154237419310748,0.154247307281069,0.154283740771494,0.154341733719736,0.154414559155854,0.154494288535023,0.154572430161315,0.154640613425921,0.154691263983465,0.154718216377301,0.154717213924651,0.154686252997523,0.154625742119804,0.154538463854273,0.154429344928959,0.154305054571453,0.154173463220946,0.154043005279235,0.153921999228242,0.153817982633749,0.153737116131735,0.153683701544408,0.153659848951982,0.153665317575992,0.153697543739581,0.153751853904852,0.153821843601325,0.153899888690343,0.153977746991788,0.154047204618326,0.154100719228827,0.15413201109065,0.154136554969081,0.154111933834468,0.154058027945505,0.153977026258432,0.153873259104898,0.15375286280589,0.153623300090662,0.153492773615199,0.153369579653525,0.153261452685636,0.153174950547729,0.153114927129476,0.153084135839819,0.153082999437441,0.153109568076882,0.153159669492945,0.153227238068765,0.153304796362994,0.15338405259891,0.153456568198382,0.153514441023623,0.153550946192823,0.153561080094563,0.153541963413554,0.153493071760566,0.153416275532654,0.153315684789245,0.153197311473237,0.153068578417683,0.152937718011081,0.152813110528664,0.152702614289444,0.152612939815769,0.152549118352655,0.152514108733629,0.152508573832767,0.152530841070145,0.152577045537866,0.152641442043769,0.152716862276236,0.152795282753025,0.152868458733894,0.152928572608096,0.152968845284353,0.152984064636467,0.15297099252879,0.152928619665212,0.152858247096167,0.152763386541499,0.152649487374716,0.152523512296796,0.152393393989616,0.152267412497771,0.152153539909074,0.152058804461673,0.15198872699388,0.151946876305858,0.151934578361783,0.151950801554612,0.15199222856624,0.152053512972084,0.152127703474247,0.15220680194608,0.152282408040285,0.152346396486262,0.152391572658126,0.152412254448412,0.152404732778466,0.152367571196141,0.152301718767084,0.152210428114033,0.152098987677066,0.151974291237819,0.151844279165146,0.15171729636354,0.151601420503663,0.151503817242883,0.151430174755599,0.151384260142845,0.151367629380233,0.151379512167419,0.151416881441234,0.151474702351428,0.151546338856368,0.1516240824134,0.151699759579766,0.151765372479128,0.151813724832424,0.15183898580858,0.151837146851809,0.151806335184173,0.151746960583338,0.15166168554799,0.151555220891709,0.151433960273336,0.151305479904741,0.151177942433847,0.151059452961119,0.150957417893054,0.150877955342682,0.150825402202257,0.150801958464219,0.150807501169972,0.150839586325884,0.150893639179996,0.150963316309401,0.151041010277633,0.151118458291569,0.151187407862342,0.151240285207109,0.151270809481956,0.151274500695354,0.15124904011132,0.151194455256832,0.151113114942369,0.151009533816923,0.150890002133897,0.150762072811673,0.150633950374089,0.150513832440744,0.150409255512116,0.150326495787505,0.150270073052559,0.150242398656363,0.150243595489633,0.150271501013952,0.150321848633474,0.150388610780792,0.150464477567116,0.150541435090029,0.150611397926123,0.150666844591091,0.150701405592641,0.150710359924744,0.1506910039089,0.150642864476711,0.150567738875695,0.150469556159373,0.150354071301524,0.150228416516557,0.150100544010384,0.149978601085271,0.149870284477024,0.14978222544224,0.149719457011581,0.149685007687897,0.14967965358413,0.14970184783184,0.149747834190463,0.149811939511835,0.149887024907302,0.149965059515267,0.150037768269875,0.150097299457466,0.150136858340163,0.150151256606578,0.150137332645055,0.150094206480034,0.150023347361283,0.149928449659489,0.149815129613239,0.149690468839989,0.149562441118621,0.149439268493069,0.149328760283103,0.149237690680665,0.149171265306735,0.149132716617313,0.149123056616165,0.149141004775434,0.149183097507481,0.149243970917912,0.149316792513521,0.149393804571721,0.149466934990799,0.149528429391051,0.149571457833043,0.149590649920715,0.14958251569215,0.14954571876806,0.149481181412807,0.149392014742975,0.149283279131597,0.149161591022047,0.149034604593936,0.148910408784627,0.148796888296074,0.148701099058529,0.148628705715808,0.148583524246009,0.148567207544332,0.148579103081354,0.148616297475039,0.148673844919721,0.148745159776077,0.148822541473158,0.148897791322106,0.148962873419418,0.149010565690454,0.149035045600862,0.14903236078068,0.14900074647696,0.148940765502616,0.148855259818882,0.148749116877525,0.148628869559276,0.148502164212721,0.148377142848617,0.148261790575603,0.148163299376679,0.148087497334594,0.148038388893109,0.148017844147888,0.148025461757986,0.148058613175448,0.148112660321202,0.14818132730935,0.148257197906731,0.148332301461317,0.148398741384759,0.148449315434157,0.148478078675254,0.148480806892499,0.148455326812877,0.148401688122501,0.148322162388058,0.148221067376344,0.148104430485651,0.147979518264434,0.147854267989082,0.147736663197251,0.147634100157091,0.147552795981587,0.147497288128515,0.147470067142423,0.147471371627642,0.14749916088796,0.147549268624268,0.147615728974384,0.147691251880695,0.147767809615904,0.147837284763122,0.147892125352923,0.147925954370956,0.147934085310543,0.14791390155455,0.147865066868899,0.147789548759016,0.147691454049581,0.147576692547541,0.147452497360865,0.147326840187373,0.147207788439981,0.147102857565016,0.147018413002262,0.146959170066734,0.146927828870258,0.146924869515766,0.14694852204413,0.146994914156484,0.147058385516331,0.147131941998602,0.147207811023545,0.147278053005665,0.147335182702528,0.147372754671829,0.14738586825364,0.147371551820463,0.147328995585407,0.147259615680469,0.147166945815863,0.147056364478266,0.146934676444117,0.146809579072368,0.14668905518517,0.146580741630909,0.146491323569598,0.146426000720346,0.146388066528609,0.146378635234094,0.146396542649588,0.146438432018969,0.146499018547045,0.146571509920476,0.146648148572104,0.146720833696986,0.14678177461865,0.146824122105244,0.146842523804781,0.146833556594367,0.146796000954171,0.146730936598102,0.146641652159379,0.146533375524435,0.146412846619002,0.146287769341292,0.146166189919958,0.146055852956218,0.145963585390179,0.145894755701572,0.145852851371457,0.145839209522467,0.145852922017327,0.145890919431046,0.145948222990515,0.14601834248864,0.146093789895915,0.146166670244988,0.146229303621118,0.146274828140047,0.146297736207649,0.146294303868728,0.146262882150349,0.146204028280036,0.146120464978769,0.146016869366924,0.145899507949752,0.1457757468998,0.145653475170845,0.145540483101913,0.145443843377565,0.145369344051169,0.145321021544719,0.145300832955821,0.145308493599756,0.145341491825979,0.145395281024288,0.145463636866834,0.145539154104361,0.145613842913219,0.145679774231428,0.145729719941499,0.145757736263165,0.145759644120061,0.145733367169627,0.145679098260487,0.145599279789876,0.145498400915487,0.145382630626501,0.145259317694341,0.14513639738641,0.145021752380568,0.144922580777982,0.144844824243136,0.144792702322361,0.144768387218181,0.144771841019181,0.144800826494372,0.144851091258311,0.14491671133522,0.144990565366624,0.145064899233396,0.145131935536771,0.145184481927588,0.145216493497762,0.145223546427708,0.145203185056575,0.14515511452393,0.145081224742156,0.144985445027992,0.144873440154972,0.144752169016056,0.144629338200497,0.1445127933972,0.144409897978783,0.144326948180715,0.14426866962078,0.144237833828357,0.144235026837731,0.144258592333464,0.1443047572923,0.144367930472646,0.144441148251489,0.144516631373645,0.144586409271515,0.144642963224153,0.144679835735734,0.144692154132853,0.144677023856749,0.144633759821816,0.14456393863317,0.144471268047245,0.144361283590856,0.144240896906,0.144117834466535,0.144000014921578,0.143894916271551,0.143808982062583,0.143747111959103,0.143712277057417,0.143705291737955,0.14372476004952,0.143767197848032,0.143827316889917,0.143898446466858,0.143973060532578,0.144043370936449,0.14410194053626,0.14414226688256,0.144159290325178,0.144149788494881,0.144112628661865,0.144048858762167,0.143961628339127,0.143855943891571,0.143738277712053,0.143616061504402,0.143497103689011,0.143388973620681,0.143298399276576,0.143230726934787,0.143189488772696,0.143176115080483,0.143189813914941,0.143227626867093,0.143284657478401,0.143354457260438,0.143429541154162,0.143501990809633,0.143564094508064,0.143608969983489,0.143631119873646,0.14362687581484,0.14359469486298,0.143535282500709,0.143451531370172,0.143348282163462,0.143231928647293,0.143109900071348,0.142990062168474,0.142880084513727,0.142786826467299,0.142715793139611,0.142670705082345,0.14265321308008,0.142662776808941,0.142696715163689,0.142750424962547,0.142817751443393,0.142891479857219,0.142963906756527,0.143027445031107,0.1430752170681,0.143101592415406,0.143102629039889,0.143076382844414,0.14302306047371,0.14294500419197,0.142846511110597,0.142733500220402,0.142613050677612,0.142492845301423,0.142380563096187,0.142283270210911,0.142206857940304,0.142155570861203,0.142131661366132,0.142135199651265,0.142164058315163,0.142214076147645,0.142279388343566,0.142352895002697,0.142426829512093,0.142493382356365,0.142545331530551,0.14257662793134,0.14258288573376,0.142561736032568,0.142513015434918,0.14243877593661,0.142343115955403,0.142231845597907,0.142112013283394,0.141991334090335,0.141877568822343,0.141777904723929,0.141698385786339,0.141643435907283,0.141615512517348,0.141614919331644,0.141639792977607,0.141686261627047,0.141748759079576,0.141820467635231,0.141893856126854,0.141961272964723,0.142015548094586,0.142050555537524,0.142061692049465,0.142046236090697,0.14200356125182,0.141935187837642,0.141844666851138,0.141737303720708,0.141619743328553,0.141499449531154,0.141384119266337,0.141281074841296,0.141196680455036,0.141135830112273,0.141101550734606,0.141094754444169,0.141114159717043,0.141156386750966,0.141216220296081,0.141287021962462,0.141361261559534,0.141431124466719,0.141489143484657,0.14152880205051,0.141545060104082,0.141534761010527,0.141496886294658,0.141432635951786,0.141345327074815,0.141240120569511,0.141123600715637,0.141003242831521,0.140886811344576,0.140781736138626,0.140694518522971,0.140630216502192,0.140592050592012,0.140581158610253,0.140596515001487,0.140635019269756,0.14069174725274,0.140760346190563,0.140833541138247,0.140903710344812,0.140963483457481,0.141006317493696,0.14102700826907,0.141022098373858,0.140990148920089,0.140931852987275,0.140849982542732,0.140749173986536,0.140635568346002,0.140516331671227,0.14039909105858,0.140291330816318,0.140199798043524,0.140129965234157,0.140085591200726,0.140068414070382,0.140078002364469,0.140111779993195,0.14016522644606,0.140232236425896,0.140305608334624,0.140377621463389,0.140440656560477,0.140487811089031,0.140513458749774,0.140513705443718,0.140486702862049,0.140432794741457,0.140354485619673,0.140256235346102,0.140144095417573,0.140025216608637,0.139907269748768,0.13979782915045,0.139703769129003,0.13963072013332,0.13958262553075,0.139561433839858,0.139566951918873,0.139596870665913,0.139646958369472,0.139711402556513,0.139783271611103,0.139855061147687,0.139919284416795,0.139969060947372,0.139998656225983,0.140003929765868,0.139982658080238,0.139934709385619,0.139862056629078,0.139768626011771,0.139659991099453,0.139542936411151,0.139424925404617,0.139313513942557,0.139215753002961,0.139137625998648,0.13908356634297,0.139056096821879,0.139055621948148,0.139080389845675,0.139126625725882,0.139188827035946,0.139260199523754,0.139333201698255,0.139400153524788,0.139453857659194,0.139488180951285,0.139498549252654,0.139482316459963,0.139438977679802,0.139370207764636,0.139279721472248,0.139172968220508,0.139056688792461,0.138938371038496,0.138825647734064,0.138725684337012,0.138644606913328,0.138587018007473,0.138555639157904,0.138551105513568,0.13857192492958,0.13861460297023,0.138673924707433,0.138743371973597,0.138815642048453,0.138883224621689,0.138938990883159,0.138976750417314,0.138991735035439,0.138980972734532,0.138943521612836,0.138880544572401,0.138795219537937,0.138692493128312,0.138578696246744,0.138461049076979,0.138347092193137,0.138244088803747,0.138158447071627,0.138095208958249,0.138057644946149,0.138046985785816,0.138062314193244,0.138100629030917,0.138157080043497,0.138225354551046,0.138298183241347,0.138367923390009,0.138427173544683,0.138469371351705,0.138489325496458,0.138483636246539,0.13845096877735,0.138392157688541,0.138310135998304,0.138209695133947,0.138097094806112,0.137979554366126,0.137864668754011,0.13775979882307,0.1376714857895,0.137604934739573,0.137563605901091,0.137548945598553,0.137560279257719,0.137594874886886,0.137648169296815,0.137714135456612,0.137785760370673,0.137855597267027,0.137916350993021,0.137961451300094,0.137985568094008,0.13798502792811,0.137958100649753,0.137905135733939,0.137828537768863,0.137732581121463,0.137623076500839,0.137506915492393,0.13739152953748,0.137284305247504,0.137191999792821,0.137120200856175,0.137072875107393,0.137052044401548,0.137057618023598,0.137087394382943,0.137137230998339,0.137201369798438,0.137272894380939,0.137344284844302,0.137408025106357,0.137457211099872,0.13748610862831,0.137490615828725,0.137468593809974,0.137420038532026,0.137347078637014,0.137253798900629,0.137145905317363,0.137030261571822,0.136914335511573,0.136805599412111,0.136710931438025,0.136636067308452,0.136585147901107,0.136560398872662,0.136561964763632,0.136587906830795,0.136634362984475,0.136695858008928,0.136765740598223,0.136836711804062,0.136901401147614,0.13695294442093,0.136985519746388,0.136994802599673,0.136978305168852,0.136935572529587,0.136868219362205,0.136779804838237,0.136675556301876,0.136561962520396,0.136446265763695,0.136335890515415,0.13623785414605,0.136158207970827,0.136101553813526,0.136070673364657,0.136066298797838,0.136087044461327,0.136129508911695,0.136188542243755,0.136257657425615,0.136329550711965,0.136396688166825,0.136451911928135,0.136489018474642,0.136503261443183,0.136491735930691,0.13645361152332,0.136390195834847,0.136304825228769,0.136202592377269,0.13608993217912,0.135974099548161,0.135862583203608,0.135762505309199,0.135680055827872,0.135620004789749,0.135585328745066,0.135576980403042,0.135593820693014,0.135632718618407,0.135688808413483,0.135755880113051,0.13582687121564,0.135894422224076,0.135951454757028,0.135991727554862,0.136010325871443,0.136004045558502,0.135971643210015,0.135913934622706,0.135833733873487,0.135735635817033,0.135625657226143,0.135510764672942,0.135398327002992,0.13529553490791,0.135208831128965,0.135143394735453,0.135102721609416,0.135088337875717,0.135099671697125,0.135134093708462,0.135187121788565,0.135252774276613,0.135324045851863,0.13539347003137,0.135453722497054,0.135498213951546,0.135521622541113,0.135520322864112,0.135492677867204,0.135439169900045,0.135362359054921,0.135266671768083,0.135158038577047,0.135043412983907,0.134930211387277,0.13482571828187,0.134736503584312,0.134667899661151,0.134623581629227,0.134605284318016,0.134612675372168,0.134643390659087,0.13469322741502,0.134756480741874,0.134826398026708,0.134895714677847,0.134957227025027,0.135004356761454,0.135031664544379,0.135035275149877,0.135013181809828,0.134965404885326,0.134893991479077,0.134802856454268,0.134697478076479,0.134584471222698,0.134471069018922,0.134364551611495,0.134271667518697,0.134198095287913,0.1341479891023,0.134123643447847,0.134125302554645,0.13415113130676,0.134197353667836,0.13425855056652,0.134328093418243,0.134398676490468,0.134462904069231,0.134513885879911,0.134545793811339,0.134554334238422,0.134537095441265,0.134493740482089,0.134426030682885,0.134337679684792,0.134234050736108,0.134121721178872,0.134007949341515,0.133900088767448,0.133804999474301,0.133728504044131,0.133674929869774,0.133646771310472,0.133644497812688,0.133666524132911,0.133709345057284,0.133767821502792,0.133835591985367,0.133905575614926,0.133970528584195,0.134023612820906,0.134058932923651,0.134071998413856,0.134060074730563,0.134022396844173,0.133960230473575,0.133876776001275,0.13377692057526,0.133666855994677,0.133553592341965,0.133444406411381,0.133346267869912,0.133265286294007,0.133206221316512,0.133172096057591,0.133163948025891,0.133180739970844,0.133219437856163,0.133275248598661,0.133341998903563,0.133412627177437,0.133479751027115,0.133536264075051,0.133575911312795,0.133593794472648,0.133586766649909,0.133553685294853,0.133495503063813,0.133415188014796,0.133317479311482,0.133208500039787,0.133095261080482,0.132985097128125,0.132885079247592,0.132801450085916,0.132739127725711,0.13270131947751,0.132689276262194,0.132702204080284,0.132737335719114,0.132790155300553,0.13285475886456,0.132924323773588,0.132991649312549,0.13304972410768,0.133092275260463,0.133114258002728,0.13311225006693,0.133084720721945,0.133032152323478,0.132957003830908,0.132863519524813,0.132757398619926,0.132645350743208,0.132534569571251,0.132432164051686,0.132344592583872,0.132277147011038,0.132233528442844,0.13221554773726,0.132222973554847,0.132253541562796,0.13230312767787,0.132366074398499,0.132435644034778,0.13250456038004,0.132565593932415,0.132612144162731,0.13263877286493,0.132641644787702,0.132618837710319,0.132570495481167,0.132498812495167,0.132407852806044,0.132303219365824,0.132191599617855,0.132080224129848,0.131976283773163,0.131886354783438,0.131815878264116,0.131768733461429,0.131746935977019,0.13175048401698,0.131777365755415,0.131823727320994,0.131884185797657,0.131952259265303,0.132020878704357,0.132082943099427,0.132131876558992,0.132162144515747,0.132169687698938,0.132152239508505,0.132109503217357,0.132043176708178,0.131956822578204,0.131855591687359,0.131745819987851,0.131634530302308,0.131528879120244,0.131435591593137,0.131360427302957,0.131307717672268,0.131280013111535,0.13127787146426,0.131299807272178,0.131342405963809,0.131400592652582,0.131468034250025,0.131537644828174,0.131602155508203,0.131654702343376,0.131689382145098,0.131701729349216,0.131689075497606,0.131650763338677,0.131588198252368,0.131504731771911,0.131405386421813,0.131296446010053,0.131184947107212,0.131078113714441,0.130982779493197,0.130904842746099,0.130848798398363,0.130817385910272,0.130811380997409,0.130829544696875,0.13086872999303,0.130924135893801,0.130989689887101,0.131058529946623,0.131123547622628,0.131177947794858,0.13121578066548,0.131232406122986,0.13122485656535,0.131192070506407,0.1311349775161,0.131056426760173,0.130960965064349,0.130854482560461,0.130743752758925,0.130635900598586,0.13053783843228,0.13045571507194,0.130394423709658,0.130357208974684,0.130345403579177,0.13035831462157,0.130393270023351,0.130445824906601,0.130510114198073,0.13057932307354,0.130646235326616,0.130703814140039,0.130745769014712,0.130767064069478,0.130764325957865,0.130736116315487,0.130683045436289,0.130607718946173,0.130514523782753,0.130409271662506,0.130298728319658,0.130190066463731,0.130090288322713,0.130005666553981,0.12994124868896,0.129900462330855,0.129884849624002,0.129893951132586,0.129925349200531,0.129974867517066,0.130036908926646,0.130104901716171,0.130171818046805,0.130230725414369,0.13027533027011,0.130300471952716,0.130302527389263,0.13027969446685,0.130232133079998,0.130161954268572,0.130073057959682,0.129970829871882,0.129861719517822,0.129752732508284,0.12965087806727,0.129562615005125,0.129493337989351,0.12944694346881,0.129425511155146,0.129429129928806,0.129455884724106,0.129502005484475,0.129562165028896,0.129629902069332,0.129698137458713,0.129759743924166,0.129808122703363,0.12983773795853,0.129844563848194,0.129826408289601,0.12978308835026,0.129716443171083,0.129630182395533,0.129529582240676,0.129421055702066,0.129311634208661,0.129208403427036,0.129117937364755,0.129045774857922,0.128995980823205,0.12897082875768,0.128970629565588,0.128993717323734,0.129036589344798,0.129094187845199,0.129160302039525,0.129228060389329,0.129290473879134,0.129340986018909,0.129373985984457,0.129385246478069,0.129372254383015,0.12933440895539,0.129273070802059,0.129191456674172,0.129094388602631,0.128987917673921,0.128878851016358,0.128774216634059,0.128680706397592,0.1286041418824,0.12854900767401,0.128518090515943,0.128512252299624,0.128530354097356,0.128569338644963,0.128624468083411,0.128689700613296,0.128758175655937,0.128822766351568,0.12887665346196,0.128913874902122,0.128929807470402,0.128921541199809,0.128888114064558,0.128830586926445,0.128751953727096,0.128656896234691,0.128551404051935,0.128442290028702,0.128336640071239,0.128241243365607,0.12816205105886,0.128103707020331,0.12806918569301,0.128059562859754,0.128073936511737,0.128109504948748,0.128161796162105,0.128225028331018,0.128292570039594,0.128357462903013,0.128412967210317,0.128453090190276,0.12847305627149,0.128469681660598,0.128441623473879,0.128389485025089,0.128315770366527,0.128224691205394,0.12812183912437,0.128013746996774,0.127907374169711,0.12780955698826,0.127726467796495,0.127663123353536,0.127622980368334,0.127607651766765,0.127616769817477,0.127648009710693,0.127697271731011,0.127759006135699,0.127826654675443,0.127893175181711,0.127951608668612,0.127995642526166,0.128020121790602,0.128021465301554,0.127997953335361,0.127949864627294,0.127879451854021,0.127790756657314,0.127689279109125,0.127581530275085,0.127474506571084,0.127375129104018,0.127289691730261,0.127223360645957,0.127179765895025,0.127160718762923,0.127166077329639,0.127193767914781,0.1272399570138,0.127299358575662,0.127365653491482,0.127431989753036,0.127491523669643,0.127537958133774,0.127566035326367,0.12757194700901,0.12755363253637,0.127510941784896,0.127445648934524,0.12736131484338,0.127263009049359,0.127156913808615,0.127049840309908,0.126948692613965,0.12685991979775,0.126789000390792,0.126740002376546,0.12671525513645,0.126715158814048,0.126738145417731,0.126780796040157,0.126838108102858,0.126903893793562,0.126971277452069,0.12703324968707,0.12708323209287,0.127115607461123,0.127126173580722,0.127112483342582,0.12707404175879,0.127012342958538,0.12693074533615,0.126834197038473,0.126728834856967,0.126621488325722,0.126519128846105,0.126428309799055,0.126354644774164,0.126302365863231,0.126273994736987,0.126270149603622,0.126289502303401,0.126328889795503,0.126383571529106,0.126447610473023,0.126514344957373,0.126576913213542,0.126628791113532,0.126664303342153,0.126679068718186,0.126670343943994,0.126637238401051,0.126580784200006,0.126503857231684,0.126410954875202,0.126307845546612,0.126201115780547,0.126097650614591,0.126004089334387,0.12592629943592,0.125868908691743,0.125834931247023,0.125825518976635,0.125839861444911,0.125875245118509,0.125927267102105,0.125990184910939,0.126057374086198,0.126121858616425,0.12617687301279,0.126216409978101,0.126235706946821,0.126231630375121,0.126202927008193,0.126150323030371,0.126076463294157,0.125985694713201,0.125883711330088,0.125777091688717,0.125672768373565,0.125577473192591,0.125497201139117,0.125436734528506,0.125399265596154,0.12538614894949,0.125396803335078,0.125428767626485,0.125477902975896,0.125538723668733,0.125604831763786,0.12566942287869,0.125725823189094,0.12576801407733,0.125791102939465,0.12579170497411,0.125768208218707,0.125720901505667,0.125651953937658,0.12556524626465,0.125466067602405,0.12536070188465,0.125255935602432,0.125158523117708,0.125074650020537,0.125009437843079,0.12496653191781,0.124947806662911,0.124953211200494,0.124980766740001,0.125026717122798,0.125085823634439,0.125151782917752,0.125217734098928,0.125276812073559,0.125322700831995,0.125350142573771,0.125355362377041,0.125336373537585,0.125293137110436,0.125227561877357,0.125143346001621,0.125045675297247,0.124940803360202,0.124835546824051,0.124736736186668,0.12465066791582,0.124582603875854,0.124536358219026,0.124514002096614,0.124515706549419,0.12453973493742,0.12458258637108,0.124639279193117,0.124703750375615,0.124769336702719,0.124829299001981,0.124877349987098,0.124908146716402,0.124917709841557,0.124903735961379,0.124865778123307,0.124805281286498,0.124725471096121,0.12463110407074,0.124528096518761,0.124423059531198,0.124322776850777,0.124233667983545,0.124161278955936,0.124109839399678,0.124081919997275,0.124078219067892,0.124097498829812,0.124136679074103,0.124191080727784,0.124254798355445,0.12432117145107,0.124383318227857,0.124434690362759,0.124469603191288,0.124483696085375,0.124474284085348,0.124440572723873,0.12438371995037,0.124306740419244,0.124214259111275,0.124112134244,0.124006981882772,0.123905643083425,0.123814637133405,0.123739643249352,0.123685050561436,0.123653612471314,0.123646234161269,0.123661909922531,0.123697812450242,0.123749523499303,0.123811386263794,0.123876952931715,0.123939493846773,0.123992528198977,0.124030333283891,0.124048392086592,0.124043745781383,0.124015225597893,0.123963546217107,0.123891251934341,0.123802518546357,0.123702826697451,0.123598532914389,0.123496371135253,0.12340292158933,0.123324087322439,0.123264620751699,0.123227740414172,0.123214869995949,0.123225519927412,0.123257320106984,0.123306202242176,0.123366720233474,0.12343248525391,0.123496680171478,0.123552609626098,0.123594239856425,0.123616685070539,0.12361660194617,0.123592459859348,0.123544663320155,0.123475515962241,0.123389030343882,0.123290601090671,0.123186568632667,0.123083708057285,0.122988683943099,0.122907516440175,0.122845103397313,0.122804836765351,0.122788341207243,0.122795352526692,0.122823744424174,0.122869702339862,0.122928031117316,0.12299257059682,0.123056683891927,0.123113779158565,0.12315782564274,0.123183825922957,0.12318820808891,0.123169106275518,0.123126507047108,0.123062251039038,0.122979890759376,0.122884415009415,0.122781859244362,0.122678830717833,0.122581986065755,0.122497503830918,0.122430593720738,0.122385079943126,0.122363090654645,0.122364879780004,0.122388798911945,0.122431424148174,0.12248782765256,0.122551970676574,0.122617186122611,0.122676713298803,0.122724243127692,0.122754429044393,0.122763319930617,0.12274867846246,0.122710159576126,0.122649335953754,0.122569568788653,0.122475733560626,0.12237382305785,0.122270461644956,0.122172372370044,0.122085840370821,0.122016213994102,0.12196748177117,0.121941959059958,0.12194011048375,0.121960522055904,0.12200002244557,0.1220539403465,0.122116476290182,0.122181160895688,0.12224136522674,0.122290823183927,0.122324123714887,0.12233713396778,0.122327321842652,0.122293954629898,0.122238158392881,0.122162831923313,0.122072420717756,0.121972568893917,0.12186967697902,0.121770399468103,0.121681119404895,0.121607439930671,0.121553734101635,0.121522791398509,0.121515590743704,0.121531217663485,0.121566931306666,0.121618376971399,0.121679930005354,0.121745145716365,0.121807278671553,0.121859827267459,0.121897058079236,0.121914467995558,0.121909147670827,0.121880016452466,0.121827908224184,0.121755500591511,0.121667094561757,0.121568264699972,0.121465408834129,0.121365232890234,0.121274211945324,0.121198072144771,0.121141336896166,0.121106973550969,0.12109616602946,0.121108228258029,0.121140664134036,0.121189370173659,0.121248965391305,0.121313220915904,0.121375553148972,0.121429540991231,0.121469428304212,0.121490574563518,0.1214898191051,0.121465729546021,0.121418714351025,0.12135099153142,0.121266416872874,0.121170184403461,0.12106842029002,0.120967700346168,0.12087452950073,0.120794825700121,0.120733449268909,0.120693813595764,0.120677607077646,0.120684650011167,0.120712901321655,0.120758617168322,0.120816648623396,0.120880852989057,0.120944585241976,0.121001231399591,0.121044742081656,0.121070122425223,0.121073836453778,0.12105409167791,0.121010981438933,0.120946474874743,0.120864255685119,0.120769422051871,0.120668072053641,0.120566809968323,0.12047221562501,0.120390319978826,0.120326127220381,0.120283219748603,0.12026347746565,0.120266934860332,0.120291787032425,0.120334541507789,0.120390300493246,0.120453150032682,0.12051662675625,0.120574227299006,0.12061992048488,0.120648620942739,0.120656586760228,0.120641711569565,0.12060369003159,0.120544043865535,0.120466004797435,0.120374262277717,0.120274595948916,0.120173422353606,0.120077290714337,0.119992365267615,0.119923933584501,0.119875980947766,0.119850867354336,0.119849134618383,0.119869458546912,0.119908749083798,0.119962391322469,0.12002461082392,0.120088936030064,0.120148720072669,0.120197677628585,0.120230391929803,0.120242751309844,0.120232280884485,0.120198342147022,0.12014218288061,0.120066832830466,0.119976855067647,0.119877975324943,0.119776620018393,0.11967939939876,0.119592576947781,0.11952156886974,0.119470515567349,0.11944195921152,0.119436650353319,0.119453495721078,0.119489650183039,0.119540746526718,0.119601245554534,0.119664877557799,0.119725138193694,0.119775799170932,0.119811395436543,0.119827652983619,0.119821824433457,0.119792905189137,0.11974171261743,0.119670822791432,0.119584370614923,0.119487728190938,0.119387084357781,0.119288956757414,0.119199675304312,0.119124879330284,0.1190690685125,0.11903524185767,0.119024652493754,0.11903669934632,0.119068967775504,0.119117418452935,0.119176709203053,0.119240622362305,0.119302562743572,0.11935608734146,0.119395425251473,0.119415945051854,0.119414529637195,0.11938982676623,0.11934235566938,0.119274462538333,0.119190128901666,0.119094647728046,0.118994193524345,0.118895323018398,0.118804448959508,0.118727329745237,0.118668613940291,0.118631474100928,0.118617358953498,0.118625884718234,0.118654874033108,0.1187005368118,0.118757775502475,0.11882058948431,0.118882548155265,0.118937297351706,0.118979059512078,0.119003087268364,0.119006034658668,0.118986218365069,0.118943750246897,0.118880530790928,0.118800102340343,0.118707372264297,0.118608227987558,0.118509074777746,0.118416331890999,0.11833592462217,0.118272811025976,0.118230582016468,0.118211169455208,0.118214687300445,0.118239418111938,0.118281945038754,0.118337419539443,0.118399945984957,0.11846305425794,0.118520221757744,0.118565400423837,0.11859350467068,0.118600821144094,0.118585308068339,0.118546759631999,0.118486820761626,0.118408850672334,0.118317647787963,0.118219060450753,0.118119515587546,0.118025502443665,0.117943052339294,0.117877257344025,0.117831868112985,0.117809002815227,0.117808987568835,0.117830337823766,0.117869881011911,0.117923011724524,0.117984060007319,0.118046742548153,0.118104659163553,0.118151795026992,0.11818299100035,0.118194347467046,0.118183530652534,0.118149956485738,0.118094836945409,0.118021085932342,0.117933092836791,0.117836380703514,0.117737173513006,0.117641904966961,0.117556707999837,0.117486926932491,0.117436691313444,0.117408584012261,0.117403429061388,0.117420217686217,0.117456181808612,0.117507011615598,0.117567199563042,0.117630481518048,0.117690338914282,0.117740522597058,0.117775557218425,0.11779118467903,0.117784708611433,0.117755210722616,0.1177036221918,0.117632645845801,0.117546535840586,0.117450752025964,0.117351517008164,0.117255313505182,0.11716836471295,0.117096139756743,0.117042921908214,0.117011471969166,0.117002813415354,0.117016157423671,0.117048973594265,0.117097198280754,0.117155560939881,0.117218001665307,0.117278148485502,0.117329818792454,0.117367505775488,0.117386810681892,0.117384786777838,0.117360169484391,0.117313476285003,0.117246968478418,0.117164476062124,0.117071098117193,0.116972802423469,0.11687595646293,0.116786826021345,0.116711078834964,0.116653331228635,0.116616774961385,0.116602916841872,0.116611453738981,0.116640292610049,0.1166857129587,0.116742659423008,0.116805143503426,0.116866724043938,0.116921027178324,0.116962261506599,0.116985685351528,0.116987988673564,0.116967559676404,0.116924614253231,0.116861176541929,0.116780911841624,0.116688827015857,0.116590864779988,0.116493425309294,0.116402852753498,0.116324927269694,0.116264404359276,0.116224639995243,0.116207331230272,0.116212390155235,0.116237957983745,0.11628055700015,0.11633536935539,0.116396621533485,0.116458043132799,0.116513361909978,0.116556795720412,0.116583504522814,0.116589969234625,0.116574268327527,0.116536229502053,0.116477443861611,0.116401142089257,0.116311943066299,0.116215493762628,0.116118026368949,0.116025865917444,0.115944927798713,0.115880246577816,0.115835573963706,0.115813076686988,0.115813157460871,0.115834414804919,0.115873748257376,0.115926602968271,0.115987333822629,0.116049658114355,0.116107159615868,0.116153804450306,0.116184428194124,0.116195154109235,0.116183706615459,0.116149593430846,0.116094142423354,0.116020391738394,0.115932842549077,0.115837093791766,0.115739388466435,0.115646109905697,0.115563270728717,0.115496035761781,0.115448315099562,0.115422457615766,0.115419069023567,0.115436969951542,0.115473297263858,0.115523738222408,0.11558287598556,0.115644618190523,0.115702676384033,0.115751060547106,0.115784550189314,0.115799104089361,0.115792176322484,0.115762915170491,0.115712230848085,0.115642726541699,0.115558496398432,0.115464804936761,0.115367673281372,0.115273405488556,0.115188091625543,0.115117124797586,0.11506476910529,0.115033814133237,0.115025346396651,0.115038657888218,0.115071298695435,0.115119268457193,0.115177331926044,0.115239435652021,0.115299194074773,0.115350405226556,0.115387552151047,0.115406248010825,0.115403589257255,0.115378389235956,0.11533127310227,0.115264625198562,0.115182392916616,0.115089764562544,0.114992749427765,0.114897694588393,0.114810776312251,0.114737506174647,0.114682292413368,0.114648093143897,0.114636188828958,0.114646089328324,0.11467557969191,0.114720899942097,0.114777045670377,0.114838166641571,0.114898031074711,0.114950517253885,0.114990093447588,0.115012250237013,0.115013853520007,0.114993391041817,0.114951092103305,0.114888910333204,0.114810371438257,0.114720298545621,0.114624435768307,0.11452899727037,0.114440175784106,0.114363650017401,0.114304131688567,0.114264988717191,0.114247973417427,0.114253076496806,0.114278519981586,0.114320892882847,0.114375421085221,0.114436349518032,0.114497404114189,0.11455229556418,0.114595225194811,0.114621353139707,0.114627190239191,0.11461087998998,0.114572346627998,0.114513298226166,0.114437086145909,0.114348432684937,0.114253048308333,0.114157169427156,0.114067055754478,0.113988489778048,0.113926318682887,0.113884073270088,0.113863692014326,0.113865371848562,0.113887558515168,0.113927077201839,0.113979390849613,0.114038962843333,0.114099694567479,0.114155404938684,0.114200316193734,0.114229508142938,0.114239304325814,0.114227559551786,0.114193827585083,0.114139397248674,0.114067193827558,0.113981551681655,0.113887874527518,0.113792210327987,0.113700775014073,0.113619461998409,0.113553374267504,0.113506414932847,0.11348097011704,0.113477712396333,0.11349554243416,0.113531673149233,0.113581848619091,0.113640680671252,0.113702078341029,0.113759737336751,0.113807649392802,0.113840588133438,0.113854530697704,0.113846981410558,0.113817172280198,0.113766123928782,0.113696560942238,0.113612688331233,0.113519848870148,0.113424091152948,0.113331683790275,0.113248613739371,0.113180108193039,0.113130219170756,0.1131015054768,0.113094837079551,0.113109334702311,0.113142446232614,0.113190152802318,0.113247289331855,0.113307955246868,0.113365982212639,0.113415420395797,0.113451004719715,0.113468566271844,0.113465358703749,0.113440274490181,0.113393933019641,0.113328632840523,0.113248172325185,0.113157553449698,0.113062590999846,0.112969455640363,0.112884185343261,0.112812204482113,0.112757890519142,0.112724223371028,0.112712544310551,0.112722442795097,0.112751781688575,0.112796862031332,0.112852716430138,0.112913507180815,0.112972995286385,0.113025041728572,0.113064101429819,0.113085670976336,0.113086653207052,0.113065607280697,0.113022862989422,0.112960491014145,0.112882133157247,0.112792706766779,0.112698006602804,0.112604236311096,0.112517508972427,0.112443358916826,0.112386304045822,0.112349491479315,0.112334452445835,0.112340985480245,0.112367178174353,0.11240956576398,0.112463411843943,0.112523086279306,0.112582509687327,0.112635631103414,0.11267690328712,0.112701718738194,0.112706771321418,0.11269031489508,0.112652299897425,0.112594378497935,0.112519777528969,0.112433047297473,0.112339704610526,0.11224579835275,0.112157432642405,0.112080284661634,0.112019153391663,0.111977573903827,0.111957529262501,0.111959285995768,0.111981368243241,0.112020672329689,0.112072711482744,0.112131971466019,0.112192350635265,0.112247650590704,0.112292077161637,0.112320709032214,0.112329894682548,0.112317545951713,0.112283305465089,0.112228574258818,0.11215639635529,0.11207120953974,0.111978484210186,0.111884281606916,0.111794767564502,0.111715719707627,0.111652066682458,0.111607497059665,0.111584170547051,0.111582554199929,0.111601393898103,0.11163782019606,0.111687579102135,0.111745370682006,0.111805269864337,0.111861195627211,0.111907390077269,0.111938869505926,0.111951813750164,0.111943865358233,0.111914315490304,0.111864160853272,0.111796026394239,0.111713960292252,0.111623117930656,0.111529358716162,0.111438785194605,0.111357259342356,0.111289935050916,0.11124084578325,0.111212580938616,0.111206075722619,0.111220530469367,0.111253467239804,0.111300922254071,0.11135776093155,0.111418089855224,0.111475730656242,0.111524716708951,0.111559773357477,0.111576743803154,0.111572925545009,0.11154728834951,0.111500555219972,0.111435140835818,0.111354954106147,0.111265081292771,0.111171374652839,0.111079979783729,0.110996841392624,0.110927229166009,0.110875321761513,0.110843879919436,0.110834032341632,0.110845190871953,0.110875102668733,0.110920035302649,0.110975078097481,0.111034533286948,0.111092365409346,0.111142675205607,0.111180162791082,0.111200544149071,0.111200887399287,0.111179842209963,0.111137745528135,0.111076596551823,0.1109999024395,0.110912404953746,0.110819708125457,0.110727836533623,0.11064275987862,0.110569920929528,0.110513802377764,0.110477565895727,0.11046279354322,0.110469355160615,0.110495414331334,0.110537572116723,0.110591135894065,0.110650492022137,0.110709554332634,0.110762253831199,0.11080302938076,0.110827277527076,0.110831723698803,0.110814685200829,0.110776205746322,0.11071805057139,0.110643561584938,0.110557384242363,0.110465089964718,0.11037272670199,0.110286334325424,0.110211462533996,0.110152728886205,0.110113452970422,0.110095397250848,0.110098634891631,0.110121552340738,0.110160983357692,0.110212462852462,0.110270581658926,0.110329415430593,0.110382993321132,0.110425768115382,0.110453050649576,0.110461376123357,0.110448775531407,0.110414931239973,0.110361203331777,0.110290523807843,0.110207167389817,0.110116417480882,0.110024152571187,0.109936383401146,0.109858775992751,0.109796199131461,0.109752334197536,0.109729379228476,0.109727869881796,0.109746630781693,0.109782862462752,0.109832359947346,0.109889847547421,0.109949402560287,0.110004931860296,0.110050661994463,0.110081603961803,0.110093956011038,0.110085411241252,0.110055343402186,0.110004855072508,0.109936685415096,0.109854986665534,0.109764987910015,0.109672572634009,0.109583804063044,0.109504438098516,0.109439464853212,0.109392715461322,0.109366563255119,0.109361740647491,0.109377285737698,0.109410623833653,0.109457777565185,0.109513687050112,0.109572612330278,0.109628585698432,0.109675879987321,0.109709458044658,0.109725368532927,0.109721056142732,0.109695561610237,0.109649596947929,0.109585491107402,0.109507009789221,0.109419061596987,0.109327312248618,0.10923773755253,0.109156151326597,0.109087745177007,0.109036674834849,0.109005724882969,0.108996080020416,0.109007224145645,0.109036977320861,0.109081667331879,0.109136420891628,0.10919555130715,0.109253013265945,0.10930288951224,0.109339869393634,0.109359678444426,0.109359422922454,0.109337821913896,0.109295309283261,0.109233997193763,0.109157503265556,0.109070655373311,0.108979099699346,0.108888845761301,0.108805785464936,0.108735223465504,0.108681455329679,0.1086474277899,0.108634509473068,0.10864239001005,0.108669112853683,0.108711236142705,0.108764107904062,0.108822235086036,0.108879718571245,0.108930719462782,0.108969918597368,0.108992932997639,0.108996658240969,0.108979511771434,0.108941558306615,0.10888450627288,0.108811574666201,0.108727241200061,0.108636892066146,0.108546399886278,0.108461660888085,0.108388126490612,0.108330367296646,0.108291706181892,0.10827395061475,0.108277244699066,0.108300051955483,0.108339271482256,0.108390481092507,0.108448289956165,0.108506771922071,0.108559942703256,0.108602241431302,0.108628978386903,0.108636713585372,0.108623534988899,0.108589212206703,0.108535212560255,0.108464579382818,0.108381684117828,0.108291872731907,0.108201034286569,0.108115126348444,0.108039696948215,0.107979443273905,0.107937842313907,0.10791688056671,0.107916901821526,0.107936584528171,0.107973051511585,0.108022103543307,0.108078556503272,0.108136653138432,0.108190516390019,0.108234610311942,0.108264174386212,0.108275597569541,0.108266701870272,0.108236912910406,0.108187305123556,0.108120519071916,0.108040556748113,0.107952468956551,0.107861957984951,0.107774927242372,0.107697014392569,0.107633144591095,0.107587137557595,0.107561398742145,0.107556720666365,0.107572213335896,0.107605371286803,0.107652271557658,0.107707885460136,0.107766479205985,0.10782207287185,0.107868922038812,0.107901982466903,0.107917318124377,0.107912418283151,0.10788639855701,0.107840070708794,0.107775875597046,0.107697683855288,0.107610480483931,0.107519960602512,0.107432071028811,0.107352534933542,0.107286396299507,0.107237619428039,0.107208775966441,0.107200845633104,0.107213146154474,0.10724339534089,0.107287897382675,0.107341837698951,0.107399664330151,0.10745552712524,0.107503739794862,0.10753922721427,0.107557922683539,0.107557085586498,0.107535516324991,0.107493651821545,0.107433532815583,0.107358644607014,0.107273644140849,0.107183995408694,0.107095540898101,0.107014040690939,0.106944714325979,0.106891822701952,0.106858325388136,0.10684564164224,0.10685353340271,0.106880118801753,0.106922016316092,0.106974610808169,0.107032422056577,0.107089545614984,0.107140128535347,0.107178840531557,0.107201303176187,0.107204443282636,0.107186741317712,0.107148353203955,0.107091095068176,0.107018293405859,0.106934514521164,0.106845195570554,0.106756206247249,0.106673376269283,0.106602028123978,0.106546554297154,0.106510072639891,0.106494184951921,0.106498855432544,0.106522418044798,0.106561713180179,0.106612343081137,0.10666902415717,0.106726006133543,0.106777524500572,0.106818252376119,0.106843718294363,0.106850657551408,0.106837268685755,0.10680335464387,0.10675033851824,0.106681153566365,0.106600015455453,0.106512092620311,0.106423099310101,0.106338843819696,0.106264768635211,0.106205518655698,0.106164570137542,0.106143948950882,0.106144062095835,0.106163658965609,0.10619992744661,0.106248716805432,0.106304868183617,0.10636262614621,0.106416099755259,0.1064597372395,0.10648877516306,0.106499623709917,0.106490155696311,0.106459876504643,0.106409962314108,0.106343163592844,0.106263580875133,0.106176331048725,0.10608713286861,0.106001847134162,0.105926008805408,0.105864387085904,0.105820607353495,0.105796865519053,0.105793758747505,0.105810245666482,0.105843736638429,0.105890304015312,0.105944994874695,0.106002222869897,0.106056209691944,0.106101441129892,0.10613310066983,0.106147446445356,0.106142103530169,0.106116250350216,0.106070684660092,0.10600776257028,0.105931214470474,0.105845852680877,0.105757194340726,0.105671028282374,0.105592957913946,0.105527955006167,0.105479960802594,0.105451568387043,0.105443812701839,0.105456084229675,0.105486172429164,0.105530436572274,0.105584092986802,0.105641597505216,0.105697091785814,0.105744875571918,0.105779865707966,0.105798005440823,0.105796591745963,0.105774493667996,0.105732242556097,0.105671986401624,0.105597313268973,0.10551295985335,0.105424429154785,0.105337547332332,0.105257995214404,0.105190853500149,0.10514019978626,0.105108789413101,0.105097843124379,0.105106955839065,0.105134133149287,0.105175953634532,0.105227844493669,0.105284447160639,0.105340041924715,0.105388997673524,0.105426213101224,0.10544751671453,0.105449994647135,0.105432219697059,0.105394363262352,0.105338182293189,0.105266883146879,0.105184872283451,0.105097411368499,0.105010202593748,0.1049289373903,0.104858845319752,0.104804278718114,0.104768364532223,0.104752750180746,0.104757465208207,0.104780912804783,0.104819993845862,0.104870353138033,0.104926726761964,0.104983362502859,0.105034481002511,0.105074741608945,0.10509967452149,0.105106042270935,0.105092100140296,0.105057735085807,0.105004473077144,0.104935354353538,0.104854685938849,0.104767691542213,0.104680088869069,0.104597630384614,0.104525644671315,0.104468613562381,0.104429817458368,0.104411077443479,0.104412615869798,0.104433046168439,0.104469490174746,0.104517810821728,0.104572940990767,0.10462928393321,0.104681155149855,0.104723230766569,0.104750966026539,0.104760950922074,0.104751176582965,0.104721193140313,0.104672146661789,0.104606690867661,0.104528779593694,0.104443356674246,0.104355968168653,0.104272326558907,0.104197859216445,0.104137275670395,0.104094189112382,0.104070824537992,0.104067837946334,0.104084260330934,0.104117570118625,0.104163889304596,0.104218290145839,0.104275189555958,0.10432879885176,0.104373590615876,0.104404743903017,0.104418532400578,0.104412624979657,0.104386273828875,0.104340373579404,0.104277386238142,0.104201139358029,0.104116515529921,0.104029058691178,0.103944528168296,0.103868436072562,0.103805606518077,0.103759793586427,0.103733388290819,0.103727235404192,0.103740572094941,0.103771092595776,0.10381513478671,0.103867974356221,0.103924201870715,0.103978150993666,0.10402434376076,0.104057919614522,0.10407501646539,0.104073074256285,0.104051036332,0.104009432427282,0.103950337601751,0.103877211133482,0.103794627217594,0.103707916601845,0.10362274606889,0.103544669473778,0.103478687033718,0.103428847726248,0.103397924918823,0.103387190225165,0.103396305137751,0.10342334209929,0.10346493527897,0.103516548565731,0.10357283786363,0.103628078379162,0.103676623869535,0.103713361903057,0.103734127575267,0.103736040259779,0.103717735068665,0.103679470980482,0.10362310808349,0.103551955896285,0.103470504313851,0.103384059057504,0.103298312796146,0.103218888420906,0.103150891328602,0.103098504918956,0.103064660135879,0.103050805643427,0.103056798023768,0.103080920421596,0.103120025705432,0.103169790036367,0.103225056046965,0.103280239963098,0.10332977208914,0.103368535883772,0.10339227004559,0.103397901933767,0.103383787630249,0.103349841335791,0.103297543844605,0.103229827989437,0.103150849067157,0.103065658652757,0.102979808011709,0.102898911480368,0.102828202246135,0.102772114560726,0.102733926716594,0.102715495558919,0.102717104924879,0.102737439450003,0.102773684995247,0.102821748618745,0.102876582929359,0.102932590451261,0.10298407479725,0.10302570027881,0.103052921746008,0.103062350484884,0.103052027404098,0.103021580958238,0.102972255741296,0.102906809121869,0.10282928568927,0.10274468951689,0.102658581093023,0.102576630525938,0.102504162619588,0.102445731573364,0.102404760903694,0.102383277028007,0.102381755221023,0.102399087548819,0.102432674670229,0.102478635261064,0.102532117000643,0.102587683249474,0.102639743024997,0.102682990111591,0.102712818495772,0.102725683430663,0.102719380147217,0.102693217442255,0.10264807210405,0.102586320687896,0.102511654719792,0.102428792992229,0.102343111531097,0.1022602191046,0.102185512371287,0.10212374713655,0.102078659731592,0.102052667221025,0.102046669526911,0.10205997076493,0.102090329055402,0.102134132744913,0.102186688478299,0.102242596536625,0.102296182986577,0.10234195510889,0.102375044392579,0.102391600527228,0.102389102624413,0.102366561482056,0.102324597267453,0.102265387563719,0.102192490129676,0.102110554008819,0.102024942470221,0.10194129992573,0.101865099579151,0.101801208225167,0.10175350130286,0.101724557370955,0.101715456522193,0.101725699837653,0.101753256006023,0.101794729035485,0.101845631092405,0.101900738213454,0.101954502284121,0.102001488377085,0.102036802995509,0.102056478549655,0.10205778378119,0.102039437189536,0.102001708151107,0.101946397613056,0.101876698385855,0.101796945004582,0.101712273191091,0.10162821628734,0.101550269636207,0.101483455337564,0.101431920780259,0.10139860405694,0.10138499531773,0.101391014378723,0.101415013732617,0.101453905858242,0.101503405512279,0.10155836992995,0.101613211192994,0.101662346871481,0.101700650599345,0.101723865097378,0.101728944813312,0.101714301289834,0.101679930999364,0.101627414093179,0.101559783932481,0.101481279408028,0.101397001838729,0.101312504495171,0.101233346880495,0.101164649188146,0.101110683839912,0.101074538270161,0.101057875516891,0.101060809152045,0.10108189984186,0.10111827315574,0.101165850350686,0.101219674464025,0.101274304773236,0.101324246733434,0.101364383294682,0.101390375400737,0.101399002109382,0.101388413959484,0.101358278776341,0.101309808022138,0.101245662355134,0.101169744476781,0.101086894652666,0.10100251081135,0.10092212191504,0.100850948944251,0.100793489602747,0.10075315979694,0.10073201908636,0.100730601225207,0.100747864813829,0.100781270941938,0.100826983492662,0.100880175581099,0.10093541601372,0.100987104330662,0.101029920563839,0.101059254387957,0.101071578216809,0.101064732225965,0.101038097312222,0.100992642795449,0.10093084626736,0.100856492238995,0.100774365182661,0.100689861900162,0.100608556174813,0.100535752579397,0.100476065281579,0.100433053738976,0.100408942705264,0.100404448946532,0.100418729481444,0.100449455218061,0.100493001861615,0.100544740388207,0.100599403505149,0.100651500683481,0.100695750658882,0.100727497387592,0.100743075805442,0.100740098579569,0.100717642705839,0.100676322652736,0.100618244045138,0.100546839988712,0.100466601881033,0.100382726256804,0.100300706067126,0.100225897833781,0.10016309696273,0.100116153859913,0.100087662631326,0.100078749633375,0.100088980073105,0.100116389514473,0.100157636878386,0.100208267472765,0.100263067198965,0.100316480972955,0.100363060936193,0.100397906304216,0.10041705823085,0.100417818317363,0.100398965835261,0.100360855721467,0.100305388282315,0.100235852896657,0.100156659850711,0.100072983741111,0.0999903475344352,0.0999141797815817,0.0998493800771346,0.0997999286852031,0.0997685729681874,0.0997566152454167,0.0997638164284041,0.0997884204424302,0.0998272968507598,0.0998761914770701,0.0999300658716672,0.0999834977446459,0.100031109119147,0.100067988305219,0.100090074221305,0.100094474729357,0.100079694276435,0.100045752023687,0.0999941807084392,0.0999279070118668,0.0998510234376493,0.0997684687078068,0.0996856397841544,0.0996079648985462,0.0995404720405004,0.0994873885107637,0.0994518035171757,0.0994354194123107,0.0994384106753289,0.0994594033722687,0.0994955796286094,0.0995429005891617,0.0995964294816484,0.0996507272820239,0.099700288720658,0.0997399845899146,0.0997654755714297,0.0997735633804615,0.0997624490483074,0.0997318765977036,0.0996831513455513,0.0996190326460833,0.0995435099316595,0.0994614794771382,0.0993783481189595,0.0992995975399574,0.0992303459518694,0.0991749423013126,0.0991366235682689,0.0991172607652344,0.0991172138949016,0.0991353084088724,0.0991689348388833,0.099214261502605,0.0992665409512631,0.0993204853881927,0.0993706829798423,0.099412023893962,0.0994401026094724,0.0994515639596995,0.0994443656446766,0.0994179379096212,0.0993732291123668,0.0993126332569542,0.0992398036039297,0.0991593659837604,0.0990765547617787,0.098996800758863,0.0989253029001929,0.0988666155965833,0.0988242836167381,0.0988005548045189,0.0987961960516118,0.098810428586436,0.098840987163779,0.0988842974925234,0.0989357583847413,0.0989901081183466,0.0990418469823542,0.0990856812098137,0.0991169504930308,0.0991320034611026,0.099128491314475,0.0991055567058408,0.0990639022614535,0.0990057321352828,0.0989345712314534,0.0988549782385805,0.0987721774157914,0.0986916391025266,0.0986186416571957,0.0985578494393821,0.0985129416562223,0.0984863230967428,0.0984789394036814,0.0984902090415448,0.0985180747274042,0.0985591696128598,0.0986090861847367,0.0986627273664431,0.0987147111414599,0.0987597952301659,0.0987932882465288,0.0988114166977556,0.0988116208027149,0.0987927561403499,0.0987551843142039,0.0987007450014727,0.0986326122220093,0.0985550466840543,0.0984730627300446,0.0983920340680132,0.0983172682205675,0.0982535841066796,0.0982049277411444,0.0981740568469734,0.0981623183076654,0.0981695355020522,0.0981940159672412,0.0982326816136404,0.0982813128530849,0.0983348865168781,0.0983879788181959,0.0984352004354185,0.0984716296660306,0.0984932095549023,0.0984970761549233,0.0984817896576366,0.0984474489269924,0.0983956810888321,0.0983295083418798,0.0982531029533416,0.09817144955918,0.0980899421411705,0.098013949784828,0.0979483878625774,0.0978973289269539,0.09786368246437,0.0978489672407478,0.0978531943313827,0.0978748711272367,0.0979111258507844,0.0979579406091771,0.0980104721430293,0.0980634344377392,0.0981115145868632,0.0981497908086958,0.0981741198342524,0.098181462336213,0.0981701207465904,0.0981398720374458,0.0980919862086399,0.0980291286088756,0.0979551521423827,0.0978747946703796,0.0977933058372966,0.0977160333993332,0.097648001025476,0.0975935091675618,0.0975557897571377,0.097536743561238,0.0975367836910177,0.0975547991671713,0.0975882408829489,0.0976333221219527,0.0976853181658963,0.0977389429612753,0.0977887738934595,0.097829689660867,0.0978572839424453,0.0978682203729796,0.0978605006838015,0.0978336251716299,0.0977886322285567,0.0977280127371238,0.0976555062240921,0.0975757968070332,0.0974941352334878,0.0974159177143042,0.0973462543090477,0.0972895608623051,0.0972492080958377,0.0972272571904132,0.0972243024961075,0.0972394313526733,0.0972703015925686,0.0973133299669518,0.0973639777387263,0.0974171116835929,0.0974674111527739,0.0975097876411108,0.0975397837366378,0.0975539217528027,0.0975499764034042,0.0975271502943607,0.09748613743596,0.0974290692452647,0.0973593478821399,0.0972813805415219,0.0972002346328874,0.0971212389839404,0.0970495614155434,0.0969897969366519,0.0969456007977129,0.0969193959151674,0.0969121768506672,0.0969234252946905,0.0969511452194438,0.0969920176648895,0.0970416644941524,0.0970949993783532,0.0971466361687705,0.0971913212272238,0.0972243558065505,0.0972419752081004,0.0972416533436074,0.097222306426892,0.0971843786308994,0.0971298037563512,0.0970618473606712,0.0969848423092563,0.0969038384294808,0.0968241946287478,0.0967511479150122,0.0966893956268069,0.0966427241928649,0.0966137120666715,0.0966035286462231,0.096611845100016,0.0966368651684276,0.0966754733959069,0.0967234870407751,0.0967759894343921,0.0968277180324334,0.0968734781523922,0.096908551487918,0.0969290673957418,0.0969323069159812,0.0969169155454477,0.0968830092447018,0.0968321664369013,0.0967673061297923,0.0966924600799109,0.0966124558910466,0.0965325364398006,0.0964579463465327,0.096393517523312,0.0963432848606158,0.0963101617039461,0.0962957023524109,0.096299973108589,0.0963215436126948,0.096357598584971,0.0964041600267825,0.0964564025838724,0.0965090386618474,0.0965567435759982,0.0965945856653136,0.0966184247006033,0.0966252453557202,0.0966133993536442,0.0965827375718441,0.0965346211742126,0.0964718099284032,0.0963982367626219,0.0963186883605295,0.0962384193106295,0.0961627310887135,0.096096548534474,0.0960440270718549,0.0960082229590643,0.0959908541465488,0.0959921703453244,0.0960109401240906,0.0960445534667223,0.0960892310703091,0.0961403250183769,0.0961926879573175,0.0962410808917706,0.0962805860796069,0.0963069924667267,0.0963171249997947,0.0963090936349691,0.0962824426185686,0.0962381872616009,0.096178734745329,0.0961076957470932,0.0960296021892096,0.0959495523420026,0.0958728092429029,0.0958043830570246,0.0957486313270997,0.0957089104866491,0.0956873067752315,0.0956844669375296,0.0956995415413459,0.0957302468155438,0.0957730427671551,0.0958234149820921,0.0958762368779946,0.0959261816185996,0.0959681499140821,0.0959976800949004,0.096011308139514,0.0960068478486688,0.0959835669343871,0.0959422441754359,0.0958851040502633,0.0958156355060715,0.0957383097109796,0.0956582188846884,0.09558066540085,0.0955107357835834,0.0954528954357405,0.0954106363444932,0.095386203821682,0.0953804221191857,0.0953926326636271,0.0954207507990288,0.0954614364963427,0.0955103636013732,0.0955625641237377,0.0956128200095873,0.0956560731250765,0.0956878228552195,0.095704480199605,0.0957036496967434,0.0956843169146549,0.0956469279100325,0.0955933554145011,0.0955267538400208,0.0954513128108556,0.0953719275886988,0.0952938128198677,0.095222090833759,0.0951613864612628,0.0951154587832269,0.0950868982482264,0.0950769147079463,0.095085235889605,0.0951101258719874,0.095148521523951,0.0951962749364004,0.0952484828314326,0.0952998782903816,0.0953452544638038,0.0953798852858528,0.0953999073055309,0.0954026307748914,0.0953867554329306,0.0953524744178477,0.0953014576921916,0.0952367154368624,0.0951623525314255,0.0950832355539266,0.0950046008823386,0.094931635599404,0.0948690636221845,0.0948207694349027,0.0947894902977339,0.0947766026940388,0.0947820195639424,0.0948042040056655,0.09484029580007,0.094886340171452,0.0949376019200107,0.0949889410627784,0.0950352196900589,0.0950717066838908,0.0950944484191391,0.0951005779129336,0.0950885397562826,0.09505821323085,0.0950109228469311,0.094949334874495,0.0948772485395603,0.09479929877574,0.0947205929441377,0.0946463081774282,0.0945812801197118,0.0945296165859248,0.0944943685426439,0.094477285089148,0.0944786709626949,0.0944973572705368,0.0945307891112159,0.0945752257083783,0.0946260386343143,0.094678083531475,0.0947261137402294,0.0947652018618684,0.0947911360837855,0.0948007600244747,0.0947922279477025,0.0947651532061158,0.0947206373844883,0.094661178874274,0.0945904696638127,0.0945130969591517,0.0944341730064545,0.0943589229890479,0.0942922656540127,0.0942384219004049,0.0942005823940081,0.094180658610801,0.0941791351521217,0.0941950349086121,0.0942260008236874,0.0942684877928767,0.0943180476989425,0.0943696829421605,0.0944182402432092,0.0944588153079952,0.0944871381863532,0.0944999091847869,0.0944950581067602,0.0944719063213784,0.0944312199982515,0.0943751512452472,0.0943070711449332,0.0942313060999047,0.0941527972214716,0.0940767101051567,0.0940080266024947,0.0939511503644569,0.0939095557968814,0.0938855075612414,0.0938798744226143,0.0938920549253918,0.0939200223026746,0.0939604844581804,0.0940091451196451,0.0940610455516179,0.0941109610693256,0.0941538215513224,0.0941851212097296,0.0942012826385202,0.0941999447522448,0.0941801519509169,0.0941424301193672,0.0940887431393485,0.0940223325946639,0.0939474537391224,0.0938690306607715,0.0937922601460105,0.0937221962222475,0.0936633474220733,0.0936193181568676,0.093592523570947,0.0935840017760066,0.0935933379541803,0.093618703906957,0.0936570073955043,0.0937041389126869,0.0937552976395665,0.0938053718605077,0.0938493432637594,0.0938826820589027,0.0939017018152386,0.0939038476977041,0.0938878970077545,0.0938540562846345,0.0938039462050908,0.0937404748405033,0.0936676097511291,0.0935900672990571,0.0935129426649256,0.0934413077942859,0.0933798080588615,0.0933322906030866,0.0933014956955718,0.0932888362280907,0.0932942819910889,0.0933163572958723,0.0933522534020858,0.093398049305104,0.093449024735212,0.0935000395488331,0.0935459472707755,0.0935820087771183,0.0936042735258274,0.0936098982830026,0.0935973769278734,0.0935666613254304,0.0935191630488358,0.0934576369545232,0.093385957430126,0.0933088055759588,0.0932312918221512,0.0931585443826618,0.0930952980876376,0.0930455180951234,0.0930120882713461,0.0929965869263408,0.0929991657286804,0.0930185412245669,0.0930521006242266,0.0930961135520793,0.0931460312978948,0.0931968479110185,0.0932434943811598,0.0932812364819956,0.0933060466464034,0.0933149208007383,0.0933061144374721,0.0932792792265368,0.0932354904434983,0.0931771639011878,0.0931078682230189,0.0930320454810573,0.0929546611897278,0.092880811789145,0.092815321480368,0.0927623598713564,0.0927251091934118,0.0927055068251568,0.0927040851187043,0.0927199239468327,0.0927507212364486,0.0927929752688868,0.0928422630101426,0.0928935923862047,0.0929418017858161,0.0929819756708309,0.0930098419339812,0.0930221170593534,0.0930167702660186,0.0929931859224649,0.0929522120256507,0.0928960906825074,0.0928282754227518,0.0927531502537469,0.092675674753664,0.0926009854780139,0.0925339857886539,0.09247895564025,0.0924392116162071,0.0924168450078444,0.0924125599310689,0.0924256239055977,0.09245393240846,0.0924941798141138,0.0925421226932563,0.0925929159596403,0.0926414963999373,0.0926829828551198,0.0927130603845975,0.0927283182021274,0.0927265163497767,0.0927067616395219,0.092669578984649,0.0926168713419215,0.0925517707605187,0.0924783927472122,0.0924015137203217,0.092326195991674,0.0922573879461708,0.0921995300914944,0.0921561992770977,0.0921298212201683,0.092121474872836,0.0921308033291037,0.0921560377140144,0.0921941333547412,0.09224100980062,0.0922918769285256,0.0923416202196263,0.0923852124656831,0.092418118004149,0.0924366576048347,0.0924383052532617,0.0924218922163732,0.0923877005341298,0.0923374380134783,0.0922740979392265,0.0922017162612036,0.0921250460386863,0.0920491746332546,0.0919791144312913,0.0919194013839476,0.0918737350125817,0.0918446883019712,0.091833508401721,0.0918400219305047,0.091862652184528,0.0918985478841794,0.0919438133998143,0.0919938206376742,0.0920435760347985,0.0920881135042159,0.092122884018816,0.0921441128455843,0.0921490965054193,0.0921364152979565,0.0921060445191764,0.0920593565893105,0.0919990146938067,0.0919287655515055,0.0918531458517146,0.0917771244939723,0.0917057094308686,0.091643551101617,0.0915945734769194,0.0915616604885088,0.0915464221038884,0.0915490601857053,0.0915683474804486,0.0916017228859062,0.0916454947826539,0.0916951349583985,0.0917456396985908,0.091791930512073,0.0918292632014282,0.0918536114331709,0.0918619920131585,0.0918527047032921,0.0918254678687175,0.0917814399372396,0.0917231248212559,0.0916541681914178,0.0915790612375916,0.0915027774432403,0.0914303732780478,0.0913665849049187,0.0913154517950034,0.0912799963408534,0.0912619856174573,0.0912617953564459,0.0912783865102641,0.0913093938990238,0.0913513174936102,0.0913998007380599,0.0914499752549066,0.0914968458562592,0.091535685094998,0.0915624052000233,0.0915738781641465,0.0915681803109095,0.0915447435317793,0.0915044011883121,0.0914493238560552,0.0913828492881112,0.0913092204586492,0.0912332527490985,0.0911599555505676,0.0910941362652302,0.0910400171385373,0.0910008964384013,0.0909788828500782,0.0909747249533387,0.0909877485209306,0.0910159059617261,0.0910559350986452,0.0911036169500984,0.0911541132565431,0.091202355881358,0.0912434549867796,0.0912730923339359,0.0912878686736572,0.0912855778728612,0.0912653850270968,0.0912278928725506,0.0911750908379839,0.0911101920942943,0.0910373732011272,0.0909614375263032,0.0908874287731609,0.0908202256266338,0.0907641514143978,0.0907226314690385,0.0906979251720994,0.0906909517933243,0.090701221883012,0.0907268794214507,0.0907648523935834,0.0908111000700737,0.0908609359373414,0.0909093989580482,0.0909516437236383,0.090983320412904,0.0910009163105109,0.091002032188195,0.0909855710008109,0.0909518238732892,0.0909024475235837,0.0908403355978495,0.0907693932368521,0.0906942308377918,0.0906198001728463,0.0905510022058422,0.0904922985954084,0.09044735735167,0.090418759334775,0.0904077883042102,0.0904143227598486,0.0904368408403116,0.0904725393486663,0.0905175567712399,0.0905672811900213,0.0906167184496353,0.0906608923777798,0.0906952457429704,0.0907160087540958,0.0907205035655068,0.0907073593537934,0.0906766212922191,0.0906297455862609,0.09056948088419,0.0904996449215729,0.0904248146352455,0.0903499563593125,0.0902800274929417,0.0902195815907403,0.0901724070145709,0.0901412269423962,0.0901274851751273,0.0901312358495197,0.0901511454012146,0.0901846043102798,0.0902279374142204,0.0902766957310438,0.0903260081070927,0.0903709661192525,0.0904070115493346,0.0904302948957087,0.0904379767605639,0.0904284498625766,0.090401465560804,0.0903581547573363,0.0903009402799828,0.0902333469432499,0.0901597247107477,0.0900849072045934,0.0900138315512738,0.0899511477374126,0.0899008475466997,0.0898659437014945,0.089848226720701,0.0898481196375771,0.0898646413414468,0.0898954807718549,0.0899371771050912,0.0899853937932387,0.0900352658196132,0.0900817914814158,0.0901202353910736,0.0901465094381798,0.0901575016421517,0.0901513270260048,0.0901274796748264,0.0900868724705381,0.0900317610745666,0.0899655595856294,0.0898925642019669,0.0898176073245336,0.0897456691369884,0.0896814777637066,0.0896291313844746,0.0895917739251585,0.0895713497879357,0.0895684548895292,0.0895822937336094,0.089610745667719,0.0896505361016729,0.0896974994045696,0.0897469112945074,0.0897938627545977,0.0898336458804044,0.0898621229148779,0.0898760510655601,0.0898733377054291,0.0898532050626745,0.0898162512341596,0.089764403577426,0.0897007687856547,0.0896293905961184,0.0895549324193605,0.0894823089589353,0.0894162965762835,0.089361154265791,0.0893202850442244,0.0892959632694157,0.0892891489820549,0.0892994055778555,0.0893249299959553,0.0893626944539245,0.089408687755805,0.0894582355611579,0.0895063739008996,0.0895482472121055,0.0895794996878812,0.0895966275190678,0.089597261850877,0.0895803588192973,0.0895462820579638,0.0894967720032369,0.0894348044137942,0.0893643488360903,0.0892900467276594,0.089216836797664,0.0891495592956591,0.0890925709191275,0.0890493996109251,0.089022465666532,0.0890128918354076,0.0890204185542814,0.0890434306456168,0.0890790911097725,0.0891235691164185,0.0891723437897409,0.0892205611956253,0.0892634175876393,0.0892965384249679,0.0893163223486538,0.0893202231080573,0.0893069486702807,0.089276563119633,0.0892304830790173,0.0891713676385072,0.0891029097431936,0.0890295459382955,0.0889561077926965,0.0888874415849579,0.0888280244904622,0.088781606862689,0.0887509102398329,0.0887374071553072,0.0887412011255101,0.0887610155914859,0.0887942919757542,0.08883739001303,0.0888858765089813,0.0889348806367784,0.0889794863988931,0.0890151288750365,0.0890379615252904,0.0890451655596623,0.089035177074761,0.0890078130739964,0.0889642850338054,0.0889070987712895,0.0888398500297987,0.0887669337342443,0.0886931904819774,0.0886235178603106,0.0885624776394835,0.0885139315795115,0.0884807363111127,0.0884645211788793,0.08846556444383,0.0884827755459221,0.0885137845655424,0.0885551328464781,0.0886025500375762,0.0886512943574144,0.0886965275897178,0.0887336951754395,0.0887588831064711,0.0887691251464829,0.0887626363446449,0.0887389536369181,0.0886989722337211,0.0886448757341162,0.0885799660459816,0.0885084056141286,0.0884348904637176,0.0883642789193923,0.0883012060454084,0.0882497154303168,0.0882129373501627,0.0881928375625967,0.0881900561490914,0.0882038507543454,0.0882321513460952,0.0882717235410984,0.0883184267713512,0.0883675452768888,0.0884141652653648,0.0884535691256429,0.0884816157444719,0.0884950753990256,0.0884918905002483,0.088471340404947,0.0884340977667536,0.08838217289235,0.0883187505560711,0.088247931773868,0.088174401595748,0.0881030512824479,0.0880385868016149,0.0879851549094434,0.0879460151146783,0.0879232824875104,0.0879177621960041,0.0879288899350116,0.0879547826084112,0.0879923930594259,0.088037754365192,0.0880862940462101,0.0881331948082983,0.0881737746238112,0.0882038559778166,0.0882200942857056,0.088220239699781,0.0882033130655639,0.088169683375484,0.0881210403071391,0.0880602626733678,0.0879911924150745,0.0879183324105273,0.0878464923875927,0.0877804100041202,0.087724375285156,0.0876818874169237,0.087655372432234,0.0876459863557879,0.0876535203768349,0.0876764148460075,0.0877118802332227,0.0877561162944323,0.0878046139915307,0.0878525171434317,0.0878950138945291,0.0879277246968552,0.0879470547318178,0.0879504829647822,0.0879367651710174,0.0879060340346306,0.0878597871468935,0.0878007637920289,0.0877327218346654,0.0876601341628048,0.0875878292484827,0.0875206038379522,0.0874628386368441,0.0874181489682528,0.0873890996090259,0.0873770060592887,0.0873818357596052,0.0874022149591537,0.0874355404178437,0.0874781881649096,0.0875258032048261,0.0875736460794319,0.087616967395187,0.0876513807661162,0.0876732064308859,0.0876797600781568,0.0876695642632895,0.0876424649303622,0.0875996436060487,0.0875435250628153,0.0874775882452415,0.0874060944253918,0.0873337522092429,0.0872653449291829,0.0872053506370469,0.0871575859606974,0.0871249019838413,0.0871089550616353,0.0871100702672187,0.0871272098466488,0.0871580517596648,0.087199173419013,0.087246325238887,0.0872947707002425,0.0873396654706495,0.0873764462234863,0.0874011985867963,0.0874109736979548,0.0874040261741516,0.0873799536218719,0.087339727245718,0.0872856121255638,0.0872209835728068,0.0871500537271139,0.0870775306729346,0.0870082391127523,0.0869467346003743,0.0868969420699639,0.0868618458824813,0.0868432548287007,0.0868416611407392,0.0868562057093697,0.0868847519316732,0.0869240602161934,0.0869700471678598,0.0870181086760497,0.087063482856285,0.0871016255185534,0.0871285684036351,0.0871412311020923,0.0871376621701764,0.0871171917777008,0.0870804849892548,0.0870294910986795,0.0869672916330957,0.086897858260964,0.086825740160397,0.0867557059898276,0.0866923678850943,0.0866398154982704,0.0866012883749021,0.0865789140217059,0.086573534665688,0.0865846374376001,0.0866103928003514,0.0866477973752861,0.086692910582275,0.0867411681391824,0.0867877483973045,0.086827961194714,0.0868576261325464,0.0868734089795962,0.0868730896808118,0.0868557410114448,0.0868218029842773,0.0867730459756057,0.0867124255279135,0.0866438419486201,0.0865718255452238,0.0865011729225257,0.0864365626342172,0.0863821807385225,0.0863413873657616,0.0863164521695184,0.0863083792397104,0.0863168330991544,0.0863401695135632,0.086375568399989,0.0864192594036739,0.0864668227752766,0.0865135406776305,0.0865547697485517,0.0865863055657162,0.0866047119252045,0.0866075905572364,0.086593770132394,0.0865633988124839,0.0865179327702077,0.0864600222948986,0.0863933049297135,0.0863221209832091,0.0862511720443517,0.0861851485906394,0.0861283569523759,0.0860843764250247,0.0860557737207689,0.0860438962584669,0.0860487602199534,0.0860690437681527,0.0861021884888448,0.0861446023038673,0.0861919469017721,0.086239485235481,0.086282460954922,0.0863164803148147,0.0863378664990187,0.0863439569495312,0.0863333181198736,0.0863058597164309,0.0862628400740084,0.0862067632953545,0.086141176445554,0.0860703825126628,0.0859990925004303,0.0859320462193071,0.085873633714483,0.0858275474242378,0.0857964911280289,0.0857819675406867,0.0857841617449906,0.0858019306994064,0.0858328993545432,0.085873653717522,0.0859200134956421,0.0859673625294608,0.0860110124144812,0.0860465719625232,0.0860702932619712,0.0860793662458821,0.0860721386424026,0.0860482452528456,0.0860086374184311,0.0859555099033842,0.0858921295443284,0.0858225784215358,0.0857514322880079,0.0856834001405508,0.085622952600565,0.0855739668351426,0.0855394155097328,0.0855211258555149,0.0855196302243808,0.0855341210060779,0.0855625127690118,0.0856016058504128,0.0856473390682377,0.0856951132125063,0.0857401604178457,0.0857779288293334,0.0858044498084649,0.0858166572818201,0.0858126340809259,0.0857917660714493,0.0857547911967737,0.0857037385112196,0.0856417621630456,0.0855728851519083,0.0855016749649503,0.0854328772464422,0.0853710359400918,0.0853201300151618,0.085283256911081,0.0852623891648317,0.0852582230827719,0.0852701291846966,0.0852962062124335,0.0853334341558864,0.0853779153033756,0.0854251847940487,0.0854705651360939,0.0855095353516205,0.0855380857006537,0.0855530316444715,0.0855522638328206,0.0855349144818716,0.0855014261509887,0.0854535171852496,0.0853940472187245,0.0853267937679446,0.0852561565450164,0.0851868110179563,0.0851233377434453,0.0850698576641928,0.0850297035819929,0.0850051539387209,0.0849972489274326,0.0850057030610553,0.0850289226126724,0.0850641290087415,0.085107579628591,0.0851548675936669,0.0852012750627243,0.0852421513681191,0.0852732865638771,0.0852912509594376,0.0852936724370014,0.0852794276486731,0.0852487311268663,0.0852031160290773,0.0851453091560902,0.0850790103272965,0.0850085932596598,0.0849387522705886,0.0848741247639675,0.0848189212447638,0.0847765922033507,0.0847495566843967,0.0847390127627595,0.0847448452425627,0.0847656388732877,0.0847987957771445,0.0848407458202706,0.0848872312709552,0.0849336430557221,0.084975383576453,0.0850082288273196,0.0850286611869744,0.0850341458712116,0.0850233293387865,0.0849961452342736,0.0849538204845984,0.0848987805508479,0.0848344598592924,0.0847650316063883,0.0846950787528996,0.0846292327187359,0.0845718075701172,0.0845264570315983,0.0844958809112765,0.0844816056788459,0.0844838588946243,0.0845015484910473,0.084532347831158,0.084572878901988,0.0846189796636083,0.0846660359396132,0.0847093522053976,0.0847445305493176,0.0847678255227911,0.0847764454908468,0.0847687767873169,0.0847445132736146,0.084704680445238,0.0846515512314841,0.0845884603760642,0.0845195338265056,0.0844493563774794,0.0843826043185724,0.0843236715392896,0.0842763186443575,0.0842433741456641,0.0842265127229443,0.0842261276696543,0.0842413053645005,0.0842699016642212,0.0843087139093211,0.0843537360781988,0.0844004775199491,0.0844443191782275,0.0844808779154903,0.0845063503033191,0.0845178103777607,0.0845134393705831,0.0844926693335603,0.0844562284250948,0.08440608394826,0.0843452882657274,0.0842777401323057,0.084207879266378,0.0841403364758284,0.0840795661817147,0.084029491345341,0.0839931903244189,0.0839726506468522,0.0839686081899856,0.0839804840671608,0.0840064256635641,0.0840434509655874,0.0840876859167349,0.0841346750247847,0.0841797388304998,0.0842183491792885,0.0842464930316599,0.0842609961347289,0.0842597796491253,0.0842420275582247,0.0842082508835139,0.0841602444856697,0.0841009410438646,0.0840341739962385,0.0839643679018332,0.0838961813647057,0.0838341327396093,0.0837822400505656,0.0837437036091107,0.0837206548255488,0.0837139897575826,0.0837233008274887,0.0837469130861002,0.0837820219364855,0.08382491952562,0.0838712899613246,0.0839165498812263,0.083956209019438,0.0839862237071371,0.0840033153902923,0.0840052282953832,0.0839909060015559,0.0839605741661227,0.0839157237725908,0.0838589956405399,0.0837939738264959,0.0837249034564051,0.0836563557778315,0.0835928674613308,0.0835385819574329,0.0834969197375407,0.083470303007445,0.0834599582139777,0.0834658143258207,0.0834865060138426,0.0835194807539607,0.0835612004105594,0.0836074217636415,0.083653535208916,0.0836949353707637,0.0837273928999246,0.0837473957662524,0.0837524317698968,0.08374119010262,0.0837136663932904,0.0836711623953926,0.0836161794874339,0.0835522147209927,0.0834834773379028,0.0834145500161011,0.083350022058322,0.0832941228639821,0.0832503845685804,0.0832213617603019,0.0832084317351007,0.0832116906373419,0.0832299514531706,0.0832608419042727,0.0833009942489032,0.0833463131505599,0.0833923011040189,0.0834344148915555,0.0834684237384515,0.0834907410492787,0.0834987051477051,0.0834907883166317,0.0834667176354271,0.0834274971447257,0.083375329222883,0.0833134419780332,0.0832458366322736,0.0831769738141926,0.0831114217514293,0.0830534934064951,0.0830069022618791,0.0829744654961788,0.082957878318675,0.0829575763653031,0.0829726966140838,0.0830011413061065,0.0830397421301553,0.0830845127674657,0.0831309687711544,0.0831744876109198,0.0832106795637153,0.0832357404801663,0.0832467586089702,0.0832419499541298,0.0832208017712499,0.08318411222659,0.0831339240273833,0.0830733585034218,0.0830063635249703,0.0829373949112976,0.0828710571592501,0.0828117338409292,0.0827632386694622,0.0827285147687328,0.0827094042503918,0.0827065049280472,0.0827191257136322,0.082745345191783,0.0827821685680792,0.0828257687648913,0.0828717907419962,0.0829156948971892,0.0829531139859778,0.082980196796784,0.0829939114618774,0.0829922837502144,0.0829745516108138,0.0829412248913648,0.0828940463375053,0.0828358563052044,0.0827703703519081,0.0827018865043794,0.0826349458594316,0.0825739739494102,0.0825229305770168,0.0824849943374639,0.0824623063323758,0.0824557949189324,0.0824650977279131,0.0824885881999077,0.0825235037942915,0.0825661646987341,0.0826122660482548,0.0826572218513936,0.0826965338790437,0.0827261549104768,0.082742815354417,0.0827442861755401,0.0827295575538022,0.0826989195758002,0.0826539381143947,0.0825973270345362,0.0825327272172054,0.0824644117081651,0.0823969421446619,0.082334804009986,0.082282048816384,0.0822419713185019,0.0822168484280063,0.0822077617164766,0.0822145170774255,0.0822356656629418,0.0822686223416952,0.0823098720732129,0.0823552490816316,0.0824002674932944,0.0824404765895247,0.0824718115103135,0.0824909118965856,0.0824953848912702,0.0824839931371474,0.0824567528786281,0.0824149334569999,0.0823609578417392,0.0822982126159492,0.082230782745606,0.0821631310486667,0.0820997459256069,0.0820447844805001,0.0820017403260753,0.0819731639324029,0.0819604579943026,0.0819637630957892,0.0819819422765711,0.0820126670521805,0.082052600314422,0.082097662660486,0.0821433599915739,0.0821851445630045,0.0822187800370623,0.0822406819820135,0.0822482069606961,0.0822398661401571,0.0822154448509003,0.0821760181219884,0.0821238619905279,0.0820622688782857,0.0819952819218647,0.0819273689863073,0.0818630627522489,0.0818065972253701,0.0817615711161317,0.0817306645815673,0.0817154299845016,0.0817161717647902,0.0817319250925023,0.0817605359547685,0.0817988362176617,0.0818428980881729,0.0818883460793955,0.0819307017801015,0.0819657357767467,0.0819898003659792,0.082000116815167,0.081994993789736,0.0819739597609469,0.0819378000074821,0.0818884960361526,0.0818290715001674,0.081763355240655,0.0816956794081221,0.0816305370790139,0.0815722270919405,0.0815245136017674,0.0814903258626398,0.0814715215755962,0.0814687341043504,0.0814813180169855,0.0815073983394375,0.0815440188592126,0.0815873766592257,0.0816331245389531,0.0816767186046103,0.0817137839251334,0.0817404678994761,0.0817537511772748,0.0817516903604587,0.0817335735617556,0.0816999769983172,0.0816527177520447,0.0815947057446103,0.0815297070865402,0.0814620393755317,0.0813962248609024,0.0813366292312673,0.0812871137720467,0.0812507281177454,0.0812294689554083,0.0812241249435043,0.0812342196285863,0.0812580546547081,0.0812928477792902,0.0813349545683119,0.0813801574738365,0.0814240002319509,0.0814621405145897,0.0814906919457552,0.0815065286771723,0.081507530018399,0.0814927471434642,0.081462478601136,0.081418247662842,0.0813626828756092,0.0812993117963023,0.0812322845072271,0.081166047722836,0.0811049935017029,0.081053109665127,0.0810136607023141,0.0809889260545634,0.080980016895085,0.0809867850189797,0.0810078305913367,0.0810406094050574,0.0810816333108518,0.0811267489108315,0.0811714713332315,0.0812113447467271,0.0812423001684237,0.0812609825470984,0.0812650213258613,0.0812532219355646,0.0812256614955229,0.0811836807423258,0.0811297739353071,0.0810673867704089,0.0810006385840912,0.0809339905241469,0.0808718865045549,0.080818397171043,0.0807768966731076,0.0807497976113829,0.0807383633129989,0.0807426107683934,0.0807613120349001,0.0807920949617058,0.0808316352010666,0.0808759226797501,0.0809205797661259,0.0809612059880303,0.0809937236633671,0.0810146985791578,0.0810216104336969,0.0810130509908027,0.0809888343352937,0.0809500115334196,0.0808987892159877,0.0808383577540391,0.0807726410347331,0.080705986857076,0.0806428230144019,0.0805873069694212,0.0805429963053215,0.0805125646611434,0.0804975852438425,0.0804984006339557,0.0805140915511287,0.080542548118187,0.0805806371951455,0.0806244513971529,0.08066962021124,0.0807116597044124,0.0807463334909599,0.0807699949749845,0.0807798816360139,0.0807743369612211,0.0807529427988576,0.080716552203124,0.0806672198477726,0.0806080348959285,0.0805428700524876,0.0804760685259849,0.0804120954576023,0.0803551816598926,0.0803089869429937,0.0802763092789408,0.0802588637789373,0.0802571500940176,0.0802704182381956,0.0802967333435476,0.0803331321880063,0.08037585892877,0.0804206626655601,0.0804631341587047,0.0804990545300521,0.0805247274326217,0.0805372686740464,0.080534831926662,0.0805167539721857,0.080483607843913,0.0804371586298425,0.0803802249822274,0.0803164577958114,0.0802500538360823,0.0801854259214761,0.0801268540202259,0.0800781442265474,0.0800423237787838,0.0800213979572743,0.0800161885600894,0.0800262658799533,0.0800499790804035,0.0800845837624465,0.0801264586897394,0.0801713954040748,0.0802149366423452,0.0802527348168531,0.0802809012412531,0.0802963187349348,0.0802968929618546,0.0802817215356773,0.0802511660388547,0.0802068209535377,0.0801513831484352,0.0800884336082189,0.0800221489763149,0.0799569654151179,0.079897221900874,0.0798468129342267,0.0798088797037564,0.0797855638719625,0.0797778415926688,0.0797854493261198,0.0798069074149615,0.0798396405259608,0.0798801854172041,0.0799244680474859,0.0799681265060712,0.0800068542874656,0.0800367383939802,0.0800545669891129,0.0800580823425315,0.080046158393357,0.0800188889209952,0.0799775803157055,0.0799246501278317,0.0798634385974027,0.0797979464713368,0.0797325190926348,0.0796715023730231,0.079618898625793,0.0795780490224978,0.0795513664877878,0.0795401398133814,0.0795444260824658,0.0795630422712001,0.0795936577429793,0.0796329794957998,0.0796770142964587,0.0797213869854785,0.079761690783087,0.0797938421630211,0.0798144107983232,0.0798208963704174,0.0798119292913483,0.0797873798507164,0.0797483677508927,0.0796971710160814,0.0796370409291096,0.079571938188177,0.0795062130435323,0.079444256487369,0.0793901503032678,0.0793473426756987,0.0793183745490291,0.0793046792713822,0.0793064724543561,0.0793227402723431,0.0793513249652636,0.07938909878089,0.0794322124405687,0.0794763997779409,0.0795173153706944,0.0795508779922811,0.0795735918397299,0.0795828203941787,0.0795769927473196,0.0795557273037804,0.0795198628634387,0.0794713935508171,0.0794133122638106,0.0793493755188946,0.0792838085683513,0.0792209730862992,0.0791650220194759,0.0791195683192698,0.0790873950007088,0.0790702312351933,0.0790686127086391,0.0790818364589452,0.0791080132521721,0.0791442144705556,0.0791867038602032,0.0792312366122048,0.0792734009021448,0.0793089728804492,0.0793342560466445,0.0793463783990242,0.0793435239508019,0.0793250792758361,0.0792916821157061,0.0792451679988125,0.0791884203526097,0.0791251373631153,0.0790595343320586,0.0789960047380401,0.0789387672911322,0.078891528600225,0.0788571896385243,0.0788376189121555,0.0788335083618376,0.0788443217890801,0.0788683399505439,0.0789027997310286,0.0789441164336386,0.0789881701498432,0.0790306320396924,0.079067304821303,0.0790944521701134,0.0791090924237529,0.0791092334292908,0.0790940292838916,0.07906384657553,0.0790202357916806,0.0789658106969185,0.0789040443512588,0.0788389962937619,0.0787749917401157,0.0787162788390857,0.0786666919252938,0.0786293470137355,0.0786063923760918,0.0785988336079575,0.0786064486150403,0.0786278015780479,0.078660355819021,0.0787006757870418,0.0787447009166329,0.0787880696267277,0.078826468747336,0.0788559809574415,0.0788734013370033,0.0788764959438582,0.0788641809812706,0.0788366088358678,0.0787951548321695,0.078742305548749,0.0786814570370491,0.0786166394986187,0.078552192096168,0.0784924153627997,0.0784412288601132,0.0784018601057327,0.0783765888198764,0.0783665675362329,0.0783717338091781,0.0783908204790008,0.078421461060364,0.0784603799610409,0.0785036523601166,0.0785470145236941,0.0785862009766597,0.0786172814570872,0.0786369701734505,0.0786428831721185,0.078633724904949,0.078609390396034,0.078570974649612,0.078520687440235,0.0784616797312006,0.0783977959390403,0.0783332719210736,0.0782724015702255,0.0782191967390017,0.0781770668567915,0.0781485448785955,0.078135083069421,0.0781369353434383,0.0781531346472951,0.0781815666283806,0.0782191347967974,0.0782620059903293,0.0783059174615228,0.0783465200436488,0.0783797282430067,0.0784020485615691,0.0784108603039238,0.07840462677034,0.078383019170952,0.0783469421809321,0.0782984590086,0.0782406232305144,0.0781772321231821,0.0781125213083738,0.0780508244975396,0.0779962256747355,0.0779522328644354,0.0779215007268567,0.0779056235589317,0.0779050131225896,0.0779188693231355,0.0779452460995127,0.0779812083036873,0.078023067266561,0.0780666750538462,0.0781077527001709,0.0781422266054833,0.0781665481144787,0.0781779724313683,0.0781747748607592,0.0781563865825705,0.0781234391947288,0.0780777153540082,0.0780220098989197,0.0779599115300733,0.0778955206996512,0.077833125318707,0.077776860652357,0.0777303811972216,0.0776965701739835,0.0776773084217548,0.0776733206746243,0.0776841129579818,0.0777080083632027,0.0777422793697867,0.0777833653606092,0.0778271567977443,0.0778693234258131,0.0779056613716364,0.0779324318628159,0.0779466633750802,0.077946391322658,0.0779308154275233,0.0779003628366073,0.0778566527015596,0.07780236487482,0.0777410226662781,0.0776767074712441,0.0776137297386283,0.0775562840126948,0.0775081154306507,0.0774722229207319,0.0774506219383509,0.0774441862515322,0.0774525822974587,0.0774743008313181,0.0775067812855067,0.0775466170939318,0.0775898256502216,0.0776321629106063,0.0776694587653201,0.0776979463051871,0.0777145581550722,0.0777171667024221,0.0777047506151252,0.0776774755593734,0.0776366823923424,0.0775847826108456,0.0775250688155063,0.0774614556680375,0.0773981721249954,0.077339428316864,0.0772890818155385,0.0772503292014244,0.0772254486716393,0.0772156159231225,0.0772208084780527,0.0772398052114268,0.0772702805320983,0.0773089867210708,0.0773520117828864,0.0773950930796768,0.0774339606550618,0.0774646810734318,0.0774839735658083,0.0774894736957378,0.0774799238253805,0.0774552744213798,0.0774166870048877,0.0773664385003268,0.0773077359396301,0.0772444576303294,0.0771808415562025,0.0771211452524873,0.0770693044263957,0.0770286188918462,0.0770014920358264,0.076989244012814,0.0769920114575716,0.0770087399801884,0.0770372700640341,0.0770745105780204,0.0771166863460863,0.0771596389175307,0.0771991553901514,0.0772312994592862,0.0772527201285376,0.0772609150682779,0.0772544278216454,0.0772329625530136,0.0771974072048411,0.0771497640349618,0.0770929934539285,0.0770307825691844,0.0769672551230853,0.076906645090874,0.0768529605287852,0.0768096652227245,0.076779403066402,0.0767637858262425,0.0767632607929497,0.0767770703457682,0.076803308902207,0.0768390737176413,0.0768806966843221,0.0769240374106404,0.0769648141603442,0.0769989472230518,0.0770228876959311,0.0770339042968869,0.0770303036059687,0.0770115654887902,0.0769783835734118,0.0769326083402064,0.0768770972286067,0.076815483218521,0.0767518808412129,0.0766905547621743,0.0766355788204453,0.0765905125307255,0.0765581194257414,0.0765401487958329,0.0765371987645883,0.0765486725084541,0.0765728306325266,0.0766069335337875,0.0766474606343872,0.0766903890867805,0.0767315112950494,0.0767667671846703,0.0767925646463433,0.0768060620632599,0.07680539083656,0.0767898016487389,0.0767597239018721,0.0767167332258239,0.076663428438744,0.0766032271697928,0.0765400967984824,0.0764782423040343,0.0764217747749393,0.0763743852387912,0.0763390491725735,0.0763177864543795,0.0763114976594368,0.0763198902865304,0.0763414999487449,0.0763738042248478,0.0764134210331002,0.076456377517394,0.0764984287733237,0.0765353998924583,0.076563522250866,0.0765797364317835,0.076581938044048,0.0765691471535289,0.076541587096522,0.0765006653534565,0.0764488580750078,0.0763895088439331,0.0763265590592427,0.0762642315472752,0.0762066919776177,0.0761577151704858,0.0761203841864667,0.0760968473148796,0.076088151729591,0.076094164957787,0.0761135886841266,0.0761440638139529,0.0761823595088497,0.0762246314705688,0.0762667278593788,0.0763045173706498,0.0763342137349482,0.0763526725814207,0.0763576385541945,0.0763479231384677,0.0763234984036494,0.0762854991617542,0.0762361341281456,0.0761785134870332,0.0761164055246739,0.0760539399608179,0.0759952807993944,0.0759442954028765,0.0759042469949499,0.0758775347281457,0.0758655007780842,0.0758683194435305,0.0758849785563842,0.0759133569069387,0.0759503924924151,0.0759923273217015,0.0760350079741216,0.0760742178240467,0.0761060153280524,0.0761270517246207,0.0761348416721818,0.0761279635747081,0.0761061730064041,0.0760704209150766,0.0760227759781858,0.0759662572006814,0.0759045896334776,0.0758419031994668,0.0757824003228039,0.0757300202793112,0.0756881267938811,0.0756592423124861,0.0756448491682081,0.075645273978764,0.0756596653701209,0.0756860663601888,0.0757215737086852,0.0757625698307587,0.0758050089109395,0.0758447359996848,0.0758778149311814,0.0759008388757212,0.0759111982518332,0.0759072850624556,0.075888618780527,0.0758558847570578,0.0758108816459971,0.0757563807820558,0.0756959081048759,0.0756334663785253,0.0755732200141437,0.0755191665227157,0.0754748190702321,0.0754429248496971,0.0754252429752859,0.0754224014191151,0.0754338449706138,0.0754578775320477,0.0754917947313479,0.0755320971442159,0.0755747688467732,0.0756155997957433,0.0756505252007576,0.0756759530286865,0.0756890527329344,0.0756879826041345,0.0756720379529418,0.0756417076404274,0.0755986334859632,0.0755454759264397,0.0754856980563203,0.075423286614078,0.0753624322418459,0.0753071938117951,0.0752611736071173,0.075227230475649,0.0752072549036757,0.0752020233137035,0.0752111410782071,0.0752330770508885,0.0752652868925422,0.0753044164832208,0.0753465696246045,0.0753876177624592,0.0754235260241499,0.0754506700225941,0.0754661199562353,0.0754678708701145,0.0754550008403316,0.0754277438196663,0.0753874712621983,0.075336584691704,0.0752783280434884,0.075216533626873,0.0751553201932249,0.0750987663808871,0.0750505862450738,0.0750138336293917,0.0749906586417782,0.0749821344454133,0.0749881677934491,0.0750075018845979,0.0750378134990393,0.0750758976190065,0.0751179239338448,0.0751597434532053,0.0751972205944856,0.0752265650867231,0.0752446375188119,0.0752492030498347,0.0752391114449009,0.0752143885384612,0.075176232612337,0.0751269168408993,0.0750696055074083,0.0750080981933611,0.0749465228451323,0.0748890038477851,0.0748393329444417,0.0748006689477843,0.074775288642811,0.0747644077106648,0.0747680863882988,0.0747852282561904,0.0748136718519071,0.0748503659560208,0.074891612946712,0.0749333609905293,0.0749715233920202,0.075002300949416,0.0750224816090993,0.0750296930336647,0.0750225883492086,0.0750009516113579,0.0749657155041304,0.0749188893441764,0.074863401832062,0.0748028704542123,0.0747413162881851,0.0746828471348541,0.0746313331817173,0.0745900993852004,0.0745616585513634,0.0745475076896876,0.0745480057284858,0.0745623429500399,0.0745886037579593,0.0746239170916157,0.0746646832826582,0.074706860899264,0.0747462913540918,0.0747790342469137,0.0748016849133632,0.0748116480770226,0.0748073462099053,0.0747883463473546,0.0747553946286066,0.0747103549198868,0.0746560566182688,0.074596065224711,0.074534395323427,0.0744751889012484,0.0744223839024,0.0743793994036498,0.0743488636652748,0.0743324077692793,0.0743305406487093,0.0743426133483998,0.0743668736322621,0.07440060662615,0.074440351441069,0.0744821769957385,0.0745219942105919,0.0745558787442255,0.0745803790101804,0.0745927866763942,0.0745913495458195,0.0745754099195907,0.0745454567228803,0.0745030871220058,0.0744508813417465,0.0743922008786146,0.0743309250559363,0.0742711451597666,0.0742168397747579,0.0741715579345512,0.0741381363076504,0.0741184727316474,0.0741133729955082,0.0741224827142024,0.0741443111441287,0.0741763471883604,0.0742152592610144,0.0742571621704501,0.0742979283788121,0.0743335185712186,0.0743603059340375,0.0743753685510902,0.0743767255145835,0.0743634963888179,0.0743359708446763,0.0742955837466971,0.074244798574608,0.0741869084211606,0.0741257699935389,0.0740654923301226,0.0740101066808522,0.0739632451974872,0.0739278537037756,0.073905959843918,0.0738985140071229,0.0739053161085551,0.0739250349328248,0.0739553181435715,0.0739929824143376,0.0740342669653488,0.0740751305065637,0.0741115695535755,0.0741399340672605,0.0741572152721498,0.0741612822259353,0.0741510486568243,0.0741265580486177,0.0740889810266721,0.0740405246652461,0.0739842596086988,0.0739238781465165,0.0738634029103008,0.0738068696334764,0.0737580082526565,0.073719946156291,0.0736949567404919,0.0736842746520989,0.0736879943361367,0.0737050606124488,0.0737333512130266,0.0737698439816722,0.0738108561160615,0.0738523379241824,0.0738901982622452,0.0739206345446659,0.0739404392365037,0.0739472576243594,0.0739397767509163,0.0739178308335025,0.0738824141946044,0.0738355998524121,0.0737803705277261,0.073720377025813,0.0736596445971292,0.0736022507031511,0.0735519990700736,0.073512115907912,0.0734849936039998,0.0734720033123428,0.0734733907195988,0.0734882611835279,0.0735146537078158,0.0735496979127589,0.0735898426780365,0.0736311387844436,0.0736695522701972,0.0737012826506011,0.0737230611182784,0.073732406675822,0.0737278211879474,0.073708907824807,0.0736764027256587,0.0736321172037586,0.0735787957025796,0.0735199009997905,0.0734593426206602,0.0734011683599186,0.0733492427786153,0.0733069390964071,0.0732768700707939,0.0732606791497627,0.0732589074382913,0.0732709467228485,0.0732950836890811,0.0733286339113889,0.0733681558102126,0.0734097265810491,0.0734492566939857,0.0734828175871798,0.0735069571322741,0.07351897796331,0.0735171554166552,0.0735008762362983,0.0734706865933255,0.0734282464829915,0.0733761950648357,0.0733179376445901,0.0732573708436459,0.0731985683574907,0.0731454539562731,0.0731014890809826,0.0730693995420483,0.0730509614490996,0.0730468622951638,0.0730566486324128,0.0730787653863307,0.0731106833733415,0.0731491031598828,0.0731902175219586,0.0732300118336265,0.073264580095068,0.0732904327519286,0.0733047718064855,0.0733057108132108,0.0732924225666922,0.0732652039204813,0.0732254533242885,0.0731755622160636,0.0731187275525796,0.073058699773156,0.0729994866865854,0.0729450371431251,0.0728989287505823,0.0728640829666246,0.0728425298245524,0.0728352424128736,0.0728420562191217,0.0728616804291873,0.0728917994661589,0.0729292559175932,0.0729703008973202,0.073010893338573,0.0730470248879655,0.0730750433262439,0.0730919469738078,0.0730956258645898,0.073085030913796,0.0730602580015055,0.0730225397503716,0.0729741448979624,0.0729181936091536,0.0728584049636372,0.0727987980794645,0.0727433706761601,0.0726957798384857,0.072659050255571,0.0726353342237872,0.0726257434945245,0.0726302657027948,0.0726477699384128,0.072676099313917,0.07271224322794,0.0727525768178773,0.0727931491311364,0.0728299963694621,0.0728594544257806,0.0728784462980351,0.0728847231573452,0.0728770412012149,0.0728552601601579,0.0728203548327547,0.0727743385345365,0.0727201051253622,0.0726612023488245,0.0726015533789702,0.0725451470339422,0.0724957206636523,0.0724564618373901,0.0724297537115008,0.0724169842775763,0.0724184336330099,0.0724332478993034,0.0724595032176007,0.0724943567714328,0.0725342736363341,0.0725753104080196,0.0726134315629623,0.0726448329768025,0.0726662474606379,0.0726752081811815,0.0726702479366425,0.0726510170045544,0.0726183098501347,0.0725739995114584,0.0725208858502627,0.0724624697410884,0.0724026707630895,0.0723455113733117,0.0722947943033272,0.072253800132825,0.0722250286992013,0.0722100032482467,0.0722091517503985,0.0722217751771022,0.0722461061486184,0.0722794530286966,0.072318416361997,0.0723591589835327,0.0723977085610688,0.0724302701250205,0.072453525025538,0.072464892536026,0.072462732773951,0.072446475077782,0.0724166627523252,0.0723749112901704,0.0723237826805662,0.0722665844174813,0.0722071085776178,0.0721493321901731,0.0720971030828415,0.0720538353426284,0.0720222371570232,0.0720040923155116,0.0720001141822965,0.0720098857204241,0.0720318910292387,0.0720636350625383,0.0721018411832184,0.0721427113544089,0.0721822295960093,0.07221648499444,0.0722419873386289,0.0722559484859142,0.0722565063081389,0.0722428738384213,0.0722154021664041,0.0721755515989793,0.0721257726913705,0.0720693070050932,0.0720099250065842,0.0719516233172688,0.0718983053874582,0.0718534701275327,0.0718199330743153,0.0717996032867867,0.0717933346683988,0.0718008628982115,0.0718208309203923,0.0718508992837033,0.0718879326352534,0.0719282487618657,0.0719679110048017,0.0720030401419352,0.072030120124928,0.0720462738075568,0.0720494883330115,0.0720387734973861,0.0720142403750843,0.0719770931242783,0.0719295343949068,0.0718745924061611,0.0718158835902967,0.0717573285429279,0.0717028422040296,0.0716560223199209,0.0716198619245331,0.0715965099262193,0.0715870988504978,0.0715916524441972,0.0716090801406886,0.0716372601351476,0.0716732064448696,0.0717133074352321,0.0717536158060721,0.0717901654560689,0.0718192895661435,0.0718379151515054,0.0718438108135251,0.0718357669517236,0.0718136927459835,0.0717786219366676,0.0717326279396511,0.0716786560472847,0.071620286074614,0.07156144392682,0.0715060855286726,0.0714578798356597,0.0714199173846903,0.071394467121912,0.0713827991388781,0.071385086216525,0.0714003923302598,0.0714267499239482,0.0714613196006684,0.0715006179686048,0.0715407941372146,0.0715779331532644,0.0716083638665101,0.071628948037193,0.0716373276975928,0.071632110574162,0.0716129790728019,0.0715807152182096,0.0715371401539735,0.0714849722461787,0.071427613667611,0.0713688818280596,0.0713127075081508,0.0712628241018514,0.0712224718896762,0.0711941394602869,0.0711793625186698,0.071178597535,0.0711911822586085,0.0712153869328199,0.0712485513021479,0.0712872956503118,0.0713277895208453,0.0713660579878598,0.071398301487956,0.0714212025349464,0.0714321931624127,0.0714296610917263,0.0714130786935882,0.0713830449304518,0.0713412365101227,0.0712902715033191,0.0712334967146008,0.0711747173050294,0.0711178915201811,0.0710668147510859,0.0710248171270259,0.0709944984335974,0.0709775223959157,0.0709744876094092,0.0709848847421249,0.0710071413672151,0.0710387492022266,0.0710764637367917,0.0711165616314311,0.0711551361071992,0.0711884062556208,0.0712130149138209,0.0712262918714069,0.0712264630309518,0.0712127900681135,0.0711856293100719,0.0711464042815396,0.0710974938412897,0.071042045321962,0.0709837276604921,0.0709264430177276,0.0708740181795488,0.0708298997332835,0.0707968782764515,0.0707768648723934,0.0707707375984841,0.0707782694289884,0.0707981428280965,0.0708280511504476,0.0708648807038287,0.0709049597136964,0.070944353326162,0.0709791796428151,0.0710059211587314,0.0710217073474227,0.0710245460711521,0.0710134844191439,0.0709886849016624,0.0709514107604964,0.0709039226168891,0.0708492957030688,0.070791172230924,0.0707334681772491,0.0706800582764784,0.0706344658130958,0.0705995830843728,0.0705774442766677,0.0705690670645686,0.0705743742898157,0.0705922022470429,0.0706203958236556,0.070655982777979,0.0706954118152321,0.0707348342119306,0.0707704069043115,0.0707985945630817,0.0708164479262605,0.0708218362627399,0.0708136149534329,0.0707917150796385,0.0707571488906928,0.0707119312359713,0.0706589223883757,0.0706016033298553,0.0705438007711555,0.0704893843050684,0.070441960226437,0.070404585635215,0.0703795242089,0.0703680627708781,0.0703704047072688,0.0703856506896176,0.0704118689356543,0.0704462485733318,0.0704853229999468,0.0705252458287688,0.0705620986342848,0.0705922063441182,0.0706124339569889,0.0706204392639354,0.0706148607824441,0.0705954264556134,0.0705629749516034,0.0705193874839902,0.070467434996841,0.0704105533493259,0.0703525659768549,0.070297377416176,0.0702486619749126,0.0702095713172363,0.0701824838924764,0.0701688170283872,0.0701689175220321,0.0701820387963256,0.0702064044278418,0.0702393513688331,0.0702775415965349,0.0703172266435226,0.0703545447127446,0.0703858262385037,0.0704078828890565,0.0704182574862573,0.0704154164732795,0.0703988707359398,0.0703692149380318,0.0703280813383674,0.0702780114764979,0.0702222564243939,0.0701645216007246,0.0701086753126755,0.0700584425914993,0.0700171081676159,0.0699872532755998,0.069970548557663,0.0699676196529517,0.0699779952262852,0.0700001411948631,0.070031579636439,0.0700690847761507,0.0701089411348019,0.0701472422177663,0.0701802044239825,0.0702044706861192,0.0702173801773736,0.0702171827875473,0.0702031803628191,0.0701757822737764,0.0701364707908032,0.0700876801255741,0.0700325998067688,0.0699749180446295,0.0699185250623833,0.0698672004257466,0.0698243107295011,0.0697925428335862,0.0697736933314413,0.0697685292031873,0.0697767294623477,0.0697969127152061,0.0698267493596765,0.0698631494059889,0.0699025095839224,0.0699409988420946,0.0699748598822246,0.0700007043742111,0.070015779657732,0.0700181857220924,0.0700070246752333,0.0699824710028392,0.069945757968942,0.069899081690621,0.0698454296429312,0.0697883457863595,0.0697316504126707,0.069679137558028,0.0696342745462806,0.0695999268776479,0.0695781290383611,0.0695699191914787,0.0695752523716055,0.0695930010687561,0.0696210438489558,0.0696564340972298,0.0696956345039661,0.0697347989283548,0.069770080304411,0.0697979403827151,0.069815435443206,0.0698204535719153,0.0698118839871849,0.0697897054868494,0.0697549874982061,0.0697098033044109,0.0696570618161665,0.0696002717842589,0.0695432588105434,0.0694898589706302,0.0694436132722655,0.0694074861952729,0.0693836302992097,0.069373216457225,0.0693763440818943,0.0693920378610119,0.0694183292852373,0.0694524148935436,0.0694908788015765,0.0695299631327889,0.069565865635974,0.0695950403709084,0.0696144768890141,0.0696219361648311,0.0696161259753182,0.0695968028240268,0.0695647920137665,0.0695219233278523,0.0694708871256225,0.069415022775,0.0693580563540035,0.0693038073621203,0.0692558861801502,0.0692174058770018,0.0691907324034269,0.0691772944342457,0.0691774681489923,0.0691905451989811,0.0692147860105792,0.0692475553319006,0.069285531030687,0.0693249701602202,0.069362010018568,0.06939297867417,0.0694146897132872,0.0694246982304158,0.0694214978612777,0.0694046422873853,0.0693747804219706,0.069333602452272,0.0692837021848686,0.0692283677098633,0.0691713170442849,0.0691163993213466,0.0690672856860891,0.06902717592339,0.0689985452526905,0.0689829508554171,0.068980911697545,0.0689918699020119,0.0690142370057681,0.0690455223587372,0.069082533417355,0.0691216306865945,0.0691590158614235,0.0691910306319761,0.0692144440134144,0.0692267066198798,0.0692261516517182,0.0692121260637977,0.0691850416375732,0.0691463427793268,0.0690983939964213,0.0690442950839895,0.0689876372580172,0.0689322190597236,0.0688817452324617,0.0688395330745236,0.0688082490031233,0.068789695024061,0.0687846618426154,0.0687928617723765,0.0688129487524903,0.068842624569686,0.0688788219545928,0.0689179489860224,0.0689561755731248,0.0689897402388258,0.069015253049388,0.0690299693802417,0.0690320111075176,0.0690205170405403,0.0689957112095163,0.068958884129955,0.0689122882321661,0.0688589552818063,0.0688024508546597,0.0687465869976652,0.0686951172088061,0.0686514378045025,0.0686183183089854,0.0685976818414346,0.0685904537482617,0.0685964913599929,0.0686145998544233,0.0686426310279721,0.0686776555701895,0.0687161953193241,0.0687544983739702,0.0687888360166902,0.068815797441497,0.0688325582239397,0.0688371016359567,0.0688283766158951,0.0688063808079777,0.068772161718381,0.0687277349138048,0.0686759254355729,0.0686201455078311,0.0685641263266562,0.0685116241599173,0.0684661225776983,0.0684305540723195,0.0684070643730521,0.0683968396449328,0.068400010527241,0.0684156397481124,0.0684417938783725,0.0684756946017356,0.0685139391872924,0.0685527732036181,0.0685883926495544,0.068617249877845,0.0686363384160038,0.0686434344795281,0.0686372761380197,0.0686176650325416,0.0685854815019269,0.0685426119600226,0.0684917955018426,0.0684364030228933,0.0683801664218594,0.0683268789355319,0.068280090787091,0.068242825742567,0.0682173421746503,0.0682049570331877,0.0682059448727167,0.0682195186396222,0.0682438939945556,0.06827643300829,0.0683138558287267,0.0683525022541543,0.0683886213063394,0.0684186661796496,0.0684395727218873,0.0684490005486191,0.068445517593532,0.0684287128567987,0.0683992285067103,0.0683587096096355,0.0683096758165663,0.0682553242547954,0.0681992778315116,0.0681452984182517,0.0680969883748984,0.0680575047600939,0.0680293083965369,0.0680139665381162,0.0680120246071104,0.0680229586728636,0.0680452144117266,0.0680763301245072,0.0681131331254849,0.0681519928366423,0.0681891105965445,0.0682208240722936,0.0682439022724562,0.0682558064959184,0.0682548948763195,0.0682405537172343,0.0682132457946904,0.0681744723729226,0.0681266516887414,0.0680729231135124,0.0680168931317656,0.0679623449398648,0.0679129360105896,0.0678719074370891,0.0678418269943713,0.0678243858212467,0.0678202656232596,0.0678290877813107,0.0678494478302595,0.067879030674158,0.0679147958680647,0.0679532184390826,0.0679905674671534,0.0680232011461969,0.0680478545163021,0.0680618963960421,0.0680635355257077,0.0680519608858879,0.0680274059392687,0.0679911312791163,0.0679453260464878,0.0678929356062217,0.0678374296468891,0.0677825292617944,0.0677319136369436,0.0676889281530177,0.0676563167338526,0.0676360009377565,0.0676289248530458,0.0676349783874608,0.0676530041720632,0.0676808870802286,0.0677157202598326,0.0677540361172572,0.0677920844077745,0.0678261341622067,0.0678527738376234,0.0678691852449648,0.0678733699034245,0.0678643099989426,0.0678420503421077,0.0678076938299069,0.0677633108885051,0.0677117713439427,0.0676565131861096,0.0676012666033994,0.067549754714456,0.0675053951008656,0.0674710272166663,0.0674486883656425,0.0674394554266212,0.0674433630416639,0.0674594034278662,0.0674856080702397,0.0675192057768385,0.0675568446125073,0.0675948589097212,0.0676295590819906,0.067657521621303,0.0676758578174075,0.067682441052695,0.0676760745539937,0.0676565856789774,0.0676248393269286,0.0675826701851927,0.0675327394779082,0.067478326619363,0.0674230708662025,0.0673706829874336,0.0673246505746628,0.0672879610971705,0.0672628642281009,0.0672506911780905,0.0672517451925144,0.0672652733795494,0.0672895240507667,0.0673218856741444,0.0673590954664524,0.0673974999450601,0.0674333467872877,0.0674630856556106,0.0674836542422837,0.0674927256033014,0.0674888955788979,0.0674717949147246,0.0674421178316772,0.0674015653939977,0.0673527079483405,0.0672987771493627,0.0672434046896553,0.0671903301028075,0.0671431020950703,0.0671047968718336,0.0670777746249858,0.067063492953485,0.0670623927356609,0.0670738663367847,0.0670963101240809,0.0671272552745517,0.0671635650147064,0.0672016828433281,0.0672379133903302,0.067268714484498,0.0672909769042995,0.0673022690072695,0.0673010272163632,0.0672866785174002,0.067259686060146,0.0672215137707909,0.0671745117404659,0.0671217311422347,0.0670666838540205,0.0670130660269093,0.0669644665283725,0.0669240819665941,0.0668944606223778,0.0668772969068497,0.0668732942239257,0.0668821074287258,0.0669023685861281,0.0669317935020176,0.0669673615100255,0.0670055557882656,0.067042645568367,0.0670749866190826,0.0670993145036375,0.0671130067087481,0.0671142932314463,0.067102399072206,0.0670776065467804,0.0670412315535331,0.0669955158657844,0.0669434452999923,0.0668885093228942,0.0668344211848789,0.0667848202776487,0.0667429806384384,0.0667115500678261,0.0666923415775067,0.0666861930924521,0.0666929046789097,0.0667112569339495,0.0667391093132522,0.066773571577626,0.0668112348682388,0.0668484429615731,0.0668815811575837,0.066907360279307,0.0669230747816595,0.0669268156349445,0.0669176209843284,0.0668955520011228,0.0668616879508228,0.0668180416012552,0.0667674019268162,0.0667131155965196,0.0666588231472053,0.0666081703237697,0.0665645182823506,0.0665306764297173,0.0665086787034274,0.0664996199591263,0.0665035652767964,0.0665195408435658,0.0665456090556995,0.066579022505282,0.0666164436583808,0.0666542116221846,0.0666886347945384,0.0667162869321182,0.0667342832422629,0.0667405133811312,0.0667338113513331,0.0667140483692483,0.0666821420298417,0.0666399816951584,0.0665902758352708,0.0665363330588324,0.0664817948347899,0.0664303427414429,0.0663854047099845,0.0663498832870665,0.0663259262291621,0.0663147570172935,0.0663165794094351,0.0663305644236716,0.0663549202638364,0.0663870378395348,0.0664236988945128,0.0664613304579952,0.0664962868017369,0.0665251374221801,0.0665449378851208,0.0665534614568531,0.066549373516416,0.066532336128372,0.0665030352279892,0.0664631277351608,0.0664151117180058,0.0663621295543491,0.0663077202070819,0.0662555404586265,0.0662090762538673,0.0661713656643195,0.0661447552020531,0.0661307101501838,0.0661296955652696,0.0661411377365178,0.0661634683052233,0.0661942470214483,0.0662303542571334,0.0662682394611654,0.0663042062255355,0.066334710108502,0.0663566439315146,0.0663675872813112,0.0663660008059066,0.0663513500663651,0.0663241483896738,0.0662859144773031,0.0662390483853822,0.0661866370586727,0.066132205989056,0.0660794366960626,0.0660318718975553,0.0659926320145865,0.0659641667850284,0.0659480626674704,0.0659449206707448,0.0659543124313748,0.0659748166696365,0.066004133363515,0.0660392675843777,0.0660767685785415,0.0661130040885697,0.066144447186465,0.0661679532783126,0.0661810068118782,0.0661819192235362,0.0661699622851681,0.0661454256205519,0.0661095938425244,0.0660646458155765,0.0660134842402629,0.0659595080666846,0.0659063443637301,0.0658575604957356,0.0658163802813808,0.0657854274918288,0.0657665167031593,0.0657605070509126,0.0657672303245103,0.0657855005427389,0.0658132061349845,0.0658474780115397,0.0658849191883348,0.0659218765349053,0.0659547329840221,0.0659801977163788,0.0659955713710167,0.0659989640575716,0.0659894474168946,0.0659671282816366,0.0659331388370791,0.0658895447501321,0.0658391783932046,0.0657854100421992,0.0657318758349584,0.0656821856846313,0.0656396355233295,0.0656069463750972,0.0655860496585715,0.0655779350847403,0.0655825738432123,0.0655989239788832,0.0656250170395799,0.065658117375384,0.0656949400635697,0.0657319104281062,0.0657654459512265,0.0657922391213766,0.0658095184936128,0.0658152666850627,0.0658083783699873,0.0657887469053051,0.0657572733941836,0.065715796886624,0.065666950153066,0.0656139521191594,0.065560353941618,0.0655097590844974,0.0654655386676929,0.0654305633187459,0.0654069725879463,0.0653960015886556,0.0653978802552298,0.0654118135762482,0.0654360435133761,0.0654679871302068,0.065504440759919,0.0655418353989794,0.0655765233984026,0.0656050724571526,0.0656245419465291,0.0656327190190716,0.065628296163812,0.0656109763234804,0.065581496556035,0.0655415675854812,0.0654937343525691,0.0654411700072119,0.0653874208315424,0.0653361222993362,0.0652907082058713,0.0652541361406787,0.0652286523121057,0.0652156153185647,0.065215392183672,0.0652273330241328,0.0652498249997174,0.0652804214980822,0.0653160373331226,0.0653531946978409,0.0653882993938047,0.0654179245135148,0.0654390794996398,0.0654494447204574,0.065447554025031,0.0654329106305774,0.065406026472965,0.065368381884214,0.0653223094502023,0.0652708114333374,0.065217324215801,0.0651654470298556,0.0651186561054584,0.065080027800502,0.0650519935750785,0.0650361459690368,0.0650331099631852,0.0650424897629105,0.0650628966324148,0.0650920574183955,0.0651269957207857,0.0651642703105239,0.0652002506270138,0.0652314073414897,0.0652545955800981,0.0652673083944611,0.0652678792195928,0.065255615863593,0.0652308550813956,0.0651949341985224,0.0651500827580093,0.0650992426483678,0.0650458306430992,0.0649934628212549,0.0649456643231788,0.0649055886351572,0.0648757682964049,0.064857915448905,0.0648527873262647,0.064860127937221,0.0648786913753118,0.064906344452755,0.0649402388311112,0.0649770376531571,0.0650131789776163,0.0650451565162637,0.065069796333496,0.0650845073044177,0.0650874849130369,0.0650778525617488,0.0650557302912432,0.0650222260738785,0.0649793497412493,0.0649298552506263,0.0648770234474285,0.064824403082829,0.0647755308734899,0.0647336519160735,0.0647014613281604,0.064680887432579,0.0646729350780782,0.0646776031858081,0.0646938834456112,0.0647198394067761,0.0647527590876872,0.0647893697117978,0.0648260988406734,0.0648593614719225,0.064885849067351,0.064902795951346,0.064908201338262,0.0649009897813252,0.0648810975406752,0.064849477390039,0.0648080207691576,0.0647594038318431,0.0647068710123879,0.0646539744229145,0.0646042896958683,0.0645611301747327,0.0645272822664369,0.0645047841259758,0.0644947661304287,0.064497365117905,0.0645117173140112,0.064536029147675,0.0645677205774131,0.064603630611085,0.064640268995716,0.0646740932137779,0.0647017879542394,0.0647205253288897,0.0647281866499751,0.0647235292090726,0.0647062846279459,0.0646771802774381,0.0646378820232138,0.0645908634628009,0.0645392121712969,0.06448638728724,0.0644359462592397,0.0643912620698751,0.0643552543037135,0.0643301563487997,0.0643173369764661,0.0643171894738267,0.0643290969501997,0.0643514779370461,0.064381910466332,0.0644173253199216,0.064454252070422,0.0644890971092264,0.0645184313961157,0.064539265698883,0.0645492915309944,0.0645470675580447,0.0645321353603116,0.0645050551189411,0.064467359239019,0.0644214283402908,0.0643702993346458,0.0643174204860326,0.0642663735085999,0.0642205863143145,0.0641830603253585,0.0641561335611071,0.0641412968874544,0.0641390772289724,0.0641489975567656,0.0641696176276949,0.0641986518273924,0.0642331531443653,0.0642697473945186,0.0643048994244613,0.0643351915849584,0.0643575933278606,0.0643697003074246,0.0643699234808857,0.0643576135270609,0.0643331117706168,0.0642977241235414,0.0642536194320762,0.0642036591474785,0.0641511714787313,0.0640996884885136,0.0640526672629146,0.0640132164201151,0.0639838483854,0.0639662769352225,0.0639612774845886,0.063968622879291,0.0639871001839412,0.0640146062696201,0.0640483139747019,0.0640848962972336,0.0641207920640062,0.0641524922407759,0.0641768229093625,0.0641912008528911,0.0641938408867171,0.0641838989104404,0.0641615395869802,0.0641279227011934,0.0640851086319019,0.0640358908628827,0.0639835702533403,0.0639316901108086,0.0638837529925509,0.0638429410138973,0.0638118619314974,0.0637923422636078,0.0637852847228708,0.0637906005821464,0.0638072204657172,0.0638331813585476,0.0638657831757375,0.063901803545743,0.0639377541002765,0.0639701571128465,0.0639958197382452,0.0640120845493372,0.0640170379221515,0.0640096607235787,0.063989909112373,0.0639587183201099,0.0639179290492991,0.0638701429208129,0.0638185185534101,0.0637665234030921,0.0637176596551775,0.063675185591472,0.0636418555198323,0.0636196999036377,0.063609862954866,0.0636125096195464,0.0636268091544796,0.0636509979308599,0.0636825182393784,0.0637182225825951,0.063754626169831,0.0637881862674386,0.0638155859939678,0.0638340006056326,0.063841325181937,0.0638363445680048,0.0638188308332866,0.063789560337382,0.0637502499461356,0.0637034182390502,0.063652182611607,0.063600008038194,0.0635504280376458,0.0635067615158127,0.0634718490374974,0.0634478289798984,0.0634359698673872,0.0634365713632083,0.0634489422897129,0.0634714582271538,0.0635016937484451,0.0635366172363339,0.0635728315933912,0.0636068420852945,0.0636353314890688,0.0636554216752126,0.0636649006571997,0.0636623965657202,0.0636474850444723,0.0636207225545646,0.0635836034367502,0.0635384434133227,0.0634881976060721,0.0634362271573538,0.0633860335355085,0.0633409819120115,0.0633040347428603,0.0632775154596099,0.0632629208949018,0.0632607987534989,0.0632707015400614,0.0632912210033765,0.0633200994895916,0.0633544086844657,0.0633907821341464,0.0634256842573907,0.0634556947069178,0.0634777842589361,0.0634895587582676,0.0634894512080359,0.0634768472129807,0.0634521341097939,0.0634166693543946,0.0633726700814147,0.0633230330715738,0.0632711008654317,0.0632203937052571,0.0631743284434255,0.0631359459731235,0.0631076688226179,0.0630911092104077,0.0630869436229291,0.0630948631710995,0.063113601797778,0.0631410387538803,0.0631743674688536,0.0632103185217574,0.0632454194106873,0.0632762697507705,0.063299809311615,0.0633135580862078,0.0633158107413151,0.063305770965592,0.0632836147850571,0.063250477071096,0.0632083622226128,0.0631599866773765,0.0631085658466497,0.063057561326851,0.0630104070640363,0.0629702359010919,0.0629396292268737,0.0629204106482806,0.0629134999268981,0.062918837838436,0.0629353877199689,0.062961214865992,0.0629936391790604,0.0630294494282689,0.0630651610207647,0.0630972954956265,0.0631226592778373,0.0631386001001387,0.0631432207807174,0.0631355323580891,0.0631155332471644,0.0630842080286011,0.0630434469123764,0.0629958930708529,0.0629447298554394,0.0628934244430483,0.0628454488404985,0.0628040018849699,0.0627717553436206,0.0627506437435358,0.0627417131028863,0.0627450396931497,0.0627597257638183,0.0627839733796735,0.0628152301858122,0.062850394040876,0.0628860591051249,0.0629187842208238,0.0629453637168913,0.0629630801158364,0.0629699184939391,0.0629647249648653,0.062947296990266,0.0629183993079678,0.062879704645129,0.0628336631516651,0.0627833097307646,0.0627320242104111,0.0626832639754428,0.0626402906192855,0.0626059115323454,0.0625822557351349,0.062570601640318,0.0625712718485899,0.0625836050236437,0.0626060074891091,0.0626360795690065,0.0626708059185664,0.062706795241545,0.0627405514629876,0.0627687550063037,0.0627885306055054,0.0627976788525876,0.0627948525831153,0.0627796645783189,0.0627527183545842,0.0627155591125654,0.062670548200314,0.0626206715660065,0.062569298865377,0.0625199134454635,0.0624758344620549,0.0624399523815701,0.0624144988097869,0.0624008699198236,0.0623995182892984,0.0624099210314415,0.0624306248994335,0.0624593634601592,0.0624932373110948,0.0625289441693484,0.0625630410112333,0.0625922167652034,0.0626135532143111,0.0626247538714903,0.0626243240296591,0.0626116885933892,0.0625872380303946,0.0625522980206968,0.0625090251046536,0.0624602371582547,0.0624091922283892,0.0623593322231712,0.0623140104324661,0.0622762242388147,0.0622483752974227,0.0622320773209273,0.0622280266311095,0.0622359448333097,0.0622545979473579,0.0622818917174321,0.0623150371952455,0.0623507738868032,0.0623856316376478,0.0624162091127569,0.0624394464553547,0.0624528709892978,0.0624547965069522,0.0624444593364686,0.0624220792743144,0.0623888405072303,0.0623467950284555,0.0622986970407352,0.062247781392584,0.0621975032813822,0.0621512604389284,0.0621121213066065,0.0620825817729995,0.0620643692217397,0.0620583078935992,0.0620642553350296,0.0620811154358805,0.0621069278398589,0.0621390263530007,0.0621742523541715,0.0622092051535165,0.0622405098230078,0.0622650826768082,0.0622803743011151,0.0622845706575022,0.0622767357815119,0.0622568850092981,0.0622259838298773,0.0621858728291462,0.0621391238712871,0.0620888377317477,0.0620383989066756,0.0619912076740013,0.0619504110524448,0.0619186532781843,0.0618978644380407,0.0618891039481653,0.0618924727447506,0.0619071028569621,0.0619312256020136,0.0619623120912142,0.0619972741234329,0.0620327099533007,0.0620651764568054,0.0620914662321526,0.0621088664064281,0.0621153770947278,0.0621098716872658,0.0620921867496489,0.0620631347537048,0.0620244381881397,0.0619785897859765,0.0619286505073013,0.06187800278315,0.0618300796934113,0.0617880913649299,0.0617547694471378,0.0617321498311244,0.0617214118066406,0.0617227871933975,0.0617355459674529,0.0617580576990773,0.0617879226222535,0.0618221622185979,0.0618574553430587,0.0618904016366919,0.0619177906884855,0.0619368549250194,0.0619454866262957,0.0619424031705454,0.0619272482371911,0.0619006205847579,0.061864027318343,0.0618197652279117,0.061770740143992,0.0617202387182101,0.0616716696929324,0.0616282938515942,0.0615929638493162,0.0615678956756801,0.0615544910351572,0.0615532246935405,0.0615636048363042,0.0615842093516249,0.0616127963454544,0.0616464817148762,0.0616819700777306,0.061715819598831,0.0617447183220765,0.061765749737541,0.0617766269838346,0.0617758771403354,0.0617629600365213,0.0617383111061626,0.0617033049144391,0.0616601432863199,0.0616116777579791,0.0615611803456456,0.061512080461719,0.0614676893892169,0.0614309356015767,0.0614041328899384,0.0613887991024516,0.0613855382996856,0.0613939947351385,0.0614128827535807,0.0614400910618746,0.061472852863752,0.0615079669991225,0.0615420514781313,0.0615718097074096,0.0615942897108528,0.0616071167329603,0.0616086805756713,0.0615982622813886,0.0615760903443632,0.0615433228511776,0.0615019572868953,0.06145467431418,0.0614046267134833,0.0613551899152656,0.0613096945722208,0.0612711628194333,0.0612420684658598,0.0612241390218333,0.0612182152088748,0.0612241805502101,0.0612409683278657,0.0612666457602096,0.061298567803237,0.0613335875560536,0.0613683069388545,0.0613993487118996,0.0614236283505958,0.0614386029708652,0.0614424760740381,0.0614343414175349,0.0614142551327213,0.0613832307484076,0.0613431571117917,0.0612966452715127,0.0612468170539628,0.0611970535939132,0.0611507248451758,0.0611109212866571,0.0610802082029115,0.0610604218692943,0.061052524723203,0.0610565317672831,0.0610715133613864,0.0610956723797018,0.061126488328469,0.0611609172911824,0.061195633012504,0.0612272905152584,0.0612527907469362,0.0612695246275456,0.0612755775965445,0.0612698797128292,0.0612522901854941,0.0612236092301755,0.0611855154805696,0.0611404337796463,0.0610913443633073,0.0610415486483027,0.0609944091719771,0.0609530830020521,0.0609202695759596,0.0608979941309947,0.0608874451096078,0.060888878433472,0.0609015953582714,0.0609239954060657,0.060953701308081,0.0609877475852237,0.0610228181548149,0.0610555129547946,0.0610826210352095,0.0611013780806199,0.0611096883848435,0.0611062937117923,0.0610908747383924,0.0610640760522762,0.0610274528144567,0.0609833443975086,0.0609346858886417,0.0608847723161301,0.0608369939257323,0.0607945640141432,0.0607602623013359,0.0607362151287485,0.060723729296785,0.0607231911138651,0.0607340376933962,0.0607548032006014,0.0607832372232763,0.0608164856915279,0.0608513186982036,0.0608843861310222,0.0609124812664855,0.0609327928331451,0.0609431264932415,0.0609420779734009,0.0609291435756753,0.0609047595070698,0.0608702677226695,0.0608278112649067,0.0607801665221782,0.0607305245001143,0.0606822381585833,0.0606385565494441,0.0606023673266724,0.0605759674263772,0.0605608790243528,0.0605577253238394,0.0605661774748037,0.0605849785283948,0.0606120429270754,0.0606446227028422,0.0606795263372926,0.0607133732140137,0.0607428643694392,0.060765048129973,0.0607775583406433,0.0607788048447722,0.0607681006961553,0.0607457165819693,0.060712858551755,0.0606715704536205,0.0606245684069816,0.0605750210509986,0.0605262944930119,0.060481683248024,0.0604441482323335,0.0604160816354053,0.0603991170963508,0.0603940011062939,0.0604005365782479,0.0604176023983863,0.0604432456392162,0.0604748378605466,0.0605092834112021,0.0605432643984061,0.0605735034523344,0.0605970229037469,0.0606113792155717,0.0606148545212203,0.0606065913095765,0.0605866603014276,0.0605560556920749,0.0605166172850877,0.0604708855406681,0.0604219015535279,0.060372967902844,0.0603273883289703,0.0602882056039388,0.0602579582351719,0.0602384764974015,0.0602307352172094,0.0602347750187336,0.0602496974076911,0.0602737337972766,0.0603043840741275,0.0603386151892878,0.0603731043293869,0.0604045062029516,0.0604297218304571,0.0604461471267869,0.0604518819920808,0.0604458833774513,0.0604280493215158,0.06039922638054,0.0603611400193865,0.0603162546031144,0.0602675749733721,0.0602184052485844,0.0601720835828414,0.0601317143953933,0.0600999206600847,0.0600786367938831,0.0600689579206246,0.0600710558339563,0.0600841673309447,0.0601066562529661,0.0601361451680949,0.0601697061128635,0.060204094034145,0.0602360034515214,0.0602623284284759,0.0602804066378759,0.0602882290891482,0.0602845986716959,0.0602692243951791,0.0602427440322141,0.0602066741397614,0.0601632916499179,0.0601154555132424,0.0600663813256807,0.0600193865393764,0.0599776271985482,0.0599438476129494,0.0599201622444221,0.0599078860575881,0.0599074267553046,0.0599182488880451,0.0599389143655976,0.059967196547738,0.0600002579087716,0.0600348762772195,0.0600677019318474,0.060095525991841,0.060115538852919,0.0601255569659352,0.0601241985715772,0.0601109940876654,0.0600864229969723,0.0600518747539358,0.0600095364823807,0.0599622159974535,0.0599131148182824,0.0598655706640502,0.0598227908922143,0.0597875977032953,0.0597622043140205,0.0597480395735189,0.0597456357517064,0.0597545891223162,0.0597735958199279,0.0598005583946336,0.0598327533871821,0.0598670469644812,0.0599001427190386,0.0599288425666814,0.059950299551264,0.059962241933635,0.0599631512330169,0.0599523812888604,0.0599302095700293,0.0598978161744839,0.0598571913087456,0.0598109784247834,0.0597622659732285,0.0597143443735435,0.0596704464795991,0.0596334908720565,0.0596058482211169,0.0595891504864077,0.0595841593715282,0.0595907045269434,0.0596076955375833,0.0596332064282087,0.059664627000654,0.0596988704156531,0.0597326208212971,0.0597626001924756,0.059785831798245,0.05979987899942,0.059803040863719,0.0597944891492509,0.0597743349725516,0.0597436190252992,0.059704226333026,0.05965873347522,0.0596102012764286,0.0595619293003055,0.0595171911923246,0.0594789722943595,0.0594497316501819,0.0594312081360444,0.0594242854170736,0.0594289247859476,0.0594441701936147,0.0594682254722306,0.0594985984985785,0.0595323007790574,0.0595660854638596,0.0595967039989248,0.0596211615194628,0.0596369521207489,0.0596422562535283,0.0596360843661713,0.0596183548450287,0.0595899002261544,0.0595524019172258,0.0595082587925454,0.059460399150252,0.0594120497300105,0.0593664798568533,0.0593267417742241,0.0592954283418208,0.0592744667853336,0.0592649638399056,0.0592671145400589,0.0592801833175646,0.059302560570097,0.0593318905903633,0.0593652597348006,0.0593994289604485,0.0594310924510654,0.0594571425919843,0.05947492029435,0.0594824296315723,0.0594784984149921,0.0594628716588735,0.0594362311630881,0.0594001401344584,0.0593569169403179,0.059309447661069,0.0592609529534788,0.059214729199698,0.0591738854813575,0.0591410968803264,0.0591183926116536,0.0591069954579658,0.0591072260168718,0.0591184800673433,0.059139280225759,0.059167396100755,0.0592000222231613,0.0592339999882857,0.0592660672324303,0.059293116269272,0.0593124394621326,0.0593219423079146,0.0593203075623835,0.0593070985340662,0.0592827939696419,0.0592487512341648,0.059207099806895,0.0591605733709028,0.0591122943331142,0.0590655279613833,0.0590234246646359,0.0589887696321354,0.0589637596016928,0.0589498257296644,0.0589475179307325,0.0589564599503475,0.0589753778725437,0.0590021994513739,0.0590342173399572,0.0590683046232648,0.0591011657898637,0.0591296020336705,0.059150768425127,0.0591624021474306,0.0591630041170958,0.0591519596658741,0.0591295879413393,0.059097115325874,0.0590565752580818,0.0590106435935315,0.0589624234614497,0.058915196556549,0.0588721601348254,0.0588361709616637,0.0588095177823747,0.058793741182465,0.0587895144277633,0.0587965930668697,0.0588138362607702,0.0588392985378992,0.058870385585761,0.0589040616884861,0.0589370912641033,0.0589662944838872,0.0589887971737115,0.0590022565502578,0.0590050457702802,0.0589963824188218,0.0589763901793332,0.0589460889274884,0.0589073147279781,0.0588625762249777,0.0588148578604425,0.0587673843143947,0.058723364620825,0.0586857370641753,0.0586569357172375,0.058638696651991,0.0586319182066767,0.0586365863658392,0.0586517725810183,0.0586757058449332,0.0587059136604589,0.0587394197293816,0.0587729816981588,0.0588033502134726,0.0588275294609878,0.0588430185199989,0.0588480132327664,0.058841551281553,0.0588235887070677,0.0587950024804265,0.0587575194269268,0.0587135768656722,0.0586661256948373,0.0586183921961431,0.0585736189257437,0.0585348062221263,0.0585044744288634,0.0584844645771347,0.0584757929488433,0.0584785717943314,0.0584920031966582,0.0585144459692801,0.0585435486284749,0.0585764367349954,0.0586099401163523,0.0586408431898295,0.0586661391802278,0.0586832676460065,0.0586903159484774,0.0586861691022697,0.0586705972219917,0.058644274190192,0.0586087254937884,0.0585662084445975,0.058519534109313,0.0584718455972493,0.0584263704032243,0.0583861655001864,0.0583538742048909,0.0583315140416948,0.0583203137245941,0.0583206135347793,0.0583318371087036,0.0583525360163033,0.0583805032095394,0.0584129472324097,0.0584467146625355,0.0584785433323118,0.0585053250345023,0.0585243554641459,0.058533551168576,0.0585316167209935,0.058518148957576,0.0584936692843926,0.0584595807727559,0.0584180537791855,0.0583718503853904,0.0583241024830672,0.0582780609587243,0.0582368353782429,0.0582031451623547,0.0581791032070798,0.0581660498988596,0.0581644499705659,0.0581738586959581,0.0581929590597763,0.0582196673434889,0.0582512996633061,0.0582847862685083,0.0583169155724936,0.0583445877472754,0.0583650582533483,0.0583761533462016,0.0583764413244304,0.0583653456811973,0.058343190601567,0.0583111753057987,0.0582712799337391,0.0582261105489023,0.0581786945827853,0.0581322417333534,0.0580898890745151,0.0580544514414658,0.0580281975675835,0.05801266929173,0.0580085572169054,0.0580156426536907,0.0580328118366904,0.0580581428977825,0.0580890590364336,0.0581225347262465,0.0581553375854695,0.0581842867846557,0.0582065081673511,0.0582196658307831,0.0582221506689141,0.058213209683126,0.0581930056000307,0.0581626027889126,0.0581238811256213,0.0580793843841443,0.0580321148744854,0.0579852912748058,0.0579420903264486,0.0579053938288878,0.0578775605547143,0.0578602400099533,0.057854242371665,0.0578594756207646,0.0578749555567866,0.0578988873308832,0.0579288104230658,0.0579617944421177,0.057994670606487,0.0580242818018597,0.0580477320551034,0.0580626152473289,0.0580672044181699,0.0580605870482895,0.0580427366431616,0.0580145154463383,0.0579776074549113,0.0579343861098356,0.0578877269775179,0.0578407808122658,0.0577967251302037,0.0577585130795842,0.0577286383640791,0.0577089348334729,0.0577004279551368,0.057703251316862,0.0577166349158642,0.0577389653046847,0.0577679124056192,0.0578006137617567,0.0578339028336619,0.0578645633871691,0.0578895885792173,0.0579064227913049,0.0579131666331025,0.0579087292844688,0.0578929162116015,0.0578664446188363,0.0578308847524531,0.0577885320987728,0.0577422218641518,0.0576951013499814,0.0576503781069165,0.0576110633114558,0.0575797310171799,0.0575583135503053,0.0575479500335486,0.0575488993170072,0.0575605225305107,0.0575813355905011,0.0576091278849825,0.0576411386557976,0.057674277155237,0.0577053681474516,0.0577314025147717,0.0577497735869446,0.0577584817838748,0.0577562921685673,0.0577428321364272,0.0577186208935817,0.0576850284726054,0.0576441681649536,0.0575987309858306,0.0575517743144225,0.0575064802716474,0.0574659028193269,0.0574327245277526,0.0574090430275896,0.0573962036896732,0.057394690870039,0.0574040863145737,0.0574230993803789,0.0574496682573481,0.0574811244759184,0.0575144066189143,0.0575463052369216,0.0575737195523682,0.0575939062216965,0.057604700396116,0.0576046904471962,0.0575933313139294,0.0575709873328581,0.0575389019165046,0.0574990970422117,0.0574542102924567,0.0574072820769718,0.05736151057074,0.0573199952477437,0.0572854902698303,0.0572601868036596,0.057245540319691,0.0572421560843181,0.0572497425956798,0.0572671373526005,0.0572924023736693,0.0573229803315614,0.0573558978377474,0.0573880001645368,0.0574162000545163,0.0574377215725922,0.0574503192929003,0.0574524549425707,0.057443417879762,0.0574233808597159,0.0573933871168242,0.0573552691318924,0.0573115045675393,0.0572650206227229,0.0572189628737044,0.057176447092289,0.057140312835207,0.0571128972132684,0.0570958467760686,0.0570899837740897,0.0570952388013814,0.0571106553120552,0.0571344647879588,0.0571642261357054,0.0571970190169466,0.0572296769394742,0.0572590417426162,0.0572822180757132,0.0572968062970071,0.0573010949338165,0.0572941978764808,0.057276125567204,0.0572477839015635,0.0572109003276642,0.057167883437864,0.0571216284639477,0.0570752849998123,0.0570320051816042,0.0569946917254405,0.0569657660539084,0.0569469760297905,0.0569392592732236,0.0569426721586107,0.0569563884314815,0.0569787665017051,0.0570074804633547,0.0570397054016749,0.0570723424052451,0.0571022645316035,0.0571265634949325,0.0571427780110663,0.0571490869976249,0.0571444530994008,0.0571287048532141,0.0571025503593478,0.0570675214410626,0.0570258533219486,0.0569803094233607,0.0569339641819047,0.056889959921212,0.056851256908554,0.0568203973484264,0.056799302803083,0.0567891207569746,0.0567901315840739,0.0568017232572702,0.0568224371314771,0.0568500827140635,0.056881912609388,0.0569148427090228,0.0569456990843323,0.0569714719660795,0.056989557256791,0.056997966382645,0.0569954867733597,0.0569817791156849,0.0569574035767736,0.0569237737200902,0.0568830423497239,0.0568379281204831,0.0567914963778636,0.056746912262677,0.0567071870859898,0.056674938976835,0.0566521862596907,0.0566401886922612,0.056639348622964,0.0566491805459188,0.0566683521667683,0.0566947932193183,0.0567258618945266,0.0567585546401923,0.0567897431193366,0.0568164208081157,0.0568359403795765,0.0568462227015935,0.0568459203903677,0.056834523316099,0.0568123986550115,0.0567807627091097,0.0567415860365271,0.0566974384429371,0.0566512859562357,0.0566062564515489,0.0565653926971307,0.0565314115506936,0.0565064873036245,0.0564920763751972,0.0564887986200585,0.0564963860725974,0.0565137033537165,0.0565388372500194,0.0565692478639971,0.0566019700452111,0.0566338502260417,0.0566617999641225,0.0566830448646676,0.0566953477689362,0.056697188137103,0.0566878838490122,0.0566676459281259,0.0566375612547463,0.0565995040914156,0.0565559839168776,0.0565099429326766,0.0564645201923857,0.0564228008389442,0.0563875697229967,0.0563610891422764,0.0563449194147351,0.0563397972162635,0.0563455805789655,0.0563612632220008,0.0563850560275071,0.0564145295932667,0.0564468075311633,0.0564787953422633,0.0565074258671078,0.0565299011608193,0.056543912114676,0.0565478196878484,0.0565407841333581,0.0565228316386874,0.0564948524600727,0.0564585307448881,0.0564162121858622,0.0563707200428417,0.0563251331213224,0.0562825421370545,0.0562458036657305,0.0562173121626732,0.0561988089534177,0.0561912430351467,0.0561946938363233,0.0562083620075336,0.0562306302647792,0.0562591909684107,0.0562912305840464,0.0563236553232607,0.0563533389600234,0.0563773730937535,0.0563933005652991,0.0563993134717218,0.056394399043088,0.0563784207442855,0.0563521281360589,0.0563170955551212,0.0562755950801963,0.05623041365455,0.0561846285832268,0.0561413598524849,0.0561035203152214,0.0560735844098107,0.0560533931913822,0.0560440098395663,0.0560456365287217,0.0560575998652154,0.0560784067491584,0.0561058657644138,0.0561372630137898,0.0561695774536924,0.0561997190965016,0.0562247724689913,0.0562422267317787,0.0562501738802692,0.0562474588320806,0.0562337698476485,0.0562096630313088,0.0561765193164207,0.0561364366155781,0.0560920647002857,0.0560463957406287,0.0560025277049601,0.055963419598956,0.0559316571336897,0.0559092463340416,0.0558974514930495,0.0558966916975556,0.0559065055578316,0.0559255871108089,0.0559518891683252,0.0559827853737055,0.0560152787447703,0.0560462412023797,0.0560726651457551,0.0560919059109029,0.0561018945328099,0.056101303584982,0.056089653409131,0.0560673505010461,0.056035654457876,0.0559965756104811,0.0559527119777517,0.0559070397848978,0.0558626750410046,0.0558226248356148,0.0557895474203859,0.0557655402509533,0.0557519738381587,0.055749385260872,0.0557574390314004,0.0557749567369748,0.0558000120619907,0.0558300840528896,0.0558622574645047,0.0558934545047833,0.0559206788066273,0.0559412516343148,0.0559530220975075,0.0559545359510524,0.0559451503104456,0.0559250848251362,0.0558954045979385,0.0558579362349597,0.0558151242413476,0.0557698391742044,0.0557251517630101,0.0556840897481333,0.0556493966289148,0.0556233124655976,0.0556073949835812,0.055602394896701,0.0556081944609012,0.0556238140636632,0.0556474875797174,0.055676801985262,0.0557088903950063,0.0557406621209156,0.0557690503739698,0.0557912578542531,0.0558049812769321,0.0558085969849511,0.0558012919323821,0.0557831286421694,0.0557550390099567,0.0557187483264851,0.0556766361686269,0.0556315449950223,0.0555865513371415,0.0555447183583831,0.0555088507793109,0.0554812724283323,0.055463643461527,0.0554568304103061,0.0554608387503529,0.0554748139259122,0.0554971114567311,0.055525430142399,0.0555569963999378,0.0555887841576195,0.0556177533284007,0.0556410892316112,0.0556564246935779,0.0556620268967616,0.0556569336880792,0.0556410288660678,0.0556150513499757,0.0555805378007457,0.0555397024800416,0.0554952628758024,0.0554502247675001,0.0554076443873119,0.0553703867864394,0.0553408987843017,0.0553210134657607,0.0553118017877114,0.0553134844467224,0.0553254124295757,0.0553461179647299,0.0553734309411461,0.0554046509830778,0.055436762104114,0.0554666738967823,0.0554914701573612,0.0555086440211121,0.0555162996347381,0.0555133040454628,0.055499377748161,0.0554751169272409,0.0554419451170791,0.0554019976609984,0.0553579486853541,0.0553127956364962,0.0552696193402029,0.0552313383321149,0.0552004762369731,0.0551789607391817,0.0551679710835682,0.0551678468560432,0.055178064527558,0.0551972819540875,0.0552234462672377,0.0552539570032262,0.055285872547383,0.0553161437711151,0.0553418555939485,0.055360456705476,0.0553699597338647,0.0553690972038272,0.0553574215915552,0.0553353411499242,0.0553040879889855,0.0552656209568453,0.055222471565497,0.0551775451939017,0.0551338923320346,0.05509446685924,0.0550618904600895,0.0550382429097355,0.0550248957702425,0.0550224024557568,0.0550304525237572,0.0550478937287228,0.0550728212966971,0.0551027287648319,0.0551347086337622,0.0551656858137075,0.0551926641974465,0.0552129666631958,0.0552244499707715,0.0552256774681113,0.0552160349558731,0.0551957795743579,0.0551660179156049,0.0551286160141953,0.0550860489971651,0.0550412021250152,0.0549971387061408,0.0549568538967304,0.0549230352559918,0.0548978498369813,0.0548827740680808,0.0548784785450944,0.0548847762219475,0.05490063867183,0.0549242798459805,0.0549533003055103,0.0549848791459063,0.0550159974787339,0.0550436762237564,0.055065210631625,0.0550783836580892,0.0550816409617515,0.0550742131792373,0.0550561760893,0.0550284447240117,0.0549927021435272,0.0549512677278244,0.0549069144234013,0.0548626492931543,0.054821475407636,0.0547861542427806,0.0547589866810751,0.0547416289741846,0.0547349583337291,0.0547390001948032,0.0547529243535199,0.0547751104628197,0.0548032767904001,0.054834661411658,0.0548662419755514,0.0548949775337475,0.0549180532537824,0.0549331074135285,0.0549384213823397,0.0549330572257642,0.0549169325294143,0.0548908267497241,0.0548563181128886,0.0548156556563593,0.0547715771469143,0.0547270886492272,0.0546852240819191,0.0546488035153768,0.0546202086290622,0.0546011931805201,0.0545927444713515,0.0545950074314308,0.0546072765949933,0.0546280549544859,0.054655174002941,0.0546859658594084,0.0547174748605381,0.0547466921267073,0.0547707938119748,0.0547873635695472,0.054794582092212,0.0547913698782468,0.0547774725327805,0.0547534814161669,0.0547207873104009,0.0546814707785921,0.0546381384408067,0.0545937181546909,0.0545512283473585,0.05451353866442,0.0544831408827553,0.0544619493400764,0.0544511476556593,0.0544510936984872,0.0544612894896733,0.0544804183189697,0.0545064472966317,0.0545367885851166,0.0545685067024149,0.0545985543341303,0.0546240167843067,0.0546423455134921,0.0546515627200099,0.0546504207031768,0.0546385024528542,0.0546162546016602,0.0545849502644441,0.0545465856668862,0.0545037194173056,0.0544592669746177,0.0544162663032919,0.0543776338846244,0.0543459317494023,0.0543231647662359,0.0543106235989949,0.0543087843828011,0.0543172723955088,0.0543348931521639,0.0543597291853431,0.054389294496973,0.0544207331464398,0.0544510453532251,0.0544773236747302,0.0544969818049176,0.0545079585662457,0.0545088806151023,0.0544991704886219,0.0544790917120839,0.0544497281779839,0.0544128996365146,0.0543710191744878,0.0543269029719138,0.0542835472928909,0.0542438910596408,0.054210583157047,0.0541857722122587,0.0541709345387783,0.054166753974194,0.0541730645277652,0.05418886181824,0.0542123825705541,0.0542412449501296,0.0542726379502448,0.0543035452615344,0.0543309867340804,0.0543522582580126,0.0543651498562096,0.0543681234343432,0.0543604358285725,0.0543421979264849,0.0543143654403119,0.0542786616228182,0.0542374376824657,0.0541934825812846,0.0541497986397713,0.0541093615832718,0.0540748837096415,0.054048598161321,0.0540320814035535,0.054026128901668,0.0540306944764345,0.0540448974096364,0.0540670951064361,0.0540950145466092,0.0541259325250146,0.0541568914397679,0.0541849338412583,0.0542073364995333,0.0542218248845216,0.0542267515474096,0.0542212254025302,0.0542051822434421,0.054179390442909,0.0541453906748347,0.054105374429264,0.0540620114756458,0.0540182399581147,0.0539770347786525,0.0539411715273471,0.0539130046752777,0.0538942787433335,0.0538859884100397,0.0538882984837114,0.0539005292413433,0.0539212081634293,0.0539481850792982,0.0539788029234934,0.0540101107121043,0.0540391007125541,0.0540629498146186,0.054079245773687,0.05408618084501,0.0540826974257788,0.0540685732791427,0.054044438753935,0.0540117248258118,0.0539725470692109,0.0539295354318224,0.0538856231154967,0.0538438109811641,0.053806926716962,0.0537773991495535,0.0537570663238861,0.0537470318825015,0.0537475797041765,0.0537581528651653,0.0537773991205948,0.053803280038283,0.0538332348342013,0.0538643846896619,0.0538937605196881,0.0539185366356067,0.0539362530391547,0.0539450094269988,0.0539436152170182,0.0539316832278629,0.0539096598516963,0.0538787900773414,0.0538410202989644,0.0537988457645117,0.0537551137437461,0.0537127979119719,0.0536747625366278,0.0536435355246383,0.0536211076565706,0.0536087729729068,0.05360702306412,0.0536155050324553,0.053633047886807,0.0536577554477567,0.0536871574613804,0.0537184062432757,0.0537485036494418,0.0537745411876745,0.0537939341822459,0.0538046302546029,0.0538052743638666,0.0537953170913075,0.0537750581431522,0.0537456219155983,0.0537088666499584,0.0536672340425527,0.0536235518720362,0.0535808066399842,0.0535419050758088,0.0535094430337058,0.0534854992615264,0.0534714703393228,0.0534679607546761,0.0534747374401554,0.053490751654545,0.0535142248662651,0.0535427908405706,0.0535736830993187,0.053603953958628,0.0536307081361625,0.0536513318032494,0.0536636983999785,0.0536663353805444,0.0536585397739266,0.0536404339376524,0.0536129565917617,0.0535777891150029,0.0535372229284641,0.0534939789990182,0.0534509937798223,0.0534111875861506,0.0533772326880074,0.0533513395317905,0.0533350791994209,0.0533292572077223,0.0533338485164537,0.0533479980615056,0.0533700866108388,0.0533978577875382,0.0534285974691719,0.0534593514573969,0.0534871630078363,0.0535093101910402,0.0535235240579767,0.0535281707569271,0.0535223831428667,0.0535061306079039,0.0534802208266265,0.0534462335228957,0.0534063925314282,0.0533633869793976,0.0533201555657868,0.0532796507004766,0.053244601733828,0.0532172973011305,0.0531994047390266,0.0531918401797166,0.0531946981699342,0.0532072456668005,0.05322798140461,0.0532547566793481,0.0532849477213798,0.0533156648153685,0.0533439807968259,0.0533671613226513,0.0533828799138661,0.0533894014149556,0.0533857190137266,0.0533716334781573,0.0533477685740799,0.0533155221544372,0.0532769569223234,0.0532346386534123,0.0531914336864231,0.0531502816449179,0.0531139621416944,0.0530848743650205,0.0530648463932481,0.0530549884279323,0.0530556016823337,0.0530661515272562,0.0530853084433812,0.0531110536966696,0.0531408404069967,0.0531717965030881,0.0532009538031907,0.0532254858185396,0.0532429353587828,0.0532514127429266,0.0532497477135381,0.0532375828168106,0.053215401433316,0.0531844885569451,0.0531468270528906,0.0531049373106638,0.0530616736606299,0.0530199950394218,0.0529827288913927,0.0529523466089808,0.0529307674268865,0.0529192062149698,0.0529180780793367,0.0529269679342612,0.0529446667518173,0.0529692700377767,0.0529983297590356,0.0530290481229521,0.0530584989285903,0.0530838593301521,0.0531026330744906,0.0531128470166617,0.053113205808663,0.053103193563228,0.0530831149260736,0.0530540717741279,0.0530178766414694,0.0529769097118109,0.052933931232323,0.0528918642337371,0.0528535638252883,0.0528215902952828,0.0527980040584981,0.0527841998966996,0.052780794693744,0.0527875774552274,0.0528035247426478,0.0528268801083979,0.0528552922457679,0.0528860021291155,0.0529160643950619,0.0529425842531503,0.0529629499425791,0.0529750420866834,0.0529774037817637,0.0529693579269102,0.0529510616971605,0.0529234931303215,0.0528883711885942,0.0528480166854974,0.0528051657926553,0.0527627507007659,0.052723664459408,0.0526905291380009,0.0526654869068997,0.0526500312739166,0.052644891122013,0.0526499752684669,0.0526643811920298,0.0526864677446208,0.0527139868532355,0.0527442635632128,0.0527744090309273,0.0528015488284367,0.0528230489819213,0.05283672306556,0.052841004611833,0.052835070851863,0.0528189074877249,0.05279330958654,0.0527598192040832,0.0527206047730439,0.052678290923232,0.0526357512088471,0.0525958801022836,0.0525613630961823,0.0525344635847901,0.0525168428318989,0.0525094263942768,0.0525123276930054,0.0525248361572537,0.0525454722870731,0.0525721054237533,0.0526021239229629,0.0526326434653882,0.0526607372655931,0.0526836706398841,0.0526991212545973,0.0527053664649285,0.0527014217474071,0.0526871190981931,0.0526631197998042,0.0526308608892515,0.0525924392198231,0.0525504420239132,0.0525077380785934,0.0524672473704143,0.0524317083040195,0.0524034604594211,0.0523842591861172,0.0523751365811726,0.0523763206795925,0.0523872198562028,0.0524064729919121,0.0524320598819518,0.0524614621883049,0.0524918626322167,0.0525203677319243,0.0525442368462111,0.0525610988393555,0.0525691387137332,0.0525672398759466,0.0525550717826618,0.0525331164655068,0.0525026312741225,0.0524655500294638,0.0524243303926011,0.0523817600669718,0.0523407372216241,0.0523040416071576,0.0522741134762335,0.0522528579121743,0.0522414912912021,0.0522404431372194,0.0522493210643693,0.0522669407594302,0.0522914184083186,0.0523203191946391,0.0523508512688528,0.052380089866628,0.0524052126430382,0.0524237263674849,0.052433666783758,0.0524337562187199,0.0524235064484595,0.0524032579124295,0.0523741515136883,0.0523380355894169,0.0522973165071551,0.0522547654234003,0.0522132963000461,0.0521757323869148,0.0521445801475809,0.0521218297330087,0.0521087984633999,0.0521060289735323,0.0521132486089029,0.05212939252895,0.0521526891867891,0.0521808021941158,0.0522110171604039,0.0522404576323171,0.0522663123039144,0.0522860560152403,0.0522976482449881,0.0522996940214838,0.0522915541672594,0.0522733956410579,0.0522461781916508,0.0522115790274444,0.0521718615315574,0.0521296975192956,0.0520879561169531,0.0520494759474019,0.0520168394810239,0.0519921679250131,0.0519769523618207,0.0519719336450259,0.0519770406783086,0.0519913933184645,0.0520133710573119,0.0520407421758234,0.0520708421477033,0.0521007863442124,0.0521277004050799,0.052148950678496,0.0521623563633945,0.0521663654304759,0.0521601792777904,0.0521438161312663,0.0521181088132045,0.0520846374227243,0.0520456019355872,0.052003644560959,0.0519616366179942,0.0519224481603289,0.0518887193692795,0.0518626513505101,0.0518458319414847,0.0518391101450214,0.0518425299192488,0.0518553291577886,0.0518760032763358,0.0519024268534982,0.0519320227682759,0.0519619658988199,0.0519894063428959,0.0520116949027252,0.0520265924601009,0.0520324461857116,0.0520283190672966,0.0520140634756888,0.0519903333355518,0.0519585333397472,0.0519207084555815,0.0518793824533131,0.0518373587860032,0.0517974996430346,0.0517624997726609,0.0517346719902449,0.0517157614785199,0.0517068048451568,0.0517080462276412,0.0517189170283613,0.0517380800518964,0.0517635342901079,0.0517927729504819,0.0518229833238228,0.0518512726761691,0.0518749010846491,0.0518915015601094,0.0518992697799175,0.0518971088195094,0.0518847174318074,0.0518626141626403,0.0518320947899147,0.0517951268554093,0.0517541907570393,0.0517120806947063,0.0516716810088201,0.0516357352203558,0.0516066265076684,0.0515861881698754,0.0515755597207858,0.0515750992535353,0.0515843575222712,0.0516021150181888,0.0516264795966422,0.0516550377207289,0.0516850472137474,0.0517136552329949,0.0517381235111347,0.0517560435441502,0.0517655258751834,0.0517653491085784,0.0517550564997111,0.0517349919558927,0.0517062727804954,0.0516707019386948,0.0516306268303929,0.051588754840594,0.0515479392812027,0.0515109526638168,0.0514802661120273,0.0514578529286742,0.0514450313787266,0.0514423582903127,0.0514495820056181,0.0514656597380382,0.0514888393257615,0.0515167990271752,0.0515468332754178,0.0515760688266463,0.0516016943447428,0.0516211858476739,0.0516325100372051,0.0516342883160809,0.0516259074394379,0.0516075679647282,0.0515802673400049,0.0515457193624283,0.0515062160837472,0.051464442863046,0.0514232619109523,0.0513854828053101,0.0513536389045246,0.0513297868616168,0.0513153441120592,0.0513109769784411,0.0513165490057736,0.0513311342055794,0.0513530935223626,0.0513802069891011,0.0514098502088193,0.0514392016561637,0.0514654654830442,0.0514860926258017,0.0514989822168324,0.0515026468922883,0.0514963293300115,0.05148006172536,0.0514546638427954,0.0514216791699083,0.0513832534444058,0.0513419651543929,0.0513006219851801,0.0512620394023877,0.0512288180278043,0.0512031364685574,0.0511865761475841,0.0511799932857615,0.0511834493217571,0.0511962052344395,0.0512167793809132,0.0512430639765449,0.0512724918287045,0.0513022411763608,0.0513294623984425,0.0513515074449752,0.0513661426132426,0.0513717275791731,0.0513673469236616,0.0513528837671219,0.0513290290014451,0.0512972248396419,0.0512595475982858,0.0512185401348587,0.0511770079179141,0.0511377946357034,0.0511035546766376,0.0510765409038784,0.0510584256582091,0.0510501697727357,0.0510519492035295,0.0510631435844443,0.0510823868272646,0.0511076762483147,0.0511365323929332,0.0511661968143626,0.0511938511763331,0.0512168396742148,0.0512328776816618,0.0512402312691982,0.0512378539780145,0.0512254696495084,0.0512035942265716,0.0511734949675379,0.0511370908971638,0.0510968023909337,0.0510553608795456,0.051015592758563,0.0509801946281233,0.0509515185505658,0.0509313849182771,0.0509209372902112,0.0509205498617303,0.0509297949934664,0.0509474746764115,0.0509717147800012,0.0510001147201945,0.0510299396648805,0.0510583391701863,0.0510825750512723,0.0511002410126928,0.0511094565143247,0.0511090184560839,0.0510984976553051,0.0510782724520852,0.0510494974920484,0.051014010573187,0.0509741846486658,0.0509327364813552,0.0508925078025095,0.0508562376312872,0.0508263445124953,0.0508047353771698,0.050792655113926,0.0507905884935471,0.050798222938736,0.0508144756756596,0.0508375825080215,0.0508652397430694,0.0508947871597383,0.0509234180111307,0.0509484005414345,0.0509672939367209,0.0509781411462395,0.0509796228582785,0.0509711608465299,0.0509529634003021,0.0509260095458752,0.0508919726512091,0.0508530886665618,0.0508119794182161,0.0507714455115471,0.0507342453346421,0.0507028768113969,0.0506793782419988,0.0506651641626056,0.0506609105168826,0.0506664993984451,0.0506810277081501,0.0507028781981537,0.0507298469467907,0.0507593179473089,0.0507884719871626,0.0508145132343207,0.0508348943961184,0.0508475214237112,0.0508509213203496,0.0508443601898269,0.0508279022265392,0.0508024043368082,0.0507694463195879,0.0507312026224913,0.0506902669890037,0.0506494445887726,0.0506115278268432,0.0505790731138102,0.0505541966373016,0.0505384063981028,0.0505324843971313,0.0505364275244581,0.0505494503245442,0.0505700486267168,0.0505961194884305,0.0506251287848035,0.050654313129672,0.0506808992216927,0.0507023226253374,0.0507164291836781,0.050721644260241,0.0507170969822409,0.0507026892620044,0.0506791035945379,0.0506477491644145,0.05061065110148,0.0505702916489402,0.0505294148913107,0.0504908095309753,0.0504570869506563,0.0504304730593616,0.0504126310322285,0.0504045285566128,0.0504063592821429,0.0504175247812996,0.0504366797238529,0.0504618379959631,0.0504905314421311,0.0505200076137396,0.0505474499521958,0.0505702030476196,0.0505859856709821,0.0505930745746488,0.0505904434744256,0.050577845245669,0.050555830848475,0.0505257042269843,0.0504894171897632,0.0504494123253934,0.0504084261762731,0.0503692689523959,0.0503345995382638,0.0503067143100107,0.0502873659128931,0.0502776252628334,0.0502777973897909,0.0502873984847537,0.0503051965562047,0.0503293118973026,0.0503573680098595,0.0503866801945913,0.05041446736709,0.0504380714409359,0.0504551673797328,0.0504639468433212,0.0504632604506701,0.0504527077885008,0.0504326688963062,0.0504042749953491,0.050369320092446,0.0503301196518181,0.0502893275158921,0.0502497261517606,0.0502140069478292,0.050184557133812,0.0501632692768744,0.0501513886172104,0.0501494116392399,0.0501570450892039,0.0501732286623581,0.0501962187132075,0.0502237259935995,0.0502530972313545,0.0502815271194058,0.050306283860094,0.0503249292171458,0.0503355144702844,0.0503367365369114,0.0503280423327105,0.0503096731774484,0.0502826451302711,0.0502486663633274,0.050209998643737,0.0501692750699908,0.0501292891946161,0.0500927719421973,0.0500621734805582,0.0500394676400811,0.0500259954227042,0.0500223605549545,0.0500283845703671,0.0500431234713548,0.0500649438576286,0.0500916529803141,0.0501206732716128,0.050149247525373,0.0501746576139739,0.0501944388362572,0.0502065734470982,0.0502096491661167,0.0502029706576351,0.0501866147486746,0.0501614244642828,0.0501289424907173,0.0500912898893724,0.050050999642907,0.0500108172789815,0.0499734833958879,0.0499415153724473,0.0499170065064516,0.0499014591532356,0.0498956646845585,0.0498996389701826,0.0499126185634297,0.0499331191367054,0.0499590528164182,0.0499878951855452,0.0500168876658298,0.050043258315447,0.0500644436004227,0.0500782940866842,0.0500832476285755,0.0500784553398981,0.0500638494619921,0.0500401478282322,0.0500087953499998,0.0499718476129784,0.0499318055410008,0.0498914140048927,0.0498534410112031,0.0498204562480179,0.0497946271991537,0.0497775483654954,0.049770115989719,0.0497724578544644,0.0497839243868462,0.0498031423685631,0.0498281264536277,0.0498564383077149,0.0498853799572283,0.0499122065406514,0.0499343427335642,0.0499495861958865,0.0499562815084313,0.0499534503981683,0.0499408683173661,0.0499190821322643,0.0498893677399215,0.0498536302550027,0.0498142538556,0.0497739131752188,0.0497353617736711,0.0497012145777506,0.0496737407232445,0.0496546823049854,0.0496451135792942,0.0496453530851098,0.0496549368324583,0.0496726546667709,0.0496966460688078,0.0497245473987782,0.0497536795868596,0.0497812623051162,0.0498046375711712,0.0498214838977378,0.049830002869795,0.0498290631722524,0.0498182911111119,0.0497981005538445,0.0497696593575172,0.0497347945393731,0.0496958442603839,0.0496554695337279,0.0496164412602012,0.0495814191406109,0.0495527394265813,0.0495322285936723,0.0495210587062814,0.0495196564695802,0.0495276723838629,0.0495440109428719,0.0495669186925099,0.0495941236648018,0.0496230160102831,0.0496508555606304,0.0496749890682012,0.0496930593668946,0.0497031904144759,0.0497041346585583,0.0496953715694019,0.0496771491113494,0.0496504643092745,0.0496169845744868,0.0495789165573948,0.0495388328761388,0.0494994695056977,0.0494635089213533,0.0494333662545231,0.0494109963858634,0.0493977379546863,0.0493942062754935,0.0494002428487229,0.0494149255181806,0.0494366396774491,0.0494632061280387,0.0494920555035912,0.0495204343718585,0.0495456257351908,0.0495651664786611,0.0495770450275599,0.0495798634278194,0.0495729500520343,0.0495564131517633,0.0495311311388663,0.0494986811747037,0.0494612121928152,0.0494212721572791,0.0493816030209943,0.0493449202970496,0.0493136959670969,0.049289962562438,0.0492751532937351,0.0492699897284418,0.0492744255273464,0.0492876513475677,0.0493081611220773,0.0493338739543918,0.0493623006660192,0.0493907410332285,0.0494164966113056,0.049437083412833,0.0494504280898164,0.0494550316741204,0.0494500874893552,0.0494355442596181,0.0494121102013754,0.0493811979531243,0.0493448139621556,0.0493054002663246,0.0492656412066732,0.0492282509945689,0.049195759122398,0.0491703098427597,0.0491534907211198,0.049146204044327,0.0491485925911832,0.0491600268369955,0.0491791545919513,0.0492040082698393,0.0492321608521326,0.0492609188058317,0.0492875375267291,0.0493094421341962,0.0493244349613731,0.0493308721738668,0.0493277953514985,0.0493150080798311,0.0492930916024839,0.0492633577680257,0.0492277426344095,0.0491886497506354,0.0491487567298996,0.0491108011124944,0.04907736213129,0.0490506550734852,0.0490323547550153,0.0490234630669234,0.0490242316083966,0.0490341447461166,0.0490519629459607,0.0490758221563924,0.0491033818663746,0.0491320109973507,0.0491589969833763,0.0491817607107776,0.0491980597720181,0.0492061644589162,0.0492049936270127,0.0491942001532193,0.0491741987712565,0.0491461335075317,0.0491117874102433,0.0490734422449751,0.0490336992227923,0.0489952740224782,0.0489607814020619,0.0489325265657615,0.0489123208311165,0.048901336932002,0.0489000150824722,0.0489080264547687,0.0489242969982752,0.0489470908828276,0.0489741481642878,0.0490028657868097,0.0490305064974773,0.0490544181520328,0.0490722460290102,0.0490821218011003,0.0490828140707337,0.0490738276223834,0.0490554427300211,0.0490286915793882,0.0489952745145016,0.0489574232276078,0.0489177214766296,0.0488788973046938,0.0488436038749443,0.0488142075217202,0.0487926004209925,0.0487800520470101,0.0487771099832257,0.048783557524708,0.0487984320619538,0.0488201033983872,0.048846405324686,0.0488748087668798,0.0489026220530156,0.0489272029654895,0.0489461669061273,0.0489575751866614,0.0489600881353373,0.0489530704776106,0.0489366409903139,0.0489116632446151,0.0488796783119414,0.0488427839965937,0.0488034693320138,0.0487644174641921,0.0487282931716271,0.0486975320450964,0.0486741472846366,0.0486595685607205,0.0486545259138054,0.0486589892106185,0.0486721691487387,0.0486925797194025,0.0487181562975492,0.0487464195290457,0.0487746725891934,0.0488002169914131,0.0488205697255859,0.0488336633735862,0.0488380122465615,0.0488328312316118,0.0488180984205888,0.0487945567010193,0.0487636536916205,0.0487274244543933,0.0486883268931606,0.0486490440840222,0.0486122698589173,0.0485804942487532,0.0485558051482072,0.0485397220956052,0.0485330762750349,0.0485359467530101,0.0485476572170906,0.0485668319919318,0.0485915061147424,0.0486192812505298,0.0486475160003398,0.0486735356429472,0.0486948439737049,0.0487093199689081,0.0487153842179074,0.0487121229812449,0.0486993604970407,0.0486776733382553,0.0486483450988397,0.0486132651020782,0.0485747796672706,0.048535507662597,0.0484981340202617,0.0484651966439681,0.0484388837168126,0.0484208585145164,0.0484121263699308,0.0484129540184077,0.0484228469320535,0.048440586448825,0.0484643248828106,0.0484917322499049,0.0485201829839436,0.0485469667570894,0.0485695057191757,0.0485855609131879,0.0485934119627209,0.0485919956794066,0.048580991725536,0.0485608478022123,0.0485327425903208,0.0484984902507545,0.0484603945445227,0.04842106387505,0.0483832016679506,0.0483493893289225,0.048321880186921,0.0483024213308152,0.0482921167527037,0.0482913414117561,0.0482997125780005,0.0483161213405371,0.0483388224016608,0.048365574608058,0.0483938198748903,0.0484208856250035,0.0484441952480317,0.0484614710276499,0.0484709139624781,0.0484713458486348,0.0484623019581232,0.0484440673027569,0.0484176543245813,0.0483847238823312,0.0483474550019646,0.048308372876863,0.0482701487709988,0.0482353883360965,0.0482064253328937,0.0481851363828283,0.048172790587262,0.048169946144903,0.0481764034792381,0.0481912197840268,0.0482127838218682,0.0482389441531146,0.0482671801250263,0.0482948025803834,0.0483191691459263,0.0483378969042468,0.0483490544650387,0.0483513171475026,0.0483440728566612,0.0483274707742927,0.048302409171091,0.0482704628450711,0.0482337556425,0.0481947888030809,0.0481562399384056,0.0481207492146892,0.0480907092674005,0.0480680748145493,0.0480542071895817,0.0480497670163849,0.0480546640220651,0.0480680671858336,0.0480884729513454,0.048113825329257,0.0481416788841311,0.0481693926159643,0.0481943395273127,0.0482141145932426,0.0482267241931473,0.0482307425137491,0.0482254235454212,0.0482107602137968,0.0481874854674606,0.048157014637678,0.0481213337322929,0.0480828430187908,0.0480441682311362,0.0480079534276265,0.047976650998072,0.0479523256065956,0.0479364886791878,0.0479299773476779,0.0479328871554257,0.047944563078022,0.0479636495569555,0.0479881966684496,0.0480158151457405,0.0480438679487254,0.0480696820993186,0.0480907630052296,0.0481049942425947,0.0481108074057065,0.0481073084601579,0.0480943497423886,0.0480725412108859,0.048043200328125,0.0480082454434557,0.0479700416281255,0.0479312109166859,0.0478944217357443,0.0478621748141755,0.0478366037228111,0.0478193064038084,0.0478112203097593,0.0478125497884995,0.0478227509910539,0.0478405760993244,0.0478641740005389,0.0478912390369302,0.0479191948827839,0.0479453983110756,0.047967347257506,0.0479828778142708,0.0479903350457376,0.0479887037104632,0.0479776881224904,0.0479577351398134,0.0479299991398755,0.0478962518244232,0.0478587431859431,0.0478200238147795,0.0477827426664689,0.047749436997217,0.0477223313628833,0.0477031609201286,0.0476930322079002,0.047692332659334,0.0477006973307325,0.0477170366754787,0.0477396231469176,0.0477662288569258,0.0477943028360568,0.0478211743062067,0.0478442665804599,0.0478613044906668,0.0478704977912788,0.0478706849693222,0.04786142597308,0.0478430370446562,0.0478165650847443,0.0477837031491372,0.0477466535082085,0.0477079497790497,0.0476702534336673,0.0476361414350154,0.047607901383467,0.047587349683517,0.0475756872281497,0.0475734049064237,0.0475802469041796,0.0475952339418217,0.0476167431602844,0.047642637569197,0.0476704353158818,0.0476975063011815,0.0477212807484592,0.0477394525622606,0.0477501609252181,0.0477521362549742,0.0477447999368362,0.0477283103073841,0.0477035507259385,0.0476720600696293,0.0476359112490806,0.0475975478706145,0.0475595919281693,0.0475246368392801,0.0474950413268222,0.0474727406501108,0.0474590912462178,0.0474547619189576,0.0474596799325381,0.0474730355026559,0.0474933442882271,0.0475185639752007,0.0475462568064455,0.0475737851351859,0.0475985233964395,0.0476180686989876,0.0476304332882076,0.0476342040576071,0.0476286563764522,0.0476138124076462,0.0475904386569705,0.0475599832632128,0.0475244589235495,0.0474862812420721,0.0474480750429501,0.0474124637230725,0.047381858918361,0.0473582683056392,0.0473431372996934,0.0473372364387158,0.0473406021015156,0.0473525347547221,0.0473716554575589,0.0473960167917481,0.0474232590728918,0.0474507983530762,0.0474760306827166,0.0474965370063922,0.0475102735668913,0.0475157332251326,0.0475120645334965,0.0474991387159846,0.0474775595455717,0.0474486159851873,0.0474141813797196,0.0473765663544101,0.0473383362387747,0.0473021075385478,0.0472703402929739,0.0472451430539753,0.0472281052837475,0.0472201696478467,0.0472215545440162,0.0472317343132817,0.0472494798845223,0.047272956610958,0.0472998706217058,0.0473276515122258,0.0473536573050597,0.047375386119129,0.0473906776115281,0.0473978871344657,0.0473960178065948,0.0473847999747061,0.0473647123255901,0.0473369431841056,0.0473032946572049,0.04726603698072,0.0472277252860464,0.0471909945151205,0.0471583493433108,0.047131965278503,0.0471135159323335,0.0471040401971578,0.0471038606940903,0.0471125604307235,0.0471290187687294,0.0471515024249979,0.0471778035541323,0.0472054144949227,0.0472317262877876,0.0472542354488108,0.0472707420141495,0.0472795227437238,0.0472794662607737,0.0472701603664804,0.0472519249516563,0.0472257873524496,0.0471934014809775,0.0471569172235157,0.0471188109537972,0.0470816905370229,0.0470480893648072,0.0470202648618295,0.047000017622542,0.0469885466371338,0.0469863529329364,0.0469931990231133,0.0470081265982306,0.0470295309904008,0.0470552875061913,0.047082920666459,0.0471098028758005,0.047133365663411,0.0471513057524875,0.0471617695573757,0.047163501910221,0.047155947151017,0.0471392938015641,0.0471144586964923,0.047083012188917,0.047047051308068,0.0470090314358245,0.046971569562064,0.0469372344150128,0.0469083406515546,0.0468867645426706,0.0468737962651391,0.0468700397329876,0.0468753666062186,0.0468889276024712,0.0469092207955658,0.0469342121499179,0.046961498426222,0.0469884984851986,0.0470126572272128,0.0470316465734668,0.0470435486627001,0.0470470072324105,0.0470413348064539,0.0470265667791986,0.0470034583913014,0.0469734254569585,0.0469384335451432,0.0469008435468096,0.0468632250286537,0.0468281522350244,0.0467979996419662,0.0467747535826617,0.0467598542465004,0.0467540797848502,0.046757481925279,0.046769379491283,0.0467884115138008,0.0468126456987809,0.0468397327174759,0.0468670934806645,0.0468921249173013,0.0469124085920321,0.0469259054583745,0.0469311202428891,0.0469272214712512,0.0469141075997409,0.0468924145923646,0.0468634645742503,0.0468291592475435,0.0467918262987431,0.0467540316540453,0.0467183736629558,0.0466872761084945,0.0466627959372822,0.0466464601410193,0.0466391447197095,0.0466410061275715,0.046651471104132,0.0466692849648921,0.0466926131258486,0.0467191870942023,0.0467464838893599,0.0467719256420007,0.0467930837966066,0.0468078711681411,0.0468147062354703,0.04681263714344,0.0468014164997814,0.0467815213408135,0.0467541161121755,0.0467209609660899,0.0466842727256347,0.0466465500347095,0.0466103765006931,0.0465782165296071,0.0465522191699552,0.0465340457229596,0.0465247359328252,0.0465246242409028,0.0465333125135725,0.0465497006226278,0.0465720723547062,0.0465982307918172,0.0466256734439953,0.0466517931701316,0.0466740878468867,0.046690361165044,0.046698898561968,0.0466986047663619,0.046689091990633,0.0466707110525893,0.046644522423014,0.0466122098946282,0.0465759446859029,0.0465382112672858,0.046501608421934,0.0464686409878916,0.0464415193078021,0.0464219833735085,0.04641116608352,0.0464095056634539,0.0464167128757411,0.0464317950818578,0.0464531358212963,0.0464786242756539,0.0465058240859611,0.0465321671320391,0.0465551563497869,0.0465725620853793,0.0465825975110602,0.0465840596721957,0.0465764246002261,0.0465598885346258,0.0465353522536288,0.0465043503480579,0.0464689310197308,0.0464314950644676,0.0463946059660747,0.0463607862419352,0.0463323169478777,0.0463110565829432,0.0462982931481828,0.0462946403098266,0.0462999861100024,0.0463134995706904,0.0463336958274662,0.0463585545950718,0.0463856816238246,0.0464124997085392,0.0464364544305954,0.0464552189341851,0.0464668813299222,0.0464700988273551,0.0464642054596769,0.0464492648760481,0.0464260646247787,0.0463960526310321,0.0463612205392412,0.0463239429645524,0.0462867860855657,0.0462523019434992,0.0462228253166441,0.0462002887246645,0.0461860693768449,0.0461808801565615,0.046184714064377,0.0461968469910518,0.0462158978899963,0.0462399402087919,0.0462666550456135,0.0462935144362694,0.046317981225575,0.0463377099506825,0.0463507322780939,0.0463556119155735,0.0463515572020081,0.0463384833322865,0.0463170195501655,0.0462884601407867,0.0462546624618072,0.0462179001755905,0.0461806838202853,0.0461455629029252,0.0461149243153612,0.0460908022024532,0.0460747145797584,0.0460675408201234,0.046069450620971,0.0460798898730723,0.0460976237658766,0.046120833581792,0.0461472604092605,0.0461743853512193,0.0461996318415993,0.0462205729182098,0.0462351260246912,0.0462417198232691,0.0462394202163985,0.046228005541075,0.0462079842841596,0.0461805534249316,0.0461475011476751,0.0461110626276102,0.0460737408377377,0.046038106270541,0.0460065910995804,0.0459812945826575,0.0459638161938384,0.045955130171167,0.0459555106229144,0.0459645117991465,0.0459810045405779,0.0460032665814766,0.0460291202444573,0.0460561063870434,0.0460816798504266,0.0461034103814876,0.0461191736759671,0.0461273184718849,0.0461267969092303,0.0461172474322075,0.0460990232375354,0.0460731642617967,0.0460413154929474,0.046005598033642,0.0459684422606339,0.0459323954746189,0.0458999193919827,0.0458731943220194,0.0458539459342693,0.0458433077804409,0.0458417297097065,0.045848939643124,0.045863962995981,0.0458851993492514,0.0459105502476231,0.0459375870323585,0.0459637447378987,0.0459865269609202,0.0460037060353928,0.0460135024654323,0.0460147283775861,0.0460068827464858,0.0459901908972917,0.0459655857844915,0.0459346327980017,0.0458994037098587,0.0458623095670224,0.0458259064720898,0.0457926908292323,0.0457649008251672,0.0457443393025976,0.0457322311796763,0.0457291266413856,0.0457348585329403,0.0457485577985409,0.0457687250534501,0.0457933512771582,0.0458200773820665,0.0458463805644566,0.0458697736567387,0.0458880019689462,0.0458992215077737,0.0459021440808543,0.0458961382537448,0.045881279002241,0.0458583423492976,0.0458287447874818,0.045794431634954,0.0457577232575906,0.045721131858565,0.0456871633298002,0.0456581190018294,0.0456359121767922,0.0456219142334238,0.0456168436913588,0.0456207079484818,0.0456328021122515,0.0456517642262415,0.045675682351999,0.0457022458723827,0.0457289299488206,0.0457531983880717,0.045772707723599,0.0457854953440394,0.0457901366811748,0.0457858594201574,0.0457726056479576,0.0457510363582348,0.0457224775118277,0.0456888124073264,0.0456523299029378,0.0456155410344176,0.0455809782372068,0.045550992709085,0.0455275664281369,0.0455121547585222,0.04550557255927,0.0455079320119292,0.0455186357586379,0.0455364253349379,0.0455594816219495,0.0455855700669765,0.0456122189731344,0.0456369158096624,0.0456573054767942,0.0456713753872824,0.0456776137489062,0.0456751289415362,0.045663720121997,0.0456438930259686,0.04561681994896,0.0455842476226617,0.0455483602208897,0.045511607467302,0.0454765106442846,0.0454454620047726,0.0454205343104264,0.0454033160123383,0.0453947846013558,0.0453952274196057,0.045404216406588,0.0454206400196343,0.0454427909209612,0.0454685024238734,0.0454953219062841,0.0455207067500761,0.0455422275147857,0.0455577627836443,0.0455656700536789,0.045564918135941,0.0455551697379442,0.0455368077722916,0.0455109039635169,0.0454791325265287,0.0454436354258471,0.0454068497184523,0.0453713113617025,0.0453394522092678,0.0453134068051982,0.0452948436820717,0.0452848336109389,0.04528376513251,0.0452913147989154,0.0453064749550071,0.0453276361961794,0.0453527166604807,0.0453793272486851,0.0454049602388299,0.0454271873428143,0.0454438518144369,0.0454532388956446,0.0454542107344552,0.0454462955336348,0.0454297246736081,0.0454054150554462,0.0453748974150179,0.0453401956270404,0.0453036666502555,0.045267814322587,0.0452350917563981,0.0452077071501828,0.0451874475997144,0.045175535134451,0.0451725275914089,0.045178273119753,0.0451919217389119,0.045211992239327,0.0452364889288484,0.0452630597735877,0.045289184277979,0.0453123760684915,0.0453303830137418,0.045341368039552,0.0453440562364186,0.0453378370240683,0.045322813259436,0.0452997927756029,0.0452702226240095,0.0452360717474551,0.0451996724086338,0.0451635334509447,0.0451301398447632,0.0451017540002228,0.0450802350153268,0.045066891189998,0.0450623779172918,0.0450666482250407,0.0450789585465056,0.0450979286968286,0.045121651864381,0.0451478466277223,0.0451740387988543,0.0451977578077915,0.0452167315847005,0.0452290650692186,0.0452333892314306,0.0452289692099247,0.0452157625780512,0.0451944226776294,0.0451662469775271,0.0451330750743065,0.0450971443324174,0.0450609137118633,0.0450268689300308,0.0449973245492565,0.0449742395341304,0.0449590613527724,0.0449526104690884,0.0449550136427365,0.044965691507621,0.0449834026283391,0.0450063416449831,0.0450322836575678,0.0450587624155232,0.0450832674657145,0.0451034448351691,0.0451172858565149,0.0451232889853084,0.0451205808244868,0.045108985973738,0.0450890402958021,0.0450619472312439,0.0450294809256912,0.0449938435263837,0.0449574877875137,0.0449229197371961,0.0448924982053295,0.0448682476001401,0.0448516981369482,0.0448437652246659,0.0448446774212369,0.0448539593797157,0.0448704716104493,0.0448925032755319,0.0449179093910907,0.0449442809292239,0.0449691349072209,0.0449901103983296,0.0450051552483089,0.0450126882315448,0.0450117234473066,0.0450019475350424,0.0449837443626538,0.044958165380389,0.0449268473164831,0.0448918830684093,0.0448556561149124,0.0448206521104169,0.044789262604073,0.0447635956140892,0.0447453072808102,0.0447354682183654,0.0447344763748423,0.0447420242589284,0.0447571229553233,0.0447781802195707,0.0448031262332427,0.044829577806467,0.0448550288522439,0.0448770518749203,0.0448934933965278,0.0449026468624062,0.0449033892585559,0.0448952710458174,0.0448785522867775,0.0448541815158071,0.0448237186676108,0.0447892087190104,0.0447530170984976,0.0447176404134877,0.044685507129377,0.0446587835583898,0.0446392009176753,0.0446279181368705,0.0446254316954263,0.0446315388146495,0.0446453555806409,0.0446653879910786,0.0446896508555725,0.0447158258707782,0.0447414462300164,0.0447640923085758,0.044781582463304,0.0447921443960969,0.0447945545084662,0.0447882345949133,0.0447732977795193,0.0447505396034969,0.0447213751788523,0.0446877278955758,0.0446518784018644,0.0446162849298127,0.0445833884001271,0.0445554179219478,0.044534212990265,0.0445210769632091,0.0445166729527641,0.0445209696528219,0.0445332415678567,0.0445521248091039,0.0445757251112293,0.0446017694240865,0.0446277880635789,0.0446513122409622,0.0446700714847498,0.0446821757951313,0.0446862679087258,0.0446816326766813,0.0446682541430809,0.0446468159686975,0.0446186458750429,0.0445856088274639,0.0445499571103061,0.0445141490080904,0.0444806511502034,0.0444517413277333,0.0444293278867038,0.0444147993490099,0.0444089151895725,0.0444117462455933,0.0444226701726331,0.0444404227867572,0.0444632006212234,0.044488805337657,0.0445148179382095,0.0445387895488614,0.0445584346549937,0.0445718118025461,0.0445774769909593,0.0445745972603614,0.044563015894474,0.0445432648119007,0.0445165232763269,0.0444845254999066,0.044449423786198,0.044413618159305,0.0443795665371985,0.0443495905272749,0.044325691433301,0.0443093902834947,0.0443016048453285,0.0443025745999455,0.0443118405860919,0.0443282815456553,0.0443502026926978,0.0443754698060991,0.0444016787199349,0.0444263475731007,0.0444471164037444,0.0444619371729161,0.0444692382058749,0.0444680499660457,0.0444580826336638,0.0444397493613983,0.044414132810717,0.0443828973021167,0.0443481541187703,0.0443122916890199,0.0442777846018796,0.0442469962011118,0.0442219899312185,0.0442043647351805,0.044195128494238,0.0441946199323201,0.044202484351815,0.0442177037849657,0.0442386786000187,0.0442633546569789,0.0442893866969398,0.0443143249397616,0.0443358093158124,0.04435175551069,0.0443605186454968,0.0443610226043797,0.0443528451260859,0.0443362514676194,0.0443121735111499,0.0442821361671877,0.0442481373976603,0.0442124912543156,0.0441776454753781,0.0441459873030712,0.0441196531038786,0.0441003577956179,0.0440892581206832,0.0440868601472323,0.0440929776103665,0.0441067445514432,0.0441266824105529,0.0441508173021096,0.0441768380758409,0.044202281621282,0.0442247299662832,0.0442420036913189,0.0442523367970672,0.0442545189834631,0.0442479931649584,0.0442328997940856,0.0442100646903218,0.0441809320738594,0.044147448440095,0.0441119061697669,0.0440767590985301,0.0440444253404596,0.044017094119734,0.0439965523744329,0.0439840441849867,0.0439801731462039,0.0439848552092358,0.0439973264067181,0.0440162053375356,0.0440396048887386,0.0440652831450649,0.044090820941214,0.044113812568938,0.0441320555283382,0.0441437246222439,0.0441475161573205,0.0441427504863664,0.0441294251708391,0.0441082152565178,0.0440804207191668,0.044047864526924,0.0440127487176523,0.0439774800056606,0.0439444793109503,0.0439159903630244,0.0438939017708719,0.0438795959077787,0.0438738368847394,0.0438767077219502,0.0438876026676017,0.0439052751118269,0.0439279364754601,0.0439533979389274,0.0439792444315552,0.044003027844499,0.0440224639611935,0.044035616411657,0.0440410521405938,0.0440379560309832,0.0440261960501233,0.0440063337940619,0.043979579073009,0.0439476918546695,0.043912839940656,0.0438774247130832,0.0438438892453331,0.0438145235693845,0.0437912820286981,0.0437756275052673,0.0437684157828294,0.0437698295881686,0.043779366714486,0.0437958818350118,0.0438176781261102,0.0438426420065559,0.0438684110929007,0.0438925620165085,0.0439128024688758,0.0439271518506027,0.0439340967708909,0.0439327100336897,0.0439227240189967,0.0439045521759832,0.0438792564528929,0.0438484634336311,0.0438142363083571,0.0437789127034008,0.0437449203252268,0.0437145842454112,0.0436899413134823,0.0436725773530843,0.0436635005995336,0.0436630609798477,0.0436709209163869,0.0436860801025108,0.0437069534097687,0.0437314967724413,0.0437573709563725,0.0437821292092465,0.0438034131393208,0.0438191414138605,0.0438276767681011,0.0438279579112303,0.0438195850104594,0.0438028513265743,0.0437787187441616,0.0437487398943306,0.0437149333795764,0.04367962168252,0.0436452444297425,0.0436141624770008,0.0435884694524825,0.0435698261255127,0.0435593300105622,0.0435574294885182,0.0435638890124672,0.0435778088184704,0.043597698079863,0.0436215951705337,0.0436472243486443,0.0436721758819981,0.0436940959290553,0.0437108721299924,0.0437208005420324,0.0437227202606878,0.0437161047230047,0.0437011028459954,0.0436785274135971,0.0436497916778674,0.0436167984598001,0.0435817898547641,0.0435471695729638,0.0435153125876174,0.0434883772588862,0.043468134069947,0.0434558238114912,0.0434520567584824,0.0434567620648851,0.0434691923625197,0.0434879830414795,0.0435112606783139,0.0435367916861062,0.043562160010847,0.0435849605052932,0.0436029924492153,0.0436144368048492,0.0436180022496665,0.0436130283938742,0.0435995384685599,0.0435782373680177,0.0435504547083922,0.0435180371637875,0.0434831992388644,0.0434483453693451,0.0434158779240857,0.0433880058846714,0.0433665688232706,0.0433528904018653,0.0433476738909322,0.0433509483576938,0.0433620689742203,0.0433797700981246,0.043402266354018,0.043427394272989,0.0434527840579006,0.0434760478531572,0.0434949688905698,0.0435076761388991,0.0435127911713944,0.0435095365427654,0.0434977973956451,0.0434781309285015,0.043451722493808,0.0434202919859698,0.0433859584092938,0.0433510732327571,0.0433180348449989,0.0432890980440686,0.0432661938944439,0.0432507752019638,0.0432437004386888,0.0432451649110287,0.0432546839137771,0.04327112931858,0.0432928177847959,0.0433176445916795,0.0433432523532006,0.0433672202120773,0.0433872577230479,0.0434013881524349,0.0434081070971868,0.043406503683348,0.043396333908022,0.0433780397057244,0.0433527125166535,0.0433220050258139,0.0432879984162568,0.0432530353512663,0.0432195317385698,0.0431897828433046,0.0431657802022429,0.0431490542594382,0.04314055445807,0.0431405752164201,0.043148733390194,0.0431639996536105,0.0431847818208564,0.0432090530020506,0.0432345133229423,0.0432587718592126,0.0432795349613749,0.0432947870419517,0.0433029498392639,0.0433030071149806,0.0432945845709175,0.0432779790255388,0.0432541351798942,0.0432245718267464,0.0431912625925695,0.0431564799784849,0.043122615192217,0.0430919886643016,0.0430666663739574,0.0430482958131799,0.0430379738690146,0.0430361574043291,0.0430426248582021,0.0430564928857236,0.0430762865610265,0.0431000567327345,0.0431255348659326,0.0431503136571138,0.0431720397831851,0.043188603291552,0.0431983075629175,0.0432000054930746,0.0431931911026802,0.04317803979559,0.0431553941528495,0.043126695922759,0.0430938693752141,0.0430591659113957,0.0430249833116447,0.0429936744078744,0.0429673598770881,0.0429477594150566,0.0429360549049599,0.0429327972843603,0.0429378648526473,0.0429504755184155,0.0429692507078901,0.0429923253115292,0.0430174955259251,0.0430423936795873,0.0430646762094197,0.0430822092209333,0.043093236566342,0.043096517667822,0.0430914250636448,0.0430779942232778,0.0430569211785716,0.0430295076702905,0.0429975583322079,0.0429632385252653,0.0429289039580706,0.0428969147085635,0.0428694476311918,0.0428483222728463,0.0428348550932592,0.0428297541546234,0.0428330622406158,0.0428441522035383,0.042861775001598,0.042884157671271,0.0429091444260239,0.0429343695471106,0.0429574473245292,0.0429761631905459,0.0429886509751054,0.0429935426524056,0.0429900785484346,0.0429781684770259,0.0429583983996049,0.0429319824109084,0.0429006646604715,0.0428665793360901,0.0428320794940627,0.0427995481067861,0.0427712069358465,0.0427489394455842,0.0427341421796587,0.0427276156183134,0.0427295020649467,0.0427392751974174,0.0427557827505937,0.0427773394710897,0.042801862510086,0.0428270374486149,0.0428505012888718,0.0428700285081888,0.0428837064227008,0.042890086304211,0.0428882978576239,0.0428781176534052,0.0428599864491373,0.0428349746397785,0.0428046985575212,0.0427711934793253,0.0427367527209336,0.0427037457149894,0.0426744301281322,0.0426507730428549,0.0426342946730716,0.0426259462950846,0.042626032381735,0.0426341843421664,0.0426493889223011,0.042670068854556,0.0426942085050363,0.0427195141640302,0.042743596791003,0.0427641633703815,0.0427792014846022,0.0427871414336177,0.0427869821967808,0.0427783712809513,0.0427616326254457,0.0427377404478139,0.0427082406613288,0.0426751258962277,0.0426406746945003,0.0426072686926738,0.042577202726967,0.0425525024140261,0.042534763049392,0.0425250227908619,0.0425236810139122,0.0425304686661749,0.0425444721747113,0.0425642077147613,0.0425877394033614,0.0426128326284675,0.0426371311846885,0.0426583442297729,0.0426744276072053,0.0426837448201653,0.0426851954373034,0.0426783016269555,0.0426632462093402,0.0426408586853436,0.0426125498493887,0.04258020033771,0.0425460124069932,0.0425123365623395,0.0424814858942994,0.0424555520963233,0.0424362380172756,0.0424247210437997,0.0424215587805186,0.0424266441388809,0.0424392126836999,0.0424579017208486,0.0424808574548359,0.0425058826474052,0.0425306129087785,0.0425527066058853,0.0425700325238796,0.0425808404692803,0.0425839017012318,0.0425786079105481,0.0425650201391639,0.0425438632480098,0.0425164667386793,0.0424846574444755,0.0424506129548447,0.0424166870727799,0.0423852209277559,0.0423583553239749,0.0423378602395376,0.0423249953578462,0.0423204119071392,0.0423241024676202,0.0423354024150192,0.0423530435121867,0.0423752559373542,0.0423999102330423,0.0424246868945351,0.0424472596762176,0.0424654786893302,0.0424775397618764,0.0424821269743433,0.0424785166617742,0.0424666343071407,0.0424470601593902,0.0424209837137832,0.0423901106154139,0.0423565285731451,0.0423225422273579,0.0422904902203373,0.042262559628239,0.0422406126244419,0.042226038433393,0.0422196416177952,0.042221575867598,0.0422313297638896,0.042247766614596,0.0422692150399982,0.0422936022557823,0.0423186190634431,0.0423419039443601,0.0423612322726386,0.0423746954146456,0.0423808544963464,0.042378855826359,0.0423684988803863,0.042350251977092,0.0423252145168217,0.0422950283555805,0.042261745163926,0.0422276609610326,0.0421951320074902,0.0421663870789835,0.0421433504747369,0.0421274891361597,0.0421196961533692,0.0421202207028648,0.0421286503219442,0.0421439461440602,0.0421645270254509,0.0421883953559986,0.042213295165745,0.0422368908311517,0.0422569522974176,0.0422715315316312,0.0422791158948919,0.0422787468059432,0.0422700951340794,0.0422534875611135,0.0422298812769277,0.0422007885063444,0.04216815701586,0.0421342165317362,0.0421013031155235,0.0420716745437899,0.0420473305958722,0.0420298527860127,0.0420202772898734,0.0420190118017713,0.0420258025636058,0.042039753464354,0.0420593957353275,0.0420828036906474,0.0421077482317998,0.0421318757691489,0.042152897331621,0.0421687720579632,0.0421778705766566,0.0421791057270326,0.0421720201240319,0.0421568228986171,0.0421343722310377,0.0421061054643319,0.0420739231815342,0.0420400367965076,0.0420067914116652,0.0419764777535012,0.0419511486774715,0.0419324558049323,0.0419215195884743,0.0419188423097376,0.041924269766983,0.0419370043617266,0.0419556691657045,0.0419784184412653,0.0420030854626011,0.0420273549323781,0.0420489458730805,0.0420657911018099,0.0420762000365078,0.0420789922593798,0.0420735908380893,0.0420600676724841,0.0420391375998772,0.042012102283117,0.041980748256798,0.0419472064072586,0.0419137833414043,0.0418827781860881,0.0418563000245469,0.0418361006322462,0.0418234351155529,0.0418189608190565,0.0418226828241268,0.0418339515739549,0.0418515137765964,0.0418736123845328,0.041898126841628,0.041922742023185,0.0419451329084008,0.0419631509211188,0.0419749969301912,0.0419793661974533,0.0419755529933259,0.0419635066683781,0.0419438352725341,0.0419177565659184,0.0418869999050576,0.0418536666263679,0.0418200606801937,0.0417885040033829,0.0417611516760438,0.0417398209604382,0.0417258470846475,0.041719977326885,0.0417223125815219,0.0417323013883994,0.0417487861350125,0.0417700965139517,0.0417941823015753,0.0418187755221472,0.0418415699908065,0.0418604041101484,0.0418734318572032,0.0418792680967854,0.0418770972200566,0.0418667373087353,0.0418486549223075,0.0418239287704214,0.0417941646345857,0.0417613684471581,0.0417277880483304,0.0416957360419921,0.0416674069301523,0.0416447023076963,0.0416290782833464,0.0416214282869343,0.0416220112366166,0.0416304304257766,0.0416456640867781,0.0416661452223901,0.0416898853102444,0.0417146329315604,0.041738054553054,0.0417579220840106,0.0417722915253122,0.0417796585958892,0.0417790793993017,0.0417702464410196,0.0417535132759637,0.0417298654052816,0.0417008401691332,0.0416684028481604,0.0416347891559998,0.0416023262670671,0.0415732463146203,0.0415495077027768,0.0415326393920531,0.041523620830787,0.0415228062391824,0.0415298980925177,0.041543971562437,0.0415635485930894,0.0415867163092758,0.0416112800158195,0.0416349377121327,0.0416554618580315,0.0416708745889696,0.0416796034546035,0.041680605657665,0.0416734505301189,0.0416583533693153,0.0416361582641257,0.0416082718047327,0.0415765528352229,0.0415431661706437,0.0415104111937126,0.0414805391090532,0.0414555740515259,0.0414371524504705,0.0414263927537571,0.041423805168597,0.0414292488779138,0.0414419413256955,0.0414605197888465,0.041483150182811,0.0415076735798011,0.0415317783393091,0.0415531845972591,0.0415698270336788,0.0415800211899584,0.0415825991770348,0.0415770032613864,0.0415633300200994,0.0415423221203075,0.0415153085214916,0.0414840974590227,0.0414508305528346,0.0414178102991293,0.0413873156760772,0.0413614208722382,0.0413418309246572,0.0413297465717856,0.0413257691239763,0.0413298536564086,0.0413413145846208,0.0413588824355447,0.0413808060821096,0.0414049918260252,0.0414291688992957,0.0414510691232715,0.0414686066124938,0.041480042731101,0.0414841229283945,0.0414801751122212,0.0414681625431282,0.0414486872068657,0.0414229428104656,0.0413926206043717,0.0413597756610936,0.0413266646760704,0.0412955680346301,0.0412686093993329,0.0412475864183592,0.0412338262990844,0.0412280787808398,0.0412304556976198,0.041240421602584,0.0412568354751156,0.0412780401862222,0.041301993520083,0.0413264311890519,0.0413490487109872,0.0413676866861848,0.0413805039724349,0.0413861250710845,0.0413837504367738,0.0413732208572061,0.041355030140193,0.0413302847175328,0.0413006138401893,0.0412680383606007,0.041234808863309,0.0412032256212876,0.0411754543767146,0.0411533530821225,0.0411383243055484,0.0411312053106311,0.0411322037031361,0.0411408825798726,0.041156196002474,0.0411765725933439,0.0412000412111216,0.0412243884247095,0.0412473343964087,0.0412667128268991,0.041280641304352,0.0412876695020151,0.041286893785467,0.0412780287244975,0.04126142949677,0.0412380637058407,0.0412094353573802,0.0411774669032821,0.0411443478767407,0.0411123614412633,0.0410837028111963,0.0410603046742074,0.041043683705779,0.0410348197382211,0.0410340765031711,0.0410411705269963,0.0410551918305289,0.0410746757327708,0.0410977198875259,0.041122136368255,0.0411456262333502,0.0411659630877852,0.0411811716051453,0.0411896866147929,0.0411904791936167,0.0411831390484616,0.0411679067998057,0.0411456541826764,0.0411178138952437,0.0410862642885491,0.0410531779111582,0.0410208466124754,0.0409914981178714,0.040967118988928,0.0409492973926032,0.040939097384647,0.0409369747290477,0.0409427416702014,0.0409555838027289,0.0409741269788858,0.0409965477443695,0.0410207180527048,0.04104437338737,0.0410652918301143,0.0410814700285082,0.041091281590749,0.0410936050657204,0.0410879118557676,0.0410743078424455,0.0410535255429702,0.0410268668109584,0.0409961000933615,0.0409633205550942,0.0409307846317104,0.0409007320229579,0.0408752084026957,0.0408559022142332,0.0408440088274184,0.0408401339263179,0.0408442445094708,0.0408556710803123,0.0408731601272657,0.0408949726870061,0.0409190220245035,0.0409430403023743,0.0409647608029245,0.0409821002154988,0.0409933257312117,0.0409971937406389,0.0409930495360779,0.0409808800186635,0.0409613146044728,0.0409355739134338,0.0409053708139242,0.04087277255923,0.0408400353000258,0.0408094237198664,0.0407830297929786,0.0407626055371275,0.0407494239654248,0.0407441795548561,0.0407469352901852,0.0407571193068591,0.0407735710347864,0.0407946337926976,0.0408182870936765,0.0408423078907683,0.0408644471133663,0.0408826071185032,0.0408950065958444,0.0409003207860322,0.0408977861904971,0.0408872610443479,0.0408692364088461,0.0408447972904951,0.0408155373589367,0.040783433888001,0.0407506919969804,0.0407195698690207,0.0406921990291917,0.0406704146943997,0.0406556099254785,0.0406486245613863,0.0406496770864068,0.0406583451173404,0.0406735972267032,0.0406938745077563,0.0407172152290561,0.0407414117766984,0.0407641869038437,0.0407833756341675,0.0407970988901357,0.0408039148409876,0.0408029350502525,0.0407938955330242,0.0407771772607545,0.0407537750831948,0.0407252177076872,0.0406934447257834,0.0406606503173986,0.0406291067183117,0.0406009824819955,0.040578170296425,0.0405621373704885,0.0405538094618286,0.0405534977640125,0.0405608751714939,0.0405750041574908,0.0405944133552477,0.0406172155961433,0.0406412575714421,0.0406642898609277,0.0406841447206422,0.0406989076990874,0.0407070689755279,0.0407076421478594,0.0407002415331827,0.0406851125707381,0.0406631130007878,0.0406356456822697,0.0406045478394949,0.0405719456897158,0.0405400864575666,0.0405111610030306,0.040487130302714,0.0404695688695677,0.0404595378768178,0.0404574991594722,0.0404632776496802,0.0404760749258866,0.0404945320662881,0.0405168367473681,0.0405408669028017,0.0405643603071786,0.0405850964030494,0.0406010749189179,0.0406106763184297,0.0406127914061043,0.040606910215611,0.0405931630536146,0.0405723098487052,0.0405456783429662,0.0405150565611731,0.0404825489866004,0.0404504081955001,0.0404208549067838,0.0403959003859012,0.0403771857575608,0.0403658518883171,0.0403624504363597,0.0403669022823803,0.0403785054557736,0.0403959915544288,0.0404176267916263,0.040441350278602,0.0404649383349403,0.0404861809740875,0.0405030562131372,0.0405138889900083,0.0405174830033183,0.0405132153006941,0.0405010856814646,0.0404817166416309,0.0404563041389985,0.0404265235525076,0.0403943981386285,0.0403621395715075,0.0403319725452776,0.0403059575878882,0.040285826922914,0.0402728467017844,0.0402677159703463,0.0402705097349114,0.0402806709168747,0.0402970529803774,0.0403180107622018,0.0403415321054774,0.0403653989322721,0.0403873644278328,0.0404053325797559,0.0404175263060109,0.0404226306005871,0.0404198984516618,0.0404092104928406,0.0403910838651126,0.0403666302042308,0.0403374662713683,0.0403055839643591,0.0402731899002891,0.0402425279825217,0.0402157000466522,0.0401944991382668,0.040180267974948,0.0401737929891218,0.0401752423455503,0.0401841535564927,0.0401994720398034,0.0402196368893599,0.0402427059085998,0.0402665095341146,0.0402888220602274,0.0403075374697014,0.0403208361111002,0.0403273285252086,0.0403261647480288,0.0403171008896189,0.0403005183985593,0.0402773945386806,0.0402492257695862,0.0402179095625308,0.0401855941969107,0.0401545089392159,0.0401267879946086,0.0401043013837836,0.0400885054946306,0.0400803255182907,0.0400800802163356,0.040087455737792,0.040101530274315,0.0401208468544192,0.0401435283960289,0.0401674266568285,0.0401902939935335,0.0402099640663149,0.0402245261325573,0.0402324783229003,0.0402328477973351,0.040225268661284,0.0402100114018321,0.0401879609450721,0.0401605448021741,0.0401296175612597,0.0400973117966561,0.0400658675603894,0.0400374535648415,0.0400139938771974,0.0399970143072825,0.039987521562972,0.0399859250239255,0.0399920064974702,0.0400049391732752,0.0400233538952773,0.0400454481003426,0.040069129420712,0.040092182355537,0.0401124440116089,0.0401279746440531,0.0401372100744187,0.040139084795075,0.0401331162575892,0.040119443216701,0.0400988147282788,0.0400725309368215,0.0400423408021218,0.0400103047071319,0.0399786319933201,0.0399495056478468,0.0399249083038232,0.0399064641648912,0.0398953097263058,0.039892003006697,0.0398964778465074,0.0399080471563054,0.0399254559800232,0.0399469810567799,0.0399705687824457,0.0399939996948412,0.0400150658632971,0.0400317473786244,0.0400423743970534,0.0400457616535285,0.0400413039134607,0.0400290241927941,0.04000957116216,0.039984166577183,0.0399545071009586,0.0399226279620549,0.039890739145336,0.0398610477919051,0.0398355819019211,0.0398160296311964,0.0398036062327467,0.0397989583394435,0.0398021131415732,0.0398124771817693,0.0398288852332581,0.0398496947399118,0.0398729172131822,0.0398963757273436,0.039917876645472,0.0399353828439458,0.0399471748936207,0.0399519869514713,0.0399491063247025,0.0399384292634195,0.0399204692158066,0.0398963169142463,0.0398675547891201,0.0398361319488648,0.039804209820172,0.0397739911934055,0.0397475461712078,0.039726648033253,0.0397126313856743,0.0397062842117144,0.0397077835169542,0.0397166804364135,0.0397319357040328,0.0397520019186409,0.0397749459425466,0.0397986024461855,0.0398207471116801,0.0398392755071596,0.0398523724309325,0.0398586575240412,0.0398572956636185,0.0398480637970868,0.039831368872686,0.0398082149096475,0.0397801215805411,0.0397490013449841,0.0397170057969202,0.0396863537440072,0.0396591542203094,0.0396372380794299,0.0396220119299789,0.0396143468642696,0.0396145110609571,0.0396221507676971,0.0396363199926305,0.0396555561695088,0.0396779964010184,0.0397015257134728,0.0397239453929061,0.0397431473082909,0.0397572800853908,0.0397648945484742,0.0397650577692324,0.0397574269171903,0.0397422765992733,0.0397204771526607,0.0396934258649971,0.0396629370158928,0.0396310992801826,0.0396001109511068,0.0395721054012081,0.0395489808997056,0.0395322491203838,0.0395229147187123,0.0395213950124557,0.0395274854977139,0.0395403741777361,0.0395587046642519,0.0395806839180254,0.0396042258717584,0.0396271186030019,0.0396472012065476,0.0396625365752439,0.0396715668164671,0.0396732387500653,0.0396670887029177,0.039653279315848,0.0396325857158094,0.0396063328035495,0.0395762888356732,0.0395445234032752,0.0395132409555732,0.0394846037485549,0.0394605592526849,0.0394426859961411,0.0394320693530515,0.0394292162458529,0.0394340154639488,0.0394457474230545,0.039463142969055,0.0394844859469533,0.0395077503201143,0.0395307605486925,0.0395513631342477,0.0395675966107309,0.0395778467029625,0.0395809738982376,0.0395764030593172,0.0395641684094123,0.0395449109478678,0.0395198284918353,0.039490581619151,0.0394591624221286,0.0394277366701651,0.0393984724164949,0.039373368598875,0.0393540964551338,0.039341865697962,0.039337326439607,0.0393405157831931,0.0393508540857345,0.0393671909111868,0.0393878962670519,0.0394109897214195,0.0394342978404338,0.0394556281158853,0.0394729453246754,0.0394845353282244,0.0394891425680242,0.0394860704266529,0.0394752369184347,0.0394571812629456,0.0394330203111561,0.039404358072573,0.03937315612504,0.0393415761092087,0.0393118071201016,0.039285891227468,0.0392655605435834,0.0392520991373703,0.0392462415916983,0.0392481164955244,0.0392572385134477,0.0392725484854455,0.0392924979980324,0.0393151723296787,0.0393384426881683,0.0393601355238928,0.0393782047803543,0.0393908931285435,0.0393968699893536,0.039395336249682,0.0393860875823718,0.0393695308769053,0.0393466521021143,0.0393189383953104,0.0392882609865462,0.0392567280543433,0.0392265183299355,0.0391997080052032,0.0391781049683373,0.0391631043784915,0.0391555774260123,0.03915580160313,0.0391634373783694,0.0391775533497737,0.0391966989527385,0.0392190198061766,0.0392424063242842,0.0392646628559912,0.0392836833294105,0.0392976196861156,0.0393050301628705,0.0393049954381161,0.0392971926275371,0.0392819207393243,0.0392600758767741,0.0392330788298545,0.0392027610117611,0.0391712174475751,0.0391406383515815,0.0391131333171425,0.039090563042441,0.0390743922108133,0.0390655744554403,0.0390644776213436,0.0390708551623009,0.0390838666069639,0.0391021458624657,0.0391239113549707,0.039147108224725,0.0391695708999567,0.039189193785157,0.0392040974114479,0.0392127770815587,0.0392142217817725,0.0392079936767992,0.039194262304181,0.039173791353763,0.0391478790428429,0.0391182561118774,0.0390869489778339,0.0390561190965389,0.0390278918096027,0.0390041882291596,0.0389865727411413,0.0389761276004035,0.0389733649449246,0.038978184349644,0.0389898800631886,0.039007197080707,0.0390284308326999,0.0390515623834953,0.0390744190540507,0.0390948483543678,0.0391108911604478,0.0391209394098734,0.0391238650743087,0.0391191102661995,0.0391067317666348,0.0390873964296787,0.039062327345321,0.0390332048513019,0.0390020308692782,0.0389709682527176,0.0389421681979753,0.0389175989265831,0.0388988887758308,0.038887196486569,0.0388831197981018,0.038886649839476,0.0388971741020949,0.0389135265894943,0.0389340807897445,0.0389568787085067,0.0389797864124836,0.0390006636364634,0.0390175333262866,0.0390287373962783,0.0390330669305007,0.039029857328139,0.0390190410378188,0.0390011532131574,0.0389772894583072,0.0389490192529849,0.0389182623438837,0.0388871377113016,0.0388577962389284,0.0388322497270485,0.0388122101244852,0.0387989526189476,0.038793213863252,0.0387951329313865,0.0388042390513054,0.0388194872924544,0.0388393404183591,0.0388618912391044,0.0388850155248885,0.0389065423954977,0.0389244280501925,0.0389369192533578,0.0389426940117892,0.0389409680721567,0.0389315580193816,0.0389148954905516,0.038891991715335,0.0388643558873479,0.038833874059983,0.0388026578316767,0.0387728746921078,0.0387465741378682,0.0387255243108294,0.0387110723695775,0.0387040389093626,0.0387046538709256,0.0387125389092862,0.0387267382766662,0.0387457961743036,0.0387678738869787,0.0387908963976745,0.0388127164755872,0.0388312838545588,0.038844806965749,0.0388518946105947,0.0388516659078329,0.0388438195425139,0.0388286572299448,0.0388070601021957,0.0387804198245821,0.0387505291864507,0.0387194402901211,0.0386893017931619,0.0386621886653424,0.0386399379639991,0.0386240029221375,0.0386153363146698,0.0386143127380244,0.0386206971084028,0.0386336626550173,0.0386518567101324,0.0386735082967386,0.0386965687529614,0.0387188748368017,0.0387383219664479,0.0387530335767411,0.0387615121834963,0.0387627594627542,0.0387563559249719,0.0387424943097291,0.0387219640534809,0.0386960876023999,0.038666613467638,0.0386355751477233,0.0386051280377107,0.0385773775570099,0.038554211622205,0.0385371502694762,0.0385272246665575,0.0385248959120252,0.0385300202978043,0.0385418629653972,0.0385591577133079,0.0385802078385923,0.0386030206296668,0.0386254655420808,0.0386454434314464,0.0386610527774044,0.0386707394554385,0.0386734187502042,0.0386685607336451,0.038656232401962,0.038637092729563,0.038612340642794,0.0385836202719688,0.038552891409825,0.0385222752524365,0.0384938868109816,0.0384696666675152,0.0384512257507885,0.0384397163546737,0.0384357400723827,0.0384392994884859,0.0384497968253555,0.038466079836438,0.0384865323157987,0.0385092028457901,0.0385319613236335,0.0385526698901328,0.0385693540731359,0.0385803607502809,0.0385844907933184,0.0385810956672566,0.0385701295798083,0.0385521526037586,0.0385282848960119,0.0385001163540319,0.0384695790982601,0.0384387925496331,0.0384098932493861,0.0383848635567762,0.0383653737561258,0.0383526503321868,0.0383473800842212,0.0383496567297509,0.0383589741012242,0.0383742671227244,0.0383939977333441,0.0384162784223864,0.038439022600954,0.0384601095265179,0.0384775513341742,0.0384896498033787,0.0384951306386332,0.0384932441882074,0.0384838243604314,0.0384673014560246,0.0384446684409622,0.0384174032423987,0.0383873524956267,0.0383565854087457,0.0383272295570229,0.0383013022051643,0.0382805505608487,0.0382663129176287,0.0382594111026537,0.0382600831459248,0.0382679626527243,0.0382821072960094,0.0383010738982622,0.0383230333532346,0.0383459160136532,0.0383675765709197,0.0383859659127307,0.0383992960447765,0.0384061840362351,0.0384057628834111,0.03839775061973,0.0383824726484618,0.0383608355437656,0.0383342539596333,0.038304536311808,0.0382737389559858,0.0382440013589958,0.0382173756202394,0.0381956633350304,0.0381802722242683,0.0381721041826828,0.0381714844061885,0.0381781374528563,0.0381912113229766,0.0382093465013719,0.0382307841179148,0.0382535052664251,0.0382753911440698,0.0382943912569276,0.0383086857365202,0.0383168286477367,0.0383178614842978,0.0383113886244117,0.0382976089015672,0.0382773002698257,0.0382517583821713,0.0382226941808707,0.0381920990326536,0.0381620879079845,0.0381347322025489,0.038111894852984,0.0380950811724032,0.0380853181694693,0.0380830723903961,0.0380882123577744,0.0381000179491599,0.0381172361330764,0.0381381796175843,0.0381608613613763,0.0381831540203263,0.0382029607183651,0.0382183829600684,0.0382278725308306,0.0382303557180334,0.0382253198043924,0.0382128542613903,0.0381936429737839,0.0381689085147015,0.0381403136167309,0.0381098278791254,0.0380795699315919,0.0380516374204269,0.0380279389227234,0.0380100420472494,0.0379990499892206,0.0379955155360175,0.0379993983709327,0.0380100689113937,0.0380263590187492,0.0380466559894874,0.0380690318862174,0.0380913970076013,0.0381116649867879,0.0381279170587908,0.0381385533386497,0.0381424193225563,0.038138897155696,0.0381279541729167,0.0381101452376723,0.0380865692110067,0.0380587828877891,0.0380286784789861,0.0379983338038889,0.037969847307116,0.0379451715812038,0.037925958649928,0.037913428594535,0.0379082713556321,0.0379105898832339,0.0379198902789069,0.0379351204911057,0.0379547542244695,0.0379769126037503,0.0379995136547555,0.0380204382636047,0.0380376999850331,0.0380496049448819,0.038054888214168,0.0380528151755176,0.0380432399824219,0.0380266169449906,0.0380039639710372,0.0379767805444654,0.0379469266346351,0.0379164728078208,0.0378875343571439,0.037862102876223,0.0378418880819725,0.0378281818873442,0.0378217557549324,0.0378228002335515,0.0378309117050044,0.0378451265931572,0.0378639991915907,0.0378857165765743,0.0379082421123802,0.0379294768895666,0.0379474262638964,0.0379603577022975,0.037966937184897,0.0379663338951641,0.0379582856399884,0.0379431199221505,0.0379217284612304,0.0378954967809069,0.0378661946727565,0.0378358366325338,0.0378065231418451,0.0377802745512563,0.0377588701461155,0.0377437055248298,0.0377356805548638,0.0377351272819362,0.0377417830823379,0.0377548105489222,0.0377728626721271,0.0377941890884717,0.0378167757161471,0.0378385064320383,0.0378573329996877,0.0378714391276911,0.0378793857994909,0.0378802267226631,0.0378735845553889,0.0378596811824237,0.0378393192751757,0.0378138170316042,0.0377849020126545,0.0377545727224324,0.0377249385512965,0.0376980506085156,0.0376757374634767,0.037659459731081,0.0376501952386274,0.0376483630749064,0.037653791556844,0.0376657324884222,0.0376829212158598,0.0377036781620474,0.037726043334239,0.0377479322304368,0.0377673004610093,0.0377823046621306,0.0377914477974847,0.0377936975286544,0.0377885678451582,0.0377761572242713,0.0377571406553076,0.0377327166521881,0.0377045133166156,0.0376744601436955,0.0376446351890488,0.0376170999687569,0.0375937358043821,0.0375760946671923,0.0375652756818428,0.0375618365074342,0.0375657470083267,0.0375763900186891,0.0375926099144488,0.0376128048656605,0.0376350546360056,0.0376572734784055,0.0376773764821397,0.0376934466848856,0.0377038894048649,0.0377075606309429,0.0377038586523373,0.0376927718235293,0.0376748791614297,0.0376513037725496,0.0376236224023981,0.0375937381855432,0.0375637273656246,0.0375356730686102,0.0375114995682234,0.0374928196100106,0.0374808063264379,0.0374761001215947,0.0374787586541843,0.0374882541190277,0.0375035172591246,0.0375230235038558,0.0375449140496128,0.037567142904784,0.0375876389701373,0.0376044702944994,0.0376159969185655,0.037620999963323,0.037618777262679,0.0376091986724139,0.0375927167523458,0.0375703314253076,0.0375435110070492,0.0375140760947525,0.0374840559324517,0.0374555284534693,0.0374304558634415,0.0374105282234895,0.0373970278209728,0.037390726057482,0.0373918215410134,0.0373999238776882,0.0374140838055042,0.0374328673937892,0.0374544693306033,0.0374768570318666,0.0374979338603044,0.0375157075409068,0.0375284497704828,0.0375348345070588,0.0375340443408966,0.0375258363361091,0.0375105614688161,0.0374891357935419,0.0374629660879339,0.0374338366279131,0.0374037662994035,0.0373748470087965,0.037349076022571,0.037328196115093,0.0373135570922633,0.0373060098639752,0.0373058406482597,0.0373127495237709,0.0373258748515563,0.0373438622590775,0.0373649731760296,0.037387223893918,0.0374085432500992,0.0374269361325617,0.0374406404696136,0.037448266099589,0.0374489047015258,0.0374422016450229,0.0374283838029379,0.037408241470613,0.0373830662954112,0.0373545499772829,0.0373246510041939,0.0372954394465589,0.0372689323867249,0.0372469336789327,0.0372308908497298,0.0372217798383856,0.0372200261484747,0.0372254690423863,0.0372373727389625,0.0372544844955388,0.0372751346902539,0.0372973701389053,0.037319109730688,0.0373383104852514,0.0373531313418967,0.0373620813987107,0.0373641399445513,0.037358838158244,0.0373462961815405,0.0373272131254904,0.0373028108601801,0.0372747356590687,0.0372449254175544,0.0372154536609091,0.0371883636354046,0.0371655058801398,0.0371483915584829,0.0371380725742702,0.0371350581724935,0.0371392753661303,0.0371500765629932,0.0371662930210815,0.0371863287981867,0.0372082874040285,0.0372301217401255,0.0372497961780415,0.0372654479350648,0.0372755344105091,0.0372789545860612,0.0372751353884371,0.0372640768544113,0.0372463525704934,0.0372230647841656,0.037195757331949,0.0371662935171806,0.0371367090386701,0.0371090514499144,0.0370852180663012,0.0370668046053143,0.037054976960574,0.0370503772727327,0.0370530722777776,0.0370625476264383,0.0370777479732811,0.0370971597403283,0.0371189308622308,0.0371410187092215,0.0371613541656104,0.0371780078833148,0.0371893448776631,0.0371941553420334,0.0371917516739355,0.0371820238570252,0.0371654481851159,0.0371430483450457,0.037116312435,0.0370870732664374,0.0370573616673611,0.0370292440392537,0.0370046568465587,0.0369852517250578,0.036972264363923,0.0369664177372466,0.0369678665314696,0.0369761861634397,0.0369904070690169,0.0370090921707224,0.0370304518576384,0.0370524869710435,0.0370731476184942,0.037090494940641,0.037102853630668,0.0371089439442511,0.0371079829159471,0.0370997463275787,0.0370845862507801,0.0370634031087808,0.0370375749233132,0.0370088491780828,0.0369792050963646,0.03695069671407,0.0369252894764742,0.0369047039859747,0.0368902794218115,0.0368828668347956,0.0368827602155349,0.0368896711735801,0.0369027503439371,0.0369206545854051,0.0369416543592341,0.0369637719319808,0.0369849390734686,0.0370031621556283,0.0370166820169174,0.0370241156227459,0.0370245674088253,0.0370177009000137,0.0370037651345862,0.0369835743144278,0.0369584423658395,0.0369300772267894,0.0369004431733212,0.0368716027909205,0.0368455520405757,0.0368240617251824,0.0368085373023651,0.0367999075235257,0.0367985508928148,0.0368042664904154,0.0368162917161522,0.036833364801141,0.0368538260553179,0.0368757494891512,0.0368970950027273,0.0369158698234013,0.0369302864227967,0.0369389038730425,0.0369407412267522,0.0369353544393065,0.0369228713931643,0.0369039822742515,0.0368798854803399,0.0368521929315029,0.0368228025203027,0.0367937482382287,0.0367670396903097,0.0367445029246156,0.0367276346428082,0.0367174817623764,0.0367145568896169,0.0367187969547577,0.0367295678988484,0.0367457143834103,0.0367656506373044,0.0367874860688285,0.0368091763449506,0.0368286876554337,0.0368441601706941,0.0368540570858587,0.0368572875652895,0.0368532942036281,0.036842097919467,0.0368242961283365,0.0368010140831447,0.036773813757967,0.0367445682800475,0.036715312090141,0.0366880783179408,0.0366647360432742,0.0366468408853752,0.0366355116214958,0.0366313427871133,0.0366343593554312,0.0366440160686797,0.0366592412711347,0.0366785223919581,0.0367000267924974,0.0367217480415587,0.0367416652161429,0.0367579023301634,0.0367688758704298,0.0367734195572512,0.0367708766097449,0.0367611517680019,0.0367447186784726,0.0367225823797115,0.0366962002944446,0.0366673677986121,0.0366380766592846,0.0366103570333095,0.0365861158547012,0.0365669851183081,0.0365541922476441,0.0365484622213265,0.0365499586635589,0.0365582689308805,0.0365724354683958,0.0365910316985176,0.0366122761374705,0.036634174841816,0.0366546804975036,0.0366718559145305,0.0366840293947742,0.0366899293606985,0.0366887867149353,0.0366803962697309,0.0366651326102817,0.0366439196644865,0.036618156472904,0.036589604682193,0.0365602466225605,0.0365321259141112,0.0365071841518157,0.0364871068292719,0.0364731900695826,0.0364662380656857,0.0364664994989983,0.0364736486767645,0.0364868131321774,0.0365046447753162,0.0365254279006879,0.0365472151654027,0.0365679813884062,0.0365857837300047,0.0365989155989118,0.0366060415846716,0.0366063025166367,0.0365993828133212,0.036585535411574,0.0365655622980696,0.0365407515879905,0.0365127757180072,0.0364835590596249,0.0364551258806137,0.0364294405490866,0.0364082518653794,0.0363929533226008,0.0363844707979387,0.0363831876017182,0.0363889133907094,0.0364008990300416,0.0364178955608857,0.0364382526259638,0.0364600493414748,0.0364812478708036,0.0364998572112186,0.0365140932466293,0.0365225217358093,0.036524173030375,0.0365186197911764,0.0365060114052117,0.0364870618095176,0.0364629914652138,0.0364354286252617,0.036406278512866,0.0363775710008445,0.0363512984597956,0.0363292563872278,0.0363128999698533,0.03630322878658,0.0363007089507022,0.0363052380259076,0.036316154471699,0.0363322906605227,0.0363520658870655,0.036373612503362,0.0363949248545316,0.0364140184338648,0.0364290863882917,0.0364386415813598,0.0364416337493633,0.0364375326200226,0.0364263699643786,0.0364087369736095,0.0363857374805759,0.0363589011503389,0.036330063314855,0.036301220193794,0.0362743704554277,0.0362513559973048,0.0362337152882603,0.0362225610839473,0.0362184916264816,0.0362215418184793,0.0362311785934219,0.036246341923414,0.0362655289496906,0.0362869142704887,0.0363084959886256,0.0363282555236819,0.0363443188659016,0.0363551068982154,0.0363594625783503,0.0363567440668618,0.0363468759044266,0.0363303544408673,0.0363082076313961,0.0362819124793713,0.0362532763183742,0.0362242912920308,0.0361969742595878,0.0361732057221614,0.0361545807349153,0.0361422829558582,0.0361369911269411,0.0361388255139283,0.0361473392370721,0.0361615554345007,0.036180046610425,0.0362010488490796,0.0362226015307352,0.0362427021072323,0.0362594644227267,0.0362712680865821,0.0362768865721713,0.036275583690992,0.0362671712735599,0.0362520240853591,0.0362310507661686,0.0362056224813546,0.0361774645172411,0.0361485196561834,0.036120794606275,0.0360962015147548,0.0360764063593476,0.036062695707541,0.0360558728406085,0.0360561925125958,0.0360633400942488,0.0360764563817763,0.0360942054290347,0.0361148800231825,0.0361365371961709,0.0361571536324603,0.0361747883311313,0.0361877386711146,0.0361946768727886,0.0361947561705177,0.0361876786462592,0.0361737192245854,0.0361537033891671,0.0361289401961761,0.0361011164615793,0.036072161309055,0.0360440920299861,0.0360188530500597,0.0359981605007926,0.035983365209474,0.0359753457867116,0.0359744404373005,0.035980422060693,0.0359925175856653,0.0360094697902496,0.0360296373282707,0.0360511255559384,0.0360719374940025,0.0360901322170232,0.036103977877253,0.0361120878390954,0.0361135299112979,0.0361079001595,0.0360953550009915,0.0360765987579665,0.0360528279575916,0.0360256371955285,0.0359968938073605,0.0359685904971596,0.0359426870908248,0.0359209542950324,0.0359048325897513,0.0358953176513868,0.0358928808253924,0.035897430407684,0.0359083171425814,0.0359243845546326,0.0359440608442137,0.0359654847578391,0.0359866545849396,0.0360055880344953,0.036020480637962,0.0360298505124792,0.036032657720141,0.0360283879547985,0.0360170934426312,0.0359993881021759,0.0359763979100365,0.0359496705077331,0.0359210508684433,0.0358925328289067,0.0358660989448934,0.0358435622592914,0.0358264227066647,0.0358157488472049,0.0358120935893904,0.0358154506701274,0.0358252560168949,0.0358404341475854,0.0358594852524356,0.0358806050510335,0.0359018276267708,0.0359211805515373,0.035936840761819,0.0359472788985112,0.0359513801977176,0.0359485321573032,0.0359386724943896,0.0359222941655639,0.0359004069962312,0.0358744583306375,0.0358462185668395,0.0358176408998418,0.0357907068483248,0.035767269680777,0.0357489073979676,0.0357367964082556,0.0357316163517249,0.0357334946624666,0.035741995852809,0.03575615600184,0.0357745590297548,0.0357954486793687,0.0358168680434458,0.0358368161517548,0.0358534088752895,0.035865030444467,0.0358704629463487,0.0358689836740047,0.0358604229833582,0.0358451779629776,0.0358241803203592,0.035798820867957,0.0357708371835273,0.0357421741570715,0.0357148286865271,0.0356906903898415,0.0356713906660351,0.03565817253513,0.0356517923746475,0.0356524614872144,0.0356598312934995,0.0356730222938357,0.0356906942802169,0.0357111528535611,0.0357324843410264,0.0357527081569592,0.0357699338210534,0.035782509964755,0.0357891541119368,0.0357890537043464,0.0357819304881856,0.0357680627028849,0.0357482630289628,0.035723814336421,0.0356963687163432,0.0356678175722429,0.0356401422817535,0.0356152567595404,0.0355948547545026,0.0355802747530331,0.0355723934356418,0.0355715555874825,0.0355775454742471,0.0355896022728062,0.0356064793628376,0.0356265434839071,0.0356479055883803,0.0356685721407468,0.0356866044160006,0.0357002734630386,0.0357081988224976,0.0357094597208289,0.0357036691480466,0.0356910045023709,0.0356721926874503,0.035648451421089,0.0356213915164717,0.035592887539437,0.0355649270435444,0.0355394510162941,0.035518199066521,0.0355025717905384,0.0354935205181434,0.0354914724380969,0.0354962971015839,0.0355073176207917,0.0355233659478927,0.03554287720248,0.0355640145948106,0.0355848147600878,0.0356033426189271,0.0356178442457883,0.0356268857050786,0.0356294663919521,0.0356250977045685,0.0356138412608987,0.0355963041766519,0.0355735916980044,0.0355472203008035,0.035518997718056,0.0354908796623312,0.035464815070287,0.035442592024381,0.0354256958284131,0.0354151899818153,0.0354116299353336,0.0354150175130761,0.0354248002100091,0.0354399150590756,0.0354588728981085,0.0354798762957541,0.0355009624645531,0.035520160377471,0.0355356492973936,0.0355459052176123,0.035549822996179,0.0355468046480154,0.0355368071723755,0.0355203460296385,0.0354984535051224,0.0354725951277618,0.0354445513773751,0.0354162748677706,0.0353897345238505,0.0353667586422638,0.0353488889572114,0.0353372577187701,0.035332498308011,0.0353346966115175,0.0353433861745748,0.0353575864907406,0.0353758811694144,0.0353965304058235,0.0354176093884397,0.0354371614387446,0.0354533530670855,0.0354646184481249,0.0354697824539888,0.0354681532280771,0.0354595770649882,0.0354444507811042,0.0354236903077362,0.0353986582845175,0.0353710567720337,0.0353427933521366,0.0353158304423404,0.0352920292720498,0.0352730012600743,0.03525997936453,0.0352537198635878,0.0352544418226974,0.0352618085025727,0.0352749524870139,0.0352925435458825,0.0353128945397752,0.0353340966518717,0.0353541723423241,0.0353712334318121,0.0353836320564277,0.0353900928882367,0.0353898158652048,0.0353825405359279,0.035368566508762,0.0353487287272764,0.0353243301247524,0.0352970371104674,0.0352687458308244,0.0352414297527567,0.035216981326307,0.0351970611475385,0.0351829667273288,0.0351755305390898,0.0351750546634563,0.0351812872528625,0.0351934433352452,0.0352102685915728,0.0352301404278081,0.0352511973811693,0.035271486335302,0.0352891165122787,0.0353024087915171,0.0353100286026925,0.0353110914106143,0.0353052322436051,0.0352926341894719,0.0352740141205823,0.0352505666740924,0.0352238702710449,0.0351957621969427,0.035168192912379,0.0351430716280274,0.0351221152909336,0.0351067122317399,0.0350978107857663,0.0350958421682943,0.0351006847694873,0.035111673301207,0.0351276517120612,0.0351470649735085,0.0351680823722483,0.0351887431747448,0.0352071136349653,0.0352214425577227,0.0352303021626604,0.0352327024900764,0.0352281704362259,0.0352167875380402,0.0351991834317595,0.0351764850403167,0.0351502254094155,0.0351222200437979,0.0350944213597287,0.0350687629785321,0.0350470057217231,0.0350305971703956,0.0350205563337192,0.035017393329672,0.0350210705761344,0.035031007738,0.0350461290176019,0.0350649488181362,0.0350856896120693,0.0351064232341147,0.0351252241908931,0.0351403221861083,0.0351502415799976,0.0351539173115939,0.0351507788090557,0.0351407953193472,0.0351244785869073,0.0351028423764386,0.0350773223317952,0.0350496628961929,0.0350217800159827,0.0349956097244913,0.034972954120928,0.0349553373422189,0.0349438837573567,0.0349392283232454,0.0349414656924419,0.0349501415609207,0.0349642872285001,0.0349824956145985,0.0350030333708545,0.0350239798751272,0.0350433811979323,0.0350594063550936,0.0350704937155572,0.0350754763077141,0.0350736758239514,0.0350649571480117,0.0350497387080803,0.035028958206162,0.0350039970481293,0.0349765695833892,0.0349485855904078,0.0349219968491356,0.0348986406279962,0.0348800933491002,0.0348675461644796,0.0348617115571191,0.0348627675845349,0.0348703442075596,0.0348835534350901,0.0349010611920304,0.0349211946166426,0.0349420753605768,0.0349617680717578,0.034978432928802,0.0349904708912791,0.0349966502397491,0.0349962039346327,0.0349888898898753,0.0349750098051431,0.0349553855597218,0.0349312949103962,0.0349043709205215,0.0348764726655029,0.0348495377412471,0.0348254287705233,0.0348057859999019,0.0347918969661227,0.0347845930755957,0.0347841817487625,0.0347904205620561,0.0348025360440728,0.0348192852790952,0.0348390547198291,0.0348599882584361,0.0348801350070554,0.0348976055661531,0.034910724048473,0.0349181628981354,0.034919049243096,0.0349130345195638,0.034900322243611,0.0348816516617895,0.0348582381339331,0.0348316748889493,0.0348038045825553,0.0347765716550141,0.0347518673681346,0.0347313792997489,0.0347164568511613,0.0347080038143056,0.0347064072615328,0.0347115085257113,0.0347226177467132,0.0347385698140188,0.0347578170474618,0.0347785518942994,0.0347988504962609,0.034816825567647,0.0348307758446086,0.034839320077254,0.0348415055144907,0.0348368829745456,0.0348255426147887,0.0348081070780806,0.0347856822603678,0.0347597698794099,0.0347321491422508,0.0347047366487687,0.0346794348541371,0.0346579806238488,0.034641806289142,0.0346319250500929,0.0346288501177043,0.0346325535051454,0.0346424671857754,0.0346575267900997,0.0346762553308656,0.0346968809673478,0.0347174791395766,0.0347361269121033,0.0347510567997672,0.034760798118098,0.034764294991737,0.0347609914096324,0.034750875891309,0.034734481884251,0.0347128442581381,0.0346874159649061,0.0346599515926559,0.0346323666982461,0.0346065840018709,0.0345843792886001,0.0345672400740698,0.0345562483557388,0.0345519959792771,0.0345545385239513,0.034563391366126,0.0345775688718044,0.0345956639205825,0.0346159608902236,0.0346365722549011,0.0346555877312578,0.0346712247868422,0.0346819693299715,0.0346866955179503,0.0346847547535366,0.0346760266296057,0.0346609281913562,0.034640381253066,0.0346157402082905,0.0345886853749251,0.0345610899050449,0.0345348710990918,0.0345118384317673,0.0344935502813531,0.0344811900301669,0.0344754708780808,0.0344765773685937,0.0344841493154837,0.0344973100128148,0.0345147361359032,0.0345347630664008,0.034555517146117,0.0345750649433962,0.0345915681676829,0.0346034316053749,0.0346094314571185,0.03460881334901,0.0346013524312813,0.0345873712044298,0.0345677136066404,0.0345436769941058,0.0345169073420025,0.0344892666268471,0.0344626837187329,0.0344390007666956,0.0344198267271401,0.0344064092442163,0.0343995353969371,0.0343994699100747,0.0344059358558367,0.0344181385610185,0.0344348298169367,0.0344544070820442,0.0344750404401223,0.0344948178416213,0.0345118969614972,0.0345246510413778,0.0345317969853606,0.0345324961159749,0.0345264202713958,0.034513778046418,0.0344952985978314,0.0344721739956265,0.0344459649647999,0.0344184778533262,0.0343916223352027,0.0343672603501814,0.034347057786065,0.0343323510787873,0.0343240401576894,0.0343225165501889,0.0343276318592451,0.0343387085602388,0.0343545925038916,0.0343737438870741,0.0343943601059472,0.0344145204100199,0.0344323399946283,0.0344461208175733,0.0344544874083513,0.0344564972345707,0.0344517166290608,0.0344402555927964,0.0344227584102424,0.0344003512462267,0.03437455151294,0.034347146314915,0.034320049255004,0.0342951468731349,0.0342741475291845,0.0342584455371447,0.0342490114258306,0.0342463162458031,0.0342502950989626,0.0342603527671869,0.0342754116268374,0.0342939983751778,0.0343143621578264,0.0343346138724037,0.0343528753815797,0.0343674274417183,0.0343768453638775,0.0343801117434753,0.0343766968957578,0.0343666004353941,0.0343503510974294,0.0343289652607866,0.0343038672890036,0.0342767773125546,0.0342495749274342,0.0342241499169936,0.0342022523692575,0.0341853540355632,0.0341745312481175,0.0341703782062452,0.0341729579583543,0.0341817960142467,0.0341959177014912,0.0342139259472563,0.034234112583274,0.0342545941782593,0.0342734621639074,0.0342889357980198,0.0342995054908087,0.0343040542575075,0.0343019471381445,0.034293081695624,0.0342778960037704,0.0342573334515094,0.0342327667483027,0.0342058871090256,0.0341785680668255,0.034152715524028,0.034130116078046,0.0341122950961608,0.0341003953595915,0.0340950862290751,0.0340965112460287,0.0341042784520272,0.0341174933904688,0.034134831178112,0.0341546417173889,0.0341750803383052,0.034194254116509,0.0342103721388326,0.0342218872352433,0.0342276177822191,0.0342268404710652,0.034219347330679,0.0342054625041725,0.0341860169386033,0.0341622826885326,0.0341358723145084,0.0341086117127791,0.0340823962135737,0.0340590405829629,0.034040134361822,0.0340269144429598,0.0340201658584629,0.0340201589876536,0.0340266276876238,0.0340387895229394,0.0340554067119587,0.0340748838541426,0.0340953952957147,0.034115031685162,0.0341319532026564,0.0341445368115968,0.0341515060730867,0.0341520335586771,0.034145807506721,0.0341330567999814,0.0341145320129317,0.0340914444820225,0.0340653688759064,0.0340381171132099,0.0340115932625553,0.0339876408346881,0.0339678951942257,0.0339536536026331,0.0339457732860398,0.033944604816198,0.0339499652469771,0.0339611531068096,0.0339770046867889,0.0339959874999015,0.0340163229955842,0.0340361279709125,0.0340535632604046,0.0340669785510557,0.03407504257828,0.0340768484685363,0.034071985452671,0.0340605710780318,0.0340432417471621,0.0340211027597558,0.0339956416255811,0.0339686108201095,0.0339418888587779,0.0339173310184881,0.0338966220992233,0.0338811428839365,0.0338718602261308,0.0338692490120526,0.0338732526330807,0.0338832861453415,0.0338982824717999,0.033916777625277,0.0339370274484307,0.0339571464174561,0.033975258007384,0.0339896451221657,0.0339988883172328,0.0340019800009905,0.0339984050538649,0.0339881816906061,0.033971859753215,0.0339504765422781,0.0339254732996811,0.0338985789322232,0.0338716708648254,0.033846624864833,0.0338251658793143,0.0338087311390131,0.0337983559234643,0.0337945913479065,0.0337974613866179,0.0338064626699897,0.0338206062824109,0.033838497266432,0.0338584453211044,0.0338785985496442,0.033897090264952,0.033912187105948,0.0339224261777178,0.0339267301951726,0.0339244920407701,0.0339156226512316,0.0339005584322175,0.0338802270887242,0.0338559742712995,0.0338294571277206,0.0338025135617082,0.0337770173216564,0.0337547296399955,0.033737158736716,0.0337254387727149,0.0337202387382938,0.0337217088635024,0.0337294683325146,0.0337426347112782,0.0337598929521873,0.033779599371407,0.0337999129396567,0.0338189431196412,0.0338349016321637,0.0338462456113034,0.0338518010054938,0.0338508567645808,0.0338432221223518,0.0338292418231751,0.0338097678470947,0.0337860903509263,0.0337598339579614,0.0337328277403663,0.0337069588310485,0.0336840211617369,0.033665571923371,0.0336528079245824,0.0336464717294937,0.033646794211992,0.033653477227609,0.0336657177339649,0.0336822720727561,0.0337015556706428,0.0337217697785763,0.0337410444012708,0.0337575858924138,0.033769818145684,0.0337765069148002,0.0337768574891914,0.0337705775578412,0.0337579000890376,0.0337395647819616,0.0337167599676179,0.0336910293539724,0.0336641502990731,0.0336379928473213,0.0336143710338578,0.0335948988252965,0.0335808621252475,0.0335731163502196,0.0335720172331326,0.0335773907834414,0.0335885458213156,0.0336043286947668,0.0336232154808696,0.0336434336023626,0.0336631029943198,0.0336803861002521,0.0336936352096086,0.0337015251109884,0.0337031597089478,0.0336981436693891,0.03368661365029,0.0336692270814408,0.0336471093663471,0.0336217633158751,0.0335949479737756,0.033568537117528,0.0335443694600248,0.0335241025514252,0.0335090813688016,0.0335002315235207,0.0334979858308236,0.0335022507474904,0.0335124154743528,0.0335274022293105,0.0335457527377811,0.0335657438792003,0.0335855239544379,0.0336032593937656,0.0336172801874807,0.0336262119856593,0.0336290842517789,0.0336254064210912,0.0336152066205949,0.0335990298550779,0.0335778952660661,0.033553215538001,0.0335266851146085,0.0335001464537861,0.0334754446906134,0.0334542814733179,0.0334380791206225,0.0334278663259884,0.0334241953722297,0.0334270978012054,0.0334360815998631,0.0334501695559151,0.0334679759129116,0.0334878160789725,0.0335078412513285,0.0335261869200753,0.0335411225846512,0.0335511903060642,0.0335553213094922,0.033552921712391,0.033543920370071,0.0335287744639047,0.0335084321836318,0.033484255961948,0.0334579130141478,0.0334312419797946,0.033406105856921,0.0333842427627156,0.0333671269380302,0.0333558517955917,0.0333510443522331,0.0333528170162988,0.0333607596879333,0.0333739727430152,0.0333911389078758,0.0334106286960394,0.0334306306033131,0.0334492949695412,0.0334648799218755,0.0334758884546525,0.0334811864927789,0.0334800926553134,0.033472432179683,0.0334585505406319,0.0334392860413809,0.0334159039376343,0.0333899970901009,0.033363360307136,0.0333378479297783,0.0333152262927974,0.0332970333579292,0.0332844566776342,0.0332782387406758,0.0332786167460379,0.0332853020146939,0.0332975016943727,0.0333139816319775,0.0333331650664682,0.0333532585513797,0.0333723948778378,0.0333887821066412,0.0334008472759516,0.0334073630487419,0.0334075464474973,0.0334011213946465,0.0333883403567905,0.0333699638265577,0.0333471992616085,0.0333216039586553,0.0332949595555095,0.0332691287915907,0.0332459066825175,0.0332268780137824,0.0332132918343837,0.0332059623883761,0.0332052045944466,0.0332108098605609,0.0332220642892753,0.0332378070727085,0.0332565234975995,0.0332764649926365,0.0332957873377907,0.0333126967079827,0.0333255919012705,0.033333190970243,0.0333346320824673,0.033329541127572,0.0333180612807323,0.0333008421282111,0.0332789886661927,0.0332539738999466,0.0332275222501421,0.0332014733816885,0.0331776370234438,0.0331576495389962,0.0331428431899244,0.0331341389246808,0.033131972110239,0.0331362574911442,0.0331463957077968,0.0331613202785012,0.0331795814655556,0.0331994611767361,0.0332191103304736,0.0332366974240613,0.0332505556360183,0.0332593162944358,0.0332620183260045,0.033258185328051,0.0332478639544484,0.0332316200165643,0.0332104924330955,0.0331859092021832,0.0331595727336301,0.0331333237473326,0.0331089941328996,0.0330882602914597,0.0330725091522584,0.0330627282509576,0.0330594286434867,0.0330626059476315,0.0330717417279262,0.0330858450487035,0.0331035315206941,0.0331231339586348,0.0331428354619532,0.03316081362812,0.0331753843000627,0.0331851340717684,0.0331890317476165,0.0331865099856874,0.0331775102268079,0.0331624871546763,0.0331423726813605,0.0331185026844839,0.0330925120617051,0.0330662057014965,0.0330414151959056,0.0330198530147561,0.0330029763239232,0.03299187129572,0.0329871664736237,0.0329889816043471,0.0329969164205416,0.0330100812759234,0.0330271677921954,0.0330465535483179,0.0330664317342517,0.0330849552219693,0.0331003840453376,0.0331112249626176,0.0331163516979699,0.0331150955379079,0.0331072986725961,0.033093326331095,0.0330740372127931,0.0330507145622688,0.0330249629971272,0.0329985792665926,0.0329734078692949,0.0329511937719021,0.0329334439990008,0.0329213084288906,0.0329154887051433,0.0329161827152733,0.0329230696988949,0.0329353373134743,0.0329517477754148,0.0329707369006834,0.0329905380046751,0.0330093214754947,0.0330253395915041,0.0330370650484128,0.0330433117268985,0.0330433279960498,0.0330368556539958,0.033024150376284,0.0330059619776272,0.0329834754897874,0.0329582174092692,0.0329319348287907,0.0329064574129964,0.032883552942505,0.0328647871395487,0.0328513984686328,0.0328441983161522,0.0328435053922657,0.0328491199659233,0.0328603395370516,0.0328760141158317,0.0328946368445305,0.0329144635444269,0.0329336522251738,0.0329504111209984,0.0329631426329064,0.0329705712634275,0.0329718455953071,0.0329666065492039,0.0329550163232099,0.0329377451906523,0.0329159170573943,0.0328910186384514,0.0328647801374631,0.0328390369986992,0.032815583282317,0.0327960281232733,0.0327816671989212,0.0327733801442614,0.0327715620986383,0.0327760939874084,0.0327863530153317,0.0328012624661362,0.0328193774788083,0.0328390003994025,0.0328583161772708,0.0328755363606304,0.0328890401233826,0.0328975017573957,0.0328999952089585,0.0328960674277487,0.03288577428331,0.0328696760049458,0.032848792844952,0.0328245248373979,0.0327985417595495,0.0327726512946489,0.0327486554495588,0.0327282069843221,0.0327126778792301,0.0327030503429329,0.0326998384098054,0.0327030458882588,0.0327121644073457,0.03272621271217,0.0327438146715,0.0327633094422711,0.0327828842721285,0.0328007191232563,0.0328151320374622,0.0328247140655325,0.0328284427291868,0.0328257642540893,0.0328166376570795,0.0328015374921495,0.0327814155131243,0.0327576243027575,0.032731808575816,0.032705772778035,0.0326813361599311,0.0326601876019291,0.0326437517785985,0.0326330766131607,0.0326287503798564,0.0326308552341281,0.0326389615050528,0.032652163356902,0.0326691522761942,0.0326883216464969,0.0327078939420966,0.0327260610952856,0.0327411275488793,0.0327516446114379,0.0327565249922337,0.0327551283107437,0.0327473112875416,0.0327334391559448,0.0327143572922623,0.0326913247380529,0.032665914565558,0.0326398892731691,0.0326150614777463,0.0325931507407588,0.0325756471502383,0.0325636920624394,0.0325579859439596,0.0325587315605912,0.0325656174392647,0.0325778424819238,0.0325941791833468,0.0326130705325221,0.0326327536493541,0.0326514008462344,0.0326672665502115,0.0326788275601925,0.0326849050251919,0.0326847586695998,0.0326781461177335,0.0326653424406508,0.0326471178699785,0.032624675328003,0.0325995532914707,0.032573502380581,0.032548345560263,0.0325258326101386,0.0325075002142793,0.0324945492872388,0.0324877499975907,0.0324873820635043,0.0324932142267712,0.032504523646932,0.0325201535967503,0.0325386055048122,0.0325581584646224,0.0325770063790112,0.0325934011829307,0.0326057906479196,0.0326129404502307,0.0326140314966751,0.0326087248376528,0.03259718858653,0.0325800845098707,0.0325585156803155,0.0325339396865186,0.0325080540168915,0.032482661976927,0.0324595293784979,0.03244024375145,0.0324260879034626,0.0324179379501767,0.0324161933218597,0.0324207438417866,0.0324309768867435,0.0324458250415288,0.0324638510382267,0.0324833628706684,0.0325025491640348,0.0325196237594524,0.0325329684121044,0.0325412626234071,0.0325435899868259,0.0325395118745265,0.0325291022544188,0.0325129411987709,0.0324920680872753,0.032467898232551,0.0324421091961809,0.0324165058144992,0.0323928753140732,0.0323728447817966,0.0323577523543306,0.0323485416599538,0.0323456872913525,0.0323491574029387,0.0323584170392323,0.0323724720952401,0.0323899497305149,0.0324092079705437,0.0324284656362063,0.0324459429392297,0.0324600022410136,0.0324692777871925,0.0324727836754741,0.03246999137419,0.0324608711165879,0.0324458943828897,0.0324259971546822,0.0324025062685122,0.0323770343873801,0.0323513522100362,0.0323272484472168,0.0323063884712929,0.0322901821292703,0.0322796707964908,0.0322754431177855,0.0322775870643186,0.0322856825399517,0.0322988346963715,0.032315744708593,0.0323348124627976,0.0323542637158361,0.0323722921154785,0.0323872044393141,0.0323975566695316,0.0324022696284288,0.0324007152046393,0.032392766659806,0.0323788088684236,0.032359707198974,0.0323367374119641,0.0323114827137383,0.0322857068217183,0.0322612132008302,0.0322397011890009,0.0322226302100095,0.0322111033400002,0.0322057801769326,0.0322068259598839,0.0322139001466913,0.03222618446927,0.0322424481561739,0.0322611457699985,0.0322805403330466,0.0322988416518335,0.0323143482187234,0.0323255813109234,0.0323314012539488,0.0323310972856231,0.0323244439279167,0.032311718957536,0.0322936813458731,0.0322715112380648,0.0322467170626589,0.0322210168640526,0.0321962025382355,0.032173997350828,0.0321559184360603,0.0321431558620131,0.0321364779700602,0.0321361699315495,0.0321420099396298,0.0321532853082784,0.0321688481605389,0.0321872068462801,0.0322066454623533,0.0322253612012205,0.0322416083154498,0.0322538376224309,0.0322608208079774,0.0322617493533301,0.0322562995270771,0.0322446579519708,0.0322275060635141,0.0322059651917405,0.032181506643683,0.0321558335776248,0.0321307440416193,0.0321079867087078,0.0320891215132906,0.0320753962872316,0.0320676484790601,0.0320662391369291,0.032071024554352,0.0320813684586849,0.0320961939496901,0.0321140704002717,0.0321333275621612,0.0321521876716526,0.0321689057207424,0.0321819074169361,0.0321899138745901,0.0321920427075863,0.0321878773890952,0.0321774998367375,0.0321614841088741,0.0321408515707009,0.0321169904871485,0.0320915460976987,0.0320662901889139,0.0320429809143404,0.0320232237945003,0.0320083442138392,0.0319992811296509,0.0319965109167495,0.0320000083380847,0.0320092481755886,0.0320232469698071,0.0320406409436146,0.0320597939695536,0.0320789276878986,0.0320962639056517,0.0321101676003825,0.0321192783345212,0.0321226191870289,0.0321196747699329,0.0321104324744837,0.0320953835301809,0.032075483335215,0.0320520741367213,0.0320267767882924,0.0320013608632401,0.0319776035085032,0.0319571477706347,0.0319413713956965,0.0319312769829444,0.0319274129031498,0.0319298312847207,0.0319380855756382,0.0319512669906892,0.0319680768659592,0.0319869298024267,0.0320060798636038,0.0320237595206331,0.0320383197020468,0.0320483597278306,0.0320528374159604,0.0320511512649868,0.0320431882125839,0.0320293327381265,0.0320104363819089,0.0319877504127495,0.031962827303833,0.0319373985461997,0.0319132377597338,0.031892019580936,0.0318751859352218,0.0318638309992905,0.0318586141111672,0.0318597069816956,0.0318667789392266,0.0318790217498812,0.0318952129855816,0.0319138134556336,0.0319330905887294,0.0319512571777589,0.0319666141517792,0.03197768637716,0.0319833410292226,0.0319828788348742,0.0319760902604722,0.0319632718836692,0.0319452020201205,0.0319230780495965,0.0318984204373216,0.0318729507212872,0.0318484531437905,0.03182663156616,0.031808973768452,0.0317966339277329,0.0317903418755963,0.0317903456963433,0.0317963923638876,0.0318077485792203,0.0318232603413598,0.0318414458813356,0.0318606137454849,0.0318789965188799,0.0318948902271918,0.0319067890096147,0.0319135043725745,0.0319142591339833,0.0319087484921112,0.0318971638221777,0.0318801777602864,0.0318588915939293,0.0318347485206338,0.0318094193331854,0.0317846699059405,0.0317622214119823,0.0317436141862641,0.0317300853350548,0.0317224694077782,0.0317211305080138,0.0317259321853532,0.0317362479423494,0.0317510111022172,0.0317687994551343,0.0317879479822401,0.031806681356462,0.0318232561419598,0.031836101030097,0.0318439431477267,0.0318459099617364,0.0318415989120774,0.0318311095893919,0.0318150357719642,0.0317944175161546,0.031770657054359,0.0317454057816141,0.0317204319907355,0.0316974799192255,0.0316781308035338,0.0316636767011455,0.0316550175409676,0.0316525902544448,0.0316563356378256,0.0316657047521695,0.0316797034693805,0.0316969715414589,0.0317158905454966,0.0317347126049552,0.0317516994066596,0.0317652598884221,0.031774075572245,0.0317772041868626,0.0317741539798943,0.0317649228283152,0.03174999859189,0.0317303204703396,0.031707204737798,0.0316822410588608,0.0316571673216617,0.0316337321849298,0.0316135558691725,0.0315980006623197,0.0315880621306931,0.0315842898201546,0.0315867431967191,0.0315949858615782,0.0316081188518407,0.0316248513049866,0.0316436034117026,0.031662633102677,0.0316801756147314,0.0316945845207161,0.0317044633441601,0.0317087776225841,0.0317069382306353,0.0316988486917753,0.0316849124507901,0.031665999920982,0.0316433784420017,0.0316186107323898,0.0315934295485394,0.0315695984873473,0.0315487706286209,0.0315323569708801,0.0315214151135808,0.0315165662783386,0.0315179465941148,0.0315251966371736,0.0315374906763809,0.031553603503943,0.0315720089318284,0.0315910013219985,0.0316088303768351,0.0316238391415303,0.0316345949212975,0.0316400027278455,0.0316393918340595,0.0316325684560785,0.0316198308158611,0.0316019458139182,0.031580088979543,0.031555751840949,0.0315306237411128,0.0315064577888644,0.0314849320112901,0.0314675165665043,0.0314553568665472,0.0314491814956782,0.0314492427253482,0.0314552953009501,0.0314666156348297,0.0314820594672191,0.0315001527865559,0.0315192087840119,0.0315374621712247,0.0315532106161918,0.0315649516953075,0.0315715036730898,0.0315721000880968,0.031566450866178,0.0315547654583697,0.0315377360470111,0.0315164817345886,0.031492458116841,0.031467340035094,0.0314428875035311,0.0314208055074951,0.0314026082904533,0.0313894986101813,0.0313822719705639,0.0313812540975307,0.0313862766463811,0.0313966922526751,0.0314114268546088,0.0314290650470892,0.0314479623220901,0.0314663757672613,0.0314826026104884,0.0314951150480776,0.0315026805678983,0.0315044587974361,0.0315000677926354,0.0314896144948902,0.0314736864791667,0.0314533054339077,0.0314298463671439,0.0314049292548475,0.0313802914335329,0.0313576501301383,0.0313385656696552,0.0313243166536847,0.0313157977489434,0.0313134483684399,0.0313172173741356,0.031326566138122,0.0313405100529896,0.031357696094184,0.0313765107958002,0.0313952096817384,0.0314120570776402,0.0314254648590526,0.0314341194219147,0.0314370870980486,0.0314338893627222,0.0314245412327766,0.0314095495657069,0.0313898718082754,0.0313668389989042,0.0313420491605018,0.0313172391929276,0.0312941454151006,0.0312743644640109,0.0312592263143909,0.0312496894962352,0.0312462660694104,0.0312489816315333,0.031257373641173,0.0312705288051303,0.0312871567774196,0.0313056937322501,0.0313244268019815,0.0313416293870395,0.0313556972460007,0.0313652752158061,0.0313693645119839,0.0313674016823368,0.0313593028365756,0.031345470062101,0.0313267599188895,0.0313044163092984,0.0312799724176167,0.0312551291788255,0.0312316202426618,0.0312110745927694,0.0311948875800125,0.031184109930009,0.0311793631501874,0.0311807885444334,0.0311880348363516,0.0312002858369759,0.031216325546993,0.0312346348844823,0.0312535123275487,0.0312712094779741,0.0312860711814005,0.0312966687055515,0.0313019146017749,0.0313011497151177,0.0312941956763799,0.0312813690648415,0.0312634560081477,0.0312416488335897,0.0312174497882261,0.0311925500983566,0.0311686946568584,0.031147543121385,0.031130537918047,0.0311187893118795,0.0311129870669554,0.031113346362916,0.0311195922859854,0.0311309833181368,0.0311463710898154,0.0311642915685492,0.0311830810775784,0.0312010084287494,0.0312164124661185,0.0312278335597359,0.0312341285336375,0.031234560475436,0.0312288568808279,0.0312172314877733,0.0312003675973425,0.0311793639868145,0.0311556480074246,0.0311308630644739,0.0311067391110465,0.0310849557015206,0.031067008111777,0.0310540876025344,0.0310469860812053,0.0310460329196108,0.0310510684214526,0.031061455574877,0.0310761294703707,0.0310936813358279,0.0311124710222764,0.0311307586205172,0.0311468439578157,0.0311592025452087,0.0311666074694805,0.0311682278494539,0.0311636957671384,0.0311531357546245,0.0311371542824028,0.0311167905171557,0.031093432797339,0.0310687074833452,0.0310443486479913,0.031022058921781,0.0310033731620758,0.030989536476696,0.0309814062720371,0.0309793853333969,0.0309833905562389,0.0309928599021942,0.0310067976367905,0.0310238544859775,0.0310424357898303,0.0310608283090886,0.0310773355159969,0.0310904112750343,0.0310987819468178,0.0311015472312899,0.0310982513421398,0.0310889187528954,0.0310740520849253,0.0310545926842458,0.0310318467912214,0.0310073825216219,0.0309829055162622,0.0309601234612113,0.0309406106892051,0.0309256834804729,0.0309162952981472,0.0309129598962537,0.0309157088973353,0.0309240881591044,0.0309371936719628,0.0309537437238993,0.0309721809541642,0.0309907961392879,0.0310078644386577,0.0310217836609975,0.0310312031997091,0.0310351326152535,0.0310330208476007,0.0310248000237796,0.0310108907455044,0.0309921683367326,0.030969892343256,0.0309456048861518,0.0309210065758011,0.0308978205228445,0.03087765526952,0.0308618769692199,0.0308515006203053,0.0308471093675459,0.030848808920949,0.0308562207370603,0.0308685137056157,0.0308844709646194,0.0309025864591382,0.0309211842152252,0.0309385513666701,0.0309530741810691,0.0309633657655098,0.0309683752434669,0.0309674702955029,0.0309604870722577,0.0309477434680073,0.030930014220239,0.0309084695897458,0.0308845827865746,0.0308600137886732,0.0308364784755299,0.0308156127348807,0.0307988419742595,0.0307872668581101,0.0307815751093944,0.0307819865842616,0.0307882354681989,0.0307995905308369,0.0308149121246199,0.0308327422530793,0.0308514210467631,0.0308692200050348,0.0308844806226594,0.030895747034815,0.0309018824262143,0.0309021602538535,0.0308963227775632,0.0308846016703764,0.0308676988879692,0.0308467297713105,0.0308231334476839,0.0307985576670215,0.0307747268493844,0.0307533037770166,0.0307357565215299,0.0307232418680722,0.0307165144675739,0.0307158681477625,0.030721113332371,0.0307315924395555,0.0307462326460704,0.0307636320740501,0.0307821720276319,0.0308001456345653,0.0308158925878729,0.0308279299334131,0.0308350691607935,0.0308365103113116,0.030831905231594,0.0308213848386635,0.0308055486266522,0.0307854176083221,0.030762354185186,0.0307379546565922,0.0307139225819183,0.030691933390758,0.030673501462983,0.0306598601203867,0.0306518634070972,0.0306499170806774,0.0306539447807155,0.0306633930085962,0.0306772749784081,0.0306942494454843,0.0307127275949165,0.0307309994247068,0.0307473701146037,0.0307602959145216,0.0307685083926233,0.0307711164109516,0.0307676773548114,0.0307582322265434,0.0307433021885293,0.0307238467403145,0.0307011864770586,0.030676896578938,0.0306526801298637,0.0306302320045059,0.0306111041456654,0.0305965823549603,0.030587584012375,0.0305845852003407,0.0305875836497051,0.0305961004804067,0.0306092198149804,0.0306256622702732,0.0306438864149194,0.030662210775238,0.0306789472201864,0.0306925349652157,0.0307016640576338,0.0307053784760478,0.0307031512045852,0.0306949258590455,0.0306811214915871,0.0306625997025893,0.03064059644562,0.0306166242349771,0.0305923528158309,0.0305694774719481,0.0305495847019496,0.0305340255808088,0.0305238073326664,0.0305195125046018,0.0305212523815147,0.0305286578406179,0.0305409078919589,0.0305567939107935,0.0305748152845194,0.0305932993493185,0.0306105356958363,0.0306249133823433,0.0306350497996346,0.0306399012237516,0.0306388465639054,0.0306317374019989,0.0306189097955999,0.0306011567532856,0.0305796640436602,0.0305559149880793,0.0305315718149393,0.0305083426192832,0.0304878444371681,0.0304714739031744,0.0304602964430456,0.0304549627624686,0.0304556584699824,0.0304620901136498,0.0304735088099534,0.0304887701971308,0.0305064262122639,0.0305248409007664,0.0305423203553422,0.0305572463891494,0.0305682039708259,0.0305740929355295,0.0305742151077195,0.0305683295199275,0.0305566712301043,0.0305399326272981,0.0305192090500779,0.0304959127743511,0.0304716615405191,0.0304481501563706,0.0304270157256663,0.0304097076932978,0.0303973729293538,0.0303907643359307,0.0303901798610797,0.0303954372491306,0.03040588747723,0.0304204662644171,0.0304377791473403,0.0304562126965342,0.0304740629428257,0.030489671318425,0.0305015576651892,0.0305085393806057,0.0305098264901939,0.0305050847404429,0.0304944619844807,0.0304785761467717,0.0304584656415289,0.0304355058182639,0.0304112980954524,0.0303875412319796,0.0303658956353688,0.0303478514830494,0.0303346105332439,0.0303269906178194,0.0303253607342552,0.030329612512802,0.0303391703607877,0.0303530387087542,0.0303698817696397,0.0303881294060554,0.0304061013412588,0.0304221403790647,0.0304347439034689,0.0304426827366668,0.0304450978601286,0.0304415678533601,0.0304321422110849,0.0304173378044312,0.0303980982657832,0.0303757192942582,0.0303517461090414,0.0303278514903422,0.0303057037942729,0.0302868347005927,0.0302725168543166,0.0302636616014883,0.0302607457372943,0.030263773320921,0.0302722750938877,0.0302853450583986,0.0303017115613998,0.0303198380400838,0.0303380458853316,0.0303546492657082,0.0303680904078263,0.0303770642260471,0.030380622667398,0.0303782507722096,0.0303699081698725,0.0303560321826787,0.0303375021620844,0.0303155683834857,0.0302917517072475,0.0302677219897599,0.0302451645110818,0.0302256449537849,0.0302104842333077,0.0302006537894196,0.0301966996100652,0.0301987002214584,0.0302062612486443,0.0302185470359122,0.030234347423,0.0302521746512507,0.0302703822305454,0.0302872956474344,0.0303013444676854,0.0303111859793272,0.0303158111811101,0.0303146247016772,0.0303074919054945,0.0302947493289034,0.0302771779897519,0.0302559420129587,0.0302324971695439,0.0302084759255475,0.0301855578169154,0.0301653358105296,0.0301491897721251,0.0301381770126454,0.0301329479774264,0.0301336934018888,0.0301401276081683,0.0301515102061061,0.030166704927333,0.0301842705057411,0.0302025757093233,0.030219929267002,0.0302347148475467,0.0302455207028067,0.0302512533175202,0.0302512253115878,0.0302452102808061,0.0302334605180266,0.0302166865968651,0.0301960003658169,0.0301728255257939,0.0301487829269277,0.0301255603419805,0.0301047777289955,0.0300878586710755,0.0300759175874189,0.0300696712561948,0.0300693819876048,0.0300748375724117,0.0300853696410216,0.0300999082220739,0.0301170673459521,0.0301352548299836,0.03015279817122,0.0301680770856643,0.0301796520350776,0.0301863780731563,0.0301874949183146,0.0301826866225314,0.0301721065904793,0.0301563658520643,0.0301364850065076,0.0301138134232455,0.0300899224141907,0.0300664811619394,0.0300451249644144,0.030027325543819,0.0300142733849263,0.0300067819393344,0.0300052221136429,0.0300094924966629,0.0300190272038279,0.0300328402195723,0.0300496029437998,0.0300677495567654,0.0300856022729734,0.0301015061332268,0.0301139618374849,0.0301217457076252,0.0301240075122836,0.0301203386696277,0.03011080518092,0.0300959421701474,0.0300767103610614,0.0300544184617771,0.0300306181881888,0.0300069802721772,0.0299851608980296,0.0299666690845588,0.0299527461081395,0.0299442672020193,0.0299416732876702,0.0299449373525012,0.0299535674013121,0.029966645795588,0.0299829024662134,0.0300008164812236,0.0300187374573745,0.0300350165169384,0.0300481363305749,0.0300568305492881,0.0300601837546973,0.0300577039869623,0.0300493616915925,0.0300355918716344,0.0300172596349464,0.0299955921801088,0.0299720823334821,0.029948370626104,0.0299261149664493,0.0299068586377056,0.0298919076301569,0.0298822269947787,0.0298783638353961,0.0298804026840556,0.0298879572721442,0.0299002002779816,0.0299159291374915,0.0299336622766645,0.0299517574371503,0.029968542556007,0.0299824492554637,0.0299921386588414,0.0299966091841724,0.0299952770464877,0.0299880227646475,0.0299752002921868,0.0299576084458105,0.0299364268344872,0.0299131210306712,0.0298893245542275,0.0298667076904432,0.0298468442261459,0.0298310866634856,0.0298204591866423,0.0298155764401297,0.0298165948591519,0.0298232010227545,0.0298346380089138,0.0298497669260082,0.0298671579269911,0.029885203415864,0.0299022450992648,0.0299167053372925,0.0299272122475289,0.0299327081834632,0.0299325329227207,0.0299264754642862,0.0299147907889299,0.0298981801224655,0.0298777357476998,0.0298548545157533,0.0298311272247674,0.0298082129553982,0.0297877080571693,0.0297710194843633,0.0297592522157442,0.0297531202002963,0.0297528887226781,0.0297583530309483,0.029768854444764,0.0297833321610079,0.02980040684672,0.0298184901252151,0.0298359116812248,0.0298510534852303,0.0298624796903096,0.0298690515252189,0.0298700183141636,0.0298650776789834,0.0298543999243204,0.0298386141837088,0.0298187573490625,0.029796190368307,0.0297724891293786,0.0297493186004242,0.029728299807172,0.0297108801060233,0.029698217600111,0.0296910895225064,0.0296898318048564,0.0296943138215138,0.0297039495690965,0.0297177444363329,0.0297343744586492,0.0297522920725948,0.0297698495526335,0.0297854296968974,0.0297975733353564,0.0298050941579931,0.0298071723437482,0.0298034195420766,0.0297939096447242,0.0297791727802322,0.0297601533588181,0.0297381357921927,0.0297146434865943,0.0296913184556154,0.0296697908108222,0.0296515488866981,0.0296378208595413,0.0296294772252006,0.0296269612807479,0.0296302527627766,0.0296388679898805,0.0296518974128869,0.0296680780321126,0.0296858945126046,0.0297037002748155,0.0297198487854738,0.0297328250489819,0.0297413671591098,0.0297445679048002,0.0297419476729718,0.0297334925729148,0.0297196550855073,0.0297013175931518,0.0296797216251249,0.0296563680954722,0.0296328965006498,0.0296109533205157,0.0295920607338076,0.0295774960370255,0.0295681906884531,0.0295646565309952,0.0295669453253908,0.0295746454077871,0.0295869158008743,0.0296025543555772,0.0296200937205479,0.0296379174622916,0.0296543877589744,0.0296679750765884,0.0296773794270823,0.0296816331478977,0.0296801769928629,0.0296729039838552,0.0296601679859402,0.0296427561749133,0.0296218270503841,0.0295988186829347,0.0295753347862584,0.0295530179750681,0.0295334199983538,0.0295178785562103,0.0295074101640983,0.0295026280810464,0.029503692652042,0.0295102982873418,0.0295216976410561,0.0295367605559438,0.0295540632721952,0.0295720015311425,0.0295889189950456,0.0296032403778768,0.0296135979342744,0.0296189409047547,0.0296186194782392,0.0296124368886495,0.0296006653015689,0.0295840237661255,0.0295636199288407,0.0295408606824268,0.0295173394197736,0.0294947088448481,0.0294745490132827,0.0294582409585511,0.0294468564664302,0.0294410733841018,0.02944112312812,0.0294467737505203,0.0294573491589035,0.0294717830005003,0.0294887035395442,0.0295065431111677,0.029523663067801,0.0295384836904977,0.0295496087094312,0.0295559351595104,0.0295567404308879,0.029551739578107,0.0295411079319063,0.0295254670917904,0.0295058357536644,0.0294835495562851,0.0294601559997864,0.0294372921038779,0.0294165542265106,0.0293993707887971,0.0293868885786118,0.0293798816440256,0.0293786894235645,0.0293831886584462,0.0293928017675042,0.0294065419231661,0.0294230916836289,0.0294409085152476,0.0294583481241876,0.0294737956259155,0.0294857945409597,0.0294931636635257,0.0294950921760263,0.0294912047899215,0.0294815914776632,0.0294667997816165,0.0294477907262237,0.0294258617783302,0.0294025426369222,0.0293794721755404,0.0293582669574025,0.0293403924167593,0.0293270468864874,0.0293190670109565,0.0293168615730069,0.0293203792456325,0.0293291134230594,0.0293421438197776,0.0293582108389171,0.0293758160315613,0.0293933406228638,0.0294091733387975,0.0294218379345016,0.029430110203432,0.0294331147548654,0.0294303938282829,0.0294219431593509,0.0294082124720797,0.0293900703867932,0.0293687359855914,0.0293456822353025,0.0293225192491697,0.0293008669816098,0.0292822272003484,0.0292678642135138,0.0292587035107489,0.0292552568831519,0.0292575808122843,0.0292652717240968,0.0292774980174804,0.0292930657999445,0.029310513263452,0.0293282268939178,0.0293445706729598,0.0293580176039616,0.0293672723441399,0.0293713748517068,0.0293697770702589,0.029362386848027,0.029349575409297,0.0293321473416872,0.0293112754497364,0.0292884062069424,0.0292651438930213,0.0292431226088492,0.0292238758894394,0.0292087141249523,0.0291986200319954,0.0291941710988801,0.0291954951012669,0.0292022614133486,0.029213708052774,0.029228702341469,0.0292458309737249,0.0292635126780858,0.029280124161706,0.0292941287546682,0.029304197506862,0.0293093137256487,0.0293088532205538,0.0293026338480534,0.0292909300122317,0.0292744508393361,0.0292542840932688,0.0292318105542845,0.0292085953407206,0.0291862641253506,0.0291663737868763,0.0291502881888954,0.0291390695359902,0.0291333939388998,0.0291334973202052,0.0291391555863975,0.0291497010755956,0.029164074860858,0.0291809111820042,0.029198646879488,0.0292156464353924,0.0292303324990135,0.0292413119145774,0.0292474875202951,0.0292481465010853,0.0292430176354893,0.0292322926545256,0.0292166103808669,0.0291970053313269,0.0291748248114741,0.0291516207516397,0.029129024921853,0.0291086180793151,0.0290918040839426,0.0290796989173605,0.0290730427312841,0.0290721414065117,0.0290768425011482,0.02908654808658,0.0291002635369286,0.0291166777262008,0.0291342675114633,0.0291514181644549,0.0291665508312912,0.029178247451331,0.0291853631322373,0.0291871166492591,0.0291831518369461,0.0291735654618911,0.0291588997617692,0.029140100052569,0.0291184402176282,0.0290954217622943,0.0290726547679143,0.0290517305306051,0.0290340957440227,0.0290209375398973,0.0290130882121383,0.0290109577120163,0.0290145001243509,0.0290232170852927,0.0290361974073607,0.0290521892338765,0.0290696991238006,0.0290871108574316,0.0291028148953035,0.0291153377995604,0.029123460577194,0.0291263162058875,0.0291234588547328,0.0291148995916989,0.0291011055556381,0.0290829622342435,0.0290617018328712,0.0290388039965682,0.0290158773495692,0.0289945312402408,0.0289762474154134,0.0289622616509375,0.0289534652307079,0.0289503347121019,0.0289528954905006,0.0289607212486737,0.0289729685806988,0.0289884440675748,0.0290056990899396,0.0290231452038264,0.029039180577887,0.0290523168924384,0.0290612965983444,0.0290651918189378,0.0290634775921143,0.0290560735889087,0.0290433505797964,0.0290261010011349,0.0290054762865222,0.0289828961992602,0.0289599370395804,0.0289382069250268,0.028919217766122,0.0289042645389987,0.0288943220463683,0.0288899673877798,0.0288913337323709,0.0288980986923187,0.0289095086416832,0.0289244379212819,0.0289414786465364,0.028959053561788,0.0289755422679776,0.0289894105914705,0.028999333184643,0.0290042998904374,0.0290036970933235,0.0289973569758552,0.0289855705582184,0.0289690638676033,0.0289489395617843,0.0289265885929048,0.0289035785923377,0.0288815278857544,0.0288619757817608,0.0288462600701672,0.0288354113845788,0.0288300721155201,0.0288304457920729,0.0288362811746229,0.0288468929075182,0.0288612171888664,0.0288778973864142,0.0288953920655446,0.0289120968176208,0.0289264708574701,0.0289371588915194,0.0289430985037598,0.0289436041319358,0.0289384209191176,0.0289277446140396,0.0289122063174738,0.0288928230766329,0.028870917687987,0.0288480138433614,0.0288257152709351,0.0288055788135131,0.028788991282885,0.0287770592028669,0.0287705198980922,0.0287696815126649,0.0287743975762833,0.028784078444882,0.0287977382488503,0.0288140730794477,0.0288315643097384,0.0288485994753897,0.028863601466789,0.0288751553646919,0.0288821220959264,0.0288837295512146,0.0288796341888105,0.0288699485235168,0.0288552321428243,0.0288364465585625,0.0288148774881725,0.028792031322555,0.0287695145826777,0.0287489059095334,0.0287316302761487,0.0287188452271986,0.0287113486534905,0.028709516027214,0.0287132720157878,0.0287220979250071,0.0287350736290362,0.0287509506838809,0.0287682514331628,0.0287853866050385,0.0288007817454841,0.0288130019091792,0.0288208646873236,0.028823533181245,0.0288205820726922,0.0288120314835592,0.0287983455140719,0.0287803954376743,0.0287593907971211,0.0287367841259904,0.0287141565307253,0.028693092540319,0.0286750538861036,0.0286612626827517,0.0286526039101773,0.0286495549831436,0.0286521474505479,0.0286599634901114,0.0286721678815718,0.0286875737721558,0.0287047374196438,0.0287220739623602,0.0287379843079407,0.0287509828436495,0.0287598161733636,0.0287635637116404,0.0287617118247625,0.0287541950343463,0.0287414008261536,0.0287241380815041,0.0287035720768159,0.0286811311642015,0.028658392208302,0.028636953919332,0.0286183087739366,0.0286037243219371,0.0285941432207243,0.0285901092187124,0.0285917244262865,0.0285986414743242,0.0286100917645891,0.0286249476791252,0.0286418131825213,0.0286591349085318,0.0286753248848702,0.0286888857919035,0.0286985293614268,0.0287032784431422,0.0287025442405827,0.0286961725358773,0.0286844556688143,0.0286681096757266,0.0286482181764163,0.0286261468933615,0.0286034353588106,0.0285816747430898,0.0285623818641812,0.0285468791580994,0.0285361894859273,0.0285309538367357,0.0285313789857665,0.0285372201218231,0.0285478001382011,0.0285620636014438,0.0285786605619564,0.0285960536317348,0.0286126404274263,0.0286268819887153,0.0286374265668392,0.0286432182139845,0.0286435812295134,0.0286382740222129,0.0286275084080262,0.0286119326467255,0.0285925791769144,0.0285707812250844,0.0285480655051943,0.0285260301096854,0.028506217251896,0.0284899904724207,0.0284784258555189,0.0284722263473285,0.0284716665719667,0.0284765724642824,0.0284863365421717,0.0284999668584848,0.0285161657678797,0.028533432866669,0.028550184311651,0.0285648787514937,0.0285761393561657,0.0285828622425912,0.0285843032584973,0.0285801367462401,0.0285704815445016,0.0285558917349703,0.0285373127281555,0.0285160064916285,0.0284934521034459,0.0284712291937622,0.0284508928559493,0.0284338496946506,0.0284212453146385,0.0284138728232761,0.0284121096713864,0.0284158873077469,0.0284246956791214,0.0284376226072382,0.0284534257480989,0.0284706318141599,0.0284876547504774,0.0285029227649993,0.0285150038961746,0.0285227204778976,0.0285252436614204,0.0285221601734238,0.0285135054350398,0.0284997602536203,0.028481811768142,0.0284608821956812,0.028438430988605,0.0284160378341675,0.0283952758246749,0.028377585494237,0.0283641603411569,0.0283558528309955,0.028353107615063,0.0283559267143023,0.0283638696282373,0.0283760889393495,0.0283913987088213,0.0284083696298853,0.0284254426901886,0.028441052300714,0.0284537497512674,0.0284623177374607,0.0284658667975513,0.0284639056157822,0.0284563795631978,0.0284436748386196,0.0284265882155275,0.0284062645506873,0.028384106437472,0.0283616629497071,0.0283405066551496,0.028322109035802,0.028307723995084,0.0282982880579948,0.0282943449024601,0.0282960007423383,0.0283029149643947,0.0283143270794814,0.0283291173929322,0.0283458960158942,0.0283631132080878,0.0283791828652606,0.0283926096622708,0.0284021093489153,0.0284067119205226,0.0284058391642814,0.028399350696151,0.0283875551327534,0.028371185354381,0.028351339450665,0.028329392081101,0.0283068838946053,0.0282853983685624,0.0282664357990512,0.0282512939375804,0.028240964528152,0.028236054396618,0.0282367379405245,0.0282427447276429,0.0282533823988657,0.0282675923162185,0.0282840335643238,0.0283011892530267,0.0283174870714591,0.0283314242467529,0.0283416864871856,0.0283472514590528,0.0283474691429922,0.0283421131834094,0.0283313990603726,0.0283159672038353,0.0282968322487471,0.0282753027768479,0.028252878161102,0.0282311303661134,0.0282115794149483,0.0281955721519376,0.0281841744049469,0.0281780857692951,0.0281775838569618,0.0281825019048827,0.0281922411355091,0.0282058172602104,0.0282219382480601,0.0282391075684287,0.0282557442738867,0.0282703096665271,0.0282814302499888,0.0282880075248093,0.028289306155089,0.0282850132006004,0.0282752631575559,0.0282606266845546,0.0282420643450895,0.0282208494945871,0.0281984663863344,0.0281764912426258,0.0281564657630089,0.0281397737305057,0.0281275311248693,0.0281204983662875,0.0281190209159104,0.0281230023788623,0.0281319124254756,0.0281448294799862,0.0281605149267416,0.0281775123643618,0.0281942633539195,0.0282092304598509,0.0282210184478231,0.028228484561181,0.0282308290541602,0.0282276584103155,0.0282190161759563,0.0282053793700329,0.0281876210720782,0.0281669418972595,0.0281447752131628,0.0281226733984768,0.0281021845309761,0.0280847296844427,0.0280714903816597,0.0280633145055085,0.0280606478532941,0.0280634972945726,0.0280714293196113,0.0280836044176968,0.0280988441034521,0.0281157246965441,0.0281326904406377,0.0281481775267142,0.02816073947535,0.0281691635194226,0.0281725680343127,0.0281704729853671,0.0281628380789688,0.0281500658950099,0.0281329696067927,0.0281127074933688,0.0280906894994785,0.0280684638736956,0.0280475934638711,0.0280295314349846,0.0280155057502556,0.0280064213416826,0.0280027881557342,0.0280046813630036,0.028011736833117,0.0280231814558652,0.0280378951643829,0.0280544997593036,0.0280714680986553,0.0280872453879753,0.0281003726898005,0.0281096023679122,0.0281139962965615,0.0281129995840976,0.0281064844308527,0.0280947605307349,0.02807855074638,0.0280589338433357,0.0280372591429967,0.0280150401120598,0.0279938350024952,0.027975123350603,0.027960187890443,0.027950011744981,0.0279451997322692,0.0279459301289486,0.0279519401981742,0.0279625462403269,0.0279766969261467,0.0279930564705154,0.0280101114148047,0.0280262921033249,0.0280400984867481,0.028050220014822,0.0280556404050499,0.0280557192087609,0.0280502434042168,0.0280394443907881,0.0280239789244673,0.0280048759606655,0.0279834540866909,0.0279612160519503,0.0279397284214199,0.0279204959259044,0.0279048410888829,0.0278937992867858,0.0278880374660889,0.0278878022238431,0.0278929007928465,0.027902716608353,0.027916258794192,0.0279322417920999,0.0279491882609495,0.027965546426245,0.0279798125585388,0.0279906494822018,0.0279969922419495,0.0279981324732872,0.0279937744017361,0.0279840579733686,0.0279695476752939,0.0279511882288745,0.0279302303963053,0.0279081322012415,0.0278864431860758,0.0278666812615553,0.0278502123279919,0.0278381420463043,0.0278312277332471,0.0278298170986041,0.0278338192118608,0.0278427108583139,0.0278555780996018,0.0278711892861,0.0278880931460531,0.0279047341779104,0.0279195767060826,0.0279312280347277,0.0279385505183937,0.0279407529547904,0.0279374537671923,0.0279287112505495,0.0279150187913311,0.0278972653019027,0.0278766636652875,0.0278546529413191,0.0278327827185449,0.0278125893695539,0.0277954739653795,0.0277825909966364,0.0277747564698063,0.0277723830755653,0.0277754481433496,0.0277834968720209,0.0277956798134931,0.0278108209074952,0.0278275106936891,0.0278442179191446,0.0278594110910746,0.0278716800892028,0.0278798477206891,0.0278830623621784,0.0278808648694473,0.0278732248951703,0.0278605436054465,0.0278436221271084,0.0278235980845016,0.0278018555780545,0.0277799159923978,0.0277593179679724,0.0277414954004245,0.0277276629117655,0.0277187183871639,0.0277151710069578,0.0277171005982309,0.0277241510183377,0.0277355576983886,0.0277502074910852,0.0277667268401819,0.0277835916277351,0.0277992495382684,0.0278122445043777,0.0278213331016023,0.0278255839491818,0.0278244524599134,0.0278178247187351,0.0278060264987615,0.0277897966140772,0.0277702271942827,0.0277486760885712,0.0277266583012982,0.027705724722219,0.0276873377909495,0.0276727545641363,0.0276629270603685,0.0276584276750549,0.0276594048261992,0.027665571757997,0.0276762295505999,0.0276903230867427,0.0277065257010182,0.02772334526304,0.0277392426411908,0.0277527531447195,0.0277626019252066,0.0277678047058488,0.0277677457735349,0.0277622266638053,0.0277514816179828,0.0277361589704635,0.0277172702252816,0.0276961105753549,0.0276741565782217,0.0276529488942718,0.0276339697748558,0.0276185254461301,0.0276076425649315,0.0276019863592681,0.0276018066754497,0.0276069167335792,0.027616707130607,0.0276301943023204,0.0276460991456018,0.0276629489705018,0.0276791946778919,0.0276933343536806,0.0277040337361966,0.0277102335941274,0.027711234811499,0.0277067541671932,0.0276969466823695,0.0276823930793109,0.0276640532159286,0.0276431888576576,0.027621261997518,0.0275998174208952,0.0275803594103556,0.0275642322992311,0.027552513795172,0.0275459292571165,0.0275447941153833,0.0275489895664744,0.0275579734224489,0.0275708244975019,0.0275863162899946,0.0276030141401004,0.0276193887703558,0.0276339376160287,0.0276453040959309,0.0276523849093276,0.027654416844767,0.0276510367310595,0.0276423102016183,0.0276287268438666,0.0276111616572457,0.0275908057323336,0.0275690719711506,0.0275474835779225,0.0275275538417968,0.0275106660948562,0.0274979631396458,0.0274902554357647,0.0274879560409173,0.0274910475969094,0.0274990834734236,0.0275112225730905,0.0275262953450236,0.0275428965132187,0.0275594975023638,0.0275745691941419,0.0275867045481428,0.027594731095066,0.0275978046599688,0.0275954771073393,0.0275877324552597,0.0275749880067044,0.0275580603476253,0.0275380993974861,0.0275164962200467,0.0274947718573543,0.0274744556459962,0.0274569626734733,0.0274434806867872,0.0274348760143155,0.0274316258461303,0.0274337814838968,0.0274409648742718,0.0274523988495853,0.0274669692506256,0.0274833141827809,0.0274999328164308,0.0275153044847267,0.0275280086335184,0.0275368367166612,0.0275408876747194,0.0275396393465245,0.0275329897682042,0.0275212650232036,0.0275051933934849,0.0274858481279713,0.0274645630682841,0.0274428272297124,0.0274221664953103,0.0274040222070521,0.0273896367295376,0.0273799549261578,0.0273755487716892,0.0273765708103654,0.0273827406670924,0.0273933665297133,0.0274074002181141,0.0274235210155396,0.0274402410094311,0.0274560235492444,0.0274694058886298,0.0274791165317195,0.0274841775725459,0.0274839832404054,0.0274783481759434,0.027467521919847,0.0274521687891735,0.0274333146143079,0.0274122642383553,0.027390496416732,0.0273695450897768,0.0273508770237462,0.0273357754424656,0.0273252383055281,0.0273198989986358,0.0273199760988946,0.0273252567612069,0.0273351150068433,0.0273485627217716,0.0273643286057135,0.0273809588324562,0.0273969320501188,0.02741078002264,0.0274212041371037,0.0274271780975709,0.0274280286568801,0.0274234884839473,0.0274137173803672,0.0273992900029456,0.0273811505984042,0.0273605381932531,0.0273388884929834,0.0273177205248816,0.0272985166995997,0.0272826051623608,0.0272710535466572,0.0272645830841898,0.0272635106061344,0.0272677231780276,0.0272766868811717,0.0272894886306933,0.0273049079989427,0.0273215140643889,0.0273377799274674,0.0273522053605422,0.0273634371394682,0.0273703772454904,0.0273722706288521,0.0273687657962044,0.0273599431479085,0.0273463083529572,0.0273287512504807,0.0273084740420691,0.0272868949520529,0.0272655349444696,0.0272458961145317,0.027229341392551,0.0272169856788281,0.0272096076232804,0.0272075889238941,0.0272108851943714,0.027219030103758,0.0272311726001961,0.0272461448387103,0.0272625556177476,0.0272789014287964,0.0272936857158356,0.0273055368929323,0.027313316358058,0.0273162084380533,0.0273137850497244,0.0273060395700288,0.0272933871676677,0.0272766319323192,0.0272569036581885,0.0272355689839203,0.0272141233400328,0.0271940720777249,0.0271768106208938,0.0271635136086081,0.0271550416994155,0.0271518728496344,0.0271540632481027,0.027161241515842,0.0271726374700346,0.0271871434848676,0.0272034031214541,0.0272199193846246,0.0272351739651394,0.0272477484522308,0.0272564381390895,0.0272603489970963,0.0272589694752672,0.0272522112038109,0.0272404156968048,0.0272243268536708,0.0272050313242558,0.0271838711533989,0.0271623357350997,0.0271419422847185,0.0271241148834671,0.027110071594965,0.0271007280161076,0.0270966245880475,0.0270978837853172,0.0271042011320243,0.0271148707285184,0.0271288425397785,0.0271448062031263,0.0271612947356856,0.0271768005274066,0.0271898948451831,0.0271993411749506,0.0272041929877149,0.0272038681757985,0.0271981947444455,0.0271874245211954,0.0271722136178703,0.0271535707202607,0.0271327771611792,0.0271112854411595,0.0270906045027301,0.0270721805452317,0.0270572821959463,0.0270468989334546,0.0270416613564223,0.0270417903575437,0.0270470793889209,0.0270569107316227,0.0270703040559988,0.0270859936830446,0.0271025291092608,0.0271183911288378,0.0271321138912705,0.0271424024948933,0.0271482365257514,0.0271489516016868,0.027144292677735,0.0271344346269532,0.0271199680196533,0.0271018512137064,0.0270813330739292,0.0270598529348256,0.0270389256838979,0.0270200207037021,0.0270044442552676,0.0269932351960327,0.0269870828710458,0.0269862735581574,0.0269906689440579,0.0269997177236204,0.0270124995373942,0.0270277983365172,0.0270441995627107,0.0270602029742431,0.0270743415952434,0.0270852973699779,0.0270920049416644,0.0270937358140896,0.0270901561302561,0.0270813531034913,0.0270678279419116,0.0270504561850612,0.0270304188388271,0.0270091094490819,0.0269880238830106,0.0269686413675906,0.026952306646889,0.0269401230844854,0.0269328650850497,0.0269309162099591,0.0269342376241421,0.0269423698779741,0.0269544687158615,0.0269693723844986,0.0269856946404346,0.0270019354567974,0.0270166005711154,0.0270283208112009,0.0270359619608068,0.0270387160627561,0.0270361662881701,0.0270283200226123,0.027015607882374,0.0269988490772574,0.0269791857561947,0.0269579912342827,0.02693675948482,0.0269169852983819,0.0269000451816137,0.0268870883384937,0.0268789457760744,0.0268760644027889,0.0268784716829659,0.0268857741967341,0.0268971901955219,0.0269116128605943,0.0269276985611057,0.0269439731443625,0.0269589484413496,0.0269712401794211,0.026979677769275,0.0269833968472347,0.0269819072343646,0.0269751313966565,0.0269634107197815,0.0269474789046985,0.0269284041123614,0.0269075043029912,0.0268862428167329,0.026866112742769,0.0268485189430159,0.0268346664562416,0.02682546392683,0.0268214502596284,0.0268227510621669,0.0268290684936707,0.0268397048366875,0.0268536174910908,0.0268695012704068,0.0268858921403472,0.0269012844637419,0.0269142519986861,0.0269235623384272,0.0269282754543354,0.0269278187959909,0.0269220332167595,0.0269111858363216,0.0268959483977477,0.026877342844708,0.0268566589691136,0.0268353511478472,0.0268149222919543,0.0267968038198552,0.0267822411378634,0.0267721942626298,0.0267672620293121,0.0267676357642007,0.0267730853235695,0.026782977984486,0.0267963288157092,0.0268118791070162,0.0268281968565984,0.0268437909087364,0.0268572291357564,0.0268672513133638,0.0268728683222316,0.0268734402863203,0.0268687273539911,0.0268589087111815,0.0268445682527798,0.0268266483964146,0.0268063759284985,0.0267851654327527,0.0267645073591165,0.0267458494278928,0.0267304812175789,0.0267194315873579,0.0267133869799876,0.0267126365201255,0.0267170479882967,0.0267260770668583,0.0267388099470605,0.0267540362254454,0.0267703458434204,0.0267862417516861,0.0268002592718717,0.0268110830894138,0.0268176528139224,0.0268192483506747,0.0268155476997556,0.0268066524158872,0.0267930790637241,0.0267757176939273,0.0267557605273686,0.0267346061987916,0.0267137472629676,0.0266946505239504,0.02667864024115,0.0266667933579433,0.0266598544363728,0.026658176681093,0.0266616940530348,0.026669927232066,0.0266820229466484,0.0266968228578506,0.0267129558573504,0.0267289464915283,0.0267433315237873,0.0267547758283496,0.0267621782557822,0.026764758673528,0.0267621192795909,0.0267542757885817,0.0267416563630026,0.0267250681634713,0.0267056336803414,0.0266847017509064,0.0266637406551281,0.0266442220421365,0.0266275045992041,0.0266147260677299,0.0266067119701351,0.02660390883478,0.0266063479680689,0.0266136428212404,0.026625019673081,0.0266393787509557,0.0266553811586927,0.0266715553597935,0.0266864150515768,0.0266985786306881,0.0267068800683031,0.0267104621421674,0.0267088448991584,0.0267019641449097,0.0266901766730021,0.0266742314154605,0.0266552088305233,0.0266344338814801,0.0266133700001778,0.0265935023750118,0.0265762194154692,0.0265627017397017,0.0265538280224181,0.0265501057206547,0.0265516320366401,0.0265580874422545,0.0265687616545982,0.0265826101234442,0.0265983371250786,0.0266144991074409,0.0266296196767065,0.0266423065718368,0.026651361375318,0.0266558738325803,0.0266552937637594,0.0266494747607311,0.0266386858202418,0.0266235899237403,0.0266051916043437,0.0265847578767851,0.0265637184632442,0.0265435526250309,0.02652567139697,0.0265113050175973,0.026501404997815,0.0264965685248646,0.0264969906458886,0.026502447747756,0.0265123141197588,0.0265256110915992,0.0265410851484809,0.0265573083619094,0.0265727925364078,0.026586107912231,0.0265959973912917,0.0266014774328084,0.0266019172416009,0.0265970893788117,0.0265871876212122,0.026572811020038,0.0265549157761657,0.0265347386451236,0.0265136976455944,0.0264932780572637,0.0264749133860433,0.0264598712929277,0.0264491534052586,0.0264434163159171,0.0264429196551918,0.0264475056605605,0.0264566124056914,0.0264693196382366,0.0264844229159238,0.026500529501549,0.0265161684517574,0.0265299067802131,0.0265404629214196,0.0265468083354322,0.0265482488031185,0.0265444789660023,0.0265356062349022,0.0265221424982568,0.0265049640606898,0.0264852424920287,0.0264643517283599,0.0264437591364989,0.0264249094645818,0.0264091105971467,0.026397429559798,0.0263906068241803,0.026388996261508,0.02639253626746,0.0264007545328004,0.026412805598628,0.0264275377643303,0.0264435842340938,0.0264594718886117,0.0264737393199498,0.0264850543174025,0.0264923207894669,0.0264947663910745,0.0264920041766708,0.0264840636183662,0.0264713883047816,0.0264548001187247,0.0264354327827875,0.0264146406018358,0.0263938901312304,0.0263746432821198,0.0263582407149796,0.0263457946993981,0.0263381004585437,0.0263355735733137,0.0263382182730629,0.0263456283538429,0.0263570200223918,0.0263712941773881,0.0263871237659044,0.0264030595367245,0.0264176454122397,0.0264295338136767,0.0264375918242712,0.0264409903363507,0.0264392695629725,0.0264323756042573,0.026420664779292,0.0264048753096786,0.0263860689371655,0.0263655473169665,0.0263447494749718,0.0263251378580338,0.026308081841968,0.0262947484021894,0.0262860091504623,0.0262823710570402,0.0262839358081758,0.0262903907397974,0.0263010325279908,0.0263148225511589,0.0263304698282981,0.026346534489624,0.0263615429325313,0.0263741054064311,0.0263830270633886,0.0263874038651741,0.0263866953749835,0.0263807680928094,0.026369905760243,0.0263547862004149,0.0263364268907923,0.026316103486151,0.0262952474531737,0.0262753310431438,0.0262577493559876,0.0262437093971492,0.026234134789091,0.0262295930414422,0.0262302507496663,0.026235860566756,0.0262457815185385,0.0262590310625119,0.026274364106971,0.0262903720789535,0.0263055942268589,0.0263186329380013,0.0263282643655969,0.0263335354408362,0.0263338391956284,0.0263289624246052,0.0263191023420357,0.0263048512185655,0.026287149972464,0.0262672138927275,0.0262464362449866,0.0262262777567083,0.0262081510398971,0.0261933088429658,0.0261827443875669,0.0261771115025741,0.0261766714437552,0.0261812713813181,0.0261903564514151,0.0262030139341299,0.0262180455901905,0.0262340625896421,0.0262495960955631,0.0262632149843324,0.0262736409173927,0.0262798509507131,0.0262811593003195,0.0262772720519586,0.0262683107081535,0.0262548024912675,0.0262376378043158,0.0262179982889375,0.0261972617564806,0.0261768920261972,0.0261583223202368,0.026142841027799,0.0261314888065351,0.0261249756833136,0.0261236252636172,0.026127350339839,0.0261356610660932,0.0261477044234614,0.0261623319564599,0.0261781909837779,0.0261938323109643,0.0262078255348807,0.0262188723010285,0.02622590856691,0.0262281883145013,0.0262253425069895,0.0262174084907996,0.0262048271213088,0.0261884077694446,0.0261692643149125,0.0261487274040414,0.0261282395826425,0.0261092410197871,0.0260930547221802,0.0260807808215256,0.0260732088661502,0.0260707550336955,0.0260734287088769,0.0260808307922134,0.0260921843216646,0.0261063957551974,0.0261221423377717,0.0261379781537169,0.0261524498096965,0.0261642124407304,0.0261721371880989,0.0261754018161267,0.0261735569237398,0.0261665619525185,0.0261547880212252,0.026138987760325,0.0261202349055963,0.0260998383429657,0.0260792371210596,0.0260598848649809,0.0260431333854489,0.0260301252548426,0.0260217037210725,0.0260183464353261,0.0260201278339792,0.0260267134360677,0.0260373870438836,0.0260511087126609,0.0260665982580541,0.026082437051461,0.026097180078963,0.026109469981739,0.0261181444718513,0.0261223284580573,0.026121503201691,0.0261155470208289,0.0261047447394845,0.0260897654206118,0.0260716098896803,0.0260515317009045,0.0260309376775274,0.0260112762749529,0.0259939229247317,0.0259800711875104,0.0259706377471165,0.0259661885921916,0.0259668927979401,0.0259725083441167,0.0259824012901459,0.0259955963048967,0.0260108540668792,0.0260267695426132,0.0260418839163588,0.0260548015334585,0.026064302136772,0.02606943881869,0.026069613686715,0.0260646255197808,0.0260546858727007,0.026040402147532,0.0260227286223723,0.0260028894024295,0.0259822799831899,0.0259623557264368,0.0259445159980597,0.0259299927060985,0.0259197519699048,0.025914417205838,0.0259142202562593,0.0259189843021619,0.0259281391488752,0.0259407670436844,0.025955675500701,0.0259714919369335,0.0259867728906418,0.0260001188138375,0.0260102848571796,0.0260162788990932,0.0260174395872156,0.0260134886216667,0.0260045529988564,0.0259911550563891,0.025974171035657,0.0259547617769784,0.025934281243259,0.0259141697773185,0.0258958399578635,0.0258805639471271,0.0258693717533395,0.0258629690403346,0.0258616809806056,0.0258654260775812,0.0258737217419522,0.0258857216104682,0.0259002824078721,0.0259160553259234,0.0259315942018205,0.0259454712681461,0.0259563911481831,0.025963294389317,0.0259654425092587,0.025962477464947,0.0259544503044951,0.0259418166389192,0.0259253997056963,0.0259063243255498,0.0258859268917855,0.0258656482273344,0.0258469179086444,0.0258310398507978,0.0258190887617868,0.0258118255217323,0.0258096375183624,0.0258125082393064,0.0258200187963029,0.0258313817926004,0.0258455048833654,0.0258610783755981,0.025876679309677,0.0258908838215532,0.0259023794764993,0.0259100691036554,0.0259131577568534,0.0259112155381643,0.0259042113018804,0.0258925149762879,0.0258768685884694,0.025858328017617,0.0258381795828485,0.0258178379482308,0.0257987338117385,0.0257822006015753,0.0257693689132982,0.0257610764683822,0.0257578005490331,0.0257596188237971,0.025766202441355,0.025776842141018,0.0257905048305014,0.0258059156586969,0.025821659198894,0.0258362922602007,0.025848459605583,0.0258570029557525,0.0258610539700715,0.0258601036075893,0.025854042650803,0.0258431704206028,0.0258281707986197,0.0258100571231029,0.0257900904240674,0.0257696780680516,0.0257502613419591,0.0257332007858538,0.0257196679031702,0.0257105517088852,0.0257063879970522,0.0257073174561637,0.0257130758219014,0.0257230160911372,0.0257361604105823,0.025751277630583,0.0257669809504696,0.025781838196736,0.0257944856625081,0.0258037360226621,0.0258086718104623,0.0258087175740611,0.025803685391028,0.0257937899831395,0.025779631832689,0.0257621495654783,0.0257425457027617,0.0257221918656449,0.0257025205982929,0.025684911792165,0.0256705825677874,0.0256604898485854,0.0256552539316343,0.025655109108188,0.0256598847290312,0.0256690179183778,0.0256815973411626,0.0256964352944175,0.0257121626723396,0.0257273388024112,0.0257405667934462,0.0257506050938258,0.0257564667330422,0.0257574985549189,0.0257534338216711,0.0257444135151821,0.0257309745792525,0.0257140064645609,0.0256946798010575,0.0256743527561041,0.0256544621981554,0.025636408393511,0.0256214429925029,0.0256105697125943,0.0256044654284667,0.0256034272362814,0.0256073492464509,0.0256157311989044,0.0256277187491991,0.0256421722791333,0.0256577581827873,0.0256730547945642,0.0256866646162901,0.0256973245400782,0.025704005759812,0.0257059953113763,0.025702952414941,0.0256949351514946,0.0256823957572896,0.0256661451611069,0.0256472892897079,0.0256271416740328,0.025607119158135,0.0255886293609038,0.0255729591442282,0.0255611726935173,0.0255540267127092,0.025551909277896,0.0255548077543587,0.02556230909018,0.0255736326637888,0.0255876926002737,0.0256031841195058,0.0256186871724846,0.0256327796666967,0.0256441515137551,0.0256517100149244,0.0256546675773243,0.0256526045953308,0.0256455027999453,0.0256337466762359,0.025618092650624,0.0255996081700684,0.0255795856160491,0.0255594384758778,0.0255405884955336,0.0255243526463642,0.0255118383864859,0.0255038553763002,0.0255008511043152,0.0255028760404664,0.0255095809502233,0.0255202458320291,0.0255338375632944,0.0255490917903852,0.0255646131481692,0.0255789861565281,0.0255908876900225,0.0255991916582574,0.0256030576419188,0.0256019969758749,0.0255959114228206,0.0255851012101893,0.0255702413887221,0.0255523283138563,0.0255326008193194,0.0255124425263348,0.0254932726820851,0.0254764335898039,0.0254630834150573,0.0254541033835518,0.0254500273237782,0.0254509991463583,0.0254567611158805,0.0254666735403944,0.0254797647138622,0.0254948078752547,0.0255104193366197,0.0255251695225471,0.0255376974639036,0.0255468195057103,0.025551623920789,0.0255515441030335,0.025546404208736,0.0255364331443781,0.0255222457460515,0.0255047930872769,0.0254852862402214,0.0254650994365232,0.0254456599954085,0.025428333837432,0.02541431626822,0.0254045372107902,0.0253995882270791,0.0253996764135811,0.0254046083692831,0.0254138057497036,0.0254263517056422,0.0254410645867673,0.0254565924945004,0.0254715206089341,0.0254844828413945,0.0254942695513854,0.0254999232153598,0.0255008143244493,0.025496691134405,0.0254876993207026,0.0254743703694904,0.0254575798625828,0.0254384786657037,0.025418401953259,0.0253987631587649,0.0253809416507751,0.0253661733854159,0.0253554529819062,0.0253494544141655,0.0253484764267313,0.0253524175554847,0.0253607835021588,0.0253727264817852,0.0253871129435177,0.0254026137897103,0.0254178100206198,0.0254313059219455,0.0254418410184615,0.0254483914797728,0.0254502523023073,0.0254470935565785,0.0254389865381449,0.0254263979988628,0.0254101527376786,0.0253913672072902,0.0253713595247243,0.0253515436235944,0.0253333164294973,0.0253179468780929,0.0253064750774222,0.025299629446482,0.0252977688421701,0.0253008547710247,0.0253084557624951,0.0253197828125474,0.0253337524701408,0.0253490726706868,0.0253643450925362,0.0253781762262905,0.0253892880573611,0.0253966191555198,0.0253994082030796,0.0253972538467026,0.0253901464933912,0.0253784693549791,0.0253629682473746,0.0253446924649045,0.0253249117451862,0.0253050161035214,0.0252864061284481,0.0252703818461049,0.025258038828792,0.0252501803108285,0.02524725288971,0.0252493109302943,0.0252560119836498,0.025266643269339,0.0252801774979732,0.0252953543131629,0.0253107811413381,0.0253250449758079,0.0253368255778377,0.0253450009496933,0.025348737018255,0.0253475545925208,0.0253413679700284,0.0253304916703254,0.0253156147377781,0.0252977451101431,0.025278128854159,0.0252581505711945,0.025239222551829,0.025222671548429,0.02520963273982,0.025200959806818,0.0251971580697751,0.0251983452802991,0.0252042427061177,0.0252141974472795,0.0252272347452747,0.0252421362139568,0.0252575372405809,0.0252720352733437,0.0252843004745796,0.0252931805515912,0.025297791876351,0.0252975895337293,0.0252924103897593,0.0252824857609338,0.0252684230575787,0.02525115807836,0.0252318814280143,0.0252119443668292,0.0251927514385915,0.025175648793474,0.0251618174198828,0.0251521795399781,0.0251473250267416,0.0251474634967235,0.0251524064257496,0.0251615814716551,0.0251740780731039,0.0251887202278212,0.0252041601630069,0.0252189855310147,0.0252318321036382,0.0252414932182189,0.025247016866351,0.0252477821060715,0.0252435485578725,0.0252344753673501,0.0252211083883261,0.0252043364336414,0.0251853197629165,0.0251653966092916,0.0251459757627007,0.0251284242135352,0.025113958630896,0.0251035487660835,0.025097840255441,0.0250971033667271,0.0251012122540706,0.0251096562475956,0.0251215815518557,0.0251358594371246,0.0251511756211771,0.0251661343341749,0.0251793691289472,0.0251896513758773,0.0251959874259915,0.0251976967872344,0.0251944656099228,0.0251863715882874,0.0251738781166979,0.0251577977490561,0.0251392277843367,0.0251194634125841,0.0250998955029719,0.0250819007907049,0.0250667325851155,0.0250554205355592,0.0250486879363657,0.0250468937476625,0.0250500039603039,0.0250575940707354,0.0250688821486064,0.0250827902324749,0.0250980298684432,0.0251132052425203,0.0251269252510694,0.0251379149728808,0.0251451175334707,0.0251477785793292,0.0251455068356123,0.0251383056395207,0.0251265725095742,0.025111066784031,0.0250928483679304,0.0250731928391109,0.0250534895393491,0.0250351304051157,0.0250193984233941,0.0250073651437555,0.0249998058755891,0.0249971391078751,0.024999394237052,0.0250062096820188,0.0250168617587363,0.0250303225566317,0.0250453423179938,0.0250605492612496,0.0250745583902383,0.0250860807326823,0.0250940249263231,0.0250975835137986,0.0250962969663602,0.0250900900075402,0.0250792773516267,0.0250645387712145,0.0250468656790769,0.0250274831380859,0.0250077529529999,0.0249890654140574,0.0249727286906608,0.02495986501982,0.024951321724175,0.0249476035585549,0.0249488315677896,0.024954732260143,0.0249646587161063,0.0249776421637016,0.0249924694494454,0.025007779736421,0.0250221728024323,0.0250343208023615,0.0250430748114106,0.0250475572769019,0.0250472324447844,0.0250419490125551,0.0250319519436224,0.0250178627689059,0.025000629775191,0.024981451740137,0.0249616814019965,0.0249427169273358,0.0249258904643747,0.0249123624722014,0.0249030296737015,0.0248984537272009,0.024898816681268,0.024903907240799,0.024913138820199,0.0249255972319847,0.0249401136275097,0.024955357012837,0.0249699395855103,0.0249825268621002,0.0249919436047283,0.0249972667466392,0.0249978979989005,0.0249936108632832,0.0249845686531081,0.0249713118918838,0.0249547156683934,0.0249359202565305,0.024916240831909,0.0248970636428181,0.0248797365241962,0.0248654618546308,0.024855200319385,0.024849593651729,0.0248489131099214,0.0248530378171065,0.0248614641798573,0.0248733453068237,0.0248875576386874,0.0249027901703498,0.0249176494155655,0.0249307713153185,0.0249409305700811,0.0249471385533264,0.0249487223299519,0.0249453786829547,0.0249371985675053,0.0249246596331172,0.0249085874266741,0.024890088840266,0.0248704634794917,0.0248510998725272,0.0248333644166923,0.0248184919294907,0.0248074870602114,0.0248010448745575,0.0247994967151395,0.0248027849015498,0.0248104677805711,0.024821754935597,0.0248355702948102,0.0248506382419208,0.0248655854025067,0.0248790495165611,0.02488978684526,0.0248967701730626,0.0248992700441874,0.024896912650157,0.0248897094203024,0.0248780559510288,0.0248627007078788,0.024844686170938,0.0248252667591902,0.0248058095167511,0.024787685339133,0.0247721598043315,0.0247602926672964,0.0247528538132873,0.0247502617865552,0.024752549575587,0.0247593608828167,0.024769977906089,0.0247833786130342,0.0247983184766908,0.0248134296634529,0.0248273298487639,0.0248387324897453,0.0248465500085753,0.0248499813112348,0.0248485761277267,0.0248422709174195,0.0248313937914162,0.0248166382870873,0.0247990078735157,0.0247797352748851,0.0247601831486732,0.0247417346246046,0.0247256829041271,0.0247131285747812,0.0247048922933381,0.0247014495816793,0.0247028933094089,0.0247089272982947,0.0247188913809023,0.0247318151304061,0.0247464953265834,0.0247615910755668,0.0247757296255453,0.024787614874834,0.024796129824951,0.0248004245885151,0.0247999831328222,0.0247946639952879,0.0247847120378116,0.0247707399969762,0.024753680710541,0.0247347135598708,0.0247151711504442,0.0246964337671829,0.0246798196761044,0.0246664795444418,0.0246573034580478,0.0246528487013017,0.0246532948563134,0.0246584299026178,0.0246676678338916,0.0246800958192827,0.0246945471599652,0.024709694570666,0.0247241563727692,0.0247366066522684,0.0247458801725325,0.0247510639107428,0.0247515687120615,0.0247471759945454,0.0247380557978488,0.0247247543566573,0.0247081519303259,0.0246893941852142,0.0246698023069853,0.0246507682625393,0.0246336428349317,0.0246196254076776,0.0246096652715292,0.024604383560543,0.0246040227263194,0.024608427598318,0.0246170594081097,0.0246290416896541,0.0246432342036618,0.0246583279983608,0.0246729523471665,0.0246857836133644,0.0246956471307271,0.0247016050161354,0.0247030245262737,0.0246996230466204,0.0246914874741581,0.024679067645291,0.024663144976699,0.0246447781894984,0.0246252283049095,0.0246058660001757,0.0245880663294428,0.024573098122106,0.024562017052472,0.0245555720018414,0.0245541341694314,0.0245576575656412,0.0245656774714519,0.0245773494669319,0.0245915260095045,0.0246068618416263,0.0246219355506985,0.0246353732377498,0.0246459611524437,0.0246527366749106,0.0246550508659239,0.0246526006491607,0.0246454334823874,0.0246339304742039,0.0246187742061296,0.0246009054119139,0.0245814697130326,0.0245617533409284,0.0245431059124294,0.0245268490768388,0.024514172488438,0.0245060231861923,0.0245030001844203,0.0245052706888975,0.0245125253556664,0.0245239861781757,0.0245384726162691,0.0245545213861565,0.0245705449985278,0.024585005605376,0.0245965761236385,0.0246042620765746,0.0246074660142573,0.0246059900704243,0.0245999870881425,0.0245898820593879,0.024576290056586,0.0245599534152813,0.024541710753392,0.0245224961916716,0.0245033529803985,0.0244854364839424,0.0244699810182814,0.024458214340496,0.0244512200032492,0.0244497663179718,0.0244541361164853,0.0244639998111183,0.0244783727097506,0.0244956847603711,0.0245139676406011,0.0245311345216058,0.0245452996186887,0.0245550670820156,0.0245597193653577,0.02455925651404,0.0245542760210462,0.0245457281939634,0.02453462057585,0.0245217629452581,0.024507633053428,0.0244924038705551,0.0244761182254932,0.0244589456113086,0.024441426490883,0.0244246109127896,0.0244100285961758,0.0243994760022685,0.0243946578154022,0.0243967627223754,0.0244060778543603,0.0244217488202407,0.0244417718857517,0.0244632618140788,0.0244829755940349,0.0244979970114233,0.0245064177814943,0.024507814743426,0.0245033463978223,0.0244953872229818,0.0244867665011656,0.0244798303842008,0.0244756375273776,0.0244735804819149,0.0244715901387261,0.0244668739536178,0.0244569420440394,0.0244405707345139,0.0244183838325969,0.0243928791801121,0.0243679205969761,0.024347868146904,0.0243365808052384,0.0243365022178915,0.0243479853014712,0.0243689791981964,0.0243952020457777,0.0244209066298633,0.0244402416046462,0.0244489894326357,0.0244461889704036,0.0244349795887371,0.0244220996687735,0.0244158978301788,0.0244233513011371,0.0244471492344044,0.0244840698104288,0.0245254852488607,0.0245599756106764,0.0245770985733765,0.0245708207056482,0.0245412718055382,0.0244942810149538,0.0244391745509914,0.0243860037849337,0.0243433609676247,0.0243172861624118,0.0243109430914669,0.0243243389716657,0.0243537010496152,0.0243909785423209,0.0244246368833872,0.024442747534209,0.0244381460525147,0.0244137023871758,0.0243846445857567,0.0243754191517552,0.0244109323174394,0.0245051963409265,0.0246526184338898,0.0248268398969755,0.0249888455256827,0.0251014040262203,0.0251432792075656,0.0251163178153651,0.0250420230281877,0.0249498410866769,0.0248639214843852,0.0247957262686149,0.0247459476199536,0.0247129917028053,0.0247007548893486,0.0247187911025325,0.0247735005109687,0.0248563637212173,0.0249394008286217,0.0249852832230915,0.0249704152841832,0.0249089678874588,0.0248613155787197,0.0249160728523601,0.0251493370792681,0.0255800993164728,0.0261472609462181,0.0267254852622755,0.0271768887240922,0.0274141166726806,0.0274408356697246,0.027345586205503,0.0272504731647134,0.0272431810531246,0.0273325211980378,0.0274551921045336,0.027530252751356,0.0275262846154724,0.0274950145809745,0.0275440052329323,0.0277608121689711,0.0281374493751976,0.0285517548102832,0.0288317822794773,0.0288755531455333,0.0287542133354331,0.0287233271318738,0.029113707163626,0.0301471182730356,0.0317792386879848,0.0336725717760809,0.0353366790641156,0.0363744602340533,0.0366996412088655,0.0365924027838644,0.0365456053172321,0.0369789388840611,0.0379874174298416,0.0392830825678374,0.0403792368186621,0.0409149845270547,0.040917990492551,0.0408253757646012,0.0412251205389298,0.0424631338493852,0.0443686681047918,0.0463030413511431,0.0475459014549605,0.0478074388693634,0.0475390195939098,0.0478001070407695,0.049696696236273,0.0536893806531257,0.0591957995121732,0.0647804673929059,0.068888698880421,0.0707329185082265,0.0708006479500213,0.0706350837099717,0.0719596860186411,0.0756353657677094,0.0810876832856577,0.0866005005686385,0.0903565551637023,0.0916175517938639,0.0912934628203493,0.0914796062853264,0.0941739748485861,0.0999433472391964,0.107414420392827,0.114011623035903,0.117588260324468,0.117975068698029,0.117418298910375,0.119487502869786,0.126975691604231,0.1400208236691,0.155671578457213,0.169332260082001,0.177374106798901,0.179390322173388,0.178652657079256,0.180333936493335,0.188434551702682,0.203243102728474,0.220960377494704,0.235864923208032,0.243818264873942,0.244980242942402,0.243963022464471,0.247157307886876,0.258744524074288,0.277857707647335,0.298806364754766,0.314464946499665,0.320895134347006,0.320313099950956,0.320334785741113,0.329656164150898,0.352629481974117,0.386099436898063,0.420681241773467,0.446010173022739,0.456963297472884,0.45705284567424,0.456717495110086,0.467269871364456,0.493996235582499,0.532631153694084,0.571572114894962,0.598752314053315,0.609113019986091,0.608019990081218,0.608283792693286,0.622374052621604,0.654540570721725,0.697828340668143,0.738090117690924,0.762762930495337,0.769074197019704,0.766472133569062,0.771464840784338,0.797713515846594,0.847321233718867,0.908807799374134,0.96337488744536,0.995984591412362,1.00460926004916,1.00185076847157,1.00764590369881,1.03728038666302,1.09197819318167,1.15791189025675,1.21438289745559,1.24627973337888,1.25323915375493,1.24988435709417,1.25692326877596,1.28847823307819,1.34338655479974,1.40587514688575,1.45531673333071,1.47914889308117,1.48096787765869,1.47867773163701,1.49369724091501,1.53780994320173,1.60576140488013,1.6781851609419,1.73308577514888,1.7588911220754,1.76119623898214,1.75921752196639,1.77420491306388,1.81683510312742,1.88110432912516,1.94822970246152,1.99801660720406,2.02072351478228,2.02231771336492,2.0201934372706,2.03228147495814,2.06637212374505,2.11606098624838,2.16542676511727,2.19917693335194,2.21188402301615,2.21083575529666,2.21114581756849,2.22645077127708,2.26093959519924,2.30733787176522,2.35168385541701,2.38168828234596,2.39357537750089,2.39354822604165,2.39345518968062,2.4036472076063,2.42737298765732,2.45973593688608,2.49128672244641,2.51367148748545,2.5239211560043,2.52520202027322,2.5241488252986,2.52678741810936,2.53550901557793,2.54855363399753,2.56181327093473,2.57152488067412,2.57621948959765,2.5770426422004,2.57664248450447,2.57754832430277,2.58100379694801,2.58672137354548,2.5934134290619,2.59960596569497,2.60426804840305,2.60705191438122,2.60820587039436,2.60834594053978,2.60824491278373,2.60869896235639,2.61044405184161,2.61405590849666,2.61978479220869,2.6273443233648,2.63577071080017,2.64353588075343,2.64904949348889,2.65147500513885,2.65148997195036,2.65144685213246,2.65455444203334,2.66323666837736,2.67747288054678,2.69422320203856,2.70864229686391,2.71675682214504,2.71819226736799,2.71715053768171,2.72060878412514,2.73436117532817,2.75910321692423,2.78915734381405,2.81515142018274,2.8295533554526,2.83188151730596,2.83012761206365,2.83692170335528,2.86221884585614,2.90677200153408,2.96062607982006,3.00807932037481,3.0365838170591,3.04437667365869,3.04205721392852,3.04678164552977,3.07223401709882,3.12029693244673,3.1795708856734,3.23188311737571,3.26303896289395,3.27133298320351,3.26856743839437,3.27287748367802,3.29773224603369,3.34385887785512,3.39900091802986,3.4455490480079,3.47126621994331,3.4765584146877,3.47401254353187,3.48070356575941,3.5080721060431,3.55542915954088,3.61074010794601,3.65788069033,3.68580519366509,3.69422804165314,3.69282727194707,3.69497473490331,3.71006670486615,3.73891417471211,3.77439399364331,3.80630216751492,3.8271391536063,3.83553876867661,3.8358976215296,3.83509640417332,3.83860800639864,3.84814527572866,3.86171190525261,3.87545735766373,3.88595628335996,3.89169401142767,3.89329418912159,3.89277987482369,3.89250317448994,3.8942761152644,3.89892595271852,3.90624320526424,3.91519567302391,3.92429499692704,3.93203194512665,3.93730563646744,3.93977683554471,3.94008689049074,3.939880503247,3.94154211163162,3.94755615806874,3.9595251554296,3.97715015469969,3.99775123455457,4.01690799928994,4.03033651831535,4.03631024019424,4.03726543234711,4.03929632602915,4.04927169703464,4.07084418213765,4.10169261255471,4.13403801375857,4.1587017008791,4.17067152948659,4.1728109305016,4.17505930648872,4.18905215198497,4.22105453454405,4.26752675029486,4.31640753486987,4.35383360475858,4.37250955470367,4.37658658063858,4.37977337381092,4.39750024979429,4.43774019214912,4.49607749122446,4.55807784612266,4.60752443913059,4.63550632385715,4.64494721942195,4.64812510052357,4.65906419070936,4.68560065070322,4.72572040795509,4.76982161310324,4.80691193541064,4.83069706653234,4.84213172744258,4.84759198685244,4.85452323164102,4.86752473165148,4.88692299686382,4.90990923173856,4.93274963841573,4.95239001222533,4.9668587408511,4.97515657956846,4.97759929208482,4.97661878106742,4.97689505526943,4.98371050136657,4.99981923620457,5.02277073886274,5.04499178519986,5.05740004763163,5.05480444462223,5.03971037842648,5.02179687210358,5.01296837952798,5.020665476032,5.04326133530675,5.07040752635554,5.08863143758852,5.08932585492644,5.07430331162534,5.05512191387183,5.04624500718919,5.05620996417292,5.08241585402508,5.11285151103699,5.13359012299825,5.13718776973778,5.12676841886472,5.11373503072364,5.11114202242145,5.12669221600989,5.15867248912072,5.19674085434981,5.22767532114887,5.24329688552686,5.24559916080892,5.24542249938205,5.25535336937619,5.28154350945247,5.3198888672704,5.35904375989066,5.38807410411506,5.40338656600627,5.4103748692209,5.4194485035986,5.43975904150065,5.47387052043624,5.51520530014573,5.55032393453658,5.56678521182373,5.56235314131854,5.54827652228157,5.54300839167654,5.5600535136883,5.59835151127908,5.64221269281144,5.67132739264461,5.67413045204852,5.65511643928864,5.63129173559044,5.6214224598012,5.63585646045843,5.67134565675592,5.71185150185186,5.73643975912699,5.73213300539,5.70333057406761,5.66985867309121,5.65429521688293,5.66748246081358,5.70223477963109,5.73913627467947,5.7597879037463,5.75780137509631,5.74009034827135,5.71946594113285,5.70667680531915,5.70762315766665,5.72335884564451,5.7496351405134,5.77801829708942,5.80000613180461,5.81098471337212,5.81114357946,5.80420522069029,5.79622137621828,5.79491946932447,5.80814326141857,5.84013048896027,5.8866894189859,5.93319455213741,5.96003492173071,5.95552085575221,5.92748224984139,5.90198811470563,5.90781734116124,5.95780852348237,6.0396847733134,6.12160869000542,6.16941196178936,6.16633771447891,6.12407237241771,6.07779527460064,6.06684640216319,6.11146420461975,6.19932216548109,6.29090842854805,6.34215242115116,6.3314924773168,6.27402856432207,6.21267755401629,6.19169739310409,6.22969879563809,6.30884810639592,6.38625419530491,6.42016058009926,6.39505089001549,6.33065046238802,6.2695778351585,6.25134266033489,6.28865639121863,6.36048870103096,6.42586139431697,6.44949805870539,6.42320558277474,6.36982472650065,6.32783237026706,6.3269193490785,6.37020804059586,6.43396176690201,6.48410916030246,6.49830288390304,6.47928692842688,6.45159759277914,6.4446561312577,6.47383439831197,6.53170284206231,6.59435467156533,6.63762836720195,6.65203208133606,6.64695238810909,6.64255957686483,6.65598778801486,6.69137628741637,6.73966396217172,6.78677959554563,6.82338282251586,6.84924632353136,6.87027816179161,6.89200002779327,6.91546374104016,6.93864238291175,6.96106768074698,6.9865228666385,7.02046988617589,7.06396792154245,7.1097049374458,7.14481360874567,7.15969654593564,7.15649939349808,7.15017513793379,7.16031385847562,7.1986020799636,7.25965263225469,7.32134837010977,7.35635187094732,7.34945274465164,7.30949028498352,7.26629639976188,7.25312878946374,7.2857401013962,7.3521239355975,7.41995388088225,7.45679956431653,7.44960663142458,7.41077214929272,7.36819634554941,7.34823035252886,7.36329367804845,7.40879284990698,7.46724345463113,7.51694180036637,7.54216040800063,7.53990457991689,7.519887193879,7.49907080646684,7.49469517426035,7.51856062348659,7.57316159757018,7.64968922214281,7.72894678047963,7.78694436906732,7.80551472657601,7.78431884899464,7.74631181037439,7.7293445455308,7.76532024619073,7.85918282168987,7.98235202182364,8.08647603095683,8.13046324619485,8.10507858439553,8.03994707578243,7.98766078497109,7.99348905801862,8.06855247042498,8.18293331411842,8.2833322922279,8.32472856357771,8.29672058012117,8.22857899771883,8.17045076680316,8.16297257659499,8.21427015961914,8.29784862117975,8.37117236882479,8.40196226645381,8.38553153599197,8.34360730956377,8.3076382094764,8.29900406132008,8.31894749068867,8.35298717835628,8.38427313136087,8.40510840331746,8.41886904273896,8.43281195591998,8.4491764014533,8.46249384619778,8.46527232612764,8.45706361660656,8.44884604266653,8.45781846206874,8.4950155917632,8.55468957136109,8.61471650731694,8.64971193456378,8.64841340537891,8.62270017552545,8.60110972668709,8.61075639474958,8.65991558217085,8.73311737762392,8.80169445084531,8.84186023189739,8.84779736774569,8.83239141131726,8.81789768312829,8.82375784071304,8.85731102427362,8.91122535600046,8.9692955960945,9.01656951633254,9.04603188199353,9.05808885372029,9.05624335287662,9.04475288886842,9.03015500431501,9.02308549922752,9.03538130134893,9.07175481094152,9.12195499749023,9.16204010197028,9.16778554852371,9.13226707530325,9.07375507314221,9.02644661849306,9.01949549767665,9.05808678344509,9.11909648201974,9.16486578041243,9.16690774804476,9.12423628985275,9.06393975742452,9.02338284196133,9.02603421590655,9.06730176682299,9.11958370438395,9.152143088006,9.15129809855567,9.12706359608274,9.1029344922648,9.09778077322721,9.11369320036073,9.13791292099572,9.1556335205116,9.16243626308485,9.16638652385114,9.17889299530993,9.20278204517775,9.22817529055356,9.24009832034832,9.23176552934534,9.21232740793245,9.20186615248332,9.21657217338337,9.25526743886555,9.29805322327243,9.31891446739208,9.30351425266157,9.25943828767685,9.21171522392683,9.18685239964701,9.19612125997981,9.22893574747789,9.26040620745981,9.26758006584589,9.24296556853777,9.19655037675541,9.14665175460942,9.10786978206456,9.08496327906766,9.07510686456344,9.07373845003427,9.07725483065461,9.0805227615832,9.07394010068787,9.04651889524185,8.99524593694229,8.93271017110216,8.88416325714416,8.87323169415368,8.9047784098935,8.95692347537124,8.98990392523154,8.96903891846379,8.8884330620284,8.77906635171779,8.69336820669025,8.67377965412439,8.72475553130117,8.8071338582761,8.86007874221097,8.83765245777714,8.73695461788969,8.59991713771147,8.48786714335519,8.44526847709511,8.47518449260072,8.54051002507803,8.58825747471432,8.58045590457146,8.51296994556419,8.41301893080002,8.32003863716519,8.26348184705493,8.25032536320562,8.2666813343478,8.28884416627104,8.2953434991312,8.2741560337625,8.22439312395017,8.1548349345484,8.08105309031832,8.02088386511766,7.98792177327046,7.98491983064561,8.00083395298706,8.01443243492355,8.00417201602461,7.95997250052902,7.88988885665625,7.81645551303761,7.76398670815316,7.74478131272301,7.75329647612886,7.77165118961693,7.78167851411038,7.77448481263942,7.75135473289176,7.71754261227687,7.67653959650689,7.63094668973736,7.58791804304502,7.56095518655489,7.56298903222644,7.59469934934265,7.63774349858896,7.66053558429954,7.63592975997277,7.5606685717443,7.4626333644787,7.38811675147224,7.37468665082035,7.42649947680644,7.5092001403735,7.56940381826602,7.56711925376527,7.50018419496348,7.40480810251928,7.33234402588516,7.31811203424476,7.3624766591422,7.4348639382147,7.49546407489966,7.51860193346706,7.50315910494188,7.4665675992062,7.43048013516012,7.4097147168575,7.41018235282247,7.43255326075688,7.47449617932661,7.528302116406,7.57795711749065,7.60255910993737,7.58783118402947,7.53864437719503,7.48157535508803,7.45242194381453,7.47491378625294,7.54413027779532,7.626311409565,7.67741163010117,7.67027486808097,7.61236745807131,7.54084372185747,7.49781302349083,7.50336006444137,7.54516856684979,7.59075731711097,7.61164969288585,7.60096950063202,7.57250827729741,7.54476001570192,7.52531093614064,7.50910271649955,7.48985268587171,7.47124785694894,7.46598522494897,7.48319286617554,7.51553005348042,7.53831005418059,7.52420518766644,7.46438187265417,7.37985041781702,7.31210345138826,7.29703815302632,7.33960918173558,7.40777630122573,7.45139304387545,7.43394756488928,7.35569307567829,7.25268708332343,7.17310047233836,7.1474679476399,7.17251651191729,7.21749972852023,7.24617077291525,7.23819419964711,7.19675591623475,7.14070097126216,7.09014552213344,7.05656433049181,7.04186740397741,7.04272099155427,7.05356394233327,7.06590889594228,7.06752259845598,7.04636468285509,6.99900003646976,6.93671893258776,6.88222020393917,6.85713721958995,6.86860538383488,6.90357601686984,6.9345363759901,6.93489348315414,6.89603435536103,6.83395171907391,6.77899806498495,6.75551203429604,6.76649616612889,6.79440523268255,6.81624646954746,6.82034619281314,6.81178998239109,6.80357841507158,6.80261980925697,6.80369253084996,6.79670681018591,6.77972400654376,6.76449878062351,6.76831225352682,6.79847770198813,6.84274894974653,6.87477482839803,6.87208404125014,6.83361863360374,6.78293069311866,6.75329558228239,6.76479620020354,6.81005689914321,6.85922456919673,6.88051257819743,6.86121103782586,6.81428645630233,6.76702938875006,6.74149315016051,6.74146307032588,6.75423703659003,6.76350091849181,6.76171023657879,6.75236429403873,6.74216905522679,6.73201922581124,6.71607492700784,6.68968101338497,6.65769332975502,6.63382798899721,6.62996089872548,6.64429054794656,6.6596805712234,6.65551184028841,6.62433110225295,6.57908276686843,6.54367427594736,6.53402134558824,6.5453381302672,6.55574577224191,6.5427049299052,6.500011226172,6.44333104363501,6.39958271012053,6.38693076373897,6.40028146221613,6.4140006684771,6.40045995050331,6.35054449662197,6.28064586661515,6.22110879769099,6.19515190649929,6.20392074821341,6.22780573116722,6.24148543526805,6.23060089520271,6.19847094111718,6.16020434455368,6.13098435032712,6.11794952562313,6.12006967339669,6.13305140871764,6.15308205143244,6.17623818118406,6.19600331630129,6.20382820665063,6.19453722504617,6.17266012125222,6.15319207215903,6.15392310687257,6.18364151977048,6.23491870695262,6.28753258674625,6.32064483111398,6.32519433302011,6.3081853476753,6.2869512897358,6.27817826617469,6.28890511951544,6.31471381299924,6.34528818028733,6.37208528556508,6.39172044371648,6.40345256870658,6.40510456006048,6.39289514989516,6.36616208848599,6.33237244258524,6.30647188191406,6.30298258130242,6.32575123575446,6.36321394068357,6.39357481871571,6.3970665392891,6.36744738923404,6.31572082462491,6.26427760027505,6.23522025647655,6.23936610494664,6.27137126690895,6.31276709850453,6.34082393911107,6.33895431239704,6.30425662121902,6.24915001518118,6.1962177329731,6.16802990909518,6.17625577109719,6.21548700614126,6.26554035012533,6.30167327664706,6.30737456273964,6.28244827073454,6.24179184459504,6.20608606277953,6.19054034617472,6.19841710841119,6.22220725268775,6.25015290843202,6.27293635875095,6.28641947699219,6.29012676689417,6.28454344733935,6.27051049406848,6.25110859061211,6.23329397275788,6.22623278277173,6.23622376526007,6.26168876201895,6.29254540232254,6.31526400521622,6.32047539512471,6.30800088778182,6.28626011526538,6.26714727231227,6.26017143514029,6.26915995255965,6.29216458252738,6.32296579778019,6.3525587529113,6.37072908512613,6.36901714467406,6.3452720028441,6.30734004724602,6.27204090561753,6.25772195323465,6.27352435534394,6.31225341252684,6.35271492220545,6.37137346881321,6.35630717516952,6.31411538320199,6.26498964933245,6.22950361158013,6.21646938971376,6.21993350027357,6.22619389496071,6.22444268198314,6.21282288194418,6.19625625613574,6.1793447153111,6.16133771557241,6.13771727850752,6.10662103844295,6.07367520696905,6.04998360490048,6.04406741033179,6.05420634491,6.06788521833366,6.06952336287945,6.05096950026736,6.01699096784635,5.98195199513116,5.96059872789832,5.95981238117733,5.97650718904765,6.00153352459574,6.02525475929478,6.04064968329477,6.0434236937955,6.03175215741843,6.00781505215953,5.97989863663068,5.9613610912051,5.96439026916005,5.99142293915641,6.03083741383576,6.06187580806438,6.06702837791889,6.04356981170138,6.00549576264506,5.97391854575462,5.96281368361092,5.97054581000564,5.98298088758969,5.98511429643469,5.97193400527078,5.95028770992945,5.93101213445185,5.91858577390819,5.90738556452234,5.88763950072473,5.8555647808303,5.81846918609114,5.78996071684585,5.77900265923253,5.78192819237088,5.7841404712911,5.77025475680774,5.73475181534782,5.68528022751104,5.63700525413077,5.60315269216733,5.5886547972578,5.58996227302417,5.59882087093177,5.6058581583296,5.60219601784344,5.58074564748454,5.5393278957379,5.48462545048408,5.4327036737877,5.40265438427265,5.40529720678408,5.43441732273559,5.46813769671583,5.48133037480571,5.46129977731627,5.41566401059132,5.36672263021652,5.33656430064803,5.3337273512191,5.35041647132759,5.37090088677607,5.38336930145651,5.38570038543954,5.38175792155911,5.37350897351433,5.35760798285417,5.33010968582236,5.29446237898597,5.26396180426847,5.2543247363245,5.27114688270249,5.302563237827,5.32419108052712,5.31386141104311,5.26578651049863,5.19419322732037,5.1244588620575,5.0786040596954,5.06478606979288,5.0759342694934,5.09558807711654,5.10536673432074,5.09033732447985,5.04258189657596,4.96467366964099,4.87218492600639,4.79124272451553,4.74823864254341,4.75485386252612,4.79775893036082,4.84219604505171,4.85025899452012,4.8035540920103,4.71511424431413,4.6218393327983,4.56219300095349,4.55410214221436,4.58720023071313,4.63282675995075,4.66297304317337,4.66455085344031,4.64092036467201,4.6033964717737,4.56227634671325,4.52456125506308,4.49725320750359,4.48924950684599,4.50692218463138,4.54611860575775,4.58881578772192,4.61022499015096,4.59343765307745,4.54140226365371,4.47683927823607,4.42934700526886,4.41840486730078,4.4436134759177,4.487539314489,4.52725809278222,4.54566474779655,4.53614754627482,4.50096256271764,4.44812497554141,4.39026677213119,4.3440318255444,4.32593962579461,4.34367626936405,4.38791934759885,4.4326475287864,4.4472999746896,4.41480881148737,4.34326153570051,4.26201003220551,4.20402698337787,4.18653746744061,4.20290306477512,4.22994445351137,4.24393512809672,4.23360343303559,4.20235992664704,4.1609518734246,4.11856774547372,4.07972330798034,4.04739907485479,4.02668331935674,4.02336975998042,4.03794579970222,4.06107091626063,4.07632535985214,4.06980280618028,4.03969310464796,3.99828016826218,3.96454262893946,3.95281572598227,3.96559529028425,3.99464036283875,4.02783154364032,4.05556381147423,4.07247636216021,4.07555586395132,4.06294796612023,4.03610598037649,4.0030861581291,3.97801193953105,3.97433017671996,3.99549152153564,4.03042920248194,4.0586436545701,4.06237883009675,4.03738171139351,3.99446279043165,3.95126269486543,3.92110674676534,3.907018323705,3.90352161263251,3.9026725424779,3.89890970914318,3.88985925317299,3.87427327391616,3.85060645051487,3.8184285206373,3.78122411151028,3.74694401123282,3.72440418833686,3.71770232901762,3.7231713245497,3.73157476203487,3.73388638702955,3.7261442189464,3.71007887059476,3.69013334750248,3.67031712751553,3.65357424840039,3.64311736719092,3.64290898298229,3.65543090496734,3.67811219638461,3.70209014196229,3.71581005640689,3.71188013231476,3.69219265019163,3.66706808755417,3.6487995085996,3.6444485486899,3.65309280685917,3.66873110338551,3.68537996821223,3.69969754650995,3.70966115030366,3.71219518649251,3.70370309244149,3.6838984544377,3.65895049851438,3.63978130042643,3.63569596709484,3.64791558708085,3.66805285698357,3.68295878940961,3.68261407718129,3.66556305478048,3.63852207003578,3.6113831296186,3.59192546536403,3.58368156413442,3.58685814089931,3.59963742258855,3.61795704837025,3.63478429288319,3.64150852828658,3.63231490159697,3.60887553015277,3.58115567758807,3.56259846646884,3.56246816581055,3.58064384395445,3.60843325735444,3.63446421338765,3.65106608048929,3.65673279186891,3.65403673542413,3.64623034860438,3.63610534959636,3.62739967296262,3.62572920570861,3.63625193070657,3.65897263681493,3.6860327605131,3.70471420627605,3.70519330641948,3.68743159534229,3.66154671702705,3.64105172739521,3.63412781599858,3.63948751699208,3.64931061583117,3.65594349352487,3.6565545097806,3.65258163878622,3.64584354435209,3.63592039923439,3.62152120084153,3.60411593987503,3.58952850426771,3.58499727491735,3.59369646223219,3.61153403923725,3.62937270346417,3.63908393733212,3.63845279527038,3.6311324116983,3.62247685256869,3.61563201953924,3.61128759917205,3.61025024178444,3.61506544615804,3.62817559665417,3.6480407346097,3.66734333400231,3.67615511265224,3.66856948118546,3.64764266896433,3.62415619374562,3.60957044496831,3.60846024992305,3.61626310342697,3.62373000663287,3.6239607063172,3.61619526625694,3.603960309172,3.59036800285987,3.57551016974168,3.5582200171147,3.53982152111513,3.5254191593999,3.52071997829404,3.52689181677222,3.53820193305024,3.54500627075224,3.54004561654502,3.52313823905799,3.5007739266267,3.4814182976041,3.47059399963149,3.46925042815411,3.47546213732165,3.48662306932038,3.49969764182946,3.51005087421279,3.51160788647606,3.49999734892719,3.47679386010739,3.4507265166929,3.4335423882798,3.43277275445183,3.44670628245026,3.46550319846788,3.47766256096853,3.47695901916692,3.4649066870971,3.44771812983399,3.43113112753233,3.41758819367062,3.40736899182394,3.40132431046737,3.40159486274735,3.40916972989438,3.42078376786547,3.42881812437403,3.42533514093503,3.40751196404151,3.38017902027853,3.35335788779267,3.33659321971599,3.33406304229903,3.34332423907149,3.35751517127563,3.36870281705453,3.37038424315027,3.3589588854902,3.33498857210274,3.30417673406757,3.27655732725307,3.26262824227991,3.26760542056656,3.28748879138984,3.3104059072745,3.32318841324716,3.31901004431098,3.30081706893657,3.27840373204317,3.26178525344144,3.25594647301616,3.26019866762238,3.27117972019978,3.28584263159695,3.30179490276383,3.31569476519768,3.32261511483395,3.31820165345393,3.30225811802597,3.28036796671515,3.26145503315752,3.25268942554811,3.25554463776821,3.26581012465102,3.27693840422104,3.2835476490745,3.28255885240785,3.2724042100578,3.25275802050977,3.22609658836403,3.1993336307,3.18236837042689,3.18270891895337,3.19951480891983,3.22224315439907,3.23622090290731,3.2318929691137,3.21102668366017,3.18512681220099,3.16737000976433,3.16439433595527,3.17394248506391,3.18907627673639,3.20427641825661,3.21797926735709,3.23029289158842,3.23948105165458,3.2416239180182,3.23411419431881,3.21933376553963,3.20442251221279,3.1968559121386,3.19960831091532,3.20994241857965,3.222305984698,3.23210121719818,3.23680925481665,3.23428564652477,3.22151453342236,3.19680822893383,3.16422387518976,3.13516418089102,3.12331241936698,3.13503363637859,3.16274261617149,3.18783533281582,3.19243453274735,3.17151418164711,3.13598471773938,3.10437672406354,3.08991667867184,3.0930998825358,3.10462278261811,3.11465349173421,3.11979895137138,3.12245109414275,3.12481644529222,3.12457722375887,3.11675048963131,3.09966567530521,3.0787137348007,3.06368472867903,3.06177696619241,3.07248895651441,3.08864670596199,3.10193294979555,3.1074433847639,3.1037090656998,3.08998270677566,3.06547345628723,3.03240635579652,2.99935872083907,2.97946402342105,2.98238893436954,3.00565548270862,3.03327245734233,3.04466046557251,3.02821410469558,2.98918602526569,2.94555506613089,2.91515336612749,2.90427608803326,2.90619978684643,2.90927093857201,2.90647761739934,2.89842514132505,2.88874310934048,2.87804044366199,2.86299812167193,2.84116952311984,2.81591221259391,2.79572726043657,2.78802912513177,2.79305453023874,2.80357951179669,2.81055933079558,2.80934846621171,2.80109678906205,2.78907042769807,2.77465845566601,2.75759271671553,2.73976978751839,2.72752188885914,2.72826673967184,2.74342967594324,2.76435804610279,2.77632845698588,2.76861424339708,2.74254691850456,2.71055239891146,2.68670074149573,2.67660015322803,2.67484846951093,2.67145322665387,2.66092816667531,2.6460638025085,2.63380719944848,2.62789921347221,2.62529382761859,2.61920563224022,2.60530873208642,2.58516202951426,2.56424748510719,2.54734134389028,2.53593447140501,2.52947432660931,2.52783822443986,2.53142884920874,2.53858584213342,2.54383594475595,2.54036063181595,2.5256682191207,2.50531319838412,2.49027259137523,2.48909697109331,2.50110132215782,2.51654992322777,2.52394510435138,2.51835414196998,2.50388669971206,2.48875808316638,2.47791634358162,2.46995582198616,2.46055830546104,2.44843271589755,2.43762814590611,2.43395082603435,2.43905959881904,2.44796052754551,2.45221852380996,2.44585370316409,2.4288340255181,2.40592515793819,2.38306685310084,2.3649278680576,2.35488292148532,2.35547367812162,2.36706648038813,2.38527083850722,2.40048531818175,2.40211755663505,2.38565581494159,2.35702548628604,2.3297822884848,2.31639800971829,2.32017259985841,2.33408644644582,2.34710133594757,2.35223635888144,2.34979306628703,2.34403675784834,2.33761364294095,2.32940989715563,2.31745384019034,2.30317827828231,2.29212481306293,2.2899655305973,2.29753512613548,2.30960017728813,2.31847986912087,2.31911233957743,2.31119978398304,2.29739289567218,2.28044538404938,2.26270377969641,2.24789018738256,2.24179774409923,2.2492137474,2.26875904389009,2.29078843647925,2.30188001286288,2.29362183365239,2.26884728945569,2.23990186297807,2.22006542422689,2.21504240003698,2.22114370413597,2.23069812586632,2.23900631324725,2.24648958489206,2.25493079471991,2.26259342202454,2.26384213024519,2.25405452049367,2.23503591003691,2.21536391822076,2.2048237018077,2.20764533482024,2.22022025257062,2.23460334292562,2.24392442382258,2.24494028036545,2.23683730390617,2.21954598695107,2.19467151785448,2.16802501329796,2.14955254081055,2.14822104101065,2.16479115553083,2.18890336215275,2.20439742987325,2.19986693122609,2.17637275763071,2.14607992320011,2.12309757560243,2.11425318587673,2.11700934755299,2.12487849235271,2.13410067989064,2.14515377927547,2.15862445063717,2.1708837895435,2.17498512912456,2.16647965410696,2.14842768626695,2.13034068916805,2.12160399825566,2.12515964908161,2.13671792962607,2.14931625936928,2.15827505202983,2.16211602902527,2.15990925778713,2.14946268416859,2.12949772671563,2.10381243389098,2.08211611136495,2.07475756662721,2.08482716239652,2.10469355177233,2.12082549013442,2.12338922053572,2.11264080970275,2.0970022985541,2.08524794867018,2.08021490533567,2.07925375604995,2.07970019464864,2.08294844073139,2.09273430155705,2.10963571590786,2.12792971633115,2.13865450425839,2.1364410575237,2.1238016611752,2.10895886462567,2.0994688128324,2.09760761711145,2.10116096084121,2.10754210738645,2.11610401324799,2.12620040322833,2.13391426737925,2.13243167506632,2.11729178450136,2.09198152735696,2.06781346508783,2.05683490932822,2.06321017826918,2.08044485250715,2.0968376513531,2.10426683125024,2.10275149735135,2.097604692831,2.0930105060398,2.08868325812475,2.08241241745024,2.07495056594646,2.07137001580647,2.07693339488756,2.09150088688107,2.10829572707879,2.11860767208033,2.11811875931201,2.10905378674431,2.09674136243979,2.08475444232137,2.07371388970196,2.06426599781001,2.05979922197842,2.06463746460307,2.07866860412924,2.09408439575768,2.09887026962084,2.08541187618765,2.05710516203317,2.02682996992282,2.00808389447071,2.006040533511,2.01565280249146,2.02739194463729,2.03464426006441,2.03632186131345,2.03380669976625,2.02698836049701,2.01425547768431,1.99621907344935,1.97838149187228,1.96882930258389,1.97233051336408,1.98627448330641,2.00241884037544,2.01290496181935,2.01506101197997,2.01105457270681,2.00379483324734,1.99404531183514,1.9818154910678,1.96988267607937,1.96448518995607,1.97104870576467,1.98844112423866,2.00768468741112,2.01738717961795,2.01178016956934,1.99451786081753,1.97512722518578,1.96160789995565,1.95575903346745,1.95458319133969,1.95508677414907,1.95703144823414,1.96115932258651,1.96566617409618,1.96563209997701,1.95680621683097,1.9401925835391,1.92258897374155,1.91203860316355,1.9121809697158,1.92055456113915,1.93193303211907,1.94289939839805,1.95308830569682,1.96250720408631,1.96873757496646,1.96789197328804,1.95887572680168,1.9464340575992,1.93912474203033,1.94326695402535,1.95810180718591,1.97652523048332,1.99060557130075,1.99679092238953,1.99646318343772,1.99235839018592,1.98529126637894,1.9746849863584,1.96182854830481,1.95154106125647,1.94951714605055,1.95740751733271,1.97055146813241,1.98103575710274,1.98356065714789,1.97878192686051,1.97132462445578,1.96496081193824,1.9600258187625,1.95537428709414,1.9520815745711,1.95416300887032,1.96487386014686,1.98216220128157,1.99826366056969,2.0046422530475,1.998223649211,1.9834326372205,1.96842105985928,1.95919457559382,1.95684516009802,1.95948166561559,1.96566331733686,1.97516509324797,1.98654506659544,1.99509070232884,1.9946673290083,1.98268547813462,1.963479498943,1.94628117453688,1.9390467960548,1.94346454013384,1.95529445176035,1.96902080734751,1.98192445883398,1.99388456942725,2.0040490735534,2.00890459241461,2.00465736429681,1.99185650674911,1.97716802890857,1.9695777342845,1.97384518113047,1.98704626712625,2.00129358341331,2.00990779188946,2.01131207482121,2.00768333215808,2.00088190205566,1.99061381593831,1.97673238216686,1.96252139200595,1.95433962461573,1.9568712945973,1.96833118428661,1.98073470402989,1.9856693740968,1.98054895448961,1.96970981580134,1.95968164383459,1.95356321753025,1.94997685942941,1.94703926462036,1.94644003229053,1.95268531496367,1.96790639060825,1.98771539537255,2.00295706526667,2.00635597540857,1.99800726332875,1.98466498455575,1.97383392429644,1.96854069709301,1.96742429623589,1.96894254302353,1.9743066843633,1.98560691585506,2.00134028502024,2.01487541665247,2.01855914906968,2.01007596802939,1.99480947122074,1.981570506194,1.97560412722571,1.97549889413397,1.97658813440167,1.9767832673491,1.97845845537353,1.98446574143139,1.99289142687878,1.99678993038401,1.98998868815128,1.97347156798932,1.9557922089911,1.94669684314937,1.94980718042822,1.96099619897844,1.97328473543084,1.98278231006812,1.98983633616336,1.99522780901819,1.9967173981744,1.99061838928901,1.97708851496067,1.96306408713562,1.95858797615422,1.96905747715942,1.9905545868082,2.01285440085221,2.02734919808905,2.03247790870144,2.03208294058538,2.02942535891177,2.02371934994638,2.01277346067804,1.99832632858494,1.98752117770129,1.98802357796752,2.00119121243412,2.02012378207799,2.03476883066195,2.03933829311298,2.03524088472066,2.02755945047663,2.01960620246948,2.01143916146479,2.00321807945347,1.99856029403192,2.00297476850468,2.01816272654031,2.03821170211205,2.05253231266574,2.05368428882315,2.04297739049846,2.02860100312828,2.01828855691055,2.01370247575415,2.01153650020591,2.00922064281444,2.0085684136682,2.01333684080974,2.0235172254632,2.03293356084794,2.03339860660827,2.02175974679499,2.00296598748449,1.98618552702488,1.97788343994635,1.97843917788675,1.98473327330904,1.99481130776866,2.00904342029722,2.02676506857793,2.04298971343997,2.05009946260707,2.04394105359709,2.0284251084854,2.01352553538017,2.00795862376607,2.01316821623158,2.02392493956937,2.03424362747211,2.04229733681121,2.04964414330389,2.0564634314166,2.05880160037685,2.05150249072166,2.03407515420086,2.01316988403425,1.99851982067447,1.9958465059623,2.0033135591571,2.01443990042396,2.02393480214663,2.03050853830517,2.03466419157848,2.03522077192525,2.02947740837565,2.01730150396184,2.00428212687828,1.99936564196789,2.00808794676509,2.02758387005732,2.04839511763976,2.06164858894213,2.06499815372276,2.06215205579884,2.05736257600657,2.05112642070105,2.04152061466488,2.02916396365771,2.0197004671083,2.02032800473424,2.03338955278681,2.05342968519903,2.07079226028639,2.07836665337616,2.07529588105592,2.06506603025548,2.05124880792461,2.03591516935103,2.02176661054969,2.01410372819015,2.0186264483043,2.03604645027702,2.05902337227887,2.07565674638962,2.07751521562601,2.06534787414098,2.04743234476906,2.03239311568525,2.02335199753529,2.01837803308076,2.01550162361112,2.01611045960291,2.02288825459048,2.03485027183024,2.0454840647641,2.04680806504811,2.03580804721672,2.01704265512699,1.99901705680974,1.98805709344044,1.98540104894076,1.98924385765848,1.99813886746994,2.01134274423524,2.02604823060709,2.03581976514867,2.03372726530947,2.0182972837619,1.99639751644491,1.97931569628927,1.97481658714791,1.98215879230293,1.99436717316573,2.00506256622985,2.01299654446239,2.0203374945688,2.02751966711158,2.03090999999622,2.02613970728947,2.01353126635151,1.99959366770468,1.99261528735597,1.99649171899081,2.00858471326884,2.02305432920693,2.03560432979749,2.04481377763025,2.04972088369262,2.04780561022121,2.03684729111472,2.01907160402085,2.00241106582862,1.99601691918773,2.00327272277451,2.01887254234302,2.03309469677002,2.03944755641021,2.03858447121671,2.03529920618687,2.03246438976453,2.02855271796413,2.02106606878632,2.01159045026846,2.00642917685408,2.01160194475926,2.02712081102667,2.04633387345184,2.06093760185416,2.06662376249352,2.06420236222034,2.05629095607399,2.04430484604117,2.02938484928342,2.01549799717401,2.00964251547122,2.01701169175586,2.03515122255811,2.05356398595733,2.06057564413394,2.05197012251614,2.03363259124874,2.01593316197544,2.00542118115814,2.00156048641179,2.00062859126535,2.0015689034391,2.00716301641416,2.01953643865254,2.03542940359297,2.04696996478441,2.04769109012081,2.03781711864083,2.02358577186439,2.01165520471872,2.00454660057616,2.00132577700907,2.00151420844079,2.00667009115284,2.01724886115689,2.02859853676729,2.03192292033455,2.02100328762423,1.99864366819664,1.97591861938309,1.96396987048525,1.96563915778654,1.97462655984619,1.9824882653985,1.98620438392145,1.98901651278743,1.99457530596434,2.00135093960723,2.00356741623232,1.99758485396662,1.9866633990304,1.97880377808692,1.97981683873285,1.98875518626536,2.00003252385246,2.00925457878174,2.01612467182906,2.02168809017351,2.02404279168116,2.01855319480465,2.00325528864991,1.98354053861793,1.97002906236501,1.97046322572107,1.98314209515094,1.99846940962095,2.00727348879304,2.00785565132714,2.00525628668077,2.00436668983873,2.00465169822777,2.00196639059549,1.99491331224689,1.98820774599426,1.98894322593733,1.99958060196942,2.01515577386593,2.02764254085085,2.03274062847745,2.03204401473559,2.02899365781822,2.02399400654566,2.01470852504477,2.00116839857492,1.98923139845275,1.98722919532291,1.99820664495058,2.01567654282446,2.02793042634396,2.02737010564357,2.01607729955505,2.0025753245469,1.9935932885863,1.98930155169905,1.98617460757194,1.98324047395956,1.98414909537383,1.99265578153204,2.00682341401168,2.01887404854146,2.02141635485885,2.01371034391829,2.00155999901865,1.99135172678097,1.98491276851148,1.98044304482771,1.97753915130842,1.97958331019078,1.98996969172778,2.00619644736376,2.01910579611568,2.01949533014109,2.00620947869273,1.98756609519175,1.97438084569892,1.97132570997606,1.97487982196483,1.97907203906053,1.98218954757153,1.98721651457271,1.99616846993699,2.00539106398454,2.00769570136492,1.99937781144295,1.98450902521081,1.97170747285442,1.96670045202476,1.9683928875468,1.97206169442457,1.97540682658901,1.98034238077319,1.9886925483575,1.99729474613329,1.99900751601499,1.98948441968017,1.97266073348125,1.95859072084385,1.95514800906337,1.96169992436415,1.97092305816484,1.97643939521366,1.97808465501498,1.97966321592596,1.98250464578793,1.98263174583078,1.97500432868105,1.96010593981011,1.94529875908885,1.93902445507653,1.94374058600401,1.95479720387735,1.96591878794683,1.97491487715173,1.98349604051134,1.99216670365551,1.99696588182753,1.99268805596194,1.97949359161283,1.96528168060616,1.96022050362228,1.9682528182313,1.98398150143553,1.99797769654845,2.00492468625311,2.00642102636231,2.00641116114429,2.00521798327947,1.99922126625315,1.98638291219532,1.97090096237144,1.96108570376658,1.96214914065771,1.97143456465152,1.98114404178652,1.98559108141795,1.9853216267623,1.98422452298368,1.98364973857919,1.98068555457263,1.97265531359934,1.96240688395704,1.95765318951138,1.96414393764559,1.97959637820026,1.9949951395006,2.00221390184774,2.0002476723581,1.99400225543854,1.98771851571941,1.98070791430181,1.9700072069631,1.95640752011041,1.94632634397538,1.94666653254088,1.95786651806029,1.97271782391869,1.98249295927579,1.9841242612345,1.98119841568658,1.97840151281236,1.97609871283329,1.97116130396086,1.9627219501434,1.95569199805972,1.95726948342876,1.96967746667208,1.98698551813897,1.99977560869418,2.00302867621148,1.99920014119205,1.99379774185816,1.98890270014253,1.98194762061612,1.97072524703194,1.95832706617879,1.95173712423078,1.95507460821656,1.96478322702021,1.97227433630392,1.9715426191494,1.96391882316531,1.95533352245224,1.94963756542481,1.94555212074002,1.94029965589124,1.93511792599889,1.93562722724849,1.94598066494582,1.96314141868505,1.97801194121384,1.98285359732161,1.9775236000293,1.968261904497,1.96079785600494,1.95548376545277,1.94944690943926,1.94257460026468,1.93979361426441,1.94645674269672,1.96174581073424,1.97766926284145,1.98536556269051,1.9824679562814,1.97407630390022,1.96677549433611,1.96248812067497,1.95865029500531,1.95375089277451,1.95115890827197,1.95628100870188,1.96999183369389,1.98593089266224,1.99526228771922,1.99424007915904,1.98670353252557,1.97913451246593,1.97399417036367,1.96863753961147,1.96048645989065,1.95193152985905,1.94883023867744,1.95396396056787,1.96286853862498,1.96713878400004,1.96209927360115,1.95079476047213,1.94019176311492,1.93397731009115,1.92990540075447,1.92429157493433,1.91804560705707,1.91686765365533,1.9249580734356,1.93921799442808,1.95074618897774,1.95251446980411,1.94526443117848,1.93561185707783,1.92889975908164,1.9248758556295,1.92062177157078,1.91662393378303,1.9182364783083,1.93017778637949,1.94999454901814,1.96816540860448,1.97554181029966,1.97078525547968,1.96033183379672,1.95140673592006,1.94586365849345,1.94114088542718,1.93625954017222,1.93509945945214,1.94259856217827,1.95805516544575,1.97352674962439,1.97991527027128,1.97472821494194,1.96346007620625,1.95344254915033,1.94711484572356,1.94186723700495,1.93582055842872,1.93209214096786,1.93602248263536,1.9482531204478,1.96179763568441,1.96719558942642,1.96086739556823,1.94797646611907,1.93687290962441,1.93121369436239,1.92810072860528,1.92361061600393,1.91880455512757,1.91901778906919,1.92716012842627,1.93883377698847,1.94522190936718,1.94101314564056,1.92896267643868,1.91644778800135,1.90821708040764,1.90339938843697,1.89949120169906,1.89781768359837,1.90335723754131,1.91861735940523,1.93858841047339,1.95315118256322,1.95519794992348,1.94624333827792,1.93385152526787,1.92402034936922,1.91686431198236,1.90974724806876,1.90331808265365,1.90266770987585,1.91172360712393,1.92721480847135,1.93955618753465,1.94050274553815,1.92985856564047,1.9144822726145,1.90122001837105,1.89170304226611,1.88416023018914,1.87897952509904,1.88049203019371,1.89218703373355,1.91074944192604,1.926392607407,1.93028917198681,1.92187718988679,1.90857816907937,1.89845264474606,1.89367621768906,1.89129397044425,1.88929058386293,1.89022094747551,1.89795078491256,1.91146336809076,1.92341240339808,1.9258243664417,1.91715501582075,1.90322944170281,1.89135948485327,1.88434008207363,1.88062985401241,1.87948709077972,1.88403895956019,1.89793194700981,1.91919734978549,1.93891600766454,1.94736509016856,1.94192627507534,1.92868690389057,1.91622681380136,1.90831780699403,1.90299441994772,1.89799003251541,1.89542047616949,1.89986143350215,1.91198991405898,1.92542509111746,1.93100502590704,1.92438159296624,1.90907684800983,1.89222536516534,1.87819206523373,1.86699919289174,1.85829859319872,1.85496121982598,1.86103772541372,1.87598882048925,1.89222711583783,1.89990920391081,1.89484139512811,1.88151163349968,1.86822087244716,1.85964257333232,1.85454775085548,1.85028028875212,1.8479383721007,1.85177112179123,1.8633845822867,1.87769679249629,1.88585077933209,1.88249232225752,1.86990865679403,1.85505637833179,1.8432845114087,1.83563957494147,1.8317579381703,1.83353817314245,1.84411795403914,1.86284369775595,1.88251069513791,1.89332401212971,1.89055111410856,1.87823123797992,1.86508151138217,1.85690093675764,1.85324038406252,1.85105339503185,1.85026208104462,1.85443920338446,1.86588134696638,1.88108063684348,1.8922421751943,1.89357621274107,1.88569375369638,1.8737305270981,1.86196602523436,1.85127961800274,1.84177141508111,1.83628972357366,1.83942367305763,1.85221074909811,1.8686335531894,1.87884510920883,1.87684712374431,1.86512344098572,1.85160520623364,1.84233190241865,1.83744150396597,1.83400568563747,1.83151258823971,1.83321694734867,1.84182927259632,1.85483148038542,1.86519877514471,1.86706105669568,1.86023221462805,1.84903648506942,1.83749433438251,1.82675980735965,1.81732141458692,1.81219717455841,1.81591529705021,1.82935602094916,1.84628344265623,1.85652996045923,1.8537712475694,1.84043744334609,1.82486836089263,1.81379231072374,1.80784684657677,1.80409139665596,1.80164527507926,1.80351639410485,1.81259077085499,1.8267519631828,1.83911907994309,1.84344629593197,1.83887190942559,1.82918870748115,1.81823438163552,1.80715285789233,1.79635214376651,1.78875015899346,1.78907053946062,1.79888927872332,1.81297318310277,1.82198107017604,1.8198485409993,1.80867586891241,1.79615657325193,1.78834194051405,1.78527546587415,1.78351097337443,1.78181465916044,1.7831554050488,1.79081877644353,1.80346513197717,1.81511136438147,1.82019728863142,1.81805709334657,1.81205912750089,1.80508817405048,1.79716195547347,1.78790689913377,1.78020249395361,1.77946661212276,1.78825341332456,1.80201082366031,1.81147796375136,1.81021569856121,1.79989345109972,1.78800657310642,1.78062424453256,1.77781683874887,1.77603836574925,1.77390470043029,1.77438911875666,1.78108071966735,1.79319324655275,1.80529041825161,1.81198053676254,1.81208870971393,1.80781681361567,1.80071087807878,1.79005644885214,1.7759288011651,1.76272203403484,1.75760665791207,1.76413880599878,1.77758184912109,1.78768809789385,1.78702800693455,1.77681372268527,1.76457950350468,1.75658652229175,1.7530518142942,1.75059148942072,1.74804845009465,1.74850244646219,1.75527844638812,1.76702252087979,1.7779040902375,1.78279952019606,1.78145294079514,1.77704951885636,1.77149448852553,1.76358251728486,1.75240198401936,1.74141446932853,1.73722809308435,1.74323478354545,1.75490971276735,1.76262440031431,1.75987192006807,1.74868876344591,1.73684459854703,1.73011046252396,1.72788046832471,1.72618931606836,1.7237687119609,1.72381278173843,1.72967450050111,1.74000558496249,1.74931867491743,1.753283534688,1.75240376269479,1.74985487694531,1.74653637933459,1.73988442963113,1.72830395168475,1.71576981931795,1.71020394622339,1.71623347573021,1.72988904722088,1.7414014062547,1.7436819184991,1.73788087979365,1.73063773043557,1.72665502987507,1.72489020029906,1.72192150931038,1.71766172894982,1.7162813559,1.72133792073132,1.73115881225878,1.74011655900939,1.74424633099163,1.74446344260074,1.74372185819666,1.74202618056728,1.73596752767433,1.72385393438602,1.71020658344943,1.70338745814658,1.70787871664049,1.71935150030838,1.72820693403575,1.7281876570434,1.7211642345868,1.7135475463342,1.70898549092016,1.70560927274339,1.70025206754718,1.69385035703627,1.69123174549546,1.69557049862157,1.70430989626629,1.71153479557765,1.71394835345779,1.71329547841819,1.71252287839102,1.7107746913097,1.70391927690247,1.69052594433336,1.67610570084507,1.6697380397382,1.67580998516718,1.68957774143779,1.70147753422224,1.70566504931319,1.70386541808974,1.70118147218892,1.69949117398223,1.696162276534,1.68894839604533,1.6804778856307,1.67649514905253,1.67981948228537,1.68730743673352,1.69350845380459,1.69658040491868,1.69928292734093,1.70392678450547,1.70774626425612,1.70496345880435,1.69377274509319,1.68009887840388,1.67309892772646,1.67668182623548,1.68606439586345,1.69295533749389,1.69351133059255,1.69052695234294,1.68828046477743,1.68679051682365,1.68232333940464,1.67308667882743,1.66276406537859,1.65731315921213,1.6587541574386,1.66339031705649,1.6665302026999,1.66785702125896,1.67079749686712,1.67666522794083,1.6810388988951,1.67751468552014,1.66513175322575,1.65089649877491,1.64395835926151,1.64738114596618,1.65622354592133,1.66354502435384,1.66722022098723,1.67011613458735,1.67435686971879,1.67726327493931,1.67410478055265,1.66424276675658,1.65298778002263,1.64663693003375,1.64643036452198,1.64851308385156,1.64972077713411,1.65190172595898,1.65923311227136,1.67163418611662,1.68251652915471,1.68434697531114,1.67625566140915,1.66514408792717,1.65889499975124,1.65912661148398,1.66120992011023,1.66077694105643,1.65871258363563,1.65898868108286,1.66254520328005,1.66507924965716,1.66163831597895,1.65249819316194,1.64315936968588,1.63839274816812,1.63748251340223,1.63634632926902,1.63376678381578,1.63379501961314,1.64091465192143,1.65349410359712,1.66361410386485,1.66420288251015,1.65583502001269,1.64570533818584,1.64010342682636,1.63891022112898,1.6378842218174,1.63523715505465,1.6342392467085,1.63880759532423,1.64773218420913,1.6548677191734,1.65534331215511,1.65048628623388,1.64564632206963,1.64366739393718,1.64202101203674,1.63712387367926,1.63045678303039,1.62859864574086,1.63642573058029,1.6510980098895,1.66397872745111,1.66866172002826,1.66630281319856,1.66266386270409,1.66084913612247,1.65836321703944,1.65153204450739,1.64138762738139,1.63355153609636,1.63216474301002,1.63525819944089,1.63722058812703,1.63536931409085,1.63262181340305,1.63303377782516,1.63579036004475,1.63535180909399,1.62808775396034,1.61762573489141,1.612174574232,1.61632164460121,1.62639275745458,1.63452025836543,1.63664126035534,1.63538755407864,1.63514003564258,1.63578100728181,1.63288309411437,1.62397018314041,1.61297064815032,1.60712881959331,1.60977931912208,1.61741496412962,1.62432909030398,1.62905856355307,1.63484879553305,1.64381280852462,1.65232544126284,1.65386678161434,1.64645498289687,1.63589936540639,1.63064418928593,1.63373648611621,1.64084251250731,1.64617800356764,1.6490788045237,1.65354335192168,1.66175985051322,1.66988662378009,1.67149695072754,1.66468389750313,1.65429598999818,1.64661787725491,1.64290232181074,1.63944543301525,1.63382031895947,1.6292761907503,1.63147028730055,1.64112712518317,1.65154524297787,1.6544992564965,1.64822762596445,1.63858020617479,1.63223489132943,1.62995082546621,1.62742637108565,1.62208940638888,1.6171807419584,1.61805371762218,1.62524725577032,1.6328913434635,1.63457289475818,1.62978727557992,1.62346916201906,1.61955654628252,1.61672615662116,1.61155195244571,1.60492436355785,1.60321477895018,1.61187932139755,1.62860342399202,1.64425194921125,1.65110875826931,1.64944079734228,1.64536579213371,1.64309274214659,1.64088753424976,1.63521475576674,1.62743742111531,1.6243642952374,1.63148625144213,1.64675223016196,1.66228234270394,1.67204494826926,1.67656924679464,1.67960239856316,1.68150857244134,1.67806190768842,1.66640666599959,1.65077577963469,1.64037357373694,1.64104771417767,1.6499594528106,1.6592166312006,1.66412438813558,1.66659077708095,1.67033140495127,1.67440942636541,1.67340940923852,1.66416564698186,1.65071881634711,1.64112919103733,1.63957829092483,1.64292052739248,1.64550028230184,1.64610270072532,1.64847432427031,1.65492467389194,1.66125160737358,1.65987575819344,1.64811475230919,1.63199792375102,1.6209226882064,1.61904021909518,1.62291676011649,1.62744019530423,1.63228421303831,1.64105362969598,1.65454994386693,1.66699298084632,1.67052037192706,1.66316234586628,1.65107099021291,1.64244470400446,1.64026105149959,1.6419365017572,1.64529780702185,1.6525781472695,1.66696601499151,1.68601055518666,1.70074547976941,1.70286810546507,1.69246028814088,1.67758718709811,1.66627570960174,1.65999104687508,1.65553694521162,1.65204602088197,1.65380990082209,1.66517185240805,1.68376816148494,1.70074527219468,1.70833126544778,1.70631502288958,1.70028780377642,1.69432783772665,1.68720836028438,1.67644964864607,1.66454612634255,1.65882111448803,1.6642136714933,1.67729525406833,1.6888499738772,1.69242575924315,1.68931632703866,1.68483317913182,1.6810942995931,1.67533633023726,1.66550213503113,1.65559293404715,1.65341809921976,1.66275271941632,1.67900608334102,1.69357972568226,1.7018722167152,1.7057632412881,1.70834659187832,1.70816783237216,1.70063480503676,1.68509681961379,1.66862359626591,1.66105394071306,1.66628488259871,1.67943382805902,1.69273056770853,1.7029464038561,1.7119198877802,1.7205941886207,1.72497153109448,1.71974707007314,1.70547610737241,1.69026317430393,1.68323084463572,1.68681945641135,1.69634649041876,1.70658379884129,1.71698461549718,1.72942787627518,1.74204179571831,1.74779575656188,1.74070245639734,1.72278214873643,1.70339165295993,1.69121607909689,1.6877156729581,1.6888581429631,1.69201148916395,1.69905857843325,1.71206859580916,1.72753502535184,1.73723398599707,1.73561065874807,1.72531798388195,1.71438472636822,1.70830350753807,1.70614977802406,1.70464367507072,1.70432433986386,1.70966147703134,1.72275744803169,1.73858493410995,1.74819473191429,1.74678392470026,1.73758793896179,1.72749135150051,1.71999234205759,1.7138348893248,1.70814182618557,1.70664220067234,1.71482479696889,1.73299739091127,1.75386570382759,1.76822107361821,1.77266161692996,1.77080314490103,1.76723425226849,1.76201597730917,1.75240873480087,1.73922473702378,1.72925548128602,1.72993538549743,1.74198414887333,1.75849078754832,1.77144481239534,1.77816946823566,1.78077510969675,1.78056241416024,1.77527674596555,1.76296422997351,1.74727667094344,1.73669366064036,1.73742088935581,1.74773335700363,1.76025375998793,1.76945297152986,1.77569078202554,1.78163368627288,1.7862962813593,1.78469434724064,1.77388428396564,1.75797673031353,1.74566311937674,1.74269850334623,1.74773397476749,1.75571074517116,1.76399364475385,1.77363520395183,1.78483841078256,1.79329805037475,1.7930587995973,1.78311589851462,1.76975402648862,1.76127621334227,1.76078446978937,1.76501209301081,1.76995233489183,1.77601325794269,1.7863989053693,1.80105719402397,1.81414613374712,1.81868351421019,1.81322207409748,1.80289291904752,1.79393554724746,1.78843039580699,1.78509920524494,1.78408510500752,1.78867868320913,1.80119056200565,1.81814035177505,1.83144906119549,1.83524000615737,1.83082629135607,1.82427486098502,1.81958248067038,1.81551647714381,1.80946181201758,1.80297128910246,1.80171941168477,1.80957301259756,1.82381728105696,1.83725021221852,1.84465079049126,1.84618276065568,1.84450686595166,1.84021507325707,1.83182002695341,1.82010160037156,1.81049653774466,1.80935051260828,1.81768803906853,1.82982040701084,1.83877896847208,1.84256221293614,1.84427642086928,1.84660496306936,1.84773757801375,1.84381107730511,1.83471002348106,1.8258723144572,1.82362873074856,1.82943759117655,1.83952131224018,1.8496768051307,1.85895609206548,1.86797228370264,1.87489936319038,1.87534518525259,1.86715094592057,1.85432783972843,1.84466042435253,1.8429475154566,1.84731262754312,1.85261780857147,1.85673232290266,1.86224463210905,1.87192898762434,1.8838563675217,1.89230021663064,1.89340197047345,1.88885551564729,1.88352489907999,1.88035692817692,1.87883992218808,1.87821830464901,1.88038023289987,1.88792084629944,1.89957589671407,1.90931589206035,1.91132901678092,1.9057095316737,1.89824180481759,1.89435698052231,1.89415752035022,1.89401919414953,1.89235334292923,1.89228644578732,1.89803283394691,1.90950358032328,1.92170907621139,1.92953424741946,1.93206115867871,1.93162269559183,1.92961491393667,1.9249695843701,1.91726241388971,1.90991515082039,1.90839884129839,1.91470678724413,1.92462231502515,1.93154156588204,1.93288058189502,1.93185665797517,1.93282453821367,1.93591918244608,1.93733966134344,1.93460849749536,1.93019927772038,1.92918128656953,1.93392347162479,1.94221944233376,1.95058284751572,1.95800986474322,1.96538375751707,1.97183436784059,1.97366266205129,1.96818126655784,1.95806386765339,1.95032101650962,1.95014722744302,1.95627121222583,1.96306921678392,1.9669482555862,1.96965472558842,1.97504231372186,1.98364789412336,1.99170336061342,1.99545488024472,1.99522257226523,1.99438909427012,1.99511867431733,1.99651634561425,1.99731960525516,1.99899405439166,2.00448659527734,2.01376859865896,2.02205472585999,2.02380984193393,2.01848806187963,2.01133286091002,2.00807338669953,2.00949280149107,2.01192677890744,2.01263391245561,2.0133257988094,2.01774226093916,2.02659491075273,2.03623903500965,2.04252898561287,2.04486513899902,2.0455500366125,2.0458349920405,2.04425294680029,2.03957321655504,2.03427614786443,2.03332133704166,2.03889685065006,2.04736621716185,2.05254456942087,2.05196549102806,2.04906112379006,2.04888618666907,2.05255142164224,2.05678655658624,2.05864253473632,2.05925011543581,2.06215500409915,2.06872606412411,2.07659527456985,2.08286239422385,2.08755376279645,2.09266776733642,2.09819839300755,2.10082511622684,2.09770462631209,2.09097248416549,2.08698991614092,2.09044926389608,2.09983911461059,2.10945389042552,2.11553340943894,2.11943695322884,2.12459728310571,2.13151029433836,2.13700703802178,2.1383644513497,2.13678341134961,2.135886105846,2.13743650658344,2.1399378353721,2.14175113096993,2.14424629223746,2.15033414311958,2.15989469307341,2.16815376982685,2.16985134564754,2.16481244231501,2.15836154593365,2.15590297861994,2.15785469668385,2.16055396864707,2.16149767590386,2.16230195769737,2.16603103202713,2.17270113246815,2.17881374148273,2.18138626240534,2.18119392429996,2.18114574812927,2.18217590600594,2.18228430751893,2.18013196198837,2.17834591562062,2.18164149485874,2.19138814272192,2.20314822982328,2.21058135137855,2.21154094579887,2.20950238728323,2.20902553757015,2.21093523134545,2.21278047463316,2.21331267152805,2.21487537622357,2.22065163519994,2.23049927516232,2.24086594327757,2.2488809024209,2.25525906786641,2.26223710648734,2.2693588156705,2.27295567550664,2.27054105608244,2.26482257553031,2.26202396783428,2.26598974369617,2.27477007498894,2.28348687509556,2.28979217369994,2.29539153655458,2.30230073130119,2.30907802795427,2.31200865170124,2.30967343913827,2.3049765258091,2.30203809737039,2.30196323290253,2.30282477865655,2.30357955346214,2.30640938332758,2.31399997070813,2.32503016899852,2.33390840753116,2.33579899380327,2.33135731900029,2.32569126118508,2.32289456967568,2.32263308062876,2.32240745423139,2.32198788866506,2.32409498891457,2.33055531896794,2.33912892903165,2.3453366764478,2.34713168248591,2.3465875544431,2.34665180339855,2.34739184480445,2.34674412869015,2.34475340156039,2.34545650336726,2.35331418208115,2.36809017561764,2.38439985670939,2.39668830274944,2.40389470579139,2.40861971783664,2.41247188570656,2.41379808826879,2.41060901946493,2.40465668169153,2.40108197641861,2.40373028981454,2.41179377569057,2.42174955588531,2.43183653250552,2.44322662351297,2.45656044674016,2.46876759366795,2.47492326237996,2.47339439289207,2.4680125428099,2.46438980312719,2.46462879287378,2.46656856880182,2.4679672757134,2.46993958996364,2.47521088090863,2.48361421898621,2.49091009728681,2.49279780021837,2.48933556017418,2.48441694738579,2.48117498936557,2.47921277889905,2.47696312277976,2.47565587706712,2.47917794187787,2.48946073230013,2.50308196626468,2.51365778595693,2.51756513149119,2.51642880993881,2.51383923217274,2.51083316303382,2.50585461353599,2.49884628101794,2.49367130551171,2.49521540355106,2.50444683927058,2.51747735604514,2.52972121617513,2.53995433250293,2.54948448595984,2.55814294234357,2.5629394232656,2.56161059984601,2.55660549710613,2.55402329619982,2.55817327472448,2.56799690088194,2.57940943975806,2.59034996336229,2.60216353252016,2.6158700435464,2.62856900535011,2.63511167872155,2.63339137599827,2.62684035777956,2.62107272344322,2.61879877783877,2.61901865261135,2.6207948437682,2.62604419180648,2.6373176174336,2.65338234846945,2.66863260687574,2.67768473368663,2.67991344295177,2.67865392406018,2.67643636338483,2.67246502322656,2.66540240171663,2.65744246305386,2.65381663842772,2.65772584984494,2.6667537348335,2.67525292238743,2.67990354728341,2.68186610486711,2.68344791292357,2.68415610690221,2.68151256386166,2.67550693203568,2.67055316729374,2.67184982543406,2.68025568084693,2.69185833384185,2.7026062957322,2.71210737583699,2.72198903859304,2.73138904615718,2.73596134927863,2.73228783038292,2.72249154544137,2.71325490537952,2.71018827609271,2.71404295101802,2.722648756695,2.73516968017512,2.75270090584557,2.77455299346399,2.79569571897738,2.80964679189016,2.81401879650052,2.81217293331045,2.80901688662517,2.80618368079792,2.80241088527959,2.7981094124496,2.79762362394718,2.80562495219906,2.82173225688963,2.84002241504419,2.8542473186237,2.86269249362761,2.86735991290167,2.86943208657749,2.86740876412713,2.86033296848618,2.85147113327152,2.84694464635952,2.85030599699074,2.85947410564089,2.86967714448874,2.87857634713797,2.88718781692951,2.89589222924936,2.90137083800469,2.89918098838567,2.8892402807841,2.87732768252243,2.8703230636635,2.87054036646088,2.8754962968486,2.88259941472873,2.89232324158796,2.90590263458339,2.92107446644065,2.93210181311867,2.93476559437616,2.93041996017408,2.92417844267698,2.91963001798471,2.91671031608529,2.91499474488061,2.91740255784657,2.92862516194653,2.94952864819217,2.9744155526273,2.99498093320825,3.00677636223934,3.0111101033815,3.01112196513091,3.00777642189914,3.00086253242376,2.99292910169503,2.98994129571934,2.99675608158027,3.01257142447602,3.03196680038031,3.05028132872229,3.06673148882122,3.08180598809396,3.09307055573323,3.09569511127603,3.08782188828844,3.0742388520183,3.06338190344485,3.06067027448938,3.06552874964271,3.07472359782864,3.08695263158433,3.10273771331208,3.12042743070611,3.13452545472833,3.1395313547482,3.13504602605854,3.12588217794164,3.11707379502064,3.11002019746779,3.10424484841,3.10168035217492,3.10694114374267,3.12233900027031,3.14364957954659,3.16236387356649,3.17245278745941,3.17421631281484,3.17147745737966,3.16647648923162,3.15905287238406,3.15046794570038,3.14582994589307,3.15089287787422,3.16657605174077,3.18790125749184,3.20869861355582,3.22630116922682,3.24081251871576,3.25089076230522,3.25266319908228,3.2441445320526,3.2298297058984,3.21910199976707,3.21935695591103,3.23117733295893,3.25034500155971,3.27323050187114,3.29862033835554,3.32449179190897,3.34526619771668,3.35446237644103,3.35032974915669,3.3376902343657,3.32365968747248,3.31242770203413,3.3050723909202,3.30346565974812,3.31182164798817,3.33269019774717,3.36203995408675,3.39016782613479,3.40847158156872,3.41499589643086,3.41317018685925,3.4063715590226,3.39544772514521,3.38164080241768,3.36986708591866,3.36683880413102,3.37551270403637,3.39249393344416,3.41152600520479,3.42865262575615,3.44292168864428,3.45280177203835,3.45439452649549,3.44508831483231,3.42856978798807,3.41433640808411,3.41104761782122,3.42055097475381,3.43866667319984,3.46072903352549,3.48470598350369,3.50880173089891,3.52815614048364,3.53643433864482,3.53133507661907,3.51739258604066,3.50245604030279,3.492006276804,3.48781989894718,3.49138975675245,3.50610003740683,3.53400182317598,3.57079665636296,3.60602332121217,3.62966763007511,3.63859675208474,3.63632156825657,3.62753916885037,3.61464189704636,3.59982135220868,3.58850445122856,3.5880357792973,3.60203409018932,3.62699175346757,3.6552888882339,3.68096548872686,3.70158140306519,3.71515803803207,3.71791694952373,3.70728023211069,3.68694231192344,3.66698527282182,3.65742422638626,3.66157746894036,3.67601743504319,3.69602790467796,3.71936817839167,3.7443066735962,3.76590897156864,3.77691674833832,3.77330829127342,3.75813333638034,3.7390334044248,3.72256862776267,3.7119517757787,3.7096193259595,3.71933069769157,3.74331624323884,3.77737704101805,3.8108293621129,3.83304843198578,3.84034275751767,3.83625901416912,3.82612080577131,3.81294229419183,3.7990001498758,3.78937275099835,3.7911684278846,3.80816229213146,3.83704358040807,3.86985830842903,3.89969138731817,3.92307954251078,3.93760490477705,3.93979956866074,3.92783568176123,3.90626580952496,3.88604816451891,3.8780517201756,3.88617708263254,3.90695707524325,3.93492670232495,3.96671026786292,3.99951951112229,4.02767413702636,4.0434074269908,4.04229715504322,4.0271612959936,4.00580710703351,3.98551266725249,3.97063557022492,3.96480852438754,3.97265238444371,3.99674523710434,4.03275444845895,4.06948057890321,4.09548442282871,4.10607048249589,4.10377626009062,4.09313155641745,4.07674851737527,4.0569963591724,4.03958380052832,4.03274386969507,4.04166113152858,4.06431998093749,4.09348507919947,4.12209724514672,4.14578389384039,4.1609360810752,4.16320155211606,4.15047288592141,4.12747260107868,4.10540922887716,4.09528942084857,4.101142516221,4.11977964375155,4.14611089706462,4.17700832195248,4.20966645865781,4.23819591665786,4.25457817337868,4.25416991552046,4.23964598583313,4.21888677465305,4.19960411451017,4.18684577405122,4.18475736832478,4.19783298697698,4.22783896678982,4.26942967055808,4.31078768210334,4.34040812526512,4.35372412095657,4.35321294928372,4.34321027932541,4.32637023197307,4.30551091560884,4.28696307630517,4.27948238452874,4.28874414720172,4.31338701058784,4.34677708647831,4.38173739118215,4.4126269845624,4.43385235740944,4.43941203706027,4.42661933291533,4.40051698592932,4.37286234692953,4.35513852803406,4.35211741067429,4.36196885413095,4.38125408985736,4.40795872499893,4.43935301961022,4.46886864388583,4.48763782615609,4.49014397309307,4.47789548607198,4.45737527013326,4.43542256933157,4.41748764870352,4.40916813540522,4.41633194612551,4.44117825310567,4.47812410084509,4.51535440193569,4.54194096045506,4.55382704399245,4.55320296075918,4.54350424548207,4.52679664621408,4.50616655022813,4.48859785742769,4.48302673193166,4.49465426808514,4.52162519965564,4.55733098597912,4.59485467077175,4.62838533965776,4.65168751999107,4.65837189226868,4.64613471869449,4.62069948794138,4.59389114438145,4.57653256419398,4.57296396786938,4.58204673371382,4.60184822453003,4.63145942634298,4.66807524729941,4.70422134708763,4.73005372418619,4.73914923785332,4.73177634151699,4.71289915098774,4.68848907453482,4.66467593765632,4.64900256186942,4.64923737541501,4.66847183845462,4.70131410572753,4.73632788684682,4.76323509247877,4.7779505209862,4.78125208559838,4.77442569013041,4.75807773184675,4.73517061276617,4.71321697020208,4.70145791009307,4.7053269152066,4.723929925552,4.75237286609428,4.78503163043746,4.81589801078111,4.83746425578375,4.84247538167246,4.82893375672804,4.80319113790297,4.7767204987381,4.75900875442848,4.75344976718549,4.75938244961997,4.77616556642698,4.80353845459431,4.83826311991816,4.87243030625014,4.89683161913598,4.90628113336864,4.90138612926287,4.88594322868565,4.86434873170307,4.84218414108031,4.82750264529672,4.82845827762089,4.84779749125236,4.87992682576758,4.9144382628903,4.94286877709514,4.96196346935279,4.97128374909665,4.96981658961397,4.95668312595552,4.9348800566016,4.91249168554838,4.89880871012182,4.89913949478891,4.91343442887732,4.93872527090046,4.97095947469235,5.00396643062575,5.02867978864845,5.03645804851078,5.02489581774567,5.00012860509426,4.97263596248463,4.95065499579543,4.93763812301351,4.934830950259,4.94393342845878,4.96563544511284,4.99609772124778,5.02671206086211,5.04851420299639,5.05684269121587,5.0518430359683,5.03589380616331,5.01240566235399,4.98728079432027,4.96933311691289,4.96648569217999,4.98032824476121,5.0048752693694,5.03126267957159,5.05348916192533,5.06954008841745,5.07826002782173,5.07736730134843,5.06572175816774,5.04672172363066,5.02789100615928,5.01654963461007,5.01628531894013,5.02739635911461,5.04901182366917,5.07886581650116,5.11101113277115,5.13592584321267,5.14528312357734,5.13752654174738,5.11845367066154,5.096276388372,5.07667931251444,5.06262318964403,5.05721482162463,5.06430280311561,5.0851358402695,5.11527801484058,5.14613978728671,5.16983811910453,5.18224519363678,5.18201409192744,5.16882264716201,5.14448706317422,5.11548646377211,5.09211087458766,5.0829673044073,5.08966287588626,5.10702449612714,5.12814351508133,5.14842261115683,5.16499519481325,5.1742365064385,5.1722136182157,5.15829826460702,5.13727260971296,5.11675106548279,5.1025567718567,5.09698169605808,5.10067171704877,5.11408551162186,5.13568510171046,5.15949261713207,5.17663400067148,5.18082752093648,5.17242151884716,5.15677448566926,5.13925493490823,5.12267596264517,5.10917278549752,5.10257897300961,5.10706147181165,5.12322809196945,5.14663041818407,5.17064481820736,5.19024806924738,5.20259330495437,5.20515605571103,5.1956667592728,5.17517441038661,5.15031954465975,5.13072529612255,5.12309350053315,5.12783287805591,5.14117739029315,5.15937581676701,5.17982247361516,5.19888667748469,5.21092153486852,5.21117674996072,5.19966076364419,5.18123131650984,5.16178978152623,5.14518366753994,5.13390618207628,5.13111862007442,5.13966513774818,5.15826865746564,5.17984473759437,5.19515489856132,5.19871180963538,5.19106085266065,5.17593439972971,5.15663279612916,5.13587608277474,5.11788574221488,5.10822529309262,5.11025086698382,5.12216636385433,5.13845590419173,5.15406797246211,5.16644356427358,5.17374889064368,5.17299364668977,5.16176401798463,5.14193692711814,5.12030067690852,5.10437586264952,5.09764810543395,5.09911287316576,5.10660807443771,5.11903735962551,5.13486874346852,5.14986737831887,5.15824716690598,5.15671235633106,5.14671035777342,5.13232775835623,5.11678117481369,5.10189365241976,5.09040820325203,5.08677123218056,5.09401904019562,5.11001884712901,5.12789680884517,5.14068515101012,5.14524261672461,5.14180366239799,5.13118219079894,5.11409472249546,5.09326588319123,5.07445477549914,5.06366829222245,5.06308439448802,5.07030831533351,5.08152167191221,5.09428532934082,5.10669209701734,5.11493861292227,5.11384374892386,5.10090982248387,5.07939578740076,5.05650095791845,5.03848108445837,5.02789701692689,5.02497171134877,5.02974556169387,5.04144899912642,5.05629304666514,5.06782421158392,5.07083292854627,5.0648019449383,5.05299891987801,5.03863807751681,5.02301219829816,5.00747340032648,4.99571598505438,4.99233317272235,4.99873966403547,5.01136329134142,5.02437827590275,5.03370272010894,5.03786151472579,5.03589118070588,5.02634809085599,5.0094200696789,4.98915285968095,4.97196857641783,4.9623351555308,4.96033765497204,4.96362027766547,4.97066319936626,4.9809892194785,4.99245471967121,5.00004326704952,4.99873545034312,4.98754267216512,4.97005016819723,4.95112218161942,4.9339626808721,4.92052736751969,4.91328465056378,4.91455905951908,4.92355633594415,4.93515984212364,4.94293845673347,4.94349933101754,4.93748267155171,4.92672137898601,4.9118155221134,4.89332589947329,4.87447231737793,4.86088868377702,4.85681612301311,4.86192150220384,4.87224492905055,4.88361436186324,4.89322047634173,4.89830798202826,4.89533141205111,4.88219443969643,4.86132198509073,4.839218650806,4.82212104126,4.81228454304593,4.80869801234717,4.81045090241665,4.81792418515213,4.83038746499361,4.84374186339573,4.8521026111548,4.85182826464288,4.84339401602123,4.82941580615948,4.81205268737954,4.79323119323338,4.77654847369248,4.76689976173022,4.76694074228773,4.77429895315764,4.78322786994468,4.78911088081722,4.79078865681565,4.78867411379758,4.78204113835971,4.76953537223437,4.75215264531293,4.73430092969618,4.72100838914312,4.71443052475728,4.71359425400745,4.71686535467081,4.72318929147113,4.73045311308216,4.73400990049735,4.72874821220261,4.7133181922717,4.69168442434478,4.66996974284131,4.65214364741593,4.6391933500183,4.63164760071968,4.63112022899846,4.63840368901569,4.65079823628177,4.66268367124403,4.66909985606079,4.6682044992562,4.66023340613473,4.64542114571429,4.62444064308559,4.60076161074594,4.58084491905377,4.57044260816072,4.5705360570466,4.57743733106548,4.58670862293308,4.59612775783669,4.60468890236472,4.61006947330598,4.60881606482718,4.59944098892887,4.5843768118314,4.56811484459178,4.55386801441482,4.54280675650646,4.53603993220756,4.53556191268448,4.5419838243443,4.55186970699196,4.55885343706857,4.55820148155007,4.54996835168512,4.53746172960256,4.52342524988464,4.50871428206675,4.49436522833983,4.4832772498182,4.47853080268213,4.48030311863576,4.48546470540911,4.49036652797221,4.49311471598942,4.4926601541089,4.48680715529037,4.47297002360366,4.451566362127,4.42768426722128,4.40815953765676,4.39679618761157,4.39282026905443,4.39361924230573,4.3977097183336,4.40432510185887,4.41108164135923,4.41382383821016,4.40950440300505,4.39853210907593,4.38363213768057,4.36699605381175,4.34966978072633,4.33366317747243,4.32304750614006,4.32140623094607,4.32813771852748,4.33824368256579,4.3462323773545,4.34977586556643,4.34933612162852,4.34525119050867,4.33669065505901,4.32374609971442,4.30927783592547,4.29743412227755,4.29045261817354,4.28779248971152,4.28839120450021,4.29247636596903,4.30009431815348,4.30844139891829,4.3123045787069,4.30807927997086,4.29692823409184,4.2833512279013,4.2709868075001,4.26059771667635,4.25191866521271,4.2459611181599,4.24427584318542,4.24635719951386,4.24914269942776,4.2496142370744,4.24710997495579,4.24236802553962,4.23499923400484,4.22340573169178,4.20769667475963,4.19159588742566,4.18013712247196,4.1753280285901,4.17478318407277,4.17472147550823,4.17341973737454,4.17115166428986,4.1676273021599,4.16109263820194,4.15045929946569,4.13728367591218,4.12455546229905,4.11381203664255,4.10453906465093,4.09659161158914,4.09195371305709,4.09285655739239,4.09835232827485,4.10394991225574,4.10524201615894,4.10136845637304,4.09443199137576,4.08620147235113,4.07660487484733,4.06556971110354,4.05500659416703,4.04773943579003,4.04474004145282,4.04456131957961,4.04575922418493,4.04876421170019,4.05434808217908,4.06075006774031,4.06380366419793,4.06061975043204,4.05249137760728,4.04338209442215,4.03587296367676,4.02948481140719,4.02291983418698,4.01666798352415,4.01241516735805,4.01045142385508,4.00903043063701,4.00664747476172,4.00388185913591,4.00201784518948,4.00036223692726,3.99630348811403,3.988486813439,3.97896298605596,3.97117982911827,3.96610815896697,3.96135513402387,3.9542905834383,3.9450888455503,3.93597266491942,3.92812534221142,3.92059760764628,3.91237841235888,3.90428160740742,3.89777515102351,3.89251818777329,3.88644117585724,3.87863023239109,3.87105731235152,3.86643250914241,3.86469626496792,3.86274484497915,3.85788210833193,3.85063542315479,3.84348637440212,3.83747493860881,3.831229297795,3.82340404403133,3.81486631075929,3.80761896780556,3.80224449587819,3.79770325284723,3.7937488784222,3.79220255099911,3.79474256937883,3.79991238247032,3.80361131464766,3.80293640539804,3.79871770625145,3.79365946829961,3.78867188915214,3.78216449992029,3.7729286297318,3.76248454375217,3.75377747232396,3.74822190827504,3.74513743750774,3.74392760046007,3.74535337369679,3.74970087526763,3.75446569170959,3.75537958634973,3.75019566342932,3.74062789623301,3.72994350083546,3.71930539291755,3.70750716594255,3.69411412432681,3.68149316832653,3.67286729880704,3.66896879083372,3.66762069931143,3.6664303906438,3.66466898047715,3.66201229959396,3.65664497549411,3.64625969338612,3.63115538344583,3.61512127774885,3.60230803914285,3.59362122820321,3.58698278921933,3.58081508441613,3.57599510187428,3.57382785227632,3.57308644291414,3.57035656230116,3.56332003767296,3.55267823513597,3.54050486494683,3.52779788388203,3.51479877194316,3.50324625887745,3.49655827276821,3.49671495829696,3.50156922455202,3.50635000034626,3.5078506482607,3.50628696650783,3.50291342028335,3.49705533109309,3.48673604388462,3.47196816842034,3.45610639299456,3.44335335974514,3.4356618268709,3.43274776514536,3.43430535859383,3.44051596699439,3.44983806214974,3.45761973948055,3.45855939658647,3.45085065038986,3.43715588965731,3.42132625222895,3.40509626560991,3.38866824888872,3.37364186669867,3.36361707033474,3.36118548093058,3.36512187840122,3.37136582294004,3.37631625033325,3.37819053485771,3.37544841889157,3.36571291802398,3.34779087761411,3.32444883720854,3.30170571383656,3.28459246518764,3.27403267314456,3.26818548450477,3.2659006317603,3.26752140449978,3.2723001183849,3.27651915368798,3.27542928693818,3.2668403512861,3.25201285706948,3.23330724368754,3.21233057073898,3.19104170908122,3.17342308186505,3.16404320618324,3.16420378141362,3.17030148284093,3.17676952305615,3.18027775137912,3.1804324563713,3.17700018034002,3.16817418628149,3.1525692490066,3.13217699057243,3.11202670841252,3.09670498880294,3.08794282043011,3.08562449147645,3.08967086787372,3.09937771863043,3.1111372125785,3.11864059802601,3.11678937458555,3.10536176056543,3.0882593597932,3.06950046404477,3.05093731250216,3.03387917416636,3.02134089561116,3.01698807615175,3.02171627917247,3.0322858513912,3.04374870833074,3.05245897851926,3.05619546471748,3.05249827433169,3.03899822551064,3.01633834525722,2.9897956144072,2.96656152248918,2.95106343737859,2.94335683552553,2.94174657541962,2.94555860524546,2.95438587216337,2.96541309072819,2.97321465857647,2.97298370869844,2.963440772259,2.9462439130043,2.92356137709197,2.89759069549283,2.87227058506147,2.85351085837823,2.84588964245486,2.84892821411411,2.8574445474388,2.86579014670185,2.87113193819816,2.87257945169809,2.86857752450617,2.85693423807021,2.83768521207652,2.81470780593347,2.79354863752062,2.77798208201284,2.76923197109015,2.76774414553205,2.77385422437205,2.78579177270952,2.79812659544885,2.8040561718886,2.8000114836034,2.78761356680391,2.77099956367126,2.75312947391691,2.73542562119527,2.72015848271847,2.71125924554887,2.71172336828855,2.7207684064582,2.73437834513928,2.74831184235297,2.75963505672769,2.76554672243427,2.76258691076868,2.74882630117709,2.72687279307726,2.70340292582006,2.68485862762362,2.6738247529936,2.66972748362837,2.67195908165628,2.68079280502359,2.69505311011143,2.71029216289966,2.7205938902529,2.72215915628418,2.71455960849877,2.69899900121352,2.67695371673549,2.65136287323473,2.62796822538863,2.61333525833886,2.61046742105422,2.61675935607605,2.62671662799886,2.63620495785985,2.64351392617605,2.64711146672461,2.6442748664764,2.63304962742421,2.6149258943313,2.59442151959319,2.57595905022879,2.56193229809378,2.5537524154967,2.5531604557236,2.56083715963485,2.5737883692118,2.58564803472091,2.59073882759217,2.58773246339803,2.57898992269906,2.56701361928334,2.55275201988331,2.53741903146446,2.52445056794491,2.51816841748252,2.52049051899905,2.52978447493573,2.54294151989854,2.55744401703788,2.57078115993775,2.57902626503279,2.57804610266742,2.56701005752751,2.54995615387339,2.53298193905888,2.52003723490785,2.51196494226938,2.50903370796908,2.51273118822459,2.52406522571684,2.54080326254233,2.55770925864946,2.56979217482341,2.57467477799194,2.57182980981197,2.56101231461672,2.54301609446981,2.52177451731111,2.50393639251587,2.49492650802042,2.49541115478611,2.5020926661494,2.5115352043071,2.52222882320496,2.53297034945432,2.54078902637663,2.54200161563958,2.53530957329786,2.52287497072525,2.50812993929071,2.49348585654049,2.48078414862174,2.47289753451936,2.47295416624277,2.48121166726097,2.49360288055141,2.50445733830489,2.5106188342412,2.51234375698204,2.5105942044883,2.50490300969615,2.49472501686617,2.48204339701115,2.47119787590689,2.46580834200753,2.46662304813313,2.47259689430951,2.48289636246456,2.49655717658672,2.51051909253576,2.51976312017183,2.52065758568766,2.5139018024455,2.5034335131923,2.49268387822934,2.48281801311917,2.4746168905898,2.47060117747635,2.47385156597783,2.48480118164312,2.50023434589332,2.51576277731759,2.52848242378528,2.53677066740115,2.53866722600968,2.53234977205406,2.51880595735093,2.50289838126997,2.49050782057485,2.48455916540918,2.48437252736231,2.48850996875637,2.49690126150934,2.50949549758476,2.52380935120238,2.53532489129118,2.54064825905938,2.53951119351598,2.53344447243522,2.52360295029486,2.51104004921515,2.49863553325384,2.49096946847755,2.49113891479789,2.49810609375822,2.50799250792717,2.51775609310899,2.52671285875526,2.53451342219509,2.53906814695066,2.53776787079333,2.53050829910527,2.52037473244487,2.5110424818557,2.50434958317969,2.50087949017386,2.50182413736897,2.50859884001161,2.52028181708316,2.53267722236598,2.54105991756804,2.54368307716493,2.5419327934582,2.53741804819314,2.53021765398501,2.5205276849157,2.51093459506088,2.5055786105827,2.50685720770864,2.51378778271308,2.52383767507831,2.53532877679472,2.54713937108594,2.55677246545035,2.56052377456046,2.5564918581103,2.54677145778888,2.53578219813754,2.52666550198643,2.52011668520426,2.516499821184,2.51757965780188,2.52501132788626,2.53760042336766,2.5513070540075,2.56226141550561,2.56900498406517,2.57150058368981,2.56913569643042,2.56118097846924,2.54920783354917,2.5376301219033,2.5308054953236,2.5299205543733,2.533362867458,2.5396580060961,2.54876930004651,2.56018803052256,2.57099391478594,2.57718714541056,2.57695017672001,2.57171953903866,2.56395448584188,2.55493669727902,2.54549338486304,2.53796252352609,2.53572215248579,2.54015376476158,2.54891448023436,2.55799303261034,2.56504486109998,2.56992894586574,2.57240477758387,2.57085382333127,2.56416353914452,2.55411309846751,2.54464651867989,2.53868194546432,2.53648543967827,2.53732981345004,2.54152323774071,2.54959429411283,2.55984690432283,2.56820570892367,2.5712567653025,2.56887725824905,2.56328219763958,2.55612858401846,2.5477191093125,2.53901305757465,2.53294428681077,2.53252028289085,2.53790702261626,2.54636375006249,2.55506646248915,2.5630043436319,2.56972599071702,2.57339193146637,2.57157679910972,2.56412828851278,2.5541209700539,2.54533240954439,2.53938469789863,2.53603051154682,2.53555900908887,2.5394023634687,2.54784922262886,2.55820709483255,2.56638074347323,2.57013270697536,2.56996553849561,2.56692379653103,2.56083736356967,2.55159444662858,2.54135979963678,2.53403852597557,2.53211469476716,2.53479729896484,2.53971256404539,2.54558305704644,2.55225280735118,2.55851352891569,2.56148756020755,2.55904547659224,2.55218004667538,2.5440438244236,2.53687356276952,2.530843140827,2.52599569192314,2.52397538700585,2.52666775785531,2.53347634139851,2.54113972095634,2.54657016520305,2.54905863660677,2.54923322338508,2.54682006652134,2.54080399485415,2.53182884130244,2.52311872962061,2.51807955452781,2.51743194254328,2.51949352161659,2.52291867200538,2.52793954020557,2.53454840426642,2.54061358389596,2.54306372733465,2.54082621546929,2.53560042359576,2.5295450518081,2.52322935651757,2.51659218727697,2.51109693592007,2.50942126426356,2.51261884318158,2.51855952684336,2.52394244021703,2.52733126603973,2.52934687844363,2.53022175621086,2.52855942511415,2.52320651116095,2.51550488168636,2.50854822232565,2.50430609898667,2.50245113859741,2.50217116685233,2.50393693189773,2.50842100474675,2.51418514036876,2.51787127371932,2.51722650645532,2.51317118000952,2.50824337819687,2.50362922118531,2.49874635238801,2.49356038791618,2.48994321173985,2.48991388892602,2.4932086591614,2.49761537839378,2.50151471232769,2.5049600040761,2.50792725057628,2.50868197122426,2.50516263578327,2.49781798142409,2.48990632709424,2.48452352285029,2.48206977904784,2.48121121688875,2.48157028736007,2.48420674500434,2.48938574025895,2.49511581953312,2.49876203214118,2.49952972151514,2.49838973957549,2.49582503692749,2.49098549483997,2.48367743049467,2.47620354880628,2.47193205454919,2.47201861898411,2.47448966919019,2.47684566111599,2.47866539223455,2.48092324290587,2.48343716831185,2.48433242561005,2.48226975365723,2.47813690403811,2.47378690887232,2.46979074456431,2.46554713553086,2.46144008595717,2.4594917532628,2.4610409908642,2.46449154057996,2.46649828812348,2.46537960962347,2.46244750471188,2.45974498747751,2.45746883745217,2.45446632892037,2.45066521827915,2.44768679398211,2.44679612868768,2.44732887348651,2.44793513998392,2.44866860238835,2.45059563960451,2.45332259543074,2.45420576184189,2.4509179022037,2.44426776767694,2.43752453153157,2.43306494753289,2.43062229400789,2.42900849472448,2.42842079708699,2.43002077852319,2.4337110696876,2.43763430093152,2.44019337199944,2.44153758383546,2.44226934850918,2.4414230921345,2.43710469301741,2.42935499405411,2.42126061766444,2.41636808634473,2.41542961586773,2.41646760542742,2.41771639287778,2.41936391458176,2.4221080186457,2.42513379544439,2.42663586656014,2.42598968323427,2.42420527269389,2.42199032271347,2.41849371842924,2.41288970567018,2.40660199546697,2.40262852693882,2.40235217440467,2.40393882659688,2.40451803238569,2.40332484279803,2.40182677996577,2.40109925537694,2.40031423066083,2.39823597559971,2.3951826799077,2.39247239236436,2.39035030293124,2.38773519117448,2.3843037643258,2.38167780295562,2.38152563732047,2.3829362861999,2.38285820441639,2.37939111152979,2.37378293782409,2.36867344799648,2.36510300626263,2.36215639426343,2.35916778053198,2.35696067919098,2.35643285841979,2.35692400054627,2.35703760306093,2.35668565334306,2.35705826057163,2.35825577271638,2.35805986738246,2.35408133811484,2.34678439489883,2.3393771108657,2.33459191494447,2.33242047403564,2.33135131216223,2.33087135335681,2.33168414885769,2.33381208402754,2.33583985247085,2.33657671807928,2.33653534202229,2.33677943420596,2.33672696218882,2.33435247559597,2.32891815578063,2.32253563891007,2.31817791485375,2.316575235562,2.31598089997696,2.31487008643956,2.31376375779348,2.31390648102755,2.31506555417575,2.31571568508692,2.31512132540618,2.31402311537441,2.31289803577916,2.31061142384039,2.30584528057075,2.29947160106153,2.29428227232631,2.29200428638291,2.29142663618512,2.29010977893325,2.28734242571466,2.28448052820137,2.28258979963917,2.28093607800457,2.27829040119008,2.27480033883483,2.2715481297001,2.26862063926667,2.26487300392648,2.25997158477141,2.25562248660951,2.25376687462976,2.25392280417439,2.25339374026885,2.2503015299032,2.24553871878422,2.24123213992702,2.23803932615993,2.2349108337274,2.23120001409744,2.22775645805631,2.22548594230144,2.22381935663641,2.22162939334304,2.2192691487488,2.21846168279363,2.21982337963269,2.2214611406432,2.22085718949254,2.2176961501273,2.21389533308038,2.21093227205812,2.20820685046409,2.20451152393045,2.20022608971742,2.1970212339873,2.19566723396577,2.19528383515795,2.19505243515279,2.19560313384941,2.19774801747827,2.20034187664629,2.20067137122756,2.19731027926866,2.19173620765192,2.18652018983758,2.18253054284901,2.17878788242125,2.17475241815026,2.17151334640959,2.17023722879085,2.17035843796485,2.17027001367655,2.16942684895786,2.16863177149507,2.16806524282361,2.16616626350914,2.16138146113637,2.15451878375085,2.14826660336377,2.14427473650459,2.14162773101707,2.13862288212732,2.1352098278523,2.13273053626216,2.1316108417931,2.13051072045558,2.12809880961478,2.12468991284388,2.1213014986116,2.11768731718724,2.11253893623836,2.10578572856885,2.09958108224596,2.09620531799405,2.09551685692736,2.09536318122441,2.09430345146023,2.09288098124361,2.09193042149618,2.09067407121559,2.08748132789431,2.08211086415255,2.07607269160849,2.07061160549744,2.0653931301085,2.059889269625,2.05529253835341,2.053778848747,2.05575077119012,2.05882487523157,2.06012093132739,2.05891769149829,2.056357697452,2.05308828878778,2.04842693012228,2.04206801586288,2.03546345600947,2.03056149807906,2.0276521705953,2.02550149444684,2.02356896170811,2.02293487933215,2.02441318415878,2.02656669257161,2.02670603587038,2.02376415503048,2.01921112564768,2.01488069708781,2.01083757664677,2.00612866820222,2.00097440979497,1.99697045044872,1.99498961259741,1.99397092634041,1.99245250548381,1.99056325637288,1.98945035628908,1.98895290729116,1.98707180399165,1.98228887126271,1.97561356547941,1.9694875996683,1.96505132889228,1.96146729294011,1.95790381181774,1.95499522564046,1.95361224842076,1.95295098880208,1.95101837451295,1.94697831922313,1.94195013299566,1.93706616768132,1.93167672261601,1.92445876962911,1.91591605704347,1.90857510319382,1.90435445379119,1.90258263868691,1.90120729997219,1.89927372329623,1.89721796309888,1.89498687477962,1.8912157949392,1.88492798539778,1.87721755927039,1.87021426772368,1.86462480873223,1.85935159051918,1.85372475939733,1.84903090014232,1.84697842578272,1.8471908214933,1.84729742643394,1.84553670415334,1.84230515933175,1.83876857914381,1.83491320624838,1.82998640051944,1.82445688328324,1.82021792836155,1.81839719658777,1.81787393588482,1.8167756302872,1.81492334576353,1.81374247118494,1.81377928521018,1.81343323377747,1.81077592199344,1.80591460308842,1.80066916214648,1.79626316736494,1.79244636811908,1.78905902872999,1.78725300792292,1.7881405197892,1.79071274929299,1.79228411285743,1.79119741992561,1.7881818200689,1.78458147312965,1.78011015556933,1.77339999696229,1.76451139679652,1.75572318740648,1.74941754570589,1.74598987384043,1.74446433097611,1.74442194831481,1.74608691122536,1.74852377489484,1.74908298550267,1.74556826605678,1.73845792008281,1.7301074075796,1.72198645989039,1.71372465301226,1.7050700667803,1.69766235006721,1.69386134993405,1.69417968596097,1.69683121379665,1.69977758296976,1.70218199467481,1.70345760232956,1.70201978932163,1.69636738589086,1.68737439924023,1.67835064281148,1.67224556468362,1.66939871041214,1.66857253455428,1.66947740734885,1.67308688877347,1.67943152313283,1.68626015386036,1.69064356399182,1.69134967880156,1.68891480101759,1.68392925454308,1.67661000809212,1.66839948612253,1.66273634046319,1.66292711326805,1.66929546245734,1.67922330613545,1.68998250932056,1.70059663702038,1.71060150216085,1.718093135605,1.7203422157399,1.71637542860991,1.70805049929499,1.69838587031011,1.68973893505333,1.68413988889221,1.68431861501223,1.69264269078674,1.70850885547475,1.72771553351449,1.74523613574944,1.75834400789897,1.76661920580122,1.76968385686595,1.76643059904438,1.75696265244718,1.74430694021845,1.73321924920342,1.72748604950069,1.72893179085586,1.73839677796952,1.7559743184833,1.77941669429569,1.80330304928736,1.82140585421152,1.83045242537097,1.83122865007642,1.82620819827025,1.81721186059205,1.8059712731598,1.79595169956056,1.79194315940988,1.79726054293259,1.81186205108243,1.83329986786282,1.85849246048726,1.88379896288712,1.90433405279657,1.9152983325121,1.91517277774063,1.90719559267843,1.89700993435114,1.88906737814,1.88571645789217,1.88897524543343,1.90138788113486,1.92412007659831,1.95478855753769,1.9880989689846,2.01856053379421,2.04210958929683,2.05581150603428,2.05800126508278,2.05016810056522,2.03819060607683,2.03014178550659,2.03200148458235,2.04551857405657,2.06980684425925,2.10359834273125,2.14489233076558,2.18908093343433,2.22913958746541,2.25865406171782,2.27460718372003,2.27749331636029,2.27012603395709,2.25756674186367,2.24752854389763,2.24855323943935,2.26592998964,2.29905921642051,2.34299029818629,2.39204299963814,2.44135459671009,2.48570880370358,2.51901344072961,2.53664985583783,2.53850098664427,2.52923467573801,2.51592324387241,2.50597166959009,2.50656472251926,2.52364601340493,2.55913373285673,2.60876490192756,2.66372881313828,2.71521347914111,2.75753457924372,2.78761130136777,2.80335641886689,2.97777589032756
