102.801554874754,102.884313683453,102.882051917474,102.877901457422,102.871881822994,102.864184334407,102.855003161173,102.844528198995,102.832961907943,102.820551118241,102.807617601429,102.794569101666,102.781874196541,102.769988584582,102.759227421245,102.74958989585,102.740560655948,102.730939171947,102.718780637353,102.701562298988,102.676699564275,102.642497621667,102.599499050704,102.551947286051,102.508752353175,102.483058673282,102.489571664599,102.53953986807,102.634699114665,102.762715760797,102.896330387686,102.996547096901,103.020144516494,102.935590487353,102.749267910377,102.52290281537,102.3490401037,102.291278630967,102.347631882856,102.469349075613,102.603167810624,102.716372641808,102.798085604988,102.850345027269,102.879967928357,102.894308197988,102.899860871593,102.901858404363,102.903584758682,102.905247736661,102.90340818875,102.892185906922,102.866130068042,102.822962740469,102.764398435199,102.694946595739,102.620027670383,102.544658770755,102.473050059613,102.408776931984,102.35507293136,102.314966669211,102.291182909979,102.285842599501,102.30004302858,102.33341446875,102.383754344044,102.446837183876,102.516482587308,102.584929376356,102.643514442303,102.683601746519,102.69766982259,102.680461881018,102.630130869651,102.549340178306,102.44624283398,102.335087907291,102.235894069057,102.172357301214,102.167275651679,102.23558532421,102.376424453359,102.566710026926,102.759242353798,102.889611231664,102.897748989627,102.763205817323,102.531279063971,102.295847511872,102.141712141411,102.098210154049,102.141467121451,102.227518400237,102.320227364745,102.400275036534,102.461797187862,102.506096586174,102.536980762507,102.558351359238,102.573279394233,102.583777451204,102.590823031324,102.594490075319,102.59420092566,102.589112948975,102.578563001658,102.562419738184,102.54122195893,102.516093039073,102.488524976772,102.460151849881,102.432588426494,102.407346830276,102.385803469561,102.369178780152,102.358502205739,102.354550282322,102.35775879953,102.368118753777,102.385070935073,102.407416638253,102.43326278939,102.460018996515,102.484462175611,102.502882821791,102.511328095685,102.505963378304,102.483586451065,102.442341155085,102.382672245147,102.308506083365,102.228487581033,102.15681877116,102.112851675774,102.11822854328,102.19036746247,102.332088199588,102.520105540301,102.700303795102,102.801499497393,102.771691333353,102.616595921033,102.403345101905,102.218167343263,102.115224074912,102.099162865813,102.142813020275,102.213122459993,102.286116662181,102.349558720525,102.399692740181,102.437213602405,102.464454474992,102.483907867832,102.497624739119,102.507064309428,102.513135220375,102.516306259685,102.516741524565,102.514443589792,102.509390314566,102.501646259854,102.491431522891,102.479141941666,102.465328975995,102.450656846038,102.43585478694,102.421675578553,102.408862778357,102.398122433925,102.390092067377,102.385299964474,102.384110075403,102.386651156347,102.392732669654,102.401754310963,102.412620871169,102.423679472715,102.432702028863,102.436942145988,102.433302832378,102.41865914711,102.390386232413,102.347140785638,102.289916015117,102.223306204687,102.156735826758,102.105093441993,102.08777327703,102.124719470986,102.228181929168,102.390631285437,102.574023058301,102.712211826442,102.738102202042,102.627827113366,102.425767445115,102.219143232851,102.081498259367,102.03678005914,102.06579586885,102.133517841945,102.210259706535,102.278711807251,102.332075738028,102.369824798039,102.394302455636,102.408752274943,102.416365510882,102.419842634766,102.42115983188,102.421427076087,102.420841888312,102.418779857435,102.414041089516,102.405222082477,102.391136918895,102.371191924762,102.345629398518,102.315590354614,102.282989869014,102.250239489734,102.219880853125,102.194207947711,102.174950350238,102.163067951121,102.158674974881,102.161076417145,102.168873340893,102.180083068088,102.192230017175,102.202390451217,102.207211534509,102.202960893681,102.185688671935,102.151597261749,102.097715654857,102.022959108163,101.929590201772,101.824924601315,101.722781031262,101.643662147758,101.612128591265,101.649681907132,101.762395680197,101.925591330848,102.073923097514,102.111881850417,101.956119460461,101.594504238303,101.113833121582,100.659933206718,100.356881216116,100.247700929397,100.285890303304,100.364298367804,100.360426598982,100.184513886584,99.8162786263796,99.3143473642885,98.7909783832955,98.3621994030481,98.0978455908735,97.9961999787824,97.9932675645466,97.9972621050307,97.9275402353378,97.739787814602,97.4311458884712,97.0304678401939,96.5833861839531,96.1394136086816,95.7432444389884,95.4288613236007,95.2145235588831,95.0984842509686,95.0574703886384,95.050550288488,95.0290506396604,94.9497437819445,94.786198728405,94.5339463792096,94.208451973928,93.8383011328457,93.4572554390364,93.0977095498554,92.7860836169674,92.5394580340545,92.3629352003904,92.2482737686811,92.1751277935196,92.1157766742498,92.042603488355,91.9359190892615,91.7892756042164,91.6102904092522,91.4162256241026,91.2243931065951,91.0387180985688,90.8376205145165,90.5746936038721,90.2042155238101,89.7248195777125,89.2045540316281,88.7530066751144,88.4579644545531,88.3407658254506,88.3564157764538,88.4199433108164,88.4338749365049,88.3095968045982,87.9857745459909,87.4442019168793,86.717823131236,85.8851194454843,85.050190923013,84.314644179667,83.7511785587682,83.3875391982141,83.2046434864745,83.1472360774585,83.1418391440928,83.1158264257551,83.0126366260728,82.8004403395152,82.4739976556864,82.0512100667111,81.566555697895,81.0632966441482,80.5856254053384,80.1714354318873,79.8464460707206,79.6206891625567,79.4882601488621,79.4304157144594,79.420918434579,79.4317910754791,79.4378682877547,79.4194815406234,79.3635549187911,79.2637673009588,79.120239904094,78.9388378741539,78.7300521872816,78.5076617883524,78.2876794357146,78.0880190661601,77.9286733604297,77.831147644937,77.8149891863911,77.8893749659459,78.0403206472191,78.2203003557852,78.3539417164812,78.3698253038192,78.24478623679,78.0225425213671,77.7839690683001,77.5958394229982,77.4833366882634,77.4379163801817,77.4387797091258,77.4672092162048,77.5097964197169,77.5561892366006,77.59692832574,77.6235558185191,77.6305043779287,77.6171338415673,77.5883518018783,77.5530964031902,77.5211064852492,77.4993026970852,77.4892974500347,77.486975322065,77.4841266067926,77.4713278119165,77.4409735475819,77.3895394517179,77.3185583351816,77.2342133800957,77.1457982746955,77.0635268806132,76.9962583979501,76.9496279703841,76.9248964128404,76.9186562885485,76.923409040018,76.9289245268726,76.9241475219941,76.8992399188057,76.8472597396756,76.7650930738354,76.6535493977455,76.5168372384928,76.3617906942212,76.1971921167266,76.033425987753,75.8825707881113,75.7588138885422,75.6785832578351,75.6589847421539,75.7124778796602,75.8365446142866,76.0012677686128,76.14504212963,76.1919465429862,76.0911180612541,75.8513457533725,75.5366587692035,75.2241337183596,74.9633575642664,74.7675243472825,74.629169801252,74.5377431093842,74.486728355888,74.4716473753273,74.4850802246103,74.5134320521819,74.5373709125726,74.535679730888,74.4909354178085,74.3948332675637,74.2511039146017,74.0748156537184,73.8881998088518,73.7144724049683,73.5718388835228,73.4696199771724,73.407412303038,73.376983623205,73.3657790330173,73.3607156843309,73.3512372154841,73.331094350025,73.2987771590712,73.2568365776912,73.2104844613715,73.1658876425317,73.1285245298728,73.1018983607718,73.086815081826,73.0813216406102,73.081251978151,73.0811767533022,73.0754717344188,73.059263796848,73.0291643041995,72.9838723448776,72.9248308005265,72.8570852710221,72.7902878293755,72.7393517575991,72.7235805887505,72.7624027721394,72.8660545795456,73.0224206225811,73.1877809399641,73.295102209666,73.2867761459055,73.1539040069712,72.9459884709168,72.7376056085213,72.5829800062687,72.496801741724,72.4656921006201,72.4689852227375,72.4914674890919,72.5252367170766,72.5655354343925,72.6056862227148,72.6341473442208,72.6348781579752,72.5909013940731,72.4898546760096,72.3294586609556,72.1205611373322,71.8860818333208,71.6557008129038,71.4578963147912,71.3120961940975,71.223674848105,71.1833422261798,71.1707536064625,71.1607341391456,71.129921710825,71.0619532353622,70.9501960340419,70.7979524260555,70.6166782348817,70.4229700487618,70.2350298158131,70.0692016429197,69.9370957785706,69.8437418230719,69.7870646609596,69.7587197529907,69.7460254472613,69.7345126297058,69.7105701235446,69.6638008740169,69.588932092539,69.4873060497004,69.3679750150969,69.2481183565189,69.1518588420113,69.1057936608944,69.1294891950381,69.2215038271638,69.3476411705071,69.4450186816617,69.4517162118536,69.3483741202212,69.1750144006215,69.0024862434608,68.884820074641,68.8349177298133,68.8340239929042,68.8545312771709,68.8761799227788,68.890739341958,68.8992980979512,68.9070694494969,68.9185669386142,68.9344202951364,68.9503613168855,68.9584457675128,68.95002280716,68.9193633803886,68.8665067606368,68.7980615528031,68.7254515889863,68.6611578704423,68.6143908905657,68.5878890801457,68.5770388397705,68.5715138281597,68.5586496889923,68.5272540878639,68.4706364231915,68.3881371808053,68.2850207145419,68.1710263274051,68.0580804209165,67.9577101044184,67.8786485912896,67.8250367951864,67.7955160367543,67.7833661239686,67.7776689654635,67.7652929990815,67.7333505176273,67.6717380526987,67.5754484281579,67.4464775476546,67.2951910180696,67.1407889006649,67.009920432034,66.931762840065,66.9278676274135,66.9975735100833,67.1061816326103,67.1898773176632,67.1866074195976,67.0776802397521,66.9027544717467,66.729659091065,66.6075094807805,66.5446954846088,66.5198585337456,66.5047077256994,66.4796445751451,66.4381533190067,66.3842442987183,66.3275647868905,66.2786366182119,66.2451664297367,66.2298069893004,66.2295680359071,66.2368752085312,66.2419498959815,66.2358171919996,66.2130126091617,66.1731095107133,66.1205789596715,66.0631000387712,66.0090030756625,65.964794862981,65.9335818078445,65.9147751767521,65.9049576436422,65.8994265273529,65.89381218631,65.8852794557744,65.873053777698,65.8582555067376,65.8431986962202,65.8303952756676,65.8215233477867,65.8165977523042,65.8135349075314,65.8082325232077,65.7951945077939,65.768645463485,65.7240251425498,65.6597348916657,65.5789808031734,65.4914227008821,65.4139675512679,65.3693948010328,65.3808848356132,65.4610585472745,65.5977333435384,65.7457477471053,65.838902176734,65.8256110508317,65.7052711358378,65.5300919321922,65.3674151751673,65.2582502904597,65.2050999597846,65.1868606808106,65.1791919911001,65.1662712893914,65.1430242403303,65.112330766172,65.0809608721692,65.0559546479381,65.0419524561199,65.0396101181537,65.0451900553616,65.0513562438619,65.0490097948167,65.0297324543636,64.9881821576552,64.9237343459041,64.8408488412949,64.7480280406429,64.6556867914182,64.5736031135966,64.5087228146304,64.4639153223683,64.4379115235414,64.4262611460038,64.4228785918326,64.4216701348248,64.4178256280496,64.4085353285357,64.3930790084003,64.3723825805787,64.3482306350082,64.3223640126643,64.2956903622559,64.2678053092984,64.2369741843394,64.2006677391986,64.1566822811859,64.1047924030454,64.0487370935097,63.9980360269315,63.9685775839424,63.9802022971366,64.0492926900669,64.1762549199635,64.3333043006741,64.4648647641404,64.511202556499,64.4464609109997,64.2995630114406,64.1350622835219,64.0108370609978,63.9502835214671,63.9443832328652,63.9698289288991,64.0048920269561,64.036238947851,64.0589495166787,64.0737921426406,64.084215414145,64.0939071772,64.1050534184371,64.1173116489164,64.1275713827428,64.130564620638,64.1202468054004,64.0916412930429,64.0426325243612,63.9751183709926,63.8950647798689,63.811336403672,63.7335966631318,63.6699095027495,63.6247847333344,63.5982430428848,63.5861143251504,63.5813807084134,63.5760863504096,63.5632424543152,63.5382504592806,63.4995750126349,63.4486277653007,63.3890037779765,63.3253185491262,63.2619349093058,63.2018667303104,63.1461151815799,63.0936376558031,63.0420700686271,62.9892161805877,62.9351582651905,62.8845655020225,62.8482863715277,62.8426147755868,62.8841468768578,62.9791641763358,63.1107380511319,63.2336795012069,63.2896881636832,63.2416751881632,63.1023408147188,62.9282985433219,62.782983009516,62.702151325126,62.6864280093378,62.7153193493192,62.7644003351615,62.8151460073581,62.8572745856017,62.8873041783784,62.9061977639053,62.917257729969,62.9244356379639,62.9309692443215,62.9383600969002,62.9458516644145,62.9505964391447,62.948565050076,62.935999903365,62.910965963519,62.8744345313638,62.8304376907976,62.7851413736602,62.745091731201,62.7152223420738,62.6973181686757,62.6894626331787,62.686622961219,62.6821239150807,62.669490170479,62.6440874673489,62.6041361421786,62.5509106284884,62.4881729470285,62.4210555326446,62.3546949722253,62.2929386582515,62.2374234764409,62.1872753165717,62.1396047405728,62.0908688618229,62.0390059770548,61.9859736696579,61.9398550588428,61.9150227930472,61.9282736845995,61.9894306100154,62.0884065342045,62.187405486462,62.2310443266179,62.1775086206111,62.0304320760521,61.8407955775778,61.6740420745201,61.5724713656667,61.5420339741958,61.5634870570505,61.6102417332195,61.6601176478053,61.6992090198629,61.7212577136273,61.7256953015154,61.7157662433286,61.6969464407295,61.6754822188534,61.6569553773295,61.6450023621552,61.6404768306852,61.641345950407,61.6434389490191,61.641885172615,61.6328051419211,61.6146791664346,61.5888964959498,61.5592754132871,61.5307326259869,61.5076033790241,61.4922299370158,61.4843002934559,61.4811041049941,61.4785269228123,61.472370633435,61.4595397831691,61.4387503752357,61.410618383698,61.3771807846614,61.3410385017817,61.3043791728185,61.2681554385426,61.2316800592567,61.1928576132388,61.1491932899053,61.0995752826092,61.046566256801,60.9984832408593,60.9698585438476,60.9782050372618,61.0353179807192,61.1343923817083,61.2407601600089,61.2992471960747,61.2636824256017,61.1309910708159,60.9479315479857,60.7807206009948,60.6753739019612,60.6409428990752,60.6590737219437,60.7024212375818,60.7475701442552,60.7796356731257,60.7918417875361,60.7835101767764,60.7581039666745,60.7216376486378,60.6812690419613,60.6439041572878,60.6148445600845,60.5966952722784,60.5888289243113,60.5876298078392,60.5875385125464,60.5826575874144,60.5684662553303,60.5431223365022,60.5079446125889,60.466937079868,60.4255403175035,60.3890487630222,60.3612162555809,60.3434591929042,60.3348169739426,60.3325571781441,60.3331263182821,60.3330981206353,60.3298449596635,60.321797827628,60.3083063416186,60.2892250405987,60.2644239575676,60.2334543665332,60.1956003994587,60.150508215133,60.0994781324886,60.0472706953136,60.0038270912269,59.9845937060358,60.0074036974566,60.0840446433842,60.2075104751825,60.3424140878314,60.4316312654794,60.4255433946837,60.3172187128967,60.1510721500956,59.993454037902,59.8922273773137,59.8586439552268,59.8761854969236,59.9189711826201,59.96484468979,59.9999815869485,60.0183145833192,60.0193371410944,60.0060435327222,59.9833810258117,59.9570422672745,59.9323897492788,59.9134575641291,59.902138833452,59.8977557819549,59.8971906402632,59.8956349549368,59.8878332278266,59.869520676134,59.838656270276,59.7960811060777,59.7453926014726,59.692067001943,59.6420987724214,59.6005671621236,59.5705371388308,59.5525631399376,59.5448515947775,59.5439361729209,59.5455969503731,59.545738272403,59.5410127548007,59.5290975195957,59.5086503291855,59.4790716722957,59.4402657983939,59.392627436678,59.3374711280557,59.2780336481655,59.2209500192166,59.1776369798157,59.1642765962307,59.1983491949471,59.289936434463,59.4291156285591,59.5773692463223,59.675969333813,59.6763291994881,59.5740489925832,59.414925558668,59.2643314754798,59.1682483295555,59.137232458519,59.1558790942409,59.2004579536294,59.2509528899033,59.2950085019254,59.3271121461673,59.3463964191362,59.354699894414,59.3552254537848,59.3516199105146,59.3472489005834,59.3445618585417,59.3445788164395,59.346617510538,59.3483892117387,59.3465223909822,59.3374477199328,59.3184425330293,59.2885442585511,59.2490447382245,59.203382641594,59.1564305795925,59.1133658388685,59.0784478942035,59.0540505849927,59.0402036955285,59.0347269226507,59.0338569970019,59.0331408839726,59.0283290954635,59.0160497033416,58.9941454981697,58.9616765021307,58.9186984059951,58.8660080958803,58.8050913001323,58.7384995534549,58.6707855414376,58.6098618182871,58.5681228217547,58.5618843298977,58.6070478813918,58.7096060661813,58.853447705475,58.994674656532,59.0746420358197,59.052371357255,58.9339881631752,58.7706493202143,58.6248155864352,58.5356852047569,58.509075077927,58.5289148903593,58.5733977868258,58.6248575590964,58.6724721740846,58.711157234212,58.7395627938369,58.758465253854,58.7697554332746,58.7758145534621,58.7790426955468,58.7814156562351,58.7840738047152,58.7870368630431,58.7891663875735,58.788455887039,58.7826304145404,58.7699183273782,58.7497665845702,58.723252437836,58.6930189508512,58.6627113598524,58.6360625067803,58.6159012576247,58.6033871412148,58.5976961659472,58.5962295954428,58.5952500958567,58.5907293845552,58.5791549630467,58.558091577819,58.5263976196056,58.4841192072487,58.4321939985942,58.3721753598796,58.3062241213543,58.2375877379936,58.1716440613797,58.1172424684452,58.0874499104946,58.0980051009377,58.1614490221549,58.2765245617282,58.4174443353927,58.5338878339615,58.5712790376197,58.5042017763075,58.3561437957364,58.1850426264254,58.0470563472652,57.9700662169679,57.9520862044118,57.9750916078515,58.0188921258571,58.0681433609984,58.1135304785912,58.1503954798934,58.1770580058757,58.1936514868753,58.2014804861771,58.202643724711,58.1996878140016,58.1951756178536,58.1911835932118,58.1888426467508,58.1880800491325,58.1876904217953,58.1857672188704,58.1803948517086,58.1703879732237,58.1558205584557,58.1381409449495,58.1198074635009,58.1035518601978,58.0915152446676,58.0845468422369,58.0818913353136,58.0813455919806,58.0798021849153,58.0739794112718,58.0611033379719,58.0393570927983,58.0080177918164,57.9673238988388,57.9182235990123,57.8622273216794,57.8016071358011,57.7401194498257,57.6842090960766,57.6441902812819,57.6341668115487,57.6687540806123,57.7550287870252,57.8812248045447,58.009780750926,58.0862479176146,58.067314559913,57.9506188264409,57.7790232289769,57.6132646342378,57.4976799647944,57.4454249465468,57.4456276579853,57.4782231214482,57.5246630770075,57.5719046214634,57.6122128600894,57.6416542308542,57.6587845974336,57.6638905189427,57.6586159947429,57.6456944502116,57.6285772239277,57.6108805664857,57.595706733045,57.5849970668009,57.5791171134179,57.5768374570976,57.5757638536047,57.5731202208041,57.5666537665839,57.5553700505968,57.5398500310453,57.5220415739974,57.5046024281894,57.4900268835083,57.4798525945413,57.4741955898395,57.4717268817484,57.4700434586729,57.466264193523,57.4576381321224,57.4419930119112,57.4179497319502,57.3849458224121,57.3432142908991,57.2939285798876,57.2397216856332,57.1856663356634,57.1404782259748,57.117098317797,57.1310277074749,57.1944784869412,57.3060302015836,57.4403796468319,57.5487365950731,57.5788364354827,57.5072126305709,57.3577719574024,57.1873648280355,57.0507136998601,56.9749127963195,56.9578873143147,56.9817034998482,57.0260132736533,57.0749614899653,57.1184836002866,57.1511133008029,57.170473928449,57.176259574834,57.1697146493224,57.1533527990525,57.1306614761288,57.1056442789558,57.0821816272688,57.0633071577661,57.050577643647,57.0437346413461,57.0408024839989,57.038647993272,57.0338781859992,57.0238276662827,57.0073390938083,56.9850939051735,56.9593923865245,56.9334617564284,56.9105208011834,56.8928939749728,56.8814266213547,56.875329809649,56.8724330818739,56.8697055960881,56.8638591048838,56.8518757915983,56.8313891127421,56.8009531208441,56.7603315787216,56.710988893685,56.6569243702299,56.6057845305525,56.569721149984,56.5647253671863,56.6065228434358,56.7016943173674,56.8361735283862,56.9695422019504,57.0465529229533,57.0270611623607,56.9143545587668,56.7550843536586,56.6089587560256,56.5156520910291,56.4834081819076,56.4984716579833,56.5401300468269,56.5905709697257,56.6380216325125,56.6760669320711,56.7019415652113,56.7151413153573,56.7166226258209,56.7084051175017,56.6933129935009,56.6746628985798,56.6558162355114,56.6396213205878,56.6278560195955,56.6208276304695,56.6172786114815,56.6146800319436,56.6098841280524,56.5999872812529,56.5831690914607,56.5592589802778,56.5298519397751,56.4979300090765,56.4670989571032,56.4406649384288,56.420812780813,56.4080969748401,56.401343444688,56.3979315036324,56.3943287597988,56.3867172682813,56.371581070818,56.3462052225264,56.3091340859533,56.2607164789434,56.2038823796642,56.1451822116634,56.0957785961525,56.0714426292832,56.0898398845336,56.1632984712788,56.2874523225907,56.4317164211339,56.5430794483539,56.5704296763073,56.4974751232608,56.3560246347786,56.2050041845675,56.0942417979403,56.0433898828729,56.0451112343371,56.0799637294899,56.1288850146096,56.1785442530496,56.2215485318622,56.2547158233563,56.2773455570935,56.2900993327587,56.2944310324641,56.292315678832,56.2860545190445,56.2780259765559,56.270347856995,56.2644959848116,56.2609782199904,56.2591803244267,56.2574738996054,56.2536091725522,56.2453245088141,56.2310209401009,56.2103071742336,56.1842404160793,56.155170187144,56.1262109734346,56.1004838683586,56.0803364314115,56.0667496474663,56.0590740423301,56.0551320254055,56.051621379683,56.0446917109363,56.0305598847893,56.0060789164554,55.9692576098994,55.9198148095569,55.8599004381062,55.7950625738071,55.7352926657826,55.6954457162862,55.693563187334,55.7451743896562,55.8529110411944,55.995295150284,56.1248874085698,56.1860468131395,56.1476528126261,56.0257169100624,55.8732619471548,55.7458992978086,55.6737115120421,55.6571853993392,55.6798913882933,55.7225213214991,55.7704126900034,55.8149898147785,55.8523308173208,55.8812740010433,55.9020500115253,55.915548706649,55.923010898956,55.9259061605359,55.9258280452582,55.9243244979709,55.9226580889264,55.9215497305466,55.9209932262748,55.9202283306741,55.9179239180206,55.9125581625229,55.9029094033395,55.8885169499966,55.8699599465549,55.8488449836492,55.8274790989766,55.8083050460714,55.793253441117,55.7831926515446,55.7776234297737,55.7746863435147,55.7714576386552,55.7644380693458,55.7501140614607,55.7254981342392,55.6886244017599,55.6390594406292,55.5785501193271,55.5119100775304,55.4480581198935,55.4006639834116,55.3871282534529,55.4240215943293,55.5178175508214,55.6534202941366,55.7891984431334,55.8695822196055,55.8551983602266,55.7498491746636,55.5988974772662,55.4592194566627,55.3679882410459,55.3327757750604,55.3410338749301,55.3742976339074,55.4172017866932,55.4601165583627,55.498218659542,55.5296472434077,55.5540288283063,55.5716513824809,55.5831366166168,55.5893700067853,55.5914924513933,55.5908347798579,55.5887525835943,55.586384286948,55.5844031626359,55.5828551404074,55.5811612245289,55.5783164229933,55.573248909079,55.565237464387,55.5542491494164,55.5410711872118,55.5271716098321,55.5143123856766,55.504023543145,55.4970948162285,55.4932345814608,55.4909886026322,55.487927886072,55.4810396983202,55.4672174982568,55.4437575003378,55.4088262774892,55.3619433515562,55.3045886361163,55.2410409081202,55.1793957638281,55.1322985920615,55.116238676701,55.1476132261486,55.2342430243761,55.3642055260263,55.4997288258148,55.587020636967,55.5839684160919,55.4880367117786,55.3390117158378,55.1926869753367,55.089389714424,55.0410707266579,55.038278947157,55.0637514213909,55.1020152988525,55.1427714779988,55.1804152951272,55.2123539013041,55.2375525662116,55.2557042746916,55.2669219346001,55.2717190693074,55.2710670457403,55.2663852960566,55.2593964337159,55.2518497175831,55.245177016034,55.240184437897,55.236887992965,55.2345670007733,55.2320413889581,55.2280997732934,55.2219438794788,55.2134977664984,55.203468384804,55.193126200372,55.1838708026273,55.1767195372339,55.1718795078573,55.1685286236083,55.1648573513457,55.1583421591194,55.1461675365447,55.1257065950476,55.0950119495426,55.0533406481626,55.0018029297116,54.9442270591879,54.8881865161499,54.8457414419638,54.832781633217,54.8652396654464,54.9508886070451,55.0784901832466,55.2117135892833,55.298329549139,55.2967790649295,55.2034462271238,55.0561578164424,54.9093999849863,54.80364270145,54.7519665998365,54.7461020976943,54.7694539528948,54.8066534592226,54.8471390966993,54.8848808351102,54.9168261267864,54.9415131156094,54.9582791777086,54.9669864734485,54.9680372289139,54.9624624714349,54.9519300557563,54.9385913501779,54.924760082275,54.9124847469034,54.903126115629,54.8970692841464,54.8936750649713,54.8915100510063,54.8888059214202,54.8840167899411,54.876300851971,54.8657693838032,54.8534197470532,54.8407735045403,54.8293369701178,54.8200539363467,54.8129120730568,54.8068039955077,54.7996603458555,54.7888018224293,54.7714281703688,54.745183907615,54.7087995450036,54.6628675015589,54.6108137535302,54.559980947027,54.52234546073,54.5137362655935,54.5498467833857,54.6378755207915,54.7657990484047,54.896878813801,54.9796358079337,54.9745525843342,54.8802668148863,54.7355569836562,54.5940910702225,54.4946395408268,54.4488544686923,54.4477828501748,54.4747210435001,54.51442664196,54.5564824473247,54.5949564286363,54.6268619149805,54.6508011225305,54.6661933739545,54.6730060603156,54.6717662796144,54.6636432051866,54.6504511839333,54.6344934734787,54.6182367674373,54.603872195018,54.5928697110415,54.5856558935779,54.581528258862,54.5788605078004,54.5755663356994,54.5697022242018,54.5600343914613,54.5463956147724,54.5297179683347,54.511728403329,54.4943996999283,54.4793216399851,54.467172133635,54.4574252312368,54.4483552967766,54.4373190416063,54.42125129989,54.39731201679,54.3636637143723,54.3204078204149,54.2707027438847,54.221932949664,54.1863936543972,54.1802993849111,54.2193983190226,54.3101838488535,54.4391239698059,54.5679906691851,54.6453661848879,54.6342519715266,54.5370955620273,54.3951375791292,54.2615665740563,54.1725388138688,54.1369073911435,54.144002167592,54.1766005919524,54.2196850648818,54.2633618787546,54.3022788014783,54.333997706101,54.3576132495353,54.372962952259,54.380330086614,54.3804228592704,54.3744332957286,54.3640383476638,54.3512699230566,54.3382425207953,54.3267840522395,54.3180601079393,54.3123031592348,54.3087458604336,54.3058094293853,54.3015241468565,54.2940814766113,54.2823639095632,54.2662919933818,54.2468751168039,54.2259399983317,54.2056086629325,54.1876717170593,54.1730284622577,54.1613379511961,54.1509604476465,54.1391962306048,54.1227784367645,54.0985669911938,54.0644188245302,54.0202455026144,53.9692504674763,53.9191671870955,53.8828927941945,53.8772445972129,53.918094814192,54.0110504692425,54.1406089575087,54.266481715149,54.336997697828,54.3178854150406,54.215962048742,54.0753459642655,53.9487091656305,53.8692388688909,53.8426480345726,53.8564245772203,53.8929217710131,53.937567848529,53.9812474997548,54.0194187445558,54.0503681465407,54.0737901596711,54.0899721719978,54.0994679818949,54.1030492844081,54.1017526506376,54.0968972001678,54.0900061029474,54.08261807832,54.0760220293065,54.0709842832708,54.067555545998,54.0650358399336,54.0621381503302,54.0573326968785,54.0492911356882,54.0373060851982,54.0215549274355,54.0031142577614,53.9837026459966,53.965211076258,53.9491445587059,53.9361236332626,53.9255748878228,53.9156869988715,53.9036474883363,53.8861316695744,53.8600058009141,53.8232288440153,53.7759622837781,53.7218617225277,53.6693274521711,53.6320317990089,53.6273588734821,53.6709946542204,53.7670757570669,53.8974544020535,54.0194109035214,54.0812891610153,54.052275555488,53.9440684368976,53.8034855778931,53.6820883485458,53.6097040992492,53.589001660597,53.606048407542,53.6432326624102,53.6867506079836,53.7284104450106,53.7644767608478,53.793852128305,53.81665732915,53.8334265726762,53.8447839942143,53.8513973222224,53.8540379932802,53.8536320096184,53.8512377065902,53.8479324156734,53.8446301023127,53.8418833704294,53.8397392329571,53.837712192047,53.83490854154,53.830288574491,53.8230028487555,53.8127031549898,53.7997237341097,53.7850591287768,53.7701238828613,53.7563467115251,53.7447042745087,53.7353195228226,53.727232242356,53.7184053889976,53.7059809201235,53.6867652949494,53.6579212427552,53.617864452205,53.5673801910549,53.5109181304345,53.4577902616364,53.4224927513152,53.4226837166979,53.4730889517152,53.5751632892598,53.7069345341012,53.8229614784223,53.8727513500283,53.8308954625689,53.7151709469403,53.5746849473832,53.4585752864451,53.3923585649115,53.3756004450025,53.3934762723428,53.4290157017607,53.4695710683213,53.5079876625372,53.541236557794,53.568608511784,53.5903707087224,53.6070327391102,53.6190742597303,53.6269372554135,53.6311215748298,53.6322733554556,53.6312029173594,53.6288106950722,53.6259374945146,53.6231857374839,53.6207750107263,53.6184918833204,53.6157686154082,53.6118834360333,53.6062294141413,53.5985663927644,53.5891652321258,53.5787807321887,53.5684415977543,53.5591049096044,53.5512678262251,53.5446453017855,53.5380061778874,53.5292212508582,53.5155351308045,53.4940488818132,53.4624032520458,53.4196743823728,53.3674980825536,53.3113504943356,53.2616256990676,53.2335916454836,53.2446438832523,53.3072872638636,53.4184330012724,53.5506852709693,53.6559326756326,53.6871922330638,53.6277702745936,53.5033508959173,53.36462457496,53.2562884298008,53.1980057731876,53.1858496461976,53.2044833014729,53.2381172901342,53.2756096500686,53.310928579004,53.3416358817572,53.3671868837302,53.3877466055254,53.4035898367083,53.414924645157,53.421949981879,53.4249943728933,53.4246294259645,53.4216958470918,53.4172210468538,53.4122463332433,53.4076140808029,53.4037837766048,53.4007433393639,53.3980561701295,53.3950406431895,53.3910308659469,53.3856331158039,53.3788859325769,53.3712582594276,53.363471495235,53.3561898726651,53.3496682192132,53.343461798834,53.3362869828689,53.3260849892467,53.3103034139689,53.2863905669593,53.2525032467742,53.2084454809992,53.1568379369007,53.1043803887016,53.0627070600461,53.0477205619529,53.0757383973054,53.1552947006222,53.2764669877105,53.4050099625092,53.4912783450609,53.4955908914369,53.4139718363007,53.2813628219083,53.1484066355492,53.0527851261336,53.0066483779184,53.002170625003,53.0237733263484,53.0572170358786,53.0930748836652,53.1264634357437,53.15544363584,53.1795047087312,53.1986015835488,53.2127298395903,53.2218656390206,53.2260904672848,53.2257577183959,53.2216017497822,53.2147326276608,53.2065024191514,53.1982705781874,53.1911308375299,53.1856808989039,53.1819109903818,53.1792559429017,53.1768049321289,53.1736091208435,53.1689895276446,53.1627411358376,53.1551592620125,53.1468713024544,53.1385210246367,53.1304008084359,53.1221441209264,53.1125743307624,53.0997691725224,53.0813631853155,53.0550913887285,53.0195803396097,52.9753955726388,52.9262986308428,52.8804563648157,52.8508884269584,52.85380345578,52.9032006098903,53.0014410956583,53.1295708125386,53.2462647624934,53.3034322762481,53.2736703505516,53.1689142588409,53.0326323548684,52.9122850358763,52.8358437265707,52.8069066767433,52.8138518710669,52.8412511439821,52.8766754002394,52.9124975220901,52.9449783667731,52.9726685421254,52.9951248651543,53.0121878783331,53.023729380108,53.0296911754221,53.0302485617377,53.0259705279316,53.0178900387994,53.0074397401747,52.9962520459641,52.9858651572461,52.9774104594699,52.9713718765569,52.9674962456836,52.9648947595521,52.9623180526508,52.9585294303083,52.9526630337005,52.9444521025659,52.9342500417159,52.9228318914585,52.9110335978869,52.8993373387868,52.8875278501298,52.8745268058404,52.8584738205894,52.8370847446387,52.8082971096221,52.7712070716763,52.7272785904286,52.681689922133,52.6443727558155,52.6297479562211,52.6536019508763,52.725824295171,52.8402147480829,52.9675293280243,53.0613427615658,53.0802938213665,53.0140856733534,52.891079194401,52.7595835584246,52.6596906712277,52.6077709117873,52.5991226268747,52.6192579829903,52.6535579038024,52.6916479059952,52.7277325934065,52.7592295620669,52.7852615493808,52.8056173153884,52.8202427555353,52.8291199124432,52.8323602708172,52.8303661895413,52.8239533863282,52.8143667041747,52.803161522201,52.7919646105212,52.7821670784416,52.7746301160041,52.7694918384109,52.7661442778601,52.7634047853203,52.7598470315287,52.7542022668536,52.7457115290546,52.7343171522861,52.720627249255,52.7056557654472,52.6904101916693,52.6754463249747,52.6605216563742,52.6444581371696,52.6252865698886,52.6007086661633,52.5688905585494,52.5295818073804,52.4854884055023,52.4436280000439,52.4159678745167,52.4180383796656,52.4639137528365,52.5571301195718,52.6809432952368,52.7963893327451,52.8564049673562,52.8324065313568,52.7338059874075,52.6021746685312,52.4848330756351,52.4108199477804,52.384777402866,52.3954094257997,52.4269630253145,52.4664308483642,52.5056930895715,52.540761986497,52.5701982910789,52.5937663500045,52.6116221880609,52.6239698197998,52.6310216081163,52.6331062088886,52.6308034915059,52.625023307865,52.6169806750659,52.608055906438,52.5995642822603,52.592491372181,52.5872691773325,52.5836669465454,52.5808452104402,52.5775762762188,52.5725814064409,52.5648916584414,52.5541224832562,52.54057045331,52.5250903366525,52.5087767027172,52.4925348258475,52.4766621292771,52.4605655763157,52.4427175177055,52.4209177938451,52.392899308946,52.3572909900142,52.314910787441,52.270235936127,52.2325893310435,52.2160365095801,52.236422388162,52.3042120738887,52.4142202905096,52.5382835466665,52.6305669666702,52.6495271191874,52.5842799338882,52.4628833181302,52.3338616915185,52.2376202352517,52.1904439255182,52.1870709490545,52.2122539091804,52.2507289377266,52.2917675146282,52.3295467780349,52.361737474292,52.3879135420286,52.4084152491537,52.4237375050728,52.4343102720143,52.4405094200942,52.4427654024961,52.4416743690472,52.438049864644,52.4328843014899,52.4272202244136,52.4219608901581,52.417672955544,52.4144443162401,52.4118518168083,52.4090657478217,52.4050766362313,52.3989870824978,52.3902823858473,52.3789906098166,52.3656694226288,52.3512066312142,52.3364783818407,52.3219555456087,52.3073716397433,52.2915617027234,52.2725587391648,52.248006588549,52.2159249682143,52.1758349760957,52.1301782421675,52.0857555020715,52.0544771389283,52.0520967642164,52.0932622145339,52.1823461434858,52.3033647527129,52.4175539124403,52.4772858833246,52.4531167830953,52.354128945275,52.2223799331437,52.1059111162459,52.0339746244179,52.0107468015288,52.0241424454001,52.057723261295,52.0981247437361,52.1372237845227,52.171311435996,52.199411708471,52.221838581368,52.239289610695,52.252413361292,52.2616933110723,52.2675026101019,52.2702204003066,52.2703344478866,52.2684837285448,52.2654214937181,52.2619058670038,52.2585491901635,52.2556741784249,52.2532286695985,52.2507977748601,52.2477239078209,52.2433088442096,52.2370394819002,52.2287626528832,52.2187420578534,52.2075618797273,52.1958879000778,52.1841434696311,52.1721902516297,52.1591143557976,52.143208975579,52.1222246461859,52.0939386714896,52.0570766591306,52.0125765929394,51.9650554219733,51.9240223379968,51.903826196585,51.9207360388014,51.9857564113214,52.094190750725,52.218021128516,52.3110037363277,52.3308006913829,52.2658884623199,52.1442537549844,52.0147711809613,51.9181355604561,51.8705852254618,51.8665746411079,51.8905800407334,51.927230180026,51.9658910390831,52.0009942773773,52.0305606879606,52.054544864798,52.073637642454,52.0885993477481,52.0999948046544,52.1081749780654,52.1133794911759,52.1158693574245,52.1160285702813,52.1143985743421,52.1116344320674,52.108396094172,52.1052093781418,52.1023436461928,52.0997517144024,52.0971004373666,52.093891144324,52.0896363130418,52.084034024726,52.0770749619157,52.0690324558941,52.0603207685606,52.0512497012738,52.0417411831972,52.031095021687,52.0178932855055,52.0001210880242,51.9755657224613,51.9425418842479,51.9009663682402,51.8537265278731,51.8080681470724,51.7762796236188,51.7743196556805,51.8167239185995,51.9073371826108,52.0293627967564,52.1434190295685,52.2020244510179,52.1766677372108,52.0773633886115,51.9462291610479,51.8304677313206,51.7583308065115,51.7334948942215,51.7439878843709,51.7738405749414,51.8102312815709,51.8454995241396,51.8762751961295,51.9018016086474,51.92250421326,51.9390911876724,51.9521258567444,51.9619202089466,51.9686090032884,51.9722969645261,51.9732019907083,51.9717429283634,51.968544965606,51.9643611696713,51.9599335483606,51.9558364366131,51.9523530713419,51.9494287206192,51.9467208434043,51.9437342730214,51.939997760254,51.9352190441615,51.9293572534454,51.9225750734076,51.9150718518503,51.9068402702258,51.8974206530647,51.8857408348684,51.8701263884471,51.8485535814678,51.81920385372,51.7813610804348,51.7366423610893,51.6904015435796,51.6527969972751,51.6384398265124,51.6630106627,51.7356621437423,51.8487802813506,51.971751516504,52.0582378351434,52.0693090964754,51.9983572946715,51.8760954213621,51.7502098836211,51.6579915449356,51.6128680890682,51.6084048334215,51.6297101258454,51.6625900889793,51.6974436933947,51.7293431815963,51.7565736557789,51.779079516578,51.7973673742412,51.8119173007122,51.8229780633489,51.8305992475474,51.8347781392705,51.8356293958684,51.8335117778351,51.8290709305386,51.823183518792,51.8168157942011,51.8108349611178,51.8058281171823,51.8019849211979,51.799083687628,51.796589267208,51.7938338310789,51.7902211213105,51.7853825203491,51.7792253431898,51.7718474184045,51.763336772487,51.753516884278,51.7417247165837,51.7267161190171,51.7067853896277,51.6801713234369,51.6458039528186,51.6044072487788,51.5598609706954,51.5204519356148,51.499144984344,51.5114170233018,51.5691894358229,51.6712400936693,51.7948917534531,51.8979991825743,51.9370678977497,51.8932415828119,51.7853680281908,51.6574991279315,51.5520070513564,51.4905401619389,51.472696515906,51.4857985537949,51.5151561741957,51.5496382990935,51.5828405284051,51.6120227415373,51.6365534600022,51.6566714389973,51.6727520168877,51.6849997876408,51.6934249919858,51.6979727314093,51.698701927773,51.6959372016182,51.6903412990587,51.6828818165325,51.6746949714366,51.6668782565986,51.6602667947437,51.6552577230636,51.6517377570196,51.6491412092215,51.6466259092453,51.6433149676721,51.6385270889701,51.6319174348943,51.6234769962686,51.6133836274168,51.6017481112986,51.5883387437607,51.572388328006,51.5525875675693,51.527355340315,51.4954552055946,51.4569902707708,51.4147160680388,51.3753864791935,51.3504121457815,51.3545267154717,51.4009166603732,51.4925012159068,51.6127821641279,51.7243586101454,51.7826198669383,51.7607464568268,51.6676643593897,51.5423697285193,51.4293803907871,51.356393928375,51.3283684388768,51.3351279226698,51.36201018819,51.3967435298366,51.431643810827,51.4630192790991,51.4896912419312,51.5116637252525,51.5292646454181,51.5427347563922,51.5521345813168,51.5574361829404,51.5586910724203,51.5561913243715,51.550564519029,51.5427676605975,51.5339730153992,51.525368482291,51.5179214471515,51.5121707262154,51.5081095604349,51.5052011068165,51.5025303240299,51.4990529934565,51.493868117092,51.4864271465735,51.4766089024069,51.4646294068178,51.4508091137329,51.4352700860806,51.4176690684552,51.3970835169735,51.372159504501,51.3416090824871,51.3051069864923,51.2645535632842,51.225476263728,51.1979540645021,51.1958830881873,51.2330287587673,51.3151177684641,51.4303834486487,51.5457396287764,51.616903381313,51.6117965399668,51.5314868111007,51.4100016441098,51.2925701301963,51.2113534981222,51.1757811677402,51.1779842320082,51.203473689823,51.2390430996258,51.2758859513906,51.3094627704688,51.3381263839328,51.361725419604,51.3806327887014,51.3952299632627,51.4057332355253,51.4122306195314,51.4148195205713,51.4137608708679,51.4095880144468,51.4031307008039,51.3954391437728,51.3876202630359,51.3806243069754,51.3750387235171,51.370950649544,51.3679255770175,51.3651188070812,51.3614958485535,51.3561005063666,51.3482884560512,51.3378487307155,51.3249665743635,51.3100302319584,51.2933370699149,51.274796276971,51.2537471519225,51.2290126863912,51.1992918332392,51.1639593917221,51.1242677718466,51.0847728780555,51.0544554909659,51.046462481458,51.0749258969543,51.1477966576418,51.2572926863196,51.3742704320595,51.4552710444663,51.4641492782743,51.3951326588028,51.2774241614355,51.156378911176,51.0679300565728,51.0255764982509,51.0236476609397,51.0478627950453,51.0841494625386,51.1226407202417,51.1580011685089,51.1881640532437,51.2128755425465,51.2326139234707,51.2479682052683,51.2593782838726,51.2671078800313,51.2713407814665,51.2723170767373,51.2704482124634,51.2663693760688,51.2609084454598,51.2549738842392,51.2493874545741,51.2447065651915,51.2410894258754,51.2382493116688,51.2355215202022,51.2320329105775,51.2269290786361,51.2195902151847,51.2097633004226,51.1975590665538,51.1833025503794,51.1672748394079,51.1494273456487,51.1291783475033,51.1054109310944,51.0767833854439,51.0424365096449,51.0031193754317,50.9626059150535,50.9289593618993,50.9146770731905,50.9342096132588,50.9975376794318,51.1006690620853,51.2184622394604,51.30869789799,51.3316185569536,51.2745962410104,51.1614510190812,51.0370621002511,50.9409509952347,50.890898334466,50.8837433023361,50.9056196178398,50.9416661702418,50.9809612138122,51.0173579546211,51.0483555454067,51.0735881476187,51.0936333709967,51.1092841493514,51.1212030677568,51.1298318504596,51.135445750071,51.1382698988942,51.1385971638481,51.1368650808068,51.1336669240476,51.1296912662571,51.1256048174506,51.1219113473567,51.1188300075324,51.1162348397088,51.1136819744386,51.1105247225798,51.106086728441,51.0998395890332,51.0915231571309,51.0811590476062,51.0689388793525,51.0550104470206,51.0392261340219,51.0209486350505,50.9990244964572,50.9720358712578,50.9389238614492,50.9000280836633,50.8584627534838,50.8214723535246,50.8009169973951,50.8114510063708,50.8648941164156,50.9609811007689,51.0789081815192,51.1784347103174,51.2167880235173,51.1742172260963,51.0680173866715,50.9414504092019,50.8372935114799,50.778064547327,50.7638063750841,50.7815698211353,50.8159245743321,50.8549254800228,50.8915665105826,50.9228453945303,50.9482165978708,50.9682909302832,50.9840004916306,50.9961701579925,51.0053696353514,51.0119327995082,51.0160592772761,51.0179366319594,51.0178389247779,51.0161728495449,51.0134592642579,51.0102561540625,51.0070463794924,51.0041256785971,51.0015288990585,50.9990229007131,50.9961742084387,50.9924737018412,50.9874777808216,50.9809141779222,50.9727064876636,50.9628946871058,50.9514638322085,50.9381305625987,50.9221680293207,50.9023689301822,50.8772522472521,50.8456106101083,50.8074596845266,50.7653502324013,50.7257643719514,50.6998645153313,50.7022591384472,50.7461879822142,50.8347543798239,50.9516223183455,51.059411283723,51.1135241122684,51.0875305880838,50.991311436933,50.8649736969734,50.7535774941843,50.6844463322286,50.6615129292775,50.6734422780725,50.7046524605559,50.742322569411,50.7785769503338,50.8098349252331,50.8352737215959,50.8554359465431,50.871293584004,50.8837419845671,50.893402016062,50.900613032597,50.9055270723075,50.9082390228401,50.9089050371018,50.9078160458092,50.9054085540844,50.9022122238922,50.8987513096253,50.8954309592221,50.8924452485094,50.8897384984808,50.8870350321767,50.8839291584114,50.8800041831982,50.8749349876884,50.8685294400851,50.8606812539727,50.8512370191687,50.8398151724766,50.8256460726553,50.8075241887152,50.7839736727986,50.7537258420573,50.7165811923078,50.6746460953654,50.6337274358122,50.6042560257593,50.6005132141476,50.6365478418237,50.7180280358021,50.8325876369584,50.9461606822177,51.01381736762,51.0040014681197,50.9194924461378,50.7961094983095,50.6796968022863,50.6016099714749,50.5697954749646,50.5750831184923,50.6022559938728,50.6379176780234,50.6734240473802,50.7045949133796,50.7302506664476,50.7507647883365,50.7670461760824,50.7799669780431,50.7901236569689,50.7978112779332,50.803116103173,50.8060561077528,50.8067169205146,50.8053451677147,50.8023763371201,50.7983918664423,50.7940189372311,50.789802690696,50.7860895141385,50.7829578901318,50.7802191982047,50.7774880017587,50.7742966226761,50.7702107919868,50.7648991283829,50.7581221834208,50.749634264689,50.7390260570496,50.7255694613698,50.708151254999,50.68539606451,50.6560800117334,50.6199156332741,50.5787168764322,50.5377675433685,50.5068362407143,50.4997046642577,50.5306293977241,50.6067788310832,50.7186157569016,50.8350194667795,50.9118377924574,50.9145890420552,50.8407149200917,50.7218276193417,50.6032257304837,50.5188146744362,50.4798081129104,50.47921457051,50.5025476361543,50.5362018064085,50.5709895268538,50.6022141704134,50.6283286691216,50.649480353591,50.6664442487489,50.680004438321,50.690685317507,50.698713260495,50.7041098880171,50.7068417976792,50.7069695341026,50.7047531595257,50.700687224924,50.6954563753258,50.6898232641362,50.684479151165,50.6798993623865,50.676246156644,50.6733486941289,50.6707661880762,50.6679126673066,50.6641992974113,50.6591414479386,50.6523872094092,50.6436504885837,50.6325683419809,50.618539445521,50.6006303245328,50.5776535706899,50.5485252331885,50.5129889810907,50.4727257541485,50.4326910761908,50.4021596109197,50.3943996866205,50.4234423780001,50.4969266652132,50.606704458668,50.7235354301317,50.8044056577906,50.8139775039319,50.7469512574998,50.6320832446653,50.5135681602538,50.4262573195172,50.3832287295066,50.3790406352282,50.3999439833455,50.4323972752469,50.4669433248235,50.4985436954855,50.5253610820783,50.5473328283679,50.5650908946855,50.5793208433381,50.5904757444454,50.598729020261,50.6040664235883,50.6064395039573,50.6059203740505,50.6028120502908,50.5976842173208,50.5913232885705,50.5846073306903,50.5783370720461,50.573068363793,50.5689938967134,50.5659100652681,50.5632803843902,50.5603763746219,50.5564501251253,50.550879588982,50.543234121317,50.5332336879688,50.520614133846,50.5049527983068,50.4855437990677,50.4614340210947,50.4317353574929,50.3963078239135,50.356836117164,50.3181432386628,50.2892246492905,50.2829408733443,50.3128661803822,50.3863105221436,50.4951748343426,50.6108032318982,50.6911009256405,50.701375218655,50.6361403432494,50.5232422467841,50.4059661916,50.3188713633003,50.2753672565716,50.2705650420359,50.2911301992513,50.3236790449825,50.358712207169,50.3910534206727,50.4187119619646,50.4414974869575,50.4599531639697,50.4747131182947,50.4862091435003,50.4946153938507,50.4999333251755,50.5021400020078,50.5013396505525,50.4978722617233,50.4923481184479,50.4855957942572,50.4785329219606,50.4719903404888,50.4665356077645,50.4623457866119,50.4591686724048,50.4563873760119,50.4531715395277,50.4486692743798,50.442177600463,50.4332329345593,50.4215880639195,50.4070823158412,50.3894570042937,50.368207831576,50.3425916578638,50.3119113071082,50.276179219436,50.2371823884027,50.1997820423923,50.1729117020892,50.1691936373503,50.2016869308081,50.2768771766885,50.3857348368635,50.499093635425,50.5753542603418,50.5813569635544,50.5133452754147,50.3999965945785,50.284192892328,50.1994535804289,50.1583011513502,50.1554498774399,50.1775477288328,50.2113320232332,50.2474051011457,50.2806288359315,50.3090061899858,50.3323304188527,50.3511439826984,50.366107206028,50.3777036207059,50.3861749246582,50.3915921195368,50.3939897587021,50.393506336207,50.3904868688035,50.3855175812445,50.3793798486692,50.3729309146391,50.3669392322405,50.3619174369763,50.3580006101067,50.3549082926068,50.3520062859819,50.3484540227004,50.3433943998603,50.3361256738956,50.3261968971402,50.3133913213962,50.2976014412243,50.2786452781202,50.2561152399723,50.2293794795634,50.1978638746574,50.1617187911559,50.122890041239,50.0864115625546,50.0613511150545,50.0602913413192,50.0958603973163,50.1735409378096,50.282860003898,50.3934640816723,50.4638626518729,50.462774977032,50.3891998004437,50.2737115660741,50.1592187527609,50.0778691751574,50.0405975450381,50.0411061091861,50.0657012902264,50.1011781297937,50.1383209351824,50.1721552752885,50.2007980991123,50.2241263188239,50.2427629399589,50.2574618875687,50.2688146743269,50.2771748092721,50.2827117151403,50.2855266030383,50.2857783299751,50.283779203783,50.2800329298932,50.2752020178005,50.2700099620621,50.265101702138,50.2608997337582,50.257497986208,50.2546280501808,50.2517128389996,50.2479958758406,50.2427082500934,50.235219165071,50.2251170701966,50.2121888557663,50.1963007596259,50.1772281675533,50.1545224590137,50.1275325881106,50.0957088934412,50.0592927383476,50.0204063181782,49.9843432376899,49.9604564010097,49.9614810838207,49.9997980350897,50.0799820115979,50.1900438588823,50.2981963208712,50.3627683771112,50.3542395957707,50.2745242417235,50.1564076069889,50.043044851563,49.965202621765,49.9320479032723,49.9360674693847,49.9631021118442,49.9999800511318,50.0377124374478,50.0715634069101,50.0998405097176,50.1225682833244,50.1404967009741,50.1545020714668,50.1652968380594,50.1733458208654,50.1789054480476,50.1821238804672,50.1831550958613,50.1822508749322,50.1798052218626,50.1763387057487,50.172425731259,50.1685836159122,50.1651546737431,50.1622170671377,50.159554177199,50.1566958246856,50.1530217443164,50.147895274652,50.1407813438731,50.1313038555221,50.1192157078752,50.1042870281231,50.0861568267417,50.0642316130705,50.0377434173894,50.006090447946,49.9695605417396,49.930445896702,49.8943348229372,49.8709463741183,49.8733037359476,49.9137358920185,49.9961490776577,50.107253860351,50.2139023495194,50.2740678571384,50.2595885186089,50.1748549904803,50.0546161657326,49.9422997390736,49.8674846985423,49.8377724176636,49.8445612950819,49.8732838988893,49.9108283592222,49.9484570523644,49.9817020054073,50.0090899153262,50.0308118108877,50.047747392923,50.0608799508373,50.0710114789122,50.0786762077447,50.0841725705056,50.0876555413362,50.0892460428158,50.089124098019,50.0875817017202,50.0850227076537,50.0819107406216,50.0786803378429,50.0756377389473,50.0728822084372,50.0702739720923,50.0674609085805,50.0639564628374,50.0592419505921,50.0528545641227,50.0444235686436,50.0336334366912,50.0201216564726,50.0033548164115,49.9825619922255,49.9568321705456,49.9254937071768,49.8888715944149,49.8494252286442,49.8130398021591,49.7898116881355,49.7930884416262,49.8352396839672,49.919681654489,50.032077470805,50.1381424718132,50.195505575043,50.1770321951542,50.0890128587456,49.9676511169145,49.8564786475047,49.7840700136359,49.7567999295046,49.7652769062371,49.7947048642116,49.83210975813,49.8690268892083,49.901254356517,49.9275253496565,49.948174414946,49.9641749656209,49.9765675824114,49.9861837757513,49.9935637921843,49.998990519416,50.0025835266566,50.0044115494524,50.004591054892,50.0033471023774,50.0010232754679,49.9980404146555,49.9948174270941,49.9916782940799,49.9887739793864,49.9860439030636,49.9832291043648,49.9799313257586,49.9756946558051,49.9700755866225,49.9626685324016,49.9530689125812,49.9407827446447,49.9251251097401,49.9051833252704,49.8799474674215,49.8487221994653,49.8119115091032,49.7721723470247,49.7356961942343,49.712933195911,49.7174891366455,49.7616730572556,49.8483214189031,49.9620599966567,50.0676469023237,50.1226488607242,50.101107865101,50.0110222343316,49.8895937031237,49.7800586070704,49.7098903221706,49.6844215181703,49.6937570197773,49.7231087716577,49.7597760478141,49.7956167548897,49.8266914741587,49.8519072860588,49.8716930953765,49.8870560003267,49.8990271168459,49.9083993888515,49.9156568965771,49.9210188794301,49.9245430216317,49.926246152902,49.926209440528,49.9246436348266,49.9219006485465,49.9184310105976,49.914700622461,49.911091388964,49.9078150993063,49.9048660444774,49.9020254166683,49.8989127268917,49.8950619565947,49.8899894022142,49.8832212536856,49.8742636913025,49.8625246297997,49.8472291161709,49.8274034465781,49.8020295917447,49.7704821768179,49.7333355073126,49.6935260765463,49.6576067947573,49.6363708564723,49.6435431840126,49.6910488878551,49.7806682583467,49.8955691255285,49.9995327127936,50.0506362718054,50.0249751233765,49.932798686925,49.8121432933931,49.7053285394349,49.6381776654217,49.6147955079768,49.6249003529759,49.653935296798,49.6896588228298,49.7243524099866,49.7543648199414,49.7787534225398,49.7979912378182,49.8130576290434,49.8249119913122,49.8342533735058,49.8414677947096,49.8466877237154,49.849908119746,49.8511161253977,49.8504002136098,49.8480134982814,49.8443775130103,49.8400271063519,49.8355120014164,49.8312823682254,49.8275906358748,49.8244372792496,49.8215747070192,49.818564153246,49.8148617161547,49.8098982483497,49.8031189648946,49.7939641992618,49.7818004095495,49.7658448745382,49.7451617017449,49.7188334439495,49.6864213189854,49.6487960960496,49.609306312106,49.5749798565117,49.5569772472349,49.5689539839275,49.621922797708,49.7157548870338,49.831319649095,49.9312162465616,49.9748953107564,49.9420802783341,49.8465175688877,49.7272176839224,49.6247926177204,49.5624556216723,49.5425175293531,49.5542078277188,49.5833554684976,49.6183801567192,49.6521304190911,49.6813081855535,49.7051266251777,49.7240754083643,49.7390672041051,49.7509535744904,49.760314971857,49.7674304788325,49.7723540288557,49.7750418392802,49.7754873630665,49.7738286381491,49.7704024882339,49.7657328093979,49.7604558860238,49.7552017366736,49.7504628449636,49.7464861586811,49.7432184228749,49.7403192463838,49.7372348095759,49.7333045529111,49.727861003284,49.7202847238399,49.7099939520521,49.6963790476195,49.6787291802977,49.6562349694683,49.6281774603322,49.5944184570433,49.5562649006373,49.5176418765103,49.4862047386176,49.4735184979257,49.4929161910946,49.5537890061194,49.6529840719282,49.7680381981908,49.8602276516134,49.8915993453149,49.8475272394858,49.7467660051424,49.6294412548783,49.5335092762609,49.4784222626898,49.4639674328689,49.4786674170196,49.5088265994092,49.5437053428718,49.5768683813564,49.605456720802,49.6288732627414,49.6476297621498,49.6625696967143,49.6744396303684,49.6837157500766,49.6905966171063,49.6950927617763,49.6971596647144,49.6968310185823,49.6943175369599,49.6900467258168,49.6846328069086,49.678782712167,49.6731607728442,49.6682470189856,49.6642275900158,49.6609481968355,49.6579437176097,49.6545334431577,49.649949614318,49.6434547161908,49.6344063612955,49.6222490264193,49.606446008632,49.5864056092289,49.5614938222876,49.5312514379854,49.4959311227768,49.457410035752,49.4203621251475,49.3932247203071,49.3879678025777,49.4172459227768,49.4879733815882,49.592786352721,49.7050241559061,49.784936037589,49.7988182710477,49.7397624503985,49.6326617339626,49.5184590620697,49.4313433927262,49.3859529661356,49.3789766105624,49.398088633129,49.430152241051,49.465409103798,49.4982579229414,49.5263553870285,49.5493396376836,49.567775782302,49.5824688290011,49.5940978913345,49.6030803565145,49.6095837803435,49.6136218120605,49.615184437304,49.6143619554477,49.6114301281076,49.6068742924784,49.6013443585241,49.5955494489313,49.590117246481,49.5854544089947,49.5816465176021,49.578426794757,49.5752235296544,49.5712718211244,49.5657536464952,49.5579195127241,49.5471507094055,49.5329445496224,49.5148419938882,49.4923599268104,49.4650292016852,49.4326621762449,49.395960578782,49.3574902218461,49.3228341872925,49.3013329223297,49.3052822564291,49.3461859208915,49.4275663627017,49.5368383975417,49.642809837623,49.7056815957664,49.6979445262463,49.6219983120183,49.5090657502863,49.3999286477523,49.323849757515,49.2899764394781,49.29172737561,49.3160083315243,49.3503722100938,49.3861456748732,49.4186298781254,49.4460437974079,49.4682994236511,49.4860551117208,49.5001228992844,49.5111654338324,49.5195939900292,49.5255931379288,49.5292154331906,49.5305017837283,49.5295911138726,49.5267904366156,49.522586515733,49.517593946603,49.512450360815,49.5076842647737,49.5035904858534,49.5001485524919,49.4970089416198,49.4935527087071,49.4890068375613,49.4825783267382,49.4735621993882,49.4613872809759,49.4455892339831,49.4257386654102,49.4013951339991,49.3721950445286,49.3381984130583,49.3005922390033,49.2627332475717,49.2312463136848,49.2164366183944,49.2307527030048,49.2840016816246,49.3754892883683,49.4868206087016,49.5826638816614,49.6247485421634,49.5935712398197,49.5014637004183,49.3850419400073,49.2834335620272,49.2200496629679,49.1984339999323,49.2090347553191,49.23829936876,49.274645805055,49.3105509801409,49.3422358566358,49.3684922933549,49.389525738662,49.4061178602064,49.419124100165,49.4292276913577,49.4368658401796,49.4422619786362,49.4455150076967,49.4467071863018,49.4459991942349,49.4436877131802,49.4402102644836,49.4360946102294,49.431864235917,49.4279240968419,49.4244580587193,49.4213681437203,49.4182748202963,49.4145792953683,49.4095683110454,49.4025263610866,49.3928162100663,49.379900142902,49.363301354158,49.3425428650665,49.3171424687138,49.2867755160068,49.2517262344978,49.2137029959131,49.1769418445883,49.1491996591793,49.1417315893874,49.1668839717512,49.232226782113,49.3322640027015,49.4427551937116,49.5252727750215,49.5448627454062,49.491208205486,49.3860407005542,49.2695852078081,49.1777700691254,49.1277430262103,49.1179096994259,49.136404302237,49.1696511405551,49.2071022204595,49.2424005610168,49.2726560100511,49.2972083425735,49.3165498219588,49.3315915067618,49.3432415562564,49.3522087629234,49.3589525987496,49.363721723162,49.3666387730178,49.3677984924258,49.3673521304954,49.3655571874864,49.3627802430566,49.3594519960698,49.3559861172173,49.3526840337888,49.3496529317306,49.3467615954531,49.3436478756459,49.3397750641583,49.3345173030128,49.3272426686153,49.317362361021,49.3043284790323,49.2875904282708,49.2665566357596,49.2406463243611,49.2095442351068,49.173769988484,49.1356072051488,49.1002458772454,49.0766106090189,49.076806259188,49.1127558816568,49.1893093627196,49.2958784308407,49.4028444651806,49.4701153926994,49.4676455621391,49.394629600254,49.2807407093358,49.1677164267788,49.0871066167515,49.0499701836629,49.0504497184398,49.0751749223935,49.1109782808277,49.1484588114802,49.1823852596708,49.2106818521963,49.2331773677571,49.2506140000749,49.2640075830879,49.2742957723574,49.2821846295492,49.2881211489177,49.2923405727631,49.2949516359476,49.2960306767217,49.2957006120715,49.2941765193805,49.2917677991082,49.2888375042136,49.2857305867668,49.2826916254513,49.2797960778552,49.2769153718163,49.2737254471351,49.2697534608433,49.2644431498266,49.2572114578144,49.2474721251397,49.2346180684119,49.2179822639168,49.1968320146569,49.1704864010237,49.1386691022039,49.1021958386776,49.0640045827082,49.0303008154312,49.0111530349522,49.01931969092,49.0658956314326,49.1525499525426,49.2635253917502,49.3646331229317,49.4157119706874,49.392893006233,49.3045267154707,49.1862997134168,49.0794755402039,49.0105229673776,48.9849995175143,48.9938201459051,49.0228978220488,49.0598266994415,49.0963983820662,49.1284213540211,49.1545269818347,49.1749454691699,49.190603671434,49.2025695614807,49.2117614329323,49.2188337268587,49.2241731727506,49.2279593267853,49.230255982035,49.2311064387985,49.2306102344475,49.2289647581379,49.2264635817196,49.2234538142999,49.2202652803283,49.217131951537,49.2141281494973,49.2111371976317,49.2078592087534,49.2038506843035,49.1985764447944,49.1914493228766,49.1818389237626,49.1690488712534,49.1522905122554,49.1307153500596,49.1036006160234,49.0707984801348,49.0335324073608,48.9955041190541,48.9639902290472,48.9501190635413,48.9669831081308,49.0242853040041,49.1199479245593,49.2330269707718,49.3257891756416,49.3597587083956,49.31838348032,49.2185103356394,49.0998021793764,49.0012812969448,48.9439376663719,48.9285533388715,48.9438078244062,48.9755782108797,49.0124901275386,49.0475296611927,49.0774383349916,49.1014322806195,49.1200386201906,49.1342852620286,49.1452235270545,49.1536933066139,49.1602469108247,49.1651709052486,49.1685635637495,49.170435927676,49.1708099959688,49.1697922428204,49.1676071916671,49.1645850249269,49.1611081948523,49.1575323411203,49.1541035457224,49.1508945777533,49.1477763786225,49.1444289819272,49.1403820150701,49.1350639835503,49.127836703556,49.1179998452114,49.1047711299229,49.0872778239117,49.0646294664146,49.0361712995665,49.0020261340427,48.963986985122,48.9266665111405,48.8984703017831,48.8914306505859,48.9184728662537,48.9870688467158,49.0905808721459,49.2028336014849,49.2838399614127,49.2989127035929,49.2400984911709,49.1320203591893,49.0162647407789,48.9279558029767,48.8822881717509,48.8759378082324,48.8962030493396,48.9294869092192,48.9656569081676,48.9988813052546,49.0267311723862,49.0488884853606,49.0660722383899,49.079326141436,49.0896179342298,49.0976588338005,49.1038653635275,49.1084078967794,49.1113058152465,49.1125376024158,49.1121391746446,49.1102690442328,49.1072267326197,49.1034214825247,49.0993002155099,49.0952540390251,49.0915282803857,49.088159704131,49.0849558699501,49.0815176419528,49.0772910602813,49.071624651929,49.0638077511985,49.0530773193586,49.0386048049238,49.0195073127758,48.9949622397564,48.9645306337088,48.9287913732479,48.8903166233845,48.8548149538527,48.8318679405223,48.8341354537242,48.8735978400129,48.9542756692969,49.0638876355155,49.1710984390371,49.2354840693002,49.2287955412228,49.153110704391,49.039926007856,48.9305490437763,48.8545613584108,48.8210676679817,48.8232297941,48.8476880180911,48.8818299976267,48.9169296285989,48.9483207044247,48.9743133974287,48.9949526875665,49.011059889436,49.0236259558345,49.0334886229138,49.0412055900509,49.0470532301555,49.0510998985002,49.0533154610947,49.0536854195523,49.0523028905544,49.0494180633488,49.0454342364541,49.0408517426834,49.0361738416428,49.0317987177404,49.0279257817245,49.0245005146237,49.0212104337173,49.0175284694565,49.0127843951205,49.0062359833426,48.9971141772161,48.9846328914311,48.9679826906435,48.9463636582309,48.919147873662,48.8862819222369,48.8490185127047,48.810956043012,48.779097905143,48.7641788997272,48.7789840898209,48.8333786313872,48.9263181005884,49.0387532660995,49.1348300380327,49.1764067330364,49.144812785406,49.0532796170642,48.9386299373772,48.8393763030355,48.7780160498243,48.7574553106949,48.7679803260557,48.7962250782014,48.8309297353686,48.8648830235413,48.8945504870316,48.918898449123,48.9382518745298,48.9534709264844,48.9654553970396,48.9748995532203,48.9822164596166,48.9875692713307,48.9909633917884,48.9923630770101,48.9918015551912,48.9894588824459,48.9856894075873,48.9809918214367,48.9759282298874,48.9710117334825,48.9665909878528,48.962761912836,48.9593295921209,48.9558286558634,48.9515921672379,48.9458433790572,48.9377780928898,48.926612326998,48.9115917535786,48.8919930767329,48.8671865142445,48.8368617561766,48.8015283420869,48.7633511397812,48.727216068686,48.701576237201,48.6981156186956,48.7288725377678,48.7999681048458,48.9034832220149,49.0129882500676,49.0899654863081,49.1023488558132,49.0441067038564,48.9395797883775,48.8282598644166,48.7431184560016,48.6984529807534,48.6913197897382,48.7099554323129,48.7416118789567,48.7766538956186,48.8094166301611,48.8374275161416,48.8602232607803,48.8783436424748,48.8926530844909,48.9039553042462,48.9128209652162,48.9195563688792,48.9242591528009,48.9269201037038,48.9275374403276,48.9262145739344,48.9232179919018,48.9189807214829,48.9140490371026,48.9089839258146,48.9042410968164,48.9000602869582,48.8963933628401,48.8928904683911,48.8889463965829,48.8837905209944,48.8765897052891,48.8665309409657,48.8528628791214,48.8349028395849,48.8120538906075,48.783916389596,48.7506052931452,48.7133731166015,48.6755445224924,48.6435289691938,48.6272493689674,48.6388156738402,48.6881741699295,48.7757274755342,48.8851786386696,48.9833782652681,49.0326405793389,49.0113649489938,48.9280230859152,48.8160549928828,48.713888696243,48.64648203311,48.6196644402674,48.6256181739626,48.6515606219201,48.6859350121921,48.7208864554359,48.7522394799281,48.7784714926051,48.7995978321023,48.8163228415011,48.829504413143,48.8398696720636,48.8479049889475,48.8538586203097,48.8578105472807,48.8597742136492,48.8598002210547,48.8580562394893,48.8548635147558,48.8506798657022,48.8460314923436,48.8414090192005,48.8371535855544,48.8333629838702,48.829843579597,48.8261211702067,48.8215061835174,48.8151913275411,48.8063496804308,48.7942039006387,48.7780554106661,48.7572945755398,48.7314530106336,48.700395907757,48.6647661681322,48.6267490008284,48.591070635946,48.565816052958,48.5621565439906,48.5916836983881,48.6604837164381,48.76131518107,48.869035568948,48.9462798407648,48.9610048994858,48.9057944185963,48.8031297793208,48.6915083039905,48.6042783669538,48.5569220688936,48.5476183646426,48.565183237182,48.5969025115636,48.6328521175921,48.666978131498,48.6964570324232,48.7205736473237,48.7397289877774,48.7547524808001,48.7664960356602,48.7756350905521,48.7826075290439,48.7876393611825,48.7908199129674,48.7921967840273,48.7918648408816,48.7900275186426,48.7870151489587,48.783254664138,48.7791968053801,48.775218366792,48.7715247661038,48.7680794196302,48.7645796467509,48.760485268001,48.7550895252815,48.7476082196053,48.7372581465215,48.7233045231176,48.705080418621,48.6820163108586,48.6537570205659,48.6204719697491,48.5834570117915,48.5460372342643,48.5145468072752,48.4987408490763,48.5104913735643,48.5595167146882,48.6461268344509,48.7541654167172,48.8508180448758,48.8987220771473,48.876371114126,48.7920999620537,48.6792007307431,48.5761371522301,48.5080679331824,48.4810282315706,48.4872818829792,48.5139802503042,48.5494008333776,48.5854867465044,48.6178743006396,48.644898563862,48.6664963495703,48.6833641905411,48.6964197628781,48.70650476281,48.7142535757972,48.7200686981648,48.7241616199716,48.7266289177614,48.7275386677954,48.7270054133203,48.7252359130881,48.72253452037,48.7192663905667,48.7157873140264,48.7123582113053,48.7090672860879,48.7057813290225,48.7021393039484,48.6975881123374,48.6914465542272,48.6829744810908,48.6714251433647,48.6560729389161,48.6362360260419,48.6113492471092,48.5811776986504,48.5462763439896,48.5087619279563,48.4733140675888,48.4479983746728,48.4440096450954,48.4730266699692,48.5412835155338,48.6416775688349,48.749061045744,48.8258333802636,48.8396136478982,48.7828665540189,48.6783813572534,48.5652287418261,48.4772158279042,48.4299323683054,48.4213595020723,48.4399949766216,48.4728349230485,48.5097508983827,48.5445664279372,48.5743975822253,48.598517333035,48.6173584466006,48.6318237341541,48.6428750774294,48.6513230765417,48.6577480273565,48.6625034505674,48.6657688927023,48.6676269457575,48.6681431453774,48.667430093243,48.6656813697196,48.6631676418082,48.660196349098,48.657045661268,48.6538904839713,48.6507406904897,48.6474081010252,48.6435095223107,48.6385010622124,48.6317283407496,48.6224731309581,48.6099834951272,48.5934934639535,48.5722682427471,48.5457459457509,48.513874360535,48.4777365886191,48.4404780276309,48.4083234656215,48.3910562267236,48.4008117596534,48.4478811440536,48.5333770163144,48.6418147173281,48.7403735576881,48.7907397309488,48.769999897511,48.6856351035528,48.5712236150988,48.4662697527001,48.3968763243513,48.3694258503524,48.3760000539298,48.4033574562878,48.439423257632,48.4759232713382,48.50840354351,48.5351960721284,48.5562871270091,48.5724538504035,48.584713222414,48.5940152632369,48.6011010156723,48.6064653559455,48.6103846350377,48.612981477964,48.6143048137225,48.6144058653722,48.6133935968575,48.611457934393,48.608856379226,48.6058683925832,48.602730096604,48.5995669537941,48.5963422157648,48.5928334815281,48.5886400041114,48.5832126629205,48.5758912220813,48.5659340630078,48.5525370887627,48.5348615200286,48.5121219608247,48.483818536347,48.4502135040187,48.4131210567542,48.3769434184254,48.3495775216451,48.3423210878997,48.3674500316277,48.4324252082981,48.5317607052141,48.641494614236,48.7237168787619,48.7439280838299,48.6918168223974,48.5885849170666,48.4737411976188,48.3827688413019,48.3328118963236,48.322556469104,48.3404483203735,48.3730985176496,48.4099959770088,48.4447214401035,48.4742922365831,48.4979819696241,48.5162773540208,48.5301558056544,48.5406545048806,48.5486482031267,48.5547627870128,48.5593740305278,48.5626579801818,48.5646684590378,48.5654210425681,48.5649651670431,48.563429497147,48.5610315758614,48.558050862969,48.5547730120779,48.551420348648,48.5480867044431,48.5446926280685,48.5409697394623,48.5364727795861,48.5306084999355,48.5226664047563,48.5118413783469,48.4972544606005,48.4780047533369,48.4533180782529,48.4228857957353,48.3874878370202,48.3499253155083,48.3160844198826,48.2955543207189,48.3006875855757,48.3427353210173,48.4246415152859,48.5331197471272,48.636614014165,48.6957753614219,48.6843639302418,48.6061804297562,48.4931072231867,48.3855683863256,48.3119138571712,48.2804601218375,48.2841787933346,48.3098509657399,48.3450394885057,48.3810847357631,48.413274154838,48.4398185259769,48.4606770227998,48.4766457740497,48.4887715263677,48.4980241035888,48.5051450146538,48.5106086998301,48.5146537497043,48.5173545779365,48.518710215836,48.5187296839447,48.5174961434716,48.515196835218,48.5121132191735,48.5085748035574,48.5048888629651,48.5012641070702,48.4977473053855,48.494187126842,48.4902301363623,48.4853430540439,48.4788473623687,48.4699515981948,48.4577764388118,48.4413889084551,48.4198923755944,48.3926514937085,48.3597507249352,48.3227613644793,48.2857717626175,48.256348376135,48.2456141445196,48.2661418113056,48.3265110731753,48.4232207273701,48.5344516455184,48.6231378173089,48.6531242099941,48.6104241234223,48.5127692866271,48.3984828351712,48.3043071649906,48.2496507294641,48.2350128871835,48.2496660041269,48.2802775276242,48.3160484484927,48.3502328366587,48.3796106336191,48.4033205631998,48.4217843497208,48.4359461382916,48.4468136449041,48.4552212223502,48.4617398838694,48.4666805638888,48.470153951308,48.4721595255591,48.4726805267207,48.4717641833214,48.4695704570931,48.4663792098016,48.4625548163534,48.4584772033238,48.45445656303,48.4506529924633,48.4470203489338,48.4432857644863,48.438964718559,48.4334003608173,48.4258097689172,48.4153233307479,48.401018852982,48.3819787422399,48.3574321192426,48.3270733543505,48.2916525973992,48.253871761206,48.219427469564,48.197659924022,48.2007428418865,48.2400664188688,48.3193085154132,48.4265477555375,48.5316893675462,48.595881032686,48.5916139944452,48.5200917363498,48.4108470332775,48.303552533633,48.227440122896,48.1923794014377,48.192626841765,48.2156195059885,48.2490555867231,48.284143949993,48.3159704168218,48.3425685408744,48.3637666004076,48.3802649115015,48.3930309990114,48.4029583260748,48.4107094191297,48.4166793052682,48.4210343933395,48.4237945066331,48.4249318349899,48.4244635134529,48.4225177485706,48.4193590746199,48.4153669864837,48.4109728085963,48.4065698971519,48.402419245847,48.3985738014083,48.3948392691158,48.3907780486036,48.3857495972507,48.37896994951,48.3695705243149,48.3566455616706,48.3392996349294,48.3167389915203,48.2884851301053,48.2548098004707,48.2174664827854,48.1806714858738,48.1520010823526,48.1424002437631,48.164039415993,48.2249499028659,48.3212112570261,48.4311265692197,48.5185040059658,48.5484015291757,48.5074484774241,48.412783693925,48.3013375565475,48.2086859343647,48.1539456746578,48.1380778725176,48.1510676240504,48.1801526443809,48.2148345448864,48.2484460905411,48.27771913956,48.301692246702,48.3206753548218,48.3355050679438,48.3470897716481,48.3561735193789,48.3632479575416,48.3685596863808,48.3721757327964,48.3740782161491,48.3742630564446,48.3728202518073,48.3699776754219,48.3660978851751,48.3616277957102,48.3570123879865,48.3525930663949,48.3485158340276,48.3446721304378,48.3406859107686,48.3359467492469,48.3296750125202,48.320997128087,48.3090117435944,48.292843927092,48.27171366284,48.2450810884056,48.212961520605,48.1765038640427,48.1388531392166,48.1061086116818,48.087794234934,48.0957602942364,48.1402654742971,48.2230337704197,48.3300439695514,48.4303468816809,48.4866698690976,48.475073417296,48.4000477873269,48.2919466473698,48.1887184232742,48.1170608680448,48.0851580886994,48.0868762318262,48.1100928744722,48.1431619077195,48.177803249328,48.2093766333837,48.2359976517454,48.2574625546481,48.2743889264614,48.2876504259902,48.2980564330118,48.3062047201191,48.3124483791443,48.3169350948946,48.3196877706798,48.3207006205939,48.3200273444296,48.3178411294165,48.3144520712122,48.3102766784436,48.3057652852358,48.3013039859435,48.2971150488345,48.2931809844831,48.2892113662171,48.2846592769851,48.2787795382812,48.2707091044302,48.2595469423621,48.2444206267289,48.2245508605053,48.199359728832,48.1687039282656,48.1333307613678,48.0956164341564,48.0604966551393,48.0361783885477,48.0337449598637,48.0644100475217,48.1336619398254,48.2337605933807,48.3396547452508,48.4149243024842,48.4288930368446,48.3749315524211,48.2750582278469,48.1664277169509,48.0811695955125,48.0343386237805,48.0244181964948,48.0408163588711,48.0713225199098,48.1062847700239,48.139716854593,48.1687453245137,48.1925671634555,48.2115084283932,48.2263596349853,48.2379728474893,48.2470528126247,48.2540788096417,48.2593110504801,48.2628489277344,48.2647154201344,48.2649448708201,48.2636534828763,48.2610758478069,48.2575578772894,48.253506305504,48.2493056751641,48.2452226581504,48.241321809337,48.2374144558139,48.2330533369811,48.2275722211886,48.2201566076097,48.2099244569985,48.1959997979947,48.1775797895407,48.1540261788365,48.1250481589974,48.0910697779408,48.053861530962,48.0174128327552,47.9887664977277,47.9781045407978,47.996929023672,48.0532821103044,48.1445083841653,48.2513647351549,48.3400452964829,48.3759586902437,48.343130965156,48.2546136544669,48.1445505860418,48.048587000118,47.9880374169494,47.9664024601794,47.9753000276408,48.0024587368151,48.0370931052744,48.071925555693,48.1030622559016,48.1290444227418,48.1498524978809,48.1661520304713,48.178811224633,48.1886313369526,48.1962229859463,48.2019775465573,48.2060987905105,48.2086694036998,48.2097310371608,48.2093582834474,48.2077093571247,48.2050411265908,48.2016838891404,48.197980856707,48.1942065414124,48.1904844045017,48.1867249607278,48.1826000841305,48.1775587030614,48.1708767859138,48.161725467601,48.1492405752897,48.1325885019708,48.1110480785409,48.0841616668882,48.0520394561245,48.0159048766247,47.9789033146517,47.9469992061178,47.9294101498247,47.9375487166152,47.9812724966218,48.0622243461518,48.1668592467205,48.2651635503216,48.3206868401217,48.309517139404,48.2352815800454,48.127272217444,48.022995306986,47.9495229115264,47.9158053295961,47.9163464846745,47.9392897585516,47.9729159716844,48.0086797157493,48.0416202970837,48.0695658419975,48.0921032992348,48.1097370490319,48.1233247621992,48.1337459275096,48.1417331293296,48.1478094205416,48.1522934341911,48.1553462748721,48.1570400862141,48.1574302662608,48.1566147107315,48.1547664802347,48.1521319188745,48.1489941447505,48.1456104375351,48.1421390690922,48.1385742485563,48.1347056385014,48.1301115459208,48.1241846212869,48.1161796858824,48.1052699566132,48.0906046931882,48.0713802591254,48.0469660098154,48.0171582882024,47.9826516343332,47.945780563094,47.9114409834218,47.8877859443717,47.8858195118737,47.9166562432707,47.9856895746954,48.0851160080888,48.1898613122834,48.263520860906,48.2754991313064,48.2193729023378,48.1175030058764,48.0074119444043,47.9214573745659,47.8747023885766,47.8654673834832,47.8829296090965,47.9146572058598,47.9508153471397,47.9852735500343,48.0150488962774,48.0392663912419,48.0582260463467,48.0727464352282,48.083763773389,48.0921153534147,48.0984434901518,48.1031760519194,48.1065552686829,48.1086948119996,48.1096482634581,48.1094732079024,48.1082769333374,48.1062336025147,48.1035690160649,48.1005167445897,48.097256611908,48.0938511004495,48.0901955202286,48.0859932625113,48.0807594127734,48.0738474368148,48.0644887537292,48.0518380175822,48.0350307855428,48.0132850240096,47.9861087223964,47.9536993423049,47.9176088443905,47.8816510314316,47.8527798255662,47.84123596094,47.8587940257405,47.9139938889909,48.004754923485,48.1121318567552,48.2019709402643,48.2387264580001,48.2055116985324,48.1152724051066,48.0029556241117,47.9052656034976,47.8441202977805,47.8229772271605,47.8330252481984,47.8615140398816,47.8973125291298,47.9329584633895,47.964490999419,47.9904538537169,48.0108705632034,48.0264790714633,48.0382459646199,48.0470930706241,48.0537648876018,48.058785159187,48.062469708279,48.0649738908976,48.0663578263002,48.0666540287437,48.0659231462845,48.0642861595587,48.0619263482026,48.0590611245917,48.0558910063995,48.0525385691594,48.0489923515305,48.045068428281,48.0403962399093,48.0344274711227,48.0264608570473,48.0156758432516,48.0011774499505,47.9820748651586,47.9576447991983,47.9276583663771,47.8929561200434,47.8562991793437,47.8233421209939,47.803206905448,47.8076374947836,47.8474548137,47.9258617195291,48.0309013193582,48.1331009872955,48.1946662780462,48.188918792632,48.1170962648899,48.0080728812338,47.9008221530673,47.824356918036,47.7888026674139,47.7888170983985,47.812096955678,47.846365660744,47.8826718855766,47.9158509233586,47.9436805963339,47.9657875111264,47.9827590678357,47.9955526375778,48.005150069128,48.012380301188,48.0178490892151,48.0219361152474,48.0248342427533,48.0266126907763,48.0272882795902,48.0268898397676,48.0255027637581,48.0232847234186,48.0204497529575,48.0172250923803,48.0137915794446,48.0102220312007,48.0064316333873,48.0021497723121,47.996915524633,47.990092189301,47.9808936940226,47.9684211614958,47.9517236842772,47.9299228280651,47.902469772126,47.8696220738332,47.8332020383383,47.7975755367923,47.7705004093599,47.7630222661016,47.787154732042,47.8503378830885,47.9476164171077,48.0561866118149,48.1394288552059,48.1632920868837,48.1164178903607,48.0179497179394,47.9056646058669,47.8146182540387,47.762726844358,47.7498709587574,47.7654379421179,47.796491684765,47.832572159392,47.8670938288763,47.8968407896969,47.9208726925675,47.9395189413593,47.953665785746,47.9643205735328,47.9723768639065,47.9785103838616,47.9831575664001,47.9865459954878,47.9887557162756,47.9897941364353,47.989668473395,47.9884411927251,47.9862573161658,47.9833382630362,47.9799442398899,47.9763144303092,47.9725993201176,47.9688007274293,47.9647318559291,47.9600028818006,47.9540297880372,47.9460591216322,47.935203065914,47.9204907380592,47.9009636775303,47.8758726876357,47.8450587266614,47.8095982286015,47.7727176343151,47.7407662320239,47.723629980635,47.7334645982053,47.7804890046618,47.8657437457496,47.9738659184656,48.0725028213185,48.1240136336269,48.1058607277409,48.0251346441188,47.9143584408346,47.8119680244275,47.7435791918976,47.7157536757092,47.7211065933315,47.7469357033657,47.7815320673296,47.816796171072,47.8483143363919,47.8743895132472,47.8949565264685,47.9107449629175,47.9227390153322,47.9318715285719,47.9388766533302,47.9442440510224,47.9482373143355,47.9509516157889,47.9523911103304,47.9525484710335,47.9514702712996,47.9492948982307,47.9462551580574,47.9426452831324,47.9387601574284,47.9348211181355,47.9309056168501,47.9268961482999,47.922457507341,47.9170427330436,47.9099206573217,47.9002160676203,47.8869608462938,47.8691728881792,47.8460074462194,47.8170550949307,47.7828732177959,47.7457970969062,47.710922505363,47.6868197376825,47.6850472460966,47.7171782072215,47.7886062555382,47.8907852255175,47.9973271928092,48.0707676153382,48.0806911458049,48.0222284678502,47.9195757673913,47.8110275433427,47.7282927128969,47.6850764952819,47.6785404899774,47.6973331671487,47.7290611097459,47.7642355631143,47.7971515811439,47.8252032236609,47.8477954987401,47.8654049055369,47.8789328268483,47.889319578602,47.897344895393,47.9035508057764,47.9082427950677,47.9115398337506,47.9134512632669,47.9139612401524,47.9131027543564,47.9110057468792,47.9079089065842,47.9041323078955,47.9000168905141,47.8958447410109,47.8917588602348,47.8877008539673,47.8833794502247,47.878273507803,47.8716636360471,47.8626811912659,47.8503666342876,47.8337438553056,47.8119427926517,47.784433925365,47.751460406316,47.7147366993734,47.6783746393501,47.6497325120651,47.6394374127903,47.6593839878373,47.7176620949118,47.81105948348,47.9192430878607,48.0074111392671,48.0409660021168,48.0052361857882,47.9150856576502,47.8056900188265,47.7123609908744,47.6552034612336,47.6365135077308,47.6472403518688,47.6750086275748,47.7092684063728,47.7430871789862,47.7728891198543,47.7974557073255,47.8169271142753,47.8320629317246,47.8437766318788,47.8528795633605,47.8599669847551,47.8653963830583,47.8693245392877,47.8717790524909,47.8727437407517,47.8722387184373,47.8703779127553,47.8673911468047,47.8636051316884,47.8593868619852,47.8550619868421,47.8508272046469,47.8466773913627,47.8423640348181,47.8373925309116,47.8310549899605,47.8224869273693,47.8107354848323,47.7948374204354,47.7739279706573,47.7474329514944,47.7154242769804,47.6792181784471,47.6422204898005,47.6108108594825,47.5946650746145,47.6054442726806,47.6526896033761,47.7369243727944,47.8429511208539,47.9395654257107,47.9907826067131,47.9750009386459,47.8985779846762,47.7920377694005,47.691986460681,47.623462632903,47.5936615368275,47.5963080911083,47.619629104609,47.652414177421,47.6866888955266,47.7179491680532,47.7443254143301,47.7655734732915,47.782267353187,47.7952640633172,47.8053933828923,47.8133054191962,47.8194222882115,47.8239571352877,47.8269746301988,47.8284718885201,47.8284603331033,47.8270303812547,47.8243842295838,47.8208283349966,47.8167259893823,47.8124199455629,47.808142881143,47.8039370848777,47.7996025468727,47.7946848184006,47.7885029257468,47.7802075063661,47.7688553170634,47.7534928621439,47.733261223998,47.7075639256955,47.6763701707591,47.6407353682167,47.6035692712926,47.5705095333092,47.5504129244039,47.5545128786144,47.5930650495458,47.6690921775824,47.771375956525,47.8722203173263,47.9357927024954,47.9359734573254,47.8722140705272,47.7701687321539,47.6662598811467,47.5889955447069,47.549764923225,47.5450672409062,47.5640456731445,47.5951547867873,47.6295954040216,47.6620415669057,47.6900048622311,47.7128508236406,47.7309483880538,47.7450794909295,47.7560819540756,47.7646612916825,47.7713152361095,47.7763317783748,47.7798339984758,47.7818510384121,47.782396519416,47.7815365816887,47.7794320009968,47.7763438523916,47.7725999534926,47.7685285440968,47.7643741089666,47.7602153946099,47.7559055643935,47.7510486068275,47.7450161367724,47.7369982276998,47.7260758171816,47.7113054172614,47.6918223855628,47.6669959982733,47.6367004206069,47.6017816736151,47.5647658273307,47.5307116795696,47.5078050579565,47.5068450564673,47.5384634964713,47.6074417459747,47.7056480652168,47.8084710920678,47.8808514214654,47.8936630268555,47.8408669749774,47.743626858327,47.6375040507654,47.5534604048942,47.5063734169241,47.4952847245986,47.5103325302296,47.5398191964827,47.5742874612233,47.6077017467034,47.6370157583136,47.6612297700773,47.6805119175283,47.6955641633247,47.7072263796745,47.7162575099267,47.7232354744344,47.7285344286064,47.7323520557296,47.7347671153327,47.7358100851453,47.7355303682207,47.7340448073014,47.7315558138363,47.7283337143971,47.7246661258436,47.7207854524265,47.716791614093,47.7125887995722,47.7078514489615,47.7020266598115,47.6943706237403,47.6840099228046,47.6700193539539,47.6515200070062,47.62782495078,47.598689452176,47.5647423133108,47.5281524839207,47.4934677931757,47.4682903310412,47.4630251820246,47.488573325897,47.5511528169278,47.6452666383338,47.749104071105,47.8285970176804,47.8523352532982,47.8095530492389,47.717206815224,47.6097185574625,47.5199979325303,47.4660189782894,47.4491977324166,47.4606623373819,47.4886290097914,47.5230615593694,47.5572828160869,47.5877388945224,47.6130975460964,47.6333438980232,47.649106441579,47.6612264384454,47.6705125657564,47.6776198180239,47.6830085965648,47.6869556973075,47.6895981144026,47.6909941518912,47.6911870505249,47.6902568872117,47.6883487741468,47.6856701553556,47.6824568807449,47.678915319661,47.6751540287381,47.6711214138847,47.6665642255739,47.6610158839535,47.6538156448135,47.6441531804961,47.631132698381,47.6138600448369,47.5915766174832,47.5638914886449,47.5311849076309,47.4952440157575,47.460096077597,47.4327637777129,47.4232600366569,47.4427283614558,47.4987603919931,47.5884438097885,47.6928352544621,47.7790944275943,47.8138048760888,47.7815458929989,47.694841274404,47.5866450504606,47.4916349876044,47.4309051413135,47.4083563962678,47.4161912188823,47.4425691495408,47.4768739268121,47.5117829387196,47.5432398075911,47.5695922867359,47.5906562142427,47.6069961635696,47.6194576599582,47.6288955587292,47.6360341000133,47.6414108909501,47.6453746393639,47.6481175145066,47.6497277839031,47.6502494747342,47.6497359804419,47.6482858329546,47.6460523398971,47.6432244056795,47.6399825833903,47.6364405313082,47.6325857234942,47.6282331785897,47.6230020107843,47.61631825733,47.6074417280519,47.5955135188254,47.5796280935165,47.5589513848154,47.5329319034573,47.5016750998991,47.4665479779717,47.4310064545288,47.401429702462,47.3873642893463,47.4001338288297,47.4487146856957,47.5329647153219,47.6372296096493,47.7304231416289,47.7773756796219,47.7576499250489,47.6784915928125,47.5706450140164,47.4703891700656,47.4022885874003,47.3732115157643,47.3767518008299,47.4011082520778,47.4350459487881,47.4705211030974,47.5029150367332,47.5302243311972,47.5520858041116,47.5690001148736,47.5818176304476,47.5914356917532,47.5986387762634,47.6040289482761,47.6080133139045,47.6108282342401,47.6125862159415,47.6133331257058,47.6131034746406,47.6119622036122,47.610023946243,47.6074453921005,47.6043923889799,47.6009893631729,47.5972627909753,47.59309145919,47.5881737120202,47.5820168119904,47.5739484319532,47.5631486777793,47.5487065754451,47.5297200230781,47.5054818351978,47.4758189781947,47.4416573592621,47.4058309371937,47.3739806098422,47.3550411215694,47.3603479169501,47.4001729503224,47.4773200685264,47.5800246035979,47.6798553038657,47.740518972039,47.7362542507431,47.6677741657103,47.5622626430789,47.457061548429,47.3806076329886,47.3435313507139,47.3414481658258,47.3628670029192,47.3959335692882,47.4317682408646,47.4650691707795,47.4933968498814,47.5161622342232,47.5337806672036,47.5470978735856,47.5570467159736,47.564462780103,47.5700003404642,47.5741110195843,47.57706256188,47.5789828749862,47.579917045181,47.5798853014432,47.5789302741514,47.5771438562315,47.5746679993701,47.571669368005,47.5682936696391,47.5646100587504,47.5605578461539,47.5559062117605,47.5502333674078,47.5429267239414,47.5332032901293,47.52015335122,47.5028231909084,47.4803743515884,47.4523822254372,47.4193495787494,47.3834769249373,47.3495945839071,47.3258572810592,47.323340028948,47.3533163109073,47.4214545914609,47.5203356630234,47.6252752702379,47.7000624788484,47.7139275045287,47.6599443967209,47.5599114989568,47.4510144025136,47.3655859124328,47.3188649193699,47.3093895560686,47.326502215046,47.3578628389075,47.3936705843501,47.4277928856584,47.4572263105378,47.4810705738785,47.4996069775531,47.5136510174336,47.5241567836026,47.5320004000725,47.5378779608206,47.5422747806271,47.5454798964509,47.547629199064,47.5487641294133,47.5488934958643,47.5480462467413,47.5463046806676,47.5438112875381,47.5407478763646,47.5372917265026,47.5335585939182,47.5295449816278,47.5250812909746,47.5198036501612,47.513147132086,47.5043597173468,47.4925383051501,47.4766984075114,47.4559088907694,47.4295486731511,47.3977611032775,47.3621653824122,47.3267816567122,47.298870509939,47.288953040133,47.3088351146916,47.3665944713623,47.4591427946273,47.5663928118741,47.6537784799173,47.6867619428412,47.6505337122699,47.5597978259011,47.4497375269245,47.3558447138373,47.2984290255123,47.2798862615617,47.2911369270601,47.319694608196,47.3548678618063,47.3895830011007,47.4201379914772,47.4452132378408,47.4648842646611,47.4798937068905,47.491192814745,47.4996842638443,47.5060967665794,47.5109423447997,47.5145258696268,47.5169876701628,47.5183647014637,47.5186568715694,47.5178854485622,47.5161319641031,47.513549624297,47.5103448006273,47.5067326548901,47.502876720565,47.4988256304923,47.4944600371305,47.4894591586677,47.4832908071718,47.4752240795037,47.4643637709906,47.4497134357123,47.4302916157785,47.4053509653722,47.3747730461948,47.3397088413055,47.3034615121731,47.2723983208441,47.2562864363681,47.2669706676618,47.3142100845971,47.3986583627584,47.5050122128165,47.6016842900009,47.6522468840457,47.6350000070532,47.5567681982208,47.4488502157211,47.3484098630717,47.2805248945494,47.2520237057466,47.2561635619837,47.2808246678365,47.3146255864844,47.3495481693928,47.3811048521062,47.4074596175504,47.4284046781988,47.444557095606,47.4568330319815,47.4661436786752,47.473241289948,47.4786608218456,47.4827222310163,47.4855712647884,47.4872424340527,47.4877295259001,47.4870494282307,47.4852864228227,47.4826076360934,47.4792460820721,47.4754547323337,47.4714416248339,47.4673003014098,47.4629504361982,47.4581000974559,47.4522349205876,47.4446333372567,47.4344046966733,47.4205524437199,47.4020798919815,47.3781805265358,47.3485804719353,47.3141078396923,47.2775126054144,47.2443900754702,47.2237141653869,47.2270123336262,47.2649664619829,47.3410053776641,47.4440459368068,47.5460581311256,47.6105155682995,47.6107321774464,47.5462124710937,47.4432630939072,47.3390221881213,47.2622714926125,47.2241728358906,47.2207772976402,47.2408471793583,47.2726428873002,47.3073348841349,47.3396575367231,47.3672119121247,47.3894499816111,47.4068152218317,47.4201551134423,47.430369508793,47.4382252846756,47.4442791312604,47.4488695770527,47.4521533053271,47.4541677580018,47.4549042373547,47.4543762023536,47.4526686620667,47.4499579392866,47.4464969049701,47.442568241318,47.4384156878972,47.4341685106385,47.4297758914737,47.4249649121421,47.4192292402577,47.411848170988,47.4019312567546,47.3884865737265,47.3705237538096,47.3472261247212,47.3182533744916,47.2842497510309,47.2475975812793,47.2133147069978,47.1896871091756,47.1877735796936,47.2185958875132,47.2873439153992,47.3861191462978,47.4901889233545,47.564034288165,47.5780271375672,47.5259491456621,47.4291846633829,47.3236355645255,47.2404025889273,47.1942316641777,47.1839157733202,47.1994003685813,47.2289226567172,47.2630686104305,47.2959022043647,47.3244884281873,47.3479253707386,47.366456193575,47.3808346841563,47.3919324563272,47.4005237583675,47.4071882879801,47.4122903901457,47.4160076692468,47.4183898933396,47.4194317796517,47.4191437528163,47.4176056687307,47.4149914896485,47.4115585240064,47.4076024718107,47.4033875223631,47.3990669894064,47.3946124593589,47.3897671423882,47.3840326241582,47.3766899401368,47.3668497757406,47.3535271401587,47.3357466476804,47.3127062043803,47.284054245399,47.2503531064695,47.2137761657185,47.1789653799951,47.1536983496805,47.148583179129,47.1746444939163,47.2380192898944,47.3328836360023,47.4370211025734,47.5162355453284,47.5395206188049,47.4968492247433,47.4056756383392,47.300268250747,47.2128695251141,47.1607486477571,47.1449366295323,47.1565448856432,47.183997021807,47.2175272019853,47.2506961318982,47.2801235687696,47.304588772569,47.3241384581258,47.3394242347025,47.3512803360805,47.3604845301688,47.3676428249173,47.3731549358925,47.3772325176544,47.3799507663043,47.3813171744412,47.3813417163428,47.3800932391516,47.3777292195318,47.374491104758,47.370664798985,47.3665140303828,47.3622012314417,47.3577140604681,47.3528144511667,47.347021275971,47.3396294165828,47.3297610175609,47.3164435571295,47.2987180686225,47.2758006625842,47.2473471203473,47.2138894205617,47.1774940526907,47.1425836319832,47.1166060415468,47.1098243122958,47.1331367135083,47.1931045029848,47.2850815956121,47.388481402831,47.4702230058942,47.4988197350046,47.4620570895539,47.3747787798977,47.2698723259243,47.1800172932623,47.1240197420976,47.1044453536657,47.1133047113071,47.1392495639336,47.1723285710896,47.2057675993539,47.2358625698529,47.2611439710275,47.2814941937259,47.2974728493744,47.3098777824655,47.3194904127194,47.3269467208638,47.3326902635985,47.3369789911222,47.3399269625793,47.3415657172979,47.3419106024851,47.3410174507511,47.3390166450034,47.3361157993526,47.3325688851317,47.3286174411214,47.3244165837727,47.3199627713596,47.315040168417,47.3091978413254,47.3017625422361,47.2918849084885,47.2786149546469,47.2610098608113,47.2382949906697,47.2101242326523,47.1770048414894,47.1409357851542,47.1062075953885,47.0800670169752,47.0725525040587,47.094441880389,47.1524758333651,47.2426307343414,47.3452555713135,47.4279912603612,47.4592100115532,47.4255470216385,47.3403589557656,47.2356757041428,47.1443591095848,47.0860751253928,47.0642894097683,47.0715576591832,47.0966783364579,47.1295906370232,47.1633113205029,47.1939266748865,47.2197997374401,47.2406974716303,47.2571124813536,47.2698167499881,47.2795990718274,47.2871275736063,47.292893267376,47.2972065022832,47.3002282689866,47.3020225295182,47.3026164418649,47.3020551364026,47.3004386309,47.2979316828402,47.2947429630052,47.2910769661619,47.2870688628584,47.282717086081,47.277829308191,47.2719942083516,47.2645853121509,47.2547971466809,47.2417120682405,47.2244023677332,47.2020886007041,47.174398553913,47.1417894796417,47.1061812221787,47.0717512546587,47.045605795322,47.0376518446296,47.0586272878785,47.1154368295771,47.2044858336755,47.306697455784,47.3900864456947,47.422834663523,47.3908180060644,47.3065394755397,47.201644618625,47.1092366749116,47.0495537747451,47.0265729828862,47.0331051507924,47.0579664269843,47.0909837227928,47.1250262902649,47.1560485867451,47.182314506636,47.2035254875296,47.220138656331,47.2329169019858,47.2426628362326,47.2500769957258,47.2556953766347,47.2598780998602,47.2628319255095,47.2646541712895,47.265386547358,47.2650670514863,47.263768430457,47.2616140364824,47.2587664590846,47.2553904133123,47.2515975903008,47.2473857839776,47.2425861471409,47.2368303980677,47.2295451356657,47.219975627478,47.2072401487574,47.1904219002377,47.1687207566667,47.141709132536,47.1097536695856,47.0746505247664,47.0404294656532,47.0140516027465,47.0053401820217,47.0251051727093,47.080572127976,47.168707572898,47.2710132370461,47.3556943106041,47.390447289476,47.3601821814335,47.2765870715838,47.1711633360061,47.0775013506298,47.0165071284375,46.9926069594035,46.9987355330513,47.0236127926981,47.0568944271995,47.0912947177717,47.1226603986906,47.1491924621011,47.1705621477683,47.1872187045723,47.19993331296,47.2095297359642,47.216739913236,47.2221380595256,47.2261245003262,47.2289422858126,47.2307151056665,47.2314963162571,47.231318502243,47.2302329822124,47.2283303163677,47.225736576855,47.2225854097258,47.2189715534453,47.2148959433038,47.2102144831065,47.2046014575826,47.1975351092916,47.1883092521487,47.1760741867602,47.1599160839889,47.1389984890949,47.1128106997208,47.0815851107184,47.0469339791622,47.0126694212076,46.9855485576303,46.9753035641015,46.9929171522394,47.0461882122221,47.1330198353076,47.2358316606056,47.3230707860875,47.3615595825254,47.3345712495525,47.2524399807651,47.1464330960098,47.0509400583018,46.9879509791458,46.962612943458,46.9680551488942,46.9928455744879,47.0263791371737,47.0611459231865,47.0928505849105,47.1196250752277,47.1411199959119,47.1577910021913,47.1704292770332,47.1798850944461,47.1869197917932,47.1921374204059,47.1959660668547,47.198671577972,47.20039256379,47.2011872069946,47.2010820948543,47.2001130813372,47.1983494105462,47.195895467927,47.192869216633,47.1893615835137,47.1853853909769,47.1808246322094,47.1753943868779,47.1686190357498,47.1598335326571,47.1482122857073,47.1328359588142,47.1128203860449,47.0875523775863,47.0570953309487,47.0228199279669,46.9882376089615,46.9598056760669,46.9470975771556,46.9613068504016,47.0110441347974,47.0956252229515,47.1989669957355,47.2900943731181,47.3346850712359,47.3134955630537,47.2345179346076,47.1283048478801,47.0302597441597,46.9640532830099,46.9360998994795,46.9400039294458,46.9642189688557,46.997792724735,47.0328813206601,47.064963245784,47.0920531326362,47.1137605953857,47.1305432598447,47.1432136918473,47.1526492897548,47.1596373505105,47.1648035804606,47.1685920611237,47.17127839783,47.1730046073599,47.1738263455681,47.1737629052657,47.1728401509071,47.1711175810748,47.1686935692388,47.1656872535338,47.1622005762689,47.1582682958339,47.1538061830835,47.148567461808,47.1421153048376,47.1338165543803,47.1228615722034,47.1083204271841,47.0892588041962,47.0649572620575,47.0352969696016,47.001372748926,46.966328533091,46.9362197533973,46.9203458604779,46.9300487167997,46.9748545179948,47.0558720484683,47.1591483421596,47.2548803367743,47.3076764645234,47.2950698396002,47.2215589219211,47.1161263095768,47.0151058974882,46.9443883730874,46.9123334768223,46.9134773991855,46.9363201457305,46.9695255233899,47.0048038893096,47.0372976863499,47.0648253974665,47.0869090770067,47.1039847782978,47.1168756840215,47.1264805485239,47.1336071525485,47.1388956077567,47.1427968711159,47.14558653413,47.1474015065533,47.1482896783803,47.1482626596088,47.1473414760734,47.145586100425,47.1431025302651,47.1400255642293,47.1364805483725,47.1325318522629,47.1281284271163,47.1230568144777,47.1169097571384,47.1090757062734,47.0987537189753,47.085002701003,47.066846198527,47.0434737880543,47.0146010751966,46.981053699818,46.9455880568344,46.9137924553283,46.8945726758384,46.8992677206859,46.9382205827311,47.0144337488443,47.1165096079863,47.2164849141288,47.2784043595808,47.2764278918859,47.2106941610721,47.1075932372135,47.0038873314967,46.927886032579,46.8904634589141,46.8876115157706,46.908158839793,46.9404449377384,46.9756723909779,47.0085508596332,47.0366169678123,47.0592444961579,47.0768102622261,47.0901264974897,47.1001010618166,47.1075543941567,47.1131347551671,47.1172941059009,47.1203025539713,47.1222875870699,47.123287214844,47.1233063633842,47.1223657391519,47.1205334648895,47.1179327724843,47.1147237228227,47.1110623731224,47.1070456499476,47.102653052137,47.0976964016235,47.0917864190889,47.0843214565337,47.0745019812392,47.0613776907114,47.0439452419049,47.0213338711567,46.9931383297472,46.9599670029035,46.924232479068,46.8910643371683,46.8689098785794,46.8689338354992,46.902029832424,46.9728472437459,47.0725404515928,47.1754157078803,47.2456996329502,47.2547318632505,47.1981539720015,47.0990010941453,46.9936691300685,46.9125701561421,46.8692795433056,46.8616387556359,46.8791344779956,46.9099488300528,46.9448087884615,46.9779525241165,47.0065751938215,47.0298477070278,47.0480466741539,47.0619459771216,47.0724456800721,47.0803690947398,47.0863672568976,47.090890334827,47.0942016735629,47.0964191159808,47.0975715516399,47.0976590566904,47.096704948439,47.0947892748313,47.092056466858,47.0886949422326,47.0848923923842,47.0807758337707,47.076348749078,47.0714378196249,47.065658969205,47.0584081935136,47.0488797234988,47.0361159700791,47.0191035230416,46.9969480812008,46.9691840986891,46.936287188295,46.9004262166088,46.8663624395673,46.8421135191677,46.8385591469244,46.8668228851642,46.9326942303929,47.0294054147694,47.1334757312469,47.2099312402939,47.2283279106629,47.1805549511386,47.0862207261897,46.9806408804195,46.8955865248163,46.8469884957188,46.8345913168573,46.8487718722241,46.8777749190338,46.9119837447786,46.945213514377,46.974314938745,46.9982308080361,47.017108131172,47.0316575593984,47.0427538616102,47.051213038726,47.0576847010159,47.0626172531813,47.0662697785761,47.06875390267,47.0700925391757,47.0702829564935,47.0693515829459,47.0673892115569,47.0645586514436,47.0610722999072,47.0571435871033,47.0529221906852,47.0484266482732,47.0434883501717,47.0377178307862,47.0304992366855,47.0210147074868,47.0083008903396,46.9913483403362,46.9692723865348,46.9416072440706,46.9087897339822,46.8728739397506,46.838400671769,46.8130748239791,46.8074794918729,46.8326999171097,46.8950670901737,46.9890967165156,47.0929669695097,47.1727241948362,47.1972527764657,47.1560725262086,47.0661046904242,46.9613122206492,46.8739610042319,46.8215470758343,46.8053471863278,46.8166314716986,46.8438829777449,46.8773282395594,46.910488127654,46.9399333439857,46.9643976815759,46.9838936443735,46.9990552669852,47.0107192360462,47.0196862632724,47.0266024142069,47.0319172303391,47.0358915874256,47.0386378243114,47.0401784764738,47.0405105090743,47.0396618399793,47.0377280923814,47.0348809145205,47.0313448291939,47.0273464563185,47.0230464381014,47.0184686579443,47.0134420271442,47.007566998857,47.0002134079204,46.990551146665,46.9776144806764,46.9604081808412,46.9380806441302,46.9102121533561,46.8772817494864,46.8413535876719,46.8069117463332,46.7815121762628,46.7755111044494,46.7997822449766,46.8606468286925,46.9530149271633,47.0558757540578,47.1361222357524,47.1628611838743,47.1248298503407,47.0375513853769,46.9338799011132,46.8458765069663,46.7916264707413,46.7732514286209,46.7826685129578,46.8086594051927,46.8414706480917,46.8744981478828,46.9041480724778,46.9290065034701,46.9489750156174,46.9646143932005,46.9767193446962,46.9860719018293,46.9933152915179,46.9989056256147,47.0031144310112,47.0060646455662,47.0077865656277,47.0082807423231,47.0075745409314,47.005759977044,47.0030036168003,46.9995248559855,46.9955458728171,46.9912233410507,46.9865766949254,46.9814288663207,46.9753725836722,46.9677697451033,46.9577859183683,46.9444606441275,46.9268207680678,46.9040601959925,46.8758316500733,46.8427104363112,46.8068665144227,46.772868461335,46.7482846657347,46.74334812,46.7686288295433,46.8300016958061,46.9219722429257,47.0234657239026,47.1018505326596,47.127068835417,47.0885079480046,47.0016988223555,46.8989324281663,46.8116230655268,46.7575363570435,46.7388554870623,46.7477512818618,46.7732521280085,46.8057491382285,46.8386771375474,46.8684116396034,46.8934771021981,46.913709740221,46.9296164462706,46.9419560654639,46.9514939112732,46.9588733907109,46.964563348808,46.9688550755121,46.971892460562,46.9737226517549,46.9743550164854,46.9738157122194,46.9721857174165,46.9696129124127,46.9662939100871,46.9624280314116,46.958152554863,46.953473284761,46.9482060611617,46.9419425823983,46.9340488870274,46.9236997486131,46.9099509276015,46.8918574871041,46.8686618548339,46.8400962008381,46.8068557304301,46.7712715191524,46.7380925715929,46.7150232529411,46.7122691168245,46.7400571957183,46.8035163629034,46.8961512790332,46.9961253458881,47.0709238233937,47.0917123739532,47.0496069622156,46.9613049742279,46.8590899243083,46.7734902803659,46.7212598823238,46.7039701036216,46.71365102145,46.7394701421547,46.7720297932837,46.8049312515452,46.8346400977015,46.8597076431167,46.8799597904709,46.8958793833206,46.9082036202567,46.9176874545029,46.9249782179435,46.9305615581737,46.9347539953871,46.9377269040908,46.939550606517,46.9402476749705,46.9398438712353,46.9384053331972,46.9360528183366,46.9329482894994,46.9292552237629,46.9250803495616,46.9204093541917,46.915051010728,46.9086026378097,46.9004457506751,46.8897766717204,46.8756763437353,46.8572301714132,46.8337237878048,46.804959993089,46.7717507079705,46.7366033343134,46.7044918543266,46.6833288685592,46.6833635604664,46.7144845796746,46.7809289570003,46.8748671771115,46.9732819172817,47.0435315551403,47.0581966697957,47.0107454162692,46.9197549685868,46.8178864021439,46.7346853885068,46.6854855877608,46.6708080491595,46.6822541950602,46.7090244020876,46.7419523371247,46.7748828994877,46.8044577485193,46.8293268165288,46.8493569539586,46.8650395502186,46.8771085726686,46.886317433512,46.8933204206292,46.8986200970257,46.9025573876842,46.9053305563502,46.9070331777889,46.9077016302647,46.9073618619573,46.9060650743966,46.9039036561344,46.9010024949278,46.8974861584147,46.8934281446821,46.8887929393927,46.8833836836145,46.8768073968188,46.8684667528532,46.8575846406759,46.8432684467901,46.8246283649279,46.8009790648798,46.7721719978482,46.7391105559806,46.7044586165712,46.6734121868404,46.6541162549055,46.656915893975,46.6914238008151,46.7610176460012,46.8564910598405,46.9535195125276,47.0191888993243,47.0274444572268,46.974221182957,46.8802012804929,46.77861614038,46.6980775356041,46.652402352366,46.6408995679675,46.6546002390299,46.6826580527279,46.7161199117017,46.7490966205211,46.7784462151218,46.8029599718254,46.8225824895526,46.8378412362935,46.849484675554,46.8582734965475,46.8648704876905,46.8697914347421,46.8733949486247,46.8758986000641,46.8774126485863,46.8779831014103,46.8776350340586,46.8764068111735,46.874367152795,46.8716102149017,46.8682285412904,46.8642688320184,46.859679622935,46.8542620597954,46.8476346122393,46.8392206153085,46.8282660462493,46.8138969513157,46.7952342802453,46.7715991757139,46.7428587654767,46.7099644824605,46.6756869886989,46.6454001911187,46.6274655055962,46.6323684150625,46.6695802913747,46.7418421519251,46.8388132072265,46.9349882281031,46.9970645825461,47.0000023127241,46.9418089956013,46.8450695745883,46.7436587895457,46.6654863416087,46.6230643301208,46.6145859067541,46.630503081641,46.6598670111066,46.6938835206915,46.7268980396426,46.7559777508362,46.7800643007421,46.7991963741917,46.813954193128,46.8251133128984,46.833448032107,46.8396292859639,46.8441799582049,46.8474663164706,46.8497137252314,46.8510386799268,46.8514896779278,46.851088653346,46.8498643390586,46.8478700123035,46.8451809332943,46.8418709936955,46.8379726941739,46.833428374003,46.8280426445121,46.821445960693,46.8130780123171,46.8021991173199,46.787940864483,46.7694164777433,46.7459271065917,46.7173169409222,46.6845304616775,46.6503734140277,46.6203201576757,46.6028974230273,46.6087651222428,46.6474437545774,46.7214161500044,46.8196835587828,46.9158851789034,46.9762133529241,46.976018151601,46.9145604698749,46.8158015477896,46.7142766451601,46.6376047413279,46.5974643178496,46.5912325709383,46.6088735879381,46.6392944855627,46.6737741628012,46.7068162272209,46.7356484847047,46.7593406824251,46.7780207317325,46.7923250647087,46.803061265142,46.8110194661981,46.8168763725335,46.8211549088744,46.8242185203856,46.8262885811321,46.8274772181291,46.8278283433367,46.8273589443305,46.8260923506215,46.8240762464411,46.8213809151876,46.8180771761297,46.8141978002506,46.8096897597234,46.8043665939832,46.7978702685852,46.7896509956746,46.7789735232487,46.7649620914517,46.7467060740268,46.7234645260281,46.6950248613787,46.6622713745062,46.6279670573639,46.597590873081,46.5797535333187,46.5852928879942,46.6239646326906,46.6984263974546,46.7976211262776,46.8947997322333,46.9555893120387,46.9549957177642,46.8924786444453,46.7926348122216,46.6906088185237,46.6142239737816,46.5749472102063,46.5697706733662,46.5883341623987,46.6193776079057,46.6541527713321,46.6872177332014,46.7158843179876,46.7393044954363,46.757672727201,46.7716726753753,46.7821409173421,46.7898812132581,46.7955719488984,46.7997293219153,46.8027051074217,46.8047072790258,46.8058355794113,46.806124630024,46.8055865008955,46.8042444438914,46.8021506674069,46.7993838298468,46.7960259241558,46.7921224987412,46.787633620189,46.7823847884727,46.7760270159155,46.7680143490501,46.7576072100577,46.7439137644151,46.7259915618755,46.7030482687516,46.6747980259644,46.6420318598085,46.6074106453651,46.5763304268269,46.5573903655121,46.5615607947687,46.5989337797155,46.6726792049219,46.7722314797347,46.8709740207227,46.9340640902855,46.9355962889785,46.8742368656882,46.774401361991,46.6716547921784,46.5944212098954,46.5545596064251,46.5491465132542,46.5677139320803,46.5988506244866,46.6336989626919,46.6667688968967,46.6953712699689,46.7186825005326,46.7369292269379,46.750823743887,46.7612218109732,46.7689348009417,46.7746376158941,46.7788341322783,46.7818583862197,46.7838991813608,46.7850396002997,46.78530341012,46.7846997773066,46.783257673214,46.7810427792571,46.778152778081,46.7746911554671,46.7707240618389,46.7662282570011,46.7610398286047,46.7548131011065,46.7469978598361,46.7368427390776,46.7234361500884,46.7058060322574,46.6831164754616,46.6550178028435,46.6222105886002,46.5872379891165,46.5553677683705,46.5351106471316,46.5374835929826,46.5728805071199,46.6450888522124,46.7443358747669,46.8445559934716,46.9107156408207,46.9158567730699,46.8572736575424,46.7585270899428,46.6552511786044,46.5765768558742,46.5351340402297,46.5284665275236,46.5462329790366,46.5769459817631,46.6116121405813,46.6446267990811,46.6732315102117,46.6965729485088,46.714872446413,46.7288471273799,46.739357527841,46.7472139440086,46.7530822451641,46.7574500675003,46.7606307682047,46.7627919854678,46.7639994203983,46.764266969898,46.7636038587072,46.7620496037788,46.7596894130041,46.7566461166388,46.7530493873681,46.7489877486844,46.7444524692508,46.7392839688741,46.7331306790245,46.7254283924986,46.7154071621482,46.7021357124161,46.684622851772,46.6620121675976,46.6339255029544,46.6010163425918,46.5657516103565,46.5332931276075,46.5120421135205,46.5129738568174,46.546625526557,46.6172223141646,46.7156978763545,46.8166699013462,46.8852679662039,46.8938506907835,46.8384390655509,46.7414803795904,46.6382707652525,46.5583802161084,46.5151943694957,46.5068783343657,46.5234006074597,46.5533236107418,46.5875705740722,46.620421738367,46.6490228866386,46.6724577540233,46.6909124754035,46.7050860287865,46.7158279195403,46.7239375995612,46.7300667032076,46.7346846125278,46.7380840611066,46.7404128219466,46.7417212036975,46.7420155518217,46.7413075302685,46.7396493487318,46.7371472305244,46.733949394928,46.7302100044721,46.7260357037124,46.7214251865319,46.7162136472295,46.7100328273567,46.7022947204685,46.6922051618387,46.6788156653962,46.6611309116459,46.6383060024422,46.6099871577329,46.5768559239261,46.5413957157743,46.5087548871143,46.4872775894186,46.4878447915842,46.5209086381589,46.5907132739872,46.6884178532381,46.7890726847908,46.8582374180591,46.8683459124523,46.8149493540554,46.7197070202324,46.6172991452538,46.537174169106,46.4930271050901,46.483478450527,46.498858226907,46.5279130443485,46.5616042926505,46.5941711320194,46.6226932109499,46.6461924482661,46.6648074843101,46.6792036157324,46.6902060618243,46.6985947245963,46.7050031456059,46.7098826518817,46.7135082906005,46.7160121630824,46.7174332427003,46.7177731137779,46.717046635102,46.715317053154,46.7127075156415,46.7093853521887,46.7055211713909,46.701230453554,46.6965093911034,46.6911781020061,46.6848428046288,46.6768852149111,46.6664847968712,46.6526809393467,46.6344907534007,46.6111147473549,46.5822820198324,46.5487921969026,46.513268033971,46.4809850648217,46.4603414807184,46.4621136866673,46.4964171920416,46.5669521887489,46.6643465325722,46.763520422395,46.8305838968605,46.8389980883356,46.7851388088804,46.6907078828637,46.5897148365533,46.5108011902102,46.4672155654921,46.457579685945,46.4724748844819,46.5009271363903,46.5340896874674,46.5662897180041,46.594620747181,46.6180800704052,46.6367686200138,46.6513144644648,46.6625113289902,46.6711141363467,46.6777369526375,46.682815851117,46.6866139984167,46.6892547630326,46.6907717948817,46.6911651743426,46.6904521975061,46.6887019038479,46.6860450263299,46.6826557314561,46.6787075487583,46.6743118640663,46.6694516593621,46.6639245915911,46.6573077659368,46.6489528414677,46.6380170238796,46.6235365821776,46.6045579540017,46.5803578447552,46.5508021746578,46.516896369523,46.4815297222073,46.4502591884187,46.4316679969513,46.4364318388606,46.4740656351101,46.5471047261603,46.6447868805399,46.7412318081891,46.8031726621027,46.8061148172594,46.7487241243323,46.6537765760317,46.5546855273373,46.4786007693573,46.4374636698419,46.4293048514883,46.4447393331699,46.4731151431592,46.5059248041405,46.5377318755524,46.5657507699826,46.5890159753798,46.6076189880977,46.6221593886978,46.6333997350067,46.6420690363127,46.6487633812925,46.6539086104462,46.657763844218,46.6604525459743,46.6620105506538,46.6624403928396,46.6617605797805,46.660038899739,46.6574013910819,46.6540133028526,46.6500344781751,46.645557668187,46.6405427005355,46.6347609278805,46.627762717514,46.6188771050212,46.6072497862471,46.5919269179343,46.5720008041238,46.5468495609157,46.5165193464439,46.4822948126274,46.4474421932235,46.4179350167586,46.4026499518806,46.4121397546308,46.4550336760259,46.5320890009731,46.6303618952756,46.7226282469811,46.7764354300389,46.7703564290173,46.7066812753092,46.610127673639,46.5135192905306,46.4418775658677,46.4050617045767,46.3999685147444,46.4170277888353,46.4459248725606,46.4786121036425,46.5100236453294,46.5376004576934,46.5604824872031,46.5787893117404,46.5931094760315,46.6041812768195,46.6127109426355,46.6192799570079,46.6243092724982,46.6280612842067,46.6306676503157,46.6321733964064,46.6325874119535,46.6319286004692,46.6302572301008,46.6276833688053,46.6243487555407,46.6203843102084,46.6158513549929,46.6106789426055,46.6046112796107,46.5971779000572,46.5876961981151,46.5753137940696,46.5591004002304,46.5382080827405,46.5121343796902,46.481136106769,46.4468303325011,46.4129412418839,46.3859536346678,46.3750956180894,46.3907261114493,46.4402894848994,46.5222269313028,46.6208285611315,46.7072782244493,46.7503380426543,46.7325955621386,46.6609258302299,46.5624296819947,46.4691463711481,46.4034170667208,46.3724669027983,46.3717071491654,46.3912518152536,46.4211431016821,46.4538805332188,46.484867337695,46.5118530722542,46.5341412521396,46.5519161351758,46.5657760785275,46.5764460137107,46.5846149406348,46.5908531253728,46.5955797207928,46.5990639398359,46.6014495030597,46.602794063411,46.6031148069199,46.6024304711379,46.6007901522184,46.598281335968,46.5950136513924,46.5910802092712,46.5865037958333,46.5811792273712,46.5748248101437,46.5669550140841,46.5568844025829,46.5437720927725,46.5267196860934,46.5049458415842,46.4780756448836,46.4465920898063,46.4124746669411,46.3799515137171,46.356065388888,46.3503998667551,46.3730137140543,46.4298990818063,46.5168016631139,46.6149618525778,46.6940596512473,46.7246143190329,46.6939376965579,46.6139174220262,46.5139831624231,46.4250246732366,46.3663157495189,46.3421972562694,46.3464891074693,46.3689763396382,46.4000904105906,46.4329276472048,46.4634120416473,46.4896478741251,46.5111394870885,46.5281635355049,46.5413471318018,46.5514134412771,46.5590401418938,46.5647881411659,46.5690741112384,46.5721721342932,46.5742357319087,46.5753331998226,46.575488548019,46.5747193496589,46.57306283374,46.5705833694218,46.5673581167973,46.5634424097356,46.5588212633787,46.553357037186,46.5467449156813,46.5384875782161,46.5278995127334,46.5141523003765,46.4963776428342,46.4738563462758,46.446335765295,46.4145224453587,46.3807617472414,46.3497943424568,46.3292229262941,46.3289554974123,46.3586556328381,46.4227050262225,46.5140148591397,46.6108168299896,46.6816150975823,46.6991675080833,46.6557964614388,46.5682613706211,46.4678950099887,46.3840689144857,46.3328663134086,46.3158088944623,46.3252365092863,46.3506791941514,46.3829858693624,46.4158547776797,46.4457327191759,46.4710859527741,46.4916320764634,46.5077544849246,46.5201219229409,46.5294648989281,46.536454086238,46.5416406378075,46.5454345376294,46.5481081431403,46.5498174448921,46.5506349012399,46.5505870072735,46.5496887877725,46.5479674245389,46.545468884428,46.5422446899246,46.5383202521504,46.5336504581181,46.5280714335414,46.5212589854528,46.5127044279713,46.501718679603,46.4874780082945,46.4691320326294,46.446007261685,46.4179530463915,46.385876007183,46.3524611416032,46.3229322924751,46.305418283538,46.310114003302,46.3462594100666,46.4166474979823,46.511497755903,46.6063433115476,46.6688995513309,46.6743598685935,46.6198171177326,46.5263018152789,46.4264865382781,46.3480400051058,46.3040464162306,46.2935347753249,46.3076125174757,46.3356583968422,46.3689381171,46.4017091074712,46.4308980292587,46.4553061937124,46.4748539851382,46.4900318446037,46.5015549317482,46.510165595767,46.5165289355574,46.5211836909413,46.5245267576311,46.5268199253939,46.5282122073448,46.5287721528953,46.5285237864317,46.5274789277323,46.525658756416,46.5230991151117,46.5198371254728,46.5158806077478,46.5111656271497,46.5055103592699,46.4985749595524,46.4898376734887,46.4785984959822,46.4640255434722,46.4452681060803,46.4216741631136,46.393163200702,46.3607999232798,46.327554968671,46.2990717427007,46.2839450561434,46.2926319006488,46.3340139855606,46.4095150786433,46.5070596220421,46.5999559301012,46.655418104946,46.6508795078764,46.5874873420662,46.4896810429689,46.3909820355376,46.3174488916148,46.2796348006956,46.2745653425994,46.2924119980064,46.3224882647383,46.3564345899196,46.3889831450893,46.417463836923,46.4409614789105,46.4595716146134,46.473880378149,46.4846463452577,46.4926231478398,46.4984686344634,46.5027047982057,46.5057084466823,46.5077221834482,46.5088794637782,46.509238224582,46.5088168102113,46.5076251672556,46.5056845737288,46.5030309253974,46.4996996668827,46.4956941934364,46.4909430842919,46.4852540920737,46.4782741477681,46.4694653415269,46.4581084781074,46.4433506490663,46.4243233013722,46.4003721032526,46.3714527453281,46.3387382895551,46.3054150732827,46.2774597776422,46.2638542471705,46.2753011701705,46.3204548174657,46.3997225331801,46.4992844727495,46.5907584129068,46.6410054659025,46.6291957271507,46.5595320933546,46.4589327872056,46.361430103473,46.2917899050746,46.2586608899718,46.2576114753444,46.2781642723609,46.3096209942608,46.3439228311438,46.3761676631198,46.403994143893,46.4267057442099,46.4445352879013,46.4581452572639,46.4683286108017,46.4758455344203,46.4813425898036,46.4853200296666,46.4881284074465,46.4899845373784,46.4910005330838,46.4912201356879,46.4906557699172,46.4893192140532,46.4872393508354,46.4844624983272,46.4810340499319,46.4769638885147,46.4721814026201,46.4664882185921,46.4595178342018,46.4507119411512,46.4393250631643,46.4244745465064,46.40526383825,46.3810226522959,46.3517205615195,46.3185999960082,46.2849996879919,46.2571425368291,46.2443087639553,46.2574144532353,46.3050028993699,46.3868124924993,46.4878293135024,46.5784988263544,46.6254312423158,46.6089788108546,46.5354000951524,46.4332311604275,46.3367694692101,46.269857510236,46.2398611656218,46.2414046286658,46.2636186874844,46.2958319960739,46.3302093964075,46.3621064961525,46.3893764926906,46.4114747005787,46.4287296003161,46.4418562947496,46.4516691407345,46.4589273777061,46.4642610421122,46.4681440932934,46.4708965570591,46.4727058060278,46.473660303712,46.4737894080999,46.4731021011876,46.4716172146437,46.4693786912659,46.4664518678435,46.4629003224243,46.4587467120389,46.4539243109601,46.4482279610219,46.4412738213833,46.4324775502913,46.4210622420215,46.4061130375845,46.3867067528373,46.362161190012,46.3324619583983,46.2989127610893,46.2649756868084,46.2370619734949,46.2246689970806,46.2388554476638,46.288064042849,46.3715418135838,46.4734516824813,46.5634979353865,46.6082365305259,46.5889134170548,46.5131459318282,46.4103996735527,46.3149640015377,46.2499647241549,46.221929507846,46.2249404267405,46.2479608220861,46.280401960319,46.3146088202201,46.3461167013682,46.3729184054979,46.3945634634422,46.411436805674,46.4242814320811,46.4339181744576,46.4410964363526,46.446424357104,46.4503463092154,46.4531499215182,46.4549925289021,46.455939726013,46.4560087834625,46.4552090270973,46.4535712886133,46.4511599741258,46.4480642708792,46.4443690270053,46.4401099848311,46.4352213147674,46.4294850878921,46.4224924770419,46.4136261473626,46.4020745713863,46.3868945159073,46.3671496651003,46.3421701169065,46.3119906383267,46.278012102811,46.2438465334213,46.2160921010593,46.2044121984271,46.2198951461841,46.2707302955784,46.3555600572483,46.4577695503583,46.5465892397375,46.5888960499921,46.5670391510358,46.4898409961685,46.3872788810479,46.293259189147,46.2300784733687,46.2035586958981,46.2074633680786,46.2307704677329,46.2630667373485,46.2968948164567,46.3279450968134,46.354310845068,46.3755977784295,46.3922166342762,46.4049161418379,46.4145088500866,46.4217253654829,46.4271472610367,46.4311877315516,46.434102568716,46.4360210775132,46.4369888881569,46.4370145078695,46.4361108719799,46.4343234814133,46.4317386597079,46.4284690273313,46.4246178408167,46.420228322698,46.4152273935971,46.4093745802967,46.4022264248341,46.393125701065,46.3812254817823,46.3655634282037,46.345213577965,46.3195598843544,46.288748211102,46.2543568949969,46.2202348749306,46.1932319609932,46.1831682160265,46.2010128278683,46.2543766533719,46.340862813878,46.4427552986421,46.5288844850934,46.56701210747,46.5413501617335,46.4623813868044,46.3604901515122,46.2687264549374,46.2080975491586,46.1835010457175,46.1883943491459,46.2118915100918,46.2438798707523,46.2771820346573,46.3076798086986,46.3335714662044,46.354507123375,46.3709062086821,46.3835070047446,46.3931014427713,46.4003937130444,46.4059356697286,46.4101097972882,46.4131429969446,46.4151407285647,46.4161328796367,46.4161223996019,46.4151271963594,46.4132064086659,46.4104645946761,46.4070315141398,46.4030202599146,46.3984713096761,46.3932933840502,46.3872130489677,46.3797439811557,46.3701851628411,46.3576575599674,46.3411940839706,46.3199097341904,46.2932956339441,46.2616911629443,46.2269657695497,46.1933389205243,46.168026696419,46.1610220347511,46.1829818356923,46.2404556058847,46.3293069015759,46.4301228029486,46.5113053030954,46.5422625704424,46.5102675721202,46.4283596140816,46.3274350703237,46.2391338596841,46.1824607115577,46.160908302496,46.1674705722363,46.1914567688311,46.223191412005,46.2559030051669,46.2857482371283,46.3110724263023,46.3315834165753,46.3477070847864,46.3601631589866,46.3697149425926,46.3770353234929,46.3826456517767,46.3869006387172,46.3900037288478,46.3920427929902,46.3930372749109,46.3929873314099,46.391914960489,46.3898879431921,46.3870202255441,46.3834469509989,46.3792778371335,46.3745376519878,46.3691058661389,46.3626683668503,46.3546927112404,46.3444363915341,46.3309977708415,46.3134248169429,46.2909091019118,46.2631085611245,46.2306490012016,46.1958213678977,46.1633698099939,46.1410037046432,46.1388855216965,46.1670880368979,46.230474385807,46.3223142764249,46.4208415956189,46.4941171911162,46.514208425194,46.4728803626573,46.3867154385866,46.2871802046834,46.2038483505481,46.1529103118248,46.1358959207613,46.1451246254529,46.170131602426,46.2018100770936,46.2339315745376,46.2630296836248,46.2876577996545,46.3076105802518,46.3233296145093,46.3355157240926,46.3449006474249,46.3521245410852,46.3576801098304,46.3618995085262,46.3649701796156,46.3669702542484,46.3679148682918,46.3678038891203,46.366660965365,46.3645547603314,46.3615962365595,46.3579106644112,46.3535886759261,46.3486258022927,46.3428631905082,46.3359428786015,46.3272895339636,46.3161287103124,46.3015523456111,46.2826483788025,46.2587239421913,46.2296657694496,46.1964810010719,46.162012512428,46.1316740828755,46.1137617530915,46.1185280227022,46.1550701512133,46.2258251013637,46.3206113896463,46.4148591247311,46.4767396689293,46.4822737744255,46.4291134316271,46.3380520603934,46.2408564713527,46.1642544482708,46.120878793663,46.1098635244458,46.1227250763062,46.1492782925981,46.1811059025176,46.2126419596593,46.2408876461276,46.2646625499454,46.2838800726934,46.2990120939831,46.3107456208261,46.3197822596783,46.3267309420504,46.3320592115408,46.3360825362981,46.3389798588407,46.3408271566372,46.3416410028163,46.341423048328,46.3401957271915,46.3380204716323,46.3349927559552,46.3312130498777,46.3267382782415,46.3215233110765,46.3153651057917,46.3078628168583,46.2984060500916,46.2862023667839,46.2703569850773,46.2500249538023,46.2246687078258,46.1944646916484,46.1608914676582,46.1274598860903,46.1003624503594,46.0885019363864,46.1020240794659,46.1485301537875,46.2272491519401,46.323872825417,46.4110223659811,46.4579303438042,46.4460311100411,46.3798954623055,46.2845550320297,46.1913487797642,46.1233274340908,46.0890538598245,46.0851047606439,46.1022334336507,46.1306402330201,46.1627016477516,46.193596126354,46.2208506294462,46.2435896171149,46.2618693030639,46.2762057617683,46.2872796865213,46.2957666548182,46.3022472919707,46.3071671170415,46.3108288619215,46.3134075807143,46.314981605913,46.3155722160043,46.3151836880243,46.3138347960722,46.3115738017219,46.3084719062541,46.3045946356845,46.299955759996,46.2944628735296,46.2878666247039,46.2797264211455,46.2694050103137,46.2561046075571,46.2389608582635,46.2172197403806,46.1905347303894,46.159426904744,46.125924154188,46.09429426749,46.0715627283962,46.0671667152152,46.0908317491669,46.1480678961992,46.2342070177215,46.3305052985616,46.407330354643,46.436329191105,46.405670707888,46.3272037628738,46.2294848653791,46.1423589085085,46.0845048281941,46.060262545235,46.0638077921004,46.085338232271,46.1155826604064,46.1477840270677,46.17789725571,46.2039911009637,46.2255065113947,46.2426529375789,46.2559997276089,46.266228285213,46.2739928531159,46.2798483685909,46.2842194386897,46.2873962936366,46.2895499363611,46.2907607167277,46.2910540655856,46.2904359077704,46.2889197344574,46.286538313196,46.2833357786169,46.2793399794765,46.2745195701796,46.2687343540815,46.2616899927719,46.2529092956345,46.2417328574263,46.2273637973681,46.208977075575,46.1859241965559,46.1580751415301,46.1263370474606,46.093343121403,46.0641686165165,46.0466641246358,46.0506482611527,46.0850517188356,46.1527429265906,46.24472313778,46.3379785262546,46.4016470291219,46.4112142641181,46.3623843809922,46.27383083962,46.1763678864014,46.0972598620813,46.0504681000307,46.0363552454053,46.0471092346937,46.0726736198838,46.1044392991468,46.1365381519361,46.165680233925,46.1904509047121,46.2105927464957,46.2264642664973,46.2386902922822,46.2479571661108,46.2549011154697,46.2600524126817,46.2638132763337,46.2664580073169,46.2681490991217,46.2689644296866,46.2689299360707,46.2680510158261,46.2663355051321,46.2638021464223,46.2604710919328,46.2563367619159,46.2513274703218,46.2452597532746,46.2377977282459,46.2284292575627,46.216472346041,46.201129029554,46.1816118779711,46.1573798304982,46.1285290290631,46.0963722932115,46.0641719528312,46.0378154996113,46.0259163736239,46.0384838450882,46.0833148674783,46.160272847042,46.2559659880037,46.3437062523217,46.3926036402268,46.3830564353603,46.3183386789856,46.2228194686643,46.1281440587485,46.0582296116489,46.0224310935021,46.0177002076494,46.0347748948711,46.0636412117301,46.0964302579411,46.1281254630097,46.1561236655528,46.1794695985387,46.1981725200922,46.2127238833537,46.2237993366675,46.2320903640526,46.2382158400917,46.2426802172722,46.2458597094296,46.2480070653825,46.2492697316195,46.2497170086098,46.2493709582619,46.2482347878941,46.2463122563345,46.2436128510137,46.2401400705045,46.2358636457997,46.2306801944713,46.2243699029724,46.2165590653996,46.2067001212519,46.1940835721986,46.1779017425197,46.1573941727253,46.1321169102378,46.1023840794407,46.0699071040867,46.0385634862614,46.0150128029917,46.0085353461371,46.0291588915241,46.0833385484859,46.1678520532858,46.2652255543174,46.345933656763,46.3800847445074,46.3534229326771,46.2760911565716,46.176702894905,46.0865467374948,46.0259309274966,46.0001188381397,46.0033804398627,46.0255278097285,46.0568067759275,46.0900898655064,46.1211212570561,46.1478839763219,46.1698061770475,46.1871175439469,46.2004189655788,46.2104270004791,46.2178345966633,46.2232411004796,46.2271220542227,46.2298229459147,46.2315690274266,46.2324865780973,46.2326313207592,46.2320187756988,46.2306504929226,46.2285302095149,46.2256654138139,46.222052445327,46.2176466032422,46.2123220733502,46.2058292390781,46.1977590336999,46.1875261128033,46.1743862966178,46.1575108427425,46.1361515934598,46.1099440484761,46.079398344043,46.0465938894415,46.0159758006618,45.9949004859683,45.9932075552928,46.0208272461934,46.0828340868891,46.1731171533287,46.270694499373,46.3440548527674,46.3649332489024,46.3241961580734,46.2376854604197,46.1368546725922,46.0518967773102,45.9997192455545,45.982243848227,45.9917915250034,46.017671246161,46.0505026012567,46.0838336139457,46.1140447378902,46.1395904802297,46.1602007189079,46.1762760320662,46.1885002298696,46.1976178151955,46.2043167492228,46.2091726194789,46.2126279484654,46.2149929332283,46.2164606755288,46.2171324004197,46.2170481095544,46.2162171921752,46.2146429274675,46.212335286313,46.2093082085034,46.205560356182,46.2010416473146,46.1956109732887,46.1889929471613,46.180743429244,46.1702358603999,46.1566847961273,46.1392313602437,46.1171281493497,46.0900744053894,46.0587520244346,46.0255681634805,45.9954704538343,45.9764179758007,45.9787006796876,46.0120816786724,46.0803343224771,46.1748208041741,46.2717250234629,46.3382821611645,46.3481089151097,46.2965583864746,46.2038731706742,46.1031957635091,46.0232922231921,45.9781499523755,45.9671422054435,45.9812754264298,46.0096584897048,46.043318548725,46.0763776522489,46.1057199437725,46.1301593807366,46.1496499753477,46.1647158454778,46.1760972471286,46.1845524652299,46.1907566186086,46.1952564679841,46.1984575805582,46.2006316189017,46.201937229546,46.2024497480965,46.2021946028316,46.2011784525952,46.1994118405001,46.1969180789947,46.1937252885561,46.1898416225673,46.1852170622619,46.1796980730332,46.17298351566,46.164591801263,46.1538515211832,46.1399325599206,46.121943917093,46.0991382863434,46.0712767764288,46.0392037850574,46.0056274258211,45.9759413805213,45.9586143675518,45.9642712011317,46.0024280102689,46.0756265565378,46.1730472721074,46.2686620705856,46.3290723565425,46.3298967429124,46.2703018434364,46.1737809702729,46.0742755053946,45.9989864619154,45.9594818835746,45.9532696665339,45.9705426563418,46.0004247506756,46.0343526657282,46.066924784575,46.0954130300491,46.1188948409158,46.1374814323091,46.1517784205659,46.1625577776755,46.1705774660436,46.1764916707767,46.1808135560032,46.1839089798315,46.1860098821903,46.18724081442,46.1876532332777,46.187261652334,46.1860750525156,46.1841171157477,46.1814303320176,46.1780617746082,46.1740318234942,46.1692905731205,46.1636693759854,46.1568366646846,46.1482683414032,46.13724502121,46.1228933650349,46.1042985831074,46.080729723795,46.0520323906486,46.0192366228924,45.9853630964349,45.9562326171531,45.940752061811,45.9497469803265,45.9923217804728,46.0696968782219,46.169016466042,46.2625056910701,46.3167351052275,46.3096174555625,46.2437713493106,46.1451016987238,46.0476160324267,45.9767580265033,45.9419835028976,45.9394131136963,45.9587968880868,45.9894470627888,46.0232279059581,46.0551540733363,46.0828055494226,46.1054531108703,46.1233133303514,46.1370385837504,46.1474106730631,46.1551740696014,46.1609545437389,46.1652279526028,46.1683193976017,46.1704220839612,46.1716290797683,46.1719718122414,46.1714584801057,46.1701050869921,46.1679524471226,46.1650646283089,46.1615076541073,46.1573112053598,46.1524196451747,46.1466411871555,46.1396052274484,46.1307384406363,46.1192718599215,46.1042961542283,46.0848926309756,46.0603824385528,46.0307484705317,45.9972726500818,45.9633546640846,45.9352799701289,45.9223544905305,45.9354357165275,45.9829046364913,46.0643038048561,46.1645787979193,46.2544903263937,46.3012819917072,46.2858469106933,46.2143937172785,46.1147436418581,46.0202781898052,45.9542769841459,45.9240896692694,45.9246915018521,45.9456476501911,45.9766217767836,46.0099666004901,46.0411081109085,46.0679006366393,46.0897690720895,46.1070012353788,46.1202703399831,46.1303500109931,46.1379598196219,46.1436909227645,46.1479796918175,46.1511113057095,46.1532431734927,46.1544410410807,46.1547207991757,46.1540882582324,46.1525689338995,46.1502210498191,46.1471277363631,46.1433683959744,46.138973565008,46.1338713003248,46.12783536307,46.120446144455,46.1110752705752,46.0989060842426,46.0830072774514,46.0624876940025,46.0367752779321,46.0060728965422,45.9720242124156,45.9385296013686,45.9124296417512,45.9034083054331,45.9221205426089,45.9757222240559,46.0614259778202,46.1615353466689,46.2455469481237,46.2823099166002,46.2568382323602,46.1795100177964,46.07978414878,45.9896639749954,45.9296198727841,45.9046332595447,45.9085849134867,45.9310299530986,45.9621465194291,45.9948781793346,46.0251075550781,46.0509715799976,46.0720389577832,46.0886520028441,46.1014882130569,46.1112998061681,46.1187727059739,46.124459281639,46.1287562827926,46.1319119240067,46.1340526490762,46.1352222096394,46.1354253951472,46.1346679246887,46.1329840419303,46.1304450140078,46.1271451199822,46.1231662782157,46.1185271925211,46.1131266550674,46.1066926242233,46.0987488992542,46.0886107719088,46.0754221730782,46.0582522287218,46.0362803226071,46.0091130289248,45.9772815394554,45.9429362583681,45.9106383980652,45.8878960241198,45.8847192531438,45.9112027540468,45.9725556799381,46.0627710241181,46.1609691473773,46.2357480623362,46.2588633031023,46.2209342728582,46.1372232943333,46.0384818820663,45.9544336716012,45.9019502962918,45.8832718725007,45.8911629638232,45.9153097304371,45.9465668759752,45.9785904531594,46.0077914355788,46.0326223303661,46.0528044085046,46.0687307262114,46.0810746987058,46.0905589690364,46.0978304595635,46.1034012811808,46.1076309210944,46.1107359278962,46.1128185373719,46.1139069203695,46.1139990131621,46.113101008802,46.1112518483349,46.1085271243351,46.1050196678551,46.1007990514031,46.0958571769946,46.0900508375516,46.0830538846586,46.0743315712444,46.0631491386371,46.0486282167422,46.0298707189952,46.0061814398099,45.9774328274146,45.9446125813514,45.9105435486608,45.8806158426501,45.8630846509079,45.8681257062109,45.9047190999878,45.9751841760718,46.0693194653691,46.1627392896602,46.2239990017374,46.229507546487,46.1770329397453,46.0871073316141,45.9910371408682,45.9151808714665,45.8720520622995,45.8608794512741,45.8733615370005,45.8994785079881,45.9309184711407,45.9621619223549,45.9902156394429,46.0138824593041,46.0330501930861,46.0481649934374,46.0598933701381,46.0689246951157,46.0758649742628,46.0811872418305,46.085218175472,46.0881495926387,46.0900674084563,46.0909910915818,46.0909155951016,46.0898468467317,46.0878223412102,46.0849107378539,46.0811884817697,46.0766965609861,46.0713854135976,46.0650595569734,46.0573351048694,46.0476233482392,46.035153594734,46.0190509840542,45.9984922427914,45.9729737743773,45.9427344765751,45.9093594463805,45.8765114502107,45.8505454939159,45.8404437905059,45.8561965032366,45.9048706385796,45.9848047165808,46.0808019065324,46.1652376627659,46.2082071884139,46.1928299104986,46.1251673506738,46.0306274569834,45.939769918605,45.8744268251257,45.8422419799508,45.8394482207514,45.856898281283,45.8850789388134,45.9166515856278,45.9469978029097,45.9737583158023,45.9961041369682,46.0140971172115,46.0282387353842,46.0391884713171,46.0476019596416,46.0540449416979,46.0589540233125,46.0626279042565,46.065240134409,46.0668671932629,46.0675255133386,46.0672098019144,46.065924185351,46.0636983356737,46.0605832502407,46.0566254915466,46.0518236360725,46.0460753050546,46.0391264516511,46.0305361694944,46.0196708027827,46.0057423276664,45.9879101716444,45.9654742102834,45.93819695379,45.9067931714116,45.8735884974897,45.8432311705644,45.8231012216036,45.822727594471,45.8513264651999,45.9130446362912,46.0011935378435,46.0952874818139,46.1655971238268,46.1860083806089,46.1482736206862,46.0669803681553,45.9710285277012,45.888509282401,45.8357620270767,45.8154917517378,45.8213113391133,45.8436201564469,45.8736515578924,45.9051401350494,45.9343919610118,45.9596776552492,45.980528456207,45.9971754701967,46.0101740283719,46.0201769841903,46.0278074886673,46.033592798552,46.03793547608,46.0411093236006,46.0432732203914,46.044497764322,46.0447989906603,46.0441721164545,46.0426175782299,46.0401524397338,46.0368028055281,46.0325768490005,46.0274226414867,46.0211791574273,46.013531863442,46.003986090894,45.9918728440081,45.9764046159349,45.9568050688725,45.9325460481829,45.9037326144179,45.8716645262768,45.8395372120782,45.8130806091676,45.8006471201576,45.811945137469,45.854623454673,45.928849148463,46.0221961216467,46.109384720638,46.1605698895181,46.1558936120008,46.0969002594534,46.0057166074613,45.9125649092756,45.8413633501327,45.8024988610548,45.7941865053225,45.8080902368342,45.8346319371367,45.8660007175827,45.8970389628837,45.9249407775151,45.9485605141192,45.9677567596297,45.9829126905177,45.9946312582977,46.0035581190592,46.0102853517065,46.0153032015404,46.0189810445074,46.0215680122473,46.0232081115085,46.0239655800191,46.0238553047182,46.0228718795256,46.0210104278292,46.0182733114739,46.0146594056723,46.010136338193,46.0046002174573,45.9978310981075,45.989455283498,45.9789277897999,45.9655510378512,45.9485508313417,45.9272390769972,45.9013024872747,45.8712579669293,45.839085117379,45.8089440774024,45.7876692942542,45.7844073310296,45.8085255969457,45.8652379228546,45.949868054723,46.0441473993638,46.1193286143287,46.1478928228229,46.1182163589201,46.0415610712377,45.9455353461794,45.8593031059218,45.8014242917228,45.7765405578503,45.7792422800154,45.8000393783518,45.8298112548578,45.8618244267301,45.891986513245,45.9182904541143,45.9400964982651,45.9575402584485,45.971130916565,45.9815086469658,45.989309430859,45.9950945216724,45.9993173221427,46.0023130230845,46.0043038653157,46.0054160076702,46.0057042356852,46.0051796842159,46.0038346759438,46.0016586173589,45.998640105142,45.9947529548595,45.9899273281724,45.9840108326449,45.9767278037763,45.9676477940314,45.9561771619379,45.9415919024243,45.9231370078918,45.9002278112602,45.8727973920056,45.8418267368246,45.8100406184857,45.7826067291859,45.7674049164528,45.7740988058405,45.8111408911744,45.8805631446626,45.9724120350879,46.0631623055368,46.1224644785279,46.1273654954878,46.0753855401753,45.9861978764912,45.8903483442495,45.8140038016713,45.7699857186241,45.7579746707905,45.7699853611016,45.79610239118,45.82796168441,45.8599171906649,45.8888317142722,45.9133734573745,45.933314752838,45.9490104713493,45.9610657763213,45.970145039076,45.9768699959978,45.9817695091842,45.9852587078055,45.9876362173573,45.9890940627522,45.9897368618524,45.9896066798042,45.9887088245079,45.9870330489006,45.9845648096092,45.9812826963374,45.9771407456083,45.9720376160055,45.9657779524893,45.9580343273974,45.9483210619708,45.9359948755356,45.9203031272569,45.9005095837697,45.876138987199,45.8473877104696,45.8157286838744,45.7846573251937,45.7603333165898,45.7515552871642,45.7681892855534,45.8172743516011,45.8972056257453,45.9928425252595,46.076509622628,46.1181548856533,46.1008594101118,46.0309876279237,45.9345607768634,45.8427304692404,45.7775641257577,45.7465198824558,45.7454090042797,45.7646604906895,45.7944709488541,45.8273651883568,45.8586974985058,45.8861340582223,45.9088825836721,45.9270327632313,45.9411022643036,45.9517626197618,45.959688521366,45.9654813301837,45.9696343429897,45.9725218272257,45.9744030451878,45.9754369101596,45.9757040518911,45.9752324762698,45.9740219908499,45.9720620824847,45.969338516095,45.9658256916492,45.961464491239,45.9561284777936,45.9495843883981,45.9414557315494,45.9312013817209,45.9181255024107,45.9014424342886,45.8804310940172,45.8547253037572,45.8247886016748,45.7925892040407,45.7623793106662,45.7412449965037,45.7387386656514,45.7646392817183,45.8242384662245,45.9121889766623,46.0086881050396,46.0832166227078,46.1075204105635,46.0712208717152,45.9883350348314,45.889040744398,45.8034219349936,45.749182276614,45.7292622939164,45.7367163645632,45.7611689397556,45.7932462135382,45.8263558720257,45.8567065711278,45.8826039196611,45.9036657461194,45.9202137354779,45.9328785066704,45.9423714093147,45.9493641088692,45.9544307946669,45.9580252410718,45.9604780622583,45.9620070791216,45.9627368952056,45.9627242119989,45.9619846217782,45.9605157855645,45.9583118267757,45.9553648175556,45.9516513637769,45.9471051385308,45.9415792567066,45.9348052298046,45.9263579232907,45.9156391618925,45.9018977694006,45.884312432603,45.862176078552,45.8352322582568,45.8042113306914,45.7715664215111,45.7422672417576,45.7242293517276,45.727579093513,45.7617645771858,45.8301521668446,45.9238100736292,46.0190298705818,46.083687321233,46.0922973448303,46.0407867009268,45.9492549192759,45.8501521494209,45.7715265534261,45.7270105361773,45.7160149691249,45.7297869633967,45.7576890913295,45.7909221373223,45.8236908081082,45.8528957268452,45.8773297399001,45.8969089993571,45.9121158191589,45.9236523249368,45.9322470677617,45.9385566468261,45.9431215340823,45.9463522889902,45.9485339494841,45.9498424939841,45.9503694158487,45.950150365308,45.9491929626094,45.9474983476572,45.9450714522044,45.9419165649691,45.9380173084963,45.9333031766297,45.927607746352,45.9206262640331,45.911882742513,45.9007199616469,45.8863314506785,45.8678641919519,45.8446340972409,45.8165074368321,45.7844930004651,45.7515261663066,45.7232543064645,45.7083153871001,45.7172170227437,45.7588369261509,45.8344839724641,45.9318803399496,46.0242017217322,46.0788127574314,46.0736278279839,46.0103415556361,45.9136132302186,45.816697631406,45.7451010732186,45.7088739569389,45.7047886439054,45.7230139280035,45.7530075942801,45.7865962087615,45.8186762639431,45.8466956168431,45.8698088603986,45.8881410438197,45.9022783535947,45.9129609830569,45.9209158345667,45.9267740435505,45.9310367960341,45.9340688754844,45.9361094336513,45.9372942805006,45.9376852855915,45.9373020339696,45.9361500980999,45.9342401497486,45.9315931472072,45.928229030264,45.9241393714401,45.9192476597755,45.9133637487652,45.9061412528985,45.8970487617175,45.8853689029872,45.8702453640604,45.8508084751224,45.8264238672504,45.7971183672466,45.764221819851,45.7311825112304,45.7043122458827,45.6928690869982,45.7075146378852,45.7562346135351,45.8380346593499,45.9374222071241,46.0251741917546,46.069196591792,46.051432189375,45.9789116028215,45.8795855250811,45.7863389599164,45.7217707959802,45.6927535466622,45.6940994566051,45.71543082792,45.7465503901085,45.7799395822706,45.8111068178482,45.837941229224,45.8598674370054,45.8771531151328,45.8904450843567,45.9004951128754,45.9080129098099,45.913595494307,45.9177005841195,45.9206461749643,45.9226269967017,45.9237421455694,45.9240287782396,45.9234960665035,45.9221530089917,45.9200240555777,45.9171481832053,45.9135599293146,45.9092543960998,45.9041416448515,45.8979985849214,45.8904282951573,45.8808383614505,45.8684528148938,45.8523786567328,45.831759112076,45.8060597259843,45.7755402441417,45.7419400719288,45.7093030796548,45.6846343325974,45.6777111558887,45.6990440673674,45.7552271530865,45.8424744397424,45.9420080955003,46.0228806339397,46.0547432686382,46.0244722843235,45.9443032382002,45.8444501518929,45.7563519257618,45.6992487037232,45.6770254471635,45.6829896233146,45.7066059237672,45.7382259840627,45.771035242256,45.801120274344,45.8267511832327,45.8475650979371,45.8639276564039,45.8765150765524,45.8860702564384,45.8932731757198,45.8986799144898,45.9027021406377,45.905611714876,45.9075620127315,45.9086200650512,45.9088035928884,45.9081161826239,45.9065735067132,45.9042144180288,45.9010931443127,45.8972523604203,45.8926808917438,45.8872633331624,45.8807313178016,45.8726275388279,45.8622948445019,45.8489056393045,45.8315536203849,45.8094415396375,45.7822118502449,45.7504687474518,45.7165006725388,45.6850830118775,45.6639730014998,45.6633303032503,45.6930632694796,45.7576184970743,45.8496556795703,45.9469177705213,46.0175530584114,46.0345090636582,45.9908435157721,45.9040611974991,45.8056582025154,45.7244923936056,45.6758556216268,45.6606590288501,45.671008740022,45.696516710804,45.7282721150058,45.7602408029675,45.789095425205,45.8134650125003,45.8331697204461,45.8486462285583,45.8605789917621,45.8696869863057,45.8766109673005,45.8818614087355,45.8858033207131,45.8886650059857,45.8905631887158,45.891538401412,45.8915939612128,45.8907309700344,45.8889717472521,45.8863656066508,45.8829739779861,45.8788360419012,45.8739203986269,45.8680718595348,45.8609646291836,45.8520741136857,45.8406805698132,45.8259209144622,45.8069124052498,45.782983770233,45.754060140495,45.7212405871972,45.6875460362872,45.6586499038187,45.6431004153371,45.6511839531189,45.6915169869138,45.7653517718597,45.8608711183685,45.9523085041878,46.0081938757131,46.006778424859,45.9486774313805,45.8565413048699,45.7619279233841,45.6898631705721,45.6510781633124,45.6435089791832,45.6583313204093,45.6855788642423,45.7172560942224,45.7481943498436,45.7756791107291,45.7986963723874,45.8172363030663,45.8317913209012,45.8430404592447,45.8516684718573,45.8582706638031,45.8633098969303,45.867106384376,45.8698497373906,45.8716265605953,45.8724573910816,45.8723357962996,45.8712615595072,45.8692601939619,45.8663830629344,45.8626860405537,45.8581892616992,45.852825060839,45.8463846968798,45.8384764027723,45.8285080999331,45.815709284974,45.7992103861342,45.7782060837101,45.7522403936888,45.7216567897663,45.6882334454409,45.6559308449599,45.6314682308114,45.6241140649385,45.6437885869648,45.6968018624228,45.7799348008413,45.8761092351415,45.9566363741599,45.9924871376942,45.9695558843764,45.8970208018682,45.8018631577247,45.7140385785788,45.653472177426,45.625923964806,45.6265358385143,45.6459017208756,45.6747536573727,45.7061657830455,45.7358997982105,45.7618714619104,45.7834211089885,45.8006996493707,45.8142449713551,45.8247217840935,45.8327743016225,45.8389494061749,45.8436630583105,45.8471948480424,45.8497024503113,45.851250176276,45.8518455201916,45.8514763424195,45.8501405439657,45.8478607380988,45.8446788828979,45.8406298551349,45.8356977403159,45.8297631336394,45.8225530791549,45.8136071225956,45.8022740117182,45.787755569039,45.7692193159339,45.746010370883,45.718002148233,45.6861206391104,45.6530288584505,45.6238212055468,45.60631660755,45.6102082852913,45.6442070532463,45.7109730008299,45.8015428011685,45.893407914316,45.9566148297783,45.96743648155,45.9215761837295,45.8367497461531,45.7424247571767,45.6649298798384,45.618077591156,45.6026861135928,45.611592097165,45.635272562061,45.6654298778393,45.6963151760341,45.7246397990865,45.7489371176347,45.7688840262898,45.7847778801361,45.7971922231624,45.806771252586,45.8141154454683,45.819722912706,45.823965220193,45.827086435226,45.8292191940669,45.8304128294806,45.8306677378999,45.8299688100943,45.8283101643168,45.8257043912878,45.8221722550172,45.8177129190642,45.8122594599865,45.8056287079174,45.7974776062392,45.7872803067308,45.7743420914284,45.7578697160608,45.7371244737584,45.7116932002683,45.6819158447435,45.6494857977483,45.6181540124542,45.594276096607,45.5866391479223,45.6047368887877,45.654845057259,45.7344743012389,45.8280900739972,45.9087164660719,45.9480118092352,45.9307122557786,45.863490403345,45.7710484707368,45.6825895691592,45.6188706719757,45.5871868386319,45.5840083517752,45.6006444973309,45.6279796762308,45.6589091731725,45.6888959319143,45.7155614491272,45.7380068007565,45.7562082405713,45.770587552463,45.7817428797552,45.7902933107098,45.796794550505,45.8016970809142,45.8053308562382,45.8079085142518,45.809542509328,45.8102718979925,45.8100933243678,45.8089894835451,45.8069480452189,45.80396528365,45.8000315311394,45.7950995935401,45.7890416479885,45.781604080984,45.7723728087711,45.7607641970443,45.7460599625087,45.72750996091,45.7045349506013,45.6770683783962,45.6460687343347,45.6141839586425,45.5864146036228,45.5703716945743,45.5754144156747,45.6098532100301,45.6760537637183,45.7651103738514,45.8550668082638,45.9168283189877,45.9273125218865,45.8821893224707,45.7985064443436,45.7049509811291,45.6274634264289,45.5799638439922,45.5636430942556,45.5717003629611,45.5948252753202,45.6247778617836,45.6557665840509,45.6844152766197,45.7091603338143,45.7295894569352,45.7459259591162,45.7586882257647,45.7684868901158,45.7759121987212,45.781475111145,45.7855799085676,45.7885167942919,45.790468924136,45.7915303839546,45.7917313005039,45.7910649851199,45.7895109752163,45.7870478936991,45.7836515750053,45.7792768150024,45.7738248970484,45.7671030444151,45.7587856016692,45.7483900026811,45.7352841235541,45.7187467237538,45.6981103244573,45.6730245373302,45.6438794768751,45.6124032340283,45.5823583971619,45.5600684958512,45.554206428531,45.5740236525669,45.6254093656654,45.7054163743436,45.798177986189,45.8767636580737,45.9133686906938,45.8935663069429,45.8247464470279,45.731872660192,45.643938169105,45.5812608169175,45.5507295529099,45.5485693236318,45.5660016041298,45.5939205785443,45.6252702526597,45.6555642812664,45.6824599333084,45.7050748973087,45.7233855586275,45.7378035055733,45.7489139252517,45.7573275922845,45.7636023739164,45.7682044872664,45.7714928553188,45.7737185054408,45.7750351370746,45.7755179879479,45.7751873805593,45.7740321128721,45.7720271589304,45.7691405833785,45.7653263453381,45.7605025673742,45.7545183914865,45.7471162129034,45.7378996255592,45.7263211452774,45.7117086497166,45.6933566347179,45.6707177557665,45.6437373901527,45.613365615262,45.5822288003666,45.5553046920792,45.5401892385823,45.5462276422124,45.5816825965154,45.6487779090862,45.7383272448415,45.8280076119675,45.8884756613736,45.896784036675,45.849206861884,45.7636102292936,45.6692747370135,45.5922350238283,45.5460688256002,45.531456882009,45.5411652350505,45.5656333374228,45.5965414533508,45.6281260225954,45.6570848415131,45.6819331718298,45.7023223604852,45.718518614097,45.7310651785711,45.7405859535399,45.7476800992018,45.7528693101681,45.7565743520817,45.7591087444571,45.7606840193639,45.7614236653116,45.7613830581552,45.7605717187535,45.7589732175986,45.7565577493293,45.7532832369914,45.7490828305945,45.7438395548705,45.7373522031583,45.7293000389169,45.7192175186404,45.706494742151,45.6904257806493,45.670336190626,45.6458312552551,45.617209854565,45.5860653611071,45.5560081869462,45.5332501732796,45.5264823960989,45.5451956552215,45.5957561028467,45.6757702082107,45.7696424747135,45.8500784755664,45.8883126999524,45.8689531559596,45.7991431492371,45.7044911104198,45.6150023500074,45.5516941522868,45.5215597804599,45.5204948287863,45.5392705568858,45.5684289264887,45.6007278981641,45.6316336996418,45.6588378332561,45.6815247744176,45.6997397316068,45.7139509797436,45.7247848010584,45.7328797723057,45.7388128840214,45.7430655608411,45.746011644024,45.7479186339997,45.7489582057578,45.749223483237,45.7487501891548,45.7475377829589,45.7455659817139,45.7428022111686,45.7391967835078,45.7346648386149,45.7290569851577,45.7221237782446,45.7134825538599,45.7025990795474,45.688801917659,45.671355481904,45.6496286194386,45.6234055020715,45.5933823616393,45.5618500724463,45.5334351645607,45.5155200402617,45.5176207543133,45.5488129408097,45.6128181332377,45.7021632870293,45.7954282367133,45.8623720323921,45.8774214813719,45.8339933749148,45.7486829902253,45.6516382503037,45.5708941493985,45.5217492622446,45.5056182737695,45.5151420833089,45.5402471991126,45.5720980040591,45.6045819360138,45.6342276598145,45.6595091140764,45.6801055225016,45.6963374036594,45.708804160453,45.7181766191925,45.7250887669463,45.7300863700817,45.7336065056757,45.7359743811262,45.7374110766656,45.7380490221056,45.7379525763196,45.7371403710114,45.7356051894437,45.7333268297635,45.7302740543883,45.726393407759,45.7215851669932,45.7156696109994,45.7083498881371,45.6991811314203,45.6875597811703,45.6727535089753,45.6540017646234,45.630729036774,45.6029213404377,45.5717040811007,45.540092044429,45.5137109878622,45.5009857494124,45.5119405686082,45.5547249285727,45.6299209065943,45.7250034682943,45.8138204294557,45.8652323387726,45.8586295645871,45.7961455215875,45.7015954800366,45.6068477010477,45.5364351447733,45.5002317503722,45.4953950240913,45.5126177222906,45.5417464430998,45.5747924252405,45.6066785684955,45.6347917816649,45.6581924770651,45.6769093399431,45.6914451137163,45.7024763804567,45.710689440543,45.7166987719562,45.7210114832468,45.7240168184324,45.7259902451759,45.7271071542931,45.7274631357641,45.727097700652,45.7260174764004,45.7242142704374,45.7216735702391,45.7183702558476,45.7142504356741,45.7092010375297,45.7030117128487,45.6953365834114,45.6856667034295,45.6733287784329,45.6575330511617,45.6375042146693,45.6127419040457,45.5834629088046,45.5512534653244,45.5198658412204,45.4958777626436,45.488585761406,45.5081801048068,45.5614277841557,45.6454791210801,45.743109147517,45.8247386150383,45.8601188182773,45.8345721593319,45.7580415464363,45.6592281844099,45.5696165009991,45.5096147104902,45.4844382540627,45.4882386779224,45.510732970372,45.5421384452216,45.5753595800969,45.6062052441624,45.6327284412463,45.6544143981891,45.6715287962419,45.6846869838056,45.6946029040244,45.7019567023951,45.7073319601548,45.7111914034942,45.7138741478649,45.7156061564952,45.7165195708132,45.7166775343557,45.7161006106641,45.7147901001835,45.7127433267232,45.7099567318172,45.7064144383064,45.7020625492071,45.6967723831647,45.6902987235533,45.6822419369673,45.6720260664145,45.6589099608329,45.6420566880363,45.6206984503597,45.5944467872974,45.5637990260817,45.5308540908631,45.5001270692244,45.4790930729148,45.4777155321118,45.5059569174092,45.5687159089511,45.6594667587993,45.7567581263032,45.8289401216107,45.8482295606987,45.806413943232,45.7200780480971,45.6207272518009,45.53795787104,45.4878958041579,45.4719233722329,45.48219694159,45.5081363706326,45.5405871018628,45.5733222993046,45.6028950196835,45.6278705991395,45.648037308649,45.6638154004135,45.6758821837926,45.6849597216312,45.6917057768728,45.6966643997322,45.7002499201674,45.7027505313988,45.7043445092066,45.7051247867242,45.7051278130644,45.7043618684238,45.7028294198766,45.7005383958017,45.6974987132032,45.6937028787608,45.6890925552992,45.6835160814651,45.6766846715756,45.6681375168217,45.6572290940202,45.6431571821332,45.6250589844742,45.6022153714827,45.5744146174387,45.5425213843636,45.5092408114122,45.4799102802751,45.4628517958963,45.468437289684,45.5058843251564,45.5775797672793,45.6729733046232,45.7668805302733,45.8270286959301,45.8296957801927,45.7736028489749,45.6808485350292,45.58392345205,45.5093468041918,45.4689145213889,45.4608552592999,45.4760889644356,45.5042172691019,45.5368816393492,45.5686971943393,45.5968586955136,45.6203364742494,45.6391374971088,45.6537790136912,45.6649640908501,45.6734012708951,45.6797135460463,45.6843989476224,45.6878209837903,45.6902176075509,45.6917225857118,45.6923946785175,45.6922496655305,45.6912894207362,45.6895219952192,45.686967595895,45.6836475613631,45.6795566019682,45.6746220692549,45.668657196667,45.661317765715,45.6520738043304,45.6402108524346,45.6248808114704,45.6052319423992,45.580660270539,45.5512330079907,45.5183182215877,45.4853746451397,45.458658863183,45.447272270147,45.4616218027977,45.5094388691923,45.5896961669393,45.6873379482852,45.7740601919307,45.8187106109385,45.8034538741361,45.7344611330522,45.6382191939154,45.5464746275701,45.4815799727068,45.4509239414038,45.4501008836826,45.4693708684455,45.4988810434772,45.5312053476421,45.561797444272,45.5884344996284,45.6104254156933,45.6279416202101,45.6415587408428,45.6519800298599,45.659884405757,45.6658506494566,45.6703262059419,45.673622982189,45.6759309113073,45.6773436560993,45.677891367745,45.6775746051856,45.6763927446118,45.6743604137257,45.671507116129,45.6678581897077,45.6633990407026,45.6580284305819,45.6515097547476,45.6434314911508,45.6331898635038,45.6200097081195,45.6030254982572,45.5814545801529,45.5549063705977,45.5238734249835,45.4904166170895,45.4589424421775,45.4367282599001,45.433496638082,45.4590888504202,45.5186820919993,45.60667860925,45.7030995552715,45.77758849172,45.8024085837156,45.7676499407182,45.6872394127274,45.5906295507525,45.5070034163116,45.4535264413497,45.4331460863615,45.4392918031078,45.4620515698961,45.4924186974938,45.5240184593863,45.5531545435731,45.5781546013565,45.5986260055917,45.6148701618713,45.6274952207589,45.6371865481983,45.6445816481765,45.6502084266724,45.6544614322964,45.6576023474937,45.6597773113254,45.6610457887844,45.6614154009077,45.660876033394,45.6594259404463,45.6570832796436,45.6538788360549,45.6498293532041,45.6448951773825,45.6389299472722,45.6316331267396,45.622518206685,45.6109112345202,45.5959976841294,45.5769424198282,45.5531177622018,45.5244831709605,45.4921504793774,45.4591076732787,45.4309142297033,45.4158923676268,45.424002735082,45.4635483071091,45.5357161178239,45.629132558114,45.7190051750941,45.7749130945395,45.775469588774,45.7205451357186,45.6313547718676,45.5382600960337,45.4659573480522,45.4256422367909,45.4160231008788,45.4289231917232,45.4547279417709,45.4855307628882,45.5160951088354,45.5435759539955,45.5668232692229,45.5857117964317,45.6006474743602,45.6122522450471,45.6211806234571,45.6280206184178,45.633245597745,45.6371976471915,45.6400922103989,45.6420381483148,45.6430682132729,45.6431739926454,45.6423381676395,45.6405566139871,45.6378441136782,45.6342203592343,45.6296770764172,45.624131637786,45.6173765765462,45.6090373652825,45.5985528766629,45.5851952306504,45.5681500652225,45.5466859422372,45.5204507692131,45.4899342077727,45.4571047376022,45.4261282952919,45.4038592885989,45.3994759258732,45.422396720313,45.4779379826092,45.5616340922383,45.6555724060123,45.7314294460035,45.7619307895485,45.7352295177414,45.6618506176338,45.5684811020232,45.4836498641494,45.4258133182469,45.3999416011192,45.4011138548599,45.4202632375501,45.4485345729338,45.4793132817855,45.5085316239429,45.5341630875839,45.5555366225072,45.5727593842127,45.5863179152038,45.5968326346932,45.6049179332102,45.6111076229532,45.6158198147708,45.6193470715001,45.6218645995583,45.6234518746523,45.6241229545708,45.6238594095985,45.6226386717477,45.6204506540435,45.6172972084762,45.6131723109346,45.6080252193678,45.6017133885014,45.5939558367158,45.5843006226631,45.5721225979329,45.5566709993207,45.5371922620911,45.5131615731706,45.4846618520779,45.4529351819571,45.421067741264,45.3946119714375,45.3816779543806,45.3917297568573,45.4323312591976,45.5039639341437,45.5950768662723,45.6816373436413,45.7347499854252,45.7344167526704,45.6807636816204,45.5939723979981,45.5029126494144,45.4313238773412,45.3903413601875,45.3792151541467,45.3904297460795,45.4148431707019,45.4447601597074,45.4749555282671,45.5024869373437,45.5260690578055,45.5454444727009,45.5609095271077,45.5730063742756,45.5823407291944,45.5894806924158,45.5949041177045,45.5989753654168,45.6019416952482,45.6039443526014,45.6050406467955,45.6052325050984,45.6044955573628,45.6028019374812,45.600130458268,45.5964599165317,45.5917447998591,45.585876977327,45.5786412888029,45.5696767353418,45.5584582339537,45.5443174336915,45.5265262016311,45.5044736968738,45.4779747281125,45.4477427098386,45.4160209649498,45.3872527965446,45.3684486479484,45.3686089229966,45.3963978522668,45.4557140892322,45.5403557049448,45.6312471288031,45.7005011277809,45.7231227363599,45.6902769741229,45.6144515661508,45.5222719565153,45.4406956459076,45.3863689924126,45.3631299085045,45.3657614482355,45.3854282692976,45.413670680093,45.4442135325602,45.4731998589686,45.4986953291826,45.5200399113835,45.5373075225221,45.5509350033426,45.5614951525108,45.5695680509765,45.5756720458737,45.5802294436646,45.5835534731048,45.5858501343063,45.5872315494058,45.5877376460114,45.587361841408,45.5860751013835,45.5838422727775,45.580625487818,45.576371814128,45.5709858585634,45.5642921382219,45.5559961277147,45.5456567465563,45.5326870516915,45.5164050156745,45.4961633309058,45.4715949522538,45.4430126016034,45.4119777143038,45.3819744562849,45.358947773026,45.3511859422458,45.3677742349159,45.4149893582684,45.4910870400714,45.5820496202006,45.6625806062906,45.705067144918,45.6932396705542,45.6314458870592,45.5421805270399,45.4538039425105,45.3877229615195,45.3525999705043,45.3461378111332,45.3603372006493,45.3862578548983,45.4166620184606,45.446766714825,45.4739492915825,45.4971124252164,45.5160850222324,45.5311846958162,45.542940566818,45.5519333629,45.5587090317974,45.5637346661081,45.5673785885146,45.5699056432296,45.57148363507,45.5721984169211,45.5720746598758,45.5710980993599,45.5692340660034,45.5664370989114,45.5626477396495,45.5577751661244,45.5516677868368,45.5440778042779,45.5346297665456,45.5228074016542,45.5079782599219,45.4894827326102,45.4668225666951,45.4399897351613,45.409966405073,45.3793738987953,45.3531135411248,45.3385979976559,45.3448771922587,45.3798842832685,45.4456785040975,45.5333376660679,45.621343469498,45.6813956156879,45.6911433178561,45.6464604987315,45.563973770537,45.4716784743922,45.3950107024787,45.3477692537535,45.3313052367148,45.3390581024161,45.3619022303871,45.3916905967331,45.4226532119879,45.451396044169,45.4763208393833,45.4969751226467,45.5135413910329,45.5264998741236,45.5364296493835,45.5439005339336,45.5494180055036,45.5533974016575,45.5561548383137,45.5579091260646,45.5587920257581,45.5588646733562,45.5581371560763,45.5565871070451,45.5541726162762,45.5508352266792,45.5464904446344,45.5410058864153,45.5341705673932,45.5256626281977,45.5150269947718,45.5016795822266,45.4849615077537,45.464275700558,45.4393469971372,45.4106464534083,45.3799903986475,45.3512289136497,45.3307378317014,45.3271311162004,45.3493803230743,45.4027929127948,45.4836115043812,45.5752680969292,45.6507568246774,45.683142702638,45.659524319288,45.5886441242381,45.4959142876328,45.4098064838506,45.3496628463514,45.3215211722252,45.3211529210597,45.3396915432863,45.3681500855201,45.3996553408943,45.4298869096925,45.4566219198735,45.4790503365725,45.4971823663493,45.5114364727385,45.5223887940074,45.530634864718,45.5367191220644,45.5411018625358,45.5441464169482,45.5461181965338,45.5471919748574,45.5474653858563,45.5469763788202,45.5457213886714,45.5436701381387,45.5407728923342,45.5369569314137,45.5321109905745,45.5260592218754,45.5185296008144,45.5091255664073,45.4973143867774,45.4824520533537,45.4638731630761,45.4410845199266,45.41410783527,45.384005188857,45.3535612726533,45.3279465174975,45.3149184345088,45.3238071873867,45.3624786501422,45.4322383382041,45.5226168030049,45.6102580474222,45.6658795178354,45.6680648312455,45.615428642487,45.5276393872181,45.4343006593448,45.3604359597146,45.3181453708411,45.3069530183601,45.3190797436205,45.3449209868865,45.3763729840635,45.4079533705501,45.4366037491752,45.4610129876065,45.4809387789503,45.4967017821106,45.5088644622508,45.5180489270366,45.5248426970507,45.5297542619064,45.5331951546312,45.5354764495124,45.5368142115284,45.5373413778723,45.5371241008122,45.5361799133724,45.5344941642376,45.5320307107537,45.5287332729345,45.5245152578016,45.5192381418726,45.5126814191761,45.5045105457998,45.4942534256573,45.4813014325319,45.4649586857875,45.4445736540701,45.4197978036641,45.3910178057285,45.3599790275729,45.3305204319071,45.3091307340199,45.3047151373333,45.3266969575558,45.3808253923592,45.4634348188317,45.5573655388004,45.6343854342361,45.6663745000661,45.6402237009489,45.5657782320603,45.4701665438912,45.3830736240145,45.323974300444,45.2981985500348,45.3005763404484,45.3215244764934,45.3517073463816,45.3842009760381,45.4147993437375,45.4414506290808,45.4635101428872,45.4811218098299,45.4948009789143,45.5051876991544,45.5129150803737,45.5185456060022,45.5225442750922,45.5252711982157,45.5269852460608,45.5278549918866,45.5279747705667,45.5273835006958,45.5260830770373,45.5240524645286,45.5212536472537,45.517626542167,45.5130718433892,45.5074233089169,45.5004140266146,45.49164471634,45.4805665900569,45.4664976200873,45.4487002289987,45.4265601045778,45.3999155370344,45.3695805425315,45.3380537461974,45.3102630933351,45.2939261607329,45.2987569478227,45.3336044949746,45.4012601794723,45.4926497105727,45.5847379321189,45.6468094480575,45.6547524922306,45.6048514551426,45.5162677107227,45.4199356874732,45.3428181848568,45.2983439755174,45.2863729642681,45.2987821921664,45.3254198904395,45.3577365044957,45.3899981549176,45.4190602872162,45.4436270513797,45.4635176903296,45.4791254116101,45.4910777633365,45.5000467399896,45.506652787125,45.5114217191453,45.5147698076984,45.5170041667239,45.5183324403443,45.5188788084466,45.5187038904049,45.5178255203352,45.5162365796728,45.5139157908222,45.5108279681623,45.5069117529223,45.5020551479506,45.496061938906,45.4886151769788,45.479247500524,45.4673329105585,45.4521218351594,45.4328517846705,45.4089783161745,45.380578145065,45.348958870077,45.3174309898408,45.2920079237093,45.2814768613188,45.2959434045088,45.3430060124034,45.4218438890238,45.517982932595,45.6038241482166,45.6485751594997,45.6341131402088,45.5658877429406,45.4698012219604,45.3775372435787,45.3118143482294,45.2804632599367,45.2793368149272,45.2987287171654,45.3286838012499,45.3616375083712,45.3929248691098,45.4202383749768,45.4428292636621,45.4608277185239,45.4747786074357,45.4853649727212,45.4932599342512,45.4990552672562,45.5032321876918,45.5061549124666,45.5080773481599,45.5091582808103,45.5094821395215,45.5090822579275,45.5079627710273,45.5061147477277,45.5035224161355,45.5001565874501,45.4959545123958,45.4907880945909,45.4844253092775,45.4764927479657,45.4664508352729,45.4535984446383,45.4371316944155,45.4162932048648,45.3906603536184,45.3606234696763,45.3280722970231,45.2971975707939,45.2750750039371,45.271338882522,45.2959733161387,45.3545869339175,45.4421748692279,45.5391477454705,45.6149311003673,45.6409426199743,45.6063670411279,45.5248877998193,45.4265500964999,45.3414600251906,45.28740311339,45.2674026537549,45.2745838724332,45.298635306906,45.3302439550884,45.362873527588,45.3927804883744,45.4183071026102,45.4390950587552,45.4554768002339,45.4680815574331,45.4776092330523,45.4847129497745,45.4899446687292,45.4937355847926,45.4963961380939,45.4981282009218,45.4990453954557,45.4991981620176,45.4985995849823,45.4972472344598,45.4951361739149,45.4922592103829,45.4885924396604,45.4840668673216,45.4785299180236,45.4717036253463,45.4631492540344,45.4522517002707,45.4382425260811,45.4202893041838,45.3976910567501,45.3702302876123,45.3387265687705,45.3057831347284,45.2765673513428,45.2591778726589,45.2637812914721,45.2995568620434,45.3692093457652,45.4629453979988,45.5565453960658,45.6183258195667,45.6242128101955,45.5716640856496,45.4813497276241,45.3850175156357,45.3093890603405,45.2670276603167,45.2569486180513,45.2705637481739,45.2976424410845,45.3297834275894,45.3614719340778,45.3897638398505,45.4135149289149,45.432648659321,45.4476258587098,45.4591144248374,45.4678044093901,45.4743138410517,45.4791467094205,45.4826804796645,45.4851714127015,45.4867717021083,45.4875544186934,45.4875421067758,45.4867340122537,45.4851264003029,45.4827208955788,45.4795174752398,45.4754914809654,45.4705573069062,45.4645247016025,45.4570565536877,45.4476398183396,45.4355848282429,45.4200741510195,45.4002916651175,45.3756744911724,45.3463372064121,45.3136990364551,45.2812618502601,45.2552893892987,45.2448088929731,45.2600257047703,45.3083415509399,45.3883798348351,45.4849479365746,45.5700438664365,45.6132267688759,45.5973816343666,45.5289109694617,45.4339075769449,45.3434364447389,45.2793382984431,45.248864239747,45.2477583968215,45.2665272241236,45.2955236343006,45.327439752331,45.357770140617,45.3842839460368,45.4062584774533,45.4238267461562,45.437528688825,45.4480396246025,45.4560206677776,45.4620434667836,45.4665579719016,45.4698857524773,45.4722299297043,45.473696659395,45.4743238534571,45.4741120748199,45.4730516175193,45.4711396501359,45.4683824693661,45.4647804189091,45.4602964873306,45.4548133527815,45.4480870577146,45.4397083167499,45.4290851307515,45.4154641496326,45.3980147467276,45.3760097449215,45.3491470196838,45.3180547665075,45.2849827793355,45.2545580589697,45.2342327371801,45.2337056849088,45.2623970617779,45.3245515304792,45.4133229756998,45.5078083212522,45.5778625294739,45.5973597676651,45.5586041891119,45.4769682548924,45.3818083861784,45.3010632811217,45.2504949583355,45.2321943560307,45.23939190407,45.2623851008367,45.2924998097556,45.3236465942357,45.3523123010659,45.3769146128888,45.3970873778903,45.4131233255705,45.4256073848999,45.435200064813,45.4425194671924,45.4480825335194,45.4522813424998,45.4553815682393,45.457536416537,45.4588115319101,45.4592161156634,45.4587343513627,45.4573504371415,45.4550609034491,45.4518697940614,45.4477655473586,45.4426824565517,45.436453640345,45.4287658998514,45.4191295945047,45.4068794795123,45.3912267950154,45.3713902204261,45.3468429646828,45.3177186535575,45.2854014543211,45.2532509368506,45.2272336172181,45.2159345474109,45.2291188707389,45.2740880927891,45.3501399903963,45.4437060423034,45.5288010765323,45.5760807406863,45.5674420868313,45.5064351912091,45.4161352011307,45.3261840519719,45.2590212764646,45.2236448098152,45.2175402005621,45.2323019896941,45.2586593157865,45.2892078338652,45.3191393987243,45.3458918947032,45.3684662801479,45.3867967884077,45.4012959726463,45.4125675352748,45.4212404487775,45.4278795775649,45.4329419069718,45.4367607245334,45.4395487554542,45.4414153025144,45.4423931905601,45.4424703363932,45.4416194777747,45.4398190989563,45.4370595477555,45.4333309056515,45.428593003035,45.4227323597647,45.415514990087,45.406547459795,45.3952615178693,45.3809410688594,45.3628156762314,45.3402527344838,45.3130875915569,45.2821251510635,45.2498013044467,45.2208666880326,45.2027145570899,45.2046627659861,45.2353641159851,45.2980778442807,45.3852586508154,45.4762496452455,45.5423472365049,45.5593833518176,45.520821184041,45.4415731791724,45.3493708612578,45.2705832791418,45.2203195878749,45.2009440340663,45.2063899882293,45.2276144745592,45.2563442387134,45.2866308969406,45.314930656264,45.3395497088516,45.359991419925,45.3764318064931,45.3893661060391,45.3993946845575,45.4071022880469,45.4129939808499,45.4174648975339,45.420791714008,45.4231398865265,45.4245829161561,45.4251295812703,45.4247537071301,45.4234198701608,45.4210983797097,45.4177644068224,45.4133792033858,45.4078554949007,45.4010136018251,45.3925389849516,45.3819555090465,45.3686322932571,45.3518467142158,45.3309328530257,45.3055518983082,45.2761207438568,45.2444073380972,45.2142112726896,45.1918566241191,45.1859364669853,45.2055185537949,45.2562578570615,45.3350982977996,45.426433029148,45.5040513391703,45.5410209946124,45.5233092054474,45.4577862054596,45.368215516741,45.2824437547194,45.2202910290506,45.1888588172228,45.1849631558637,45.200426037201,45.2265530647092,45.2564842492698,45.2857739302295,45.3120380815489,45.3343247308801,45.3525414649323,45.3670433446372,45.3783726754952,45.3871079144087,45.3937808422277,45.3988338481189,45.4026014144203,45.4053080524952,45.4070788690608,45.407959728343,45.4079430008341,45.4069934584465,45.4050680452089,45.4021237179676,45.3981095680022,45.3929428088465,45.3864724144255,45.3784385812686,45.3684403686676,45.3559279846048,45.3402409919587,45.3207200687282,45.2969272275974,45.2690121961668,45.2382458900196,45.2076763714042,45.182709645471,45.1711614764421,45.1820581518843,45.2224964907897,45.2927237656986,45.3815063189371,45.465779426098,45.5178656467082,45.5184454781651,45.4672327390468,45.3831558444213,45.2938448371579,45.2225104416625,45.1805360084359,45.1678054040521,45.1774054640255,45.2005617157283,45.2297073197973,45.2595893360165,45.2871658740645,45.3110345624634,45.3308294372106,45.3467562270878,45.3592871350963,45.3689796656479,45.3763761225119,45.3819505930769,45.3860831761704,45.3890510997174,45.3910320481003,45.3921171486709,45.3923308744502,45.3916538688222,45.3900434889619,45.3874465232254,45.383799528978,45.3790146265031,45.3729520829791,45.3653851465672,45.3559669346644,45.3442136957442,45.329523920621,45.3112592886559,45.2889211058805,45.2624610425714,45.232756073212,45.2022302591917,45.1754838019817,45.1595649794913,45.1632399605905,45.1945117128842,45.2561817000485,45.3408420843479,45.4287937378951,45.492786489391,45.509721665368,45.4729538478597,45.3961703079368,45.3056649410796,45.2270674393375,45.1756638679973,45.1545113358728,45.1582409208094,45.1782362685559,45.2063587103896,45.2366028343381,45.2652834762287,45.2905497225939,45.3117630192955,45.3289818542887,45.3426096391044,45.3531811970999,45.3612435844536,45.367293398244,45.3717456899389,45.3749208822974,45.3770433893806,45.378249166907,45.3786002094133,45.3781032506563,45.3767287040537,45.3744250787669,45.3711243143,45.3667349449832,45.3611226606304,45.3540813703553,45.3453019762452,45.334350622031,45.3206735094588,45.3036520780004,45.2827405261112,45.257724891053,45.22914049559,45.1988525167753,45.1707091327718,45.1509833181625,45.1480411282231,45.1704738898879,45.2232142246193,45.3024171659753,45.3920025474492,45.4660126263177,45.4985813987563,45.4771010255426,45.4094826979031,45.3196862078748,45.235035594087,45.1745886709889,45.1448510214668,45.1423445657812,45.1588349245856,45.1856907626044,45.2161460007197,45.2458355068083,45.272427750921,45.2949944874526,45.3134430015231,45.3281112346122,45.3395163068944,45.3482128710329,45.354719073696,45.359480317282,45.3628534452246,45.3651028005068,45.3664045115152,45.3668571946306,45.366497152223,45.3653151562596,45.363270936266,45.3603011927031,45.356317706372,45.3511939935811,45.3447418190269,45.3366824974648,45.3266221990272,45.3140456571883,45.298349322565,45.278943473836,45.2554617250568,45.2281195346713,45.1982448319732,45.1689339742917,45.1456264857364,45.1361293743798,45.1493546884833,45.1920879106734,45.2640058851021,45.3531268713302,45.4357775121651,45.4842740351465,45.4801602042143,45.4246134029014,45.3379008938409,45.2482169216734,45.1784463752247,45.139134858226,45.1293054941109,45.1414568182112,45.1665514403627,45.1969992353775,45.2276490716091,45.2555985323793,45.2795728019329,45.2993010248146,45.315048549711,45.3273177150494,45.3366766424686,45.3436696328557,45.348773933386,45.3523810993248,45.3547915477541,45.3562172179839,45.3567901754511,45.3565756077349,45.3555870325112,45.3538005805126,45.3511646323736,45.3476013288065,45.3429977291075,45.3371866293358,45.3299201219625,45.3208428053798,45.309476321388,45.295233143036,45.27748584089,45.2557279812884,45.2298704068552,45.2007101321405,45.1705636130758,45.1439333616357,45.1278447712367,45.1311887924595,45.1622670664632,45.2242517742708,45.3099097478515,45.3992137655696,45.4640554751007,45.4804346496451,45.4415003089188,45.3617396395415,45.2687677506913,45.1892123803041,45.138552874947,45.1193603032388,45.1255341834099,45.1478450148839,45.1778048319863,45.209300010605,45.2386898251437,45.2642353630193,45.2854207971455,45.3024090368784,45.3156798592083,45.3258177135768,45.3333991981548,45.3389387720392,45.3428655704368,45.3455162776222,45.3471369246908,45.3478906091175,45.3478695486698,45.3471096934735,45.3456052853293,45.3433200237141,45.3401913905324,45.3361254706055,45.3309813267732,45.3245465506816,45.3165089292732,45.3064333664106,45.2937587524023,45.277837106218,45.2580473194158,45.2340262565764,45.2060630342434,45.1756790335845,45.1463322243055,45.123997601297,45.1170790300737,45.1348325789651,45.1836225640034,45.2614758110919,45.3536599458741,45.433853376347,45.4737531291406,45.4574686461599,45.3908893536918,45.2983918574914,45.2094607287905,45.1453904215184,45.1138461525993,45.1113421384643,45.129001889963,45.1574660977342,45.1894441766703,45.220304053111,45.2476433322574,45.2705743382042,45.2890900021458,45.3036190280666,45.3147555252366,45.3231118361968,45.3292461880642,45.3336312906203,45.3366440057393,45.3385660688275,45.339591451974,45.339838345207,45.3393640855034,45.3381807305863,45.3362681868406,45.3335814512203,45.3300489610199,45.3255603712694,45.3199442306137,45.3129388911584,45.3041635965468,45.2931014038454,45.2791121435578,45.2615027740968,45.239693850329,45.2135301627707,45.1837780914791,45.1528045788461,45.1253001927631,45.1086547768498,45.1122608766934,45.1448634107697,45.2096461179711,45.298570311164,45.3899927726451,45.4541362158724,45.4665207439053,45.4216970858009,45.3367316122335,45.2413699174436,45.1627727718626,45.1154651965522,45.1004912564661,45.1104920352583,45.135584551538,45.1671561127878,45.1992705118035,45.2285682332277,45.2535803627913,45.274004601349,45.2901550099004,45.3026099318985,45.3120125518366,45.3189692444467,45.324003528014,45.3275392351332,45.3298987506726,45.331309700087,45.33191713922,45.3317993745094,45.3309852140448,45.3294696709452,45.3272246121507,45.3242010060189,45.3203204497883,45.3154555144027,45.3094009795277,45.3018411594279,45.2923224269181,45.2802453385834,45.2648983953855,45.2455660500748,45.2217555666407,45.1935934080973,45.1624230562985,45.1315566733788,45.106945394225,45.0972191148513,45.1122241951139,45.1592578677013,45.2373137920542,45.3320555441698,45.4164313837935,45.4603826726527,45.446229271402,45.3792286555996,45.2845956647866,45.1933268590696,45.1278453807945,45.0961035108872,45.0942730811523,45.1129449551934,45.1423405959289,45.1749550554631,45.2061096246242,45.2334509759781,45.2561776215319,45.2743714243035,45.2885370287118,45.2993262235956,45.3073902251547,45.313308654015,45.3175603630114,45.3205161179372,45.3224431446328,45.3235169796025,45.3238381731429,45.3234515390676,45.3223649544844,45.3205640426931,45.3180189906236,45.3146805369616,45.3104638282325,45.3052212007304,45.2987077982389,45.2905472566219,45.2802088569266,45.2670134390778,45.2501940542613,45.2290490137168,45.2032364431378,45.1732593392288,45.1411525667562,45.1112645594779,45.0907810834569,45.0892845324331,45.116399620212,45.1769900154093,45.2650786947111,45.360373740678,45.4324951003928,45.4541544182939,45.41630270307,45.3337776702676,45.2365513432844,45.1537410176708,45.1020157523409,45.0837160624084,45.0918041876377,45.1161271633945,45.1476272406722,45.1799876211562,45.2096062555968,45.2348955208673,45.2555177504619,45.2717975433295,45.2843432814777,45.2938313283301,45.3008950752035,45.3060742543463,45.3097967315321,45.3123778779812,45.3140303752301,45.3148809042723,45.3149910649355,45.314379398893,45.3130406106585,45.3109577454846,45.3081036163777,45.3044292778971,45.2998396557326,45.2941592515854,45.2870939161574,45.2781981068487,45.2668614369951,45.252334801528,45.2338259962174,45.2107069270634,45.1828835491261,45.1513691556806,45.1190381098508,45.0913716616325,45.0767074236503,45.0851482461758,45.125220307709,45.1982465008605,45.2926597654903,45.3830403939023,45.4381967467625,45.43646295799,45.3783661759484,45.286434296148,45.1921661635951,45.1205778615334,45.0823787214107,45.0754468577023,45.0908869062078,45.1186809886253,45.1508149928482,45.1821267561585,45.2099159875598,45.2331754478277,45.2518876284084,45.266524907403,45.2777426939942,45.2862102179577,45.2925259395945,45.2971806668865,45.3005469093597,45.3028835207366,45.3043502950914,45.3050292197751,45.304949052488,45.3041090698557,45.3024972100237,45.3000980328386,45.2968872099987,45.2928115448208,45.2877564593606,45.2815060582312,45.2737040644974,45.2638273815662,45.2511886558109,45.2349913142988,45.2144709160077,45.1891682173098,45.1593828137239,45.1268287118979,45.0954137817656,45.0718455637931,45.065425462012,45.0861037661654,45.1401136799343,45.2239459054172,45.3200386172162,45.3992877907533,45.4327308406962,45.4070128360979,45.3324283240976,45.236779350778,45.1500999026907,45.0917435964592,45.066685006498,45.069455119533,45.0903572246156,45.1201019070014,45.1518892179756,45.1816482638357,45.2074412287314,45.2287093184847,45.2456580131887,45.2588447617455,45.2689345001039,45.2765676878465,45.2822954801235,45.2865528885427,45.2896539580894,45.2918010264682,45.2931037712367,45.2936044771591,45.2933052486736,45.2921919718903,45.2902495771106,45.2874640543776,45.2838088052076,45.2792159786392,45.2735369224526,45.2664992978066,45.2576716272341,45.2464495695111,45.2320832074858,45.2137724310454,45.1908680655301,45.1632251109647,45.1317467333882,45.0991028322697,45.0704589596579,45.05377560425,45.0588963135993,45.0945379642084,45.1630262305476,45.2546522174528,45.3460256661565,45.4068045772826,45.4139132830767,45.3645974699134,45.2781035976445,45.1844962060724,45.1095805035979,45.066060762684,45.0537363691939,45.0648709617579,45.0898139025472,45.1204143430923,45.1511706896451,45.1790324355371,45.2027150450104,45.222013490284,45.2372893190184,45.2491422970231,45.2582207392311,45.2651204662362,45.2703358293139,45.2742410003724,45.2770902063904,45.2790312026746,45.2801281661804,45.2803898709277,45.2797978932251,45.2783288109111,45.2759646594558,45.2726876038874,45.2684577485337,45.2631767471426,45.256643757797,45.2485138459761,45.2382722285534,45.2252415563231,45.2086450911206,45.1877570641706,45.1621808577852,45.1322970159654,45.0998945281271,45.0689017889292,45.0459247179554,45.0399837121717,45.0605882348689,45.1135523329156,45.1953283962165,45.2890414822302,45.3669229105435,45.4012420055795,45.3787643256135,45.3084758867348,45.2162494167894,45.1307980716405,45.0713657446883,45.04373297514,45.0434760039542,45.0616855211994,45.0894533338685,45.1200361800629,45.1492421688739,45.1749537541267,45.1964419006255,45.2137793245318,45.2274328112968,45.2380126314612,45.2461308845673,45.2523267779437,45.2570311683817,45.2605550685052,45.2630945330582,45.2647477494039,45.2655405992164,45.2654559113797,45.2644603935426,45.2625228037742,45.259617889119,45.255713093165,45.250738692973,45.2445462376754,45.2368642715228,45.2272640110325,45.2151512361739,45.1998051757541,45.1804917793338,45.1566870832849,45.1284510526553,45.0969777412216,45.0652830583692,45.0388347049232,45.0256593166255,45.0351682220883,45.0749499622645,45.14564100144,45.2359949566413,45.3223594985791,45.3761103716612,45.3772095526048,45.3253879121571,45.2402692067851,45.1502951738912,45.0790769322157,45.0378838731307,45.0262115734637,45.0367681378704,45.0605554213998,45.0899449175067,45.1197279409996,45.1469540962604,45.1703215113072,45.1895552167376,45.2049356174157,45.2169913402072,45.226317490202,45.2334750072084,45.2389383103793,45.2430716606852,45.2461242696205,45.2482393131016,45.2494735820591,45.24982390093,45.2492550410606,45.2477227992429,45.2451860155061,45.2416029534164,45.2369105816763,45.2309894053188,45.2236209367579,45.2144491413318,45.202961186265,45.1885071794512,45.1703843111082,45.1480181168586,45.1212791967304,45.0909663692059,45.059442369961,45.031287913969,45.0136134743155,45.0153775698308,45.0449356233699,45.1055628976163,45.1902942450915,45.2796014785439,45.345948157584,45.3655473836504,45.3309888583894,45.2554913496432,45.165320732887,45.0863828082587,45.0343060343447,45.012399268665,45.0154211445029,45.0347939867348,45.0623744947126,45.0921401268037,45.1203913661144,45.1452715914854,45.1661463076381,45.1830862943657,45.1965120902355,45.2069758147584,45.2150368925572,45.221194886351,45.2258555969829,45.229317593741,45.2317731563905,45.2333205452386,45.2339847274571,45.233742497062,45.2325465382617,45.2303423501442,45.2270726717378,45.2226662945499,45.2170116873361,45.2099201652862,45.2010878634249,45.1900702618927,45.1762877323738,45.1590862485401,45.1378843659079,45.1124436719627,45.0832966222291,45.0523330787317,45.0234514548306,45.002987959806,44.9993630668671,45.021192820132,45.073406876313,45.1521766063165,45.2415361081266,45.3157701958405,45.3492671974128,45.3294459386539,45.2638615328203,45.1758594387737,45.0922242062313,45.0318137647027,45.0012917022221,44.9975278759908,45.0126366425031,45.0382295096914,45.0676595008698,45.0965878476356,45.1226585713669,45.1449014560765,45.1631840649532,45.1778151326438,45.1892936289383,45.1981633590845,45.2049335055004,45.2100372230195,45.2138122499585,45.2164957765715,45.2182301423605,45.2190771788019,45.2190383721493,45.2180766681371,45.2161346764587,45.2131439804461,45.2090215858193,45.203652244254,45.1968591481961,45.1883698733049,45.1777891451885,45.1645951128129,45.1481818022361,45.127977601008,45.1036764324161,45.0756180192127,45.045329716919,45.0161650542685,44.9938082272753,44.9861572783864,45.0018698707435,45.0469934767765,45.1200935906448,45.208219339756,45.2876349728637,45.3319123454973,45.3246232674348,45.2684476510334,45.1836576364508,45.0971442124017,45.0302098675831,44.9924347977836,44.9827110066488,44.9939434690953,45.0176419496525,45.0466550717895,45.076087249709,45.1031356574298,45.1265275168973,45.145948093506,45.1616064751335,45.1739533225317,45.1835152623614,45.1908044296558,45.1962715330002,45.2002830561136,45.2031126627694,45.2049424785766,45.205872244101,45.2059344234192,45.2051123158811,45.2033570414534,45.2005987232377,45.1967477628591,45.1916839633533,45.1852342792413,45.1771438813323,45.1670497782484,45.1544714674706,45.1388393510897,45.1195892231411,45.0963588827948,45.0693254906629,45.0397056718401,45.0103779474944,44.9864435961954,44.9753028940493,44.9855703379929,45.0241680309263,45.0916974203601,45.1779431313134,45.2612134261429,45.3147637366127,45.3189865545817,45.2720717190669,45.1911076374851,45.1026745853958,45.0301296652579,44.9857815182709,44.9705296251875,44.9781274594784,45.0000431602361,45.0286614480543,45.0585546873163,45.086491046442,45.1109114638371,45.1313349367876,45.1478856700714,45.1609777778606,45.1711280275778,45.1788537565354,45.1846207803701,45.1888184881431,45.1917497412595,45.1936299300289,45.1945928745612,45.1947021153886,45.1939655598355,45.1923503808862,45.1897942823672,45.1862092944018,45.181475426943,45.1754238129061,45.1678122751704,45.1583004104797,45.1464363447772,45.1316736020886,45.1134443695367,45.0913241110325,45.0653278169363,45.0363685126341,45.006860299289,44.9813263025585,44.9666515034573,44.9713501106924,45.0031253876837,45.064539677522,45.148164878108,45.2346125732324,45.2972022654276,45.3133741507433,45.2766705136892,45.2005385614258,45.1108311137214,45.0328392013463,44.9817486431364,44.960694429453,44.9644356902214,44.9844495572618,45.0126371108347,45.0429958374738,45.0718283723564,45.0972691928461,45.1186660119936,45.1360630615283,45.1498473120403,45.1605353596287,45.1686570132437,45.1746967408031,45.1790665447531,45.1820951831396,45.1840264597514,45.18502359153,45.1851782625556,45.1845228869301,45.1830437500123,45.1806918482297,45.177387975059,45.173019251405,45.1674259958552,45.1603805371104,45.1515632227115,45.1405455544264,45.1267964149338,45.1097351702036,45.0888647601427,45.0640257671991,45.0358095820511,45.0061347048669,44.9788913957819,44.960362939601,44.95885410058,44.9827686714307,45.0366885290717,45.1163002278019,45.2051224847095,45.2771470462311,45.306994448728,45.2829466438001,45.2137649885366,45.1237853550467,45.0401313814297,44.9813222386861,44.9533147546614,44.9522701838265,44.9698103500868,44.9973121345339,45.0280908224462,45.0578801359227,45.0844360895247,45.1068959259785,45.1252089807477,45.139734667795,45.1509957995077,45.1595426817601,45.1658850684568,45.1704613924789,45.1736270595933,45.1756525594409,45.1767274148997,45.176968331329,45.1764303145401,45.1751189279471,45.1730010314376,45.1700108799591,45.166048747194,45.1609704633823,45.1545684438276,45.1465479166691,45.1365062273964,45.1239286410119,45.1082215090239,45.0888131843446,45.0653629091503,45.0381212703093,45.0084660402341,44.9795636794276,44.9569407261885,44.9484798273076,44.9630883963138,45.007363823571,45.0805338661346,45.169972846342,45.2514692777224,45.2973396878985,45.2898854971813,45.2315007753156,45.1434544710831,45.0542096792138,44.9861964621803,44.949187432036,44.9415328673775,44.9553536055418,44.9815133000845,45.012493952878,45.0432837179483,45.0711215274076,45.0948469029952,45.114269247184,45.1297032308672,45.1416762538103,45.1507645245852,45.157510298249,45.1623846068004,45.165773361364,45.1679750755574,45.169204878793,45.1696026501122,45.1692440361742,45.1681527943763,45.16631213645,45.1636721654737,45.1601505268891,45.155624259158,45.1499125958484,45.1427531310762,45.1337773843662,45.1224966918731,45.1083160846744,45.0906029210614,45.0688478908716,45.0429643014258,45.0137648907201,44.9836079812841,44.9570770087426,44.9413168703468,44.9453406687675,44.9774844378853,45.0407379063335,45.1273899417898,45.2167581794255,45.2802811690311,45.2941426636023,45.2523903124313,45.1706527967604,45.0772531109923,44.9987681834983,44.9500704158216,44.9330079452952,44.9409647858486,44.9644904365098,44.9951002040877,45.0267973425286,45.0560866574652,45.0813581597798,45.1021924626721,45.1188161418571,45.1317456725159,45.1415823771892,45.1489065663155,45.1542289343556,45.157971964945,45.1604662137583,45.161954232404,45.1625990875489,45.1624959938581,45.161685579504,45.1601666289281,45.1579054871625,45.1548391423317,45.1508695981579,45.1458485939133,45.1395540073509,45.1316624002744,45.1217263525589,45.1091710152903,45.0933324360655,45.0735709108133,45.0495038001326,45.0214058232256,44.9908012079161,44.9611857338296,44.9386241059108,44.9316619555422,44.9497078968497,44.999189700245,45.0779779594213,45.170909121502,45.2511136065236,45.2899967777572,45.2719532514617,45.2036538226532,45.1102643275954,45.0215873780038,44.958677157966,44.9286711450958,44.9275962041892,44.9462983373653,44.9753505752312,45.0075254103584,45.0383041639014,45.0653972389672,45.0880068932064,45.1061885024444,45.1204090335556,45.1312822921944,45.1394272550006,45.1454004009625,45.1496681021524,45.152599262932,45.1544682111231,45.1554634155202,45.1557000125428,45.155234553454,45.1540798458734,45.1522170493904,45.1496018554428,45.1461619666729,45.1417843079082,45.1362924145598,45.1294171905096,45.1207677902788,45.1098141650076,45.0958995836671,45.0783109681914,45.0564467283771,45.0301315776296,45.0001224038237,44.9688007007762,44.9409115554789,44.923948978666,44.9274459333656,44.9602683480395,45.0256037951907,45.1152122617685,45.2070708162197,45.2710548288591,45.2826574469743,45.236820051074,45.1511745094981,45.0558205936381,44.9778748472341,44.9315382272487,44.9174963138852,44.9281633915603,44.9535907146024,44.9852090959293,45.0171705941906,45.0462050211325,45.07091430388,45.0910445851256,45.106939030916,45.1191905717981,45.1284468247265,45.1353118225325,45.1403025021808,45.1438338286786,45.1462185881274,45.1476753036517,45.1483413175508,45.1482891316723,45.1475437810559,45.1460982725522,45.1439236345132,45.140970320692,45.1371587632622,45.132358738448,45.1263597511757,45.1188377889941,45.1093277439157,45.0972161829797,45.0817769186534,45.0622825731245,45.0382373984569,45.0097823664996,44.9783034715335,44.9471916132556,44.9225096173709,44.913002896175,44.9285705187349,44.9764076902473,45.0551960270699,45.1501598020419,45.2339453640685,45.2766279332681,45.2611290076558,45.1934111481725,45.0990202111531,45.008745086957,44.9444980329712,44.9137692979179,44.9125079582031,44.9313082591561,44.9605144906569,44.9927667083988,45.0235024019824,45.0504430512509,45.0728271063831,45.0907529563355,45.1047281446832,45.115400167112,45.1234123182743,45.1293343915004,45.1336342956388,45.1366712004706,45.1387005505329,45.1398864939741,45.1403192339654,45.1400348624004,45.1390345057429,45.137298955846,45.1347949410986,45.1314700866103,45.12723541341,45.1219367402777,45.1153193501401,45.1069937305617,45.0964144739218,45.0828903999512,45.0656526834921,45.0440192719411,45.01770449907,44.98732032613,44.9550729401529,44.925531250843,44.9060896903766,44.9063971069014,44.9358195387251,44.998508173512,45.087446133949,45.1814992342228,45.2503602743445,45.2680124682803,45.2272355255235,45.1440692104426,45.0483695819583,44.9681540756431,44.9188774040477,44.9021698384625,44.9108724293142,44.9350654632879,44.9660182372175,44.9976841927279,45.0266311539723,45.0513547760945,45.0715442552873,45.0875211637828,45.0998783365321,45.1092733053724,45.1163211789501,45.1215448479689,45.1253564336777,45.1280560934219,45.1298415408685,45.1308248806625,45.1310540083306,45.1305352002267,45.1292526743625,45.127180597677,45.1242836756313,45.1205041779296,45.115735836115,45.1097881507338,45.1023479965216,45.0929490829964,45.0809644274387,45.0656436183019,45.0462261794378,45.0221736300421,44.9935689441096,44.9617145350953,44.9298831021138,44.9039923392047,44.8926653988667,44.9058177056241,44.950968890919,45.0275570238946,45.1218801572062,45.207476947055,45.2544277632305,45.2444324239987,45.1815110459391,45.089630746598,44.9991573314176,44.932682502785,44.8988367614506,44.8945458631574,44.9109457196023,44.938525370547,44.9698338833934,45.0001304700067,45.0269608861283,45.0494283342807,45.0675431900657,45.0817647265752,45.0927198806444,45.1010470517257,45.107316594893,45.1119948491835,45.1154326863327,45.1178690343436,45.1194447086902,45.1202234328967,45.1202165769708,45.119407141323,45.1177678371175,45.1152683938418,45.1118687175763,45.1074971185452,45.1020161414007,45.0951821124649,45.0866081245948,45.0757440704663,45.0618923830737,45.0442855069462,45.0222610146924,44.9955791877864,44.964923718603,44.9325822958148,44.903177618043,44.8840724898561,44.8847416003193,44.9142309009559,44.976350271245,45.0639966907778,45.1564867526949,45.224464115491,45.2428062238486,45.2043841254824,45.124304740894,45.0310624916959,44.9517530375662,44.9017540041375,44.8832475470265,44.8897918427263,44.9120136744564,44.9414566789345,44.9721283623887,45.0005272759212,45.0250368453622,45.0452385688604,45.0613710418681,45.0739722207759,45.0836678566469,45.0910562760393,45.0966503618196,45.1008522895428,45.1039480140377,45.1061152137067,45.1074411543779,45.1079471088992,45.107614941126,45.1064103974713,45.1042973981374,45.1012386554178,45.0971803255772,45.0920218095597,45.0855757254973,45.0775270047048,45.0674039113065,45.0545780706762,45.0383163656221,45.017915616847,44.9929597822008,44.9637412178234,44.9318626967893,44.9009498928148,44.8772128061536,44.8692966535584,44.8866010920203,44.9354298729024,45.0135350676747,45.1058793512971,45.186126528143,45.2264078574462,45.2114205656917,45.1472065552911,45.0575617419019,44.9709849747961,44.9080047317268,44.876105822758,44.8721321709124,44.8877443116086,44.9140636384983,44.9441074996299,44.9733820833705,44.9995093016658,45.0215711555802,45.0395173576009,45.0537415163116,45.0648155864928,45.0733375640632,45.0798497273479,45.0847980177425,45.0885158314359,45.0912239698287,45.0930426743898,45.0940126695633,45.0941213313211,45.0933287684266,45.0915877815681,45.0888520420601,45.0850686833998,45.0801546791325,45.0739604148722,45.0662281705459,45.0565574417253,45.0443932930799,45.0290590006929,45.0098609797387,44.9863018827193,44.9584416773454,44.9274317748264,44.8961848042618,44.8699925011369,44.8566464855762,44.8653341103476,44.9035790846095,44.9723018412877,45.0609777654892,45.1469029792013,45.2020782476898,45.2062158890722,45.1579032342215,45.0753795235022,44.9862671969716,44.9142403518869,44.8712319538892,44.8575047572013,44.8663037521929,44.8888620708346,44.9175579746041,44.9470789192105,44.9743429032003,44.9979303227315,45.0174754231405,45.0331941654192,45.0455724376429,45.0551799406256,45.062566386804,45.0682066598391,45.0724745236428,45.0756343701846,45.0778461424646,45.0791806333151,45.0796420828019,45.0791936671147,45.0777802213002,45.0753422216048,45.0718161570228,45.0671190132277,45.0611183646702,45.0535939896958,45.0442015070355,45.0324531589619,45.0177359529963,44.999393618016,44.9769060687272,44.9502046804584,44.9201521914602,44.8891682798282,44.8618595101789,44.8452885182992,44.8482400422214,44.8787436243916,44.9396591033806,45.0237135515777,45.111449068085,45.1759062993715,45.1941502248488,45.1593770241118,45.084774545997,44.9960248547814,44.918341650656,44.8669441927457,44.8451047264227,44.8477765502572,44.8666263395649,44.8936966128385,44.9230652283997,44.9510646533929,44.9758291459631,44.9966958128782,45.0137011631676,45.0272327964914,45.0378150079656,45.0459866023844,45.0522347642888,45.056961152768,45.0604672337304,45.0629528338823,45.0645251302373,45.0652157891689,45.0650029499313,45.0638333482708,45.0616390323343,45.0583434716072,45.0538536675566,45.0480380362356,45.0406939673441,45.0315136259881,45.0200615185663,45.0057827723189,44.9880674442267,44.9664033601805,44.9406551288737,44.9115006266655,44.8810176400508,44.8533094753184,44.8348596877422,44.8340403720036,44.8590502234191,44.9139378050961,44.9937015668472,45.0814645026505,45.1515857340557,45.1798185006471,45.1556439877775,45.0881809833776,45.0010001639606,44.9199204369478,44.8624628577291,44.8343163985622,44.8319788290174,44.847645806357,44.8732056714976,44.9022958853905,44.9307873108347,44.9564475649555,44.9783628407376,44.996413891566,45.0108987605128,45.0222950160319,45.0311226752676,45.0378697813536,45.0429537637381,45.0467030459979,45.0493513972025,45.0510418509087,45.0518383986113,45.0517431845833,45.0507156688582,45.0486891262343,45.045579620798,45.0412836438282,45.0356630050513,45.0285191250971,45.0195632711404,45.0083942917809,44.9945011174873,44.9773140033864,44.9563360442604,44.931392436953,44.9030311345483,44.8730765200632,44.845247020135,44.8255674122181,44.8220512790033,44.8429491154271,44.8931203111451,44.9692369585558,45.0564527152854,45.1303527943931,45.1659709289019,45.1500938966902,45.0886122015617,45.0031951414305,44.9198851520724,44.8579024044991,44.8248676655218,44.8185804039889,44.8317220675321,44.8560894452838,44.8849740771787,44.9138731882736,44.9402564950738,44.9630084904805,44.9818874033174,44.9971225482506,45.0091558421505,45.018491802286,45.0256166286932,45.0309568197515,45.0348593108615,45.0375839546322,45.0393044209379,45.0401158200841,45.0400474971592,45.0390785118504,45.0371522074727,45.034185707682,45.030070639582,45.0246630744056,45.0177635631923,45.0090920517567,44.9982672567665,44.9848058496244,44.9681637745701,44.9478500742125,44.9236505811403,44.8959975558493,44.8664951761348,44.8385310505631,44.8177386806793,44.8118284583595,44.829098341197,44.8751021658581,44.9479480992373,45.0345507215018,45.1115961859532,45.1535572927071,45.144919475184,45.0887426108952,45.0049783488057,44.9198211397489,44.8539766403987,44.8167782160373,44.8071766602594,44.8182678780553,44.8417438323397,44.870569293896,44.8999003263741,44.9269434582155,44.9504132022571,44.9699720267054,44.9858017611472,44.9983242636926,45.008038513424,45.0154334450234,45.0209444700728,45.0249332996058,45.0276801522439,45.0293834646433,45.0301651783225,45.0300804184565,45.029129836554,45.0272719111501,45.024431792362,45.0205033451352,45.0153421759097,45.0087496940051,45.0004516128618,44.9900787059769,44.9771632262656,44.9611714482998,44.9416012515855,44.9181817823898,44.8912137561919,44.8620688962777,44.8337982709007,44.8116485034779,44.8030446258226,44.8163649983725,44.8579055120693,44.9272704531627,45.0132004751702,45.0935299345583,45.1421578967631,45.1411657867873,45.0906256815767,45.0086577019996,44.9216118473928,44.8517793140801,44.8103179226422,44.7973874978886,44.8064933076866,44.8291829859797,44.858051742765,44.8878853452719,44.9156149828114,44.9397863720951,44.9599754434766,44.976329284414,44.9892627353963,44.9992804561703,45.0068822331138,45.0125168290968,45.0165615640477,45.0193149237464,45.0209962307167,45.0217500110407,45.0216539609979,45.0207292480485,45.0189510858242,45.0162567829649,45.0125482933963,45.0076870145207,45.001480336323,44.9936622742659,44.9838744681823,44.9716590847741,44.9564820611703,44.9378137969171,44.9153035865386,44.8890886286751,44.8602651987656,44.8314932947406,44.8075720835172,44.7955930539787,44.8040177110702,44.8399945251632,44.9048899237541,44.9896672078454,45.0736735002708,45.1302999472908,45.138820638255,45.0955982039569,45.0163073117958,44.9272968235246,44.8527359085669,44.8060660078094,44.7890082587363,44.7956232196282,44.8172991382986,44.8461747077402,44.8765731222338,44.905082455551,44.9300409266742,44.950921989778,44.9678364511113,44.9811981120973,44.9915260617727,44.9993394715622,45.0051070550043,45.0092256078052,45.0120129355046,45.0137079770537,45.0144751650997,45.0144118199745,45.0135575430106,45.0119039607833,45.009402445924,45.0059671164473,45.0014708384475,44.9957333120498,44.9885026906252,44.9794356570425,44.9680856805638,44.9539157072197,44.9363601278259,44.9149708463652,44.8896897777244,44.8612842384668,44.8319398138839,44.8058924643849,44.7897681433892,44.7920179895192,44.8206948167937,44.8792559360816,44.9615416246915,45.0491954633954,45.1155332726717,45.1366329741636,45.1039744888906,45.0295048900933,44.9389565763912,44.8586479004112,44.8050696643145,44.7822284341737,44.7851381503093,44.8051067736284,44.8337150247336,44.8646712951476,44.8940891174508,44.9200107876314,44.9417583147324,44.959385073617,44.9732992945765,44.984038390739,44.9921479912833,44.998123919142,45.002388033571,45.0052807768364,45.0070617256571,45.0079144120407,45.0079539442328,45.0072364525939,45.0057689387668,45.0035174051063,45.0004107117233,44.996337811922,44.9911370595862,44.9845782646416,44.9763411891078,44.9659984456038,44.953016714799,44.9367983524643,44.9167957234854,44.8927405259226,44.8650316969534,44.8352991927929,44.8070738821825,44.7863079572692,44.7812066114288,44.8005893605588,44.8501860653291,44.927427006577,45.0174370779116,45.094545374518,45.1317531661514,45.1143964750143,45.0487043695809,44.9583436203481,44.8716368298498,44.8090171132722,44.7779113828052,44.7750684992695,44.7920057151953,44.8196934576148,44.8510326185802,44.8814633142897,44.9085825819766,44.9314683410244,44.9500681342352,44.9647648323033,44.9761104688379,44.9846811393657,44.9910064566951,44.9955398934825,44.9986495484698,45.0006186105324,45.0016507109724,45.0018782436267,45.0013725903411,45.0001549138301,44.9982055042499,44.9954691508891,44.9918540432315,44.9872225086252,44.9813735664887,44.9740198896034,44.9647654832963,44.9530956247107,44.9383979621854,44.9200435595522,44.8975679579519,44.8709995344372,44.8413709736649,44.8113907084519,44.7861034978589,44.7731068081396,44.7815819560221,44.8193403686592,44.8878275666892,44.9769560941105,45.0638944933152,45.1197612137774,45.123138900529,45.0721968093378,44.9859833806752,44.8936677917943,44.8201883475092,44.7778177396513,44.766321108652,44.7780990469798,44.8036351028509,44.8348495412409,44.8662569395824,44.8947918328229,44.9191392240804,44.9390541156186,44.9548512104584,44.9670810702238,44.9763484913075,44.9832216364324,44.9881923691229,44.9916628156824,44.9939445746479,44.9952642033838,44.9957723416056,44.995555161729,44.9946467692858,44.9930405337204,44.9906967371573,44.9875438197429,44.9834711222761,44.9783124744902,44.9718222736073,44.9636489288573,44.9533150185829,44.940219821741,44.9236887470137,44.9031055216179,44.8781738380626,44.8493555322211,44.8184996279222,44.7895721272616,44.7691784050923,44.7662488127286,44.7900155179365,44.8457159318899,44.9289084354653,45.0217418991134,45.0959315639144,45.124274582091,45.0951971206535,45.0197773055651,44.9253389622553,44.8407773922673,44.784446644783,44.7608479407903,44.7644929135794,44.785873307232,44.8159049041461,44.8479297118083,44.877948025142,44.9040404353075,44.9256327386456,44.9428951600459,44.9563407088149,44.9665904413194,44.974251002974,44.9798580704056,44.9838547685308,44.9865874813611,44.9883103983314,44.9891950340457,44.9893429542945,44.9888001707849,44.9875710804194,44.9856291535773,44.9829213322415,44.9793635787717,44.9748263211145,44.9691106458643,44.9619189752502,44.9528277828486,44.9412751395052,44.9265833259124,44.9080470034253,44.885129435842,44.8578171054922,44.8271707609027,44.7960466604532,44.7698000909342,44.7564962289891,44.765821516591,44.8058442401628,44.8776273573808,44.969841126909,45.0579115214676,45.1117586141904,45.1103842829432,45.0540293453347,44.964190347741,44.8713372186223,44.8000543184554,44.7612518382098,44.7532991283278,44.7677440283601,44.7948175823907,44.8265742623912,44.8578134838867,44.8857547367874,44.9093058926809,44.9283745067508,44.9433713285954,44.9549036655105,44.9636068618565,44.9700612699911,44.9747566586001,44.9780811591917,44.9803228507675,44.9816785385972,44.9822672216436,44.9821464191247,44.9813290483021,44.9797977905956,44.9775134844364,44.9744144226898,44.9704046488033,44.9653313857562,44.9589544661509,44.9509140358824,44.9407071588506,44.9276899508364,44.9111304138065,44.8903483909042,44.8649901547105,44.8354858562613,44.8037047314487,44.7737149358312,44.7523278352943,44.748771056955,44.7725823337054,44.8291438560178,44.9138046454093,45.0081013619106,45.0829999562197,45.110917151001,45.0806039703258,45.003960489068,44.9090272611779,44.8248696971064,44.7695078172393,44.7469489766106,44.7513470747691,44.7730634930029,44.8030533047015,44.8347716807176,44.8643370407121,44.8899229614207,44.9110191042104,44.9278372870503,44.9409177650649,44.9508994572785,44.9583990511133,44.963953823949,44.9679989072128,44.9708628272919,44.9727735177027,44.9738712089637,44.9742259410727,44.973857169601,44.9727521019204,44.9708787990179,44.9681902247929,44.9646165420997,44.960045002644,44.9542895470792,44.9470555199188,44.937908745441,44.926263075683,44.9114073078198,44.8926018671278,44.8692869628334,44.8414511194327,44.8101956619399,44.7784643390899,44.7517419279082,44.7382352085314,44.7477212198389,44.7882246364019,44.8605826573626,44.9531300885034,45.0410690521759,45.0944387517689,45.0926908713671,45.0365127648593,44.9474731641199,44.8556928388638,44.7852719360983,44.7468137641397,44.7386602099588,44.7525211182782,44.7788384382456,44.8098338421379,44.8404024682317,44.8678001955567,44.8909365572646,44.9097074062269,44.9245113679326,44.9359481415235,44.9446493190735,44.9511917563731,44.9560577203939,44.9596206251634,44.9621455260233,44.9637993148671,44.9646678181654,44.964777084858,44.9641152785431,44.9626507341063,44.9603415899382,44.9571333257753,44.9529425573873,44.9476283323669,44.9409555960632,44.9325592421607,44.9219214053826,44.9083800954916,44.8911948905469,44.8697053946778,44.843627416844,44.8135294083961,44.7814929199415,44.7518450289593,44.731617963737,44.730066020673,44.7563671229569,44.8150608166114,44.900381193291,44.9930985131628,45.0644920943963,45.0885186770249,45.0558385556204,44.9793440080096,44.886584109888,44.8052276307375,44.752017235166,44.7303966466972,44.7346261084343,44.7554917390038,44.7843807347799,44.815043320724,44.84374272302,44.8686912667702,44.8893620737363,44.905931759374,44.9189064396319,44.9288988733442,44.9365068214872,44.942251674288,44.9465510298589,44.9497109241297,44.9519308592307,44.9533181957777,44.9539091274604,44.9536926583392,44.9526328931427,44.9506844006489,44.9477959624708,44.9438998493348,44.9388867040919,44.9325697583316,44.9246460673081,44.914666598941,44.9020317563416,44.8860351231763,44.8659865564727,44.8414547701066,44.8126720100682,44.7811208089763,44.7502411203679,44.7260135840785,44.7168841365444,44.7322249667732,44.778662491121,44.8547138014432,44.9463660707983,45.0280306829172,45.0716898489556,45.0608489813297,44.9999353560719,44.9116596585907,44.8244682704882,44.7596279477416,44.7255475766312,44.7197269470545,44.734095660886,44.7597609017891,44.789596299376,44.8189446910441,44.8452956922004,44.8676408658392,44.8858743791509,44.9003583926197,44.9116488806838,44.9203380970572,44.9269701433723,44.9319988797545,44.9357703198915,44.938520627959,44.9403855488449,44.9414185468418,44.9416143999783,44.9409337318744,44.9393229848282,44.9367243715301,44.9330717450112,44.928271065644,44.9221678707304,44.9145083837384,44.9049052997341,44.8928239419955,44.8776100157321,44.8585873042702,44.8352617493074,44.8076724522814,44.7769160346479,44.7458103017849,44.7195170974516,44.7056917010715,44.713444110893,44.7503791286896,44.8177445921533,44.9055679997731,44.9917018964499,45.0483436191271,45.0547983515159,45.0087930031482,44.9277457344941,44.8389384722475,44.7662489228176,44.7220946424737,44.7071947316534,44.7150633412841,44.7370148651544,44.7653931335519,44.7948076517743,44.8220987621015,44.8457866685261,44.8654645755092,44.8813223668929,44.893830112704,44.9035487069664,44.9110243702718,44.9167330101164,44.9210532763718,44.9242572710335,44.9265138580694,44.9279019211601,44.9284308946873,44.9280646827448,44.926743787464,44.9243999538699,44.9209584352071,44.916325237551,44.9103602016794,44.9028410814994,44.8934284527733,44.8816462015565,44.8668978302329,44.8485454337661,44.8260856129026,44.7994610629377,44.7695366665748,44.7387207211363,44.7115898143202,44.6951539154028,44.6981250651321,44.7284596233123,44.7889879953504,44.8725093022367,44.9597656165734,45.0240624468824,45.0426400928259,45.0086391962856,44.9349683413135,44.8469734471846,44.7696613146322,44.7182402401688,44.6961066683091,44.6983710466497,44.7168207211482,44.7435628028057,44.7726948966017,44.8005437592054,44.8252277829223,44.8460665594564,44.863080874872,44.8766452608474,44.8872736241402,44.8954970434247,44.9017977150155,44.9065750343491,44.9101305898841,44.9126659234855,44.9142903163752,44.9150365315883,44.9148815368719,44.9137678502206,44.9116202205013,44.9083525328397,44.9038614258548,44.8980060847374,44.8905777192069,44.8812669559876,44.8696425493485,44.8551605706624,44.8372299187341,44.8153672639116,44.7894792279929,44.7603018758115,44.7299864091363,44.7027127100673,44.6850118602644,44.6852182332324,44.7113432969733,44.7670769305464,44.8469811292653,44.9339019463159,45.0023479954192,45.0287013072519,45.0032422479053,44.9355757902999,44.8491869344974,44.7693908943488,44.7131550759251,44.6858335507492,44.6838542789754,44.699511604328,44.7248447569423,44.7536222043501,44.7818016187885,44.8071965061326,44.8289104190656,44.8468247622216,44.8612298310284,44.8725920823018,44.8814198894804,44.8881906570697,44.8933129466365,44.8971083073795,44.8998053970189,44.9015432917347,44.902382317286,44.902320314593,44.9013110235971,44.8992801500548,44.8961343815583,44.8917595701028,44.8860066154753,44.8786671175111,44.8694453411844,44.8579382611769,44.8436414685248,44.8260057158491,44.8045764226759,44.7792536057598,44.7507034892954,44.7209162178767,44.6938061695717,44.6755649196843,44.6742264816736,44.6977578794302,44.7503224375265,44.8275860480656,44.9138233161844,44.9845052788029,45.0156747287056,44.9958616906826,44.9324378033405,44.8474678867373,44.7662894609581,44.7069645531897,44.6761805408125,44.6713151619839,44.685059521497,44.7094342266343,44.7379896534703,44.7664274762767,44.7923468924994,44.8146993703464,44.8332683137666,44.8482841671327,44.8601779963678,44.8694386706637,44.8765358536567,44.8818805814463,44.8858062521948,44.8885612919672,44.8903097986871,44.8911385998866,44.8910692901546,44.8900728943183,44.8880837030726,44.8850082586198,44.8807259149631,44.8750790894273,44.8678542548229,44.8587587615213,44.8474036227695,44.8333085038499,44.8159524500203,44.7949018845326,44.7700532669958,44.7420230992524,44.712684535596,44.6857585172677,44.6671902924193,44.6647976891592,44.686516754471,44.7368484935239,44.8122396503857,44.8979687452659,44.9701770293092,45.0046609429735,44.9887175985202,44.9281585108167,44.8440760539307,44.7618595835768,44.7003705906149,44.6672414649821,44.6604998468248,44.6730826283672,44.6969632367617,44.725513833622,44.7542437635924,44.7806000737398,44.803432873118,44.8224653386689,44.8378945603164,44.8501336097879,44.8596619246618,44.8669455508399,44.8723974340501,44.8763589626312,44.8790927778922,44.8807824454247,44.8815372844698,44.8814012859394,44.8803644847257,44.8783741952277,44.8753428482625,44.871149282787,44.86563154056,44.8585715882921,44.8496759395708,44.8385608732744,44.8247569705042,44.8077551636303,44.7871249540337,44.7627422328937,44.735161272283,44.7061356049364,44.6792072183729,44.6601137811745,44.6565212612382,44.67641070221,44.7246720949237,44.7985093714584,44.8840768436625,44.9579908240733,44.9956506625891,44.9831291533114,44.9248616622277,44.8412187622431,44.7578134312214,44.6943275169893,44.6592386337752,44.6510834962357,44.662928656167,44.6866351106098,44.7153776660509,44.7444833810618,44.7712704360222,44.7945138416136,44.8139007683118,44.8296153160767,44.8420686763803,44.8517427453272,44.859107720687,44.8645823089119,44.8685162626796,44.8711841187825,44.8727850104788,44.8734465784698,44.8732320500092,44.8721493122132,44.8701600258,44.8671861479858,44.8631111494671,44.8577740437744,44.8509562666369,44.8423645276753,44.831617104771,44.8182468673064,44.8017418198141,44.7816528264867,44.7578060335044,44.7306570066489,44.7017983179223,44.6745542997836,44.6544349212252,44.6489784441541,44.6663085363041,44.7118880813127,44.7839133039468,44.869597830553,44.9460283868622,44.9879469034181,44.9797859215277,44.9242674629834,44.8409711198279,44.7559250642846,44.6899157799845,44.6524744630806,44.6427176875814,44.6538086389723,44.6774223173144,44.7064679967049,44.736045982689,44.7633248335341,44.7870004769755,44.8067296612405,44.8226934451491,44.8353122343845,44.8450807308685,44.8524817548889,44.857945711577,44.8618338597746,44.8644331158251,44.8659565479444,44.866547248599,44.8662846502242,44.8651923673512,44.8632460262798,44.8603788908793,44.8564828870617,44.8514032024816,44.8449261964335,44.8367630312282,44.8265353914994,44.8137751662857,44.7979573544095,44.778594604376,44.7554308132286,44.7287736469365,44.6999865784195,44.6720929224614,44.6502938251788,44.6419612437229,44.6554305669405,44.6969829536735,44.7662407568619,44.8519750218791,44.9320278244461,44.980272765538,44.9787774668445,44.927680105103,44.8452582136114,44.7580329569674,44.6883786201261,44.6474081914051,44.6351480209103,44.6449523725544,44.6682536283896,44.6975862717628,44.7277232085273,44.7556137185206,44.77983574659,44.7999991382961,44.8162791265497,44.829109711015,44.8390057111849,44.8464702483434,44.8519519707891,44.8558282447934,44.858400728788,44.8598966905544,44.8604733575392,44.8602242676662,44.8591868184982,44.8573497134702,44.8546583730183,44.8510160846329,44.8462790449483,44.8402447175426,44.8326352484945,44.8230812368056,44.8111162648573,44.7961996776244,44.7777943082077,44.7555359029478,44.7295367036993,44.7008537736068,44.6720977055012,44.648023745363,44.6357141760517,44.6436915518612,44.6792537682743,44.7439683482479,44.8289386933566,44.9134504939765,44.9705934815466,44.9792670614398,44.9356697266739,44.8556681841664,44.7660193178269,44.6912303047221,44.6448318111511,44.6284093380016,44.6357978727516,44.6581903834723,44.6876125805671,44.7183534294326,44.7470185411717,44.7719877746278,44.7927808763455,44.8095488944159,44.822735531025,44.8328791253794,44.8405093578454,44.8460996634338,44.8500489416587,44.8526772378833,44.854227737181,44.8548718464281,44.8547161451231,44.8538104131705,44.8521555402787,44.8497094976541,44.8463891827681,44.842066171523,44.8365554499472,44.8295982035758,44.8208428980514,44.8098335066079,44.7960203141674,44.7788176565927,44.757743649017,44.7326857079137,44.7043317859766,44.6747681197148,44.6481341660315,44.6310113942497,44.6319320419228,44.6592242546845,44.7168105078919,44.7990293484553,44.8877502529306,44.9559731624066,44.9789752307688,44.9474144949519,44.8729247032286,44.78156473973,44.7002837503189,44.6460681686793,44.6230845069976,44.6262388795075,44.6466320906835,44.6756653718003,44.7069431694294,44.7365447466977,44.7625225390909,44.784228943999,44.8017517608039,44.8155291704176,44.8261209075154,44.8340872695307,44.8399326446825,44.8440834915339,44.8468829844267,44.8485932278311,44.8494010803741,44.8494260597604,44.8487294529797,44.8473234410809,44.8451784178319,44.8422262375696,44.838357222297,44.8334096117892,44.8271518877901,44.8192611858142,44.8093050968641,44.7967400422714,44.7809476612313,44.7613413254926,44.7375858047555,44.7099764663424,44.6800017287457,44.651030619358,44.6288856771033,44.6217732479893,44.6387738510381,44.686223998771,44.7624145297612,44.8532116959906,44.9330262378684,44.9739872025849,44.9599609724194,44.8959772213786,44.8054485152357,44.717332721112,44.6529912402003,44.6205199834225,44.6169013343856,44.6335718122466,44.6613027084221,44.6928108177806,44.7234171564062,44.7506628318835,44.7736126793853,44.7922236647156,44.8068963951521,44.8182009666181,44.8267282860193,44.8330185752882,44.8375321120211,44.8406409474088,44.8426304140065,44.8437053666171,44.8439991308945,44.8435840927369,44.842482654675,44.840676643765,44.8381127339947,44.8347014301817,44.8303078771316,44.8247343170528,44.817696499268,44.808799930583,44.7975269554686,44.7832529202684,44.7653196069173,44.7432058558053,44.7168438889169,44.687121562411,44.6565576032894,44.629996884114,44.6149143712995,44.6205949467158,44.6553462672512,44.721555110002,44.8102708680472,44.8993839319979,44.9596591945985,44.9681525091437,44.9211084798858,44.836379113983,44.7432122232088,44.6675319118156,44.6227286639473,44.609284967308,44.6198289975924,44.6447542815333,44.6757767369912,44.7072186620785,44.7358807810112,44.7603729205984,44.7804171688885,44.7963203826417,44.8086376634191,44.8179828869414,44.8249335596002,44.8299891157405,44.8335567203336,44.8359504179801,44.8373969464568,44.838045417447,44.8379794693308,44.837230451052,44.8357895462105,44.8336161365893,44.8306395807379,44.8267522007732,44.8217927222285,44.8155217074227,44.807593724027,44.7975353731637,44.7847444536947,44.7685341970406,44.7482577546272,44.7235593620366,44.6948006203713,44.6636815424981,44.6339785724779,44.6121122216602,44.6069374408321,44.627884135957,44.6808150856692,44.7623240920144,44.8556369075417,44.9329062947258,44.9661811222623,44.9421339469997,44.8700446724933,44.7763978189157,44.69045933634,44.6316356466368,44.605453936342,44.607035834859,44.6270531772621,44.6563384389812,44.6880554835198,44.7180327306633,44.7442236852823,44.7659746925066,44.7834133912995,44.7970344214147,44.8074544803193,44.8152827672342,44.8210598384227,44.8252331970859,44.8281514892368,44.8300683291929,44.8311518187578,44.8314978671696,44.8311456266598,44.8300927179211,44.8283072002787,44.8257329872141,44.8222859342034,44.8178392341941,44.8121989986057,44.8050739113056,44.7960467156351,44.7845604574867,44.7699396188505,44.7514761625275,44.7286221364311,44.7013382734609,44.6706365629419,44.6392931641069,44.6125516861229,44.5983571372071,44.6063325335447,44.6446515548241,44.714766501035,44.8060228917186,44.8945641663681,44.9506049096859,44.9526463240529,44.8997571156568,44.8122278468218,44.7199428610996,44.6476905283506,44.6070532913669,44.597097308017,44.6098286807062,44.6356614913204,44.666643071498,44.6974774628999,44.7252711477136,44.7488358817743,44.7680102620185,44.7831614958593,44.7948728068567,44.8037684881626,44.8104253438652,44.8153327678452,44.8188785313955,44.8213483106206,44.8229334590703,44.8237444485518,44.8238279989333,44.8231853292656,44.8217881089445,44.8195882479427,44.816518056548,44.8124786791384,44.8073169920576,44.8007941743514,44.7925528162689,44.7820939264977,44.7687811556288,44.7518977956498,44.7307927125433,44.705161299979,44.6755063617571,44.6437877978462,44.6141592774891,44.593463726074,44.5908351628858,44.6155319095129,44.6724955759151,44.7566653402228,44.8495346899785,44.9226343966065,44.949365527202,44.9192428214533,44.8441275991282,44.751258170342,44.6687353044738,44.6140311439449,44.5911643421025,44.5946403953062,44.6152264739322,44.6441698257075,44.6750692654826,44.704074498779,44.7293291339083,44.7502710028217,44.7670608285026,44.7801981420458,44.790293409442,44.7979452207117,44.8036797476209,44.8079244860994,44.8110008054158,44.813127865519,44.8144344714996,44.8149765936734,44.814757830139,44.8137490971576,44.811903136717,44.8091595877993,44.8054376300992,44.8006155365283,44.7944996227098,44.7867887963094,44.7770451460913,44.7646861547384,44.7490209477965,44.7293620545457,44.705254030413,44.6768640436192,44.6455593253489,44.6146188736274,44.5898493804353,44.5795856980927,44.5932704886203,44.6378980811414,44.712653545331,44.804256860585,44.8874621156123,44.9338254767666,44.9257627168457,44.8665865970983,44.7785386825231,44.6903878311018,44.624123574048,44.5887862741644,44.5821779552755,44.5962365935383,44.6219309664377,44.6519745076601,44.6815890078448,44.7081935387765,44.7307479508174,44.7491373188739,44.763724830303,44.77507062084,44.7837717522433,44.7903779981572,44.7953510000165,44.7990476827405,44.8017183008212,44.8035147042032,44.8045063108941,44.8047010953045,44.8040678258952,44.8025547934391,44.800100076011,44.7966293822825,44.792039755257,44.7861706740994,44.7787680023232,44.7694505493418,44.7576938586472,44.7428517881113,44.7242441709234,44.7013477702994,44.6741331782389,44.6435786835766,44.6123359138672,44.5853815527431,44.5702393447308,44.5760626739227,44.6108082670967,44.676425605096,44.7638000288026,44.8513341171534,44.9109791557425,44.9209409336024,44.8775754776357,44.7974748184414,44.7080155092824,44.6338044313351,44.5880563326545,44.571977662605,44.5792081701776,44.600962253966,44.6294121142036,44.659016882242,44.6865188208524,44.7103882456986,44.7302008285927,44.7461461588176,44.7587010088497,44.7684346164289,44.7759012983015,44.7815848225085,44.7858721209964,44.7890444666923,44.7912806385269,44.7926693649818,44.7932286051363,44.7929282014901,44.7917111973183,44.7895085015853,44.7862421520872,44.7818143664949,44.7760827392651,44.7688259770075,44.7597091006741,44.7482619784621,44.7338907174134,44.7159483879854,44.6938995483217,44.6676186451737,44.6378547867344,44.6068514547084,44.5789936789898,44.5611376353408,44.5619969820735,44.5898315422782,44.6481595785756,44.7307204845905,44.8190146186156,44.8863588648292,44.9090175614888,44.8786042131712,44.8068255775007,44.7187663548517,44.640028613538,44.5867177364065,44.5629231811718,44.5640625902599,44.5819242357533,44.6084706854478,44.6376334975467,44.6656109470832,44.6904428116835,44.7114105485252,44.7285227976649,44.742155743975,44.7528307180491,44.761087591823,44.7674167733072,44.7722246966305,44.7758187971609,44.778405356991,44.7800972789827,44.7809297189203,44.7808807216942,44.7798926676953,44.7778893672755,44.7747837119432,44.7704722408897,44.7648158057409,44.757609438085,44.7485491717863,44.7372087247465,44.7230447233686,44.7054559106083,44.6839292897175,44.6583115585921,44.629238258733,44.5987155480335,44.5707480364752,44.551711123831,44.5499028985487,44.5735562421341,44.6269463012655,44.7055219639278,44.7929710112804,44.8640534855458,44.8944495703082,44.8730141771387,44.8079768989767,44.7222272015197,44.6414035604761,44.5832942535602,44.5540399824075,44.5505328347801,44.5652002832327,44.5900112373108,44.6185910397335,44.646761071801,44.6722360812539,44.6940603472897,44.7120861361398,44.7265938048725,44.7380503330619,44.7469691996938,44.7538339586456,44.7590584205375,44.7629675290908,44.765791129403,44.7676673211009,44.7686536393141,44.7687439373471,44.7678876098522,44.7660066328848,44.7630055403716,44.7587703583255,44.7531548156358,44.74595570218,44.7368837650236,44.7255417955278,44.7114275738188,44.6939862741129,44.6727444341304,44.6475629290694,44.6190410881666,44.5890695844468,44.5614360660692,44.5422062915181,44.5393544246583,44.5609562322353,44.6115538065761,44.6874667849609,44.7736964253874,44.8461075102857,44.8804289033537,44.8641789609722,44.8035207727808,44.7197576321147,44.638210319314,44.5774789119308,44.5449305000058,44.5384516802788,44.550976832029,44.5745608200426,44.6026791820541,44.6309284460143,44.6568144572126,44.6792212878229,44.6978902482793,44.7130289328177,44.725058175333,44.734463829794,44.7417158730854,44.7472263631309,44.7513287611233,44.7542696553406,44.7562090629101,44.7572276763262,44.7573395519329,44.756507773846,44.7546594643715,44.7516958903739,44.7474938487268,44.7418962507288,44.7346928625218,44.7255963394079,44.7142238669345,44.7001008878538,44.6827106162458,44.6616208045204,44.6367247410734,44.6086284766357,44.5791830548718,44.5520705668281,44.5331790664963,44.5302617691887,44.5512180722696,44.6006039220344,44.6750791387747,44.7602957162889,44.8327937103148,44.8685396936323,44.8545713031672,44.796070533421,44.7134560432213,44.6317452160846,44.5698444996421,44.5357122914487,44.527761153915,44.5392174891569,44.5622041551661,44.5901298721186,44.6184761699965,44.644638051131,44.667413052168,44.6864814265796,44.7020091269342,44.7143883229029,44.7240850758142,44.7315568789699,44.7372106671648,44.7413825902189,44.7443295683059,44.7462282186413,44.7471794473224,44.7472176071071,44.7463225020788,44.7444314982785,44.7414482809795,44.7372449133605,44.731655113127,44.7244591816274,44.71536476744,44.7039925851056,44.6898823906811,44.672541975201,44.6515700592729,44.6268898489348,44.5991254078307,44.5701204541333,44.5435108925403,44.5250920198191,44.5224864867579,44.5434633159905,44.592518595662,44.6663989707548,44.7510078687404,44.8231988870344,44.8591164481463,44.8456945575127,44.7877854124105,44.705479485509,44.6236701260765,44.5613684265548,44.5267440556169,44.5183911657253,44.5296243331987,44.552569424351,44.5805918507911,44.6091189556888,44.6355001862024,44.6585015798584,44.6777836314989,44.6934996697622,44.706032597867,44.7158407620623,44.7233755670229,44.7290407382173,44.7331736310257,44.736037793782,44.7378218260502,44.7386426392554,44.7385522169466,44.7375466775157,44.7355756154952,44.7325489931443,44.728338786111,44.722773501381,44.7156257661426,44.7065965114965,44.6953039171882,44.6812913772155,44.6640763594788,44.6432705270036,44.6188079069547,44.5913139855323,44.5626169892636,44.5363155976094,44.5181484328262,44.515676306453,44.5366290907238,44.5855190785703,44.6591781693485,44.7436307160557,44.8158069230322,44.8518127624984,44.8384440823217,44.7804240516067,44.6978310751912,44.6156713047486,44.5531072358797,44.518405701736,44.5101703487939,44.5216612222195,44.5449284082005,44.5732723728999,44.6020794610408,44.6286812081717,44.6518417265859,44.6712276981117,44.6870007095892,44.69955050061,44.7093396643396,44.7168218174235,44.722402414106,44.7264218831749,44.7291496660232,44.7307837423214,44.7314535373154,44.7312253701871,44.7301095658377,44.728067707575,44.7250178607995,44.7208354357947,44.7153480341182,44.708324365385,44.6994602827807,44.688369328846,44.6745911305591,44.6576386773311,44.6371143869966,44.6129320488368,44.5856791245896,44.5571242487276,44.5307902137466,44.5123453994089,44.5093292428493,44.5295549817696,44.5777574541117,44.6510868745243,44.7358251047169,44.8088900846212,44.8460177814494,44.8334532129738,44.7755413838761,44.6923916288378,44.6093756185982,44.5460782420099,44.5110161535702,44.5028192104908,44.5146302240318,44.5383441198572,44.5671357591039,44.5963171193036,44.6231903901821,44.6465196614497,44.6659861590413,44.6817703399126,44.6942794554812,44.7039899922772,44.7113657824679,44.7168199604137,44.7206996843244,44.7232816383676,44.724772515905,44.7253121759321,44.7249786239752,44.7237941143692,44.7217311623814,44.7187166606972,44.714632077886,44.7093082250588,44.7025145593771,44.6939456475625,44.6832114649767,44.6698439573884,44.6533399892695,44.6332700376453,44.6094901871012,44.5824944916697,44.5539188412296,44.5271280452546,44.5076545075913,44.5030148941531,44.521233235585,44.5675702954073,44.6399386981737,44.7252883465441,44.8006286180898,44.8409390083579,44.8311589622368,44.7745450672111,44.6909644756129,44.6063834837541,44.5412900269259,44.5048772750138,44.4960216967268,44.507777916202,44.5318112269547,44.5610719737567,44.5907164298442,44.6179651522916,44.6415551150928,44.6611720986572,44.6770153629374,44.6895145685962,44.6991669129638,44.7064533842816,44.7118007890171,44.7155674283851,44.7180397727304,44.7194339326021,44.7198994116243,44.7195242423362,44.7183408793119,44.7163318032042,44.7134332246024,44.7095350129368,44.7044753533125,44.6980299062055,44.6898976282551,44.6796891664898,44.6669292226811,44.6510918603141,44.6316972332342,44.6085075746564,44.5818627163335,44.5531752557031,44.5255350387686,44.5042182826789,44.4966523043595,44.5111531247608,44.5538367216327,44.6239749117408,44.709874373315,44.7890271539021,44.8353620324457,44.8315199152302,44.7784873603388,44.6951983559458,44.6083119801916,44.539859617329,44.5004199966497,44.4895731843767,44.5004353126704,44.5243875395464,44.5540223051355,44.5842090507154,44.6119903299262,44.6360172425212,44.65595017697,44.6719957245822,44.6846048693505,44.6942994890508,44.7015835466781,44.7069033465742,44.7106331438755,44.7130724862148,44.7144485473692,44.7149206723776,44.7145861391768,44.7134865172543,44.7116136345151,44.7089136010141,44.7052870225896,44.7005838023626,44.694592020675,44.6870225167379,44.6774942292767,44.6655304743831,44.6505836096229,44.632115082279,44.6097682768322,44.5836773556139,44.55494264333,44.5262457555897,44.502439461565,44.4907083649503,44.4996258448146,44.5363986204051,44.6022779175811,44.6878445797911,44.7718683218414,44.8272907040484,44.8334796817161,44.7875655266653,44.7062878155808,44.6167355406318,44.5431330850425,44.4984112818324,44.4835990965759,44.4922085020179,44.5153450281944,44.5450940127671,44.5758602660205,44.6043644181674,44.6290765481931,44.6495779534346,44.6660572621051,44.6789784315177,44.688888600074,44.696319251028,44.7017418407957,44.7055517838127,44.7080656801311,44.7095242233015,44.7100976058326,44.709892258125,44.7089582429599,44.7072962914271,44.7048628846888,44.7015714107826,44.6972875904787,44.6918183068621,44.6848948788276,44.676154919336,44.6651315839079,44.6512657644448,44.633966014234,44.6127520204526,44.5875263057344,44.5590143341735,44.5293718988093,44.5028439637951,44.48613852776,44.4878843254081,44.5163812258058,44.5752911170105,44.6584325886973,44.7470681138667,44.8138820048096,44.8344740063098,44.800420443894,44.7243583158384,44.6328461233672,44.552638617601,44.5001058729228,44.4787895149209,44.4832127850466,44.5043627382476,44.5337017891078,44.5649641264496,44.5943584568167,44.6200373169433,44.6414195828818,44.6586321326123,44.6721331921096,44.6824905674007,44.6902656517232,44.6959602008783,44.6999963400464,44.702712444079,44.7043660580051,44.7051400389137,44.7051504695306,44.7044555349551,44.7030642524262,44.7009433301006,44.6980199891494,44.6941786608076,44.6892502927017,44.6829947203693,44.6750793511213,44.665061573012,44.6523883532614,44.6364350077093,44.6166160737825,44.5926121965031,44.5647596710683,44.5346244665145,44.5056960242983,44.4839473563992,44.4777139470185,44.4960815580811,44.5451389833517,44.622615532866,44.7136521933204,44.7921824483756,44.8305573739275,44.813624502346,44.7476255683034,44.6566800186565,44.5696188698547,44.5071080883291,44.4764879942333,44.4742651686217,44.4917342685509,44.5197447662733,44.5511754094296,44.5815046267027,44.6083907219993,44.6309722422933,44.6492461671982,44.6636311184805,44.6747024465916,44.683049596525,44.6892081032862,44.6936321618175,44.69668722939,44.6986519385014,44.6997245211832,44.7000318383086,44.6996399865694,44.6985652109408,44.6967831966412,44.6942342966157,44.6908222491141,44.686404683286,44.6807753154572,44.6736402975435,44.6645948912085,44.6531119354789,44.6385610933269,44.620288035087,44.5977944566573,44.5710676768201,44.5410978383191,44.5105622107451,44.4845074441109,44.4705938563268,44.4781489230631,44.5152067772543,44.5834505385699,44.6729300868915,44.7607431224274,44.8177291763864,44.8221322018922,44.7719150978574,44.6861230582254,44.594035596435,44.5206847832852,44.4783676244323,44.4668316890232,44.4784632129775,44.5037552059296,44.5346569083969,44.5657184061767,44.5939062358611,44.6179297316423,44.6375605531748,44.6531240675934,44.6651772434062,44.6743281632356,44.6811456504221,44.6861196811557,44.6896478851413,44.6920347860965,44.6934975573174,44.694175702863,44.6941433150176,44.6934224156996,44.6919951927312,44.6898123280282,44.6867945271941,44.682825051734,44.6777326182524,44.6712664751159,44.6630688642034,44.6526547079322,44.639414812254,44.622667813593,44.601797375097,44.5765215823533,44.5473407441128,44.5161746118229,44.487091392073,44.4668082104445,44.4643216604385,44.4888007085323,44.5452226559247,44.6287302274639,44.7211249873741,44.7941663542982,44.8212209159511,44.7915099670104,44.716569092734,44.6235222486317,44.5406081097498,44.4855369694094,44.462497532782,44.4660355495393,44.4868635710965,44.5161426824112,44.5473982793261,44.5767347876994,44.6022750794652,44.6234504509881,44.6404199128362,44.6536807336411,44.6638393597906,44.671490390651,44.6771592179648,44.6812788055309,44.6841839236126,44.6861146983531,44.6872259443298,44.6876005058237,44.687264863266,44.686204527103,44.68437599942,44.6817118734859,44.678116273978,44.6734494119484,44.667502485759,44.6599674355695,44.650410258151,44.6382621396172,44.6228502712457,44.6035002789949,44.5797531654878,44.5517446190958,44.5207758679369,44.4900297582012,44.4652100057143,44.4545898912567,44.4676584980273,44.5116148949909,44.5859758120418,44.6777546331304,44.761717713523,44.8090367718191,44.8015478045723,44.7422063126926,44.6533789982657,44.5643073032508,44.4974410766585,44.4620185325917,44.4557712107607,44.4704358563431,44.4967837464942,44.5273999184874,44.557451838296,44.5843552498994,44.6070910981552,44.6255706808192,44.6401783394403,44.6514873223492,44.6601013628167,44.6665742742379,44.6713732692897,44.674865545662,44.6773176693897,44.6789030399004,44.679715161377,44.679784751108,44.6790979707943,44.6776121631342,44.6752650767412,44.6719740741039,44.6676233813631,44.6620399762038,44.6549620440985,44.6460079825026,44.6346589177073,44.6202742125548,44.6021681094319,44.5797859089314,44.5530254387968,44.5227408946572,44.491414245,44.4638434947628,44.4474466305552,44.4514690369594,44.4842756329091,44.548536635074,44.6359134383307,44.7251450037463,44.7876641294577,44.8004289861842,44.7585651237185,44.6782407350562,44.5873609409587,44.5114843365117,44.4645641992248,44.4480603086052,44.4554828185453,44.4777673317088,44.506833038523,44.5369806031543,44.5648848010691,44.5890084721762,44.6089487758526,44.6249245134299,44.6374384247786,44.6470789915002,44.6544139858798,44.6599377373744,44.6640479596523,44.6670391408663,44.6691064351167,44.6703572500854,44.6708284314474,44.6705062564945,44.6693453782815,44.6672822025894,44.6642384629012,44.6601122151541,44.6547560540964,44.6479458228349,44.6393472163924,44.6284924743552,44.6147852113414,44.5975589617512,44.576224150156,44.5505459660062,44.5210920640705,44.4898518874006,44.4609223157352,44.4409419470205,44.4386610662741,44.4628475538073,44.5180989416522,44.5995572960642,44.6897451106446,44.7617765157481,44.7902357303505,44.764404754425,44.6944112054439,44.6053316961216,44.5239798399616,44.4679017050293,44.4421062963606,44.4422551559152,44.4599405050383,44.4867857823031,44.5164266110521,44.5448721493072,44.5700717458546,44.5912826955276,44.6085245524066,44.6221979345566,44.6328501764313,44.6410436837284,44.647286989336,44.6520012647675,44.6555068492967,44.6580223381301,44.6596729004708,44.660505728629,44.660510003051,44.6596375767134,44.6578196391019,44.6549745699344,44.6510033871472,44.6457716660522,44.6390803385902,44.6306320664109,44.6200047568669,44.6066494369115,44.5899365837116,44.5692832063862,44.5444003089948,44.5156988661345,44.4848633918631,44.4555133468316,44.4336887794749,44.4276246807137,44.4460639261672,44.4945815018823,44.5705467612352,44.6593919474567,44.7362482468363,44.7750721375716,44.7615430130737,44.7010617454037,44.6155835087977,44.5318160656125,44.4695122379474,44.4364657595077,44.4303721192285,44.4437207200191,44.4681604251971,44.4969194460319,44.5255011288113,44.5514206922683,44.5736232647115,44.5919286228518,44.6066215380971,44.6181898590643,44.6271723860482,44.6340763672655,44.6393352029615,44.6432888057671,44.6461778084333,44.6481477626336,44.6492613148245,44.6495161425681,44.6488652716329,44.647235230412,44.6445370833319,44.6406661876713,44.6354886883335,44.6288161656822,44.6203741878256,44.6097755487549,44.5965147132233,44.5800067152252,44.5597014649167,44.5353112239989,44.5071879741584,44.4768619932918,44.4476741073674,44.4252685078162,44.4174617185013,44.4327868995359,44.477165102243,44.5491418687834,44.6359976910192,44.7145332705023,44.7589700753923,44.7532274145675,44.6996989592554,44.6178237907587,44.5335838304304,44.4677592601429,44.4299282326233,44.4193260134967,44.4292858294321,44.4516573031548,44.4794884722808,44.5079660860376,44.5342983212265,44.5571905878979,44.5762967715439,44.5917956260061,44.6041116916523,44.6137495534232,44.6212022961006,44.6269034828901,44.6312034451068,44.6343598419321,44.6365380736124,44.6378195948763,44.6382164022004,44.6376889839295,44.6361637809893,44.6335454996794,44.6297199998305,44.624545214632,44.6178306225453,44.6093099767207,44.5986170770395,44.5852802845144,44.5687583469914,44.5485477498247,44.5243982967874,44.4966723739697,44.4668589074887,44.4381783765111,44.4160594017634,44.4080308202173,44.4223661424492,44.4649477081116,44.5347218718928,44.6198645917076,44.6982436826269,44.744649274706,44.7425122149427,44.6928024653226,44.6134267130201,44.5295944679853,44.4623221629236,44.4220398461521,44.4088794859503,44.4167642299762,44.4377693227353,44.464913161216,44.4932344514128,44.5197710721677,44.5430822155908,44.5627120297047,44.5787623617715,44.5916057222545,44.6017127432445,44.6095563872097,44.6155616645324,44.6200804767982,44.6233805041852,44.6256431352789,44.6269684375392,44.6273858607937,44.62686868386,44.6253490562347,44.6227296331329,44.6188878426334,44.6136701044062,44.606875935602,44.5982357398669,44.5873910383045,44.5738919172035,44.5572335672129,44.5369616103653,44.5128823095055,44.4854120360841,44.4560753805035,44.4280870786482,44.4068006150827,44.3995787003281,44.4144472405354,44.4570319424938,44.5261577956855,44.6101693462609,44.687417304561,44.7332691107762,44.7314524059563,44.6827257943029,44.6044225245438,44.521211334087,44.4539000161517,44.4130547308095,44.3991049295084,44.4062450187339,44.4267070986056,44.4535547114607,44.4818018904457,44.5084332456833,44.5319515896674,44.551852219246,44.5681975643812,44.5813288085842,44.5916919272478,44.5997415271881,44.605891106566,44.6104886494268,44.6138057009316,44.6160343822461,44.6172901885002,44.6176195220171,44.6170105743774,44.6154052061726,44.6127086148134,44.6087934124013,44.603495647355,44.5966024801003,44.5878346913053,44.5768319320327,44.5631546353292,44.5463238042592,44.5259279623057,44.5018329769085,44.4745282053853,44.4456160815197,44.418376254491,44.3981824985948,44.3923272810218,44.4086291840294,44.4523589566025,44.5219164906341,44.6053397346817,44.6810179125958,44.7247906742952,44.7211020659137,44.6712890849912,44.5928390259212,44.5101683112408,44.4436729193093,44.4035900327181,44.3901973474849,44.3976804883027,44.4183297104014,44.4452758967807,44.473583855368,44.5002682426982,44.5238455619617,44.5438137901075,44.5602309264261,44.5734292330419,44.5838434135333,44.5919166433794,44.5980531217896,44.6025957424133,44.6058165605447,44.6079141071778,44.6090152041113,44.6091803472665,44.6084116919907,44.6066619353466,44.6038416154825,44.5998220896921,44.5944321124124,44.5874477554888,44.5785785183686,44.5674569470842,44.5536450224236,44.5366780150459,44.5161748301509,44.4920503961104,44.4648629208232,44.436300965793,44.4097364879222,44.3906141397799,44.3862244451255,44.4042401720815,44.4495839502407,44.5201272565399,44.6033714137687,44.6774653019768,44.7185636059897,44.7119445947539,44.6599028740828,44.5805147325049,44.4981939230402,44.4328952596949,44.3943035812289,44.3822818431605,44.3908145724225,44.4121596815525,44.4395049035766,44.4679984682547,44.4947314102718,44.518277629432,44.5381728392105,44.5544965924135,44.5675907796548,44.5778917573788,44.5858398755818,44.5918351119997,44.5962173354307,44.5992586684412,44.6011617585464,44.6020614605835,44.6020290310848,44.6010781261535,44.5991713523275,44.596225453886,44.5921129425679,44.5866584812507,44.5796298975791,44.5707265193069,44.559571764412,44.5457227791748,44.5287174697259,44.5081878692059,44.484075562759,44.4569820160069,44.4286576821006,44.4025523830841,44.3841897619471,44.3809033492063,44.4003087345816,44.4470971513023,44.5187068556896,44.6021049686707,44.6750669627436,44.7138398398268,44.704356777688,44.6498573481046,44.569163948686,44.4868967859468,44.4227009343262,44.3857165295858,44.3753143576356,44.3851805686999,44.4074677547868,44.4353843084981,44.4641551946282,44.4909578699207,44.5144400807639,44.5341922295131,44.5503304403752,44.563218763427,44.5733053806833,44.5810358096756,44.586811657947,44.5909734339308,44.5937948256471,44.5954821503555,44.596176390883,44.5959569256194,44.5948463889447,44.5928156959671,44.5897876904899,44.5856376034421,44.5801889200559,44.5732046381909,44.5643764954836,44.553318794039,44.5395792325669,44.5226868117857,44.5022657965767,44.4782519982367,44.4512452687571,44.4230032332445,44.3969988750242,44.378801764677,44.3758119591621,44.3957073319684,44.4431796350499,44.5155307138398,44.5994217020482,44.6722455056334,44.7100223748849,44.6988436985461,44.642496997987,44.5604618535809,44.4777679037757,44.4140604204519,44.378171900766,44.3690775608349,44.3801513364721,44.4033778455093,44.4319213838844,44.4610373844296,44.4879643347125,44.5114141014845,44.5310315313463,44.5469739298281,44.5596341433612,44.569479268007,44.5769666283249,44.5825050656997,44.5864398827631,44.5890487956385,44.5905425458141,44.591067544541,44.5907096564679,44.5894986323064,44.5874123774746,44.5843797236373,44.5802800995696,44.5749388398702,44.5681181176115,44.5595059031047,44.548709228003,44.5352637161493,44.5186790681128,44.4985494675161,44.4747659768978,44.4478670586646,44.4195365304443,44.3931777894426,44.3743298691642,44.3704527798697,44.3894223353528,44.4362622347387,44.5086282264592,44.5933352360463,44.6675241136107,44.7065851053589,44.6959525978701,44.6391723594718,44.5560450714177,44.4722174065231,44.4078369895679,44.3719013893459,44.3632574950758,44.3750282786833,44.3989700058224,44.4281043726244,44.4576292041459,44.484782955969,44.5083064803761,44.5278827284831,44.5437054511941,44.5561978648331,44.5658504916776,44.5731379075833,44.5784813820124,44.5822352530251,44.5846841671123,44.5860447363497,44.5864689386359,44.5860483543457,44.5848187706303,44.5827643951298,44.5798204184771,44.5758723786179,44.5707510581372,44.564222775008,44.5559771766048,44.5456183326924,44.5326704427056,44.516617173037,44.4970032492936,44.4736361045852,44.4469268862307,44.418387706096,44.3912276756001,44.3708316007144,44.3646609231101,44.3808970610333,44.4252687710931,44.4964262665034,44.5820390323888,44.6593440778517,44.7027245791112,44.695894990048,44.6409643605078,44.5574003640446,44.4716109701654,44.404912455148,44.3671823027047,44.3575949364878,44.3691722529151,44.3933896359676,44.4229942921257,44.4529950557667,44.4805321544232,44.5043140603937,44.5240291818204,44.5398938162293,44.5523584298724,44.5619393063893,44.5691328447051,44.5743777116649,44.5780416348172,44.5804194156634,44.5817354580492,44.5821480249789,44.5817542685128,44.580595539202,44.5786621957159,44.575896620536,44.5721928274079,44.5673912583998,44.5612683861775,44.5535228172859,44.5437630477504,44.531507276903,44.5162131901579,44.49736538122,44.474658357428,44.44831769213,44.419586050103,44.3913372485062,44.3686346982631,44.3588063869711,44.3703509366734,44.4100075172199,44.4781021090544,44.5640708790774,44.6459299226582,44.6969389276392,44.697991237173,44.6482000283112,44.5655931351968,44.4772334948714,44.4063187138045,44.364544494429,44.352096323976,44.3621812875774,44.3859814848515,44.4158189902313,44.4463423483377,44.4744567080729,44.4987478690304,44.5188584371994,44.5350026752757,44.5476496687872,44.5573413003596,44.564599468284,44.5698850985162,44.5735839198145,44.5760045342738,44.5773815450632,44.577880709081,44.5776050449465,44.576601327793,44.5748661073484,44.5723498381645,44.5689573435898,44.5645429817191,44.558899797938,44.5517438624162,44.5426981819593,44.5312854559906,44.5169460375407,44.4991070454759,44.4773396206303,44.451649083705,44.4229346696462,44.3936064628912,44.3682200766496,44.353757123116,44.3588909126674,44.3914725264409,44.4540360068357,44.5387660367007,44.6255256201155,44.6868920278541,44.7001914639644,44.6598363026989,44.5807589756383,44.4900291210894,44.4132252331888,44.3649188604517,44.3472450934312,44.3540960191341,44.3764561060123,44.4060926494367,44.4370987439565,44.4659715977656,44.4910523067776,44.5118638397648,44.5285797836802,44.5416713432372,44.5517019082342,44.5592209174816,44.5647160291733,44.5685958274944,44.5711868832222,44.5727369996077,44.5734211588215,44.5733488841392,44.572572314621,44.5710939873786,44.5688727296077,44.565825639479,44.5618242223494,44.5566835859594,44.5501453714734,44.5418580255509,44.5313624576106,44.5180976081423,44.5014494767603,44.4808783672427,44.4561692925052,44.4278498177586,44.3977864853246,44.3698694168845,44.3504873536819,44.34819616662,44.3717677934134,44.4261121326273,44.5069275302425,44.5972046321972,44.6699914967481,44.6991407948746,44.6730188499682,44.6014198802873,44.5099863921692,44.4265712656837,44.3695292088646,44.3440717820856,44.3455521811838,44.3650554703121,44.3937581848444,44.4250188632085,44.4547335150684,44.4808472527842,44.5026641684404,44.5202604257358,44.534081402303,44.5447013385233,44.5526958952748,44.5585825463163,44.5627973420633,44.5656893559009,44.5675232009942,44.5684853982804,44.5686929573587,44.5682032618983,44.5670240593466,44.5651217081682,44.5624253473176,44.5588246875394,44.5541599142667,44.5482038785835,44.5406394742102,44.531039112348,44.5188589851052,44.503468957213,44.4842496168104,44.460799421202,44.4332999347641,44.4030685046087,44.3732530943403,44.3494515834661,44.3397531238857,44.3534092411628,44.3974039082467,44.4711801028139,44.561916325692,44.6447548733187,44.691258004964,44.6834261723065,44.6240838960093,44.5353382376822,44.4462670965508,44.3793314000391,44.3438747270787,44.3377158064677,44.3526102185775,44.3792933159571,44.4102952324066,44.4407361692115,44.4680016002238,44.4910565257886,44.5098036509697,44.5246201104833,44.5360706438863,44.5447498692734,44.5512048777734,44.5559023097006,44.5592179297515,44.5614370669991,44.5627606249675,44.5633145022587,44.5631612362991,44.5623124312895,44.5607398237513,44.5583822663719,44.5551458880102,44.5508954579686,44.5454366511446,44.5384915284993,44.5296732456029,44.518471131982,44.5042644402197,44.4863927387619,44.4643223410773,44.437956647487,44.4081306409073,44.3772788784331,44.3501311294101,44.3340383825019,44.3382150147233,44.3710622311897,44.4353479602563,44.5228188104835,44.612168811515,44.6746066226415,44.6868217271876,44.6438860358374,44.5622645826431,44.4703542116837,44.394089923323,44.3474963090417,44.3318388045353,44.3403321485768,44.3636595550139,44.3935920643317,44.4243802429441,44.452712037409,44.4770912973717,44.4971593382654,44.513169413415,44.5256452386282,44.5351848106028,44.5423589933912,44.5476646898869,44.5515067869515,44.5541946917848,44.5559467421069,44.5568996370453,44.5571213640403,44.5566259330265,44.5553874554288,44.5533504163283,44.5504328763408,44.5465200883743,44.5414477158377,44.5349764686001,44.526763527707,44.5163407986078,44.5031163023417,44.4864234976914,44.4656539280321,44.4405184017991,44.4114812648643,44.3803792526895,44.3511338151505,44.330254355988,44.3265220287598,44.3490175909615,44.402962906277,44.4842381024724,44.5757641978917,44.6502619071434,44.6811498511491,44.6564606937554,44.585852654844,44.494972001171,44.4117132589251,44.3544721275679,44.3285189077515,44.3292980457744,44.3480034157824,44.375909487693,44.4064422419236,44.4355314275216,44.4611307596182,44.4825402839108,44.4998300922519,44.5134435600734,44.5239582353339,44.5319558035625,44.5379577155108,44.5423968477187,44.5456081689188,44.5478300072013,44.5492122358484,44.5498294993544,44.5496975918966,44.5487902696783,44.5470529350189,44.5444093688726,44.5407583651292,44.5359588501305,44.5298047862305,44.5219947388626,44.5121054490952,44.4995844155277,44.4837839266309,44.464068446376,44.440037000094,44.4119051259244,44.38106944861,44.3507997245109,44.3268280715337,44.317324064963,44.3314747990378,44.3759937382715,44.44991314879,44.5401182591604,44.6219124377257,44.6675621569346,44.6599045255848,44.6020642806787,44.5156116949378,44.4286240620899,44.362762479609,44.3271502686728,44.3198885001857,44.3332158266025,44.3582948242588,44.3879181100121,44.4173097644945,44.443854442308,44.4664670087418,44.484989315644,44.499747219289,44.5112703304688,44.5201324075763,44.5268678458653,44.5319315106149,44.5356821209332,44.5383789977277,44.5401876038527,44.5411916810826,44.5414100220093,44.5408150680896,44.539349509396,44.5369365819669,44.5334802683781,44.5288532850776,44.5228735227676,44.51527330231,44.5056702887994,44.4935543017837,44.4783110089718,44.4593119340726,44.4361092412186,44.4087779350318,44.3784330002884,44.3478866388954,44.3222630420269,44.3091363481036,44.3174814307226,44.3547205103148,44.421920297523,44.5090311939698,44.5940462660044,44.6495414107692,44.6552847067347,44.6092907672197,44.5289279686549,44.4411593927214,44.3694924420005,44.3261023984473,44.3116385076046,44.3196631098876,44.341582749275,44.3698291012634,44.3990770403615,44.4262087784651,44.4497672826542,44.4693538216128,44.4851551738802,44.4976305351095,44.5073260664816,44.5147737562415,44.5204399083676,44.5247011522012,44.5278361126841,44.5300272975614,44.5313707550928,44.5318916286405,44.5315629567892,44.5303239144407,44.5280929578065,44.5247715799281,44.5202358742368,44.5143158340962,44.5067660881512,44.4972363703874,44.485255427199,44.4702485367073,44.4516166198968,44.4289131868479,44.4021595364702,44.3723262677623,44.3419554991272,44.3157680575873,44.3008717852305,44.3059213247035,44.3385246688145,44.4008088080181,44.4846772144416,44.5702495291531,44.6310406821035,44.6454951774932,44.6083941812698,44.5337705041384,44.4470003264326,44.3722296608729,44.3235770453118,44.3036647028834,44.3073053276831,44.326343906199,44.353105687131,44.3819240457394,44.4093125419725,44.4335131072274,44.4539149133496,44.4705694957546,44.4838569184027,44.4942819141081,44.5023595393944,44.5085549626961,44.513253636385,44.5167485818848,44.5192385422266,44.5208343484874,44.5215718356512,44.5214290501622,44.5203442987627,44.5182306413971,44.5149823649821,44.5104701565166,44.5045242058768,44.4969081686057,44.4872915869253,44.4752338968796,44.4601996563486,44.441632213158,44.4191207751202,44.3926994912218,44.3633052379344,44.3333705453334,44.3074070104202,44.2922221251023,44.2961619495366,44.3267080614226,44.3863039399324,44.4677685574214,44.5525162942996,44.6150348379841,44.6336135525306,44.6015663258831,44.5309213807786,44.4456800112966,44.3698668180119,44.3184754687092,44.2952968360145,44.2960422757981,44.3129951958487,44.3385426358802,44.3668743823205,44.394296205356,44.4188566192059,44.4397943670159,44.4570549053539,44.4709478700554,44.48193357226,44.4905013505934,44.4971046063183,44.5021278200583,44.5058712194513,44.5085461513524,44.5102782941739,44.5111172723466,44.5110509285994,44.5100214089391,44.5079391626612,44.5046906280051,44.5001362033169,44.4940972724751,44.486334514924,44.4765243274014,44.4642458079979,44.4489974298184,44.4302701869397,44.4077114929799,44.3814170587156,44.3523750857949,44.3230365323959,44.2978665767037,44.2835283367123,44.2881150908618,44.3187989327345,44.3778020296821,44.4580144566133,44.5413330018473,44.6029844966491,44.6218119698092,44.5910747581339,44.5221327738167,44.4381539511195,44.3626712689715,44.3107044875904,44.2864136227369,44.28593925684,44.3018689476995,44.3267253678032,44.3547068396779,44.3820614402911,44.4067597051283,44.4279664437337,44.4455658402073,44.4598196137194,44.4711517393572,44.4800251908971,44.4868761946878,44.4920809397442,44.4959397468402,44.498671195871,44.5004131168553,44.501229159383,44.5011196800251,44.5000347869359,44.4978863530588,44.4945553201735,44.4898911426898,44.483702018953,44.4757376852715,44.4656709472316,44.4530897453012,44.4375183979025,44.4184945090415,44.3957354301153,44.3694303045581,44.3406789213669,44.3120451137123,44.2880715124208,44.2754011619779,44.2819318399767,44.3144126758822,44.3744660858522,44.4544263988412,44.5360257571538,44.5949661358635,44.611077227978,44.5785922274305,44.5092871012524,44.4260562628991,44.351790648747,44.3009325252374,44.2773572730962,44.2771933304296,44.2931551796856,44.3179129563565,44.3457744015486,44.3730480583942,44.3977267180895,44.4189737292829,44.436659180658,44.4510249497649,44.4624735575652,44.4714477476102,44.4783670491628,44.4835963841295,44.4874314574163,44.4900930822752,44.4917271375856,44.4924089320643,44.4921510762088,44.4909133080685,44.4886118123066,44.4851250415734,44.4802933754232,44.4739114405139,44.4657147122249,44.4553661733501,44.4424543604728,44.4265211004306,44.407145278696,44.3841163118129,44.3577321945806,44.3292396061735,44.3013753912935,44.2788422717492,44.2683493167775,44.2776428832092,44.3129807655201,44.3751402932897,44.4554865913585,44.5351543886323,44.590134211811,44.6015138222989,44.5651757063344,44.4940483890517,44.4111632123118,44.3387069162645,44.290155386892,44.2686461294608,44.2699665596977,44.2868064956082,44.3119700447769,44.3399336785507,44.3671467838461,44.3916976740683,44.4128044939971,44.4303624416679,44.4446192531717,44.4559720276181,44.4648525779501,44.4716682512053,44.4767737178604,44.4804585694156,44.4829427702012,44.4843765359719,44.4848434244693,44.4843659683024,44.4829127508173,44.4804050767706,44.4767208973672,44.4716938755247,44.4651067518333,44.456680707028,44.4460663597793,44.4328475220377,44.4165759109489,44.3968632363717,44.3735643285268,44.347085138621,44.3188290935097,44.291731410489,44.2706970158887,44.2625518919715,44.2749270768375,44.3135708486542,44.3783039263846,44.4593162681676,44.5369194291265,44.5872863832116,44.5928914431626,44.5516087804918,44.4779047559988,44.395175018881,44.3248855408265,44.279348335718,44.260716521355,44.264245248439,44.2825011899466,44.3084029146051,44.3366223366896,44.3637935225101,44.3881436490903,44.4089811399184,44.4262527527096,44.4402309592971,44.4513206949771,44.4599520094775,44.4665260715914,44.4713906376883,44.4748301864606,44.4770628802683,44.4782409182217,44.4784530788817,44.4777289188428,44.476043829159,44.4733235462179,44.4694462908279,44.4642409034761,44.4574804922844,44.4488734716413,44.4380576675299,44.4246086160529,44.4080803794466,44.3881056221045,44.3645889014681,44.3380263643955,44.3099618014545,44.2835192725996,44.2638102609393,44.2578021850985,44.2730561787713,44.3148664039843,44.3821377322718,44.4638820514944,44.5395295963294,44.5853478265682,44.5851352486623,44.5387673868725,44.4623278084252,44.379674245876,44.3116090666472,44.2692725370851,44.2537779540265,44.2597809290613,44.2796736728591,44.3064636965664,44.3350148471318,44.3621555074332,44.3862665653195,44.4067619030026,44.4236532403474,44.4372489615241,44.4479710023893,44.4562550750654,44.4625019589383,44.4670565904055,44.4702006435311,44.4721510218248,44.4730609215223,44.4730223048743,44.4720693317305,44.4701821299255,44.4672897821624,44.4632710487037,44.4579515382664,44.4510971200191,44.4424056259806,44.4315026076629,44.4179523707178,44.4013028610302,44.3811916526221,44.3575476427921,44.3309217762224,44.3029547374085,44.2769148918423,44.2580896446996,44.2535952199246,44.2709964015409,44.3152889572449,44.3846773907454,44.4671912982042,44.5414398354198,44.5836320977594,44.5785681300334,44.5277963452791,44.4488550625523,44.3661197473032,44.2999175670235,44.2604076044504,44.2477753083644,44.2561026869761,44.2775809916063,44.3052643814017,44.3341724539854,44.3613049939998,44.3851858016536,44.4053317316231,44.4218217531932,44.4350047952874,44.4453253188338,44.4532302546415,44.4591250086061,44.4633557409618,44.4662040810538,44.4678870038709,44.4685586791963,44.4683131950055,44.4671877524715,44.4651657994794,44.4621791224148,44.4581075986796,44.4527755082911,44.4459443417685,44.4373042289179,44.4264697734767,44.4129915608763,44.3964021197413,44.3763241317222,44.3526764802358,44.3260126975221,44.2980003675516,44.2719727232935,44.2533276274211,44.2493222589988,44.2676330812556,44.3132253135365,44.3840055087834,44.467414430876,44.5413898832836,44.5818107138093,44.5738468325161,44.520048527337,44.4390535699869,44.3558388759472,44.2906245731184,44.2529860747006,44.2424396728431,44.2525840797607,44.2753854357282,44.3038735020866,44.3331511389219,44.3603350383302,44.3840581547386,44.4039229780657,44.4200692095354,44.4328860741669,44.4428435042871,44.4504038899137,44.4559816504611,44.459928000949,44.4625273819268,44.4639985304196,44.4644971493174,44.4641191393424,44.4629040109885,44.4608379580328,44.4578556415828,44.4538394290543,44.4486150203421,44.4419433934246,44.4335111241961,44.4229247303984,44.4097201581126,44.3934061650012,44.373569747944,44.3500803403463,44.3234297535458,44.2952204349372,44.2687382610508,44.2493879149765,44.2445327816072,44.2620834285292,44.3073318243149,44.3784623176268,44.4629239986002,44.5382463947474,44.5796120761988,44.5716291467683,44.516830554424,44.434400926503,44.350036736307,44.2844098772524,44.2471209649895,44.2374170439588,44.2485573816968,44.272251118469,44.3013976315233,44.3310720028659,44.3584220783775,44.3821347163624,44.4018675501101,44.4178071886133,44.4303791982411,44.440080210089,44.4473915835621,44.4527408607235,44.4564880790862,44.4589234248669,44.4602693058923,44.4606838859831,44.4602650785215,44.4590546026767,44.4570415388073,44.4541643703086,44.4503101820723,44.4453098505583,44.4389290125075,44.4308566402718,44.420696537266,44.4079724345019,44.3921650092065,44.37280885768,44.3496870459534,44.3231633964687,44.2946723767131,44.267315705981,44.2463605220481,44.2391911828895,44.2540375327717,44.2968927388127,44.3669069538673,44.4523372474294,44.5307684830578,44.5763686283772,44.5720611867692,44.5190020675546,44.4360931010245,44.3498074917774,44.2819642466375,44.2430028630057,44.2324595888496,44.2434706622882,44.2674604207077,44.297061937627,44.3271741694085,44.3548589710596,44.3787800091696,44.3986062080948,44.4145499354287,44.4270655598792,44.4366761287055,44.4438850011108,44.4491369233891,44.4528046705144,44.4551873238952,44.4565131279063,44.456943934581,44.4565802108203,44.4554661557934,44.4535942670231,44.4509082071847,44.4473024757592,44.4426175205014,44.4366298197728,44.4290384061553,44.4194526213732,44.4073910396789,44.3923089502392,44.3736816068429,44.3511810211603,44.3249894961679,44.2962790047451,44.2678250710834,44.2445811156499,44.233797297378,44.2440033110515,44.2821666198458,44.3490721995606,44.4347299166146,44.5175462579463,44.5706554614907,44.5742387180291,44.5264627027904,44.4447200414485,44.3560478575959,44.2840897593788,44.2410965003165,44.2276400079503,44.2370737859232,44.2605544162613,44.2903053198702,44.3208723498702,44.3490841318244,44.3734806378559,44.393682758724,44.4098983801667,44.4225983418374,44.4323296155624,44.4396197993411,44.444934846628,44.4486644276903,44.4511200283561,44.4525382653711,44.4530862251428,44.4528676930064,44.4519297143012,44.4502686783905,44.4478345811502,44.444531731908,44.4402142651634,44.4346756613751,44.4276333149663,44.4187123029331,44.4074373240711,44.3932488267744,44.3755689317386,44.3539539316767,44.3283783644257,44.2996886984558,44.2702178698796,44.2444282771002,44.2292214479503,44.2332616821571,44.2645401146133,44.3259333902915,44.4101197092601,44.49739091872,44.560380936999,44.575937442467,44.5376533512966,44.4597632407881,44.3691241192056,44.291585988124,44.2421984016454,44.2234992773202,44.2295876063362,44.2514830603925,44.2808953778114,44.3118350448341,44.340728049537,44.3658670175188,44.3867474755885,44.4035305586201,44.416684023921,44.4267723540995,44.4343477700491,44.4399007950846,44.4438421798187,44.4464996713659,44.4481212322928,44.4488810913627,44.4488872765712,44.4481899069727,44.4467892398475,44.4446418779809,44.4416631034131,44.4377233663795,44.4326377691764,44.4261491378519,44.4179081918219,44.4074587543332,44.3942424180439,44.3776460817566,44.3571269657488,44.3324599547215,44.304151749844,44.2740340075856,44.2459477795224,44.226226672754,44.2233885665975,44.2462261994495,44.2997778128207,44.3799961204752,44.4701868644426,44.5436080111152,44.5740358031419,44.5494399973378,44.4790905647187,44.388266169041,44.3047733997707,44.2471763806755,44.2209759378988,44.2217520562768,44.2407053182786,44.2690363189316,44.3000777598471,44.3296840571815,44.3557618944411,44.3775869694381,44.395217328937,44.4090881682929,44.4197687212365,44.4278325135137,44.433796104084,44.4380947786711,44.4410763682568,44.4430034572514,44.4440596749779,44.4443583756665,44.4439527580501,44.4428461852576,44.441000811003,44.4383421197354,44.4347570213574,44.4300839461684,44.4240951095063,44.4164738952889,44.4067943909901,44.3945159461651,44.3790137949937,44.3596774015944,44.3361193487561,44.3085421306955,44.2782906679141,44.2485425865414,44.2249152409109,44.2154856167508,44.2294368757865,44.2736208732454,44.3473251332229,44.437651271088,44.5198561896618,44.5658157494088,44.5578716211819,44.4989711937593,44.4110289592371,44.3227592056376,44.2563269200913,44.2209792968108,44.2146114371527,44.229126300729,44.2553927360626,44.2860249987792,44.3161796352512,44.3432468831136,44.366181040701,44.3848694297794,44.3996746233852,44.4111495784378,44.4198799855594,44.4264061636107,44.4311892604931,44.4346000554745,44.4369188358309,44.4383410802549,44.4389867788997,44.4389121678498,44.4381223824953,44.4365828077589,44.4342263222598,44.4309536238758,44.4266246394529,44.4210407735091,44.4139204911267,44.4048745816862,44.39339274304,44.3788604098147,44.3606344181127,44.3382171649716,44.3115763020796,44.2816468990741,44.2509977369163,44.2245025773193,44.2096032759389,44.2154459337033,44.2500898457811,44.3156636413105,44.4031763400317,44.4909309170827,44.5505265356419,44.5598037120317,44.5151040786552,44.4334833798266,44.3429828234791,44.268647064046,44.2236930769545,44.208998316202,44.2177832667697,44.2409372823697,44.2704651719986,44.3007930528015,44.3287100774931,44.3527633147265,44.3726020655025,44.3884702941393,44.4008762122567,44.4104017136513,44.4176031919714,44.422965161998,44.4268818765146,44.4296533052318,44.4314890255143,44.4325172794659,44.4327976904756,44.4323359146886,44.4310976978926,44.4290191098137,44.4260096359716,44.4219456154996,44.4166533240044,44.4098837961853,44.4012852617221,44.3903840087664,44.3765910376116,44.3592605115662,44.3378363439957,44.3121317127298,44.2827820296788,44.2518715504373,44.2236200814861,44.2047947492315,44.2042113086822,44.2305166530622,44.2878663048689,44.3706199157234,44.4604314095419,44.5299935228759,44.5544023987793,44.5243293878738,44.4514480914977,44.3616788352797,44.2816551517425,44.2280643003563,44.2049664114843,44.2073776918456,44.2266305477175,44.2543666659409,44.2843723039134,44.312833987814,44.3378517635155,44.3587901076575,44.375734030428,44.3891167032061,44.3994953795077,44.4074293294692,44.4134190531666,44.4178791443771,44.4211290131117,44.4233937334835,44.4248116588231,44.425447056534,44.4253059074372,44.4243521404964,44.4225207237604,44.4197237964391,44.4158467656381,44.41073313163,44.4041596963106,44.3958076496843,44.3852398477357,44.3719006868839,44.355162793561,44.3344541512884,44.3095076628457,44.2807737451247,44.2500054880327,44.2209315370959,44.1997384347296,44.1948021627268,44.2148960770455,44.2653616040494,44.3429637300774,44.4322707513081,44.5077249999161,44.5433394579093,44.5258149690068,44.4620707557246,44.3752094029203,44.2921453639614,44.232001520478,44.2016344341287,44.1979767505781,44.2131226188078,44.2386467331921,44.2678877012094,44.2965227680329,44.3222329614605,44.3440918955853,44.3620059783089,44.3763109638693,44.3875192830226,44.3961769563648,44.4027888764167,44.407782769964,44.4114941478151,44.4141632828323,44.4159402797377,44.416896338891,44.4170393885192,44.4163313603066,44.4147033764149,44.412064679532,44.4083017147352,44.4032655484365,44.3967487466733,44.3884567815855,44.3779839057355,44.3648093704611,44.3483371907148,44.3280112874594,44.3035456072029,44.2753082176916,44.2448718871002,44.2156608212926,44.1934496953872,44.1862095749724,44.2025754986347,44.2483853931813,44.3217913442156,44.4093931075521,44.4873217404757,44.5296281514263,44.5208623958615,44.4646050075168,44.3813533440386,44.2974454318994,44.2332708004366,44.1976561150146,44.1891550541509,44.2007064597313,44.224050721896,44.2523069520374,44.2808058471503,44.3069032155397,44.3294246207139,44.3481093950612,44.3631908252754,44.3751241944934,44.3844280951897,44.3915988362828,44.3970671764686,44.4011782784494,44.4041848920529,44.4062493314755,44.4074522902249,44.4078068630139,44.4072752998769,44.4057849019168,44.4032388198091,44.3995178566073,44.3944709685437,44.387895018045,44.3795083216768,44.3689275152217,44.3556632549314,44.3391574600707,44.3188929725453,44.2946135647206,44.2666911528239,44.2366516297115,44.2077927546196,44.185665201875,44.1779431649594,44.1930019175053,44.2366698577894,44.3075800841835,44.393357112384,44.4713252562253,44.5161351770965,44.5117221085302,44.4599996883877,44.379702544358,44.2962947571274,44.2304489121349,44.1919746858908,44.1804584634481,44.189523447544,44.2111801471947,44.2385250954832,44.2667274693765,44.2929520097442,44.3158580026074,44.3350595273187,44.3507031259257,44.3631874186858,44.3729962364599,44.3806069628893,44.3864431299952,44.3908513285408,44.3940916814569,44.396337040298,44.3976789349316,44.3981389346626,44.3976833877844,44.3962383784582,44.3937009349547,44.3899426143564,44.384802912556,44.3780726009806,44.369470994475,44.3586261883362,44.3450734406482,44.3282941551711,44.3078259247336,44.2834804914143,44.2557041419592,44.2260880802039,44.1979579074205,44.1768126973093,44.1701514822341,44.1860375142269,44.2299197091919,44.3001700657732,44.3845142446931,44.460850699228,44.5046510518913,44.5004049317286,44.4499073181749,44.3711848244953,44.2889044193765,44.2233186508164,44.1843005173653,44.1717854413471,44.1797751507311,44.200538625263,44.2272844151444,44.2551869537753,44.2813610342082,44.3043984687466,44.3238483208341,44.3398021265524,44.3526148219463,44.3627370993986,44.3706228210535,44.3766809813713,44.3812520086077,44.3845972080985,44.386896205155,44.3882503996119,44.3886913705599,44.3881927035358,44.3866826804355,44.3840544130985,44.3801699026074,44.3748555560176,44.3678890665332,44.3589812730823,44.3477616097028,44.3337820158225,44.3165616409434,44.295702667785,44.2711133154391,44.2433698580875,44.214218986898,44.1871389028734,44.1677168032004,44.1633762309887,44.181830348078,44.2278587850057,44.2989846055164,44.3822899414556,44.4557182411351,44.4956765068376,44.4880901672948,44.4358864618451,44.3573247132397,44.2764642340316,44.2126538163241,44.1750869705294,44.1634326513501,44.1717450567026,44.192482721956,44.2190455690265,44.2467429289288,44.2727622572766,44.2957214369094,44.3151671271107,44.3311736201073,44.3440724203901,44.3542898493641,44.3622578253825,44.3683681500132,44.3729503152864,44.3762615262527,44.3784836298752,44.3797249324726,44.3800260495744,44.3793687070127,44.3776855506332,44.3748682106859,44.3707706756896,44.365205870659,44.3579354458529,44.3486562678981,44.3369920064482,44.3225045523683,44.3047476483889,44.2833930980202,44.2584648594654,44.2307095802637,44.2020964092906,44.1763482955522,44.1592401639367,44.1581822198826,44.1804880305021,44.2300283648679,44.3030304529825,44.3854032215805,44.4548001258486,44.4887092729118,44.4751667403288,44.4191309048925,44.3397472092039,44.2605872135975,44.1997446773219,44.1651956465489,44.1558860582262,44.1656673170963,44.1871192954309,44.21387969044,44.2414837683213,44.2672834683019,44.2899964791965,44.3092192794864,44.3250429708304,44.3377964117002,44.3478932734213,44.355749157827,44.3617401656563,44.3661835608584,44.3693294470291,44.3713581532217,44.37238130511,44.3724458532056,44.3715403063702,44.3696017470672,44.3665215060948,44.3621471810884,44.3562794064431,44.3486637056351,44.3389810634178,44.3268456783776,44.3118247758198,44.2935031683018,44.271623165144,44.2463343493785,44.2185778231053,44.1905871812902,44.1663878152245,44.1520007834661,44.1548479082619,44.181783976411,44.235584295058,44.3108783733126,44.3920953951997,44.4564742646694,44.4827844463045,44.4616576083304,44.4006198439042,44.3200250225348,44.2429502753034,44.1859778896008,44.1555326109888,44.1495681998081,44.1615859542232,44.1842490490569,44.2114623614739,44.239043870706,44.2645683795178,44.2869016697732,44.3057256616923,44.3211729205875,44.3335861703697,44.3433772612315,44.3509522929037,44.3566754472684,44.3608530931163,44.3637275774406,44.3654755867907,44.3662091100319,44.3659783589731,44.3647761106388,44.3625424256272,44.3591681285995,44.3544952975352,44.3483136971262,44.3403539185103,44.3302811991114,44.3176987057356,44.3021755983114,44.2833231655045,44.2609501101674,44.2353307614062,44.2076064162911,44.1802900663449,44.1577325859541,44.1462233317159,44.1531974103619,44.1850061941473,44.2432246977035,44.3207453565696,44.4004203238607,44.4591076432097,44.4770452340568,44.4477152427036,44.3813990792109,44.2997001220548,44.2251137034814,44.1725662689908,44.1467949312123,44.1446664960816,44.1592849980499,44.1833880898422,44.2111628079598,44.2387352861749,44.2639299143901,44.2857838590605,44.3040829335336,44.3190151732748,44.3309477325577,44.3402986787114,44.3474706818138,44.3528203317192,44.3566457122146,44.3591823246813,44.3606025742789,44.3610169764582,44.3604765132896,44.3589757333721,44.3564557923735,44.3528061769256,44.3478637897374,44.3414087812053,44.3331583188036,44.3227626857027,44.3098129726689,44.2938763364658,44.2745829782003,44.2517966723128,44.2259021379296,44.1982252074816,44.1715439104817,44.1505243893601,44.1417201778436,44.1525818860436,44.1889659237337,44.2512658257413,44.3306779363937,44.4085512514462,44.4614551656,44.4711537840117,44.4339472160461,44.3627535888346,44.2802948699868,44.2084169971284,44.1604002611537,44.1393417027494,44.1410632729339,44.1582909317276,44.1838377909954,44.2121670203346,44.2397077188395,44.2645322953277,44.2858510775527,44.303557671668,44.3179005208309,44.329276483981,44.3381150206993,44.3448201101753,44.3497447292421,44.3531815951162,44.3553610096657,44.356451425488,44.3565610683399,44.3557401169032,44.3539831023379,44.3512308538056,44.3473709438324,44.3422355925102,44.3355967393301,44.327159822394,44.3165610502114,44.3033779437014,44.2871698642525,44.267573700025,44.2444875851105,44.218376030856,44.1907092610562,44.1644845467554,44.1446417468496,44.1379792711191,44.1519915541381,44.1921412158522,44.2578221586171,44.3387641627268,44.4150036323832,44.462857497975,44.4654275825873,44.4214728672156,44.3461928438908,44.2632537079339,44.1939094108696,44.1499936348283,44.1331710274609,44.1383506313581,44.1579249468521,44.1847695193077,44.2135879691926,44.2410768504501,44.2655306625304,44.2863176145179,44.3034321407066,44.3171815717387,44.3279940871232,44.3363137032489,44.342549380602,44.3470539682116,44.3501176450782,44.3519673994451,44.3527685802446,44.3526270465801,44.3515914790529,44.3496555346442,44.3467592070489,44.3427884290774,44.3375720107257,44.3308757990366,44.3223958155849,44.3117554360954,44.2985168041414,44.2822238607145,44.2625031838212,44.2392568177886,44.2129814674422,44.1852258861982,44.1591281351848,44.1398294058917,44.1343440424883,44.1502791092359,44.1929207125306,44.2610304456369,44.343288936521,44.4186819519276,44.4631701117226,44.4606824733259,44.4117410376695,44.3333035076551,44.2498644364404,44.1823409681606,44.1415253134467,44.1279900753714,44.135912183898,44.1573875982059,44.1853089152244,44.2145488125711,44.2420064749439,44.2661519701731,44.2864831126837,44.3030806777742,44.3163053208992,44.3266161073897,44.3344737557033,44.3402953532604,44.344436824531,44.3471885266384,44.3487760867975,44.3493628748458,44.3490528066326,44.3478930824078,44.3458765151531,44.3429427675646,44.3389775068042,44.3338085716503,44.3271990667326,44.3188391934308,44.3083419763462,44.2952532695526,44.2790938352599,44.2594605061748,44.2362220369113,44.2098460889889,44.1818713375945,44.1554667547187,44.1358694359424,44.1302642377832,44.1464693542174,44.1899163879428,44.2592799821095,44.3427948089382,44.4187283143473,44.4624362081174,44.4578380484822,44.4061946783793,44.3255571404227,44.2412227081002,44.1742435110498,44.1349788024463,44.1233650021805,44.1330561535395,44.1558655349138,44.1846171626525,44.2142437538462,44.2417544298264,44.2657303640714,44.2857603356129,44.3019915684177,44.3148299720309,44.3247640668248,44.3322731065716,44.3377853879279,44.3416631150573,44.3441995654768,44.3456210398318,44.3460902431626,44.3457099124216,44.3445262991736,44.3425320902499,44.3396679741578,44.3358217423865,44.3308239064622,44.3244396373014,44.3163587223704,44.3061885711096,44.2934605328461,44.2776673111743,44.258358846425,44.2353335053018,44.2089639277633,44.1806769955513,44.1535381608242,44.1327396603962,44.1255551709308,44.1400992646184,44.1823154254762,44.2514617670256,44.3361085600972,44.4142699973138,44.4604142546695,44.457383587914,44.4058492526308,44.3241024995067,44.2382375792658,44.1700801431079,44.1303511750826,44.1189262004105,44.1291841944687,44.1526550222562,44.1819733625905,44.2119880540364,44.2396990565662,44.2637171287399,44.283673601882,44.2997572754591,44.3124090561618,44.3221447606154,44.3294639456227,44.3348093720465,44.3385529448102,44.3409938014878,44.3423611302594,44.3428184741307,44.3424683814215,44.3413569709194,44.3394778776186,44.3367746179886,44.3331400690673,44.3284118375191,44.3223631076057,44.3146904065638,44.3050029778046,44.2928235702794,44.2776179032243,44.2588798502639,44.2363097752244,44.2101283791991,44.1815533780279,44.1534046019537,44.1306597070733,44.1205429852113,44.1314739538963,44.1702111016026,44.2372756353491,44.3224857200019,44.4042930922563,44.4561836250656,44.4588489170273,44.4108196531441,44.3294886198227,44.2415824210443,44.1703672440688,44.1278584120104,44.1145837923679,44.1239750085072,44.1472986951355,44.1768656066331,44.207271405246,44.2353640689315,44.2596850027232,44.2798486151164,44.2960541354383,44.3087640442566,44.3185179447003,44.325837082774,44.3311820238066,44.3349380687497,44.3374134722487,44.3388428100715,44.3393921812647,44.3391650580356,44.338208258942,44.336517350893,44.334040300001,44.3306778111316,44.3262788614485,44.3206307272668,44.3134445954302,44.3043409646974,44.2928439222547,44.2784005462593,44.2604513698284,44.2385888944046,44.2128486291069,44.1841682669205,44.1550001766748,44.1299338026692,44.1159522541657,44.1216643276953,44.1547635146384,44.2175487018782,44.301987592481,44.3879071230962,44.4481485341342,44.4605272477272,44.419888009866,44.3412610742839,44.2514482334524,44.1756121399873,44.1280106099151,44.1106710885115,44.1175397401494,44.139720429741,44.1690928099865,44.1998261719258,44.2284580237056,44.253345134658,44.2740127512688,44.2906307955633,44.3036646888951,44.3136714531941,44.3211940518382,44.3267137352016,44.3306329343378,44.3332725489589,44.3348753596656,44.3356119653982,44.3355879048685,44.3348512883415,44.3334000429847,44.3311873278105,44.3281232528123,44.324071087676,44.3188369313133,44.3121535576751,44.3036621161377,44.2928999313214,44.279309343957,44.2622917799988,44.2413424553602,44.2163106590108,44.1878278254958,44.1579080846197,44.1306175519765,44.1124948838838,44.1121103348708,44.1379664179233,44.194319709418,44.2759396697332,44.3650474853403,44.4346930912721,44.459796953791,44.4303953108815,44.3575516287365,44.2670598355385,44.1859345896233,44.1314054352756,44.1078892379952,44.1104620974792,44.1303079596623,44.1588541114128,44.1897050064279,44.2189334531606,44.2445876356497,44.2660198869866,44.2833210471228,44.2969334513786,44.307420264246,44.315343224876,44.3212055631379,44.3254299122007,44.3283532417078,44.3302295135466,44.331235943913,44.3314812616724,44.3310150861277,44.3298372893732,44.3279055949619,44.3251391933248,44.3214161927363,44.3165635237139,44.310339649667,44.3024132873537,44.2923456004404,44.2795894734581,44.2635280215972,44.2435853360131,44.2194531213091,44.1914790496713,44.1612371482027,44.1322137237413,44.1103549934025,44.1039338183123,44.1219406489245,44.1703790266139,44.2469990957906,44.3371781516272,44.4153073187028,44.4542071534589,44.4388533484059,44.3750739935179,44.2862221115016,44.2004559089678,44.1381914667166,44.1069457682379,44.103610893974,44.1198521599499,44.1467624465765,44.1773289030101,44.207045034885,44.2335375746933,44.2558995910227,44.2740857299713,44.2884814857453,44.2996384502166,44.3081294483743,44.3144778100591,44.3191275560094,44.3224342237041,44.3246656345813,44.3260077467777,44.3265736106154,44.3264143096909,44.3255304990171,44.3238824632168,44.3213960774372,44.3179620698006,44.3134268124299,44.3075746440294,44.3001045465342,44.2906080406284,44.2785608041163,44.2633482799966,44.2443556209684,44.221163150587,44.1938937906073,44.1637427322957,44.1336520052034,44.1089334778584,44.0973756950491,44.1080838349406,44.1483197327957,44.2184734432937,44.3072774031095,44.3913997749096,44.4428484757794,44.4422964007371,44.3899410962276,44.3054392066943,44.216897136607,44.1474515519526,44.1079684935401,44.0977032487982,44.1092774766697,44.1337102018268,44.1634442517547,44.193360840347,44.2205947986044,44.2439102044995,44.2630710425563,44.2783685909059,44.2903195382933,44.2994945739319,44.3064306809875,44.3115911286906,44.3153504167746,44.3179918382297,44.319711904628,44.3206292133147,44.320796401478,44.3202135738463,44.3188408173923,44.316606775305,44.3134102136724,44.3091123610534,44.3035196502149,44.2963593669341,44.2872546745384,44.2757107768846,44.2611310607169,44.2428912478175,44.2205099307788,44.1939605305735,44.1641595826155,44.1336130330254,44.1070676227812,44.091772280123,44.0966625748696,44.1296992956401,44.1932212813961,44.2788998245475,44.3660259321554,44.426995611184,44.4396009294697,44.3990799189492,44.3208923744741,44.2319218162822,44.1570325790396,44.1100754432956,44.0928336357508,44.0992527937949,44.120601022464,44.1489671760469,44.178693122969,44.2064240830849,44.2305667895816,44.2506593276789,44.2668673761497,44.2796484897696,44.2895541235007,44.2971238349712,44.3028338022988,44.3070746936469,44.3101449161125,44.3122525434142,44.3135230634708,44.3140114119619,44.3137165500565,44.3125959872555,44.3105768747722,44.3075601470802,44.3034150043034,44.2979629339598,44.2909534490568,44.282037734409,44.2707515505997,44.2565253758174,44.2387481910567,44.2169208826799,44.190942051143,44.1615619187369,44.1309957962604,44.1035716759206,44.0860679675299,44.0871158000968,44.114910224199,44.1729475476135,44.2550074641573,44.3426957221132,44.4094782518041,44.4317696583431,44.4012871652239,44.329762091752,44.2422213453412,44.1641531930593,44.1115347226121,44.0883494857803,44.0899511239366,44.1081073443274,44.1347940205248,44.163976594165,44.1918952315749,44.2166295632804,44.2374918880953,44.2545089732357,44.2680620053368,44.2786667660233,44.2868518136728,44.2930962685416,44.2978006654774,44.3012755178344,44.3037400378798,44.3053277821624,44.3060976142977,44.3060482715984,44.3051339098045,44.3032770788633,44.3003752729987,44.296297902766,44.2908724254359,44.2838614237433,44.2749365497761,44.2636604482559,44.2494942354527,44.2318560544152,44.2102650550054,44.1846113842883,44.1555863759801,44.1252669624027,44.097741586277,44.0794633732703,44.07875087381,44.1037161384018,44.1582949023019,44.2374005429439,44.3242057993644,44.3933479724708,44.4210420172695,44.397179565087,44.3309606343495,44.2456291307875,44.1664620280988,44.1105124850492,44.0832457247118,44.0811726724822,44.096635912948,44.1217026682734,44.1501637015515,44.1780003800383,44.2030516970649,44.2244453924891,44.2420820521269,44.2562636389374,44.2674602513936,44.2761773500744,44.2828857313769,44.2879869706273,44.2917980335622,44.2945468427693,44.2963752945603,44.2973481521644,44.2974662959683,44.296681908792,44.2949121413285,44.2920473145013,44.2879502398057,44.2824450077846,44.2752966292908,44.2661871209167,44.2546989464517,44.240323240408,44.2225180102939,44.2008497958945,44.1752575579284,44.1464701582827,44.1165686076215,44.0895806890196,44.0718034835236,44.0713006220625,44.0958962540217,44.1493710061695,44.2268378025352,44.3121321567094,44.3807956447973,44.4096289557768,44.3882779667824,44.3249031113998,44.2415478435962,44.1628247753019,44.105886694243,44.0767931591634,44.072723396166,44.0864889450433,44.1103649644561,44.1381543600451,44.165749037603,44.1908683891053,44.2125288891885,44.2305422673167,44.2451451850505,44.256762350477,44.2658694707209,44.2729197506527,44.2783066984175,44.2823465010969,44.2852713462028,44.287230008025,44.2882942176109,44.288469595826,44.2877091196542,44.285926027679,44.28300244488,44.2787903329874,44.2731029460054,44.2656978781062,44.2562569877847,44.2443739133155,44.2295665708318,44.2113398391165,44.1893315445943,44.1635789673758,44.1349333169242,44.1056060501758,44.0797246333631,44.0635860614999,44.0650642846792,44.0915390665233,44.1461392847371,44.2233612217605,44.3068563001529,44.3727108548474,44.3988551252475,44.3760218302458,44.3127561129196,44.2306448055641,44.1534413469563,44.0976035745717,44.0689318482038,44.0647113246896,44.0780134372521,44.1013574756826,44.1287028283932,44.156009529221,44.1810043371286,44.2026788795542,44.2208075640838,44.2355881956133,44.2474102924259,44.2567203210615,44.2639492191406,44.2694756147367,44.2736080658469,44.276577552703,44.2785364527071,44.2795626115368,44.2796675960958,44.2788075683734,44.2768942201194,44.2738025314269,44.2693722904087,44.2634016794709,44.2556339557304,44.2457423615599,44.2333238915413,44.2179193973018,44.1990854477208,44.1765509280958,44.1504939444955,44.1219611885955,44.0934020323664,44.0691758875691,44.0557002147491,44.0606928292117,44.0909294409604,44.1484497203934,44.2264569293118,44.3077545361995,44.3687323510843,44.388932548424,44.361262663514,44.2957973675567,44.2142767357194,44.1394655302031,44.0865044263898,44.0602341444371,44.0575543414549,44.0715847769936,44.0950870606849,44.1222796763556,44.1493179002441,44.1740460516333,44.19551121642,44.2135025891568,44.2282096825084,44.2400026098239,44.24930484642,44.25652542673,44.2620250735302,44.26610008902,44.2689753748096,44.2708028204977,44.271663748941,44.2715747468894,44.2704957512672,44.268338400363,44.2649720245496,44.2602247585817,44.2538784765556,44.2456588041366,44.2352254685474,44.2221737714833,44.2060649882285,44.1865115312833,44.1633497970121,44.136934138513,44.1085669798323,44.0810212221957,44.0589862141502,44.0490733166172,44.0588271888729,44.0942333506123,44.1558485207448,44.2350612157262,44.3134115838713,44.3675779099422,44.3792320516877,44.3443116524759,44.2751843572193,44.1940571274731,44.1225147637442,44.0738982700469,44.051592341963,44.0517743024209,44.0674694035861,44.0916820675962,44.1189630031416,44.1457545508978,44.1701002091627,44.1911641047045,44.2087922252332,44.2231924629036,44.2347314049474,44.2438181599113,44.2508436233985,44.2561510754248,44.2600228160019,44.2626746073359,44.264254294453,44.2648433650825,44.2644609421066,44.2630694098465,44.2605801807436,44.2568575821245,44.2517189692082,44.2449303277929,44.2361990897449,44.2251698416497,44.2114341968101,44.1945732814436,44.1742593479462,44.1504493602588,44.123701169043,44.0956179830533,44.0693565938985,44.0499962180807,44.0443657580858,44.0597700995529,44.1011998556913,44.1673958122538,44.247588580231,44.3219095315304,44.3675429642736,44.3688287554991,44.3253279080203,44.2520509588177,44.1716622513626,44.104296672524,44.0611505065081,44.0438735509213,44.0477618291242,44.0656955847036,44.0909417174854,44.1184349547458,44.1449623798449,44.1688167628504,44.1893174894436,44.2063943533223,44.2202919277708,44.2313854236512,44.2400774990318,44.2467457866664,44.2517186247167,44.2552648395294,44.2575899698343,44.2588355626407,44.2590804004521,44.2583432610732,44.2565866347299,44.2537202827093,44.2496031296914,44.2440421882293,44.236788393736,44.2275316893615,44.215901700961,44.2014860708377,44.1838858908985,44.1628356922877,44.1384207396922,44.1114186816729,44.0837598476864,44.0590169071043,44.0426809113513,44.0417801927531,44.0632849499615,44.1110037305008,44.1816308069225,44.2620967285132,44.3312214713013,44.3670615040923,44.3570826208288,44.3047488871714,44.2276814554605,44.1487510655128,44.0863644381694,44.0493910288301,44.0376734988698,44.045623345023,44.0660012875793,44.092368805073,44.1200747897575,44.1462766938714,44.1695371934994,44.1893469413279,44.2057317230684,44.2189821026539,44.2294891660193,44.2376548452697,44.243847930507,44.2483849350571,44.2515229447963,44.2534576005367,44.2543232002279,44.2541939148505,44.2530857953664,44.2509591301704,44.2477202921172,44.2432219539201,44.2372608676949,44.2295736689842,44.2198337129321,44.2076560895907,44.1926239190835,44.1743566405577,44.1526489421213,44.1277130116234,44.1005470859355,44.0734117027817,44.0502969735978,44.037095120873,44.0409937123104,44.0685445710522,44.1222600099941,44.1967080660689,44.2765783542079,44.3396375546503,44.3651805068677,44.3440427969953,44.2835313054457,44.2035616547133,44.1268670397136,44.0699445226542,44.0393413417049,44.0331931924345,44.0451296993782,44.067855678211,44.0952527510784,44.1230876795612,44.1488842501788,44.1714707846372,44.1905072292918,44.2061157679852,44.2186350813848,44.2284752671222,44.2360410848912,44.2416959566019,44.2457475405338,44.2484433065288,44.2499700668602,44.2504548542436,44.2499662973575,44.2485162257807,44.2460611288206,44.2425027532372,44.2376869769076,44.2314005301611,44.2233665204101,44.2132424071757,44.2006284243153,44.1851006992315,44.1662912356779,44.1440448105017,44.1186855881372,44.0914124396344,44.064791360441,44.043200632364,44.0329003770149,44.0412031915423,44.0742195027975,44.1331837951256,44.2106448679956,44.2892773824596,44.3460878780489,44.3618061515981,44.3305584917587,44.2631254571699,44.1812656410934,44.1073011628368,44.0558238790982,44.0312488459602,44.0302242761899,44.0457471116758,44.0705270041845,44.0987655697303,44.126620762139,44.151952537939,44.1738314120048,44.1920719350969,44.2068852827378,44.2186558368676,44.2278132953302,44.2347673983284,44.2398789366967,44.2434493736153,44.2457187098308,44.2468663162708,44.2470125261158,44.2462202908357,44.24449666206,44.2417937293308,44.2380083497088,44.232979943724,44.2264861749595,44.2182378421336,44.2078771715348,44.1949882914172,44.1791352660076,44.159951356291,44.1373111471498,44.1116189452101,44.0842294747341,44.0579581811669,44.0375121385081,44.0294742910583,44.0412813587234,44.078684415206,44.1418373831731,44.2215763562733,44.2988946819478,44.3502349440896,44.3576495029733,44.3181031194783,44.2452525574292,44.1622674007201,44.0909849157974,44.0443279137323,44.0249268688373,44.0282232265805,44.0467249129957,44.0731727630129,44.1020501047305,44.1298484717414,44.1547123297993,44.1759174415097,44.1934104595839,44.2074799354369,44.2185514073223,44.2270737191271,44.23346321172,44.2380804751928,44.2412232597835,44.2431262014007,44.2439627562265,44.2438474907769,44.2428381597379,44.2409373305552,44.2380931345491,44.234198446454,44.2290877920326,44.2225319132858,44.2142315447522,44.203814967414,44.1908487308825,44.1748778723487,44.1555206843191,44.1326513898335,44.1067055134246,44.0791231609711,44.0528808202441,44.0329249937016,44.0261090595439,44.0400387135829,44.0803131806851,44.1464001740054,44.2279231795564,44.3045853164311,44.3522798178494,44.3538926578171,44.3084079983231,44.2316177257842,44.1477964930339,44.0784873004806,44.035414370251,44.0198915200027,44.0264506279436,44.0472160585755,44.0749353517701,44.1042929121811,44.1320276081103,44.1564998308748,44.1771446821222,44.1940141920222,44.2074609943903,44.2179467733026,44.2259390714462,44.2318625624233,44.2360801396111,44.23888834407,44.2405185739222,44.2411399994319,44.2408626097213,44.2397399076662,44.2377709691144,44.2349013419223,44.2310219757745,44.2259654048177,44.2194990942153,44.2113175640048,44.2010380227625,44.1882092330082,44.1723505470953,44.1530472274835,44.1301370972782,44.1040255928627,44.0761466102606,44.0495196628456,44.0292099121655,44.022273303361,44.0365591180059,44.0778260231797,44.1454254563124,44.2284478615457,44.3057532463202,44.3525322156501,44.3516677417868,44.3030161316464,44.2236538723238,44.138794586794,44.07013116604,44.0288689632195,44.0155684369023,44.0241490445096,44.0464116166558,44.0750343464336,44.1047821885889,44.1325298779917,44.1567713931477,44.1770487829657,44.1934902604576,44.2064987302514,44.216567292131,44.2241822345938,44.2297787440316,44.2337248385087,44.2363185477033,44.2377902811906,44.2383066702604,44.2379744968067,44.236844256568,44.234912986671,44.2321256778973,44.2283742843083,44.2234933856927,44.217252278315,44.2093450065269,44.1993830008682,44.1869000320792,44.1713865509224,44.1523800331608,44.1296477125601,44.1035016600981,44.0752688094042,44.0478739626398,44.0263493789786,44.0178512406303,44.0305292995205,44.0706433984207,44.1381004703112,44.2222897226724,44.3017908444311,44.3509077441584,44.3514788268639,44.3028210186308,44.2222942880213,44.1359253623975,44.0661648505089,44.0245441814918,44.0115267415005,44.0207343357299,44.0436787655794,44.0728556139034,44.1029580526575,44.1308636876821,44.1551052836899,44.175273167589,44.1915398902248,44.2043440526317,44.2142055398548,44.2216298490095,44.2270653258953,44.23088833871,44.2334014097672,44.2348364206871,44.2353593479217,44.2350752273988,44.2340328681329,44.2322288149518,44.2296096795711,44.2260716180228,44.2214557732921,44.2155392327099,44.2080227831894,44.1985198585784,44.1865560374088,44.1715957570011,44.1531226295079,44.1308103217391,44.104826705801,44.0763010351959,44.0479262403078,44.0245309232864,44.0132203624381,44.0224236203601,44.0591608367454,44.1245334906067,44.2091373991755,44.2920217565846,44.3466184318465,44.3527424760486,44.3076288564414,44.2276962994064,44.1395041455762,44.0668563801046,44.0225407689218,44.0076787346258,44.0159711318298,44.0386947184294,44.0680423761379,44.0984668949758,44.1266999312148,44.1512064450738,44.1715588104175,44.1879377333218,44.2008007162027,44.2106888471823,44.2181270526767,44.2235796079997,44.2274347375678,44.2300027677865,44.2315197610488,44.232153053155,44.2320073690415,44.23113094954,44.2295210172072,44.2271274573464,44.2238532106634,44.2195499086667,44.2140080192397,44.206942482349,44.1979778328115,44.1866415732771,44.1723816037471,44.1546331015152,44.1329713401358,44.1073948801457,44.0787760818513,44.0494684584017,44.0239366998028,44.0090479066094,44.0133780617524,44.0447777124295,44.1059758653088,44.1895938272922,44.2760624632164,44.3383582890552,44.3537092343351,44.3158695257594,44.2388886012654,44.1492200719865,44.07235442591,44.0231976453926,44.0043523025907,44.0100791951646,44.0315529574842,44.0605835579399,44.0912259348345,44.1199135136132,44.1449286327823,44.1657513668603,44.1825280882394,44.1957140892064,44.2058633991094,44.2135191082885,44.219163514237,44.2232000304807,44.2259501900112,44.2276571056285,44.228491558296,44.2285592530268,44.2279085304129,44.226537650656,44.2244002438609,44.2214070982497,44.2174224887134,44.2122540012914,44.2056365133485,44.1972139057121,44.1865265921295,44.1730195711615,44.156094854189,44.1352432621179,44.1103001781327,44.0818675992508,44.0519087113192,44.0244156390896,44.0058413899589,44.0046944317711,44.0295043400671,44.084719113476,44.1654896037886,44.2545013277363,44.3250936035903,44.3520361712982,44.324750748402,44.2535368189943,44.1637025385102,44.0822573304623,44.0267811188072,44.0021249885795,44.0036824202837,44.0227821753226,44.0508646792928,44.0814814942653,44.1106362622395,44.1363171679868,44.1578334305427,44.1752483918671,44.1889882717067,44.1996073036795,44.2076623584551,44.2136538907792,44.2180027636802,44.2210446477442,44.2230324336601,44.2241423693526,44.2244822231798,44.2241005704265,44.2229960802077,44.2211250809734,44.2184052084675,44.2147129666889,44.20987382128,44.2036451788063,44.1956954667146,44.1855868040487,44.172774899798,44.156648323425,44.1366400097889,44.1124542576956,44.0844542330567,44.0542289932447,44.0252720576327,44.0035172712458,43.9971927119175,44.0152083420826,44.063475299094,44.1397020016126,44.2293541119433,44.3070652938511,44.3459471294679,44.3311107523438,44.2682292840691,44.1802889746382,44.0951012844531,44.0329382548838,44.001389248864,43.9975289230359,44.0132016593013,44.0396176430904,44.0698147005722,44.0992908669947,44.1256543512031,44.1479727543893,44.1661766506035,44.1806318810621,44.1918750867999,44.200468090061,44.2069262313392,44.211687751664,44.2151039870276,44.2174396238899,44.2188781034905,44.2195301658893,44.2194444225159,44.2186185941168,44.2170093659563,44.2145382640461,44.211090964297,44.2065082801106,44.2005688813736,44.1929666824721,44.1832899759647,44.1710151374519,44.1555355628581,44.1362565052274,44.1127968750301,44.0853431734778,44.0551822064841,44.0253679138587,44.0013148158658,43.9908435273974,44.0029329808627,44.0444894208549,44.1153533831185,44.2037410248702,44.2862088084591,44.3353052491095,44.3327050801775,44.2794682440507,44.1954431190414,44.1082447192979,44.040270739285,44.001848280497,43.9920563353172,44.0036119167485,44.0277340376101,44.0570504540333,44.0865652649537,44.113474763402,44.1365615723201,44.1555843274731,44.1708185701471,44.1827626916278,44.1919703549377,44.1989642869593,44.2041965586236,44.208033231665,44.2107513455793,44.2125426367456,44.2135216537431,44.213736980991,44.2131840196024,44.2118169932897,44.2095571940089,44.2062944355662,44.2018795424661,44.1961076010838,44.1886946817239,44.1792548740746,44.1672899967407,44.1522116405297,44.1334244498508,44.1105094112668,44.0835508680459,44.0536368438057,44.0235018405641,43.9981374123772,43.9849494479916,43.99276742881,44.0289920545789,44.0949000715788,44.1809064156984,44.2655609220756,44.3217588657214,44.3290753341169,44.2848741653909,44.2058097025482,44.1184787069353,44.0464796000593,44.0023448015055,43.987085740482,43.9944852882814,44.0160187398208,44.0440923405532,44.0733217577713,44.1005323475161,44.1242249932221,44.1439724714831,44.1599410842474,44.1725729297833,44.1823987056648,44.1899375578882,44.1956481017837,44.1999070255143,44.2030021173434,44.2051334622853,44.2064201969029,44.2069114451144,44.2065998139349,44.2054349560888,44.2033339221276,44.2001848741218,44.1958415639546,44.1901079420564,44.1827153668744,44.1732991212516,44.1613864220543,44.1464151099221,44.1278108445912,44.1051597466783,44.0785180933206,44.0488880880431,44.018833967694,43.9930809860953,43.9787109934788,43.9843053416718,44.0173396178459,44.079764280536,44.1633277025796,44.2481252225911,44.3078633475249,44.3213563280719,44.2837512381957,44.2092383404543,44.1230787272533,44.0491407406412,44.0012719008946,43.9819344754059,43.9859014525506,44.005054736695,44.03178525911,44.0604906625117,44.0877347733733,44.1117933291644,44.1320743652434,44.1486359300011,44.1618551915866,44.1722279233189,44.1802578971599,44.1864004538009,44.1910358764195,44.194458617365,44.1968756338735,44.1984110456441,44.1991157642078,44.1989805638065,44.1979501361379,44.1959347593503,44.1928159201691,44.1884429624446,44.1826197867613,44.1750838120374,44.165483784077,44.1533686040069,44.1382062991526,44.1194605456245,44.0967605212711,44.0702034828192,44.0408160465855,44.011146160195,43.9858308852645,43.971768030011,43.9772743534991,44.0095772113627,44.0705876957351,44.1524298235891,44.236006463874,44.2959066650265,44.3112859958735,44.2767041182277,44.2051039783655,44.1205975611052,44.046616074265,43.9973310994955,43.9759097027675,43.9777911599195,43.9952691335668,44.0208811157218,44.0489943602524,44.0760615143987,44.1002315035453,44.1208017605113,44.1377456594995,44.1513805263831,44.1621624377381,44.1705707515335,44.1770476917532,44.1819685743613,44.1856283743829,44.188237614599,44.1899247167675,44.1907435858549,44.190685130627,44.18969050848,44.1876628917549,44.1844741264167,44.1799632471319,44.1739256704385,44.1660950707946,44.1561244189236,44.1435784170004,44.1279566384674,44.1087748409151,44.0857395974027,44.0590533564508,44.0298707594114,44.0008694599759,43.9767700227716,43.9644284654033,43.971902495941,44.0058988653849,44.0676475166926,44.1487400874749,44.2301095234137,44.287134847238,44.3001972389036,44.2647862608845,44.1939164303001,44.1109910048721,44.0385270093785,43.9901100239115,43.9688023586324,43.9702603745606,43.9870836363711,44.0120537050828,44.0396742939367,44.0664434202131,44.0904991846131,44.1111019787961,44.1281808054853,44.1420109303184,44.1530127283829,44.1616375222605,44.1683073052903,44.173384546549,44.1771578801587,44.1798366099545,44.1815511785634,44.1823585252416,44.1822513354876,44.1811693594562,44.1790099913564,44.1756347987513,44.1708691523773,44.1644938296721,44.1562305720721,44.1457280867273,44.1325608965593,44.1162607109104,44.0964081260746,44.0728193820899,44.0458625411806,44.0169163298451,43.9889197749453,43.96682477966,43.9575552860103,43.9688843910626,44.0067201936212,44.0710215363412,44.152062580937,44.2301798761432,44.2815257533051,44.2885041569561,44.2488331700202,44.1767182707568,44.0952475498716,44.0256508221763,43.9801664796821,43.9610395836199,43.9637140764451,43.9809590290095,44.0058535471498,44.0331695316799,44.0595871180415,44.0833426950336,44.1037344425577,44.1206926246062,44.1344749589072,44.1454767220456,44.1541232354832,44.1608134074347,44.1658916439045,44.1696344495121,44.1722448231464,44.1738516699055,44.1745132896548,44.1742242234645,44.1729240586719,44.1705059013818,44.1668217327834,44.1616822584863,44.1548504706846,44.1460311598222,44.1348631278702,44.1209269052009,44.1037882318846,44.083105628963,44.0588362486521,44.0315705624977,44.0029983313909,43.9764320065564,43.9571663496189,43.9522470026852,43.9690712173626,44.0124292055351,44.0804602216642,44.1615083403664,44.2349624175431,44.2779647832429,44.2757468001008,44.229283538407,44.1547060208182,44.0749248575938,44.0094972274694,43.968713773528,43.9534801837782,43.9587233642193,43.9772881755885,44.002593027707,44.0297770816452,44.0558071080169,44.0791036014972,44.0990638507177,44.1156591543426,44.1291533995268,44.1399295125994,44.1483923857497,44.1549188170938,44.1598332760511,44.1633966888984,44.165801739769,44.1671720526654,44.1675644220757,44.1669735819211,44.1653384828287,44.1625483069309,44.1584460499273,44.1528279101867,44.1454382972138,44.135963252019,44.1240296247431,44.1092235523341,44.0911493930684,44.0695580916997,44.0445782219262,44.0170747797933,43.9891232954598,43.9644960135538,43.9488959255308,43.94947514538,43.9730860808484,44.0230393536571,44.0951700605349,44.1755035977757,44.2424699162275,44.2746938017152,44.261034797721,44.2064188503216,44.1291672317206,44.0518276752639,43.9918599328411,43.9571807961715,43.9470640425001,43.9557840487947,43.9762446588459,44.0022523943403,44.0293854252555,44.0549663745668,44.0776555708112,44.0969897265076,44.1130083664754,44.1259990252662,44.1363430614359,44.1444311809868,44.1506211405485,44.1552182085791,44.1584667256705,44.1605468385208,44.1615740003982,44.1616005032571,44.1606186691106,44.1585649482362,44.1553236010515,44.1507283873668,44.1445611924826,44.1365481466872,44.126356833642,44.1136028583438,44.0978804410704,44.078839432076,44.0563384492203,44.030705796486,44.0031255764323,43.9761170026462,43.9539668252696,43.9428002286834,43.9497920040321,43.9810171650538,44.0379379757145,44.113717880113,44.1919443572776,44.2504130591302,44.2699238754861,44.2436505157952,44.1807581440803,44.1015649572572,44.0278139082578,43.9744656207045,43.9468382781167,43.9425089726828,43.9551225241459,43.9776945670363,44.0044736086775,44.0315220352865,44.0565533035302,44.0784934443932,44.0970371762965,44.1123054278544,44.1246187795965,44.1343638382446,44.1419220871262,44.1476356966482,44.1517927886075,44.1546218043572,44.156289762721,44.1569023025716,44.1565048818831,44.1550848491205,44.1525738233679,44.1488494080889,44.1437351787962,44.1369985419237,44.1283478286195,44.1174331894964,44.1038607602139,44.0872362325567,44.0672617667008,44.0439166745221,44.0177511329563,43.9903002860834,43.9645624828081,43.9453582445888,43.9392008315741,43.9531541349012,43.9922620896643,44.0558273400717,44.1341532810229,44.2085486859511,44.2567463988827,44.2624447136033,44.2235517476901,44.1533294120604,44.0735532892826,44.0046202404298,43.9587152827403,43.9385510130415,43.940133038394,43.9566100458039,43.9811983873203,44.0086324199098,44.0354748391162,44.0598337604064,44.0809012413606,44.0985304163099,44.1129250480357,44.124441139983,44.1334735191176,44.1403976132593,44.145542970208,44.1491829543097,44.15153162526,44.1527433529146,44.1529134087331,44.1520790225606,44.1502206760053,44.1472631847259,44.1430758449201,44.137471003632,44.1302012524676,44.1209574140687,44.1093729466071,44.095045623052,44.0775943456667,44.056776794241,44.0326990085262,44.0061429832272,43.9790074630066,43.9547776150674,43.9387924872052,43.9378864820492,43.9588680964702,44.0055407137382,44.0748686417398,44.1543248546636,44.2233212489716,44.260177492611,44.2520360518844,44.2015820931019,44.125667144349,44.046829360157,43.9836616136988,43.9455044618597,43.9326574367836,43.9398039937395,43.9597767099396,43.9860776895423,44.0139446122539,44.0404259760418,44.0640022539895,44.084112693859,44.1007565209263,44.1142138846793,44.1248739784932,44.1331402511346,44.1393838997676,44.1439242252785,44.1470221386706,44.1488791210173,44.1496379420776,44.1493837265665,44.1481449698319,44.1458943005653,44.1425485973428,44.1379678958279,44.1319527650943,44.1242408663534,44.1145056191298,44.1023636718868,44.0874035078057,44.0692549198575,44.0477269619913,44.0230461430479,43.9962173486937,43.969489384988,43.9468109342512,43.9339968933474,43.9381298258598,43.9656609049462,44.0190613410461,44.0929717235163,44.1722729553214,44.2349608508887,44.2604606762971,44.239551863206,44.1793454331581,44.0995673372071,44.0228844311118,43.9658560369946,43.935143315328,43.9289691394342,43.9409912118906,43.9638931166781,43.9915122289652,44.0195708788089,44.0455605221209,44.0682922515828,44.087421457024,44.1030739641533,44.1155958932367,44.1254052914309,44.1329135336522,44.13848882582,44.1424422843328,44.1450245490398,44.1464263965179,44.1467803375812,44.1461621025784,44.1445917063662,44.1420338827549,44.138397491731,44.1335334140387,44.127230827832,44.1192129863961,44.1091360805649,44.0965988842964,44.0811769585955,44.0625030464339,44.0404232712998,44.0152617755571,43.9882130651514,43.9618313396052,43.9404739899761,43.9303727902113,43.9388106283296,43.9718759598446,44.0307957223141,44.1081229935568,44.1865365951525,44.24303945375,44.2583640666388,44.2266769013185,44.1588503015211,44.0767559670516,44.0027933164857,43.9515577654654,43.9274004001944,43.9268742001111,43.942886872506,43.9680856830378,43.9966404766251,44.0247020742888,44.0501392441424,44.072039613363,44.090237644125,44.104963688052,44.1166185281002,44.1256445587903,44.1324604389782,44.137432679462,44.1408662766655,44.1430037627209,44.1440271219154,44.1440601291526,44.1431702699077,44.1413699849469,44.1386169800312,44.134813141175,44.1298015644943,44.1233617036521,44.1152040294029,44.1049682939056,44.0922339349267,44.0765576733328,44.0575617146916,44.0351042275098,44.0095661134367,43.9822715824279,43.9560022957572,43.9354388646358,43.9271633726018,43.938658119576,43.9757742365479,44.0387929450023,44.1186324812142,44.1962389010596,44.2478607674875,44.2553162329935,44.2154691849611,44.1420985128561,44.05863711361,43.9871515953764,43.9406411900364,43.9216627258273,43.9255125230852,43.9445605647154,43.9714571028793,44.0006463811131,44.0286185856615,44.0535378495605,44.0747077785081,44.0921032463914,44.106037481608,44.1169556363714,44.125320929157,44.1315593928362,44.1360375894365,44.1390566827564,44.140853349517,44.1416027563239,44.1414216062913,44.1403705993649,44.1384560528407,44.1356303257108,44.1317904641387,44.126774488412,44.1203553201596,44.112233869644,44.1020356848371,44.0893202718925,44.0736191002037,44.0545271781241,44.0318818762716,44.0060651217984,43.9784472133143,43.951928064785,43.9313956669497,43.9237066467242,43.9365853531704,43.9758959965121,44.0414713361107,44.1232390252567,44.2009221798721,44.2500345482781,44.2528405843286,44.2078356694862,44.1307510716712,44.046200230719,43.9761799661652,43.9327128665776,43.9171720934757,43.923984018412,43.9451179946806,43.9731947074242,44.0028259062888,44.0307257189292,44.0552605692175,44.0758865203989,44.0926807957669,44.1060195694558,44.1163838207235,44.124255469996,44.1300689968429,44.1341933765278,44.1369285669213,44.1385078041767,44.1391014959149,44.1388210359988,44.1377219943775,44.1358063803436,44.1330234780314,44.1292684897876,44.1243782409783,44.1181238325179,44.110201730885,44.1002277770186,44.0877434618879,44.0722509826258,44.053302923244,44.0306819417313,44.0047093156532,43.9767042344093,43.9495528312742,43.928205529567,43.919694666554,43.932036648626,43.9714260415843,44.0378789977527,44.1211312192836,44.2002575390321,44.2499313999775,44.251932708494,44.2050387546585,44.1258908925029,44.0400423371061,43.9699214236987,43.9273783947532,43.9132824592014,43.9215560283251,43.9438482405607,43.97266365467,44.0026379715183,44.0305741280207,44.0549395017661,44.0752769994386,44.0917287318423,44.1047153303847,44.1147465232405,44.1223220106057,44.1278866755402,44.1318148695974,44.1344083435744,44.1358995068181,44.1364561463372,44.1361861234695,44.1351415372366,44.1333219540433,44.1306760116901,44.1271003993365,44.1224352342679,44.1164555194601,44.1088600074115,44.0992618154399,44.0871900276281,44.0721187625061,44.0535498033159,44.0311852225934,44.0052316550217,43.9768640178681,43.9488177310515,43.9259406877957,43.9153038070394,43.9252160490405,43.9624829200481,44.0279484985965,44.112039432967,44.1938819886776,44.2472818914128,44.2525582540271,44.2072737656246,44.1278019836545,44.0403644408193,43.9683907237841,43.9244584203644,43.9096750254133,43.9178412924073,43.9403534261216,43.9694912625605,43.9997519115957,44.0278795462497,44.0523344142324,44.0726776112877,44.0890776556908,44.1019810879274,44.1119196389107,44.1194103213459,44.1249108355669,44.1288042721637,44.1313974784236,44.1329248312203,44.1335536705698,44.1333899822681,44.1324837841701,44.1308336691191,44.1283895786094,44.1250525294262,44.1206700310765,44.1150266153765,44.1078305523451,44.0987008100379,44.0871631011516,44.0726709699586,44.0546775073342,44.032794214589,44.0070807475822,43.9784999461364,43.9495217029413,43.9247310455511,43.9110663133893,43.9170372699689,43.9501934239696,44.0126997277426,44.0965012817747,44.1816054693606,44.2412148835349,44.2534975851205,44.213396371415,44.1357003930193,44.046796202889,43.9715186129417,43.9240280198967,43.9064499102827,43.9129040881977,43.9346453368587,43.963643001155,43.9941003531653,44.0225545844294,44.0473472770569,44.0679853458439,44.0846222003399,44.0977095728653,44.1077930557621,44.1154057187782,44.121020141335,44.1250314412118,44.1277549221306,44.1294297770126,44.1302250087348,44.1302461107562,44.1295418632569,44.1281105070122,44.1259040942245,44.122829417042,44.1187439289345,44.1134457849153,44.1066587928733,44.098015992462,44.0870501782385,44.0732064858854,44.055901511975,44.0346645693135,44.0094055473871,43.9808492721438,43.951135116341,43.9244670424886,43.907481958809,43.9087156461936,43.9363915475236,43.9941914184816,44.0761487859186,44.1639709267303,44.2308773016443,44.2527730102036,44.2210177402801,44.147534501742,44.0580522442958,43.9788173030802,43.9261783383379,43.9040008123062,43.9072240387842,43.9271633217511,43.9554648350331,43.985926693438,44.0147512797735,44.0400561247675,44.0612207993046,44.0783387313863,44.0918424054502,44.1022799631873,44.1101969246114,44.1160812495879,44.1203424492724,44.1233071612885,44.1252219892168,44.1262594799271,44.1265256333536,44.1260681499192,44.1248844521739,44.1229279682049,44.1201107137466,44.1163002263077,44.1113096607528,44.1048815659654,44.0966687554446,44.0862200969979,44.0729854594284,44.0563628995545,44.0358220608666,44.0111475714963,43.9828455420887,43.952724386037,43.924563758132,43.9045866469405,43.9011622521823,43.9229562653665,43.975025157592,44.0536335499445,44.1427358040605,44.2163511005203,44.2486459360939,44.227196642073,44.160181592867,44.0716982977867,43.9889253514125,43.9305436535272,43.9026425058019,43.9014566551226,43.918649948599,43.9456391603826,43.9757888374359,44.004889285654,44.0307535264072,44.0525695810028,44.0703266355227,44.0844105357999,44.0953567368915,44.1037159367774,44.1099890532524,44.1146002740657,44.1178891131576,44.12011140236,44.1214446580901,44.121996001326,44.1218116618802,44.1208868671124,44.1191742716375,44.1165885662667,44.1130049157161,44.1082496905127,44.1020837554605,44.0941815070553,44.0841131506152,44.0713437700127,44.0552710083109,44.0353335019907,44.0112322063073,43.9833084990075,43.9530981937482,43.9239973813929,43.9017971523573,43.89456877636,43.9111385879864,43.9575504623027,44.0319935164953,44.1207303137497,44.1991735074646,44.2406488119936,44.2295683233301,44.1702513745683,44.0844351557353,43.9994416599998,43.9358908914041,43.9021531215294,43.8960476737882,43.9098793285759,43.9350214825027,43.9644796079892,43.9936335785744,44.0199604529326,44.0424178253205,44.0608564834248,44.075589908365,44.0871233019311,44.0960015251811,44.1027322494299,44.1077514582254,44.1114107843379,44.1139756714429,44.115629309473,44.1164802928223,44.1165728814522,44.1158984648723,44.114406080208,44.1120092241488,44.108586179526,44.1039719458659,44.0979417751227,44.0901893550757,44.0803069862205,44.0677809471941,44.0520230163428,44.0324687653652,44.008782821322,43.9812139620557,43.9511223533521,43.9216280069734,43.8981672825216,43.8884851206974,43.9013405387181,43.9432882470543,44.0138205387133,44.101064625668,44.1819695804701,44.2298827602902,44.2272152517673,44.1751581574231,44.0929706054791,44.0073850146684,43.940181885797,43.9015818072287,43.8909417795891,43.9013749734128,43.9244196956533,43.9528802038571,43.9818144307924,44.0083980687679,44.0313611313432,44.0504042318523,44.0657523160717,44.0778648335726,44.0872680305076,44.0944668185173,44.0999025930995,44.1039354054323,44.1068386744744,44.1088009531352,44.109932521379,44.1102756132711,44.1098167766871,44.1084990110051,44.106230600179,44.1028874698513,44.0983067808084,44.092271486415,44.0844887748354,44.0745697366373,44.0620234144173,44.0462858701859,44.0268139586349,44.003282321682,43.9759244137373,43.9460390180334,43.9166152946865,43.8928776650175,43.8823079675326,43.8934612468657,43.9329524254579,44.0008231434031,44.0862767177705,44.1674792074795,44.2183623799827,44.2206508424813,44.1737379556249,44.0949709474314,44.0101110814466,43.9412188649753,43.8995706621502,43.8856516727199,43.8933340013337,43.9144647075945,43.9418344639504,43.9703323192584,43.9969304856027,44.0201820263239,44.0396562997978,44.0554905870826,44.0680907850697,44.0779537038449,44.0855707934499,44.0913799041499,44.095743011989,44.0989376037182,44.1011559492648,44.1025099562246,44.1030404508015,44.1027294289138,44.1015128909214,44.0992910295239,44.0959323495595,44.0912691414859,44.0850837946686,44.0770887640339,44.0669075965477,44.0540703600528,44.0380442294459,44.0183286236792,43.9946522063749,43.9673099324685,43.9376574052981,43.9087109622816,43.8856537115409,43.8758154491297,43.8874744379135,43.9269096242893,43.9939485381173,44.0779443821741,44.1576868310707,44.2079633376363,44.2110321848185,44.1660537789133,44.0894793041874,44.0060991672023,43.9374836357984,43.8950248394375,43.8796807102144,43.8858280069512,43.9056585146256,43.9321133430138,43.9600896360903,43.9864938739488,44.009790628328,44.0294658441546,44.0455893060072,44.0585169451258,44.0687109796821,44.0766405544759,44.0827305659372,44.0873368039368,44.0907350067563,44.0931179644591,44.0945983859739,44.0952165061095,44.0949511623726,44.0937321246201,44.0914505424188,44.0879640846915,44.0830941078783,44.0766142334282,44.0682331149176,44.0575789313535,44.0441992807768,44.0275976640338,44.007336131092,43.9832405384493,43.9557433339014,43.9263736690395,43.8983304109264,43.8769224583854,43.8694368477223,43.8838079458815,43.9256023239964,43.9937025018154,44.0767088349501,44.1534149670072,44.1996364383467,44.1992593817268,44.1527267242178,44.0767019351237,43.9951868703776,43.9286398766889,43.8876644973398,43.8729716217287,43.8790875205303,43.8985013071698,43.9244233082162,43.9519240296113,43.9779902580679,44.0011027919961,44.0207288949027,44.0369052352497,44.0499519831594,44.0602988032118,44.068387996513,44.0746241153289,44.0793489798512,44.0828299915336,44.0852559760668,44.0867383603212,44.087316829289,44.0869684572907,44.0856184211441,44.0831494887779,44.07940713703,44.0741978375289,44.0672800359065,44.058350761986,44.0470356871758,44.0328967983007,44.0154795438988,43.9944294571129,43.9697137869637,43.9419785737312,43.913039570136,43.8864211705843,43.8676982670213,43.8641803636362,43.8833386905153,43.9296203833962,44.0002687129261,44.0823614339838,44.1542655251689,44.1931209558499,44.1854801028981,44.1343662451577,44.0575407064993,43.9783195408973,43.9155028129545,43.8781339877211,43.8660528123633,43.8736083927012,43.893521168936,43.9193553458149,43.9464909357613,43.9721237930491,43.9948491018694,44.0141806878545,44.0301606955027,44.0430933335852,44.0533833405071,44.0614464335628,44.067663016729,44.0723553532009,44.0757767501056,44.0781072617555,44.0794538462194,44.0798542743695,44.0792840469637,44.0776648133497,44.0748719622609,44.0707387479021,44.0650549783731,44.057560241022,44.0479350554768,44.0357983278211,44.0207260360667,44.0023139043718,43.9803145610552,43.9548832311341,43.9269557811266,43.8987409536437,43.8742101427882,43.8592979107447,43.8613246090028,43.8870858600106,43.9394419299594,44.0133553455669,44.0938360186217,44.1587377064632,44.1870892526802,44.1691253146599,44.1114101012215,44.033255668467,43.9571360473378,43.8996570166442,43.8677112591658,43.8598407275962,43.8700143468881,43.8911579792722,43.9172616849594,43.9441189638766,43.9692322413102,43.9913867613671,44.0101950998433,44.0257377486965,44.0383218811197,44.048336865369,44.0561753340215,44.0621932334571,44.0666906995888,44.0699032572765,44.0719982848345,44.0730748481296,44.0731663208639,44.0722452531804,44.0702293440276,44.0669867065654,44.0623384241836,44.0560571204895,44.0478622469153,44.0374162664174,44.0243310344102,44.0082004380112,43.9886832170585,43.9656668293999,43.9395437958682,43.9116145011613,43.8845751369663,43.8629332182629,43.8530125594626,43.8620342160471,43.8957973498412,43.9550582375947,44.0319638948096,44.1092259407254,44.1645235739707,44.1796200876742,44.1493529837727,44.0843364032265,44.0053630087509,43.933615240647,43.8829922973673,43.8578642264793,43.8552892815226,43.8688131925433,43.891605108791,43.9181509560048,43.9447304778105,43.9692142578061,43.9906239710782,44.0087032078281,44.0235920201885,44.0356138906852,44.0451508228892,44.0525767537637,44.0582250207022,44.062373617942,44.0652389087178,44.0669733070415,44.0676652515962,44.0673409829582,44.0659677303572,44.0634574593307,44.0596698540635,44.054413193432,44.0474426511481,44.0384576607918,44.0271036202927,44.0129885556459,43.9957323415643,43.975073803375,43.9510665725664,43.9243907709807,43.8967803685135,43.8714940071379,43.8536209105251,43.8498275724424,43.8670228477017,43.9095992102053,43.9756986579207,44.0543112716686,44.1260036351835,44.1690262045871,44.1688758621917,44.1256546502949,44.054000330534,43.9756329718555,43.909805031441,43.8673052029449,43.8498580461064,43.8530845325796,43.8702053930845,43.8947213875612,43.9216769550716,43.9478789224355,43.9715924299399,43.9920930822307,44.0092674750182,44.0233237300507,44.0346079059132,44.0434993937283,44.0503570295545,44.0554940815523,44.059167860103,44.0615759057288,44.0628549320061,44.063081109316,44.0622712906624,44.0603848833729,44.057325744332,44.0529431909057,44.0470314169731,44.0393276886748,44.0295120331381,44.0172150417333,44.0020460774642,43.983661380686,43.9618989173574,43.9370102017845,43.910009487,43.8831209477531,43.8602126159146,43.8469497623752,43.850219314392,43.8763240446273,43.9278073102541,43.9997845811373,44.0780265826255,44.141494606041,44.170025989319,44.1537736165886,44.0983346193567,44.0218181495118,43.9460014102701,43.8875670149702,43.8539972027621,43.8444962871333,43.8534741573847,43.8740111334664,43.9000437336821,43.9272162199759,43.9528702176618,43.9756607035482,43.9951107408051,44.0112455208692,44.0243394574947,44.0347614976176,44.0428900737007,44.0490712338562,44.0536005733805,44.0567167278949,44.0585996860005,44.0593707909123,44.0590933038951,44.0577732210711,44.0553601138441,44.0517475383416,44.046772454804,44.0402135229541,44.0317894882355,44.0211615252405,44.0079476943082,43.9917637484493,43.9723119427524,43.9495461721296,43.9239421212591,43.8968834744514,43.8711203241856,43.8511421697262,43.8431346277747,43.8540274357286,43.8891947424822,43.9489436555788,44.025144572955,44.1006008338595,44.1534932515459,44.1662928148665,44.1344068488248,44.0686461736447,43.9896544369383,43.9183256525077,43.8683191715412,43.8438767870184,43.8420076713374,43.8562352830506,43.8797043082156,43.9068706356789,43.9339863314999,43.9589040186549,43.980639368534,43.9989395578477,44.0139532083411,44.0260128157978,44.0355068891027,44.0428126177584,44.0482646464335,44.0521429808052,44.054669683921,44.0560088487641,44.0562673778178,44.055495721633,44.053688349275,44.0507837602888,44.0466637012147,44.0411513109296,44.0340085764198,44.0249351261545,44.0135734165651,43.9995301224738,43.9824301038611,43.9620269110059,43.9383994862701,43.9122612402029,43.8853807248476,43.8610411155723,43.8443294046759,43.8418606748505,43.8604173847428,43.9041709393417,43.9709553415746,44.0494302409931,44.1199439503886,44.1608035747283,44.1579205169218,44.1120689948666,44.0385504264054,43.9594679839276,43.8940689681918,43.8528388990875,43.8370870750357,43.842065733334,43.8607484559434,43.8865133507786,43.9143743589986,43.9411622032387,43.9651909903675,43.985791854772,44.0029033637436,44.0167772573103,44.0277932353436,44.0363547251032,44.0428367514299,44.0475636245181,44.0508016952459,44.0527585402234,44.0535841523956,44.0533722536058,44.0521611233155,44.0499337729381,44.0466172823386,44.0420810292106,44.0361337529813,44.028520280393,44.0189206980951,44.0069582017172,43.9922271270581,43.9743597573046,43.9531582447416,43.9288225139679,43.9022971932062,43.8757234723805,43.8528918073995,43.8394332095603,43.8422945667288,43.8679676374271,43.9192793803923,43.9915762886724,44.0705871440823,44.1348345625201,44.1634909887428,44.1462635751981,44.0889060533443,44.0102472263176,43.9329058677645,43.8740646828095,43.841203761677,43.8331697269511,43.8439121937671,43.866134327166,43.8935475456253,43.9217093953568,43.9479675050864,43.9710308581584,43.9904930665784,44.006448472378,44.019230958259,44.0292567459692,44.0369399398806,44.0426528115132,44.0467105897162,44.0493679658178,44.0508201324332,44.051204851029,44.0506041488888,44.0490452245981,44.0465004084957,44.0428859594193,44.0380594395639,44.031815752017,44.0238830251275,44.0139217938907,44.0015347962078,43.9863005202882,43.9678512891124,43.9460246141995,43.9211199722524,43.8942810882961,43.8679766659433,43.8464451267709,43.8357904355581,43.8432204723598,43.8748980084266,43.9323628021651,44.0087099206433,44.0871927431621,44.1450709419646,44.1627412511218,44.1335218503065,44.0673780548981,43.985708749268,43.9110374220948,43.858466768706,43.8328958107595,43.8312399523853,43.846539051286,43.8714092595737,43.8999160687903,43.9280976960664,43.9537334918477,43.9758523824429,43.9942564430081,44.0091618709612,44.0209659499399,44.0301126603251,44.037023919871,44.0420695191306,44.0455573149061,44.0477325222597,44.048780112789,44.0488275528001,44.0479468557225,44.0461556451281,44.0434170417982,44.0396380695229,44.0346662669471,44.0282846453067,44.0202064187569,44.010073477767,43.9974668368036,43.981943628366,43.9631234503499,43.940855166472,43.9154979851238,43.8883352197058,43.8620835886312,43.8413383488202,43.8325976541364,43.8433095349185,43.8794093285152,43.9414338750282,44.0206980622981,44.0985204062424,44.1512488346514,44.1603773157879,44.1221438147301,44.049747545562,43.9663946087006,43.8943204418264,43.8468978248416,43.8270320338366,43.8302200369031,43.8488822641309,43.8756263569734,43.9048205656555,43.9328833384942,43.9579266014905,43.9792225981959,43.9967309785707,44.0107599910788,44.0217551401466,44.0301820110202,44.0364691904709,44.0409852856188,44.0440330261596,44.0458505606302,44.0466148754607,44.0464451335883,44.0454051720509,44.0435049019787,44.0407003364096,44.0368917970063,44.0319198607998,44.0255591442454,44.0175114563803,44.0074026175431,43.994791819915,43.979209196326,43.9602460759115,43.9377312580668,43.912029403692,43.884480578153,43.8579390956874,43.8372360618657,43.8291769418062,43.8414751316379,43.8800698140737,43.944984016062,44.0264180658466,44.1043271051265,44.1542509948751,44.1581967201885,44.1142307540328,44.0377262585654,43.9531916707112,43.8827673566307,43.8387255994502,43.822650895033,43.8290785383733,43.849994938344,43.8779868194597,43.9076177318585,43.9355601623212,43.9601524224062,43.9808351911405,43.9976793615683,44.0110599884013,44.0214592103277,44.0293605746932,44.0351998054361,44.0393465754413,44.0421012301216,44.0436974691691,44.0443065788288,44.0440414117793,44.0429595181717,44.0410651506592,44.0383097256771,44.0345900914838,44.0297439677999,44.0235425153685,44.015681529375,44.0057756589785,43.993364839522,43.9779492274285,43.9590782366695,43.9365288693645,43.9106122046358,43.8826304082195,43.8554445847262,43.8339745923335,43.8252262836677,43.8372128186968,43.8761738725902,43.9422348461979,44.0252859922352,44.1045333438195,44.1546665155759,44.1573236185226,44.1110439277909,44.0322674462143,43.9464824660159,43.8761871507581,43.8333606960562,43.8189838420634,43.8270390334364,43.8491887473945,43.8779246338588,43.9078616553407,43.9357845718828,43.9601486315947,43.9804902841431,43.9969490652047,44.0099450606337,44.0199881166164,44.0275779442902,44.0331590680979,44.0371051984553,44.0397174273562,44.0412277754172,44.0418041028749,44.0415548332853,44.0405329661157,44.0387390177064,44.0361222775142,44.0325794774209,44.0279499827397,44.0220072452288,44.0144478537814,44.0048824898656,43.9928379472202,43.9777866016839,43.9592293389983,43.9368683013962,43.91091105215,43.8825339011126,43.854473371718,43.8315770182718,43.8209126064814,43.8307823375372,43.8679828998114,43.9333535017025,44.0173301372426,44.0990708282376,44.1524299255534,44.1577670947644,44.1126470235175,44.0333975422137,43.9461702731446,43.8743379389418,43.8304566378408,43.8156452263117,43.823732144613,43.8461418824581,43.8751751038539,43.9053410652886,43.9333894936878,43.9577822315776,43.9780799581861,43.9944498496015,44.0073366583415,44.0172700673772,44.0247648921716,44.0302766250796,44.0341863170698,44.0367991232755,44.0383481960411,44.0390001296134,44.0388605219457,44.0379791204486,44.0363540503516,44.033934268503,44.0306190413342,44.0262532533539,44.0206180175895,44.0134176927814,44.0042673872268,43.9926898266061,43.9781376067734,43.9600665187507,43.9380965359567,43.9123040486721,43.8836790111961,43.8547286612412,43.8300796910894,43.8167002958789,43.8230899898557,43.8567154749434,43.9195752020633,44.0034107981099,44.0881056077354,44.1469431666839,44.1583921101078,44.1177579217378,44.0400297825508,43.9515288596538,43.8768476061197,43.8298985498552,43.8126670560331,43.8192519414932,43.8409585589338,43.8698265107752,43.9001183669853,43.9284100157359,43.9530631978285,43.9735922356859,43.9901506022534,44.0031865291702,44.0132407968178,44.0208415537594,44.0264569326861,44.0304783233298,44.0332180693303,44.0349130876743,44.0357305983179,44.035774527077,44.0350919684839,44.0336790154788,44.031484808884,44.0284122628777,44.0243139338865,44.0189822102039,44.012134678324,44.0033984841381,43.9923021789133,43.9782904399773,43.9607864876639,43.9393380935387,43.9138914939362,43.8852316861622,43.8555838836896,43.8292534980915,43.8129615231809,43.815246928993,43.8441733426193,43.9030511315889,43.9854042557796,44.0725419990838,44.1377232522695,44.157458035674,44.1239953206723,44.0498966888484,43.9609312143604,43.8828858728829,43.8315247701441,43.8103132341306,43.8140593191553,43.8341373433688,43.8623269564271,43.8925546529468,43.9211138547177,43.9461738831956,43.9671369872572,43.9841016062311,43.9974962648583,44.0078616171972,44.0157351189448,44.0215974540112,44.0258521058064,44.0288209101165,44.0307466261237,44.0317985255902,44.0320794670801,44.0316337098619,44.0304545448307,44.0284902668896,44.0256465611155,44.0217833960626,44.0167052932712,44.0101455994273,44.0017483695402,43.9910560210291,43.9775175105028,43.9605407867409,43.9396241166334,43.914610059696,43.8861032537776,43.85605718912,43.828431125122,43.8096129384793,43.8080186044398,43.8320959773043,43.8863064221863,43.9660146310752,44.0543552991034,44.1251983607148,44.1535831389264,44.1286422983447,44.0598838323109,43.9717561055691,43.8908057912969,43.8346927383651,43.8086995566249,43.8087093251688,43.8264058200255,43.8534026389089,43.88328401732,43.9120093083766,43.9374954315922,43.9589817958743,43.9764751293681,43.9903604688663,44.0011643466248,44.0094262214221,44.0156362667257,44.0202094714515,44.0234778071753,44.0256908780358,44.0270207607899,44.0275693547072,44.0273773461106,44.0264336272585,44.0246833503342,44.0220322776516,44.0183451159634,44.0134363799856,44.0070542086008,43.9988606257924,43.9884162456856,43.9751837530541,43.9585730105771,43.9380609752814,43.9134288262697,43.8851579077301,43.8549956441357,43.8266097437571,43.8060593142375,43.8015356720094,43.8216174891339,43.8715351389513,43.9481387866712,44.0363280057292,44.11101448817,44.1465581471776,44.1296488436785,44.0668439656222,43.9807919614135,43.8981392345223,43.8380107411908,43.8074295517338,43.8035096793549,43.8184574714363,43.8438834348621,43.8731154520847,43.9018043413649,43.9276063137006,43.94957637066,43.9676064024174,43.982018333363,43.9933097955258,44.0020120129651,44.0086181090918,44.0135508270926,44.0171504729541,44.0196728882516,44.021292857126,44.0221111287245,44.0221640425272,44.0214344017983,44.0198614688188,44.017347349205,44.0137570448994,44.0089103884108,44.0025660951994,43.994401394363,43.9839952730391,43.970829576684,43.9543303365024,43.9339814123954,43.9095512181877,43.8814727915949,43.8513895988732,43.822793466895,43.8015035051038,43.7954722686203,43.8131949159699,43.8601989010317,43.9341795038637,44.0212990601412,44.0975572695704,44.1374037373744,44.1262323408695,44.0684850754039,43.9850714142536,43.9021474791322,43.8395555165048,43.805558878174,43.7983514168579,43.8107474463584,43.8345227727593,43.8629013950797,43.8913269188393,43.9172473532057,43.9395520871349,43.9580180075415,43.9728951012591,43.9846406305237,43.9937665566911,44.0007597564917,44.0060438466426,44.0099628958631,44.0127764098325,44.0146607781904,44.0157152934165,44.0159716942416,44.0154057881993,44.0139488316562,44.0114956399118,44.0079063680864,44.0029998798154,43.9965387782623,43.9882095847359,43.9776062924208,43.9642317686929,43.9475393973705,43.9270465013441,43.9025588150292,43.8745436412628,43.8446608503632,43.8163764237763,43.7954120626604,43.7895351408999,43.8069996247173,43.8531524557594,43.9257616529746,44.0114678350963,44.0870624575866,44.1276649539347,44.1186808688133,44.0637539163625,43.9826358867269,43.9006580895856,43.8375430428538,43.8020071238447,43.7928861190822,43.8035118950084,43.8259371883828,43.8534541287541,43.8814504637147,43.9072698659801,43.929695121857,43.9484147764689,43.9636136578261,43.9757047882447,43.9851723008331,43.9924871234826,43.9980649316706,44.0022466894697,44.0052910510356,44.0073737481549,44.0085920967559,44.0089736433897,44.0084875568987,44.0070564262385,44.004565334174,44.000864982709,43.9957666221762,43.9890287788777,43.9803393564082,43.9693016428306,43.9554391737734,43.9382422924147,43.9172879206501,43.8924704995984,43.8643779243941,43.8348140108332,43.8073806217681,43.7878614833023,43.7839131989046,43.8034102287338,43.8510462811934,43.9238584286381,44.008092288997,44.0808940413695,44.1185021264762,44.1076234877384,44.0525754398482,43.9727960374626,43.8926738251075,43.8310319466569,43.7961581641559,43.7869352240732,43.7969879976109,43.8186836481531,43.8455352903428,43.8730400749635,43.8985677603902,43.9208802271744,43.939625757163,43.954945828334,43.9672147777257,43.9768854782275,43.9844053146326,43.9901733492733,43.9945196162399,43.9976960477624,43.9998742590941,44.0011484268386,44.0015424265504,44.0010200111784,43.9994958658914,43.9968445502891,43.9929042003189,43.9874728143526,43.9802972248607,43.9710585588437,43.959363157696,43.9447545832422,43.9267703097252,43.9050749031687,43.8797061942588,43.851462794144,43.8224218731656,43.7964784578385,43.7796213583973,43.7794390955277,43.8032469737503,43.8545834795113,43.9289667620944,44.01145176787,44.0792073076209,44.1100918001919,44.0933491564857,44.0353266457525,43.9559204169283,43.8784834008383,43.8202407250017,43.7882325275271,43.7808025472266,43.791612731253,43.8133405428362,43.8398418788978,43.8668738908688,43.8919612995513,43.9139366468458,43.9324646806573,43.9476740021546,43.9599131922934,43.9696060644298,43.9771727186153,43.982989157365,43.9873675170876,43.9905469694608,43.9926907646946,43.9938877957774,43.9941580151829,43.9934607251351,43.9917038917036,43.9887518557131,43.9844286877248,43.9785153827225,43.9707413855511,43.9607747293295,43.9482204272928,43.9326436595148,43.9136423386408,43.8910011606607,43.8649614251592,43.8366267697933,43.8084747472021,43.7848324551449,43.7719907906054,43.7774331567828,43.807638270105,43.8644245759427,43.941056913461,44.0208239715742,44.0809034666947,44.1014941859769,44.0755517047698,44.0124905555677,43.9330848433392,43.8593921520022,43.8063958498134,43.7792323427489,43.7752654321065,43.7880106789421,43.810460740443,43.8369132690499,43.8635070686802,43.8880281662939,43.9094580959964,43.9275293098957,43.9423876366517,43.9543713043648,43.9638809578006,43.9713095012135,43.9770067147873,43.9812622024603,43.9842975465808,43.9862635105333,43.9872408309183,43.9872440729558,43.9862278043282,43.9840936083157,43.9806958091055,43.9758437502316,43.9692994750364,43.9607720116822,43.9499133665836,43.9363268863711,43.9196057695501,43.8994274720793,43.8757360847395,43.8490431160007,43.8208543825526,43.7941656953392,43.7738405406452,43.7664938946809,43.7793481385054,43.8176364787465,43.8808324038239,43.9593372495981,44.0344539260114,44.0838135370782,44.0909468848076,44.0535531944092,43.9846630388664,43.9058365388172,43.8373302499128,43.791307823075,43.7705748597322,43.7712971671773,43.78679317087,43.8104175864205,43.8369955598351,43.8631355045808,43.8869577217158,43.9076461870978,43.9250368823978,43.9393151577057,43.9508217056743,43.9599405128221,43.9670396916459,43.9724425590585,43.9764143023071,43.9791561387504,43.9808032865716,43.9814254688281,43.9810295332317,43.9795636345016,43.9769218583574,43.9729477075219,43.967435010259,43.9601259655902,43.9507085372005,43.9388194972523,43.9240652235817,43.9060796487447,43.8846463431943,43.8599159926483,43.8327431595382,43.8051315925712,43.7806934461482,43.7648789739344,43.7645476131392,43.7863629104673,43.8337762891659,43.9032897972863,43.9820698316214,44.0496864878037,44.0851533412785,44.0764867365818,44.0268397714359,43.9527949571465,43.8760866152185,43.8144873200401,43.7769027328732,43.7636528119107,43.7697259929129,43.7883288041483,43.8132667924522,43.8399642014959,43.865551532347,43.8885202110452,43.9082818702418,43.9247929333972,43.9382894593076,43.9491219451509,43.9576624665411,43.9642572507221,43.969204623581,43.972745617135,43.9750603067093,43.9762667514443,43.9764214665868,43.9755210988808,43.9735048993211,43.9702571885485,43.9656087721379,43.9593366358759,43.9511626381844,43.9407546676996,43.9277381231416,43.9117316885912,43.8924287559127,43.8697525694535,43.8441141266149,43.816786264993,43.7903570509538,43.7691193463274,43.7590875628397,43.7671680602894,43.7990314077523,43.8557375283378,43.9303019034198,44.0066534085965,44.0634009308539,44.0822303284872,44.0567068525181,43.9956182254028,43.9184035217671,43.8459891688079,43.7929820361994,43.7648294674612,43.7594894015111,43.770992239283,43.7926115697634,43.8187084773257,43.8453537656114,43.870216274804,43.8921619505678,43.9108299277585,43.9262969546076,43.938850626771,43.9488529436832,43.956666284754,43.9626173209274,43.9669814418977,43.9699769673252,43.9717634148873,43.9724412935279,43.9720525770131,43.9705816121873,43.9679561729639,43.9640481289063,43.9586731910128,43.9515898455357,43.9424992859765,43.9310512677076,43.9168656151665,43.8995855922989,43.8789866360612,43.8551691226615,43.8288598269304,43.8018199331286,43.7772876328115,43.7602530322624,43.7571877907296,43.7747357064053,43.8170500607839,43.8822191832068,43.9595055985868,44.0300507314793,44.0727089707827,44.0732182290096,44.0313616356743,43.9610948615145,43.883527526816,43.8176905536361,43.7745468381989,43.7561823925733,43.7585484133452,43.7750557842243,43.7992543690065,43.8261476165463,43.8524657364695,43.8763979584292,43.8971610567451,43.9146025622771,43.9289072763787,43.9404079115828,43.9494756620735,43.9564634498158,43.9616799777121,43.9653797590255,43.9677602916901,43.9689618074116,43.9690676465636,43.9681046423926,43.9660433477615,43.9627979117602,43.9582253145526,43.9521238970643,43.9442320770826,43.934230222561,43.9217522298132,43.9064186737781,43.8879102490387,43.8661071433695,43.8413227125809,43.8146489276541,43.7883899600943,43.7664677860595,43.754530320557,43.7593215764057,43.7868401816572,43.8391956886668,43.9110828262346,43.988098210994,44.0494682716402,44.0757018986251,44.0577163104402,44.001566640215,43.9253280499128,43.8503877188706,43.792974045559,43.7602658400338,43.7513618016055,43.7606993391073,43.7814346784592,43.807574316517,43.8348077526356,43.8604992414865,43.8833125099798,43.9027730698315,43.9189064657287,43.9319867683478,43.9423818288267,43.95046788836,43.9565877558071,43.9610333674649,43.9640403218757,43.9657872857864,43.9663967446383,43.9659356749014,43.964415727253,43.9617928189325,43.957966018809,43.9527756435764,43.9460009475428,43.9373590749538,43.9265094585881,43.9130719681108,43.8966730127658,43.8770409822608,43.8541786148192,43.8286391869756,43.8019136998069,43.7768780755804,43.758132418094,43.7518921427142,43.7649424902079,43.802254169079,43.863476780572,43.9397554510699,44.0134717406411,44.0630577923525,44.0719612165065,44.0368689184819,43.969521513339,43.8907351254887,43.8209068074506,43.7729392347404,43.7504427147672,43.7500852673284,43.7653092703859,43.7893290055872,43.8167214432284,43.8438535549998,43.8686651766491,43.8902303108025,43.9083319609611,43.9231391848923,43.9349949451867,43.9442918047549,43.9514068878977,43.9566723120224,43.9603644907788,43.9627020689355,43.9638468834936,43.9639053144892,43.9629290427741,43.9609149644829,43.957804197622,43.9534801126262,43.9477654817723,43.9404195426378,43.9311374060026,43.9195572290492,43.9052852937396,43.887955651903,43.8673484411608,43.8435961281917,43.8175019700377,43.7909648974769,43.7674279592578,43.7521259093586,43.7517228321878,43.7728242743606,43.8190835384616,43.8874867365256,43.9657786378434,44.0338284035556,44.0703648103503,44.0626269868882,44.0130134534756,43.9379074639118,43.8594993629432,43.7963150759486,43.7578544282736,43.7446430916618,43.7515305728838,43.7714138599148,43.7977791121992,43.8258092833743,43.8524934926583,43.8762664695275,43.8965403655352,43.9133032915451,43.9268346799457,43.9375278754545,43.9457913279343,43.9520000081516,43.9564754347627,43.959480060878,43.9612176370994,43.9618351921839,43.9614247165694,43.9600239049103,43.9576158080394,43.9541273247175,43.9494264728419,43.9433186652194,43.9355431469317,43.9257727395139,43.913623520916,43.8986864168788,43.8805998425794,43.8591902067868,43.8347110182101,43.8082016748688,43.7819458823959,43.7599131958235,43.7479023602706,43.7529143168775,43.7812319576078,43.8350823103693,43.9088551369814,43.9873006116543,44.0485282502412,44.0723402418114,44.0500117837086,43.989034534781,43.9092392788055,43.8331346785159,43.7769981547795,43.7472301869041,43.7418871075037,43.754555532615,43.7779113546512,43.8058146252607,43.8340195715976,43.8600490070421,43.882741734077,43.9017767204583,43.9172992628094,43.929670740576,43.9393201193082,43.9466655040414,43.9520782871043,43.9558703679261,43.9582922052959,43.9595348457607,43.9597325675031,43.9589647815084,43.9572567808749,43.9545792209319,43.9508462016015,43.9459118451292,43.9395656600734,43.931528131076,43.9214502990831,43.9089250602468,43.8935238804012,43.8748804397636,43.852850680599,43.8277815713289,43.8009068506063,43.7748364395477,43.7539915374556,43.7446514216048,43.7540841466989,43.788240457867,43.8480462423672,43.9256325055601,44.0033089372025,44.0580206397776,44.0709170874128,44.0369369989464,43.9676987665581,43.8854200535921,43.8123468010612,43.7626101877754,43.7400651649778,43.7409200382967,43.7579300379515,43.7837338637519,43.8125673143824,43.8406688576382,43.8659882061242,43.8876769632628,43.9056159127707,43.920066950392,43.9314510418638,43.9402223225674,43.9468050907415,43.9515673577195,43.9548132260403,43.9567834839817,43.9576587650671,43.9575626805785,43.9565639716239,43.9546774064995,43.9518632669009,43.948025174105,43.9430060361557,43.9365823910051,43.9284587575856,43.9182662273164,43.9055739190176,43.8899284611056,43.8709451362318,43.8484827212407,43.8229363240454,43.7956652576127,43.7695131068605,43.7492471850191,43.7415396910789,43.7539138208297,43.7921301926553,43.8561745563408,43.9364831640591,44.0135236418772,44.0633932238684,44.068321075756,44.0260349252262,43.9511795743438,43.8675960779315,43.7971727544548,43.7523681390247,43.7351687886985,43.7404862610857,43.7605342930997,43.7879735985975,43.8173411164499,43.845239146462,43.8699306252482,43.8907938585968,43.9078549528264,43.9214596448863,43.9320720186022,43.9401648833582,43.9461677008678,43.9504466631366,43.9533005666013,43.9549631022334,43.9556068158074,43.9553467111008,43.9542428128686,43.9523014586053,43.9494750537571,43.9456598579245,43.940691401544,43.9343377024119,43.9262919372684,43.9161690733799,43.9035156870716,43.8878492031802,43.8687518694144,43.8460538141702,43.8201420270461,43.7924135565546,43.7658265652999,43.7453623485742,43.737990411181,43.7515175423033,43.79177202753,43.8583416763905,43.94069522378,44.0180580886356,44.0657381927686,44.0663458170883,44.0191856456646,43.9408169808483,43.8562392992599,43.7872672316195,43.7453993273843,43.7314705300325,43.7395586440119,43.7615069340345,43.7899660086883,43.8196494626506,43.8473851657438,43.871635496943,43.8919262419698,43.9083802807745,43.9214010266603,43.9314839128717,43.9391169657873,43.9447355915824,43.948706704055,43.9513267309749,43.9528249612193,43.9533681209136,43.9530645378102,43.95196736402,43.9500765873102,43.9473393918844,43.9436481933859,43.9388357026715,43.932667000687,43.9248301995524,43.9149302640527,43.9024954929257,43.8870134672941,43.8680228348511,43.8452970888777,43.819160018622,43.7909548839244,43.7636242842694,43.7422127658719,43.7338713858943,43.7467126625626,43.786918880279,43.8542944718122,43.9381539065146,44.0171050167265,44.0656220881198,44.0657967436468,44.0171371148718,43.9370117846968,43.8512792090032,43.7821605147322,43.741016961233,43.7282490353896,43.7375012003284,43.7603467689891,43.7893450212495,43.819238162701,43.8469357176837,43.8709889945849,43.8909980636087,43.9071397305831,43.9198532443639,43.9296565183674,43.9370511209932,43.9424801946693,43.9463144266432,43.9488510027068,43.9503174798045,43.9508768555621,43.9506324252791,43.9496319484202,43.9478707432991,43.9452930385092,43.9417906114675,43.9371977740749,43.9312824432335,43.9237347031469,43.9141573423309,43.9020678418673,43.8869286982701,43.8682327850263,43.8456809337474,43.8194939513007,43.7908863863499,43.7626679235721,43.7397956359236,43.7294622398973,43.7400520872104,43.7783065024338,43.8447842979998,43.9294317202391,44.0109146543367,44.062937509923,44.0662764430394,44.0193182395175,43.9391316013031,43.8521088549106,43.781330664044,43.7388172081998,43.7252254748126,43.7341455541307,43.7569692762377,43.7860810482552,43.8161078025404,43.8439034767264,43.8680041923899,43.8880159681629,43.9041298296684,43.916800777886,43.9265611683272,43.9339247334855,43.9393441731547,43.9431969073109,43.9457838472837,43.9473332591532,43.9480061718549,43.9479020186874,43.9470639997982,43.9454836092061,43.9431033698342,43.9398164679908,43.9354620175774,43.9298154194047,43.9225750201497,43.9133493872443,43.9016544748141,43.8869372719461,43.8686523315226,43.8464284669653,43.8203694442896,43.7915211452499,43.7624825479135,43.7380030050159,43.7251727319918,43.7325416943575,43.7674537568212,43.83153553355,43.9159640320372,44.0001301819019,44.0572744553572,44.0664552820073,44.0239333148653,43.9454413650932,43.8574212041022,43.7840227994082,43.7385325502686,43.7224697272689,43.7297459410464,43.7516964167809,43.7804907203536,43.8105319104598,43.8385044189125,43.8628381993397,43.8830830237446,43.8994064169755,43.9122588880096,43.9221781359465,43.9296874121174,43.9352496539054,43.9392510726738,43.9419985979611,43.9437231122389,43.9445849260552,43.9446801738644,43.9440475160767,43.9426743646336,43.9405013451914,43.9374233089882,43.9332852684509,43.9278724439765,43.9208954400726,43.9119747217154,43.9006334467424,43.8863148151359,43.8684496478546,43.8466108263264,43.8207988007557,43.7918942866482,43.7622660279552,43.7363971847216,43.7211673237401,43.7251466451379,43.7561579018639,43.8169049317661,43.9000502049994,43.9862008964355,44.0486293434202,44.0648118247715,44.0284694456994,43.9532554149556,43.8650542149483,43.7889293577674,43.7396870186351,43.7201161764826,43.7247844110109,43.7451442659326,43.7731858342737,43.8030454788494,43.8311691510926,43.8558153710101,43.8764276117939,43.893116176526,43.9063066007178,43.9165307734638,43.9243162918094,43.930134678328,43.9343811272411,43.9373695200657,43.939334326079,43.9404357159181,43.940766492596,43.9403600856948,43.9391985725753,43.9372190815391,43.9343164827861,43.93034036429,43.9250852052838,43.9182746225482,43.9095438062341,43.8984291078792,43.8843806202334,43.8668227511677,43.8452983896073,43.8197401740009,43.7909064089447,43.7609764506523,43.7341860538882,43.7171684877086,43.718388627547,43.7459223092107,43.8032835110854,43.8844637704559,43.9714226701904,44.0379370886293,44.0604815133165,44.0305377441577,43.9594897073426,43.8721525649315,43.794035166808,43.7412766274137,43.7180166646673,43.7196778320967,43.7380130961293,43.7649432988593,43.7943782234414,43.8225211266401,43.8474353284141,43.8684304430564,43.885535621439,43.8991333485395,43.9097372166777,43.9178711552471,43.9240105260027,43.9285569925902,43.9318302758007,43.9340680516734,43.9354301616834,43.9360056496108,43.935821738436,43.9348534736052,43.9330320417766,43.9302492666145,43.9263558999508,43.9211523557121,43.914372665507,43.9056658324504,43.8945836563535,43.8805908340919,43.8631219140163,43.8417197296914,43.8162974709925,43.7875611382427,43.7575892182468,43.7304587793294,43.7126032317168,43.7123176624472,43.7376836147271,43.7925823035733,43.8718265857544,43.9584478566525,44.0269702558325,44.0536423388391,44.0286074444635,43.9614572559959,43.8757652385939,43.7969056203934,43.7417825292231,43.7155849034259,43.7145601974171,43.7308799752864,43.7565431703516,43.7853469714005,43.8133184443514,43.8383541202071,43.8596347063664,43.8771015291804,43.8910831427438,43.902063672431,43.9105536823319,43.9170247651637,43.9218795916111,43.9254401808766,43.9279454063309,43.9295537975337,43.9303501075331,43.9303546857344,43.92953421998,43.9278115896883,43.925071995652,43.9211626562457,43.9158844898357,43.908976514764,43.9000973048908,43.8888128897632,43.8746072129688,43.8569397577773,43.8353843525651,43.80988968827,43.7811955060546,43.7513979400458,43.7245515744654,43.7069985307054,43.7068592424155,43.7319916333102,43.7861212149469,43.8641547045606,43.9495903211583,44.017667932379,44.0451751165244,44.0221625467013,43.9574451901624,43.8735975779671,43.795361575655,43.7396268131139,43.7120163707534,43.7093252601951,43.7241420025153,43.7486762598565,43.7767674092416,43.804388624217,43.8293471275235,43.8507348592175,43.8684204510709,43.8826792545084,43.8939595645048,43.9027496052081,43.9095081729892,43.9146312387189,43.9184373724104,43.921162993565,43.9229635163292,43.9239188933485,43.9240426199249,43.9232927253728,43.9215823776362,43.9187870874048,43.9147456113181,43.9092528531008,43.9020455294471,43.892785196441,43.8810485140964,43.8663414848456,43.8481627603385,43.826149832173,43.8003468217866,43.7716230397237,43.742226720966,43.7163484929437,43.700373672846,43.702264349318,43.7294264519548,43.784867220875,43.8627643271252,43.9463354026596,44.0113668641237,44.0359053370951,44.0112712853007,43.9467714103012,43.8644842287864,43.7881496715705,43.7338170818522,43.7067734567089,43.7039194908387,43.7181487822568,43.7419703573586,43.7694240759189,43.7965778029694,43.8212579919316,43.8425346291782,43.8602382005099,43.874604089891,43.8860454780423,43.895022525049,43.9019729765488,43.9072777473973,43.9112449458448,43.9141036102346,43.9160033691781,43.9170186415798,43.9171565485862,43.9163671653619,43.9145538153309,43.9115804419355,43.9072731988502,43.9014146402281,43.8937314761535,43.8838808878166,43.8714459393548,43.8559577053634,43.8369700413744,43.8142208412281,43.7879161435262,43.759158866004,43.7304908848203,43.7063978316153,43.6934286470527,43.6993684864498,43.7308906542496,43.7896738729698,43.8683371021371,43.9491266873156,44.0082999364121,44.0259440617754,43.9959974852707,43.9294709716402,43.8484229202743,43.7752482263958,43.7243725008644,43.6999902207484,43.6986424872726,43.7133757764578,43.7370524970432,43.7640527337189,43.790684204718,43.8149071416551,43.8358462640316,43.8533385776503,43.8676013403786,43.8790198660029,43.8880250108768,43.8950279187974,43.9003873610477,43.904394182799,43.9072646601179,43.9091392353561,43.9100854036631,43.9101040795998,43.9091382723394,43.9070820224605,43.9037869249329,43.8990637002871,43.8926775616869,43.884338802824,43.8736942375438,43.8603309250531,43.8438109396517,43.8237641520846,43.8000727326994,43.7731800587999,43.7445344891288,43.7171127632146,43.6958341851073,43.6874775493762,43.6995389615378,43.7375677756565,43.8012410471847,43.8808630390623,43.9572659022762,44.007424685812,44.014432084015,43.9760851957534,43.9059864355647,43.8263447917222,43.7577576077608,43.712321653491,43.6925286842991,43.6942066256292,43.7104482029679,43.734520154546,43.7612594623299,43.7873353532996,43.8109403271831,43.8313225709716,43.8483683138698,43.8623001302945,43.8734860042717,43.8823299827502,43.889214466347,43.894471636664,43.898369937115,43.9011081633912,43.9028139761363,43.9035457758983,43.9032974238323,43.9020048741278,43.8995530298676,43.8957806251478,43.8904811745565,43.8833994091742,43.8742254147328,43.8625930832213,43.8480955545292,43.8303378419366,43.809054693894,43.7843265424017,43.7569199973116,43.7287461266612,43.7033468524651,43.6861691482411,43.6841922714362,43.7043659677472,43.7505773601272,43.8197876216074,43.8994166927657,43.9688680085062,44.006556638628,43.9997453815108,43.9510790349098,43.8770979016597,43.7998604144495,43.7375515990996,43.6993586691057,43.6856974319908,43.6915268031731,43.7099812132684,43.7348041243631,43.7613846615312,43.7868415934049,43.8096685263262,43.829285370485,43.8456586076017,43.8590344741731,43.8697733270451,43.8782564887197,43.8848381648585,43.8898223619839,43.8934523851221,43.8959063903691,43.8972962188443,43.8976686193116,43.8970084704927,43.8952432950132,43.8922477732595,43.8878466472421,43.8818148245781,43.8738750448972,43.8636964641083,43.850902161294,43.8350999176376,43.8159581950581,43.7933562394366,43.7676387734157,43.7399913411643,43.7129039909595,43.6905866900831,43.6790333187191,43.6852581169296,43.7152290655302,43.7704959872976,43.8446372925984,43.9219635646468,43.9810072285097,44.0028337889539,43.9800868850651,43.920779330564,43.8440598380026,43.7710639836322,43.7168670877536,43.687372328911,43.6808332030033,43.6914030725891,43.712362222933,43.7380250074503,43.7644039666665,43.7891176877748,43.8109952109785,43.8296510831309,43.8451470126157,43.8577624814465,43.8678561987244,43.8757903066387,43.8818926322439,43.8864395074243,43.8896485464853,43.8916758790104,43.8926155295242,43.892500223134,43.891303331768,43.8889414510308,43.8852767080192,43.8801178234632,43.8732196293013,43.864282567457,43.8529569973032,43.8388621401538,43.8216361210487,43.8010409506139,43.7771515677393,43.7506543799889,43.7232548045399,43.6981251729451,43.6801962290607,43.6759208870686,43.6920175192919,43.7328629592243,43.7969340573531,43.8739641907505,43.9454429132732,43.9902031074331,43.9934838186451,43.9542620445954,43.8857552861551,43.8087270780558,43.7423221226063,43.6979056155722,43.6780146791916,43.6789392253082,43.6942706799252,43.7176110425334,43.7439403217351,43.7699341421896,43.7937229647818,43.8144729178456,43.8319924839091,43.8464383632237,43.8581240624876,43.8674082137375,43.8746357351119,43.8801100058666,43.8840812218908,43.8867421590342,43.8882268938297,43.8886106614952,43.8879103097037,43.8860851554957,43.8830379119166,43.8786151620412,43.8726070553789,43.8647469034471,43.8547135494838,43.842143120319,43.8266622169093,43.8079614662815,43.7859350880168,43.7609143935388,43.734011560242,43.7075483498103,43.6854523231826,43.67335241973,43.6779408871631,43.7051432154352,43.7570217399752,43.8283286696781,43.9048827117734,43.9662528176134,43.9932236412668,43.9766913126481,43.9223185628676,43.8475977454008,43.773450575983,43.7159600104233,43.6824676787446,43.6723896506402,43.6804746153247,43.7000952002895,43.7253648763778,43.7519968614425,43.777331171189,43.7999874200068,43.8194441804574,43.8356853593421,43.8489513183332,43.8595839746133,43.8679401114453,43.8743479199876,43.8790879264615,43.8823860370358,43.8844116816562,43.8852776130128,43.8850400154155,43.8836985604867,43.8811963064496,43.8774192742782,43.8721955486107,43.8652942487943,43.8564261013628,43.8452500137542,43.8313943263311,43.8145073730892,43.7943589131449,43.7710193512749,43.745141146475,43.7183440621508,43.6936440986609,43.6757473358547,43.6708640016585,43.6855721938828,43.7243865239395,43.7863383190826,43.8620688378305,43.9339443979314,43.9810641100013,43.9879688108837,43.9522342276281,43.885749953791,43.8087314348268,43.740689914642,43.6938688632324,43.6716656241304,43.6708968203106,43.6853084724901,43.7084048456015,43.7349615080785,43.7614456962132,43.7858246332117,43.8071572878837,43.8251926458435,43.8400610750255,43.8520693378371,43.8615789740012,43.8689415587806,43.8744683358038,43.8784183229669,43.8809949963075,43.8823461156988,43.882564149944,43.8816863817461,43.8796944907369,43.8765135952138,43.8720107491753,43.8659931163066,43.8582068665782,43.8483396686563,43.8360328781985,43.8209144313444,43.8026699030808,43.7811758725453,43.7567227220354,43.7303445210998,43.7042361605075,43.6821521423382,43.6695369336801,43.6729704559949,43.6984648813253,43.7484816266663,43.818468766905,43.8949849305877,43.9579379396484,43.9876983175408,43.9740877114736,43.9216096895211,43.8471595238729,43.7718545757387,43.7124901128841,43.6771668623637,43.6657855221932,43.6732399501759,43.6928095147104,43.7184135869133,43.7455702027445,43.7714704410328,43.7946407830891,43.814513291173,43.8310573325778,43.8445172666379,43.8552476812319,43.8636205984049,43.8699790167567,43.8746170621061,43.8777736027453,43.8796315291629,43.8803186204868,43.87990821436,43.8784191107948,43.8758146350326,43.8720009096986,43.86682449161,43.8600699764348,43.851459353374,43.840657214931,43.8272897860615,43.8109913324537,43.7914983783536,43.7688181583636,43.7434971624649,43.7169968836332,43.6921283177285,43.6733847294222,43.6668463994889,43.6791857902679,43.7153763513616,43.7752898488966,43.8505424075765,43.924090381147,43.9747234028232,43.9857212729255,43.9530616767668,43.8875945110823,43.8095458462887,43.7392685719356,43.6900561566758,43.6660486651615,43.6643350343962,43.6785741289889,43.702018861247,43.7291809392057,43.7563256154308,43.7812959636228,43.8030915993611,43.8214459141267,43.8364986439619,43.8485774653642,43.8580681583344,43.8653456091225,43.8707418674351,43.8745343115837,43.8769432337035,43.8781328189654,43.8782125556276,43.8772378947019,43.8752098493823,43.8720735374992,43.867715760935,43.8619619229241,43.854573268768,43.8452469953429,43.8336246370094,43.8193186810821,43.8019736697881,43.7813852186005,43.7577052158571,43.7317562164155,43.7054479809751,43.6822130289431,43.667239453217,43.6671001014807,43.6882771647753,43.7343164135647,43.8021921962058,43.8798023729104,43.9473172278791,43.983769604939,43.976503526387,43.9277278145734,43.8534515733006,43.7755358686674,43.7123858564491,43.6735908554348,43.6598677278199,43.6662453480913,43.6857303172704,43.711845585785,43.7397620967167,43.7664350973607,43.7902623840891,43.8106254567259,43.827490669944,43.8411236614102,43.8519097513422,43.8602529651861,43.8665258415312,43.8710485147582,43.8740826961307,43.8758319553992,43.876443723722,43.876010931286,43.8745725449853,43.8721128600515,43.8685595681033,43.8637807000029,43.8575808613032,43.8496981085943,43.8398047709473,43.8275189473316,43.8124386714016,43.7942177491674,43.772709650378,43.7482091679408,43.7218108536468,43.6958606377651,43.6743794044461,43.6631736407695,43.6691646254931,43.6984328754092,43.7528929506119,43.826613555835,43.904198297925,43.9639471389796,43.9861750379284,43.9627431201494,43.9014754871529,43.8221318374106,43.7468675688858,43.6915751544617,43.6624176673862,43.6573933544032,43.6701461856355,43.6934462638495,43.7212351466402,43.7493190417364,43.7752458587087,43.7978617674097,43.8168439206414,43.8323322702709,43.8446822545781,43.8543174478547,43.8616513553674,43.8670514848597,43.8708264677598,43.8732240771545,43.8744332530846,43.8745866959338,43.873762600821,43.8719851005416,43.8692233395014,43.8653891539841,43.8603334090109,43.8538414774181,43.8456295208191,43.8353455793534,43.8225834641231,43.806923419517,43.7880212445609,43.765775128809,43.7406012572902,43.713833032692,43.6882036923574,43.6682535949117,43.6603172731538,43.6715631871823,43.7075983965481,43.7687528839836,43.8464792824131,43.9226863824988,43.9745614544166,43.984185007321,43.947680966758,43.8774574663292,43.7957609343704,43.7242563967821,43.6763299063302,43.655294671054,43.6571362660875,43.6746310066688,43.7005520728561,43.7292843539625,43.7571829567363,43.7822719557312,43.8037426108364,43.8214923702062,43.8357867030564,43.8470436836456,43.8557119099597,43.8622094505706,43.8668982934776,43.8700770945954,43.8719818897697,43.8727892259662,43.8726191398879,43.8715370269996,43.8695541415383,43.8666266276064,43.8626529393322,43.8574695888169,43.8508457063754,43.8424782969191,43.8319927831466,43.8189579304203,43.8029308923407,43.7835565416827,43.7607531255118,43.7350169406452,43.7078579242203,43.6823121829132,43.6633405702095,43.6577161917702,43.6728230347007,43.7138935894551,43.7799779279098,43.8604420362161,43.9351315078537,43.9805518205588,43.9804203255924,43.9343145186044,43.8580662999691,43.7755062226931,43.7075916086978,43.6656304930811,43.6507897599413,43.6576505083836,43.6784624854054,43.7060914306625,43.7353014989215,43.7628745767552,43.7871903736845,43.8076916079156,43.8244333434215,43.8377694694789,43.8481615133995,43.8560750617026,43.8619309179783,43.8660867240963,43.8688334617708,43.8703979002388,43.8709464627225,43.8705885733706,43.8693788363739,43.8673178479626,43.8643514352013,43.860367992952,43.8551936787887,43.848585868926,43.8402268695481,43.8297228841553,43.8166181713814,43.8004415484313,43.7808114959211,43.7576345108858,43.7314316436552,43.703804570414,43.6779791184488,43.659213014901,43.6546305961779,43.6718615390654,43.7160085840698,43.7853534845946,43.8678666759956,43.9419167286723,43.983417990635,43.9770925718007,43.924813184704,43.8447236546049,43.7617251284343,43.6962945091911,43.6583443663652,43.6476141995848,43.6577635302989,43.6807078704867,43.7093875981472,43.7388276934381,43.7660989543214,43.7898206186719,43.809604648544,43.8256125554201,43.8382585711316,43.8480346644919,43.8554192049174,43.8608360709054,43.8646408235274,43.8671195141453,43.8684921987006,43.8689173603364,43.8684957375998,43.8672730828031,43.8652416142063,43.8623397753493,43.8584497237905,43.853392068964,43.8469181052182,43.838701528645,43.8283348518812,43.8153409680247,43.7992179582084,43.7795449177833,43.756185669813,43.7296280653419,43.7014725140365,43.675006695544,43.6556437170299,43.650762125981,43.6682859167772,43.713498089613,43.7845276914096,43.8687234969167,43.9435280780218,43.9841537321046,43.9754183832617,43.9201754140224,43.8378583488111,43.754190193759,43.6896467511573,43.653536122739,43.6448548326816,43.6567228219691,43.6808176092584,43.7100762982531,43.7396418002177,43.7667340511789,43.7901037886745,43.8094601869105,43.8250287325807,43.8372621517514,43.8466738217971,43.8537529979849,43.8589281775314,43.8625556323344,43.8649193580233,43.8662351564104,43.8666555330547,43.866274176478,43.8651296027104,43.8632076090388,43.8604419058225,43.856712047977,43.8518379000305,43.8455706705774,43.8375824111151,43.8274592386379,43.8147089387855,43.7988014728243,43.7792709833321,43.7559177181272,43.7291503590712,43.700486833569,43.6731561161095,43.6525817902202,43.646279373142,43.6624775162416,43.7069019675326,43.778106489628,43.8635798343668,43.9404019092113,43.9829910888491,43.9753696091978,43.9200890141776,43.8369105587829,43.7521971946987,43.6869348925238,43.6505975210066,43.642068780685,43.6542559057817,43.6786593417179,43.7081223655571,43.7377657274511,43.7648282634598,43.7880944743788,43.8073069822551,43.8227183824219,43.8348013735195,43.8440834296059,43.8510635263726,43.8561765112242,43.8597820753939,43.8621648186073,43.8635384506848,43.8640510807528,43.8637904923778,43.8627889535571,43.8610270162081,43.8584353756372,43.8548935705274,43.8502244439683,43.8441841698247,43.8364496103571,43.826608218298,43.8141611324015,43.798558002082,43.7792922802039,43.7560960878508,43.7292772644378,43.7002217088721,43.672012917607,43.6499626853587,43.6415949706065,43.6553814347543,43.6976078359701,43.7676412656681,43.8537261062869,43.9331483677745,43.9796422731282,43.975856508446,43.9230146089138,43.8403182693368,43.7544864216398,43.6873464017513,43.6491503865671,43.6392109374106,43.6505265513014,43.6744983449426,43.703816613069,43.7334702463197,43.7606097158958,43.7839703050324,43.8032724830717,43.8187627982019,43.830916477802,43.840267512032,43.8473226194795,43.8525238170162,43.856236111991,43.8587467037453,43.860268811619,43.8609471819593,43.8608641977643,43.8600460333379,43.8584680650938,43.8560582670376,43.8526969989966,43.8482117809194,43.8423666329389,43.8348476387035,43.8252499074575,43.8130765192351,43.7977677941853,43.7787893031643,43.7558175871004,43.7290671777237,43.6997859715607,43.6708804142807,43.6474813814198,43.6370130983385,43.6480695539444,43.6874334715888,43.7553816774271,43.8412347202762,43.9229483797511,43.973914817389,43.9753379660474,43.9265870671427,43.8456266376508,43.759107543766,43.6897049008369,43.6487621706674,43.636397354995,43.6459696856497,43.6688995635873,43.697728939086,43.7272620450065,43.7544936798789,43.778050624768,43.7975874076869,43.8133157832861,43.8256964426748,43.8352608369107,43.8425193855675,43.8479200989002,43.8518335564768,43.8545503294055,43.856283873538,43.8571759387745,43.8573033770759,43.8566856439169,43.8552919306957,43.8530462888948,43.849828762081,43.845470787523,43.8397442454245,43.8323457640979,43.822881512032,43.8108630984454,43.7957327750516,43.7769458991926,43.7541489600219,43.7274965106243,43.6981357735652,43.6688267627561,43.6445229297748,43.6324964145151,43.6413305587972,43.678098740416,43.7437812333725,43.8287090195789,43.9117095917749,43.9662736421588,43.9725944632295,43.92831519216,43.8499025465127,43.7634987423999,43.6922979280694,43.6486546209669,43.6336049271063,43.641043930448,43.6625528971653,43.6906015856401,43.7198304505388,43.7470673442533,43.7708067240296,43.7906124521535,43.8066409389514,43.8193231663421,43.8291777047608,43.8367120858854,43.8423764113779,43.8465447344325,43.8495100063872,43.8514854846188,43.8526096040183,43.8529531389599,43.8525278056859,43.851294979935,43.849172533829,43.8460374249395,43.8417219808351,43.8360030878685,43.8285859167757,43.8190876076043,43.8070317809106,43.7918721726105,43.7730730842723,43.7502841406105,43.7236514394811,43.6942928555016,43.6649063540382,43.6403424443317,43.6277393783765,43.6355656141874,43.6709032505364,43.7349972884952,43.8187572212342,43.9017401208245,43.9578988296442,43.9671881116276,43.9262728237464,43.8504029378954,43.7649406792601,43.6930591071868,43.6476668347005,43.6305116484843,43.6360356227164,43.6560959951776,43.6832154538669,43.7119618656596,43.7390468064671,43.7628523734543,43.782853466933,43.7991441284414,43.8121156898272,43.8222639966881,43.8300852726149,43.8360251548581,43.8404564825441,43.8436715460785,43.8458816490353,43.8472209828927,43.8477536249921,43.8474827187209,43.8463603157939,43.844295599981,43.8411588083306,43.8367785314012,43.8309314877177,43.8233265081797,43.8135884846285,43.8012536363169,43.7857948512637,43.7667049150715,43.7436744458017,43.7169045792482,43.6875782458402,43.6584532506578,43.6344031027339,43.6225056988123,43.6310432452886,43.6667914771221,43.7306779832687,43.8135019609044,43.8951235277699,43.9501804885456,43.959313618593,43.9193798889151,43.8451610392215,43.7612201985982,43.6901142632223,43.6445950286347,43.6266394802744,43.631064633133,43.6500495824762,43.6763055379647,43.7044651337651,43.7312254480186,43.7549177209162,43.7749580036968,43.7913878483019,43.8045575309263,43.8149334539601,43.8229920990614,43.8291665184466,43.8338215946949,43.8372440500586,43.8396401921226,43.8411384877544,43.8417958328075,43.8416065772806,43.8405127122499,43.8384127967595,43.835166771268,43.8305942105514,43.8244651099746,43.8164851500391,43.8062816649563,43.7934023853188,43.7773465268182,43.7576565756485,43.7341070831944,43.7070276124713,43.6777764285708,43.6493147744491,43.626689310909,43.6170091081716,43.6282957829398,43.6666628117615,43.732051078061,43.8143407990622,43.8931584650441,43.9440089704874,43.9492178370899,43.9071872110861,43.8331976261696,43.7511449854225,43.6823936422058,43.6387292048219,43.6217303126493,43.6262941352857,43.6448990704707,43.6705629918473,43.6981348695793,43.7244257994989,43.7478046260599,43.7676803085826,43.78406690359,43.7972816142708,43.8077597460269,43.8159517004478,43.8222700582173,43.8270642303312,43.8306093313938,43.8331026110513,43.8346647306453,43.835344880656,43.8351288929081,43.8339488229223,43.8316916309264,43.8282041590637,43.8232920498531,43.8167118971375,43.8081589582906,43.7972573032072,43.7835654164992,43.7666179481978,43.74603279399,43.7217191955918,43.6942196506283,43.6651905837241,43.6379490520662,43.6178604652709,43.6121264137663,43.6283703567823,43.6716028858649,43.7400441360897,43.8218596840165,43.89602115037,43.9392443699846,43.9366364283695,43.8894718546494,43.8143982111274,43.7347018738316,43.6699697474516,43.6302378205244,43.6160746474576,43.6221537638654,43.6412078604585,43.6666593801756,43.6937149166282,43.719427583398,43.7422978719166,43.7617873742098,43.777915551956,43.7909811647942,43.8013917677873,43.8095687269448,43.8158982378011,43.8207075692567,43.8242542205063,43.8267218701909,43.8282206792764,43.8287911089748,43.8284105600716,43.8270014952072,43.8244389106923,43.8205546525954,43.8151365922409,43.8079224313433,43.7985911206849,43.786759686158,43.7719997072785,43.7538955333578,43.7321743013275,43.706942094969,43.6790520180807,43.6505911893194,43.6253801056664,43.6092124597616,43.6093599880558,43.6327806161356,43.6828099776392,43.7551762177753,43.8356915968408,43.9025994650402,43.9345306087222,43.9205879188447,43.8660220449332,43.7893209579829,43.7129263476676,43.6540060992987,43.6201805032005,43.6105513766253,43.6193684986677,43.6396103356731,43.6651948320599,43.6918047902347,43.7168417990624,43.7390177701945,43.757899718187,43.7735437467225,43.7862462219316,43.7963931415952,43.8043770567995,43.8105546981382,43.8152266365352,43.8186279829968,43.8209247002843,43.8222134104538,43.8225240266948,43.8218246791058,43.8200278449406,43.8169959252429,43.8125442740124,43.8064403438635,43.7983995227258,43.7880816583163,43.7750973616316,43.7590399293249,43.739566577239,43.7165596116436,43.6903988165404,43.6623592709347,43.6350946669771,43.6130523359636,43.6024891366305,43.6105842378533,43.643177121866,43.7012127282004,43.7771993498763,43.8542953367411,43.9104936005406,43.9274950740334,43.8996305987966,43.8367776598471,43.7591282273879,43.6876533481886,43.6364262316161,43.6101893989744,43.6063694333958,43.6187636221196,43.6406594342469,43.6665636606413,43.6927252959372,43.7169671612642,43.7382653507978,43.7563275090216,43.7712681554253,43.7833935911147,43.7930742923346,43.8006759755348,43.8065253440985,43.8108941991463,43.8139924256638,43.8159652242822,43.8168928228484,43.8167921482976,43.8156200734975,43.8132774133994,43.8096123630732,43.8044220478147,43.7974517359306,43.7883934180072,43.7768891692969,43.762550144635,43.7450090509558,43.7240314652438,43.6997162510935,43.6728101306951,43.6451320014601,43.620028092006,43.6026425772711,43.5996089889321,43.6176586562885,43.6608514538257,43.7269396186151,43.8046897086771,43.8748527219626,43.9163119681894,43.9153441962895,43.8724943939626,43.8022258066843,43.7256177709347,43.6612346135672,43.6194678371767,43.6020092221986,43.6046843596348,43.6209855097028,43.6446389563909,43.6708298726404,43.696429445632,43.7197160245902,43.7399512556443,43.7569970652429,43.77103525188,43.7823878127228,43.7914133571479,43.7984528922471,43.8038040120927,43.8077096472166,43.8103534819461,43.8118582593682,43.8122855730079,43.8116367655156,43.8098546734041,43.8068256506175,43.8023810497128,43.796297597295,43.7882972954202,43.7780499891889,43.7651858587387,43.749330923251,43.7301857452008,43.7076740752879,43.6821893745126,43.6549528778353,43.6284501147945,43.606813476839,43.595861975719,43.6023500329697,43.6319839926121,43.6862139959899,43.7588614017461,43.8348656507496,43.8935314167513,43.916365875759,43.8957528249773,43.8388289813014,43.7637696176092,43.6911765002656,43.6362026309285,43.6052326470579,43.5970729099166,43.6062735471364,43.6262940704492,43.6514580009974,43.6776961138199,43.7025186752001,43.7246563778947,43.7436488847358,43.7595064768966,43.7724751296927,43.782891758799,43.7911037866505,43.7974288631427,43.8021368815218,43.8054429093142,43.8075047222802,43.8084220053821,43.8082361832065,43.8069306346408,43.8044311470173,43.8006063005026,43.7952674755116,43.7881687716833,43.7790087291729,43.7674387283784,43.7530875825512,43.7356180708382,43.714838036243,43.6908931707405,43.6645636778469,43.6376594100682,43.6134387856199,43.5968506408819,43.5942333197958,43.612005058606,43.6540693733406,43.7183931529836,43.794424409243,43.8638502586598,43.9062147119219,43.9076593877134,43.8677550060292,43.7997057038871,43.7237747275605,43.6585018233408,43.614861853269,43.5952997388591,43.5962138471838,43.6113654197458,43.6344958308721,43.6606640781133,43.6865727286784,43.7103477562859,43.7311374324646,43.7487299666428,43.7632640776303,43.7750385227881,43.7843998185952,43.7916826724909,43.7971819128449,43.8011411258283,43.8037489434805,43.8051381398142,43.8053853820602,43.8045109391486,43.8024782324612,43.7991932049772,43.7945034732522,43.7881975116069,43.7800051077055,43.7696024303422,43.7566286281871,43.7407261163036,43.7216232314227,43.6992839663227,43.6741502751557,43.6474880787043,43.6218022153843,43.6011893509512,43.5913482876726,43.5988183609408,43.6290318499999,43.6832067141635,43.7551169201153,43.8299369659367,43.8874297869493,43.9095468770317,43.8888372122043,43.8322483460798,43.7575885484385,43.6851768315869,43.6301052035179,43.5988768436567,43.5904691122204,43.5995545661314,43.6196333540184,43.6450046950423,43.67154365088,43.696701402581,43.719161605968,43.7384334368361,43.7545112266958,43.7676349528488,43.7781408957442,43.7863779162284,43.7926655778603,43.797276060101,43.8004279530495,43.8022849610055,43.8029559592959,43.8024949300002,43.8009003725712,43.7981141951162,43.7940201953955,43.7884424016365,43.7811441446948,43.7718301775747,43.7601568503039,43.745759614097,43.7283129751479,43.7076445400593,43.6839289767288,43.6579824914041,43.6316506126563,43.6082129351723,43.5926036333584,43.5910854006064,43.6099211313634,43.6527853320162,43.7173924808235,43.7930114316256,43.8613302624521,43.9021212357477,43.9019151146122,43.860675524545,43.7918521125202,43.715750145741,43.6507953163352,43.6077838626962,43.588991700476,43.5906918586777,43.6065669514466,43.6303160104046,43.6569799772385,43.6832585652055,43.7072841675953,43.7282169032967,43.7458595210157,43.7603658435003,43.7720486693098,43.781266454583,43.7883634025835,43.7936417559181,43.7973513583268,43.7996871525905,43.8007894208604,43.8007442807238,43.7995835116002,43.797283539549,43.7937636901098,43.7888839649196,43.782442960735,43.7741775091383,43.7637675793299,43.7508533529704,43.7350763949806,43.7161632123538,43.6940755098039,43.6692524099894,43.6429558864473,43.61768512538,43.597529296121,43.5881777429185,43.5961557905114,43.6268675098961,43.6814690511171,43.7536182478484,43.828323842877,43.8851950360024,43.9061545406504,43.8839383745374,43.8258701862353,43.7501651219884,43.6773941951437,43.6226602212048,43.592283278681,43.5849805354083,43.5951908283614,43.6162576089684,43.642403555091,43.6694866315036,43.6949756142758,43.7175872216366,43.736867319394,43.7528445062673,43.765788129499,43.7760583731087,43.7840229120775,43.7900158994242,43.7943210185104,43.7971665440848,43.7987252769064,43.7991156120587,43.7984020961391,43.796594959679,43.7936486147061,43.7894593069899,43.7838623359032,43.7766298536737,43.7674716191136,43.756043627899,43.7419736517375,43.724918500841,43.7046745335163,43.6813677753839,43.6557461317573,43.6295704133351,43.6060338274255,43.5900146665188,43.5877994099988,43.6058032727901,43.6479886076549,43.7124064280469,43.7885196882575,43.8578679165048,43.8997077298897,43.8999492673997,43.8582353007299,43.7882142688319,43.7107601304073,43.6448689995558,43.6016253381232,43.5832658093241,43.585825610946,43.6027107011626,43.6274054770706,43.6548282765239,43.6816347024859,43.7059637437811,43.7270076772874,43.7446099830319,43.7589644244336,43.770418817679,43.7793605796886,43.7861571836751,43.7911294772104,43.7945425045262,43.7966042790652,43.7974671714947,43.7972293132531,43.7959349978038,43.7935738447993,43.7900788056726,43.7853232488653,43.7791176960106,43.7712076474831,43.7612757434944,43.7489546885543,43.7338622676059,43.7156763117195,43.6942742901724,43.6699651518337,43.6438307625146,43.6181542218911,43.5968211586355,43.5854276991795,43.5906571755991,43.6184508655239,43.6708751262692,43.7425952641471,43.8191805204208,43.8798297306913,43.9050584192169,43.8858866038017,43.8285953213969,43.751544789748,43.6763390514253,43.6192582098132,43.5873650429501,43.5795484168714,43.5900305690892,43.6118042799752,43.6387811586,43.6666148974504,43.692674175475,43.7156496498765,43.7351034088973,43.7510991612004,43.7639461870644,43.7740423661247,43.7817880999324,43.7875448954919,43.791619109108,43.7942581207719,43.7956514618465,43.7959329829452,43.795182319679,43.793425073378,43.7906316280573,43.7867146967559,43.7815258437592,43.7748516969295,43.7664117223149,43.7558617111871,43.7428109755362,43.7268669586405,43.7077282085556,43.6853533936597,43.6602345514797,43.633785002607,43.6087964552075,43.5898036922136,43.5830187195824,43.5953340169508,43.631957493694,43.6928446061596,43.769349554421,43.8437683002546,43.8940969296473,43.9032182426529,43.8675192709685,43.7989463820091,43.7188932901869,43.6483276420656,43.6004141878449,43.5786729031091,43.5794775383487,43.5959518097897,43.6210758490202,43.6493040151877,43.6769710577257,43.7020401152625,43.7236342988289,43.7415922823399,43.7561351935996,43.7676502432571,43.7765654885134,43.7832854902751,43.7881631862312,43.7914909337968,43.7935002164455,43.794364193433,43.7942002651217,43.7930715267436,43.7909867966675,43.787899185441,43.7837032390526,43.7782308600265,43.7712468252452,43.7624461737844,43.7514584866303,43.7378685867582,43.7212696995848,43.701373042665,43.6782043962881,43.6524161565851,43.6257179461232,43.6013570971074,43.5844402439029,43.5816905196133,43.6000908469968,43.6440376986784,43.7114546999967,43.7907692163656,43.8617384662407,43.9019953058597,43.8971934716719,43.8485935319627,43.7725321341241,43.6920949272318,43.6269406506668,43.5873106059828,43.5738948080041,43.5813043111385,43.6020644038528,43.6293428227531,43.6581261308966,43.6853208726464,43.7093562392853,43.7296795804726,43.7463294573428,43.7596365097882,43.7700393461667,43.7779836052652,43.7838735681925,43.7880534099823,43.7908031652243,43.7923406853874,43.7928250448437,43.7923593675258,43.7909923599807,43.7887183650363,43.7854758481211,43.7811442167103,43.775539073024,43.7684067622879,43.759420813744,43.7481860579785,43.7342613247476,43.7172188930003,43.696767481069,43.6729721361567,43.6466002104551,43.6195905070453,43.5955568623069,43.5800760389098,43.5802954997313,43.6032707966405,43.6527181362397,43.7248882503517,43.8058746243847,43.8735590744352,43.905586901682,43.8900989554736,43.8322427472402,43.7515087744969,43.6718491710902,43.6115586683272,43.5785192443921,43.5713460358175,43.5834768056372,43.6071329010476,43.6357168751194,43.6646571554468,43.6912981838368,43.7144117914794,43.7336770984818,43.7492721971234,43.7616023151906,43.7711398857163,43.7783411284812,43.783608798091,43.7872797533978,43.7896241021636,43.7908485613742,43.791100438919,43.7904707721689,43.7889961561096,43.7866590854016,43.7833865814296,43.7790468033875,43.7734435769116,43.7663096709654,43.757301632681,43.7460025465112,43.7319447225133,43.7146722475032,43.6938726353771,43.6696136696592,43.6427161982911,43.6152569666053,43.591099228459,43.5761702474481,43.5779739464501,43.6037097205627,43.6567177123009,43.7321430785362,43.8144471871734,43.8801487450333,43.9068415546178,43.8843590845172,43.8205121704855,43.7369137995155,43.6580386755207,43.6011940968117,43.572645028496,43.5696270169074,43.5848271943401,43.6102996252009,43.6396297235969,43.6685557363391,43.6947210902253,43.7171284569495,43.7356118290036,43.7504421000058,43.7620741044725,43.7710029935105,43.7776923967091,43.7825443509781,43.7858908057523,43.7879946734822,43.7890540483898,43.7892066717606,43.7885335501898,43.787061371111,43.7847634524536,43.7815587834419,43.777308596085,43.7718101795943,43.7647886662134,43.7558896922872,43.7446796725969,43.7306664419339,43.7133614522022,43.6924146447346,43.6678605717666,43.6405090307761,43.6124749789614,43.5877403397858,43.5724498790138,43.5743966812976,43.6010292162432,43.6556936145062,43.7330925091197,43.8167932889945,43.8823534309462,43.9069960439854,43.8812014909019,43.8141685301402,43.7288013967423,43.6500596439729,43.5948547996838,43.5686168157988,43.5678087917521,43.5846667032062,43.6111191286085,43.6408334789918,43.6697129749078,43.6955677799994,43.7175328637092,43.7355330576136,43.749895188077,43.7611053045977,43.7696741348469,43.7760717012493,43.7807011544356,43.7838923078179,43.7859036171004,43.7869268801851,43.7870921797407,43.7864721897583,43.7850854925545,43.7828984755854,43.7798250918207,43.7757236199862,43.7703898794693,43.7635474801351,43.7548380157157,43.7438181253883,43.7299765808219,43.7127932876449,43.6918724908681,43.6671906701798,43.6394952897536,43.6108528279766,43.5852414145474,43.5688874784816,43.5697860112076,43.5957013769898,43.650318056376,43.7285122448299,43.8136631366845,43.8807543887292,43.9063258167607,43.8805015271258,43.8126828481977,43.7263467036442,43.6469774521302,43.5916842611956,43.5657805063708,43.565479796753,43.5828011560762,43.6095576094214,43.6393935506793,43.668243215763,43.6939665155046,43.7157458412294,43.7335427953259,43.7477095693871,43.7587485354202,43.7671805148489,43.7734814932913,43.7780575996651,43.7812390636707,43.7832822901315,43.7843747045784,43.7846401526087,43.7841440658786,43.782897956346,43.7808625761893,43.7779487069285,43.774014380958,43.7688577183146,43.762205801145,43.7537024682923,43.7429020399136,43.7292822902311,43.7122987964548,43.6915134078919,43.6668383904041,43.638934853004,43.6097686788165,43.5832268357464,43.5655014878958,43.5646817306777,43.5888266350325,43.6421284076443,43.7200551457972,43.8063672944894,43.8758943569379,43.9044109262933,43.88101057814,43.8143664837047,43.7278734226365,43.6474656646723,43.590851769005,43.5637804968793,43.5626458331089,43.5794607187856,43.6059517177958,43.6356698979565,43.6644799830627,43.6901998662954,43.7119906823263,43.7298057131049,43.7439960557335,43.7550667420167,43.7635429584341,43.7699053750021,43.7745639903572,43.7778511208036,43.7800227842777,43.7812633080681,43.7816910673861,43.78136456967,43.7802882983237,43.7784173734978,43.7756596379808,43.7718736193728,43.7668612819265,43.7603558571938,43.7520076441995,43.7413748868763,43.7279331385618,43.7111252396652,43.6904845832,43.6658733992919,43.6378759067624,43.6083533203506,43.5810715931374,43.5621217314952,43.5595838259763,43.581702277494,43.6331317895966,43.7100417866559,43.7968757774692,43.8686976590784,43.9007458678074,43.8809397410833,43.8167446491823,43.7309500703646,43.6496751497984,43.5913013255404,43.5622887005114,43.5595012085285,43.5751361476067,43.6009075385596,43.6302653502977,43.6589585919986,43.6847092301598,43.7066109206661,43.7245747850203,43.7389286131492,43.7501668375501,43.7588118967091,43.7653458990728,43.7701816888543,43.7736537515215,43.7760181803425,43.7774565910101,43.7780819377323,43.7779453991996,43.7770435691141,43.7753247064352,43.7726922814712,43.7690039112354,43.7640643427892,43.7576126866168,43.7493068830772,43.7387127224232,43.7253110330039,43.7085451947073,43.6879413818587,43.6633427446558,43.6352970510084,43.6056057661964,43.5779496677521,43.5583203142861,43.5547227060643,43.5754268073022,43.6253118337958,43.7010235666797,43.7876321655283,43.8606672704854,43.8952901341325,43.8786686991784,43.8171723086559,43.7327424592587,43.6512946989345,43.5915996010732,43.5607529755002,43.5561695013736,43.5703636054397,43.5951469548023,43.6239306718934,43.6523686375674,43.6780821980577,43.7000819399579,43.7182192453471,43.7327832297217,43.7442458742857,43.7531184318175,43.7598788138912,43.7649391796129,43.7686341256952,43.7712186960583,43.7728711429101,43.7736984263138,43.7737435748978,43.7729939764237,43.7713890703959,43.7688253281191,43.7651562793572,43.760186023556,43.7536564009211,43.7452310069201,43.7344837590377,43.7209060794484,43.7039551438924,43.6831754454106,43.6584339466641,43.6303063660848,43.600619651358,43.5730629443499,43.5535967272562,43.5501344695263,43.5707970886198,43.6203151798756,43.6953090672695,43.7810740404741,43.8536096517957,43.8885509436972,43.8731810393577,43.81345718614,43.7306042463083,43.6499531097003,43.5901075109565,43.5583841362888,43.5525853065041,43.5655721556376,43.5893668984547,43.6174574171903,43.6454857973043,43.6710198762209,43.6930070195774,43.7112422104636,43.7259709589152,43.7376347277772,43.7467251674618,43.7537085598608,43.7589904590314,43.762901263656,43.7656921185422,43.767536204012,43.7685334803334,43.7687180116617,43.7680668349213,43.7665086398468,43.7639298779901,43.7601758065603,43.7550447618785,43.7482758968399,43.7395338878595,43.7283989036998,43.7143766483792,43.6969516016189,43.6757158402332,43.6506125098019,43.6223277293594,43.5928282562525,43.5659451276383,43.547720189413,43.5459888506806,43.5685331159272,43.6194671563334,43.6946987139511,43.779116965639,43.8490347699303,43.8811473234076,43.8639881943997,43.8041722768856,43.7226380654295,43.6438225747141,43.5854655413411,43.5544580567347,43.5486273931305,43.5611001856977,43.5841946442323,43.6116140530642,43.6391137823484,43.664296039503,43.6860963475922,43.7042776501027,43.7190491980896,43.7308199029528,43.7400554140286,43.7472026461574,43.752653201185,43.7567272401543,43.7596676590023,43.7616398916816,43.7627355648389,43.7629792022134,43.7623369385262,43.7607254340368,43.7580184948067,43.7540488123938,43.7486031270265,43.7414112504525,43.7321329299293,43.7203516369172,43.7055911432736,43.6873790575748,43.6653900860975,43.6397064186024,43.6112229050832,43.582180605544,43.5567056280703,43.5410424081352,43.5429444665939,43.5696082238374,43.6239694763325,43.7004352146663,43.7828017070272,43.8475687330706,43.8731863378633,43.8507094606685,43.7885917669431,43.707977777507,43.6321085078998,43.5771186100172,43.5487498576979,43.5444102436723,43.557350310504,43.5802405267622,43.6071357457466,43.6340430368569,43.6587058353183,43.680117364238,43.6980473521466,43.7126863205104,43.7244150098328,43.7336701706444,43.7408730508991,43.7463940565551,43.750536439759,43.7535296115149,43.7555278089041,43.7566125652465,43.7567983152562,43.7560401868161,43.7542422488025,43.7512638113503,43.7469213343024,43.7409844966456,43.733167295213,43.7231188584209,43.71042410427,43.6946314572821,43.6753331279164,43.6523310561442,43.6259231103586,43.597327437328,43.5692067976349,43.5461333602695,43.5346410106606,43.5423163504102,43.5754015350403,43.6349774717636,43.7131434779385,43.7920647904017,43.8485812553815,43.8638353622151,43.8327084280482,43.7664917020625,43.686791228202,43.615220173636,43.5655745254171,43.5417953445026,43.5404889978558,43.5549125326024,43.5781410231515,43.6047035183072,43.630986023136,43.6549750059314,43.675791125492,43.6932529475094,43.7075541390727,43.7190558997968,43.7281667127837,43.735278424647,43.7407345827332,43.7448155677126,43.7477321024838,43.7496233803388,43.7505585175533,43.7505408190005,43.749514063484,43.7473692884924,43.7439499678508,43.7390535456587,43.7324284309854,43.7237680751465,43.7127078556727,43.6988362881225,43.6817394523008,43.661105578415,43.6369226206535,43.6097981981567,43.5814041723626,43.5549751179951,43.5356500672066,43.5302527110746,43.5459651256794,43.5875227233897,43.6533635721979,43.7325751582359,43.8055332535229,43.8500798655301,43.8513010673477,43.8090875501028,43.7380963361364,43.6601681328706,43.5946361518601,43.5522880451705,43.5348097728496,43.5378029532752,43.5545113043143,43.5784909728162,43.6048520792664,43.6304595832132,43.6536210693822,43.6736387617543,43.6904140617693,43.7041629633919,43.7152362603436,43.7240168763631,43.730866079168,43.7360972470126,43.7399636794797,43.7426531840414,43.7442862581119,43.7449168289652,43.7445351840974,43.7430724740192,43.7404055629037,43.7363605841258,43.7307138201667,43.7231898853254,43.7134599722676,43.7011473600722,43.6858535403066,43.6672258310813,43.6450946626364,43.6197115282062,43.5921073960501,43.5645492659997,43.5409775630109,43.5271485673263,43.530027056716,43.5559335411131,43.6073355157424,43.6792058293138,43.75721758807,43.8204182083924,43.8489415656395,43.8332713411852,43.7790961919104,43.7042487882465,43.6300011847196,43.572582039226,43.539269140822,43.5293289419391,43.5373929457261,43.5567968614108,43.5816855776687,43.6078371469521,43.6326590615592,43.6548241699739,43.673845680076,43.6897265984004,43.7027165653831,43.7131621948973,43.7214236279122,43.727831992247,43.732669362613,43.7361598133746,43.7384655331633,43.7396854249254,43.7398553972512,43.7389500986245,43.7368856480932,43.7335224800851,43.7286672439919,43.7220732443383,43.7134405858877,43.7024203407226,43.688631907093,43.6717092304917,43.6513989050886,43.6277387533457,43.6013429653891,43.5737968531874,43.5481016687841,43.5289895245462,43.5227591444307,43.5361523950442,43.5739132778313,43.6353243954473,43.7112242490275,43.7840390761575,43.8327414252544,43.8415768788552,43.8077406527294,43.7427694105042,43.666647642153,43.5988197452387,43.5516097617019,43.5285867240151,43.526765050417,43.5400655976282,43.5621203523463,43.5877821438952,43.6135533896491,43.6374066853955,43.6583882276682,43.6762253981094,43.6910248097405,43.7030715875763,43.7127099012062,43.7202785487012,43.7260794527834,43.7303636566148,43.7333255324465,43.7351004149398,43.7357636805161,43.7353307067296,43.7337575663668,43.7309421803912,43.7267254252851,43.7208918164594,43.7131703075644,43.7032378603868,43.6907320888182,43.6752846255852,43.6565935793027,43.6345599933742,43.6095153740529,43.5825561062444,43.5559604009824,43.5335749788869,43.5209142807551,43.5245564792813,43.5503929798685,43.600646786207,43.6705108554905,43.7464656922934,43.8086811227664,43.838074444937,43.8249697570798,43.7739469104375,43.7014485959705,43.6278806708979,43.5694704443156,43.5341275025121,43.5219110836039,43.5280492896862,43.5461603836847,43.570412956519,43.59646438065,43.6215559144976,43.6442071430162,43.6638139663252,43.6802992791221,43.6938615823861,43.7048154407351,43.7135002943985,43.7202334368928,43.7252883616056,43.7288859862053,43.731191484956,43.7323131099924,43.7323015815368,43.7311496934967,43.7287920926304,43.7251051448703,43.7199068131591,43.7129569576547,43.7039598509126,43.6925733728382,43.6784336117872,43.6612094415558,43.6407082316448,43.6170584268917,43.5909908239491,43.5642157247364,43.5398298504362,43.5225697681063,43.5185714754791,43.5341895355851,43.57357979603,43.6354052194986,43.7101622192497,43.7805094844633,43.8262550041715,43.8327060241756,43.7977686145075,43.7329972724018,43.6578386681584,43.5910789936964,43.5446234586052,43.5219499832409,43.5201937169366,43.533450270387,43.55548182622,43.5812004169516,43.6071123178799,43.6311653692244,43.6523735445929,43.6704358448516,43.6854377601241,43.6976496092925,43.7074047507412,43.7150332814464,43.7208298309044,43.7250400044757,43.7278556945883,43.7294138004799,43.7297957701579,43.7290270347856,43.7270761753224,43.7238538975146,43.7192119613864,43.7129424996662,43.7047790686134,43.6944027144607,43.6814596822167,43.6656023365981,43.6465710570093,43.6243406000087,43.5993551425909,43.5728624971925,43.5473142788642,43.526707248884,43.5165986301439,43.523385354869,43.5524467994458,43.6051593074296,43.6757435101786,43.7500233240947,43.8083082720533,43.8326020003943,43.8148388336844,43.7609423297922,43.6878287965976,43.6154821730562,43.5592556450146,43.5262363397156,43.515981040637,43.5235446104184,43.5425813429092,43.5673788467628,43.5937171312826,43.6189315087846,43.6416032282034,43.6611648414142,43.6775596444074,43.690996760272,43.7017954390928,43.710295976164,43.7168140519602,43.7216203392067,43.7249330980337,43.7269163645714,43.7276798127334,43.7272785606051,43.7257123943394,43.7229244201591,43.7187993628153,43.71316195462,43.7057764750607,43.6963499051777,43.6845437558763,43.6700037344023,43.6524220122313,43.6316530032742,43.6079071978185,43.5820417027442,43.5559378435193,43.5328876207673,43.5177892157531,43.5167981956944,43.5359988351253,43.5788640011258,43.6429914539622,43.7177451289411,43.7851636185103,43.8254892994787,43.8255623686934,43.7852716616242,43.7176400789224,43.6424630644925,43.5778556198429,43.5346031658975,43.5151827462485,43.5161252258077,43.5313144615782,43.5545553490344,43.5809129914413,43.6070621163218,43.6310905489769,43.6521131173328,43.6698953334316,43.684563953004,43.6964136148326,43.7057911127808,43.7130331406468,43.7184368069812,43.7222480721442,43.7246586509068,43.7258059883209,43.7257736312861,43.7245909379567,43.7222319066818,43.718613282564,43.7135923339404,43.7069651241016,43.6984671089162,43.6877798718018,43.6745511494632,43.6584402123982,43.6392067546649,43.6168668357362,43.5919391412634,43.5657887646768,43.5410275879964,43.5218325539776,43.5138961047005,43.523586721403,43.5559391416509,43.6115659657491,43.6835963922607,43.7568339763106,43.8112510746056,43.8296389855999,43.8056797500375,43.7472031166595,43.6722763773094,43.6008811385517,43.5474927777457,43.5180500468909,43.5111842840523,43.5214398549377,43.5423272644739,43.5682137751878,43.5950495482243,43.6203468238628,43.6428328777722,43.6620467320487,43.6780034665142,43.6909580894556,43.7012580427454,43.7092603462002,43.7152902441585,43.719623723551,43.7224821334272,43.7240318362913,43.7243851044569,43.7236005384284,43.7216824411972,43.7185791488322,43.7141806017202,43.7083157587689,43.7007511543644,43.6911933609974,43.6793007602897,43.6647141874914,43.6471217087594,43.6263790462363,43.6027107674332,43.5770108586288,43.5512310660467,43.5287726202544,43.5146688246545,43.5151867945944,43.5363992704712,43.5815118790134,43.647511738206,43.722899009975,43.7889540873024,43.8257795538553,43.8210025719323,43.7759910365823,43.7052280309362,43.6292562894446,43.5660137120321,43.5254862495466,43.5092190389609,43.5130341615758,43.5304452894377,43.5551701243247,43.5823543546953,43.6088196618341,43.6328042436379,43.653548238225,43.6709105907688,43.6850831164518,43.6964038651529,43.7052479029953,43.7119701767809,43.7168796910593,43.7202304754399,43.7222202436644,43.7229916040989,43.7226332688546,43.7211802340415,43.7186126969136,43.7148538473944,43.7097669248005,43.7031523862078,43.6947470508651,43.6842290717851,43.6712359569016,43.6554078889028,43.6364749805683,43.6144130643554,43.589693194296,43.5636348210841,43.5388243898671,43.5194604191991,43.5113309658649,43.5209793628745,43.5536442873889,43.6100441357533,43.6831486883277,43.7572584937523,43.8116656315429,43.8287180243076,43.8022831714348,43.7410144432772,43.6640006118566,43.5918912190283,43.5392161797023,43.5114839394741,43.5067265786975,43.5189844646785,43.5414712449752,43.568452134374,43.595903811708,43.6214262064747,43.6438488922195,43.662803446383,43.6783790214485,43.6908859591642,43.7007115157232,43.7082409483423,43.7138196425645,43.7177383347938,43.7202297259355,43.7214695867578,43.7215787142238,43.7206240951836,43.7186187237994,43.7155200323119,43.7112271359171,43.705577365974,43.6983432039096,43.6892321130576,43.6778943284504,43.6639478186798,43.6470355373562,43.6269370319421,43.603761655916,43.5782469985306,43.5521600171102,43.5287293388888,43.5129075947551,43.5110877766327,43.5297818228488,43.572951082334,43.6384397899431,43.7152558871491,43.7843705838227,43.8246882091095,43.8223168038463,43.7776835272953,43.7054360617147,43.627137576315,43.5618729026532,43.5203073310067,43.5040621811048,43.5086437142859,43.5271438826631,43.5529401659086,43.580980849905,43.6080152966517,43.6322898241008,43.6530919810934,43.6703398987624,43.6842817702889,43.6953034238006,43.7038181462364,43.7102107309536,43.7148134850735,43.7178989951093,43.7196803263741,43.7203134939795,43.7198996899126,43.7184862602998,43.7160661684546,43.7125759784322,43.7078925531748,43.7018289919112,43.6941311824393,43.6844781236231,43.6724923398245,43.6577716671473,43.6399604594982,43.6188856598597,43.5947872199674,43.5686637199022,43.5427157030364,43.5207782127483,43.5084767385327,43.5126548826276,43.5395617116888,43.5916463815619,43.6638410295465,43.7416257516589,43.8036579733691,43.8296882583044,43.8102296175147,43.7516786941847,43.6730532829237,43.5967090050333,43.5393469824671,43.5080036609899,43.5012522917193,43.5129409491189,43.5357818495898,43.5635430840373,43.5918469604884,43.6180971950465,43.6410468497262,43.6603234942653,43.676047893589,43.688574515405,43.6983351124538,43.7057546556851,43.7112121181147,43.7150261342078,43.7174527238811,43.7186876665611,43.7188696900843,43.7180827734438,43.7163569742275,43.7136676530225,43.7099331011167,43.7050106894098,43.6986920662548,43.6906990073469,43.6806836968827,43.668240981055,43.652945879698,43.6344372475013,43.6125762808343,43.5877114081416,43.5610674210679,43.5352262608391,43.514554592277,43.5052509954331,43.5144950147646,43.5481850068963,43.6072921976043,43.6841328952944,43.761307544959,43.8160200823569,43.8294742408442,43.7963917394983,43.7280221295605,43.6462810013676,43.5733227033232,43.523381700864,43.5004959767813,43.5010285641436,43.517814837659,43.5435062670139,43.5723130337304,43.6004365800081,43.6257944048941,43.647516917587,43.6654747110802,43.6799276955103,43.6912996576679,43.7000494630996,43.7066060675974,43.7113410350288,43.7145606653287,43.7165068574021,43.7173607647833,43.717246391419,43.7162329904341,43.714335915736,43.7115158094751,43.7076760126611,43.7026581720775,43.6962365143391,43.688112549882,43.6779145133379,43.6652101525245,43.6495479440363,43.630550210384,43.6080898813716,43.5825846096962,43.5554240732287,43.5294854556486,43.509561287853,43.5023196693158,43.5152227939402,43.5538931074785,43.6181155375197,43.6981385724791,43.7743805402112,43.8231245016244,43.8269831240358,43.7840749788186,43.7092282777458,43.62618755772,43.5565698811968,43.5125579453387,43.4959677572502,43.5016601985992,43.5218766332084,43.5493351570718,43.5786287183746,43.6064021035774,43.6309465479312,43.6516580914914,43.668573859807,43.6820465318372,43.6925444466808,43.7005425793417,43.7064707423711,43.710693927401,43.7135085565119,43.7151452423747,43.7157732074649,43.7155042120174,43.7143952179138,43.7124495350009,43.7096162401168,43.7057875597211,43.7007939819984,43.6943974499957,43.6862844731214,43.6760638498584,43.6632784496863,43.647447568175,43.6281654700872,43.6052905670898,43.579261370618,43.5515548802933,43.5252349198171,43.5053930293048,43.4990619878527,43.513980706448,43.5556906243802,43.6232593391285,43.7055585706157,43.7814806759541,43.8266030453232,43.8244241221798,43.7753143762382,43.6964702610284,43.6128087047543,43.5455398166027,43.5054664035445,43.4929540068613,43.5019126776055,43.5242327279939,43.5527043212626,43.5821868256024,43.6096214340307,43.6335447266784,43.6535250160443,43.6697063860412,43.6825006130525,43.6924042527024,43.6999024647605,43.7054255664539,43.7093341434864,43.7119176811242,43.7133983662221,43.7139359853732,43.7136322465476,43.7125339575898,43.7106347906308,43.7078752458699,43.704140246691,43.6992538756403,43.6929714338575,43.6849706593529,43.674847038187,43.6621232239065,43.6462900765612,43.6269064828343,43.6037945560957,43.5773688574048,43.5491170329763,43.5221775524294,43.5018067664088,43.4952909560682,43.5106453160895,43.5535538695237,43.6228833912005,43.7068479048503,43.7834155134287,43.8275099253551,43.8227988150532,43.7706898535621,43.6896763297342,43.6054554322679,43.5391759420793,43.5009914966843,43.490511537985,43.5011200692425,43.5244948889992,43.5534473459009,43.5829716810065,43.6101667145843,43.6337024436806,43.6532422486772,43.6689900623618,43.6813914348252,43.6909598109444,43.6981873029211,43.7035056248066,43.7072735309114,43.7097764641731,43.7112307564087,43.7117888230782,43.7115439801951,43.7105343981029,43.7087458123043,43.7061123601969,43.702514668995,43.6977744170093,43.6916453577833,43.6838025997642,43.673835216349,43.6612525463128,43.6455222796399,43.6261684023339,43.6029670086302,43.5762807253174,43.5475519064186,43.5199028005323,43.4986343728098,43.49117044741,43.505765707064,43.5483960175222,43.6181414529601,43.7031779501284,43.78109818787,43.8262537638233,43.8218838317721,43.7693925436741,43.6876597186349,43.602849673515,43.5363663407781,43.4983402587321,43.4882004306564,43.4991441559149,43.5227373942045,43.5517611758054,43.58123165286,43.6082897699372,43.6316471220852,43.6509993205028,43.6665719674776,43.6788239120111,43.688276356338,43.6954257959072,43.7007061162242,43.7044763584457,43.7070202426943,43.7085501997875,43.7092126741265,43.7090934910562,43.7082227893312,43.706578958318,43.7040906503633,43.7006356517526,43.6960355331265,43.6900458808908,43.6823438695816,43.6725183723473,43.6600732099499,43.6444619479077,43.6251827125659,43.601971659938,43.5751370603126,43.5460565389175,43.5177896764522,43.4956026344289,43.4869538732389,43.5002511661875,43.5417690304412,43.6109870929936,43.6964276986449,43.7757535542751,43.8229685358555,43.82065066692,43.7695641107019,43.6882931136177,43.6031225832003,43.5358138552822,43.4968546784997,43.4858982816037,43.4962247990016,43.5193939626763,43.5481453090297,43.5774504100847,43.6044149726887,43.6277263617054,43.6470648756238,43.66264726189,43.6749280977489,43.6844275081918,43.69164288386,43.6970097312175,43.7008881794356,43.7035613992287,43.7052389103428,43.7060617294774,43.706108227854,43.7054001210482,43.7039078011958,43.70155374619,43.6982124251267,43.6937053196941,43.6877907042214,43.6801499693784,43.6703758805868,43.6579736595569,43.6423935658934,43.6231235905901,43.599880897223,43.5729440343995,43.5436491137988,43.5150043085902,43.4922239029082,43.4827375941122,43.4949897436199,43.5354094698413,43.6037777365989,43.6890113117068,43.7690865766658,43.8180070484634,43.817920311774,43.7688838831859,43.6888574894181,43.6038815076284,43.5358867808553,43.4957549701608,43.4835305560198,43.4927532849131,43.5150941658634,43.5432989647964,43.5722929279145,43.5991206163626,43.6224133448502,43.6418078683254,43.6574906967211,43.6698975435777,43.6795383077139,43.6869060020737,43.692435005662,43.6964852797613,43.6993389399528,43.701202323135,43.7022106340463,43.7024340772853,43.7018847947847,43.7005235739741,43.6982647168899,43.6949771262533,43.6904799455936,43.6845322856492,43.6768189379994,43.6669378016243,43.6544003797746,43.6386644651284,43.6192278089871,43.5958210643494,43.5687408849908,43.5393443171768,43.5106562382074,43.4878894798359,43.478436246302,43.4906577558856,43.5308756175046,43.5988103751809,43.6834683955647,43.7631150295731,43.8121316786019,43.8128711569738,43.7652099505131,43.6865972540886,43.6025391095013,43.5347018206349,43.4940416085265,43.480882769366,43.4890693832733,43.5104894901062,43.5379936465847,43.5665253847944,43.5930991913089,43.6162984021001,43.6357120041555,43.651487186133,43.6640309934754,43.6738344433569,43.6813792646719,43.6870935494444,43.6913334326897,43.6943774880936,43.6964271979779,43.6976107322997,43.6979889918202,43.6975631540065,43.6962824745446,43.6940504315284,43.6907269526192,43.6861248360178,43.6799998627952,43.6720367323335,43.661837060363,43.6489215274967,43.6327660607888,43.612901290245,43.5891130870139,43.5617826842578,43.5323819646108,43.5040660294365,43.4821504851839,43.474025211588,43.4878478413842,43.5294813410218,43.5980220632697,43.6819846215402,43.7596735383565,43.8062165185894,43.8050876948241,43.7569653969404,43.6792903431057,43.5968703469508,43.530529748794,43.4907079470254,43.4776517036704,43.4854124166468,43.506161964031,43.5329792267465,43.5609400291041,43.5871087339969,43.6100665563491,43.6293754911766,43.6451487290671,43.657761768232,43.6676802817294,43.6753673202323,43.6812377718575,43.6856381867576,43.6888392440382,43.6910345827763,43.6923434507747,43.6928162238998,43.6924420137341,43.6911569888149,43.6888513002014,43.685372155648,43.6805210510268,43.674044750964,43.6656225319145,43.6548566456766,43.6412791146298,43.6243958795506,43.6037983027234,43.5793791743137,43.551687748725,43.5224293091251,43.4950326126867,43.4750468748144,43.4699012941018,43.4873933064589,43.5324810878249,43.6029296446672,43.6860400932332,43.7598460243006,43.8006636607237,43.7941971571099,43.7431388734301,43.6655909754506,43.5855466582151,43.5223418589452,43.485174545963,43.4737230340878,43.4820574203602,43.5026608097381,43.528964685777,43.5563132801387,43.5819289000973,43.6044618089127,43.6234869061931,43.6391014263488,43.6516538957333,43.6615818098759,43.6693232434777,43.6752725575906,43.6797598322549,43.6830422279115,43.6853015319852,43.6866456415393,43.6871131852857,43.6866805559987,43.6852699698263,43.6827564120973,43.6789710157879,43.6736989906508,43.6666720022407,43.6575581149445,43.6459572269364,43.6314164423559,43.6134878800267,43.5918598418675,43.5665972193345,43.5385191195076,43.5097028212294,43.4840071668312,43.4673362847655,43.4671492748143,43.4906245706962,43.5412378538799,43.6146220014958,43.6961739659709,43.7635318886817,43.7948922689347,43.7794499954571,43.723092490997,43.6451062767024,43.5684225022999,43.510193141172,43.4776595171538,43.469459539906,43.4794978512501,43.5005888090972,43.5266322322865,43.5533735587744,43.5783036527841,43.6002191574858,43.6187550401313,43.6340173003657,43.6463373624933,43.6561254282923,43.6637905677155,43.6697003828378,43.6741618333784,43.6774126448652,43.6796182331732,43.680872244256,43.6812000884821,43.6805648491542,43.6788742903266,43.6759869809783,43.6717153326492,43.6658240659338,43.6580246197194,43.647969538187,43.6352560719173,43.61945511831,43.6001897212858,43.5772947400417,43.5510907234338,43.5227890046257,43.4949916567481,43.4721350744816,43.4605434542126,43.4675731209237,43.4993448500656,43.557110186329,43.6335540914444,43.7117244484993,43.7691969457689,43.7871499693503,43.7595997138827,43.6964913488303,43.6183614654938,43.5465364217131,43.4952592891076,43.4692384312526,43.4657603056727,43.4784811521969,43.5006005171782,43.526595347931,43.5527242307143,43.5768378483255,43.5979439496233,43.6157786897785,43.6304800972193,43.6423734895238,43.6518448954901,43.6592727692415,43.6649937925572,43.669286622749,43.6723644291557,43.674371917224,43.6753852982609,43.6754147506979,43.6744088815596,43.6722601091878,43.6688093131245,43.6638480540349,43.657117602582,43.6483062882192,43.6370505496438,43.6229506770009,43.6056194282693,43.5847894979617,43.560511173799,43.5334671522064,43.5054032511888,43.479600455681,43.4611768506288,43.4568236625604,43.4734575772394,43.5154614193945,43.5809805016689,43.6590832486704,43.7305374639874,43.7738715535559,43.7747683316764,43.7332368597672,43.6635121310385,43.5867839943448,43.5219058695494,43.4795461689253,43.4615616307921,43.463831034309,43.4798342924016,43.5032640682256,43.5292751186077,43.5547189449849,43.5778639710411,43.5979685095367,43.6148951851406,43.6288290861181,43.6400973453116,43.6490649498364,43.6560797201216,43.6614454178876,43.6654092836026,43.6681563736212,43.6698071944353,43.6704174358252,43.6699794870233,43.6684253712623,43.665630271609,43.6614154597563,43.6555496668736,43.647749187632,43.6376796509837,43.6249666917935,43.6092287835105,43.5901527846144,43.5676395149365,43.5420481925568,43.5145548539444,43.4875940166106,43.4652544440632,43.4533432529814,43.4586696495009,43.4870966146214,43.5403427654933,43.6125600214698,43.6889549399549,43.7488764317433,43.7735641634906,43.7548986474462,43.6994984660186,43.6252288398474,43.5526727525954,43.4971801154128,43.4654047656514,43.4563814301889,43.46480227189,43.4841888004975,43.5088735843867,43.5347698896682,43.5593617018102,43.5813540859665,43.6002656625805,43.6160913044198,43.6290669609456,43.6395240796973,43.647808028222,43.6542364384637,43.6590797087516,43.6625524445633,43.6648097415578,43.665945592708,43.6659925391619,43.6649223642359,43.6626475929131,43.6590232683953,43.6538484002279,43.6468670700354,43.6377708637082,43.6262074359201,43.6118048342713,43.5942275953114,43.5732875452646,43.549136596321,43.5225635342517,43.4953886781256,43.4708806144137,43.4539934789669,43.4510605768248,43.4684841320797,43.510154434316,43.5740618349671,43.649755064514,43.7191052403293,43.7618518628273,43.7642078501156,43.7255884889552,43.6588503562397,43.5838830579362,43.5190018761268,43.4751737002805,43.4549984386855,43.455087601727,43.4693888041988,43.4917653254224,43.5173339633981,43.5428089632294,43.5663019793286,43.5869362576054,43.6044735789714,43.6190294504062,43.6308842684039,43.6403709875479,43.6478146174241,43.6535027934866,43.6576729142921,43.6605070068466,43.6621296700447,43.6626071068447,43.6619466542745,43.6600967213202,43.6569470473485,43.6523291158389,43.6460168290894,43.6377285986416,43.627134242212,43.6138738353015,43.5976010504469,43.5780700092911,43.5552902572991,43.5297740818118,43.5028838646437,43.4772382896327,43.4570376677666,43.4480213335855,43.4566344433147,43.4880244879342,43.5429591425008,43.6147634799576,43.6884472622401,43.7441172394114,43.7645074768175,43.7429722419628,43.6868009527679,43.613509580275,43.5427424389744,43.4889557273664,43.4583293535601,43.4498497205894,43.4583945568847,43.4777133919849,43.5023061343053,43.5281708590138,43.5528134339867,43.5749263188499,43.5940027497721,43.6100112182093,43.6231645279839,43.6337744523293,43.6421691992238,43.648651195116,43.6534779438323,43.6568545347504,43.6589311211538,43.6598020027903,43.6595049629823,43.6580205293106,43.6552711937112,43.6511207090613,43.6453737608949,43.6377769995092,43.6280240228954,43.6157698111208,43.6006645787457,43.5824228593874,43.560949608464,43.5365476117032,43.5102217128205,43.4840617116058,43.4616097115819,43.4479901829137,43.4494331998017,43.4717721769889,43.5177697308604,43.5839161108805,43.6584645048984,43.7229898884327,43.7584243843446,43.7533174872751,43.7094370758935,43.64085774471,43.5671853888856,43.5054699737479,43.4652752610604,43.4482369725415,43.4505713617749,43.4662421237787,43.4893179547055,43.5151500017353,43.5406400614052,43.5640237429737,43.5844951865083,43.6018511173871,43.6162204269379,43.627884807409,43.6371718788121,43.6443977713202,43.6498397367181,43.6537250026976,43.656227206606,43.6574655827769,43.657504612254,43.6563533159835,43.6539640918028,43.6502312894832,43.6449899310372,43.6380154842653,43.6290267805705,43.6176964347975,43.6036768107446,43.5866547426724,43.5664541612,43.5432099962954,43.5176333289002,43.491365533767,43.4673616517398,43.4501361192707,43.4455583907859,43.4597816047235,43.4970092331325,43.5563844777573,43.6293324973532,43.6995701669649,43.7474818117641,43.7579465068942,43.7274872342759,43.6660263991661,43.5919934229512,43.5241703120729,43.4752337395258,43.4496608053262,43.4453666573533,43.4568391491206,43.4778976359115,43.503315393597,43.5293916066881,43.5538782037165,43.5756386754544,43.5942721689438,43.609806311242,43.622482955705,43.6326248885836,43.6405610249184,43.6465889301461,43.6509586753069,43.6538674128086,43.655458357647,43.6558208576197,43.654990112178,43.6529461394657,43.6496121005417,43.6448523829362,43.638471257185,43.6302138159855,43.6197726802969,43.6068069891756,43.590984701138,43.5720649192419,43.5500421884066,43.5253751517026,43.499308606163,43.4742561454932,43.4541234458198,43.4443172157306,43.4510496239793,43.479556338832,43.5312303080527,43.6005726134744,43.6739302222334,43.7321551179966,43.757468033125,43.7414813175193,43.6893923104997,43.6174019181698,43.5451661157901,43.4881800236287,43.4539519107958,43.4424771557143,43.4491007745801,43.4675849425691,43.4921908051412,43.5186057568178,43.5440594856941,43.5670438024442,43.5869280232447,43.6036172450038,43.6173015286875,43.6282934804789,43.636933536812,43.6435404152072,43.6483885592502,43.6516999499985,43.653642405491,43.6543299527956,43.6538231262478,43.6521283901399,43.6491966024096,43.6449208257873,43.6391341630325,43.6316089807575,43.6220602673086,43.6101583393454,43.5955599934911,43.5779724880695,43.557270498817,43.5336893889889,43.5081118364935,43.4824364787258,43.4599495357295,43.4455016045345,43.4451438878169,43.4648030330234,43.5077803378747,43.5715673457168,43.6455757412766,43.7120760033953,43.7516401714558,43.7513599179795,43.7111560541126,43.6438725476847,43.5690584046951,43.5046658895733,43.4614557329044,43.4419756508625,43.442848395146,43.4580203267986,43.4813160743863,43.5077882870547,43.5340843679685,43.5582638035498,43.5794195872289,43.597304119378,43.6120387959582,43.6239183202839,43.633292497762,43.640502005796,43.6458476925955,43.6495785527736,43.6518887555127,43.6529180797804,43.6527528091928,43.6514258044994,43.6489154058808,43.6451433155639,43.6399719669559,43.6332024125452,43.6245748109375,43.6137755554342,43.6004583474057,43.5842912869952,43.5650479343311,43.5427653696796,43.5179915253027,43.4921273031396,43.4678200776228,43.449267088347,43.4421417820353,43.4527253565556,43.4858778646988,43.5419662896537,43.6138785793588,43.686306432559,43.739349275151,43.7561639616709,43.7308885775704,43.6716864066517,43.5967038601768,43.525771983316,43.4731150188682,43.4444466260407,43.4382595241748,43.4490436532162,43.470308723773,43.4964444970988,43.5234280441579,43.548794922739,43.5712905667338,43.5904679768075,43.6063533677769,43.6192109117118,43.6293955872987,43.6372703691065,43.6431648814744,43.6473580634511,43.6500731331631,43.6514777338839,43.6516853579333,43.6507561878223,43.6486966780665,43.6454578313738,43.6409324892105,43.6349523547303,43.6272862230129,43.6176423846673,43.6056808036737,43.5910447993586,43.5734275945395,43.552695229972,43.529090692373,43.5035370607539,43.478026213881,43.4560053459912,43.4425440200823,43.4439061188991,43.4660804209887,43.5120734871239,43.5785681250789,43.6537478167344,43.7187341286795,43.7537863195747,43.7470117331213,43.7003834812043,43.6288245124472,43.5529717018544,43.4905434053682,43.4511664770911,43.4360614887296,43.4408482538303,43.4589626847812,43.4841289522018,43.5115391805822,43.5380708072567,43.5620117287662,43.5826408175712,43.5998451524591,43.6138362444384,43.6249656450466,43.6336174733605,43.6401525108958,43.64488326669,43.6480656606872,43.6498983218073,43.6505243723195,43.6500331004604,43.6484604289919,43.6457878971596,43.6419402873475,43.6367823339297,43.6301154564451,43.6216765124143,43.611142571613,43.5981490966116,43.5823339569304,43.5634261151011,43.5414037835026,43.5167472958969,43.4907962267684,43.4661708989419,43.447115653194,43.4394637079269,43.4497732175353,43.4832213291896,43.5403457092408,43.6138204648404,43.6876335441255,43.7409314499648,43.7562462692688,43.7279492187246,43.6652899372084,43.587748219181,43.5160033083091,43.4643182925861,43.4378270965043,43.4342471074604,43.4474371755188,43.4705540537014,43.4978860061141,43.5254680664858,43.5509641375889,43.5732589609264,43.5920262215954,43.6073849373963,43.619665626941,43.629268664277,43.6365874853553,43.6419722735146,43.645716314673,43.6480534670708,43.6491599405816,43.6491567764104,43.6481113715496,43.646037466394,43.6428935357574,43.6385797884666,43.6329342816626,43.6257293160659,43.6166706765706,43.6054048559263,43.5915435783683,43.5747209085033,43.5547053097479,43.5315943821344,43.5061165353774,43.4800375950512,43.4566004050895,43.4407935415081,43.4390665096293,43.4579896685706,43.5015417807097,43.5674873500704,43.6446298951211,43.71367010098,43.753333304918,43.7498061599699,43.7038759086381,43.6306557398916,43.55202733683,43.4871084619679,43.446358798374,43.4311065965107,43.436611845321,43.4558256277139,43.482083394835,43.5103550490743,43.5374398624766,43.5616385964814,43.5822859913334,43.5993364427618,43.6130639752514,43.6238718401475,43.6321845385572,43.6383937225268,43.6428356204739,43.6457848591844,43.6474554571862,43.6480038968154,43.6475317891326,43.6460871262527,43.6436638441108,43.640199717877,43.635572777226,43.6295967622577,43.6220169868668,43.612509744428,43.6006915509202,43.586149506289,43.5685109332244,43.5475781131396,43.5235584660603,43.4974126109855,43.4713051304749,43.4490517921954,43.4362973276898,43.439965355811,43.4664510613624,43.5183795486022,43.5907990953304,43.6691377030698,43.7317953133072,43.7581738242136,43.7385704219283,43.6794565934701,43.6001619184232,43.5233757856591,43.4659664288016,43.4349323680316,43.4286881581439,43.4409105236112,43.4641927759691,43.4922501816707,43.5207024134225,43.5469778310415,43.569863329317,43.5890189859261,43.6045922680021,43.6169576399977,43.6265609025286,43.6338364014036,43.6391690719316,43.6428811594692,43.6452307843549,43.6464149693698,43.6465733292603,43.6457907405333,43.644098404857,43.6414731681327,43.63783508115,43.6330432865949,43.6268907060304,43.6190990432073,43.6093177545433,43.5971343643718,43.5821092585032,43.5638558347354,43.5421951065006,43.5174175938885,43.4906732263302,43.4644616554586,43.4430846258085,43.4327376073549,43.4407164002945,43.4731962804974,43.5315564824593,43.6085028891937,43.6867650860526,43.7432358465238,43.7584471214482,43.7264498925066,43.6582111802734,43.5758535644836,43.5020017231588,43.4513077733204,43.4280039972903,43.4284400447481,43.4453345174555,43.4712129261709,43.5001968939891,43.5284439092368,43.5538607876427,43.5755859259871,43.5935053967659,43.6078954903659,43.6191942163812,43.6278715723909,43.6343646748499,43.6390508059368,43.6422401575229,43.6441772648023,43.6450451500183,43.644969323576,43.6440205123273,43.642215764128,43.6395177956866,43.635832433708,43.6310040556713,43.6248093923613,43.6169512878916,43.6070564822954,43.5946857115357,43.5793708557796,43.5607023970035,43.5384992464009,43.5130962881034,43.4857696713236,43.4592629279779,43.4382499206385,43.4293651200333,43.4402219076584,43.4768648381089,43.5397520678721,43.6198336251065,43.6978509059246,43.7496812988465,43.7568574032486,43.7162946588757,43.6421648385034,43.5583654911356,43.48719823284,43.4415725261404,43.4237518145648,43.4287204535358,43.4486370792631,43.4760669476787,43.5054647385481,43.533381940256,43.5580599465281,43.5788755248842,43.5958640421894,43.609384561003,43.6199144059282,43.6279373678089,43.6338907917384,43.6381456633154,43.6410029872624,43.6426968154354,43.643398973279,43.6432233042905,43.6422286551106,43.640420340488,43.6377498512565,43.6341124377405,43.6293422342462,43.6232051205829,43.6153909266292,43.6055093398889,43.593098510842,43.5776623251293,43.5587614887043,43.536192960121,43.5102955567396,43.4824024756644,43.4553989127102,43.4342042930292,43.4257765415924,43.4380157467592,43.4769940670382,43.5426808292848,43.6249420163634,43.7031983031836,43.752565868452,43.7551026368501,43.7094793087851,43.6318760020434,43.54730381504,43.4778562939321,43.435354342246,43.4208492987301,43.4285022311926,43.4501507882499,43.478405131026,43.5079381597452,43.5355503191248,43.5596907523721,43.5798822843158,43.5962506177129,43.6092042713019,43.6192437881806,43.6268610335166,43.6324934238448,43.6365079790346,43.6391995517628,43.6407945526414,43.6414559446497,43.641287781414,43.6403387081138,43.638604137638,43.6360266731345,43.6324941277617,43.6278345232628,43.6218080651312,43.6140976679477,43.6043025920895,43.5919446837457,43.5765040501525,43.5575106268764,43.5347279777967,43.5084692938794,43.4800680154442,43.4524603969427,43.4306921682584,43.4219281044787,43.4343118664076,43.4740775895424,43.541102369613,43.6247887155606,43.7038318978166,43.7527607776032,43.753645639578,43.7058718586326,43.6266104299773,43.5415247454012,43.4727223206979,43.4315611717317,43.4185210448276,43.427356048277,43.4497374131814,43.4782917446442,43.5077977653221,43.53517909351,43.5589881353647,43.5788201331446,43.5948452948214,43.6074964015398,43.6172855547366,43.6247090185557,43.6302047611632,43.6341380528646,43.6368001499323,43.638412020783,43.6391293769044,43.6390475708819,43.6382058543295,43.6365905885457,43.6341367163653,43.6307265165666,43.6261847151506,43.6202697508116,43.6126627383471,43.602958864668,43.5906710904648,43.5752635726462,43.5562420632239,43.5333386921831,43.5068324904084,43.4780296744433,43.4498621257178,43.4274149867804,43.4179553264628,43.4297936731446,43.4693583437553,43.5366609105962,43.6210713981774,43.7010402298712,43.7507362865639,43.7519667912933,43.7041137473153,43.6245695344847,43.539252520823,43.4703936962512,43.4293199794065,43.4164065697133,43.4253162607972,43.4476803015263,43.4761311328788,43.5054767641819,43.5326738969392,43.5563013255285,43.575971284924,43.5918631297774,43.6044138131195,43.614137148733,43.6215301494986,43.6270310093193,43.6310043768375,43.6337393688844,43.6354526974053,43.6362934959093,43.6363485764679,43.6356475950398,43.6341675285776,43.6318354570227,43.6285283101369,43.624068341453,43.6182139525663,43.610647433874,43.6009645867617,43.5886764989476,43.5732413767804,43.5541541798897,43.5311318913115,43.5044361220908,43.4753573452892,43.4468193590141,43.4239147292494,43.4139420906466,43.4252743267476,43.4644326438587,43.5315389186574,43.616061445843,43.6964954296553,43.7469634228795,43.749125589227,43.7021526616417,43.6232363121791,43.5381791580491,43.4692123679624,43.4277547987254,43.4143112336044,43.4226626086954,43.4445214703673,43.4725617430214,43.5016022975502,43.5285921383993,43.5520938810077,43.5717018847247,43.5875798026653,43.6001527986879,43.6099270835628,43.6173955432725,43.6229944004157,43.6270869018119,43.629959822693,43.6318254765068,43.6328260514888,43.6330391056492,43.6324836317563,43.6311258680221,43.6288835063461,43.6256265878386,43.6211735524968,43.6152819438277,43.6076354503957,43.5978326129538,43.5853880201836,43.5697645019616,43.5504645161246,43.5272185672296,43.5003115289384,43.4710690484718,43.4424589352302,43.4196136200752,43.4098418975154,43.421464886526,43.4608734795795,43.5280157754915,43.6122496798869,43.6921541634806,43.7421591670888,43.7442899525594,43.6978688639746,43.6198902008791,43.5357433588941,43.4673005788845,43.4258517221483,43.4119934261342,43.4197027690407,43.440880629363,43.4683260296743,43.4969146395654,43.5236029819003,43.546934536019,43.5664750048689,43.582360006448,43.5949919745768,43.6048608959099,43.6124491728058,43.6181865465439,43.6224317197905,43.625466923242,43.6274984515717,43.628660212764,43.6290192074079,43.6285822764934,43.6273030713458,43.6250875751791,43.6217961292634,43.617240188173,43.6111732648327,43.6032779895959,43.5931551617556,43.580326418653,43.5642699188226,43.5445178723245,43.52085353488,43.4936464358054,43.4643425800914,43.4360544187717,43.4140427317932,43.4056481595471,43.4190187207206,43.4600892025478,43.5281300925257,43.6118907753427,43.6898512089862,43.7371163336218,43.7369021293207,43.6895247763933,43.6121713964573,43.5296274313046,43.4628817755829,43.4225888877524,43.4091505235413,43.4166794852615,43.4373382892837,43.4641641123804,43.4921876570934,43.5184385544679,43.5414765147199,43.5608528019083,43.576676821854,43.5893239402606,43.59926119144,43.6069534132316,43.612817433584,43.6172020628591,43.6203808474196,43.6225510615302,43.6238362502559,43.6242913506355,43.6239096919985,43.6226306647961,43.620346146585,43.6169034021622,43.612102555647,43.6056881886223,43.5973373963873,43.5866509534002,43.5731603177105,43.5563711192512,43.5358728717173,43.5115520549111,43.4839435819102,43.4547274650773,43.4272965580106,43.4071607784196,43.4017244272246,43.4188022218089,43.4634383458567,43.533552881372,43.6166188266064,43.6907585582753,43.7322083635886,43.7264371156103,43.6758750127978,43.5984843843749,43.5182938049777,43.4547855008189,43.4173097384896,43.4056367631837,43.4138599534421,43.4344419388331,43.4607786640679,43.4881820923016,43.5138526006572,43.5364289187734,43.5554820186073,43.5711096611901,43.5836628938061,43.5935821974545,43.6013083787376,43.6072381334608,43.611703657176,43.6149642806262,43.617204213077,43.6185340403799,43.6189951559665,43.618566446925,43.6171719605626,43.6146875444799,43.6109441215036,43.6057257715314,43.5987624804061,43.5897205260941,43.5781981963429,43.5637410022211,43.5458986294031,43.5243544187952,43.4991633985686,43.4711274875965,43.4422983961444,43.4165037195835,43.3996201231726,43.3991010521167,43.4221643055744,43.4723851541104,43.5455415573189,43.6271614525929,43.6949147181782,43.7268810783243,43.7120345659394,43.6560596082574,43.5781644968998,43.5013403141811,43.4428676065964,43.4101030638923,43.4017454542586,43.411708334985,43.4327856830681,43.458849222062,43.4856209412583,43.5105769237509,43.5325070168585,43.5510450016224,43.5662988725439,43.5786033757695,43.5883721858293,43.5960173947635,43.6019089879837,43.6063557332364,43.6095967612433,43.6117986598798,43.6130561086714,43.6133954064815,43.612780289544,43.6111188158392,43.6082693972459,43.6040438289283,43.5982058464514,43.5904656842234,43.5804745696825,43.5678282407458,43.5520954460366,43.5328955190127,43.5100566277876,43.4838879792225,43.455583668666,43.4277231294692,43.4047189278675,43.3928802200388,43.3995730174979,43.4309694241271,43.4884191250572,43.5647289866928,43.643036528985,43.7009112694745,43.7194091393845,43.6923618215572,43.6295659967505,43.5515142864171,43.4795883551783,43.4281287972297,43.4019271195046,43.3983134703333,43.4109522140041,43.4330311758544,43.4590099829323,43.4851324289683,43.5092397352216,43.530335306389,43.5481546986067,43.5628375767602,43.5747118963868,43.5841664639264,43.5915821286998,43.597297330394,43.6015917811812,43.6046790535926,43.6067037132417,43.6077414109593,43.6078014553515,43.6068313673413,43.6047223432167,43.6013139815576,43.5963965801701,43.5897102299811,43.5809421850788,43.569727841042,43.5556662538473,43.5383683334721,43.51756367894,43.4932974582573,43.4662445157658,43.4381398893317,43.4122519262809,43.39368756129,43.3891347910338,43.4055239951581,43.4472766586311,43.5126015122844,43.5906388027537,43.6622040718411,43.7058165388616,43.707085415966,43.6659123946427,43.5964422816188,43.5198278660572,43.4549394669622,43.4124914208827,43.3943876060718,43.3965394354352,43.4124424443014,43.4357925936691,43.4617416697904,43.4871364633419,43.510241406794,43.5303124297474,43.5472113633379,43.5611236665229,43.5723774723892,43.5813389054029,43.5883566752824,43.5937349258269,43.5977206343783,43.6004979158839,43.6021857082101,43.6028376189541,43.6024435972657,43.6009330466344,43.5981785329434,43.5939988817523,43.588160688537,43.580378523524,43.570316766659,43.5576003262413,43.5418475410787,43.5227458718663,43.5001977387133,43.4745653112155,43.4470292023407,43.4200299234179,43.3976623366719,43.3857367941886,43.3910585606046,43.4194761562279,43.4726855172766,43.544819943458,43.6210911924806,43.6808901976305,43.7055234221183,43.6869244609254,43.6317129458437,43.5576979274511,43.4853814631481,43.4300500485849,43.3983340035112,43.3892803671213,43.3976116640368,43.4168810600091,43.4414450477284,43.4672311951138,43.4917301059339,43.5136487067572,43.5325051581265,43.5482930792954,43.5612471035764,43.571697500346,43.5799885134896,43.5864365127362,43.5913102990179,43.5948224011065,43.5971252909801,43.5983098040485,43.5984048761162,43.5973783811901,43.5951388132268,43.5915372647179,43.5863690856727,43.5793752157229,43.5702448943403,43.558624631018,43.5441431801954,43.5264686712106,43.5054209172818,43.4811660913806,43.4545152108431,43.4273189650174,43.4028807172705,43.3861831726907,43.3835628756548,43.4013762054417,43.4434041597225,43.507482256454,43.5830246615147,43.6518820025398,43.6939431507919,43.6956906147977,43.6567842865397,43.5901632736701,43.5156127296557,43.4512463743165,43.4078506489873,43.3879326224898,43.3880980338339,43.4023395392635,43.4245788793163,43.44998229291,43.4752969827312,43.498652435016,43.5191790884514,43.5366396774807,43.5511475769081,43.5629798162742,43.5724656361384,43.5799262863833,43.5856456006366,43.5898570242838,43.5927383620872,43.5944096460952,43.5949321528587,43.5943079796248,43.5924800826717,43.5893326852782,43.5846918973817,43.5783266860783,43.5699514279934,43.5592335693027,43.5458137414134,43.5293511067103,43.5096131531445,43.4866344783001,43.4609680406694,43.4340345256643,43.408524660924,43.3887088955625,43.3803620349974,43.3898817409516,43.4222397016063,43.4778977915682,43.5498333615087,43.6228465741847,43.6771534598157,43.6959427761547,43.6731627665164,43.6165160135054,43.5435536552661,43.4736311465174,43.4208093629136,43.3909661305106,43.3829568063762,43.3916698386834,43.4109375090447,43.4353554814884,43.460999219947,43.4854250325989,43.5073523449685,43.5262850899728,43.5421928381122,43.555284563873,43.5658661170484,43.5742591262635,43.5807593780022,43.585617825124,43.5890330496968,43.5911486403015,43.5920521850646,43.591774557579,43.5902891743814,43.5875112705311,43.5832973390611,43.5774450981749,43.5696950945774,43.5597367363041,43.5472245515426,43.5318150103091,43.5132400704349,43.4914392992165,43.4667741048699,43.4403371154304,43.4143332256169,43.3924293396577,43.3798409231151,43.3827820105844,43.406877492691,43.4544449177791,43.5213710520112,43.5953948963186,43.6580026661794,43.6906551330095,43.6828744200883,43.6373504887757,43.5685577488591,43.4958667431953,43.4357183086782,43.3970670069445,43.3811737837042,43.3841471085105,43.4000215760125,43.4230075127322,43.4485946660569,43.4737881678879,43.4968873170454,43.5171183981687,43.5342894323304,43.5485286410004,43.5601110806324,43.5693552746932,43.5765675778849,43.5820155383377,43.5859169594989,43.5884362958888,43.5896837175481,43.589714628985,43.588528859413,43.5860694519056,43.5822212923398,43.5768100781378,43.5696027025386,43.5603114181922,43.5486065388844,43.534146244896,43.516637252679,43.4959457961101,43.4722817110549,43.4464729850451,43.4203222271985,43.3969739079311,43.3811100782265,43.3786505186242,43.3955515037182,43.435467121184,43.4966708991233,43.5696762639039,43.6377392039001,43.6816670788653,43.6876295270838,43.6537112875135,43.5908588562263,43.5175511802828,43.4518303500173,43.4053891099288,43.3819492869638,43.3790772571101,43.3912504856275,43.412456918437,43.4376811272177,43.4634010952114,43.4874910971366,43.5088848055371,43.5272135925049,43.5425136138695,43.5550222742881,43.565051780594,43.5729181833106,43.5789057818776,43.5832517286071,43.5861407679386,43.5877041182959,43.5880193499647,43.5871099028064,43.5849438950699,43.5814323949629,43.576427670069,43.5697224312856,43.5610521158145,43.5501041979779,43.5365417294753,43.5200529289803,43.500444158411,43.4777980164974,43.4527165368236,43.4266518112732,43.4022777791874,43.3837626523277,43.3766659847087,43.3870694836156,43.4196144823805,43.4745846206897,43.5451117241617,43.6165326366658,43.6697729722742,43.6884941545703,43.6665592153796,43.6110820179749,43.538923137577,43.4690607030839,43.4156229207885,43.3848402448161,43.3759541521578,43.3841046623286,43.4032024457359,43.4277933141422,43.4538420270001,43.4787866162083,43.5012498057813,43.520669716168,43.536978558924,43.5503690216566,43.5611437191702,43.5696276367733,43.5761224007301,43.5808854734429,43.5841225634016,43.5859859487448,43.5865746250795,43.5859343016001,43.5840565380689,43.580877021944,43.5762734192448,43.5700637016771,43.5620066960994,43.5518081957332,43.5391386908611,43.5236728692079,43.5051662980498,43.4835897649415,43.4593428148343,43.4335570513841,43.4084633076917,43.3877186980185,43.3764646422223,43.3807529601357,43.4059584526613,43.4541079798405,43.520858458572,43.5939023670838,43.6549304149202,43.6858019386829,43.6764620353199,43.6298743696399,43.5605741942941,43.4878408571582,43.4279768697103,43.3898199225152,43.374549561372,43.3782144701496,43.3947973131499,43.4184604614017,43.4446525680415,43.470348539928,43.4938302682085,43.5143187963033,43.5316265840182,43.5458926789761,43.5574061083246,43.566499903273,43.5734938186329,43.578667103366,43.5822478983348,43.5844105939277,43.5852760745747,43.5849122163664,43.5833335236601,43.5804996714117,43.5763132425541,43.5706174020324,43.5631949465667,43.5537714676517,43.5420276470112,43.5276292952305,43.5102886765968,43.4898761160611,43.4666041075402,43.4413007722744,43.4157638713445,43.39312436533,43.3780376896864,43.3763790782546,43.3940369709644,43.4345683016608,43.4961163669854,43.5690406623281,43.6364598016659,43.6791382209214,43.6833804116156,43.6476023488702,43.5831828198257,43.5089628293869,43.4431369827011,43.3973157227291,43.3749839444877,43.3734314457104,43.3869052646182,43.4092440807453,43.4353604177212,43.4617160241281,43.486201807181,43.5077835491599,43.5261294038527,43.5413112174036,43.5535983593968,43.5633303646119,43.5708459900811,43.5764481896585,43.5803896640685,43.582868782939,43.5840297099812,43.5839633700301,43.5827076886801,43.5802465972315,43.5765079100313,43.5713606262333,43.5646127794967,43.5560119922048,43.545252763018,43.5319976034677,43.5159236520361,43.4968119660137,43.4747015078933,43.4501291337443,43.4244609964355,43.4002743329164,43.3816552774582,43.3741392381944,43.3838928502593,43.4157784096746,43.4703896395217,43.5411060148531,43.6132447213897,43.6673427592655,43.6864613827828,43.6640298677519,43.6072138357898,43.5333967902735,43.4622221334566,43.408262799364,43.3778218398873,43.36992175131,43.3793703842269,43.3997798538073,43.4254982065486,43.452396063015,43.4778934800442,43.5006393770686,43.5201175416321,43.5363101207275,43.5494563120181,43.5598988536788,43.5679960556883,43.5740768603933,43.5784213192747,43.5812544307642,43.5827458544564,43.5830112780514,43.5821133348723,43.5800612458005,43.5768090843651,43.572253015716,43.566228322123,43.5585078138897,43.5488046985826,43.5367855416355,43.5221029357551,43.5044628997747,43.4837478449807,43.4602189132515,43.4348141564633,43.4095279585493,43.3877842541271,43.3745902648407,43.3761052189207,43.3981934688537,43.443777822725,43.5095844304013,43.5840249085842,43.6485832516261,43.6838291999269,43.6779077698428,43.6324850915689,43.5619966817114,43.4866901858542,43.4241726908155,43.3842206146589,43.368321774165,43.3723384906409,43.3898534072328,43.4146394668109,43.4418715036272,43.4683792612134,43.4923978281952,43.5131611947194,43.5305236269499,43.5446751703882,43.5559546169676,43.5647391507173,43.5713860768102,43.5762062507507,43.5794547982729,43.581329951499,43.5819746760266,43.5814783164005,43.5798770443356,43.5771527714252,43.573230675484,43.5679758651454,43.5611902672818,43.5526119083702,43.5419207712026,43.5287587533084,43.5127761889601,43.4937235748658,43.4716126447019,43.4469705839564,43.4211942813376,43.3969608601201,43.3785477891797,43.3717617065229,43.3830349485144,43.4173028167999,43.4747904138432,43.5479199105879,43.6206646999583,43.6724923236484,43.686484593385,43.657499234186,43.5949382586962,43.5180606302124,43.4471468134113,43.3961267219511,43.3699897865372,43.3664771572645,43.3795529478521,43.4024837961387,43.4296346492987,43.4570786470874,43.4824893054955,43.5047452625638,43.5235080912203,43.5388842684665,43.5511937284688,43.5608287108608,43.5681765986248,43.5735830050946,43.5773376096823,43.5796712828505,43.5807576716989,43.580715563067,43.5796102928949,43.5774535760163,43.5742017046499,43.5697523916322,43.5639409008661,43.5565368306353,43.5472443715451,43.5357114823649,43.5215576247908,43.5044355967429,43.4841497872869,43.460857763807,43.4353769966363,43.4095894843406,43.3868635603064,43.3722782451182,43.3722621429581,43.3931607871717,43.4384700771974,43.5052878142127,43.5818329630761,43.648686623247,43.6851587248266,43.6785458537642,43.6306998638698,43.5571934291046,43.4796289801192,43.4164225833196,43.3773517180007,43.3633444590117,43.3695624079966,43.389046527468,43.4152860841811,43.4433911789945,43.4702587727053,43.49424518019,43.5147100176596,43.5316140764897,43.5452283724076,43.555949302724,43.5641935774729,43.5703453968994,43.5747342974019,43.5776290142962,43.5792383750462,43.5797142172737,43.5791538553015,43.5776010781925,43.5750454089292,43.5714196977686,43.5665963488186,43.5603828859057,43.5525184964095,43.5426750628709,43.5304694682982,43.5154990412877,43.4974188475721,43.4760867626271,43.4518054628749,43.4256796216424,43.4000638320731,43.3789791057419,43.3682126961286,43.3746343635479,43.4042317397505,43.4587914472746,43.5322541357774,43.6091604867087,43.6678816776494,43.6889579725173,43.6645611367939,43.6027779742196,43.5234698600649,43.4487125853225,43.3942073617722,43.3659114283631,43.3616690456566,43.375041194483,43.3987732531356,43.4268175654756,43.4550073739613,43.4809220480726,43.5034379864954,43.5222592614074,43.5375488922084,43.5496814314598,43.5590955838984,43.566216054392,43.5714178821765,43.575014114952,43.5772546402515,43.5783291489204,43.5783705957493,43.5774575383013,43.5756147937159,43.5728123119651,43.5689623299552,43.5639150365295,43.5574534590537,43.5492894492075,43.5390649465991,43.5263666310846,43.5107680206146,43.4919208102671,43.4697248343747,43.4446077027882,43.4179283662693,43.3924623206716,43.3728050878594,43.3653416929316,43.3772483120535,43.4140420987405,43.4758228039222,43.5536989710848,43.6292658812268,43.6796542492404,43.6872947906094,43.6489694966527,43.5777189886452,43.4960681967159,43.4255221914663,43.3790397802374,43.3594889961443,43.3625541268207,43.3808871827769,43.4072674122672,43.4361514105316,43.4639828683662,43.4888655351047,43.5100526528397,43.5274861169773,43.5414616753062,43.5524171555122,43.5608132799589,43.5670746913231,43.5715659171427,43.5745853272328,43.5763668876749,43.5770841838612,43.5768540796625,43.5757389759415,43.5737473621452,43.5708325780612,43.566889730579,43.5617508454423,43.555178907771,43.5468628506456,43.5364182636219,43.523403135164,43.507364684275,43.487941906101,43.4650564087118,43.439224489324,43.4120013851494,43.3864998975076,43.3677839034903,43.3627263058309,43.3787422789548,43.4209345719992,43.4879965076401,43.5687666138295,43.6426381157243,43.6860866634484,43.6834008468218,43.6351066973567,43.5578383060235,43.4756614547383,43.4091839064216,43.3690882177358,43.355982630759,43.364130377886,43.3857006722307,43.4136274638483,43.4428009174222,43.4701285234828,43.4940899885859,43.5141979876585,43.5305522672615,43.5435330646116,43.5536159450793,43.5612725475525,43.5669245816133,43.570927281187,43.5735671454843,43.5750652876527,43.5755819723341,43.5752204185494,43.5740291974782,43.572003011892,43.5690816720419,43.5651470038318,43.5600175538662,43.5534416348801,43.5450908887563,43.5345596227902,43.5213802366231,43.5050724673401,43.4852534698685,43.4618441166888,43.435406474271,43.4076216114839,43.381838845203,43.3634695428809,43.3597694190252,43.3783750399705,43.4241439782594,43.4947978116622,43.5775686596945,43.6503007450524,43.6890546386192,43.6794893092902,43.6247548366985,43.5438769741796,43.4618067490963,43.3983848632382,43.3626873211791,43.3538279726037,43.3651921191764,43.3887021401009,43.4174480107795,43.4466355746576,43.4734891009776,43.4967362988671,43.5160563972585,43.5316478120709,43.543941923805,43.5534359967263,43.5606069369003,43.5658733959711,43.5695836197595,43.5720151970627,43.5733791378557,43.5738246575982,43.5734432237937,43.5722713908899,43.570292175066,43.5674345855073,43.5635707716545,43.558510392543,43.5519926107776,43.5436779621013,43.533145738764,43.5199079907127,43.50345915674,43.4833901749298,43.4596046883644,43.4326742266683,43.4043412271629,43.3780947180353,43.3595742600169,43.3563146629814,43.3761624884769,43.4239134865009,43.4967632935278,43.5809751587571,43.6533946620973,43.6897387134148,43.6764157846476,43.618113240981,43.5352719149168,43.4533579225433,43.3917474253379,43.3585705321523,43.3520807293161,43.3651764455963,43.3896629507576,43.4187414850805,43.4478134595905,43.4742920635974,43.4970492210576,43.5158587172291,43.5309734830016,43.542852208815,43.5520031619979,43.5589054362001,43.5639753973885,43.5675565866953,43.5699201673659,43.5712691273648,43.5717431670719,43.5714231306689,43.5703345709101,43.5684500621009,43.5656896055641,43.5619182650349,43.5569403622955,43.5504904975677,43.5422237195596,43.5317108202318,43.5184504896258,43.5019182893814,43.4816825586924,43.4576263689456,43.4303137802216,43.4015094790205,43.3747735137709,43.3558770576118,43.3525333041647,43.3727523714357,43.4213643229568,43.4953495460787,43.5804927478839,43.6530975651324,43.6886366520645,43.6738202086381,43.614047626086,43.5304285563506,43.4486660715034,43.3879065433857,43.3558336856789,43.35031237526,43.3640401288406,43.3887964313216,43.4178573647649,43.4467293401911,43.4729190849607,43.495365462021,43.5138830692702,43.5287461744588,43.5404226428756,43.5494233802919,43.5562270001305,43.5612478086941,43.5648259959182,43.5672277727754,43.5686492166686,43.5692211321224,43.5690139578588,43.5680422741625,43.5662683123196,43.5636034849868,43.5599067278727,43.5549787150258,43.5485521134705,43.5402803329816,43.5297311251936,43.5163973701915,43.4997457746241,43.479334426543,43.4550390561442,43.4274265571865,43.3982840443525,43.3712221165649,43.3520917283653,43.3486990641599,43.3691195750771,43.4181622694393,43.4926592425091,43.5781536294769,43.6507482590836,43.6859163938277,43.670608120684,43.6105461318833,43.5270195254171,43.4456677698986,43.3854182128621,43.3537401954934,43.3483892958137,43.3620646968003,43.3866117521712,43.4153869245342,43.443961993198,43.4698848324253,43.4921139680562,43.5104691716599,43.5252222290884,43.5368357982771,43.5458156149991,43.5526361203061,43.557708166951,43.5613682755509,43.5638777085684,43.5654255448967,43.5661333345599,43.5660604550492,43.5652096245349,43.563531714878,43.5609285315542,43.5572520033278,43.5522986091161,43.545799181543,43.5374067847124,43.5266895345067,43.5131414241033,43.4962326751853,43.4755311872471,43.4509349844773,43.4230530122557,43.3937391159106,43.36669123981,43.3478459013358,43.3450451148375,43.3662840858141,43.4161284764041,43.4910441502539,43.5762612940805,43.6478719400652,43.6817585984764,43.665508198475,43.6052980063164,43.5224051278904,43.4420647641651,43.3827214623675,43.35154750983,43.3462510470985,43.3596482562895,43.383749956506,43.4120509542053,43.4402085108219,43.4658081629219,43.4878141812525,43.5060355424425,43.5207275509724,43.532336867889,43.5413563384373,43.5482509368471,43.5534244922867,43.5572074220912,43.5598543008705,43.5615458462955,43.5623931354617,43.5624432310993,43.5616855545736,43.5600578863961,43.5574503251031,43.5537053380693,43.5486125644468,43.54189858962,43.5332147853541,43.5221308071305,43.5081477846634,43.4907537430163,43.4695534609743,43.4445121091094,43.4163468833281,43.3870638091809,43.3605380490151,43.3428500508218,43.3418445571644,43.3652441317148,43.4169927174103,43.4927116611982,43.5769705136743,43.645909124561,43.6763767903542,43.6574026408881,43.5962143465751,43.5141606492884,43.4357115754889,43.378331275171,43.3485307223147,43.3438276952516,43.3571794316269,43.3808588375902,43.408599125031,43.4362161883779,43.4613755424276,43.4830659645759,43.5010898838223,43.5156828775103,43.5272692820483,43.5363220411845,43.5432901201004,43.5485647305353,43.5524656866392,43.555237442726,43.5570498515186,43.5580017070234,43.5581263192559,43.5573983653537,43.5557406861188,43.5530290987582,43.5490931497898,43.5437114239521,43.5366018608783,43.5274107676245,43.5157091028244,43.5010113678973,43.4828409810934,43.4608750476229,43.4352065557698,43.4067524268179,43.3777909270965,43.3525027856514,43.3371983661968,43.3396833659513,43.3671412878188,43.4223646628372,43.499456754194,43.5818275322347,43.6457190079776,43.6696872402296,43.6453063556941,43.5817199648972,43.5005576178511,43.4251205143528,43.3712430231189,43.3442370359607,43.3411561796716,43.3550569770292,43.3785602642222,43.4057592501939,43.4327347306295,43.4573062678579,43.4785306666545,43.4962248446738,43.5106114185085,43.5220911127526,43.5311117142639,43.5380994439538,43.5434261419034,43.547395079077,43.5502358898841,43.5521042192114,43.5530844371568,43.5531947692955,43.5523940546274,43.55058869107,43.5476377242206,43.5433539722387,43.5374999602692,43.529779572001,43.5198299571286,43.5072235642771,43.4914972915313,43.4722342649104,43.4492317384173,43.4227904609768,43.3941440980367,43.3659900846034,43.342958964672,43.3316611664833,43.3397506864513,43.3734720980931,43.4337757061785,43.5124713947159,43.5913642366931,43.647075741354,43.6608835784772,43.6281692227856,43.5608344397729,43.4808672039821,43.4098708087767,43.3613325041475,43.3388030374672,43.3385894514607,43.3538001563162,43.3774873357123,43.4042287847897,43.4304844039757,43.4543122800059,43.4748911106099,43.4920820202396,43.5061078458791,43.5173486184179,43.5262240842347,43.5331319962451,43.5384181817606,43.542363050045,43.5451761783757,43.5469952086407,43.5478877234089,43.5478555773286,43.5468409333776,43.544732588046,43.541370625118,43.5365475125068,43.5300048632972,43.5214275419398,43.5104408515175,43.4966223415256,43.4795472394335,43.4588947639517,43.4346486798033,43.4074220321069,43.3789082892107,43.3523862854971,43.3330630586084,43.3278405066145,43.3439514326394,43.3860945638504,43.4525315812344,43.5320493770114,43.6047310289635,43.6483418518974,43.6482364150574,43.6048215066127,43.5332307778488,43.4554857933276,43.3907634420842,43.3495119531133,43.333089331972,43.336893310621,43.3541000289546,43.378291205395,43.4046444584264,43.4300983355122,43.4530227090064,43.4727661323222,43.489261952589,43.5027471811938,43.5135859261723,43.5221690566977,43.5288619018447,43.5339789240452,43.5377721281902,43.5404261212002,43.5420567307122,43.5427121626148,43.5423763062746,43.5409735317595,43.5383737228097,43.5343958900106,43.5288089994753,43.5213300501475,43.5116222710863,43.4993008286479,43.4839597054867,43.4652410543836,43.4429757149847,43.4174262318696,43.3896517943665,43.3619706761016,43.3383977715515,43.3247729418284,43.3281165239438,43.3547169626248,43.4068651793222,43.4792147702126,43.5570940565486,43.6193965260873,43.6464701400718,43.6293400735482,43.5742793750544,43.4994222897574,43.4259391511095,43.3696884093316,43.3375453014553,43.3285068996163,43.3371069078972,43.3567087069966,43.3815434052648,43.4074837046496,43.4320151360894,43.4538654583932,43.4725825280939,43.4881894661914,43.500946774204,43.5112063953823,43.5193304301743,43.5256496075028,43.5304435739849,43.5339319797972,43.5362705975094,43.5375500492599,43.5377964019205,43.5369733597691,43.5349855358362,43.5316818278664,43.5268577654491,43.5202563010901,43.5115683045885,43.5004373252695,43.4864782197932,43.4693259051824,43.4487378771536,43.4247793970315,43.3981166915651,43.3704182299354,43.3447978397056,43.3261088930892,43.3207289171051,43.3353540882796,43.3744748275722,43.4368989585642,43.5129101414026,43.5846019014431,43.6311383576885,43.6375143095231,43.6018750349676,43.5363830074621,43.4610280725815,43.3947561716824,43.3492483999582,43.3275953824066,43.3266078345917,43.3402251992569,43.3622109312035,43.3875715391266,43.4129368774379,43.4363665738208,43.4569576811368,43.474462599993,43.4889970826234,43.5008467839742,43.5103522234732,43.5178466004883,43.5236250959158,43.5279308965541,43.5309491280836,43.5328042184699,43.5335588887789,43.5332142734115,43.5317110113372,43.5289309703194,43.5246990316676,43.518784539468,43.5109030535265,43.5007213454898,43.4878724608635,43.4719932367753,43.4528034492292,43.4302519255272,43.4047557842642,43.3775447648125,43.351077397242,43.3294011382389,43.3181814234437,43.3239770041904,43.3523488204696,43.4048110666099,43.475612254395,43.5504743998829,43.6095348524702,43.6346602662166,43.6177434597454,43.5647197430073,43.4924756130295,43.4208799228383,43.3651325990251,43.3322136845661,43.3216688173164,43.3286298830208,43.3468744476911,43.3708161246778,43.3963362809412,43.4208374000274,43.4429361135688,43.4620763535058,43.4781975284812,43.4914970349992,43.5022798353806,43.5108723969722,43.5175780511495,43.5226560766411,43.5263128194765,43.5286981090316,43.5299036721508,43.5299622974927,43.5288474670549,43.5264734242453,43.5226955915734,43.517311310384,43.5100614851442,43.5006353035008,43.4886831532991,43.4738474062377,43.4558267139803,43.4344956786766,43.4101048241491,43.3835782845544,43.3568954053984,43.3334700826765,43.3183176368851,43.3176496490015,43.3374727357356,43.3810035360909,43.4454577542224,43.5198843532534,43.586335065466,43.6255160025095,43.6249806689677,43.5851313847851,43.5189521160435,43.4456808913488,43.3827171296572,43.3403475474327,43.3209202806036,43.3211339236683,43.3351709769066,43.3571265741966,43.3822779690644,43.407421999501,43.4306961517741,43.4512175700031,43.4687283466147,43.4833210561882,43.495254313572,43.5048415303966,43.5123902103487,43.5181721821432,43.5224107016531,43.525275559456,43.5268812921198,43.5272862231561,43.5264915647561,43.5244405039353,43.52101742264,43.5160475328108,43.5092976415149,43.5004799124814,43.4892627636538,43.4752967539822,43.4582684941955,43.4380015240735,43.4146272599187,43.3888457495162,43.3622742183172,43.3378253895299,43.3199535482292,43.3144649787331,43.3274870347151,43.3633037855716,43.4213191041269,43.4934132244599,43.5638288206093,43.6132752481504,43.6264755761074,43.5992591689575,43.5405958809023,43.4681540004104,43.4004570726871,43.3504254280428,43.3230506612894,43.3167703695665,43.3264449301466,43.3460820390485,43.3704993132578,43.3959567381389,43.4201332821069,43.4418161146759,43.4605387382163,43.4762776568562,43.4892369949794,43.4997123529505,43.5080130314502,43.5144220431698,43.5191780021521,43.5224681870157,43.5244263650609,43.5251320157964,43.5246095221419,43.52282696606,43.5196946757943,43.5150639508465,43.5087267925256,43.5004183763074,43.4898258166778,43.4766098536103,43.4604505897292,43.4411339016929,43.4186998334127,43.3936736006105,43.367384756341,43.3423363595457,43.3224986022759,43.3132711344929,43.3207371208857,43.3498629608863,43.4016974884908,43.4704991007966,43.5426972059441,43.5996483127968,43.6243033610137,43.6087917314888,43.5582503211104,43.4882625154145,43.4176933956456,43.3614991725786,43.3270822535881,43.3146743111531,43.3199914022664,43.3371299899308,43.3605705929701,43.3861024932787,43.4109724761826,43.4336420840499,43.4534312748271,43.470193443855,43.4840724135802,43.4953423667305,43.5043127532897,43.511277302898,43.5164898185252,43.5201544718333,43.5224228244568,43.523393174191,43.5231100872371,43.5215633483539,43.5186863158252,43.5143541022036,43.5083824324511,43.5005288087702,43.4904991164008,43.4779654091245,43.4626045587661,43.4441725422123,43.4226340754003,43.3983684976521,43.3724627148022,43.3470679469516,43.3257236226255,43.3134333494415,43.3161480099172,43.3392836315387,43.3851782236597,43.4501339354551,43.5226964176752,43.5852403388554,43.6196596852601,43.6150524909093,43.5729435893223,43.5065255455509,43.4344435577813,43.3732209807786,43.3324658630262,43.3142269387972,43.3152048625669,43.3297190808906,43.352007635908,43.3774401477234,43.4028513474797,43.4263803745762,43.4471298255092,43.4648246181366,43.4795438308071,43.4915374811106,43.5011140191635,43.5085778546793,43.5141984447286,43.5181972516186,43.5207435426912,43.5219536555317,43.5218908955017,43.5205648527424,43.5179298830388,43.5138830672021,43.5082624382552,43.5008469656537,43.491361068481,43.4794886676403,43.4649052778539,43.4473413608231,43.4266952203073,43.4032163236692,43.3777738159957,43.3521989377009,43.329628904483,43.3146733676134,43.3130919699568,43.3306011146661,43.3706012435864,43.4312273604256,43.5031089529514,43.5699102816728,43.612980481865,43.6188587737457,43.5855904010321,43.5237078251714,43.4511814667387,43.385743082194,43.3390772800898,43.3151079523265,43.311652423123,43.3233721381384,43.3443357579904,43.3695243303535,43.3953658587718,43.4196710902236,43.4413166489418,43.4598916462862,43.475405499642,43.488081442165,43.4982260663618,43.5061547562886,43.5121535058751,43.5164620637601,43.5192681515145,43.5207064282062,43.5208586872227,43.519753617918,43.5173655968285,43.5136126590361,43.5083543149124,43.501390519,43.4924642017023,43.4812717069762,43.4674885754326,43.450822487396,43.4311102836087,43.4084797065972,43.3835937423094,43.3579764141047,43.3343690375636,43.3169719147343,43.3112955098665,43.3232422949837,43.3571233921142,43.4127940697301,43.4830147328334,43.5530243899321,43.6040696294065,43.620477156377,43.5968154430339,43.5406019323423,43.4686597080199,43.3996166404933,43.3471876276549,43.3173119503255,43.3091102664137,43.3177251239304,43.337122982271,43.3619089648142,43.3880894617735,43.4131244916985,43.4356451227333,43.4550910183103,43.4713939377857,43.4847465329461,43.4954524670623,43.5038386041918,43.5102087538149,43.5148224614108,43.5178872921,43.5195572861352,43.5199333704816,43.519063590151,43.5169423236686,43.51350843757,43.5086428828311,43.5021668233666,43.4938423292692,43.4833793214742,43.4704551799106,43.4547574504401,43.4360651485793,43.4143887735299,43.3901892927643,43.3646837383743,43.3402061222373,43.3205117120934,43.310787719111,43.3170071230799,43.3442649613056,43.3940808458691,43.4614744456158,43.5336284023838,43.5921808539071,43.619574990264,43.6068010194175,43.5578442345837,43.4877632024647,43.415715374446,43.3574506445868,43.3211738147229,43.3076016097418,43.3125614252119,43.3300040605191,43.3541607241978,43.3805784976761,43.4063214145325,43.429737739642,43.4500925432005,43.467225438373,43.4812915860622,43.4925895160533,43.5014579661724,43.5082201907955,43.5131575828965,43.5164995653159,43.5184213024929,43.519044237566,43.5184368078786,43.516614177712,43.513536726338,43.5091076102281,43.5031702520873,43.495507395582,43.4858447464447,43.473864571294,43.4592382581262,43.4416917488874,43.4211230099438,43.3977933366953,43.3726075558681,43.3474699920162,43.3256371135843,43.3118735731148,43.3120782542421,43.3319798202401,43.3747060815954,43.4377120759777,43.5106065402395,43.5760740133369,43.6151330447551,43.6150872428305,43.5756886279167,43.5093419052167,43.4351663722864,43.3709192325295,43.3274321019514,43.3074691637364,43.3078704597285,43.32271746478,43.345876130796,43.3723748937972,43.3988072757682,43.4231758739244,43.4445277949536,43.4625848346174,43.4774517934526,43.4894172299502,43.4988313870167,43.5060387576131,43.5113451880409,43.5150046551922,43.5172158926367,43.5181229328605,43.5178163188317,43.516333451986,43.5136575747611,43.5097155104042,43.5043747688322,43.4974412602797,43.4886599658124,43.4777228701072,43.4642916403882,43.4480471312504,43.4287833791921,43.4065683435541,43.3819921454708,43.3565057694329,43.3328032656381,43.3151024274637,43.3090366780449,43.320749142848,43.3548469476205,43.4113689555741,43.4829201065992,43.5541252652259,43.605349976487,43.6202915872154,43.5936578204198,43.5339332538672,43.4592245555811,43.3890676158928,43.3373403248532,43.3095098353241,43.3039619103833,43.3151819029601,43.336721401153,43.3630184460315,43.3900870365307,43.4154856556962,43.4379724200109,43.4571074543388,43.4729219011296,43.4856843665259,43.4957542516201,43.5034987847402,43.5092513460507,43.5132939122864,43.5158520172067,43.5170950845471,43.5171381241767,43.5160428010327,43.5138170972136,43.5104134844411,43.5057259792764,43.4995869428706,43.4917653204526,43.4819695569062,43.4698610772909,43.4550883269779,43.4373569031522,43.4165571940938,43.3929736983586,43.3675919479179,43.3424856386366,43.3211896189424,43.3088333157757,43.311654619692,43.3354590574658,43.3828682722638,43.4500290344291,43.5246354649491,43.5876655259709,43.61979424838,43.6100154131131,43.5612492243105,43.4889614368559,43.4137348688971,43.3527999171495,43.3151884282696,43.301671856939,43.3076500026224,43.326524984404,43.3520888453946,43.3796329640381,43.4061260051391,43.4299248576236,43.4503549595306,43.4673326392627,43.4810870137328,43.4919800084039,43.5004017673822,43.5067164430669,43.5112382184149,43.5142235652903,43.515870943522,43.5163228919596,43.5156679100329,43.5139410018134,43.5111225770148,43.5071358625906,43.501843348282,43.4950433627152,43.4864689961173,43.4757936554922,43.462650982758,43.4466819564418,43.4276283817238,43.405497670081,43.3808234242936,43.3550287392768,43.3308463565698,43.3126426629917,43.3063326701962,43.3184300702365,43.3538402336392,43.4125530330718,43.4865242203571,43.5591675047731,43.6096088540813,43.6211187192001,43.589309639118,43.5245546967736,43.4467929683569,43.3764015569037,43.3269051042446,43.3026923149746,43.3009919212826,43.315473299443,43.339315719637,43.3669300500174,43.3944929581069,43.4197883552293,43.4417876148459,43.4602206097011,43.4752398818261,43.487194477849,43.4964941203313,43.50353625168,43.5086720333648,43.5121940235377,43.5143343925279,43.5152671292036,43.5151107568414,43.5139299475859,43.5117354627504,43.508482370934,43.5040667911098,43.4983217561153,43.4910135107651,43.4818410282897,43.4704441937661,43.4564303986725,43.4394353778785,43.4192412222749,43.3959795407113,43.3704431074478,43.3445003623815,43.3215324288981,43.3066745456031,43.3064631744861,43.3273838896117,43.3730398981718,43.4405010828607,43.5177443317619,43.5849399543651,43.6210359895185,43.6132917765382,43.5639459190961,43.4891801946994,43.411074145083,43.3481603597899,43.3099998031607,43.2971606248572,43.3044854855218,43.3248259259394,43.3516103924549,43.3799734573702,43.4068754424994,43.430742800089,43.4509958207404,43.4676413884443,43.4809827753827,43.4914377423994,43.4994366370943,43.5053721545164,43.5095790131242,43.5123290053126,43.5138326286666,43.5142424717128,43.5136560071934,43.5121168459403,43.5096141951782,43.5060805599989,43.5013879121006,43.4953429230931,43.4876827652824,43.4780748384757,43.466127069418,43.4514205879333,43.4335836412583,43.4124333148739,43.3882157261629,43.3619659003306,43.3359673806772,43.3141945268665,43.3024540392472,43.3077493639875,43.3363408306001,43.3903800091059,43.4641122877046,43.5421073542861,43.602363150891,43.6247739205691,43.6009603255466,43.5388895509504,43.4587593133659,43.3831576424492,43.3281554108718,43.2998056471702,43.2958392846968,43.3096311568516,43.3337697313737,43.3621178643956,43.3904804867453,43.4164472606058,43.4389221973663,43.4576403900991,43.4727924003316,43.4847745882297,43.4940418501801,43.5010304726738,43.5061235844231,43.50963975658,43.5118325199466,43.5128938348507,43.5129579640045,43.5121041945433,43.5103578731702,43.5076896280916,43.5040127668404,43.4991789546655,43.4929727080912,43.4851063517784,43.4752193334196,43.4628896847845,43.4476713924919,43.4291794042367,43.407252243509,43.382225356473,43.3553342231269,43.3292135670336,43.3083411458405,43.2990830096699,43.3087977798024,43.3434676211115,43.4039041095783,43.4819287788966,43.559428390348,43.6130604217381,43.6241047862012,43.5881065635636,43.5174724660907,43.4349433602376,43.3627734393828,43.3146814655511,43.2939768705528,43.2964365065105,43.3145943519278,43.3410508553734,43.3701116938749,43.3981254806027,43.4231507415913,43.4444286257034,43.4619066433829,43.4758934100212,43.4868410401004,43.4952232573047,43.5014754656909,43.5059705893312,43.5090132338781,43.5108417568569,43.511632658699,43.5115046661562,43.5105214827461,43.5086928844257,43.5059740174161,43.5022627300442,43.4973948480283,43.4911378115949,43.483184419433,43.473151038793,43.4605890776664,43.4450252073294,43.4260545780833,43.4035200230106,43.3778126834501,43.350311618727,43.3239176754036,43.3035016745544,43.295874438657,43.3086823913859,43.3476959315061,43.4126858019781,43.493621640062,43.570424883693,43.6189279759519,43.6216854328481,43.5772757701063,43.5012435408779,43.417856243148,43.3487943841854,43.3059183879884,43.2905990330606,43.2973523781078,43.3182573357085,43.3460228587214,43.375317430293,43.4028867053006,43.4271137047139,43.4474640867385,43.4640218078839,43.4771681230167,43.4873871355383,43.4951612959854,43.5009227538746,43.5050356450564,43.5077934447014,43.5094223368659,43.5100860189584,43.5098899570967,43.5088843908033,43.5070658262633,43.5043767439298,43.5007031140464,43.4958693824121,43.4896311964845,43.4816676801224,43.4715780083024,43.4588919212464,43.4431110794083,43.4238075393958,43.4008148144505,43.3745489984644,43.3464769090337,43.3196789225076,43.2993059578408,43.2925013887584,43.3071504908362,43.348922104352,43.416904234922,43.4998116399682,43.5762337234872,43.6214692948035,43.6189717625802,43.5693571181828,43.490184685302,43.406597755593,43.3397791282681,43.3003266815812,43.2883783904595,43.2977010466014,43.3201473560277,43.3485432899485,43.3778144565967,43.4049681636567,43.4285927576335,43.4482912075372,43.4642279190224,43.476824927293,43.4865827592029,43.4939868898293,43.4994658141253,43.5033768519925,43.5060049854634,43.5075666707632,43.5082147627133,43.5080430003496,43.5070895186248,43.5053390672571,43.5027234437085,43.4991194389866,43.4943436858793,43.4881445300244,43.4801927979764,43.4700765730826,43.4573103353245,43.4413764880789,43.4218270804121,43.3984829704945,43.3717693640463,43.3432043225319,43.315982825546,43.2954419839883,43.2889534531033,43.3045780806579,43.3479460987588,43.4177359912985,43.5018901975878,43.5781835804412,43.621607887751,43.6161871285843,43.5637614145283,43.4830365457364,43.3995799562606,43.3341986953169,43.2967214151461,43.2865924031528,43.2971970573914,43.3203112446756,43.3488672149918,43.3779591335723,43.4047509592862,43.4279466041529,43.4472216901466,43.4627799589069,43.4750610119785,43.4845705509716,43.491793013086,43.4971529912361,43.5010023887546,43.5036194717173,43.5052124835108,43.5059244708708,43.5058380486703,43.5049796174559,43.5033225668251,43.500788688959,43.4972467720675,43.4925074906932,43.4863145964161,43.478334401242,43.4681490643214,43.4552647293423,43.4391534879901,43.4193581013042,43.395697790755,43.3686144962321,43.3396749046014,43.3121658367777,43.2915577197228,43.2853657419926,43.3017301457992,43.3461901028831,43.4170869077873,43.5018416420149,43.5777852118827,43.6198859047243,43.6126962020547,43.558861054063,43.4776660376374,43.3947235666733,43.3304430984873,43.2941386301007,43.28489147069,43.2959564557503,43.3191527190795,43.3475326854995,43.3763151107566,43.4027588410885,43.4256265647717,43.4446234142655,43.4599635776744,43.4720868397901,43.4814947589775,43.4886664904922,43.4940213299567,43.4979057166463,43.5005915730194,43.5022792116174,43.5031018415994,43.5031305799514,43.5023794523275,43.5008097099177,43.4983323668104,43.49480758933,43.4900398077027,43.4837685030118,43.4756568836596,43.4652844869632,43.4521555526421,43.4357431131781,43.4155986509471,43.3915660609483,43.3641384183418,43.3349692363853,43.3074677251276,43.2872396246067,43.2818892942762,43.2995044717636,43.3453367933073,43.4172048477083,43.5019632790364,43.5766951442643,43.6167331875014,43.6075126811948,43.5525640415755,43.4715207233244,43.3896849412475,43.3268203833634,43.2916785851512,43.2830760886748,43.2942772513363,43.3172538573098,43.3452349382812,43.3735767761693,43.3996212683613,43.4221688538001,43.4409331426493,43.456121653957,43.4681619562053,43.4775431504597,43.4847338245116,43.4901447102164,43.4941147391673,43.4969081037974,43.4987160812329,43.4996609814762,43.4998012542639,43.4991371747218,43.4976162081854,43.4951366399159,43.491547789983,43.4866454974002,43.4801628778706,43.4717589423606,43.4610118384467,43.4474295941068,43.4304994779096,43.4098067388729,43.3852613230356,43.3574684003224,43.3282469499005,43.3012114389027,43.2821574072362,43.2787498933649,43.2988503870077,43.3470782999046,43.4202906384209,43.5044529933985,43.5764498684841,43.6124893389369,43.5996314724475,43.5428384882143,43.4621591194694,43.3822408040129,43.3217381268425,43.2885110369782,43.2809931267902,43.2924935337617,43.3152336725534,43.3427135517105,43.3704925536562,43.3960310128227,43.418180651464,43.4366644063754,43.4516780143729,43.4636297398422,43.4729891605198,43.480208074441,43.4856835027343,43.4897427732598,43.492639178419,43.4945525429643,43.4955923984087,43.4958029235194,43.4951690135144,43.4936223819904,43.49104601882,43.4872750972355,43.482092942111,43.4752222659927,43.4663148330084,43.4549473019306,43.4406374833791,43.4229036066499,43.4013983463329,43.3761553607823,43.3479790351278,43.318968612884,43.2930675795423,43.2763465761692,43.2764972637154,43.3009079872734,43.3530654116295,43.4282188986356,43.5109545617055,43.5779909850153,43.6071062036078,43.5880408161864,43.5280268483468,43.4477370653313,43.3707809802166,43.314083487316,43.2841005191039,43.2786243542891,43.2909721412303,43.3136984865251,43.3406902912089,43.3678101282011,43.3927056751506,43.4143197959282,43.4324035536282,43.4471465624358,43.4589361803651,43.4682173752088,43.4754188168071,43.4809174867311,43.4850234820977,43.4879746155677,43.4899358229095,43.4910014431031,43.4911996755921,43.4904985603483,43.488812267292,43.48600587734,43.4818966811234,43.4762507274118,43.4687752538603,43.4591109989017,43.4468334582867,43.4314790475399,43.4126205590225,43.3900245565382,43.3639263257374,43.3354440615541,43.307102242697,43.2833178633842,43.2705116922448,43.2763007086171,43.3072165971312,43.3649365880975,43.442328056026,43.5221344348136,43.5811575119842,43.5997393191606,43.5715591769151,43.506966771023,43.4273420048093,43.3547320054732,43.3036223262837,43.2785132808415,43.2762823177559,43.2902113647132,43.3132711252502,43.3398567780989,43.3662444091245,43.3903501633694,43.4112595236837,43.4287799614532,43.443107471099,43.4546112687899,43.4637089835769,43.4708007132369,43.4762370180788,43.4803045814297,43.483220453677,43.4851306523586,43.4861115748807,43.4861736904722,43.4852668926992,43.4832862938817,43.4800766807991,43.4754338272312,43.4691017982866,43.4607676262278,43.4500585556276,43.4365526317952,43.4198207036341,43.3995261762636,43.3756153995903,43.348629562136,43.320144388494,43.2932745958958,43.2730436610114,43.2662242286675,43.2801009125969,43.3197473011514,43.3841728870824,43.4630997548757,43.5372711382963,43.5843206584466,43.5885373279923,43.5488074163778,43.4791023789996,43.4011765752592,43.3347594090274,43.2911866417499,43.2725699340193,43.2747172861373,43.2908992832856,43.3146047349152,43.3408524134939,43.3664297247608,43.3895925120707,43.4096152354374,43.4263887760553,43.4401289471243,43.4511914135754,43.4599656266906,43.4668192052219,43.4720709442915,43.4759784812046,43.47873298069,43.4804574091833,43.4812072360315,43.4809731858935,43.479685504345,43.4772186349674,43.4733947740289,43.4679849609868,43.4607076084037,43.4512270254414,43.4391588078097,43.4240950591749,43.4056699521394,43.3836936464293,43.3583858773287,43.3307302981303,43.3029301969421,43.2788534394676,43.264197658768,43.2659256620846,43.2904695012621,43.3405646516233,43.4115862584078,43.4896124155224,43.5538809668805,43.584327279633,43.5708752992931,43.5185506785005,43.4447380473928,43.3706339915703,43.3126930652762,43.2785301366103,43.2676977836363,43.274995051796,43.2938162137991,43.318296895785,43.3441774316802,43.3688242762763,43.3908774466713,43.4098283365483,43.4256677694518,43.4386401001233,43.4490908739075,43.4573812629056,43.4638440334486,43.4687625246962,43.4723610784225,43.4748007623498,43.4761777327333,43.4765234138975,43.4758062549182,43.473934641155,43.4707600952943,43.4660797004164,43.4596371913963,43.4511238165728,43.4401832226664,43.426429491767,43.4094939936622,43.3891240712046,43.365362075358,43.3388305193332,43.3111257114959,43.2852592788236,43.265966860129,43.2595358512668,43.2726776194481,43.3100964647679,43.371060192405,43.4464690013196,43.5189184003191,43.5676141191632,43.5769688008794,43.5441414339834,43.4804054657639,43.4053818294105,43.3382325236632,43.2911865979046,43.2678911269681,43.2655258999816,43.2781791663262,43.2996052095349,43.324724735852,43.3500651870718,43.3735982533783,43.394357332228,43.4120539980875,43.4267804908422,43.4388105150223,43.4484796992729,43.456120398599,43.4620291930953,43.4664519108249,43.4695769958144,43.4715324853519,43.4723846535665,43.4721377860516,43.470734963979,43.4680595937166,43.4639371797809,43.458136971756,43.4503740732202,43.4403147979339,43.4275918248656,43.4118411550756,43.392779572549,43.3703474897115,43.3449431611878,43.3177608760618,43.2912022990265,43.269238408425,43.2574554631731,43.2623709231986,43.2896057358834,43.3408965411047,43.4108792512186,43.4857114297694,43.5457831006872,43.572813076273,43.5581302980533,43.5069449226476,43.4356205129722,43.3639193201375,43.3073017718954,43.2731625576474,43.2614125538994,43.2674019213844,43.2849816596858,43.3085436416187,43.333905055815,43.3583977825084,43.380579122738,43.3998500343354,43.416121937651,43.4295756063058,43.4405070678559,43.4492386519058,43.4560723716612,43.4612677708141,43.4650322998683,43.4675172622389,43.4688158819836,43.4689621713475,43.4679303070436,43.4656345223504,43.4619294858324,43.4566111894807,43.4494189464158,43.4400406334293,43.4281261941167,43.4133188844771,43.3953196254513,43.3740059470092,43.3496300139594,43.3231128082405,43.296420812383,43.2729404286441,43.2576436180829,43.256691572516,43.2760592343998,43.318992847223,43.3828401219967,43.4568840080241,43.5234313647891,43.5633161099613,43.5639688711098,43.5254338493929,43.4602729300849,43.3874471986384,43.3243259118838,43.2813650153864,43.2611560817892,43.2606061499884,43.2740222448006,43.2955432743098,43.3204366150116,43.3454640323751,43.3687226054599,43.3892940538389,43.406893538382,43.4215949978023,43.4336450236482,43.4433496887156,43.4510122086408,43.4569019738693,43.4612408339122,43.4641976589358,43.4658861700647,43.4663636915627,43.465630026626,43.4636263915101,43.4602345991806,43.4552768323756,43.4485167837309,43.4396640833833,43.4283861876301,43.4143355785758,43.3972052334758,43.3768310848331,43.3533640815826,43.3275306553812,43.3009780913567,43.2766449677357,43.2589935190562,43.2538024764138,43.2671228084529,43.3031198071834,43.3610782316054,43.4328339353454,43.5027276750191,43.5517029304875,43.5647392347898,43.5377847095499,43.4797087478474,43.4079260917071,43.3407079773675,43.2908447678065,43.2633420110211,43.2567404659431,43.2660221392516,43.2852887791595,43.3094103168941,43.3346635750189,43.3587220993585,43.380357372514,43.3990848908637,43.4148649213951,43.427888565724,43.4384416133205,43.4468261496557,43.4533198109133,43.4581569911244,43.4615213627103,43.4635432901347,43.4642987462487,43.4638082782466,43.4620356614509,43.458886418902,43.4542066948802,43.4477834035294,43.4393475133977,43.4285841719367,43.4151564673998,43.3987540933073,43.3791835225924,43.3565205782219,43.3313447687398,43.3050582532923,43.2802467507279,43.2609511010737,43.2525899705108,43.2611621756073,43.2914065081676,43.3440171066439,43.4128847206255,43.4842576568759,43.5396735436303,43.5626191135231,43.5458638516489,43.4949448196027,43.4254206207238,43.3557980361305,43.3005946663634,43.2669072486719,43.2548630520529,43.2602261195455,43.2772071088259,43.3004003811727,43.3256775206406,43.3503315158477,43.3728420758173,43.392529996795,43.4092408919901,43.4231077728121,43.4343939348451,43.4433990627101,43.4504084585312,43.4556685965442,43.4593770288398,43.4616790167049,43.4626665470278,43.4623776147288,43.4607950165588,43.4578446742575,43.4533939745825,43.4472510951456,43.4391671277558,43.4288443918405,43.4159570067075,43.4001937606215,43.3813382775595,43.3594059441355,43.334857114979,43.3088938550707,43.2838101428539,43.2632886931321,43.2524191299459,43.2570923183607,43.2824251258366,43.3301864267612,43.3959594782718,43.467728935259,43.5278453265237,43.5588945434564,43.5511361772436,43.5071426057546,43.4405214311293,43.3696059642574,43.3102002505779,43.2712136254032,43.2542757125098,43.2559758495342,43.2707236715542,43.2929235986166,43.3181037421498,43.3432138621243,43.3664611739278,43.3869799583091,43.4045035446955,43.4191067806771,43.4310298132947,43.4405695118016,43.4480188304456,43.4536365025908,43.4576339814383,43.4601709674374,43.4613543445423,43.4612377890213,43.4598208878403,43.4570475567571,43.4528041494196,43.4469181858891,43.4391594220633,43.4292463846518,43.4168638663048,43.4017004593033,43.3835198575486,43.3622842307208,43.3383492391107,43.3127413607624,43.2874975340849,43.2659803050889,43.252972365956,43.2542305271262,43.2751411074176,43.3183504260503,43.380908318315,43.4524133101618,43.5161431403507,43.5541430309016,43.5545943741794,43.517360196991,43.4540526768365,43.3825708416072,43.3197139594391,43.2760171993987,43.2545554551615,43.2527712225269,43.2653313284992,43.2865048608714,43.3115154289396,43.3369932075518,43.3608855966275,43.3821463885022,43.4003990957211,43.4156612333682,43.4281500897588,43.4381600122883,43.4459920865873,43.4519179178059,43.4561634257481,43.4589030552109,43.4602584665132,43.46029840585,43.4590382010874,43.4564384242504,43.4524029652138,43.4467773424439,43.4393488333551,43.4298512726795,43.4179794941578,43.4034216623276,43.3859221363426,43.3653921790222,43.3420881202971,43.3168705847872,43.2915335508565,43.2691341154194,43.25415333673,43.2521930839153,43.2688453645043,43.307528028676,43.3666485920249,43.4373855807276,43.5040554520423,43.5484054617073,43.5567859858026,43.5264471871386,43.4669005340691,43.3953948098738,43.3295375205225,43.2814082979842,43.2555400966747,43.2502833270371,43.2606154879042,43.2807049231606,43.3054871065577,43.331277777077,43.3557647351712,43.3777201977896,43.3966569762162,43.4125349537872,43.4255488058721,43.4359910111685,43.4441717066872,43.4503764165021,43.4548465545679,43.4577721730138,43.4592902883109,43.4594849485619,43.458387113133,43.4559736343675,43.4521654152254,43.4468254270796,43.4397579895024,43.4307118553343,43.4193915558939,43.405484455649,43.388715131725,43.3689434516247,43.3463259560731,43.3215568221706,43.2961852940786,43.2729571653436,43.2560365039544,43.2508388098907,43.2631125049028,43.2969938726496,43.352229722953,43.4216467090633,43.4907757133493,43.5412879485226,43.5578349082182,43.5349860940801,43.4799098748065,43.4089384199906,43.3403442595458,43.2877680251741,43.2573122490584,43.2483548812661,43.2562616746044,43.2751293809106,43.2996024070036,43.3256658724062,43.3507308352483,43.3733750753455,43.3929929414159,43.4094829749275,43.4230161758295,43.4338836004343,43.4424056351152,43.4488832173521,43.4535747801662,43.4566873788406,43.4583745576125,43.4587365699093,43.4578206478935,43.4556203568771,43.4520739254455,43.4470620699978,43.4404065025396,43.4318713253665,43.4211712157414,43.4079930247136,43.3920413438405,43.3731234024902,43.3512927456852,43.3270703452636,43.3017477548656,43.2777363832705,43.258845711823,43.2502513653172,43.2577979888263,43.2863032811213,43.3368921921712,43.4042058292947,43.4752767963613,43.5319922835137,43.5574094977795,43.5432116626041,43.4937904993294,43.4241477046613,43.3530418548158,43.2957621465611,43.2602106500106,43.2470161230661,43.2520683055963,43.2694356689956,43.2934556561357,43.3197435976529,43.3453945096294,43.3687620881519,43.3891036118359,43.4062464824208,43.4203340772558,43.4316554782244,43.4405424940684,43.4473133718678,43.4522456366337,43.455565323,43.4574442617067,43.4580004187923,43.4572985769685,43.4553501265191,43.4521116630008,43.4474827301313,43.4413036613052,43.4333553523142,43.4233642733026,43.4110184544701,43.3960038306735,43.3780751091719,43.357180134838,43.3336583073234,43.3085248595141,43.2838214764805,43.2629442972724,43.2507452868296,43.2530709324538,43.2753597587576,43.3201655716928,43.3841840689051,43.4563776117388,43.5193044708975,43.5546233726861,43.5508586592002,43.5089721855148,43.4419655921089,43.3687540777173,43.3063752528729,43.2648865966825,43.2465386453062,43.2479851567865,43.263353749898,43.2866580085236,43.3130813136902,43.3393358603781,43.3634985719403,43.3846550274494,43.4025420215038,43.417266305107,43.4291122837752,43.4384238328034,43.4455386650789,43.4507560439289,43.4543236105326,43.4564338760521,43.4572246264096,43.4567800502119,43.4551310542554,43.4522542548078,43.4480697935111,43.4424386846276,43.4351611349308,43.4259785105583,43.4145837200906,43.4006480819726,43.3838773595658,43.3641149612812,43.341513974118,43.3167960512954,43.2915934180669,43.2688145922041,43.252871201998,43.2494635660068,43.2645235790064,43.302033247871,43.360999476961,43.4328786682615,43.5016058729063,43.5478908885301,43.5569067615014,43.5253406232895,43.4631556656006,43.3887724631405,43.3209682018188,43.2724139599808,43.2475484430406,43.2442007353132,43.2567396414694,43.2788614176049,43.3052368543851,43.3320954647786,43.3571532529845,43.3792659443944,43.3980451894055,43.4135436753754,43.4260344154659,43.4358725824487,43.443417451305,43.4489932066423,43.4528724467892,43.4552714750561,43.4563506473398,43.4562159747578,43.4549200753742,43.452461726301,43.448783968731,43.4437712274411,43.4372464941014,43.4289705985066,43.4186473144213,43.4059409037696,43.3905169746132,43.3721230262179,43.3507303283076,43.3267596860153,43.3014013524651,43.2769990572215,43.2573823021566,43.2478952064893,43.2547291055457,43.2831622051474,43.3346812962678,43.4038659696532,43.4770280612862,43.5348270388372,43.5592359119033,43.5417868914868,43.4879290069308,43.4143786872297,43.3413021659834,43.2844417421376,43.2512173016919,43.2413092255864,43.2496910712308,43.2698225955204,43.2957797394173,43.3231730671556,43.3492311164408,43.372486836051,43.3923684677151,43.4088430912993,43.4221583174854,43.4326767682518,43.440780616153,43.4468224992696,43.4511040910331,43.4538694291953,43.4553049274664,43.4555414323764,43.4546559284892,43.4526718539808,43.4495577725974,43.4452246324926,43.4395222947321,43.4322367273963,43.4230905816009,43.4117521957582,43.3978618064894,43.3810890313623,43.3612418724997,43.3384519452452,43.3134568653464,43.2879762134484,43.2651137606697,43.249599829389,43.2475277492211,43.2651310535278,43.3063070898876,43.369275469575,43.4439384893707,43.5124056260756,43.5543288449841,43.55556191917,43.5152380314032,43.4463568481256,43.3693865390143,43.3033213973875,43.2595308676543,43.2405923328391,43.2427706591998,43.259546704509,43.2843649153511,43.3120516791018,43.3391675428534,43.3637787866172,43.3850342875491,43.4027600704037,43.4171510396831,43.4285670806795,43.4374123047626,43.4440711240088,43.4488790967373,43.4521128898144,43.45398936082,43.4546679171052,43.4542530541657,43.4527956465683,43.4502925039712,43.4466842123556,43.4418516289027,43.4356118684799,43.4277155341759,43.4178486938305,43.405646130643,43.3907270749981,43.3727709129163,43.3516569760355,43.3276953424629,43.3019653430226,43.2767387352042,43.2558741372886,43.2449183936643,43.2504809230123,43.2784118638844,43.3306907758761,43.4019345513519,43.4777369884071,43.5374099768564,43.5616516504745,43.5416829247022,43.4839418666791,43.4068567666876,43.3320007752629,43.2755486438338,43.2444260313779,43.2373930748256,43.2485759249934,43.2709104655377,43.2982853346648,43.3263554123936,43.3525053615568,43.375449589103,43.3947770139654,43.410578232122,43.4231874530548,43.4330241570457,43.440506182484,43.4460080248613,43.4498448586888,43.4522694817239,43.4534745304612,43.4535958063128,43.4527147087649,43.4508589847412,43.4480016146613,43.4440579583968,43.4388815559025,43.4322595184722,43.4239096159654,43.4134833972939,43.4005834514384,43.3848085652731,43.3658477722398,43.3436510850294,43.3187052917821,43.2924253126322,43.2676150053783,43.2488334539064,43.2423235672981,43.2549957110561,43.2920258705399,43.3532464317842,43.4297897154806,43.5037058826225,43.5528829569973,43.5603873409594,43.5230774084027,43.4534448219804,43.3732183929726,43.3033468567841,43.2566954343764,43.2363947566682,43.2385028345946,43.2559683959654,43.281724023952,43.3102570060224,43.3379703097003,43.3629010003194,43.38423746384,43.4018705131507,43.4160606049565,43.4272234189279,43.4358067104343,43.442227752877,43.4468467182451,43.4499590874433,43.4517966631325,43.4525313406902,43.4522787061283,43.4511002058634,43.4490034779293,43.4459407849603,43.4418056392758,43.4364279484583,43.4295686595683,43.4209163335089,43.4100908119168,43.3966636498618,43.380211575057,43.3604273481794,43.3373192542251,43.3115285989271,43.2847688408647,43.2603166221068,43.2433411007442,43.2406554752559,43.2593266258112,43.3037603058897,43.3717347997417,43.4513559913527,43.5220026399474,43.5611260309528,43.5546148374614,43.5043416080219,43.4273033431271,43.3469240422203,43.2827483931296,43.2446031537698,43.2327199917121,43.2413872006013,43.2629898379765,43.2906966604831,43.3195704608578,43.3466163635966,43.3703546969274,43.3903050535316,43.4065582602101,43.4194803925118,43.4295326471112,43.4371738488031,43.4428146929537,43.4468009705482,43.4494110803406,43.4508592591158,43.4513000350544,43.4508318479469,43.4494990654787,43.4472921684006,43.444146017368,43.4399361512627,43.4344733042846,43.4274971109372,43.4186717118595,43.4075891824379,43.3937919014753,43.3768324129014,43.3563982276568,43.3325359037186,43.3060046735204,43.2787570802762,43.2544557919015,43.2387692407855,43.2389675686255,43.2622118159,43.31221920453,43.3850493851519,43.4664140852871,43.5337944785896,43.5647094770798,43.5476372422729,43.4883936634814,43.4070717536708,43.3278194360568,43.2686860895394,43.2370914151797,43.2312308560871,43.2443014378644,43.2684649225828,43.2971806783656,43.325981132,43.3523160469792,43.375042918511,43.3939022183282,43.4091121046786,43.4211017901944,43.4303564184675,43.4373372806075,43.4424470878447,43.4460192719238,43.4483183673514,43.4495443087821,43.4498371340379,43.4492806392336,43.44790449649,43.4456846367233,43.4425416679141,43.4383370572785,43.432867071712,43.4258554019452,43.4169474224846,43.4057126783534,43.3916679690335,43.3743415376873,43.3534084079532,43.3289338483713,43.3017561295916,43.2740012906596,43.2496223669561,43.234670887968,43.2367728149255,43.2631697106612,43.317064836029,43.3932386519688,43.4756644247203,43.540536059112,43.5655924828396,43.5413180512257,43.4763261574506,43.3926957296017,43.3148061301964,43.2594726350917,43.2324103941097,43.2304916515084,43.2462829060076,43.2718916886125,43.3010339246522,43.3295848152484,43.3552974347098,43.3772491475658,43.3953186477802,43.4098000146879,43.4211574035557,43.4298869425007,43.4364483991853,43.4412371576706,43.4445768734862,43.4467211847063,43.4478583483494,43.4481159993748,43.4475649741955,43.4462218333226,43.4440497950719,43.4409576208701,43.4367959047945,43.4313505456042,43.4243342795871,43.4153794543472,43.4040392377063,43.3898106999355,43.3722018621389,43.3508747710488,43.325903558439,43.2981792350598,43.2699502331876,43.245378526623,43.2307932931838,43.2340786348173,43.2625351716816,43.3190019654026,43.3973671998101,43.4804276084936,43.5435694159103,43.5647903300544,43.5359992904504,43.4676388384775,43.3829509543539,43.3062880745288,43.2535512246971,43.2293447892227,43.2297537457935,43.2470251629524,43.2733004078221,43.3024989505761,43.330729336967,43.355936932687,43.3773308091071,43.3948675379641,43.4088805128151,43.4198493374898,43.4282726088259,43.4346063623536,43.4392395715487,43.4424881752216,43.4445970098836,43.4457442836274,43.4460462915099,43.445561554915,43.4442940230144,43.4421948649235,43.4391620998646,43.4350372133677,43.4295983298381,43.4225508109827,43.4135187338063,43.4020450543755,43.3876148680192,43.3697251573415,43.3480345454478,43.3226331364046,43.2944638180388,43.2658799321021,43.2412081236715,43.2269784019781,43.2312342647934,43.2612568264688,43.3195401167623,43.3992772267848,43.4824651694492,43.5440819738027,43.5625290588317,43.5308420080977,43.4606644828186,43.3758102786322,43.3003725708171,43.2495074486228,43.2270860354395,43.2287641007074,43.2466863633078,43.273097639641,43.302093834121,43.3299484772183,43.3547267798187,43.3757103983292,43.3928922967056,43.4066192894662,43.4173720649747,43.4256448860132,43.4318876882191,43.4364829089046,43.439739480799,43.4418941745958,43.4431155240409,43.4435083999103,43.443118547358,43.4419366415294,43.4399011416261,43.4368988597115,43.4327620856181,43.4272616709775,43.4200970165691,43.4108868047086,43.3991690089207,43.3844256176081,43.3661566515715,43.3440380124322,43.3182033750378,43.2896793498675,43.2609521897241,43.2365214867057,43.2230835675171,43.2287424175335,43.2605973750256,43.32062360944,43.4012436466406,43.483790977754,43.5431845992489,43.5586084866232,43.524368934409,43.4531080674167,43.3688151223856,43.2950033778538,43.2459940138516,43.2250332010558,43.2275290118706,43.2456751770637,43.271901937738,43.3005023704925,43.3278994692082,43.3522488904464,43.3728752446499,43.3897839791419,43.4033183869506,43.4139493201179,43.4221601982268,43.4283912150876,43.4330162806343,43.4363361293775,43.4385785345595,43.4399013831129,43.4403969698507,43.4400968936197,43.4389769782277,43.4369612209469,43.4339233518569,43.4296845724514,43.4240067876161,43.4165824798081,43.407025637366,43.3948732158603,43.3796138069279,43.3607693666706,43.3380652599748,43.3117278065141,43.2829336805779,43.2543778534002,43.2307953689555,43.2190553027336,43.2272155963825,43.2619330702371,43.3242798740715,43.4055524638285,43.4863327644345,43.5418198121674,43.5526347242755,43.5149537542832,43.4426149388017,43.3595381206817,43.2882158851862,43.2417781084709,43.222695981641,43.2261501661917,43.2444800491688,43.270400482025,43.298470906119,43.3252998862284,43.3491456967814,43.3693746391612,43.3859976079519,43.3993459596356,43.4098729370781,43.418044640048,43.4242863499962,43.4289593670982,43.4323529835869,43.4346833528421,43.4360955304085,43.4366673136328,43.4364143089433,43.4352955125099,43.4332181507041,43.4300400832855,43.4255681539515,43.4195518452509,43.4116737749493,43.4015422616926,43.3886966935854,43.3726439410316,43.3529531378731,43.329444498009,43.3025087504948,43.2735726350342,43.2456578570184,43.2238376693637,43.2151762892172,43.2275384214271,43.2667527892244,43.3324020670466,43.4140893922084,43.4914529408581,43.5404086293414,43.5439549350776,43.5010779852747,43.4272428831446,43.3460978022599,43.2785520408554,43.2359939211679,43.2197941594939,43.224817404658,43.2436066943148,43.2692709073204,43.296738369876,43.3228767852001,43.3460909027601,43.3658102182647,43.3820583967376,43.3951542780889,43.4055290621837,43.4136255881222,43.4198480516927,43.4245394112095,43.4279725743751,43.4303480721211,43.4317950546188,43.4323745078063,43.4320841740763,43.4308643640892,43.4286032302914,43.4251396501728,43.4202620881816,43.4137030458088,43.405131281836,43.3941481616865,43.380300498562,43.3631300675825,43.3422887318456,43.3177545984197,43.2901806080579,43.2613759612901,43.2348374883782,43.2160897721019,43.2123780873892,43.2311192943824,43.2767548362056,43.3466132890665,43.4279661332763,43.4994401212395,43.5383916959959,43.5314233436627,43.4813965464408,43.405776565248,43.3275951468884,43.2654899846192,43.2284823748102,43.2164796179076,43.2239244762548,43.2436167754626,43.2691737854733,43.2960070912906,43.3213319940982,43.3437580548293,43.3628114334095,43.3785445943761,43.3912688729739,43.4013920405006,43.40932892385,43.4154564372914,43.4200927830299,43.4234886403402,43.425824113977,43.4272088667767,43.4276846071352,43.4272294882219,43.4257635760327,43.4231539157234,43.4192173905712,43.4137199862922,43.4063726318317,43.3968267998656,43.3846777614519,43.3694899131289,43.3508666126111,43.3285948812491,43.3028985416728,43.2748214492311,43.2467167409215,43.2227140821831,43.2088632412111,43.2124582266542,43.2400114120416,43.2937921567858,43.3680010676364,43.4470982118225,43.5090684522716,43.5339222615619,43.5133086768245,43.4548406272214,43.3779475498245,43.3043706167237,43.2496845602606,43.2199876205772,43.213478089803,43.2241556034625,43.2451655894697,43.2707515761145,43.2969142018838,43.321296023634,43.3427647459635,43.3609753210529,43.3760259408105,43.3882272490204,43.3979640410772,43.4056198290838,43.4115389822215,43.4160089918636,43.4192525769656,43.4214245240212,43.4226112680063,43.4228326349249,43.4220453877888,43.4201477846118,43.4169838062203,43.4123455548239,43.4059730229096,43.3975523797878,43.3867174353022,43.3730642197795,43.3561955990188,43.3358206965597,43.3119398985321,43.2851436881584,43.257029249859,43.2306721888325,43.2109621318202,43.2044301449717,43.2180580360617,43.2566969788227,43.3194341005425,43.3965397016097,43.4696841612123,43.5173432913972,43.5239556108703,43.4876143212015,43.4209585093778,43.3446390560063,43.2780408330936,43.2328929000625,43.212044885382,43.2119845598314,43.2264006018813,43.2489300913277,43.2745581650582,43.29995434526,43.3232404229659,43.3435748070672,43.3607606838986,43.3749525623687,43.3864649830906,43.3956602915778,43.4028885236387,43.4084576958563,43.4126199778655,43.4155654062,43.4174191400569,43.4182407962242,43.4180254905723,43.4167063177904,43.4141576150644,43.4101979830904,43.4045921694977,43.3970520086608,43.3872390518546,43.3747756127266,43.3592767964453,43.3404232642219,43.318101312393,43.2926388283984,43.2651533040265,43.2379850618013,43.2150952116358,43.2021567028367,43.2059047958229,43.2322959249345,43.2834178580788,43.3540825802841,43.4302614899521,43.4917820258017,43.5196877063429,43.5049312066735,43.4528843606732,43.3804704328493,43.3080246516166,43.2512855585743,43.2175830296709,43.2065686228183,43.2133182313656,43.2314983889999,43.2554255717512,43.2809218623713,43.3053650979854,43.3273696261746,43.3463882141468,43.3623731628297,43.37553549149,43.3861933976592,43.394685909454,43.4013279495364,43.4063888044125,43.4100823801939,43.4125627783563,43.4139222144247,43.4141902728968,43.4133342904024,43.411260705501,43.4078169593927,43.4027934442072,43.3959255388033,43.3868973848736,43.3753521160405,43.3609179910918,43.3432661552085,43.3222224797305,43.2979599535079,43.2712923343824,43.2440612933258,43.2195400815513,43.2026536958059,43.1996591044916,43.2168420336464,43.2579843968522,43.3210705109237,43.3958433486089,43.4645754489845,43.5074509720029,43.5108877693337,43.4740706846413,43.4092698609805,43.3357467038252,43.2714540504271,43.2273617244086,43.2063291310708,43.2053013913754,43.2184986308894,43.2399450662765,43.2648179487829,43.2898267959155,43.3130474883665,43.3335595998873,43.3510853291564,43.3657089067673,43.3776877378207,43.3873383115458,43.3949736043689,43.4008718393734,43.4052622551612,43.4083189928441,43.4101583366008,43.4108372255259,43.4103524112258,43.4086402021369,43.4055767950802,43.4009791606556,43.394606756257,43.3861654286962,43.3753171524405,43.3617030472412,43.34499246827,43.3249771824745,43.3017344321408,43.2758805742024,43.2489174989582,43.2236213834611,43.2043225366931,43.1967827976193,43.2072619231605,43.2404467708106,43.2964270893578,43.367890987901,43.4396555183225,43.4923725115004,43.5099288026117,43.4868447249039,43.4309249141513,43.3593256314788,43.2907955108042,43.2389191171595,43.20939721148,43.201169339422,43.209333307189,43.2279334880257,43.2517176757654,43.2768428957428,43.3008924273717,43.3225800191412,43.341389027596,43.3572646127356,43.3703929846167,43.3810607679165,43.3895739158253,43.3962153272615,43.4012249161351,43.4047912096152,43.4070480019311,43.4080727573455,43.4078854273272,43.4064473821811,43.4036605773245,43.3993672342559,43.3933506022285,43.3853381900731,43.3750106338638,43.3620224557926,43.3460455265839,43.3268516547015,43.3044556587521,43.2793401725284,43.2527695808605,43.2271590314278,43.2063802785675,43.1957584022975,43.2013894181883,43.2284241060961,43.2783309376868,43.3459909579542,43.4184627163883,43.4774058071263,43.5054634268403,43.4938553140001,43.4465847104314,43.3783995166052,43.3079448398517,43.250522418675,43.2141516298965,43.1996503664835,43.2031258738979,43.2188508202825,43.2413257111134,43.266277284171,43.2908630166345,43.3134596341512,43.3333192612694,43.3502462089147,43.364351088263,43.3758866893852,43.385149174931,43.3924241449941,43.3979601968018,43.4019575250093,43.4045636512409,43.4058718300416,43.4059200074729,43.4046896039121,43.4021041280046,43.3980280117537,43.3922664258601,43.3845675614214,43.3746303432463,43.3621231426015,43.3467230041322,43.3281899574724,43.3064958130309,43.282027859422,43.2558776717737,43.2301915028241,43.2084867712991,43.1957240371011,43.1977987495442,43.2200923463861,43.2649910901924,43.3289965107949,43.4010187010774,43.4638514317808,43.4996283883834,43.4972833786595,43.4577529910464,43.3934686301572,43.3225031486777,43.2612201695763,43.2194546121882,43.1996766280666,43.1990006285988,43.2120363205379,43.2331665666573,43.2577931284817,43.2827172628228,43.3060177168427,43.3267337345652,43.3445353125397,43.359458411449,43.3717210196449,43.3816083697696,43.3894079417804,43.3953763176676,43.3997243357227,43.4026114980462,43.4041442086914,43.4043749864659,43.4033014472833,43.400864827596,43.3969483976062,43.3913765914917,43.3839163960671,43.3742838550438,43.3621608278378,43.347230646388,43.3292459250114,43.3081464445343,43.2842467375762,43.2585052946611,43.2328591121311,43.2105445006099,43.1962202118984,43.1955856312968,43.2141366877043,43.2549004641839,43.3156053240979,43.3866722498928,43.451980810571,43.4935342256892,43.4986549032929,43.465827369052,43.4054031040765,43.3346909516306,43.2706960250744,43.2246702953951,43.2004989426222,43.1962343241889,43.2068606318494,43.226721615199,43.2509718951959,43.2761161806234,43.2999743092086,43.3213951259679,43.3399256303797,43.3555319331197,43.3683987745429,43.378800732639,43.3870271249094,43.3933424375868,43.3979679280681,43.4010744628882,43.4027803780318,43.40315087942,43.4021973324375,43.399875940358,43.3960860372469,43.3906687963733,43.3834078848181,43.3740348178116,43.3622438337807,43.3477242987985,43.3302229268099,43.3096526315476,43.2862670308029,43.2609138016545,43.2353561337172,43.2125958795694,43.1970354947888,43.1941950385047,43.209632592048,43.2468613159235,43.3045912607464,43.3745101938109,43.4414928618527,43.4875899127601,43.4989188537669,43.4719430946661,43.4151640792717,43.3450746159565,43.2790803945029,43.2295801121229,43.2016848846468,43.1943038506865,43.202795013605,43.2215024342095,43.245382708625,43.270686951061,43.2950076824029,43.3170239874452,43.3361720610246,43.3523546881612,43.3657265179935,43.3765528868803,43.3851256055253,43.3917174409982,43.3965602937105,43.3998363945086,43.4016756523481,43.4021551442531,43.401298706204,43.399075861719,43.3954001583337,43.3901276299132,43.3830568477205,43.3739331824455,43.3624618113281,43.3483369569459,43.3312988744781,43.3112345504299,43.2883407252734,43.2633636264803,43.2379094071425,43.2147696328381,43.1981167307069,43.1933059096153,43.2059379192101,43.2399376043404,43.2948685983926,43.3635483200569,43.431783526877,43.4817533895518,43.4985849976427,43.4769623392299,43.4236778881054,43.3543950128028,43.2867960337447,43.2342777617459,43.2030668693792,43.1928752862165,43.1994254383733,43.2170769295382,43.2406122763514,43.2660525521783,43.2907822428942,43.3133248114409,43.3330151893959,43.3496988373538,43.3635038783179,43.3746884697796,43.3835481555097,43.3903648175773,43.3953816213422,43.3987926062859,43.4007394712145,43.4013110879295,43.4005433614576,43.3984184328795,43.3948631326275,43.3897472881478,43.3828832383804,43.3740290089642,43.3628993842723,43.3491918741807,43.3326384127968,43.3130980407889,43.2907089294836,43.2661153875207,43.2407683904876,43.2172540163091,43.1995212265061,43.1927643391385,43.2026206414971,43.2334037511322,43.2854937017799,43.3528052278402,43.4220798916179,43.4756806707492,43.4978315088758,43.4815046362914,43.4317911443909,43.3634775006644,43.2944593591757,43.2390873480627,43.2046870574236,43.1917740938823,43.1964414641486,43.2130697003282,43.2362711531239,43.2618403764513,43.2869576518134,43.3099949070136,43.3301897423336,43.3473337046627,43.3615311265205,43.3730350889365,43.3821464824836,43.3891575850808,43.394323885346,43.3978521148017,43.3998964680256,43.400558115053,43.3998853124457,43.3978728868686,43.3944608380292,43.3895325334021,43.3829137042796,43.3743744893437,43.363638428253,43.3504048944612,43.3343951311258,43.315436470211,43.2936029132354,43.2694290705426,43.2442006604107,43.2202861243175,43.2013975575874,43.1925557058087,43.1994267625871,43.2267188248977,43.2756594940933,43.34132720211,43.411492758412,43.4687879955638,43.4965517372703,43.4859609275334,43.4402509668145,43.3731904176633,43.3028328164775,43.2445209982777,43.2067651720651,43.1909633091795,43.1936227041518,43.2091542295728,43.2319894668212,43.2576799306275,43.2831875264503,43.3067235821498,43.3274240208303,43.3450253703208,43.3596088688026,43.3714240117284,43.3807787516277,43.38797743611,43.3932894118578,43.3969354722693,43.3990835078414,43.3998480170141,43.3992904737097,43.3974191091505,43.3941876938658,43.3894936488437,43.383176526128,43.3750188574684,43.3647528891456,43.3520791251339,43.3367061069876,43.3184252800235,43.2972389065242,43.2735594092093,43.2484882175429,43.2241494639668,43.2039848822201,43.1928066084869,43.1962863766657,43.219538404243,43.2647133281628,43.3282084244385,43.3990308286017,43.4602503255332,43.4943328912549,43.4904583112841,43.449668672841,43.3844192228399,43.3128133365058,43.2512781100646,43.2097021325705,43.1905464300191,43.1908386459998,43.2050495504947,43.2274113999018,43.2531962405801,43.2791126058544,43.3031855706299,43.3244338292766,43.3425311780157,43.3575331051207,43.3696856789246,43.3793054050368,43.3867106763708,43.3921867327382,43.3959703427364,43.3982448272277,43.3991395687564,43.3987306622819,43.3970410370148,43.3940394682727,43.3896386543737,43.3836932079421,43.3759992749328,43.3662988568952,43.3542941071826,43.339680176188,43.3222095683509,43.3018055702589,43.2787443706538,43.2539188865494,43.2291711401024,43.2076197741115,43.1938057034351,43.1933518105748,43.2117692540003,43.2522194843641,43.312642627606,43.3836171038596,43.448964679702,43.4903694961627,43.4947516062858,43.4604284678812,43.3980202560464,43.3254351021799,43.260281116319,43.2141265421602,43.1908076136716,43.1880747902056,43.2005319789449,43.2221958989907,43.2480037041864,43.2743511857025,43.299030349832,43.3209119814031,43.3395900410944,43.355086528409,43.3676419598019,43.3775822184876,43.3852418734601,43.3909245954763,43.3948856423548,43.3973260894979,43.3983923087584,43.3981769399149,43.3967194229118,43.3940053274607,43.3899644906665,43.3844686051878,43.3773296553111,43.3683017781788,43.3570910741652,43.343380932105,43.3268847015828,43.3074425195604,43.2851827231774,43.260765486256,43.2357073406345,43.2127354789816,43.1960266704413,43.1910543776317,43.203664397948,43.2380828966484,43.2940445395062,43.3641593711347,43.433524269393,43.4833302570308,43.4980236135882,43.4724958872316,43.4147034832083,43.3418500718033,43.2727330070102,43.2209875606378,43.1923025559068,43.1855006430938,43.1954750843951,43.21603286039,43.2417059390587,43.2684896038493,43.2938683701077,43.3165134446965,43.3359081930772,43.3520256120595,43.3650947556473,43.3754503163476,43.3834450511135,43.3894040601949,43.3936042587523,43.3962674605649,43.3975597261423,43.3975926847587,43.3964245725532,43.3940600121873,43.3904483689915,43.3854811114092,43.3789892405574,43.3707428279436,43.3604563535983,43.3478062353574,43.3324709501941,43.3142092971863,43.2929972860815,43.2692449891336,43.2441032407688,43.2198324840787,43.2001258478846,43.1901507951402,43.1959384747143,43.2227373255683,43.2722798211477,43.3397478099136,43.4122884991929,43.4712382728926,43.4985990202609,43.4850748376832,43.4347651363012,43.363215630569,43.2901568402686,43.2316870302902,43.1960143814813,43.1836020111335,43.1899392057581,43.2086908305157,43.2339118394077,43.2610782809744,43.2872564993951,43.310836527813,43.3311398126185,43.3480625200366,43.3618099142435,43.3727221948131,43.3811716310376,43.387508055473,43.3920338934376,43.3949954284339,43.3965817785344,43.3969265565695,43.3961095197611,43.3941569724198,43.3910405653758,43.3866747069698,43.3809133221743,43.373547451189,43.3643064993351,43.3528682205143,43.3388861049692,43.3220478707,43.3021845441166,43.2794535546712,43.254615028324,43.229396010697,43.2068751956678,43.1917064175934,43.1898473269634,43.2073609689883,43.2480155085646,43.3100619516758,43.3836900916571,43.4515115266298,43.4936537301296,43.4960900840239,43.457562223754,43.3903574387719,43.314318023062,43.2482072945761,43.2035780270159,43.1834063584469,43.1843452262293,43.2001258796063,43.2242887839601,43.2516460762342,43.2786893441215,43.3034028335768,43.3248629839336,43.342841157778,43.3574953020101,43.3691624964942,43.3782339452319,43.3850873787689,43.3900552121495,43.3934127728498,43.3953763969454,43.3961053065278,43.3957039523618,43.3942232335489,43.3916600178653,43.3879549732073,43.3829891471478,43.3765802709469,43.3684807321796,43.3583809359605,43.345924781069,43.3307485509125,43.3125605393353,43.2912847803717,43.2672940572464,43.241745567338,43.216991096466,43.1969425275645,43.1871261697378,43.1940019961914,43.2231109130891,43.2760100352396,43.3469453969016,43.4214357106751,43.479177866702,43.5016085891135,43.4806515918505,43.4230055238171,43.3468175431085,43.2730952057837,43.2175245659699,43.1868184940842,43.1797797837292,43.1907021328107,43.2126937932297,43.2397609471426,43.2676133697958,43.2936449954872,43.3165550133802,43.3359085226461,43.3517727104682,43.3644625448566,43.3743831037432,43.3819419287672,43.3875062012502,43.3913857478581,43.3938292426475,43.3950259436111,43.395108715985,43.3941562404773,43.3921935483242,43.3891906935007,43.3850597480297,43.3796506590803,43.3727471327189,43.3640649647229,43.3532575519763,43.3399371404361,43.323725968153,43.3043583891248,43.2818609702179,43.2568361758756,43.2308538544363,43.20689326646,43.1896567894321,43.1854014823746,43.2007942665661,43.2404135314443,43.3031946550306,43.3793892746115,43.4507086233969,43.4956579059617,43.4987590333354,43.4584358293125,43.3880074688016,43.3089708312872,43.2413456152957,43.1970068852885,43.1784636296451,43.1815926751842,43.1994524891257,43.2251921620821,43.2535016372976,43.2809255051774,43.3055801987482,43.3266879858473,43.3441464478395,43.3582094238696,43.3692809484298,43.3777964002795,43.3841617440413,43.3887274073818,43.3917806205705,43.3935461664893,43.3941898419038,43.3938217229261,43.3924979622444,43.3902207037997,43.3869361012562,43.3825306511467,43.3768263833535,43.369576215323,43.3604623692889,43.3491036471796,43.3350820263771,43.3180056602214,43.2976330944203,43.274088964279,43.2481962142753,43.2219177996599,43.1988183785499,43.1843053015833,43.1852130867171,43.2081912522002,43.2566291005026,43.3268043415357,43.4054090794964,43.4713932767866,43.5033962867341,43.4897891563201,43.4349350751291,43.3569974709721,43.2788680534376,43.2185438526318,43.1842942783219,43.1754005213355,43.1858757519262,43.2082657018922,43.2360622001823,43.2646376245691,43.2912227020472,43.3144741392788,43.333979841343,43.3498557252123,43.3624692395613,43.3722718801263,43.3797088481729,43.3851768493701,43.3890088139078,43.3914718418145,43.3927703614835,43.3930502690408,43.3924020916618,43.390862437921,43.3884135441482,43.3849809140257,43.3804291676358,43.3745565671546,43.3670896217562,43.357681126875,43.3459184726763,43.3313545430071,43.3135810984478,43.292372956254,43.2679361453908,43.2412840482359,43.2147229342954,43.1923258539442,43.1800961240771,43.1853131415311,43.2144951014824,43.2698470625834,43.3452653581244,43.4245432349261,43.4847974716279,43.5055222166462,43.4788328198914,43.4138945092914,43.3320922885643,43.256532736522,43.2030076370463,43.1768421307948,43.175040278943,43.190514537266,43.215691225744,43.2444804073532,43.2728313177633,43.2984941475767,43.3205085889777,43.3387082013139,43.3533475251817,43.3648605919178,43.3737221500848,43.3803772718813,43.3852114368659,43.3885419705015,43.3906191387036,43.3916304394226,43.3917049305317,43.3909162877141,43.3892841651101,43.3867737191134,43.3832931745634,43.3786893641767,43.3727415756932,43.3651551703476,43.3555587476508,43.3435126576768,43.3285428820029,43.3102227036484,43.2883335768602,43.2631408900869,43.2358075924763,43.2089167337607,43.1869541633824,43.1764027323143,43.1848824282934,43.2187591744281,43.2792228269179,43.3582408957313,43.4374125914455,43.4927071986449,43.5046753259861,43.4685588968183,43.3970650588997,43.3135707172533,43.2408542654891,43.1927928680599,43.1725377763437,43.1755902362011,43.1942572732817,43.2210245469502,43.2501813846375,43.2781167596634,43.3029488160638,43.3239750213185,43.341186626779,43.3549222402945,43.3656526554237,43.3738622323718,43.3799917656764,43.384416246075,43.3874401367249,43.389300005573,43.3901692128271,43.3901622602013,43.3893379168711,43.3877008290795,43.3852013908212,43.3817335396705,43.3771301629094,43.3711562884622,43.3635015766009,43.3537762861717,43.3415193998868,43.3262344220377,43.3074774086622,43.285031178616,43.2592033543586,43.2312701284286,43.2040280488161,43.1822823276447,43.1728831835225,43.1837005442526,43.2209576522435,43.2850402753763,43.3664568191959,43.4452441891542,43.4967072266888,43.5023947090392,43.4599277359666,43.3844459719797,43.3004603359922,43.2302348156044,43.1861655148725,43.1699125821518,43.1760495453439,43.1965885852066,43.2241436249656,43.253308361524,43.2807847973105,43.3049368258289,43.3252253585669,43.3417361924225,43.3548545594142,43.3650686793338,43.3728645607318,43.3786771239948,43.382872300353,43.3857441174922,43.3875177874582,43.3883543545764,43.3883550491764,43.3875647081631,43.3859739668451,43.3835198129364,43.3800838834221,43.3754879149595,43.3694863717684,43.3617578535495,43.3518998832286,43.3394366090388,43.3238562581408,43.3047046563592,43.2817706483993,43.2554021806897,43.2269732242185,43.1994556173958,43.1779051533822,43.169442425538,43.1820890770485,43.2218906648851,43.2885498674048,43.3714564455246,43.4495783784047,43.4979490889061,43.4990859190101,43.4524254979698,43.3747155065798,43.2909915203657,43.2229040672247,43.1817100294369,43.1680754194722,43.1760461467935,43.1975443683976,43.2253481260387,43.2542950138354,43.2813074576039,43.3049081743077,43.3246552464015,43.3406849342344,43.3534030357496,43.3633017392496,43.3708631023681,43.3765149135049,43.3806147768791,43.3834475800848,43.385228283435,43.3861062400067,43.3861695676603,43.3854490501317,43.3839211661759,43.3815095765824,43.3780841269232,43.3734565056551,43.3673724802927,43.3595024881791,43.3494357086585,43.3366880679592,43.3207422923529,43.3011478049216,43.2777175314175,43.2508603041477,43.2220656010916,43.194484741321,43.1733985864219,43.1661262296152,43.1807197619027,43.222909554828,43.2916457746242,43.375306143411,43.4521112786295,43.4972276893201,43.4943542853207,43.4445647122472,43.365730821149,43.2829399421225,43.2170347702673,43.1782461298408,43.1665129569841,43.1756049509058,43.1975049419038,43.225203142648,43.2537629093972,43.280280992019,43.3033899904354,43.3227050503747,43.3383845273769,43.3508368202615,43.3605478183491,43.3679903914069,43.3735828748249,43.3776736586197,43.3805381012808,43.3823805038511,43.3833378816713,43.3834843245934,43.3828354513131,43.3813523845095,43.3789442752504,43.3754681069458,43.3707246877146,43.3644507447168,43.3563092149137,43.345883569821,43.3326877315612,43.3162110920661,43.2960278020794,43.2720080007174,43.2446679981247,43.2156695861317,43.1883978624344,43.1683834370741,43.1630975948036,43.1804646403622,43.2256263440077,43.2964743836593,43.3802134797382,43.4544793497517,43.4950599945932,43.4873904817896,43.4344497514812,43.3550747110836,43.2739935628073,43.2108736006866,43.1747634624271,43.1649124806727,43.1749388690514,43.1970068049962,43.2243955334386,43.25242650073,43.2783734928566,43.3009674243071,43.3198649451584,43.3352321692505,43.3474688045495,43.3570462535381,43.3644224805188,43.3700023642946,43.374122155353,43.3770453857689,43.3789637443528,43.380000131917,43.3802129013779,43.3796007723158,43.3781076514223,43.3756260931116,43.3719978481642,43.3670102691672,43.3603886207473,43.3517869099531,43.3407840477321,43.3268983057221,43.3096412349636,43.2886415860395,43.2638767868851,43.2360450472549,43.2070767843041,43.1806918128264,43.1627344187883,43.1607860596899,43.1824187842928,43.2317524813336,43.3050838248352,43.3880730782155,43.4578718835989,43.4915443963058,43.4771600767083,43.420228499694,43.3405964971497,43.2622099631454,43.203021002493,43.1705201276828,43.163129850046,43.1743495448449,43.1966266717276,43.2236316713821,43.2510179235628,43.2762791124572,43.2982640573707,43.3166762336483,43.3316874067266,43.3436832938006,43.3531145807276,43.3604182294276,43.3659801382312,43.3701196286831,43.3730843973256,43.3750502724163,43.3761234623428,43.3763444947994,43.3756933154114,43.3740946096052,43.3714218574705,43.3674984024585,43.362094325321,43.3549195193916,43.345616375706,43.3337601990909,43.31888210679,43.3005375444139,43.2784522563932,43.2527819772435,43.2245114470895,43.1959725333196,43.1713530422799,43.1568819157918,43.1601612272453,43.1880616525397,43.2430593510222,43.3191404082099,43.3999941072201,43.4625313030353,43.4860348765118,43.4623824996577,43.4003685443667,43.3208626203605,43.2464869474384,43.1928100803539,43.1652864914659,43.1613084602748,43.1742571061226,43.1969606045687,43.2235962044331,43.250244594525,43.2746843431895,43.2959202937791,43.313721564597,43.328272153231,43.3399433080599,43.3491608186098,43.3563348077513,43.3618259312971,43.3659306551481,43.3688757187348,43.370817015652,43.3718410537425,43.3719683822497,43.3711584567062,43.3693149130722,43.3662896739479,43.3618841997327,43.355846953774,43.3478681334681,43.337576231905,43.3245462767552,43.3083367023024,43.2885801767594,43.2651610145276,43.2385118401267,43.2100418178681,43.1826462790577,43.1611189290577,43.1520939591472,43.1629715968254,43.1993629401495,43.2612700006862,43.3395894575271,43.4158176717251,43.4672962428428,43.4768732896506,43.4415226997386,43.3738665662674,43.2954810076786,43.2269015103328,43.1805954592061,43.1595568527122,43.1600126478626,43.1752679464286,43.1986436348656,43.2249404150395,43.2507599643313,43.2742307747779,43.294554019244,43.3115865280565,43.3255343544394,43.3367564001229,43.345651117584,43.3525968814925,43.357923144537,43.3618974968805,43.3647203313914,43.3665232634671,43.3673699246517,43.3672586932856,43.3661268693733,43.3638552820964,43.3602718608839,43.355152793727,43.3482209731816,43.3391438579986,43.3275369478741,43.3129849409975,43.2951001146585,43.2736453059416,43.248753378543,43.2212677033596,43.1931930486982,43.1681610611772,43.1516637007363,43.1506208226683,43.1717614306138,43.2185886872534,43.2876355163521,43.3661005709517,43.433630590635,43.4693735605027,43.461470942978,43.4130703308202,43.3405505511965,43.2653092661943,43.2048034162785,43.1677697385683,43.1545322047951,43.1602009010645,43.1781439707198,43.2023120528553,43.2282338612497,43.2531032510442,43.2754440868433,43.2946813285448,43.3107748450105,43.3239599992113,43.334585270471,43.3430202372838,43.3496078551226,43.3546415755202,43.3583549913637,43.3609173314111,43.3624318389827,43.3629360605395,43.362403757568,43.360748023625,43.3578247411452,43.3534352514124,43.3473275140981,43.3391965327246,43.3286877857797,43.3154120870755,43.298986705148,43.279125024085,43.255803197147,43.2295313540244,43.2017373778213,43.1752146455845,43.1544721975501,43.1456599152317,43.1555969657529,43.1895066021664,43.2476350757876,43.3220870496187,43.3963264099442,43.4494534499763,43.4645894467248,43.4369511571896,43.3762155352542,43.3014898970393,43.2325106497156,43.1826092974158,43.1564479750025,43.1518123290943,43.1629788229864,43.18362081377,43.2084684923193,43.233854295802,43.2575974274282,43.2786304641332,43.2966074831052,43.311593585124,43.3238540826829,43.3337264978556,43.341549920553,43.3476293268033,43.3522189046431,43.3555146078546,43.3576508096301,43.3586988937903,43.358667147637,43.3575017969488,43.3550888909743,43.3512564686661,43.3457764895596,43.3383668541622,43.3286958928237,43.316395312142,43.301092906189,43.2824830255748,43.2604593099073,43.2353364203758,43.2081767544244,43.1811994701905,43.1581640187382,43.1444811566545,43.1466503342811,43.1705904810852,43.2187645798931,43.2868844207064,43.3621479154035,43.4253472376258,43.4575209812048,43.4483811295579,43.4013540209197,43.3317330071232,43.2592994026682,43.2003413945114,43.16330372919,43.1489074164336,43.1529106359553,43.1692362342065,43.1921586543011,43.2173154988475,43.2418713926655,43.2642578621217,43.2837940178983,43.3003445883401,43.3140678110078,43.3252519988597,43.3342199169208,43.3412778851114,43.3466910979013,43.3506726117481,43.3533785869148,43.3549060514577,43.3552917150051,43.3545114742171,43.3524805826198,43.3490544072935,43.3440296931808,43.3371467473379,43.3280943803028,43.3165221959307,43.3020691628864,43.2844232127165,43.2634328461937,43.2392953310469,43.2128402474987,43.1858996424102,43.1616900735736,43.1450155098938,43.1419533451268,43.1586051705554,43.1986797946577,43.2603436293873,43.3338454462284,43.4021481697039,43.4459425779848,43.4515795352509,43.417523159194,43.3550289365243,43.282597104613,43.2180044407171,43.1725722684726,43.1497398554895,43.1469701326257,43.1587958882807,43.1793466752344,43.2037654208895,43.2286628460259,43.2520048673683,43.272777307993,43.2906333146305,43.3056109517156,43.3179386125386,43.3279149454098,43.3358416502682,43.3419893973848,43.3465822628736,43.3497912625884,43.3517316548916,43.3524614691981,43.3519803612892,43.3502286856711,43.3470869480928,43.3423759304635,43.335858168763,43.32724253425,43.3161958297909,43.3023688852367,43.2854496458935,43.2652614760364,43.2419289702239,43.2161304698528,43.1894359184677,43.1646756181666,43.1461866683553,43.1396487620841,43.1511199964357,43.1849816762646,43.2410113674002,43.3117519284675,43.3822036767894,43.4335317696873,43.4502288366501,43.4271599647961,43.3720127575855,43.3014769870085,43.2337980627202,43.1822793002042,43.1526198643822,43.1439351864936,43.1515374923348,43.169633436697,43.1930541934635,43.2179750486722,43.2419592122562,43.2636853591612,43.2826012702357,43.2986225233062,43.3119130477521,43.3227432767685,43.3314071546373,43.3381781386358,43.3432883067554,43.3469196183885,43.3492006214005,43.3502050072526,43.3499504356031,43.3483972068981,43.3454469427331,43.3409417603271,43.3346648544435,43.3263443145766,43.3156638051234,43.3022867637011,43.2859051417925,43.2663289146918,43.2436367085859,43.218406300491,43.19202752851,43.1670557558856,43.1474780735211,43.1386403961654,43.1464752119678,43.1757161053064,43.2271868768598,43.2950903889385,43.3661185817398,43.4221936532773,43.4468692817981,43.4325234247637,43.3839720658671,43.3160675494415,43.2469466151884,43.191188119539,43.1562462454404,43.1426820445028,43.1466050425996,43.1624220237499,43.1847907928592,43.2095616044304,43.2339674484448,43.2564204921317,43.2761823315395,43.2930530037831,43.3071331101752,43.3186639317676,43.3279303723373,43.3352074877607,43.3407340464982,43.3447010973931,43.3472477686207,43.3484598023551,43.3483685901185,43.3469498908078,43.344122237963,43.3397455576367,43.3336210372066,43.3254941581898,43.3150644059335,43.3020078384908,43.2860225968814,43.266912198952,43.2447254757712,43.2199712631297,43.1939125356266,43.1689061821316,43.1486779029314,43.1383068341239,43.1435842662829,43.1694255155049,43.2173412279614,43.2827228073964,43.353590027603,43.4126372557249,43.442985722574,43.435322040553,43.3922579218283,43.3270210330561,43.257384137281,43.1987184806026,43.1597924479458,43.1423550675804,43.1432397816435,43.157096563634,43.1784983341161,43.2030585364235,43.2277482060284,43.2507581231294,43.271189893524,43.2887413151895,43.3034553517943,43.3155459577161,43.3252892069613,43.3329614393561,43.3388075942199,43.343026991697,43.3457679984175,43.3471263798192,43.3471445495904,43.3458105155188,43.3430563181486,43.3387564217747,43.3327271300602,43.3247289785824,43.3144755511283,43.3016546082044,43.2859709895503,43.2672251775502,43.2454453002428,43.2210901278696,43.1953290852643,43.1703709621277,43.1497429922219,43.1383142192564,43.1417469370408,43.1650541926352,43.2102162974855,43.2734895513513,43.3439181758484,43.4048770968356,43.439303366537,43.4367115262862,43.3980419133994,43.3351772056549,43.2654635431694,43.204771990748,43.1628512440851,43.1423973221114,43.1408571543595,43.1531156975289,43.1737072012926,43.1980702471419,43.22296984403,43.2464172104231,43.2673814454052,43.2854742690805,43.3006894893231,43.3132176246755,43.3233274029645,43.3312968425364,43.3373770008671,43.3417751600886,43.3446483093173,43.346101194192,43.3461857061618,43.344900085144,43.3421875224231,43.3379345190623,43.3319700421226,43.3240674202879,43.3139523569068,43.3013227326911,43.285889219868,43.2674499189467,43.2460160355911,43.2220057824145,43.1965135722347,43.1716303274876,43.1507257482863,43.1385010450961,43.1405108801239,43.1618326657181,43.2047975275419,43.2663251266352,43.3362660728165,43.3985627520977,43.4360658620932,43.4374219692433,43.4022698697875,43.3413975631264,43.2717559182716,43.2095640299486,43.1653294753505,43.142506976473,43.139048227273,43.1500401726963,43.1699943352744,43.1942117918924,43.2192916042803,43.2430989800024,43.2644948243557,43.2830205876125,43.298630250047,43.3114958840329,43.321881269796,43.3300671262457,43.3363109957818,43.3408281745138,43.3437841028355,43.3452920779825,43.3454127212451,43.3441534109893,43.3414670834711,43.3372506419595,43.3313439519429,43.3235313130714,43.313548694857,43.301102213985,43.2859065243134,43.2677558239351,43.2466439683908,43.2229507262461,43.1977023096491,43.1728856280919,43.1517347646263,43.138810005601,43.1395798435818,43.1591832295236,43.2002537404234,43.260272999565,43.329769772363,43.3931625238385,43.4332305404228,43.4378935718408,43.4056970778434,43.3465061732509,43.2769366448262,43.2135007906908,43.1673474534347,43.1425712214794,43.1375461399338,43.1475233731727,43.1669886242764,43.1911218988374,43.2163796422855,43.2405035179033,43.2622643310901,43.2811462242329,43.2970718164972,43.3101998335451,43.3207919646501,43.3291331433287,43.3354881851021,43.3400808196196,43.3430851488671,43.3446230573342,43.3447637346165,43.3435233102617,43.3408638457446,43.3366918117967,43.3308569449325,43.3231532905876,43.3133255977552,43.3010863365973,43.2861516867896,43.2683087806121,43.2475303193532,43.2241536703935,43.1991338644243,43.1743536319828,43.1529162746372,43.1392524158328,43.1387608042423,43.1566576298206,43.1958834975823,43.2544652312692,43.323570663469,43.3880482806764,43.4305801848003,43.4383750684019,43.4089397502187,43.3512834449133,43.2817339480447,43.2171064442164,43.1691668256319,43.1426081958626,43.1361864055192,43.1452883273123,43.1643603800099,43.1884604519133,43.2139089591552,43.2383337730314,43.2604254394805,43.2796191118733,43.2958123300227,43.3091548453082,43.3199091301818,43.3283661711819,43.3347992512569,43.3394413581895,43.3424758684958,43.3440337229404,43.3441930170525,43.3429788273427,43.3403623817568,43.3362595943718,43.3305297602099,43.3229761047752,43.3133511924792,43.3013722220388,43.286754213143,43.2692729663717,43.2488736314051,43.2258422566469,43.2010513681725,43.1762669070234,43.1544501887596,43.1398970128596,43.1379434586001,43.1539081186431,43.1910835524526,43.2480990564873,43.3168119244323,43.382517710687,43.4277658063938,43.4389716289805,43.4125103241432,43.3564776450201,43.2869158957936,43.2209929578798,43.171153311282,43.142731103403,43.1348773385768,43.1431060323814,43.1618069355483,43.1858997225776,43.2115584637352,43.2362929345367,43.2587134113368,43.2782083441678,43.2946532648496,43.3081919336035,43.3190901318374,43.3276469073499,43.3341455857146,43.3388296770897,43.3418928900295,43.3434761400692,43.3436672422877,43.3425009409006,43.339958257762,43.3359650718499,43.3303906136243,43.3230474255411,43.3136955857495,43.302055921182,43.2878398093593,43.2708070034163,43.2508670409378,43.2282420110282,43.2037037371167,43.1788776818791,43.1565564326287,43.140877732826,43.1371073802269,43.150691210596,43.1853465911966,43.240427454118,43.3086232957906,43.3757772375458,43.4242928314981,43.4396382983003,43.4168189521292,43.3628116499109,43.2932976064976,43.2258634595029,43.1737742303489,43.1431404308341,43.1335889977481,43.1407834049164,43.1590413061206,43.1831146188279,43.2090030058208,43.234078042136,43.2568581225715,43.2766798586098,43.2933956789101,43.3071443601374,43.3181968575082,43.326862328436,43.3334360766132,43.3381738707492,43.3412812979936,43.3429106467013,43.343160743545,43.3420772202891,43.339652062734,43.3358222406451,43.3304679748163,43.3234120170433,43.3144224797745,43.3032235630085,43.2895212736446,43.2730550143216,43.2536902430647,43.2315704063428,43.207343526,43.1824616186629,43.1595068557917,43.1424152987226,43.1363528991613,43.1469040080953,43.1782946801847,43.2307777833871,43.2981133658193,43.3669033802426,43.4194593286825,43.4401142803471,43.422125536807,43.3709655814703,43.3017530591939,43.2325411547695,43.1776301795994,43.1441483577556,43.1323665668269,43.1381665658068,43.155788420985,43.1797750536548,43.2059042883435,43.2313708994491,43.2545756801676,43.2747889807094,43.2918336560304,43.3058418362842,43.3170905073352,43.3259008900887,43.3325825438817,43.3374057384457,43.3405900216477,43.3423009667181,43.3426501927485,43.341695922438,43.3394427843011,43.3358405337937,43.3307821049903,43.3241021613547,43.3155783664297,43.3049392544438,43.2918851613901,43.2761323622152,43.2574950593121,43.2360237101482,43.212217502798,43.1873157786946,43.1636353934164,43.1448447451528,43.1359495479207,43.1426521367514,43.1697563065151,43.2186167302563,43.2843946898079,43.3548062539112,43.4122577870836,43.4397914728269,43.4284206873967,43.381508774146,43.3132104804684,43.242013587872,43.1835207536013,43.1462413718047,43.1313761260791,43.1351666102704,43.1517941299682,43.1755436153227,43.201902236502,43.2278267899567,43.2515567060641,43.2722694123201,43.2897444420299,43.3041018637179,43.3156240075577,43.324645806021,43.3314936528256,43.3364551013016,43.3397663301833,43.3416086642413,43.3421087988392,43.3413397187983,43.3393208423,43.3360169232263,43.331335963361,43.3251270689921,43.3171801061458,43.307230476905,43.294974694125,43.2801059410552,43.2623833885656,43.2417536747566,43.2185445246784,43.1937422037215,43.1693345457132,43.1486345678418,43.136388393117,43.1383417258321,43.1598925423688,43.2036853035296,43.2666818295868,43.3382395436837,43.4012701691763,43.437517568151,43.4352062936943,43.3947369691647,43.3285918681023,43.2554698922192,43.192540379153,43.1501895246628,43.1309960406996,43.1318204574203,43.1468564522592,43.1700845012066,43.1966099260264,43.2230621433463,43.2474512732106,43.2688180559166,43.2868744341197,43.3017173471205,43.3136312618298,43.3229657440728,43.3300667812064,43.3352425498707,43.3387491789439,43.3407868210083,43.3415000590813,43.3409792637319,43.3392612030324,43.3363282741239,43.3321064351715,43.3264625222273,43.3192024035611,43.3100726620068,43.2987705563956,43.284970235859,43.2683776920615,43.248832159753,43.2264753649277,43.2020066608394,43.1770211286298,43.1543735483154,43.1384099495931,43.1347700270427,43.1493621965849,43.1862229855366,43.2445173999389,43.3159371587489,43.3846311559867,43.4313678361554,43.4411522084596,43.4103479202674,43.3486207219611,43.2742763889082,43.2061824620516,43.1572075482832,43.1319732507118,43.1284087838843,43.1408974068125,43.1630963761945,43.1896195318005,43.216644792185,43.2418517022949,43.264075518367,43.2829202080357,43.2984394250019,43.3109121767548,43.3207019806201,43.3281770369491,43.3336699974232,43.3374609730443,43.3397727109578,43.3407710720992,43.340566888321,43.3392171892088,43.3367249671623,43.3330373777029,43.3280428092694,43.3215678651509,43.3133762777756,43.3031734760055,43.2906233367372,43.2753878684529,43.257206047178,43.2360333808331,43.2122649949534,43.1870534428797,43.162693324873,43.1429603745898,43.1331572995999,43.1394748297234,43.1672637504237,43.218171332346,43.2869922005358,43.3602128798871,43.4185092810893,43.443661725473,43.4268858876102,43.3733709923968,43.2997699577171,43.2263792986861,43.1691492060507,43.1356625807767,43.1256642167725,43.1341082992759,43.1543946542838,43.180536150971,43.2080965147566,43.2342779419053,43.2576039612481,43.2775045680422,43.2939546934172,43.3072123315039,43.3176508499165,43.3256623664656,43.3316081491077,43.3357970656107,43.3384790270183,43.3398452443726,43.340030584532,43.3391155645008,43.3371268924558,43.3340362593228,43.3297575812623,43.3241433522067,43.3169814720782,43.3079952112136,43.2968512581426,43.2831844831139,43.2666533246214,43.2470459904116,43.224462463437,43.199594298047,43.1741010019541,43.1510197687792,43.1350275395097,43.132212211471,43.1488932403746,43.1891734128378,43.2515699605239,43.3262618046011,43.3954442155165,43.4385502217434,43.4409768880176,43.4014078180705,43.3326490282099,43.2552937190288,43.1886388412324,43.1443349753044,43.1251042015599,43.1272188094447,43.144089578891,43.1690741811926,43.1969304591824,43.2241786434337,43.2488689971237,43.2701504152091,43.2878574460551,43.3021968202917,43.31354054186,43.3223036653168,43.3288798271143,43.3336120449066,43.3367828780984,43.3386138149967,43.3392679675789,43.3388529285904,43.3374223284816,43.3349755745229,43.3314557638024,43.3267461055764,43.3206656415305,43.3129659332132,43.3033320828808,43.2913944177515,43.2767618045855,43.2590938974985,43.2382365038712,43.2144477949244,43.1887342845425,43.1632780231944,43.1418485382503,43.1299424174666,43.1342170669535,43.1607307410985,43.2118477083281,43.2826540082423,43.359075836731,43.4203677414589,43.4466996988885,43.4285231887312,43.3716864344764,43.2945019470779,43.2188627134979,43.1614219643569,43.1294757737371,43.1219418230004,43.1329303647472,43.1552791385677,43.1827700817287,43.2109786265293,43.2372440811824,43.2602626356661,43.279622047146,43.2954204534337,43.3080028385551,43.3177996560628,43.3252385064829,43.3307019632218,43.3345116036507,43.3369251834197,43.3381391657489,43.3382923759944,43.3374687411263,43.3356982991587,43.3329562754554,43.3291603162743,43.3241662198943,43.3177630084425,43.3096692938456,43.2995350446531,43.2869565473575,43.2715179634781,43.2528802299045,43.2309453202365,43.2061256518963,43.1797328377925,43.1544468645915,43.1347123594766,43.1267285725422,43.137522539423,43.1726291619055,43.2324774079793,43.3088546105267,43.3841730174942,43.4360563586775,43.446668591982,43.4117605589552,43.3431138058809,43.2624559672648,43.191277948556,43.1431149121692,43.1215691258592,43.1228802177718,43.1399651321315,43.1656311999072,43.1942342645014,43.2220791365946,43.2471444152578,43.2685913458306,43.286303561278,43.3005450007482,43.3117393604759,43.3203434661274,43.3267830065882,43.331425243197,43.3345712967995,43.3364573010606,43.3372584286518,43.3370927873387,43.336023896581,43.3340613121034,43.3311593113624,43.3272136828364,43.3220568641944,43.3154522686796,43.3070900135288,43.2965888935591,43.2835138469165,43.267424693596,43.2479801866266,43.2251289136355,43.1994183648149,43.1724309447555,43.147287192023,43.1290171948352,43.1243967216157,43.140676688052,43.1827691665796,43.249251403966,43.329049628596,43.4019051566272,43.4447769503356,43.4422855961201,43.3948978159538,43.3188243341302,43.2376220999961,43.1715921635178,43.1314048636212,43.1178531183108,43.1254283996179,43.1464698560108,43.1739953132154,43.2029109033529,43.2301029914184,43.2540179993309,43.2741373905954,43.2905372813406,43.3035822255568,43.3137381944656,43.3214710181418,43.3271984918815,43.3312726258639,43.3339768214922,43.3355290982474,43.3360867147305,43.335750051455,43.3345649490743,43.3325232494752,43.3295614159943,43.3255571183441,43.3203238617303,43.3136044589528,43.3050658010649,43.2943004764135,43.2808458540124,43.2642386002117,43.2441316230662,43.2205080344352,43.194024546849,43.1664877506703,43.1413843619318,43.1242257290688,43.1222434160203,43.1428195499133,43.190267849886,43.2615749754391,43.3433764686556,43.4135087054132,43.4488420361551,43.4363500032052,43.3802624165856,43.299852182362,43.219492216933,43.1581211612306,43.1241075812569,43.1162652885881,43.1280136043289,43.1514659999499,43.1799189468166,43.2087332883292,43.2352255071768,43.258166659528,43.2772491112861,43.2926688508463,43.3048482707954,43.3142736798187,43.3214109890269,43.3266684460099,43.3303846345939,43.3328282703671,43.3342023120476,43.3346487144549,43.3342522922452,43.3330431674446,43.3309975722203,43.3280367305828,43.324023470738,43.3187564447025,43.3119627083555,43.3032913657189,43.2923145128701,43.2785473597252,43.2615074263148,43.2408422958392,43.2165629232158,43.1894154359924,43.1613896904487,43.136268733615,43.1199451227568,43.1199933660195,43.1438528389036,43.1952959852915,43.2700093783963,43.3528842060937,43.4204800996271,43.4499094510921,43.4301777272282,43.3683306074047,43.2856256028681,43.2066439170907,43.1490599848982,43.1195212396157,43.1155239988107,43.1298783329582,43.154667438031,43.1834615838292,43.2119720555863,43.2378184468451,43.2599868709335,43.2783013627899,43.2930273716865,43.3046167455483,43.3135625061771,43.3203258855546,43.3253055174275,43.328828508375,43.331151297262,43.3324638859599,43.3328944873691,43.3325134615127,43.3313361370344,43.3293241939199,43.3263850939755,43.3223689320838,43.3170623802523,43.3101804682975,43.3013592072359,43.2901560073432,43.2760709746527,43.2586106790599,43.237425865058,43.2125616917152,43.1848529213157,43.1564563920433,43.1314088309865,43.1159064261492,43.1177593251456,43.1443635724484,43.1989361524061,43.2760372514678,43.3592171428282,43.4242630522346,43.4488221045571,43.4237191456922,43.3581210148362,43.2744866269756,43.1971843516192,43.1427180762486,43.1164383679202,43.1149865266801,43.130875134926,43.1562808347165,43.1850360650019,43.2131263728855,43.2383854146,43.2599386623642,43.2776874361329,43.2919321196756,43.3031345533207,43.3117850581012,43.3183367693583,43.3231784099863,43.3266265772664,43.3289265886989,43.3302563098955,43.3307305505005,43.3304051570438,43.3292804098144,43.3273032168058,43.324367299713,43.3203104534352,43.3149083821861,43.3078659305053,43.2988091355871,43.2872858880806,43.2727895473919,43.2548286918245,43.2330760262317,43.2076356356897,43.1794587369832,43.1508918690889,43.1262272407741,43.1119229425592,43.1159192292348,43.1454037928145,43.2028722335172,43.281711642586,43.3643241030074,43.4261458324373,43.4457836463083,43.4159953217405,43.3477513879379,43.2641768708617,43.1890261665325,43.13755534296,43.1140023633075,43.1144197249469,43.1312308431447,43.1568096619142,43.1852685152583,43.2128373125115,43.2375182498631,43.2585333082392,43.2758280846091,43.289715512852,43.3006537294708,43.3091227739248,43.3155639294153,43.3203543518095,43.3237994076789,43.3261328027469,43.327519645295,43.328060460625,43.3277954495729,43.326708532706,43.3247304396049,43.32173972887,43.3175605544299,43.3119565907408,43.3046221455107,43.2951744959995,43.2831562927239,43.2680638367645,43.2494260469674,43.2269683359162,43.2008999702369,43.1723500693469,43.1439229874614,43.1202181509379,43.1079493094492,43.1150698412825,43.1482985421482,43.2090481635484,43.289231253554,43.3700918953355,43.4271221936855,43.440548630555,43.4055753333862,43.3350306384266,43.2523415302479,43.1801758187524,43.1322394711623,43.1115978151724,43.1138104167997,43.1313474739477,43.1568863069447,43.1848768735582,43.2118123516646,43.2358599784009,43.2563255169645,43.273184628155,43.2867505485294,43.29746834854,43.3058010420663,43.3121732781054,43.3169471690798,43.3204141703939,43.3227941494251,43.324237474443,43.3248285156586,43.324589964796,43.3234874163515,43.3214332320138,43.318288298428,43.3138603084658,43.3078980230928,43.3000829499215,43.290023347573,43.2772607757189,43.2613067768667,43.241736295539,43.2183728456257,43.1916016698882,43.1628268635306,43.1350222846723,43.1131861014026,43.1042936656675,43.1161459947853,43.1545973679558,43.2194065412146,43.3005006530633,43.3778659345302,43.4275725079954,43.4324189495477,43.3909010314575,43.3179789882159,43.2370552626622,43.1691224340118,43.1258481692652,43.1088925709512,43.1133067848859,43.1317007071628,43.157167974111,43.1845857854677,43.2107670103578,43.234072891779,43.2539039393704,43.2702668090972,43.2834711970411,43.2939434595793,43.3021236064526,43.3084139927921,43.3131566059385,43.3166245848229,43.3190202562811,43.3204762146399,43.3210581912097,43.3207692153439,43.3195544214787,43.3173053383732,43.3138620986877,43.3090121711265,43.3024853311218,43.2939469904869,43.2829960136779,43.269179018838,43.2520409074289,43.2312401125245,43.2067635695819,43.179272478944,43.150579128223,43.1241722929513,43.1055516905246,43.1019193647478,43.120639094186,43.1661129436585,43.2356785795145,43.3166903830471,43.3879160721716,43.4268415647386,43.4201018933033,43.3704638889121,43.2952287565279,43.2172933098468,43.1552504662728,43.1181593161488,43.106000299945,43.11328124004,43.1328398062293,43.1583053815654,43.185086026225,43.2103876176825,43.232810337937,43.2518732896889,43.2676242068336,43.2803711177562,43.2905190020912,43.2984799260497,43.3046280950038,43.3092794440335,43.3126833467733,43.3150199613961,43.3164004449688,43.3168691188872,43.3164071800846,43.3149372689612,43.3123276558362,43.3083944942735,43.3029009672274,43.2955536182638,43.2859990550801,43.273828815173,43.2586066346027,43.2399403434112,43.2176284909996,43.1919148620375,43.1638717258157,43.1358861812521,43.1121191709677,43.0986331354103,43.1026931531399,43.1307195766101,43.1848266166092,43.2590419062023,43.3377278058068,43.3989404128502,43.4229411278884,43.401694725001,43.3430216079187,43.2663512518285,43.1932578534538,43.1391050810389,43.1098391710082,43.1035982425093,43.1143917541739,43.1354070790388,43.1609332476638,43.1870066071539,43.211293086789,43.2326737153288,43.250809941908,43.2658021677723,43.2779605721521,43.2876677888308,43.2953041572951,43.3012104731998,43.3056708434707,43.3089053019174,43.3110669698775,43.3122416709631,43.3124493822903,43.3116472090832,43.3097332191835,43.3065499839102,43.3018865391934,43.2954781649666,43.2870052854847,43.2760962540624,43.262344025705,43.2453536740492,43.2248455011858,43.2008442650711,43.1739818923373,43.1459154227963,43.1197932774151,43.1005723832152,43.0948086782638,43.1094141430769,43.149030765337,43.2124072352659,43.2894586065005,43.3616863237474,43.407759148716,43.4126515026433,43.3750749127148,43.3080379437061,43.2321579731483,43.1664891591388,43.1223653857178,43.1023559267464,43.1028348684689,43.1175036583563,43.1400724203436,43.1656090049697,43.1908501788841,43.2139631728655,43.2341329333391,43.2511757824493,43.2652509152625,43.2766726273438,43.2858003167199,43.292979731381,43.2985141216963,43.3026509902288,43.3055761803039,43.30741130523,43.3082130338203,43.3079738594233,43.3066241320311,43.3040348036031,43.3000200147733,43.2943388188776,43.28669645062,43.2767480036192,43.2641114923394,43.2484031339886,43.2293148296837,43.2067604116908,43.1811184852581,43.1535857041153,43.1266084978393,43.1042641413166,43.0923093500778,43.0974589382278,43.125461681732,43.177971395256,43.2492255184455,43.3247319213738,43.3842887703917,43.4095014173989,43.3922669557925,43.3387940720774,43.2663162043617,43.1948962465556,43.1396914225861,43.1074811566976,43.0975899129927,43.1050027280217,43.1234477259264,43.1473620736388,43.1726862897885,43.1968881200977,43.2186396467773,43.237425477357,43.2532121984238,43.2662145322431,43.2767485911845,43.2851484575191,43.2917228958886,43.2967347005948,43.3003913934084,43.3028409848463,43.3041698997182,43.3044020912159,43.3034991631237,43.3013613926886,43.2978293371847,43.2926856745092,43.2856575341319,43.2764212599607,43.2646146891322,43.2498668461156,43.2318612329475,43.2104554038893,43.1858827697543,43.1590550051519,43.1319516129289,43.1080093084279,43.0922971642469,43.0911108737254,43.1105539839567,43.1539161545001,43.2184199669062,43.2930391712553,43.3597078197958,43.3990553217976,43.3986614708355,43.3590338477451,43.293243382354,43.2205134792832,43.1581276725948,43.1162255506619,43.0970512388051,43.0972744640055,43.1111125158505,43.1327279494473,43.1574694701792,43.1821925426136,43.2050748570932,43.2252567778064,43.2424910540215,43.2568731499224,43.2686606958193,43.2781648025676,43.2856905948218,43.2915075946315,43.2958362230169,43.2988419337456,43.30063244773,43.3012561256417,43.300700915766,43.2988938687558,43.295701294521,43.2909296564753,43.2843276871616,43.2755914070323,43.2643761461613,43.2503236024957,43.2331173844729,43.2125865205164,43.1888804083405,43.1627345728088,43.1358232665541,43.1111365157243,43.0932128254797,43.0879178308981,43.1013647012028,43.1377045579058,43.1960909232704,43.268128480326,43.3379334645026,43.386389337662,43.3986716552068,43.3711006596753,43.3128746813311,43.2415014387922,43.1750840349623,43.1261138749812,43.0993297337041,43.0931303560797,43.1024842137663,43.1215616689578,43.1453308551078,43.1701604059637,43.1937930330473,43.2150442821627,43.2334529712801,43.2489882748606,43.2618415700823,43.2722945822755,43.2806436660165,43.2871603351879,43.2920726967951,43.2955575332447,43.2977369880564,43.2986767970887,43.2983848665029,43.2968099818092,43.2938408514514,43.2893058934822,43.2829745499341,43.2745618723325,43.2637400739255,43.2501640233332,43.233522330406,43.2136311315849,43.1905917774069,43.1650313153025,43.138426409171,43.1134629708906,43.0942921109802,43.0864143565536,43.0958197139464,43.1270815833569,43.1805527636793,43.2496967500064,43.3204635794715,43.374461095164,43.3956842875228,43.3776249667191,43.3263555178588,43.2574993971737,43.1891886403515,43.1353968402023,43.1027872150707,43.0912932169097,43.0966996889848,43.1133564829066,43.1360244823443,43.1607153320384,43.1848172069214,43.2068628499062,43.2261948495886,43.2426608846699,43.2563853460799,43.2676182423148,43.2766447749709,43.2837361868977,43.2891257068201,43.2929981026359,43.2954855956093,43.2966660940816,43.2965618621329,43.2951380385111,43.2923011288952,43.2878980119868,43.2817164645582,43.273489095226,43.2629042703995,43.2496304592002,43.2333645426269,43.2139195590451,43.1913712878942,43.1662816274777,43.1400014674717,43.1150138412283,43.0951967049706,43.0857663542869,43.0925565019936,43.1203240524379,43.1701413744821,43.2367233162787,43.3074126471184,43.3646098358453,43.3918233890215,43.3807448823619,43.335139355138,43.2689617413265,43.2000037169948,43.1430921642894,43.1062665484808,43.0906914735532,43.0928971287791,43.1074818122813,43.1291174560147,43.1535707206007,43.1779587914776,43.2005848345297,43.2206247625,43.2378188452751,43.2522298643276,43.2640773209178,43.2736348604437,43.2811725453504,43.2869275311487,43.2910908977236,43.2938025330082,43.2951492581552,43.2951637089872,43.2938229944062,43.2910470711643,43.2866973736172,43.2805768162268,43.2724331812774,43.261969474956,43.2488674116967,43.2328339174673,43.2136850469184,43.1914853928532,43.1667599850077,43.1407821468164,43.1159029306663,43.0958132285691,43.0855192155259,43.0907073979021,43.1161928550847,43.1634615250219,43.228035627821,43.2982458190014,43.3571778459455,43.3882080373052,43.3819387947793,43.340542699216,43.2766694822406,43.2076715850968,43.1488267534911,43.1091005924768,43.0905696789561,43.090368467444,43.1033395355569,43.1241325478622,43.1483542916809,43.1729257759514,43.1959751429276,43.2165464491691,43.2342922817743,43.2492236242034,43.2615335663337,43.271485420584,43.27934804621,43.2853619846149,43.2897237370548,43.2925795210701,43.294023146749,43.2940950642588,43.2927812619553,43.2900117518642,43.2856591124173,43.2795382396074,43.2714093931261,43.2609881469225,43.2479682769304,43.2320670944044,43.2131069267537,43.1911498934485,43.1667021571243,43.1409912696023,43.1162849029807,43.0961492934308,43.0854409902789,43.0897236135991,43.1138087858296,43.1594058403717,43.2225348951708,43.292188421916,43.351975928894,43.3852983850875,43.3821321597898,43.3436145655107,43.2814647168786,43.2126400209829,43.1526377457117,43.1110147171827,43.0904769064698,43.0886027489367,43.1004339829349,43.1206259219077,43.1446838270625,43.1693929905052,43.1927556930167,43.2137186595475,43.2318684081069,43.2471762504589,43.259814866584,43.2700397217574,43.2781191718887,43.2842970322271,43.2887747278609,43.291704014964,43.2931845487879,43.2932630216972,43.2919322892909,43.2891300446897,43.2847374238108,43.2785786830678,43.2704240699004,43.2599995173333,43.2470091323511,43.2311797621229,43.2123409003943,43.1905564504158,43.1663239019047,43.1408444567003,43.1163338515845,43.0962766078555,43.0854256234292,43.0892494404138,43.1125318499108,43.1570945815769,43.2192521041106,43.2884182159526,43.3485681958588,43.3831754609311,43.3818720548024,43.3451585951738,43.2841436004046,43.2154923072533,43.1548062234487,43.1120043887928,43.0901989013351,43.0872645509843,43.0983815289901,43.118213856805,43.1422011440547,43.1670376879323,43.19064002412,43.2118879483204,43.2303223725771,43.2458873675702,43.2587419965333,43.2691371361166,43.2773419100639,43.2836036793364,43.2881285993319,43.2910735230176,43.2925432933038,43.2925899291406,43.2912119387064,43.2883531832066,43.2839015931251,43.2776888498637,43.2694931595141,43.259048757453,43.2460680749283,43.2302857143882,43.2115372204018,43.1898887586719,43.1658328531045,43.1405536429504,43.1162323187795,43.0962982663561,43.0854331708103,43.0890373060627,43.1118664572794,43.155801916147,43.2173341897253,43.2861385986427,43.3464256895397,43.3817286568726,43.3814824538386,43.3458057821487,43.2854357378616,43.2168591584508,43.1557427187888,43.1122291206531,43.0896793121651,43.0861464169721,43.0968892509013,43.1165696032341,43.1405796827573,43.165552399498,43.1893480662448,43.2108036111959,43.2294316046237,43.2451600773497,43.2581410904467,43.2686244584978,43.276881724967,43.2831644238551,43.2876835624184,43.2906009691296,43.2920264027993,43.2920167861805,43.2905756730544,43.2876522732351,43.2831402695371,43.2768775031794,43.268648639999,43.2581944438291,43.2452335489867,43.2295057815746,43.2108498434604,43.1893312447711,43.1654354627296,43.1403299256154,43.1161663666158,43.096331249519,43.0854551905553,43.0888947097879,43.1113957804468,43.1548937129265,43.216009386566,43.2845940801902,43.3449986892154,43.3807665417744,43.3811757782593,43.3460884878198,43.286020850922,43.2173826561441,43.1559193165336,43.1119366272422,43.0889532771782,43.0851199701515,43.0957242607744,43.1154075886962,43.1395190280575,43.1646456603515,43.1886100391325,43.2102228398071,43.2289811719317,43.244806018096,43.257848190539,43.2683598383029,43.2766167797778,43.2828756671127,43.287352820807,43.2902152705099,43.2915777955867,43.2915022353108,43.2899970940499,43.287016694356,43.2824600549359,43.2761705268494,43.2679382650198,43.2575091214909,43.2446057916072,43.2289701693221,43.210439607833,43.1890728858026,43.1653409454819,43.1403865264149,43.1163255645432,43.0965004647087,43.085499349315,43.0886568180976,43.1107431083053,43.1537843002152,43.2145524181628,43.2830594728281,43.3437399355326,43.3800708030856,43.3811198730119,43.3464965726087,43.2865560288572,43.2177098805639,43.1558372167163,43.1114175990182,43.0881017398989,43.0840975969884,43.0946857599467,43.1144654373979,43.1387348040739,43.1640372964479,43.1881649717357,43.209910894613,43.228764598386,43.244646260335,43.2577099383535,43.2682131356614,43.2764378857264,43.2826471945177,43.2870635198421,43.2898597009422,43.2911560400359,43.2910197332998,43.2894646149276,43.2864504111963,43.2818816284871,43.2756070548046,43.2674218905334,43.2570760163436,43.2442941255939,43.2288165530121,43.2104733901668,43.1893077098844,43.1657633367683,43.1409423639651,43.1169074828098,43.0969426922915,43.0855903265887,43.0881811665746,43.1095577247613,43.1519134341222,43.2122568661354,43.2808163652793,43.3420950788555,43.3794061908533,43.3814644841586,43.3475097918399,43.2877013925688,43.2185034463029,43.1560208146303,43.1109876449879,43.0872277510467,43.0830087973883,43.0935849361556,43.1134887272226,43.1379480948434,43.1634515651912,43.187756435484,43.2096384349919,43.2285820467803,43.2445098508551,43.2575821871412,43.2680644381579,43.2762468271552,43.2824002384255,43.2867544801554,43.2894892269873,43.290731230825,43.2905539221034,43.2889773081148,43.2859673132183,43.2814346280707,43.2752339767805,43.2671657226903,43.2569831903798,43.2444112611118,43.2291848816729,43.2111199356365,43.1902323842134,43.166921766802,43.1422260171558,43.1181261216567,43.0978195041056,43.0857858023568,43.0873632746638,43.1075247698597,43.1487444705333,43.2084179924637,43.2771223776218,43.3394667274734,43.3784914134121,43.3823286890614,43.3496038556537,43.2901387851854,43.2204629755435,43.1570336501288,43.1109939421574,43.0864543591172,43.0817922033624,43.0922343558899,43.1122202167883,43.1368758847419,43.1626092952587,43.1871263166624,43.2091766044167,43.2282363414768,43.2442304421551,43.257326984125,43.267801212582,43.2759535483078,43.2820645911928,43.2863731365821,43.2890671718163,43.2902812749992,43.2900964367464,43.2885401432045,43.2855858063429,43.2811515409108,43.2750991035296,43.2672347782308,43.2573153905849,43.2450647471739,43.2302088412189,43.212542037959,43.1920402261353,43.1690379123876,43.1444786997163,43.1202226971206,43.0993376789879,43.086206654533,43.0861735465815,43.1044012911955,43.1437879307312,43.2023314799929,43.2711782876962,43.3351548002775,43.3769300319064,43.3837450025562,43.353224332417,43.2945782535317,43.224354210608,43.1595150681076,43.1118469880694,43.0859452439492,43.0804045537044,43.0904479259285,43.1103942794945,43.1352229247725,43.1612191649721,43.1860065811486,43.2082897155299,43.2275266330848,43.2436408158112,43.2568077683099,43.2673139870377,43.2754721438947,43.2815747435836,43.2858716726657,43.2885611960863,43.2897875671103,43.2896411189251,43.2881585806961,43.2853226289769,43.2810605896784,43.2752429860001,43.2676835337776,43.2581434952882,43.246345315487,43.2320034333841,43.2148840822129,43.1949100335784,43.1723282572482,43.1479530660168,43.1234749814993,43.1017732848296,43.0870786442857,43.0847154697006,43.1000828636517,43.1366598396136,43.1933209204281,43.2621051869454,43.3282794196584,43.3740983157403,43.3855488782736,43.3587138800153,43.301740377909,43.2310397446458,43.1642374228835,43.1140809375128,43.0859527228465,43.0788507157905,43.0880542828774,43.1077381568893,43.1326756775344,43.1589681490716,43.1841087130072,43.2067250570761,43.2262391842664,43.2425648023023,43.2558823437431,43.2664901945087,43.2747153572394,43.2808648195517,43.2852021806567,43.2879384769387,43.2892299813214,43.289178611283,43.2878325477809,43.2851859753431,43.2811777543941,43.2756895742855,43.268544959341,43.2595116884939,43.24831205278,43.2346482090559,43.2182538012272,43.1989875209977,43.176987459644,43.1529023067489,43.1281977719883,43.1054907586686,43.0887774576953,43.0833006660361,43.0947040400521,43.1271889330514,43.1808183872397,43.2489597513798,43.3177070183344,43.3689932312191,43.3871971362735,43.3661645107719,43.3122869384419,43.2414942225695,43.1721794787217,43.118447621135,43.0869024014957,43.0772440135439,43.0849307314933,43.1039845547131,43.1289006844775,43.1555119728469,43.1811107704746,43.204199310044,43.2241345837822,43.2408058800365,43.25439296615,43.2652056068535,43.2735871192396,43.2798619479455,43.284310594909,43.2871599416171,43.2885811504517,43.2886904255014,43.2875500265111,43.2851683093808,43.2814984782866,43.2764364283368,43.2698187834412,43.2614232678037,43.2509752088956,43.2381665883867,43.2226978582145,43.2043574974481,43.1831586132112,43.1595519710836,43.1347227512785,43.1109410504324,43.091858720382,43.0825245340097,43.0887661241546,43.1155847182255,43.1645333606938,43.2308406138788,43.3020321218139,43.3600688412485,43.3875050965221,43.3751517841625,43.3266455704987,43.2567611788672,43.1845960302975,43.1260453150201,43.0895278200852,43.0759136332832,43.0810723720383,43.0989059915634,43.1235536231287,43.1504686913473,43.1766431311916,43.2003814803155,43.2209307262545,43.2381315791399,43.2521526526257,43.2633125512822,43.2719724478337,43.2784775387867,43.283129026033,43.2861733549767,43.2878000206574,43.2881426875437,43.2872807059825,43.2852396100831,43.2819901321461,43.2774459285604,43.2714608323011,43.2638272990659,43.2542791148815,43.2425037423234,43.2281732236134,43.211007369983,43.1908882194677,43.1680476236146,43.1433437950621,43.1186157692857,43.0970405433431,43.0833046126586,43.0832596098963,43.102656287407,43.144740574491,43.2071630761528,43.2797197030857,43.345150920213,43.3843336598036,43.3843096434988,43.3446399396051,43.2777603688912,43.2030238809817,43.138462775227,43.0950658230689,43.0755838985245,43.0767225632013,43.0923918902366,43.1163132414697,43.1434236759238,43.1702769947865,43.1948737826397,43.2162815282448,43.2342529520653,43.248926711504,43.2606238822202,43.2697237791105,43.2765956941457,43.2815659181322,43.2849049018701,43.2868245722137,43.287479742147,43.2869702301698,43.2853420061806,43.2825867182927,43.278639606436,43.2733763300317,43.266609893783,43.2580899558579,43.2475087137919,43.2345206775942,43.2187882160551,43.2000705040594,43.1783786452459,43.1542194750555,43.1289348865133,43.1050962988786,43.086817425719,43.0797027165453,43.0900125499114,43.1226656171497,43.1781672153983,43.2495652368865,43.321628464344,43.3743754876525,43.3907722881936,43.3648265318034,43.3047856925497,43.2290818222741,43.157858464923,43.1054962203748,43.0776496123557,43.0726040884235,43.0846061075782,43.1069689727209,43.1339649926946,43.1615266850409,43.1871960563223,43.2097536073214,43.2287994721143,43.2444089261403,43.256891759714,43.2666426947722,43.2740577853491,43.2794932077517,43.2832486384234,43.285563318282,43.2866175186729,43.2865353074442,43.2853865354278,43.2831871667105,43.279897768318,43.275420425263,43.2695948171963,43.2621949764394,43.2529296993208,43.2414521227686,43.2273880124596,43.2103979669538,43.1902952287937,43.167245088967,43.1420666392361,43.1166289776421,43.0942620098903,43.0799713838881,43.0800786551518,43.1008133450801,43.1456024658714,43.2115958006654,43.2872282976856,43.3534099567577,43.3897327915236,43.3835508819883,43.3364995954405,43.2637960556037,43.186759083091,43.1237171657575,43.0845335444246,43.0702909920072,43.0762816726571,43.0956140679244,43.1217879840531,43.1498913328871,43.1767889606721,43.2008091617451,43.2212932757094,43.238193841208,43.2517813740203,43.2624565489263,43.2706424299572,43.2767296388479,43.281052984091,43.2838848256615,43.2854360194437,43.2858592187145,43.2852518340616,43.2836574472672,43.2810652909499,43.2774078404642,43.2725568852543,43.2663189328,43.2584317793606,43.248565964041,43.2363380727975,43.2213478752126,43.2032579978231,43.1819418334782,43.1577281284845,43.131758995326,43.1064340549566,43.085814437121,43.0756974720638,43.0828960798479,43.1132391022275,43.1682512494658,43.241580649456,43.3175990533682,43.374796172278,43.3941528701237,43.3684230532116,43.3061149307908,43.2271485364526,43.1533309813406,43.0999701281515,43.0727020676661,43.0692068923998,43.0830196963418,43.1069374605379,43.1349874536896,43.1630706568606,43.1888166933114,43.2111354572021,43.2297522256532,43.2448433270447,43.2567917667176,43.2660415360327,43.2730202506254,43.2781038467135,43.2816045207387,43.2837698919707,43.2847863838776,43.2847831194921,43.2838346066904,43.2819615628738,43.2791297399027,43.2752468500923,43.270157938726,43.2636401014018,43.2553986737663,43.2450693800195,43.2322349190509,43.216470463559,43.1974402564629,43.1750747724651,43.1498586242471,43.1232404228603,43.0981154391666,43.0792061078395,43.0729747236055,43.0865311857055,43.1250811140995,43.1881392176318,43.2661096226476,43.3401314509689,43.3875317677278,43.3916834326546,43.3506353848451,43.2783286919054,43.1973879824429,43.128726368495,43.0844759241048,43.0668574445412,43.0712480247583,43.0902780707988,43.1168575608508,43.1456130964494,43.1731358950065,43.1976349405514,43.2184291300668,43.2354968235693,43.2491514027422,43.2598371657011,43.2680149814579,43.2741060725293,43.2784694755789,43.2813968432883,43.2831147443269,43.2837890826394,43.2835290238635,43.2823893572617,43.2803709541512,43.2774192490956,43.2734207631323,43.2681979006963,43.2615029124035,43.2530134254662,43.2423347919658,43.2290192201177,43.2126185627476,43.1927962073,43.1695308996595,43.143443821402,43.1162539616093,43.0912907481257,43.0738425757709,43.0709070750584,43.0897526306394,43.1348915765437,43.2039680631173,43.2846409779183,43.3556700336456,43.3940849122008,43.3859119489881,43.3337306882595,43.2553963880401,43.1748297786242,43.111505532985,43.0747902781086,43.0643897440099,43.0742282025334,43.0965461863869,43.1245333493791,43.1533554855662,43.1801381969312,43.2035052610319,43.2230514280903,43.2389158307023,43.2514922300233,43.2612555654234,43.2686698098772,43.2741458644602,43.278026982095,43.280587449069,43.2820363657677,43.282522354656,43.2821373544389,43.2809188381562,43.2788502413753,43.2758594504765,43.2718151884177,43.2665213565989,43.2597101960522,43.2510369416618,43.2400819691396,43.226371809079,43.2094380974981,43.1889427788681,43.1649051804666,43.1380628016866,43.1103645391751,43.0855048959712,43.0692365434703,43.068969860897,43.0920331101144,43.1422628944572,43.2156889787091,43.297787385647,43.3656763393107,43.3966038263557,43.379077489789,43.3192407903019,43.2375786476168,43.1584362674074,43.0997890289928,43.0688241383257,43.0635081780145,43.0769076758462,43.1011605565152,43.1297708205579,43.1583407491441,43.1843864385641,43.2068156935496,43.2254015546574,43.2403802949435,43.2521893024041,43.2613158730053,43.2682201604541,43.2733020334258,43.2768910890912,43.279247207371,43.2805647779516,43.2809773202327,43.2805611858735,43.2793379051924,43.2772749437532,43.2742845353933,43.2702201805934,43.2648706732309,43.2579525070039,43.2491036442635,43.2378854138829,43.2238052563883,43.2063813501296,43.185279824337,43.1605621937181,43.1330744523628,43.1049696778894,43.0802534327395,43.0650533154612,43.0670761567438,43.0936090194572,43.1478155844659,43.2243303391348,43.3069287679237,43.371687379451,43.3964268935266,43.3718898170006,43.3069436013653,43.2237304322855,43.1464724547743,43.0917345196528,43.0650396878662,43.0631951727203,43.0788095724848,43.1040828206561,43.1328248784479,43.1609818373836,43.1863494566448,43.2080246676941,43.225890493143,43.2402370559402,43.25152112417,43.2602308251828,43.2668185659827,43.2716732160786,43.2751123637287,43.2773833779601,43.2786674178382,43.2790837760337,43.2786935994685,43.2775026295432,43.2754625970904,43.2724706782137,43.2683663186733,43.2629251119346,43.2558506365404,43.2467676426681,43.2352242127398,43.2207169755794,43.202762211917,43.181045463945,43.1556883249644,43.1276618739485,43.0993298161545,43.0749902487635,43.061083994324,43.0654988522711,43.0953307375959,43.1529599502176,43.2316781636305,43.3138710191248,43.3750735309193,43.3940786320142,43.3638283468377,43.2953865104527,43.2118566618857,43.1369023063048,43.0856834053971,43.0623740293559,43.062998533216,43.0799748398341,43.105680745663,43.1342343449313,43.1618707040487,43.1865963400643,43.2076369575504,43.224941318455,43.2388247902933,43.2497470368583,43.2581887302878,43.264591170608,43.2693314223274,43.2727152604545,43.2749778337001,43.2762870226152,43.2767473965253,43.2764040388833,43.2752458609601,43.2732078303072,43.2701712182144,43.2659608981518,43.2603392650877,43.2529978583596,43.2435506580864,43.2315377314914,43.2164548179888,43.1978334690395,43.1754058267423,43.1493925272134,43.1209386948932,43.092668191063,43.0691998597048,43.0572586288377,43.0647863905444,43.0984490653501,43.1595526035193,43.239862435979,43.3204918683419,43.3769050981047,43.3894622757047,43.3536290115906,43.2824984308237,43.1996367640422,43.1276834394222,43.0802032547432,43.0600976903854,43.0628034783225,43.0807277259473,43.1065329461604,43.1346820112987,43.1616916773553,43.1857532872489,43.2061927350894,43.2230006401228,43.2365003581388,43.2471431353098,43.2553952681598,43.2616828618602,43.2663686787757,43.2697449180329,43.2720329652191,43.2733858437432,43.2738916990392,43.2735777302924,43.2724141032205,43.2703170264255,43.2671497986029,43.2627206397761,43.2567768799775,43.2489969522237,43.2389849941735,43.2262780875434,43.2103835152348,43.1908725230604,43.1675656754865,43.1408463953728,43.1121192166421,43.0843630184755,43.0625886814648,43.0537934776905,43.0658044580797,43.1044886388598,43.1695752223186,43.2508961933315,43.3282926389727,43.3777147668614,43.3819666946878,43.3397144589793,43.2661767247744,43.1849604733247,43.1171127364296,43.074213667283,43.0577713921305,43.0626981916007,43.0815167965779,43.1072867516524,43.134887630246,43.1611527233868,43.1844686679401,43.2042593325396,43.2205499827445,43.2336638146715,43.2440362596397,43.252113018788,43.2582998528342,43.2629408964987,43.2663110599214,43.2686147305441,43.2699872369581,43.2704977845267,43.2701533777637,43.2689031566518,43.2666421055437,43.2632127159043,43.2584033267756,43.2519429146371,43.2434944100992,43.2326525211017,43.2189578413252,43.201946780878,43.1812657588977,43.1568849724229,43.1294437222897,43.100729240504,43.0742087628207,43.0553769211534,43.0514645589369,43.0699110928507,43.1152322735859,43.1848706677916,43.2661998293015,43.3378653249596,43.3771250937686,43.3704167195022,43.3204800553302,43.244778677839,43.1664440069363,43.1042318220849,43.06722974589,43.0553437515558,43.0629726780112,43.0828631845041,43.1085915880776,43.1355474832257,43.1609407099797,43.1833861711151,43.2024205896153,43.218108065578,43.2307700954874,43.2408219678072,43.2486832823258,43.254733633653,43.2592928844652,43.2626135078593,43.2648784523533,43.2662017125986,43.2666306605678,43.266149732908,43.2646848185896,43.2621071658053,43.2582353167041,43.2528339288983,43.2456097491868,43.2362078158793,43.2242154826138,43.2091882598906,43.1907195105614,43.1685841823639,43.1429904396972,43.1149618559035,43.0868279120752,43.0626971067849,43.0486125645491,43.051892517894,43.0791165550215,43.1326568644612,43.206812952304,43.2860775310753,43.3483596804011,43.37351372446,43.3530490381866,43.2945470133555,43.2175214564221,43.1438393982389,43.0891592543471,43.0595886093572,43.0532811111966,43.0641760808572,43.085370796211,43.1110827119293,43.1373061283495,43.1616901461312,43.1831153004103,43.201250991078,43.2162087280165,43.2283100112152,43.2379476362302,43.2455104741145,43.2513462089125,43.2557443916968,43.2589293411766,43.261057611041,43.2622178963013,43.2624327365108,43.2616616846887,43.2598052626927,43.2567085287056,43.2521629324454,43.2459057828373,43.2376185036001,43.2269282458514,43.2134226070652,43.1966941553681,43.1764394031619,43.1526431358361,43.1258769178443,43.097716864034,43.0712196281336,43.051266741733,43.0444047162301,43.0576661330749,43.0959887110557,43.1585589950582,43.2357122672526,43.3091013297408,43.3570950191903,43.3639922398091,43.3277997264432,43.2611681497661,43.1848283170354,43.1182450740742,43.0731803453649,43.0524675244984,43.0525545880014,43.067092722942,43.0896966700663,43.1153452727454,43.1407130167061,43.1639324306464,43.1841744119886,43.2012540680171,43.2153361713803,43.2267434917879,43.2358445643652,43.2429937673998,43.2485019162515,43.2526227922373,43.2555472081594,43.2574005509579,43.2582422897277,43.2580670531533,43.2568070185574,43.254334999875,43.2504672669836,43.244965257314,43.2375364057533,43.2278367225713,43.2154818076796,43.200078826301,43.1812991971917,43.1590186817469,43.1335537209462,43.106010681988,43.0787217433142,43.0556472463012,43.0424722450372,43.0459611786874,43.0721153459761,43.1230719505361,43.1936770394981,43.269902287316,43.3315407824384,43.3595901744493,43.3449766267705,43.2930760275498,43.2208287535368,43.1485739092725,43.092030649031,43.0584968514623,43.0475968097199,43.0543942046376,43.0725585629849,43.0964189207569,43.1218132478102,43.1461344234247,43.168009180695,43.1868997827026,43.2027656085456,43.2158229367633,43.2263938671636,43.2348202400245,43.2414188105646,43.246459737122,43.2501568206969,43.2526630670898,43.2540686147809,43.2544000300716,43.253620762927,43.2516325998352,43.2482776938883,43.2433406642532,43.2365508040659,43.2275860608043,43.2160835386802,43.2016660519482,43.1840005796441,43.162911229515,43.1385732944438,43.1118089935241,43.084476480006,43.0598736031387,43.0429538876866,43.0399957589786,43.0572817810104,43.0985493801363,43.1616974743316,43.2363769654738,43.3048256897169,43.3473035692061,43.3504010916371,43.3134804182596,43.2488857063625,43.1758100095843,43.1120478692467,43.0684116480854,43.0476671627374,43.0467409930228,43.0598860089232,43.081179129988,43.1058479279504,43.1306398085166,43.1536547920057,43.1739856357527,43.1913604796569,43.2058653680082,43.2177574825738,43.2273522104796,43.234961027223,43.2408603104933,43.2452769377089,43.2483819199002,43.2502874062081,43.2510450411843,43.2506450864873,43.2490162627162,43.2460263103543,43.2414832289673,43.2351374720246,43.226686497619,43.2157854205222,43.2020713883714,43.1852147215045,43.1650160602435,43.1415733155275,43.1155394434291,43.0884712626667,43.063214908843,43.0441708501294,43.0371396716635,43.0483419444592,43.0823047373462,43.1388385181325,43.2103204731107,43.2813970045078,43.3328529940873,43.3490207762326,43.3249696603488,43.2688549657283,43.1978149993641,43.1302820097688,43.079442458133,43.0507069250154,43.0429010231047,43.051150353446,43.0695969729131,43.0930964803141,43.1178922556308,43.1416240673605,43.1630362403444,43.181624662299,43.1973363138668,43.2103537989053,43.2209579167457,43.2294482058767,43.2361011614462,43.2411503110729,43.2447775298169,43.2471093208836,43.2482148843479,43.2481047201311,43.2467295153362,43.2439794682037,43.2396843599631,43.2336149953214,43.2254875116836,43.2149739244923,43.2017254783823,43.1854200160649,43.1658501305658,43.1430733796065,43.1176446044508,43.0909343123008,43.0654922162823,43.0453273669111,43.0358487616823,43.0430970237316,43.0719409669617,43.1233198023608,43.1914683785439,43.2629858643351,43.3196036628914,43.3446865871702,43.3305349174091,43.2820286745624,43.2141543053089,43.1451464208068,43.0895901784037,43.0548739019343,43.0414762813007,43.045452536363,43.0611974673467,43.083390259724,43.1079187981538,43.1320552867601,43.1542442067866,43.1737696673055,43.1904450400286,43.2043772983509,43.2158096352872,43.2250264781437,43.2323013602053,43.2378710638147,43.241924147196,43.2445963107665,43.2459683759108,43.2460648899375,43.2448527177284,43.2422396984798,43.2380738411997,43.2321439486799,43.2241833753272,43.2138802349665,43.2009001321748,43.1849315479318,43.1657689702489,43.1434530711913,43.1184865975316,43.0921311343593,43.0667509849606,43.0460927893439,43.035273321495,43.0401365597354,43.065656293334,43.1133913828514,43.1787555260417,43.249760707966,43.3090758905087,43.3397978188483,43.3325940478108,43.2900463341655,43.2253232384483,43.1561140527742,43.0977117140147,43.0588431181402,43.0412646318869,43.0418553438574,43.0553279319273,43.0763159310556,43.1004803204286,43.124823464137,43.1475529818159,43.1677764705068,43.1851906228929,43.1998332727499,43.2119114237426,43.2216937780841,43.2294496091932,43.2354172834737,43.2397898278356,43.2427091285981,43.2442637270548,43.2444875853603,43.2433587614741,43.240797880875,43.2366668935446,43.2307691591578,43.2228527502295,43.2126203662121,43.1997517479803,43.1839481379757,43.1650128149176,43.1429855629186,43.1183483900845,43.092307552786,43.0671214381769,43.0463726266022,43.0349746403072,43.0385970679443,43.0621956899724,43.1076214424341,43.1709673069687,43.2411702236251,43.3016530315132,43.3355802767157,43.3327680027628,43.2943481674428,43.232160582686,43.1633049139561,43.1033513616318,43.0618405214692,43.0414121250601,43.039579841022,43.0513524097511,43.0713877442817,43.0952177301222,43.1196636162085,43.14276194468,43.1634862241622,43.1814406692395,43.1966060596013,43.2091582365158,43.2193516072758,43.2274510218459,43.233695593188,43.2382815495434,43.2413551862307,43.243010336983,43.2432872600285,43.2421715191976,43.2395925376741,43.2354222545574,43.2294749941993,43.2215105714394,43.2112441358547,43.1983686188089,43.1825990466001,43.1637521104937,43.1418778405432,43.1174594960816,43.0916859423718,43.0667669901987,43.0461947184622,43.0347518022345,43.0379662072435,43.0607115253915,43.1049174384297,43.1669966279419,43.2364143810738,43.297121862269,43.3324910095019,43.3320057043046,43.2960193142236,43.2355335937727,43.1671639450746,43.1065140767069,43.063541528455,43.0414156969637,43.0380728119286,43.0487484961997,43.0681507531934,43.0917502273218,43.1162604060565,43.1396074911019,43.1606739485977,43.1789985755981,43.1945202748488,43.2073911741768,43.2178543689952,43.2261709815432,43.2325805198162,43.237281573072,43.2404236571152,43.2421043085649,43.2423680101906,43.2412052683593,43.2385513458491,43.2342850067265,43.2282284072798,43.2201502505281,43.20977581966,43.1968098078533,43.1809811073613,43.1621225904856,43.14030202865,43.1160192193739,43.0904724288371,43.0658640220601,43.0456496114092,43.0345368857046,43.0379436832774,43.0606273465963,43.1044551646611,43.1659036742943,43.2346621793829,43.2950027215478,43.3305496591922,43.3307971344997,43.2958244811064,43.2362182460556,43.1682649229644,43.1074736753074,43.0639327835498,43.0410514652697,43.0369910171048,43.0471286497562,43.0662218195956,43.0897239956135,43.1142978389958,43.1378108138206,43.1590935376118,43.1776456978677,43.1933801733849,43.2064338903201,43.2170425433471,43.2254648526928,43.2319407494195,43.2366706150934,43.2398063137196,43.2414479639198,43.2416428589342,43.2403846942458,43.237612486489,43.2332094825674,43.2270032052682,43.2187688274051,43.2082395994408,43.1951303440869,43.179183190977,43.1602484103168,43.138416013017,43.1142122836279,43.088862988596,43.0645915412388,43.0448554682405,43.0343286908553,43.0383452663301,43.061528731559,43.105591333433,43.1668956650331,43.2351326547603,43.2947279808212,43.329562743428,43.3293652734721,43.2943045096495,43.2348835361862,43.167211186651,43.1066393368695,43.063187717768,43.0402832804212,43.0361480152606,43.0462192364238,43.0652908967337,43.0888264308374,43.1134796864919,43.1371004227645,43.1585002758276,43.1771629750343,43.1929900553373,43.2061116198619,43.2167601584334,43.225193678462,43.2316528719712,43.2363395972845,43.2394074504254,43.2409583412665,43.2410414116954,43.2396523750411,43.2367325938801,43.232168163054,43.2257901601123,43.2173783223249,43.2066719828234,43.1933943989868,43.1772997250281,43.1582554379466,43.1363755688154,43.1122181322127,43.087047056191,43.0631247177082,43.0439359517352,43.0341497986883,43.0390376719439,43.0630831650451,43.1077876557295,43.1692842663537,43.2371135375209,43.2957313986383,43.3292627104538,43.3278088100731,43.2918742495657,43.2321178372961,43.1645946059262,43.1044729433053,43.0615728130573,43.0391806163341,43.0354544451722,43.0458242435455,43.0651038616157,43.0887821659478,43.1135333621205,43.1372199628857,43.1586601474865,43.1773404001168,43.1931632809925,43.2062594850467,43.2168622699318,43.2252307365994,43.2316069107232,43.2361940708093,43.2391471990129,43.2405695131341,43.2405114187703,43.2389699396746,43.235887919248,43.2311532517372,43.2245993283982,43.2160090211814,43.2051261399839,43.1916806260884,43.1754368531852,43.1562778807448,43.1343408273134,43.1102161273546,43.0852095920817,43.0616309723173,43.0430065946419,43.034019424363,43.0398959961978,43.0649850208823,43.1105539168046,43.1724447327319,43.2399562432761,43.2974900528868,43.329389707065,43.3261981172696,43.2889000716771,43.2284643387032,43.1609839747574,43.1014421531617,43.0593844419711,43.0378563494043,43.0348672624855,43.0457896351985,43.0654409565289,43.0893423685715,43.1142064593353,43.1379289445602,43.1593525896782,43.177980449655,43.1937256488165,43.2067254866399,43.2172174359633,43.2254634494424,43.231707635524,43.2361549015786,43.238961568972,43.2402320052889,43.2400176592768,43.2383165745253,43.2350726796963,43.2301751220817,43.2234588562718,43.2147088669598,43.2036720543951,43.190083170273,43.1737143127133,43.1544609199683,43.1324793656467,43.1083884760995,43.083532728278,43.0602685561304,43.0421678484594,43.0339382068523,43.0407783673428,43.0669208877064,43.1134094079505,43.1757839856045,43.2430635343545,43.2995407966887,43.3297357806299,43.324633976684,43.2857531214331,43.2244517419352,43.1569263243292,43.097996561351,43.0569105382711,43.0364251908403,43.0343529773867,43.0459752361992,43.0660978034846,43.0902734484768,43.1152610282586,43.1390005506597,43.1603702252179,43.1788986450275,43.1945161246391,43.207371055816,43.2177079413901,43.225793229827,43.2318740166737,43.236157324518,43.2388010943536,43.2399110369128,43.2395397986746,43.2376865581678,43.2342963713178,43.2292595478548,43.2224122930984,43.2135410357273,43.2023945401735,43.1887102952857,43.1722648207943,43.1529609652476,43.1309673554926,43.1069221285418,43.0821979608826,43.0591881003614,43.0415044532443,43.0338833616533,43.0415148885979,43.0685514679215,43.1158595457138,43.1787172187696,43.2458740107898,43.301479935603,43.3301621214637,43.3232773979325,43.2828411203537,43.2206170058758,43.1529541665168,43.0945594038008,43.0544114645823,43.0349799901674,43.033864659838,43.0462355756583,43.0668711805616,43.0913474739885,43.1164676606952,43.1402182598252,43.1615170261109,43.1799225040686,43.195386081124,43.2080702864429,43.2182288706371,43.2261343266162,43.2320378151318,43.2361492622272,43.2386288639784,43.2395842443408,43.2390697937906,43.23708635081,43.2335805702074,43.2284442728077,43.221515020059,43.2125803499219,43.2013898055599,43.1876813104585,43.1712316352761,43.1519441832174,43.1299894414946,43.1060103762104,43.0813896936943,43.0585379619467,43.0410917860363,43.0338143411239,43.0419100738408,43.0695080200526,43.117384614559,43.1806498717706,43.2478416857228,43.3029471019975,43.3305931652084,43.3223557673156,43.2806231233607,43.2175220057452,43.1495976653979,43.0915318578217,43.0521165500162,43.0335828870385,43.0333306932919,43.0464086781068,43.0675492976664,43.092334472598,43.117599746012,43.141371682525,43.1626052704439,43.1808892012402,43.1961973374865,43.2087081300307,43.2186863149571,43.2264119566535,43.2321415819372,43.2360891461667,43.2384181191007,43.2392390066885,43.238608897004,43.2365312329917,43.2329551754049,43.2277748511303,43.2208297165664,43.2119084498077,43.2007604811283,43.1871217110597,43.1707642060105,43.1515832438655,43.1297373765518,43.1058543510568,43.0813006165498,43.0584742207003,43.0410104096875,43.0336903922837,43.041759877625,43.0694034972624,43.1174392411056,43.1809619524003,43.248406791383,43.3035901642492,43.3309865575014,43.3221469490311,43.2796105793026,43.2157675345606,43.1474038722801,43.0893102970094,43.0502352239353,43.0322695174067,43.0326534122767,43.0463112528375,43.0679054632047,43.0929959081547,43.1184274839944,43.1422513802667,43.1634511649697,43.1816418604432,43.1968189507051,43.2091775220831,43.2189946962534,43.2265597137173,43.2321360572905,43.2359432186921,43.2381493714912,43.2388692893774,43.2381641308857,43.2360413170158,43.2324538700733,43.227299489877,43.2204205509433,43.2116073607217,43.2006086923263,43.1871560422026,43.1710113504547,43.1520516536407,43.1304067669137,43.1066638688718,43.0821386349225,43.0591755681297,43.0413698514844,43.0335019830978,43.0408860740834,43.0678612701015,43.1154644965307,43.1789944174743,43.246954815487,43.3030062333843,43.331274025471,43.3229383849838,43.2803546533271,43.2160069234388,43.1469661444313,43.088319095038,43.0489841385212,43.0310664825859,43.0317170374896,43.0457393411813,43.0676941686063,43.0930784960413,43.1187110005808,43.1426421835011,43.1638687797437,43.1820242183784,43.1971225573886,43.2093752799727,43.2190730756114,43.2265161416596,43.2319768678009,43.2356822179127,43.2378069392698,43.2384718903836,43.237744098581,43.235636770594,43.2321086079795,43.227062658843,43.2203458042495,43.2117510837803,43.2010266851634,43.1878978245362,43.172111059308,43.1535144898964,43.1321904226865,43.1086558445755,43.0841335068141,43.0608615869056,43.0423411157953,43.0333174221673,43.039191784621,43.0645676592512,43.1109199847472,43.1740435339644,43.2427653776656,43.3006546167732,43.3312645285413,43.3249516511692,43.2834130892604,43.2189571969404,43.1489656953757,43.0890629722793,43.0486343614534,43.030025108373,43.0304065967823,43.0444750044413,43.0666494667284,43.0923078807683,43.1181919784205,43.1423144371851,43.1636617945674,43.1818732405306,43.1969759235663,43.2091964923534,43.2188402175732,43.2262202846788,43.2316203701978,43.2352773243287,43.2373748065577,43.2380420194647,43.2373540814276,43.235332221288,43.2319431033244,43.2270974404684,43.2206488664349,43.2123950672308,43.2020847017959,43.1894359604854,43.17417591081,43.156113874257,43.1352658011117,43.1120467733337,43.0875387486614,43.0638095220315,43.0441936766523,43.033342889918,43.0367410750173,43.0593575488377,43.1033510537637,43.1653803850223,43.2349635273819,43.2957434986904,43.3304989826329,43.3282138153766,43.2892780833969,43.2253960334454,43.154222441526,43.092202872548,43.0495857216055,43.0292785405019,43.0286431920699,43.0423023619735,43.0644872442078,43.0903826203252,43.1165835881273,43.1410126529132,43.1626124408255,43.1810090884173,43.1962341646282,43.2085269418299,43.2182080328785,43.2256059155076,43.2310184177164,43.234695220421,43.2368317351449,43.2375682197566,43.2369905196237,43.2351305282642,43.2319656009199,43.2274169766076,43.2213480112397,43.2135639510903,43.2038163696823,43.191817564951,43.1772734256411,43.1599474927972,43.1397733043477,43.1170339372658,43.0926209778807,43.068359373823,43.0473256988048,43.033986458969,43.0338596542874,43.0523417192712,43.092514145242,43.1523295811996,43.222507563454,43.2871096550752,43.3280511289415,43.3323476450009,43.2982280249208,43.2361137869065,43.1637397710486,43.0986552465256,43.0524777187476,43.0291346568324,43.0264467943736,43.0390410416365,43.0609162554769,43.0869708629753,43.1135594787391,43.1384414014224,43.1604670276236,43.1792216705665,43.1947278669657,43.2072328667068,43.2170728120506,43.2245939732007,43.2301117065811,43.2338920533194,43.2361455616302,43.2370267237021,43.2366351456386,43.2350163903218,43.2321616152352,43.2280059326836,43.222426095367,43.2152389101783,43.2062029957241,43.1950284540167,43.1814020449288,43.1650396641512,43.1457828266105,43.1237594124667,43.0996261130725,43.0748911129878,43.0522660197418,43.0359024257504,43.0312377962392,43.0440724825377,43.078582938929,43.1344589478606,43.2042822342776,43.27315050012,43.3222962550471,43.3362541441162,43.3100430773304,43.2517562870372,43.1786991273449,43.1096990682906,43.0583438761175,43.0302229183738,43.0240463450134,43.0346132210111,43.0556689574579,43.0817161555214,43.1087449276252,43.1342494419258,43.156917879229,43.1762530463786,43.1922471834938,43.205147132335,43.2153034168402,43.2230825214259,43.2288211824333,43.2328059683049,43.2352665574244,43.2363753595433,43.2362491643449,43.2349505109866,43.2324877437936,43.2288135319258,43.2238222398123,43.2173471938469,43.209159883296,43.1989747951168,43.1864662808771,43.1713078690037,43.1532496224737,43.1322541899346,43.1087132821701,43.0837551982314,43.0596167653822,43.0399727401972,43.0299866974453,43.0357090282646,43.0624305449102,43.1119306583876,43.1794040558158,43.2519386997542,43.310744263517,43.3377031750351,43.3235163474332,43.2724470807124,43.2003032024781,43.1270322153366,43.06879696915,43.0337129722828,43.0220668983529,43.0291731097279,43.0485743352783,43.0742669969864,43.1017185462526,43.1280161795876,43.151583132159,43.1717756757369,43.1885211939232,43.2020508394385,43.2127254316366,43.2209333274956,43.2270367697665,43.2313476791618,43.2341195561832,43.2355469944433,43.2357678054666,43.2348650647169,43.2328678221493,43.2297500846142,43.2254282418235,43.219757627078,43.2125296543216,43.203472282808,43.1922588180501,43.1785336505417,43.1619686284687,43.1423697516069,43.1198582623885,43.0951467584536,43.0699075700786,43.0471693530273,43.0315628226434,43.0290800999747,43.0459029750449,43.0859994305841,43.147839306179,43.2217290080739,43.2901774473085,43.3329880293814,43.3357588667395,43.2970495832201,43.2292782893345,43.1526247491583,43.0861689104003,43.0415972182357,43.0218255308639,43.0233429020649,43.039712727242,43.0643599337643,43.0920439663923,43.1192517736479,43.1439902355377,43.1653690114658,43.183193154144,43.1976500413446,43.2091005279134,43.2179541882922,43.2246025775718,43.2293883386154,43.2325942751805,43.2344421531558,43.235095162188,43.2346607433432,43.2331921977485,43.2306884805738,43.2270921505704,43.2222858509967,43.216088210933,43.2082509878291,43.1984610035722,43.1863533959648,43.1715472963875,43.1537212243619,43.1327520057401,43.1089438325958,43.083364036018,43.0582629850369,43.0374662973024,43.0264782428584,43.0318667609112,43.0594636380861,43.1112819336414,43.182041849449,43.2574918441504,43.3170836661818,43.3415567794267,43.32203775839,43.2647846207547,43.1880631632307,43.1133781547745,43.0569332326267,43.0257305888941,43.0186017451618,43.0297130585094,43.0520097163479,43.0793711493159,43.1074371004958,43.1335790527464,43.1565033717086,43.1757962514743,43.191549670064,43.204101748992,43.2138769718918,43.2212981700346,43.226744103201,43.2305331222966,43.2329200494968,43.234098536596,43.2342046400227,43.2333195106276,43.2314703296028,43.2286292685129,43.2247105975311,43.2195663792942,43.2129817578236,43.2046720355485,43.194285960411,43.1814233989291,43.1656811956316,43.1467482211668,43.1245773403422,43.0996624585236,43.0734305906719,43.0487017290238,43.0300507808198,43.0237265536171,43.0366205512051,43.073850594965,43.1351510549087,43.2115469332054,43.2850360048446,43.3335740090743,43.3404216501272,43.3026743592218,43.2329765931526,43.1530506714439,43.083706642957,43.0376302582442,43.0178137929429,43.0202497804775,43.0378830138562,43.0636759255585,43.0921553601214,43.1197599407955,43.1445537528846,43.1657437737245,43.1832329684157,43.1972895659137,43.2083341440863,43.2168173915471,43.2231580371224,43.2277164962867,43.2307874728662,43.2326011627979,43.2333272275022,43.2330785784331,43.2319136769652,43.2298369078761,43.2267969611844,43.2226833411704,43.2173213947169,43.2104669335677,43.2018030100108,43.1909441723532,43.1774580822937,43.1609210070033,43.1410318036037,43.117815677651,43.0919465197341,43.0651894859699,43.0408897505844,43.0242867965731,43.0222307973041,43.0417374230253,43.0870202830033,43.1555251061759,43.2349961984262,43.304639506865,43.3421180528249,43.3338981225749,43.2825049642534,43.205297661589,43.125614775027,43.0626042251658,43.0256508471292,43.0146910879476,43.0239092699136,43.0457237242263,43.0733970983174,43.1020912871044,43.1288897587393,43.1523650638975,43.1720672147462,43.1881024096257,43.2008428993723,43.210750899654,43.2182835135842,43.2238482657397,43.2277869605422,43.2303734946806,43.231817239276,43.2322675772831,43.2318175581006,43.2305058907779,43.228317042055,43.2251793653076,43.2209612554755,43.2154656040786,43.2084236640725,43.1994912518601,43.1882535245333,43.1742498911842,43.1570381561906,43.1363258281327,43.1122028881279,43.0855046972454,43.0582976866563,43.0343871063107,43.0195746645065,43.0211747007256,43.046190043176,43.0978872056145,43.1716275545276,43.2524554796034,43.3176640037914,43.3453711667644,43.325258312859,43.2642922223048,43.1830244809642,43.1052380414432,43.0481748666074,43.0185031968564,43.0139989844754,43.0277759506033,43.0521152896398,43.0806614016617,43.1091141439288,43.135042557205,43.1573756727868,43.1758899033805,43.1908168691098,43.2025867835321,43.2116797266722,43.2185494309506,43.2235902945536,43.2271273883336,43.2294170283607,43.2306510384754,43.2309613314488,43.2304234051034,43.2290582737066,43.2268326407961,43.2236571060689,43.2193821969209,43.2137923456024,43.2065989622756,43.1974359259402,43.1858646530601,43.1714019126732,43.1535918485616,43.1321529984233,43.1072368813762,43.0798258214466,43.0522531151694,43.0287193753453,43.0154868504634,43.0202054872001,43.0497573816794,43.1064756032207,43.1839032452605,43.264961975266,43.3257529227199,43.3452821283807,43.3161562547569,43.2487678846502,43.1656714247787,43.090411999276,43.0384184854612,43.014262464028,43.0142660338633,43.0309642200797,43.0567072137175,43.0855153614036,43.113516462097,43.1386318193156,43.1600323084341,43.1776380679387,43.1917536753067,43.2028378702097,43.211374557991,43.2178092858038,43.2225233716064,43.2258272584847,43.2279622254807,43.2291047401435,43.2293708493208,43.2288196260917,43.2274553252392,43.2252279644265,43.2220319008222,43.2177019458187,43.2120069927087,43.2046424007438,43.1952249290908,43.1832983596671,43.1683645538487,43.1499635387643,43.1278357200242,43.1022040821187,43.0742016241065,43.046416233847,43.0234015356642,43.0117942728293,43.0194508274318,43.0529984706183,43.1137932073387,43.1937374009662,43.2740922738513,43.3303653784325,43.3428059799555,43.3067067576094,43.2350920375796,43.1516425571927,43.0792172500793,43.0315589499121,43.0116179600812,43.0147605709335,43.0332673371009,43.0596783015708,43.0883696733756,43.1158128790127,43.1401867174936,43.1608249264099,43.1777354666993,43.191260896998,43.2018691246933,43.210038794293,43.2162042060066,43.2207335807764,43.2239238640673,43.2260024971957,43.2271313655298,43.2274108947462,43.226883578475,43.2255365961833,43.2233030553369,43.220061150126,43.2156305271839,43.2097657406795,43.2021482431881,43.1923813260791,43.179997274016,43.1644931215508,43.1454205951919,43.1225650643564,43.0962513285299,43.0677966941713,43.0400693033404,43.0179720848636,43.0084534814136,43.0194303629017,43.0570594158858,43.1215227703327,43.2030670427132,43.2815973638935,43.3325894514037,43.3380253959415,43.2959233006954,43.2214625297274,43.1387910893653,43.0696615122196,43.0261135549783,43.0097348837109,43.0152485092543,43.0349017867324,43.0615214240897,43.0898440882694,43.1166434354447,43.1403027084156,43.1602717161213,43.1766117156133,43.1896806954834,43.199942477094,43.2078634713318,43.2138635136933,43.2182964346519,43.2214451243391,43.2235226861337,43.2246756726526,43.2249878230028,43.2244837411951,43.2231320946948,43.2208476286027,43.2174909976345,43.2128654967411,43.206710587918,43.1986940481525,43.188408006336,43.1753795175894,43.1591139051632,43.1391983984384,43.1155019733904,43.0885073355587,43.0597868570166,43.03255994984,43.012117043969,43.005670392955,43.0210066062049,43.0634652096478,43.1316495854023,43.2139178401662,43.2890077332143,43.3330017332462,43.3303699152714,43.2822405446374,43.2057461395656,43.1249413530871,43.0599635361431,43.0209321400235,43.0081230669541,43.0157857833072,43.0362964767065,43.0628698039256,43.090644370964,43.1166990098425,43.1396065523438,43.1589135838308,43.1747173796994,43.1873781573995,43.1973464005849,43.2050700548045,43.2109502528783,43.2153233572885,43.218455718076,43.2205438787772,43.2217169399348,43.2220398694834,43.2215172889841,43.2200971917709,43.2176736447875,43.2140872312372,43.2091222115399,43.2025004917488,43.1938748554668,43.1828279066507,43.1688891231425,43.1515903985061,43.1305895203085,43.1058976447463,43.0782419809834,43.0495607947259,43.0235378058764,43.0059148076381,43.0040997140391,43.0254611479832,43.0739948189338,43.1461062899542,43.22789064953,43.2971428459527,43.3314163323711,43.3187312264339,43.2639522215939,43.1860591051094,43.1084108657305,43.048893915305,43.0153370766858,43.006625037257,43.0166235121881,43.037972529667,43.0643870632048,43.0914788567565,43.1166679747917,43.1387301132854,43.1573096657486,43.1725355134519,43.1847639080482,43.1944256757773,43.2019444409488,43.2076973642116,43.2119986376373,43.2150939111545,43.2171595450952,43.2183040820062,43.2185710492054,43.2179426768057,43.2163438689926,43.2136452952914,43.2096642367126,43.2041622539492,43.1968402265727,43.1873341980957,43.1752200762472,43.1600417899805,43.1413857395607,43.1190326464248,43.0932212782755,43.0650458194439,43.0369598919209,43.0132497140936,43.000155690796,43.0051216198252,43.0346296665018,43.0905777767347,43.1663985653354,43.2456047199954,43.3055739515617,43.3265870817099,43.3015162863934,43.2395638772927,43.1612601133495,43.0884796852733,43.0361228426052,43.0093268731379,43.0055008099979,43.0182154251271,43.0405109877456,43.0667217010362,43.0930151058882,43.1172021709958,43.1382875953379,43.1560249517231,43.1705775691078,43.1822959354362,43.1915870246107,43.1988448048974,43.2044167298811,43.2085891807561,43.2115819284307,43.2135466879426,43.2145678058608,43.2146644725019,43.2137940901462,43.2118560683423,43.2086948576288,43.2041009491074,43.1978092973938,43.1894965611183,43.1787820412324,43.1652424910231,43.1484580739032,43.1281148715891,43.1041957090963,43.0772886778677,43.0490176340641,43.0225294200956,43.002837764597,42.9966343746809,43.01103552153,43.0508847663591,43.1149929659281,43.193059380493,43.2660860237238,43.3121885848657,43.3161090449353,43.2768719202572,43.2081904751904,43.1313530426751,43.0656995007402,43.0224150798619,43.0036795158382,43.0054708022016,43.0212245122561,43.0445383327697,43.0704803902662,43.0958463792417,43.1188799715667,43.1388372893632,43.1555918389061,43.1693451932734,43.1804416601339,43.189261345131,43.1961639674391,43.2014618466519,43.205407905578,43.2081906850821,43.209932582903,43.2106899386975,43.2104545882545,43.2091565717163,43.2066672939488,43.2028020911986,43.1973213331266,43.1899303267399,43.1802807827996,43.1679807711535,43.1526260617016,43.133873148004,43.1115813984221,43.0860541019391,43.0583958378472,43.0309596217832,43.0077606077168,42.9945760505284,42.9982819008464,43.0249574804481,43.0767009528966,43.1481310262687,43.2248257844188,43.2861920043687,43.3131109643817,43.2968175934764,43.2433015540565,43.1700859467308,43.0977653240016,43.0419301453836,43.0095243309046,42.9998036815818,43.0075806658301,43.0264180657871,43.0506462314152,43.0761605830177,43.1004271066472,43.1221387640852,43.1408087968794,43.1564320464178,43.1692478240797,43.1795925074782,43.1878164948711,43.1942414601918,43.1991400898426,43.2027270136151,43.2051547759647,43.2065120945827,43.206823514121,43.2060502579044,43.2040920444569,43.2007893305092,43.1959253412393,43.18922781944,43.1803721078103,43.1689903508346,43.1546964995861,43.1371432861624,43.1161343241391,43.091818791531,43.0649905353436,43.0374846175817,43.0125936407277,42.9952997940863,42.9919570827202,43.008967279452,43.0501953997936,43.1136060276698,43.1887787952755,43.2577285931448,43.3004379601865,43.3033387619726,43.2658723848305,43.2006557011492,43.1271732478549,43.0633688929318,43.0200221618654,42.99975283799,42.9993257777109,43.0128797173022,43.034440872912,43.0592355196621,43.0840366837984,43.1069785050847,43.1271855899296,43.1444113242074,43.158759969159,43.170501209642,43.1799589136828,43.187450414605,43.1932562226833,43.1976060661974,43.2006726747893,43.202568821543,43.2033457531959,43.2029924996587,43.2014360170316,43.1985420838934,43.1941167713813,43.1879085954499,43.1796125871702,43.1688799034025,43.1553405581242,43.1386524035738,43.1185959117184,43.0952392204755,43.0691957052829,43.0419762976274,43.0163847909491,42.9968013172831,42.9890543610745,42.999466302789,43.0327460023557,43.0889274493619,43.1605606922773,43.2323015940175,43.2847281735256,43.301825911075,43.278357487622,43.2223692714246,43.1511075503593,43.0832177834462,43.0320689109822,43.0031545729359,42.9952937594854,43.0035618108092,43.0220479910587,43.0455727474758,43.0703645654725,43.0940628299352,43.115418913666,43.1339379702715,43.1495756721735,43.1625217733412,43.1730627193483,43.1815025861353,43.188121661706,43.1931566919432,43.1967921648175,43.1991564422461,43.2003196759687,43.2002923526935,43.1990242687664,43.1964040683576,43.1922595655973,43.186359318574,43.1784167631727,43.1681000740455,43.155054153259,43.1389458737044,43.1195494308227,43.0968935017428,43.0714912751879,43.0446592946318,43.0188874151746,42.9981353292898,42.9878022671351,42.9939970620287,43.021766359459,43.0723309457922,43.1402357334562,43.2122754816143,43.2701196863216,43.2967827016119,43.2840681001179,43.2364540830055,43.1687936966294,43.0994552334263,43.0432880942391,43.0079250959335,42.99399099731,42.9975873920515,43.0130930207105,43.0351475372774,43.0596002426998,43.0836953774668,43.1058607714063,43.125372327819,43.1420403994969,43.1559717139967,43.1674105751727,43.1766431839283,43.1839451971255,43.1895556811206,43.193665434343,43.1964121017464,43.1978778911998,43.1980879722354,43.1970089759862,43.1945476941712,43.1905504120591,43.1848036618737,43.1770379408608,43.1669375091408,43.1541621291529,43.1383907001829,43.1194018148268,43.0972107369964,43.0722821954705,43.0458258150888,43.0201434641785,42.9989215611926,42.9872451694725,42.9909951301982,43.0152932375832,43.0619740179333,43.1268057140022,43.1980999906164,43.2585949168534,43.291120853842,43.2858164833632,43.2447105774758,43.1806459041399,43.1113129700554,43.0522479090043,43.0124927356767,42.9940552187409,42.9939511913862,43.00693075945,43.0276061958571,43.0515951342708,43.0758567145634,43.0985646992425,43.1188036139874,43.1362559212886,43.1509514041291,43.163092959762,43.1729475890324,43.1807843097904,43.1868420835507,43.1913149675277,43.1943459680901,43.1960245245176,43.1963850110869,43.195405231382,43.1930048188315,43.1890440252214,43.1833238849527,43.1755895360818,43.1655399340304,43.1528496574785,43.1372121587186,43.1184183485713,43.0964884054847,43.0718745409147,43.045740946086,43.0202928607914,42.9990569582943,42.986908167228,42.9895289098967,43.0119811040371,43.0563428872697,43.1190327288017,43.1893086241871,43.2507457051432,43.2863557705456,43.2855040068697,43.2487576592174,43.1875335090468,43.1188095882478,43.0583171561014,43.0158982181188,42.9944830607587,42.9917803013287,43.0028861251655,43.0224674855647,43.046024331044,43.0703334011117,43.0933898726634,43.1141350181339,43.1321504418821,43.1474021703842,43.1600569334529,43.1703637832206,43.1785846012276,43.1849569914542,43.1896765036948,43.1928891301171,43.1946884197938,43.1951140796644,43.1941506479633,43.191725934595,43.187709665766,43.1819134238952,43.1740938510192,43.1639625249764,43.1512082429568,43.135540822214,43.1167696562229,43.0949337801183,43.0704996531545,43.0446314584968,43.0195057521194,42.9985760627734,42.9865922087338,42.9890770530677,43.0109587740685,43.0543110636339,43.1157814112108,43.1851038525364,43.2464131557333,43.2830501747011,43.2842069839774,43.2497831656111,43.1903639540544,43.1223576991685,43.0614141848118,43.0177081934402,42.9946701913548,42.9904457917619,43.0003921485902,43.0192600015536,43.0425116621585,43.0668282682043,43.0900981102999,43.1111697493375,43.1295554420962,43.145174914572,43.1581671205415,43.1687663664807,43.1772279680904,43.1837875405187,43.188640921807,43.1919354618522,43.1937667059461,43.1941770144499,43.193154428287,43.190631291658,43.1864830038214,43.1805280445732,43.1725313885957,43.1622149030292,43.1492806008037,43.1334558348116,43.1145733386079,43.0927020629621,43.0683436052227,43.0426970509168,43.0179620158501,42.9975848212526,42.9862559584415,42.9893722335429,43.0116801869817,43.0550715909663,43.1161091565973,43.1846340359151,43.2450911520633,43.2812064876187,43.2824148214156,43.2485619940608,43.1899196212793,43.1225211159054,43.0617834580449,43.0178670420604,42.9943481748479,42.9895667521155,42.9990354002605,43.0175871456857,43.0407001510306,43.0650292199896,43.088418393811,43.1096708737758,43.1282611275774,43.1440813965937,43.1572527852878,43.1679992521922,43.1765708630154,43.1832010245762,43.188084938423,43.1913700221597,43.1931522219347,43.1934745998815,43.1923263480605,43.1896416233185,43.1852985301809,43.1791194408755,43.1708748993281,43.1602948967883,43.1470935915638,43.1310166699089,43.1119241263673,43.089923817649,43.0655692179819,43.0401217522334,43.0158439687458,42.9962247810925,42.985943785759,42.9902944767556,43.0138024078176,43.058040885133,43.1192497146345,43.1870973263597,43.246145721209,43.2805390305316,43.2802605044995,43.2455693982629,43.1868355141283,43.1198942349512,43.0598381340321,43.0165550612429,42.993485746538,42.9889590031822,42.9985431298143,43.0171396795032,43.0402785171376,43.0646417440038,43.088080818896,43.1093945280062,43.1280480692677,43.1439240282433,43.1571356179458,43.1679012315606,43.1764673948916,43.1830653756547,43.187889020962,43.1910847360347,43.1927475740305,43.1929197947821,43.1915899876713,43.188692104664,43.1841047232361,43.1776517866946,43.169107205114,43.1582073127631,43.1446775005027,43.1282824240786,43.108912570782,43.0867220621201,43.0623297215067,43.0370809031934,43.0133315983581,42.9946500060444,42.9857381507912,42.9917971493754,43.0170933388439,43.0627706783018,43.1245641691683,43.1917657949578,43.2489248541016,43.2806452017608,43.2776974796155,43.2411038643394,43.1816346873155,43.1150547687965,43.0560620049776,43.0140775945536,42.9921931770635,42.9885676614002,42.99874482689,43.0176805366725,43.0409816995984,43.06539852454,43.0888305725669,43.1101053783061,43.128702629905,43.1445105812242,43.1576434400848,43.1683185258766,43.1767805922073,43.1832590061946,43.1879457294237,43.1909852732381,43.192470749142,43.1924424415841,43.1908870205428,43.1877367500266,43.1828690434621,43.1761076945823,43.1672283185486,43.1559722272541,43.1420753415268,43.125321810355,43.1056352077842,43.0832217655251,43.058776189311,43.033744253115,43.0105979109898,42.993010255881,42.9857261904851,42.9938548573181,43.0213647211377,43.068879103529,43.1314921933037,43.1979813632507,43.2528131710666,43.2811104519959,43.2746230829463,43.2353876939878,43.1747756483316,43.1085512265576,43.0509518658704,43.0107867735211,42.9906454964063,42.9884053268598,42.9995299377751,43.01902056427,43.0425803346736,43.0670579490493,43.0904315626459,43.1115826382121,43.1300237038772,43.1456607680215,43.1586162289687,43.1691101022815,43.1773869507819,43.1836745492773,43.188162616965,43.1909931068721,43.1922563920183,43.1919899100216,43.1901774617427,43.1867485746131,43.1815783453567,43.174489194323,43.1652572350663,43.1536277311607,43.1393465583448,43.1222176580959,43.1021994943753,43.0795545712046,43.0550609728075,43.0302764343923,43.0078040620198,42.9914378062903,42.9859753486635,42.9964265672502,43.0264251920615,43.0760019483302,43.1395156219238,43.2051477541465,43.2572624184324,43.2815737882271,43.2709601867044,43.2286381883312,43.1666913375897,43.1009019809856,43.0449834912167,43.0070293154172,42.9890272951965,42.988504424056,43.0008125002453,43.0209957159704,43.0448682918599,43.0693989704984,43.0926658045561,43.113621828426,43.1318254139254,43.1472090355548,43.1599085881779,43.1701496546379,43.178177884618,43.1842197859919,43.1884626498484,43.1910454458025,43.1920552864871,43.1915261979978,43.189438506671,43.1857183378293,43.1802377284301,43.1728169067296,43.1632316253844,43.151230283332,43.1365680922345,43.1190686214909,43.0987259083213,43.0758607949209,43.051338775721,43.0268358771028,43.0050944452424,42.9900367937017,42.9865153333666,42.9994298016406,43.0320489198682,43.0837615100864,43.1481365022118,43.2127271988462,43.2618121390997,43.2817693925121,43.2667079981485,43.2211116964473,43.1578134575497,43.0925950196592,43.0385904701704,43.0031131366905,42.9874963876669,42.9888847400812,43.0025060108627,43.0234498838049,43.0476523935128,43.0722159445202,43.0953315895019,43.1160348119734,43.1339379714367,43.1490055975048,43.1613905980924,43.17132611833,43.1790598660688,43.184817425339,43.1887836580258,43.1910943880928,43.1918332452369,43.1910306011103,43.1886630438849,43.1846529895786,43.1788690329833,43.1711287215298,43.1612068276762,43.1488541251193,43.1338342735128,43.1159895128642,43.0953485539036,43.0722899454147,43.047766487354,43.0235730750126,43.0025922768057,42.9888749693498,42.987325300606,43.0027235921793,43.0379564407058,43.0917494398046,43.1568672835462,43.2202425350051,43.2661049974487,43.2815518053133,43.2619698563511,43.213125783215,43.1485830898271,43.0840853244138,43.0321506664203,42.9992874633888,42.9861623503823,42.9895339831065,43.0045079342088,43.0262238383611,43.0507453207829,43.0753145950389,43.0982415282804,43.1186490648314,43.1362075336683,43.1509164523926,43.1629477477063,43.17254339796,43.1799539130145,43.1854043573385,43.1890773771021,43.1911057769862,43.1915698031428,43.1904962677632,43.1878581039032,43.1835740583738,43.1775092301356,43.1694782674186,43.1592544841841,43.1465901655877,43.131256013765,43.113110810539,43.0922149100926,43.0690005129056,43.0445026480609,43.0206291874031,43.0003966687929,42.987978631101,42.9883264101057,43.0060992231598,43.0438052377544,43.0995196981177,43.1652286989796,43.2272812644438,43.2698960576829,43.2809075127697,43.2569635799918,43.2050656038473,43.1394518978307,43.0757911388461,43.0259787313536,42.9957331924979,42.9850763241357,42.9903982961322,43.0066917190238,43.0291490529541,43.053961173785,43.0785090115713,43.1012205987582,43.1213063973099,43.138495288213,43.1528226052312,43.1644801488636,43.1737194949594,43.1807945958357,43.1859305313824,43.1893082011271,43.1910578328706,43.1912567311131,43.1899285965636,43.1870431449389,43.182515838865,43.1762085386263,43.1679330034594,43.1574606718125,43.1445442335185,43.1289592734977,43.1105774372159,43.0894849964916,43.0661595526209,43.0417073979013,43.0181361871733,42.9985826980292,42.9873322876963,42.9893808659089,43.009278730337,43.0491881738496,43.1065875963003,43.1727497863037,43.2334961561616,43.2730529059283,43.27995365332,43.2520187644424,43.1973807336141,43.1308795470615,43.0680923566454,43.0203250604692,42.9925617207175,42.9842292350561,42.9913797980917,43.0089038916949,43.0320446817364,43.0571126090868,43.0816190985926,43.1041039434126,43.1238610581287,43.1406757856214,43.1546185452898,43.1659010875186,43.1747850781679,43.1815285888469,43.1863574603866,43.1894516156832,43.1909394913764,43.1908962532125,43.1893433054486,43.1862479496729,43.1815231005596,43.1750279462938,43.1665715801514,43.1559231666709,43.1428343586901,43.1270825353349,43.1085466720235,43.0873300440186,43.0639424890473,43.039543795362,43.0162199892598,42.9972064201807,42.9868852636037,42.9902993296885,43.0119218420471,43.0536383300799,43.1124308703589,43.1789639656285,43.2385960822438,43.2755424852996,43.2789236475026,43.2475647917072,43.1905784602202,43.1233331911969,43.0613348994789,43.0153824806233,42.9898213931285,42.9835563719091,42.9923387503899,43.0109640657912,43.0347160309957,43.0600084259234,43.0844677929828,43.1067340523754,43.1261770590868,43.1426344702355,43.1562099808593,43.1671349262359,43.1756815038326,43.1821127533303,43.1866563114398,43.1894922396652,43.1907483376814,43.1904988124982,43.1887639673035,43.1855098724412,43.1806479994131,43.1740357614875,43.1654800453221,43.1547473814552,43.1415866106392,43.1257728442546,43.1071848621346,43.0859305475014,43.0625333750949,43.0381812686985,43.0150080022037,42.9963169929931,42.9865679229794,42.9908593138884,43.0136429176251,43.0566396305094,43.1164893042084,43.1833952427401,43.2423204769134,43.2773998371879,43.2781386286018,43.2441123162086,43.1852187023341,43.1172944182369,43.0558450146981,43.011302480186,42.9875115190506,42.9829470945915,42.9930986583157,43.0126662131647,43.0369531646498,43.0624506119424,43.0868773975052,43.1089569403491,43.1281245067204,43.1442643038602,43.1575107821294,43.168114330681,43.1763582576878,43.1825117117849,43.1868055215101,43.1894213874172,43.1904880164348,43.1900802269919,43.1882188091193,43.184870182468,43.1799458791603,43.1733028155207,43.1647464447822,43.1540404529932,43.1409289066077,43.1251797842016,43.1066623124681,43.0854731833662,43.0621253483974,43.0378014183057,43.0146420508494,42.9959777938492,42.986320343587,42.9908379434242,43.0140409163551,43.0576446208537,43.1181614296033,43.1855299825488,43.2443909950646,43.2786727907924,43.2779614283079,43.2422286096957,43.1819138162851,43.1132780803066,43.0519574392803,43.0082235426092,42.9856050045745,42.9822595690518,42.9934535453551,43.0137801988812,43.0385286803331,43.0642300484337,43.0886644267281,43.1106168907038,43.1295746510922,43.1454612872281,43.1584389964695,43.1687767171783,43.1767697306557,43.182694827429,43.1867878470172,43.1892340493214,43.1901649998176,43.1896580972483,43.1877366080034,43.1843692986924,43.17946970696,43.1728959919159,43.1644534014015,43.1539029429726,43.1409820996509,43.1254465225493,43.1071452962452,43.0861453805927,43.0629200327148,43.0386051158331,43.015296204962,42.9962971754868,42.9861357051841,42.9900631850629,43.012747859979,43.0561048172997,43.1168015589614,43.184773463214,43.2444351270517,43.2793345984793,43.278725424049,43.242502118127,43.1813327068164,43.1118656549668,43.0500615508823,43.0063155582787,42.9840825141564,42.9813421675889,42.9931779851798,43.0140534750272,43.0391941943238,43.0651202905511,43.089632392551,43.1115492661808,43.1303932390628,43.14611854772,43.1589116707115,43.16905970664,43.1768711515816,43.1826324414862,43.1865867230284,43.188925185996,43.189784625214,43.1892473895218,43.187341614372,43.1840408420278,43.1792630462957,43.1728699324897,43.1646684232738,43.1544177349665,43.1418476685893,43.1266968637121,43.1087836148648,43.088125347122,43.0651230320079,43.0408175586352,43.0171961854883,42.9974665057644,42.9861184101031,42.988487418551,43.0095042910823,43.05152575556,43.1117295263898,43.1803988780936,43.241880691186,43.2791543480379,43.2806230565857,43.2454821898804,43.1842010546376,43.1137519741501,43.0506695112236,43.0058465255188,42.9829841497215,42.9800660385914,42.9920426501755,43.013214240152,43.0386758537258,43.0648691729969,43.089562014148,43.1115707910765,43.1304315957893,43.1461184798212,43.1588380434352,43.168895224349,43.1766133884702,43.1822911474241,43.1861817767382,43.1884852463465,43.1893463799582,43.1888552408477,43.1870476167363,43.1839046808876,43.1793517865204,43.1732571463949,43.1654321070301,43.155636122551,43.1435916608922,43.1290173702597,43.1116918426444,43.0915643783865,43.0689306781182,43.0446846320583,43.0206322767204,42.9997973115497,42.9865512083078,42.986283697704,43.0042716527966,43.0435672859378,43.1022803769063,43.1715134195675,43.2358322544794,43.2775165859099,43.2835293277404,43.251564293539,43.1912747036603,43.1197951096152,43.0545080414406,43.0072801979687,42.9824892310124,42.9783780412148,42.9898418761752,43.0109799022364,43.0366706742258,43.0631887131462,43.0881985777797,43.1104666792574,43.1295146958112,43.1453222152085,43.1581104614157,43.1682017027775,43.1759361876868,43.1816277878119,43.1855433014473,43.1878948434902,43.188838505638,43.1884752100634,43.1868515367718,43.1839595322552,43.1797353626176,43.1740574021553,43.1667451978382,43.1575620003915,43.1462255173559,43.1324345173718,43.1159229882432,43.096558163432,43.0745017909984,43.0504504957843,43.0259514638641,43.0037400378392,42.987953962251,42.9839537441061,42.9973853468446,43.0322143151469,43.0879399513697,43.1570955757973,43.2249700111241,43.2731976480979,43.2867309064799,43.2607694186568,43.2032363129429,43.1310382037585,43.0626254926469,43.0114132000001,42.9830403111627,42.9763904803699,42.9864462192255,43.0070794522408,43.0328485533784,43.0597454954333,43.0852369818357,43.1079742489362,43.1274254577828,43.1435555345956,43.1565921631419,43.1668736369343,43.1747592433939,43.1805817281888,43.1846254229194,43.1871185161387,43.1882320696199,43.1880813741654,43.1867272439649,43.1841761391677,43.180378856522,43.1752281889909,43.1685566769073,43.1601366338393,43.1496863546687,43.1368891467629,43.1214358016748,43.1031061117363,43.0819095718505,43.0583054582545,43.0335096439894,43.0098560106172,42.9910984245442,42.9824123676637,42.9897276899508,43.0180295766241,43.0686222533896,43.1361967870343,43.2075695741702,43.2641582637347,43.2885528235683,43.2723493450541,43.2204235731394,43.1486280833675,43.0764762488088,43.0195490021624,42.9855302684488,42.9745334653008,42.9819035056808,43.0013071484438,43.0268710479341,43.054157653009,43.080307231245,43.1037637809248,43.1238849494631,43.1405904228151,43.1541009816896,43.164767575865,43.1729703053684,43.1790647905977,43.1833575487547,43.1860974064449,43.1874746153359,43.1876227154109,43.1866204392001,43.1844923668945,43.181207922906,43.1766789129543,43.1707563880709,43.1632284608727,43.153822114006,43.1422144063921,43.1280621514879,43.1110641908901,43.0910760224882,43.0682999285974,43.0435681666906,43.018709749464,42.9969253170352,42.9829766322393,42.982846757877,43.0024433682559,43.0451111651427,43.1084198779742,43.1818222646074,43.247526877086,43.2859684395837,43.2841775898742,43.2422567093048,43.1734798404296,43.0978741152885,43.0336636615123,42.9915581150332,42.9738017863797,42.9766260318362,42.9936396580643,43.0184499351185,43.0460129529542,43.0729685061982,43.097420552132,43.1185299409894,43.1361223556299,43.1503884074412,43.1616837440735,43.1704094903951,43.1769480999419,43.1816335088334,43.1847404664679,43.1864832588226,43.1870179887197,43.1864452121298,43.1848113686269,43.1821084165045,43.1782716741961,43.173176336537,43.1666337426266,43.1583895330891,43.1481277275566,43.1354878994989,43.1201073429566,43.1017062186662,43.0802395193299,43.0561406211262,43.0306671614847,43.0063141804085,42.9871622932417,42.9788765050693,42.9879192896267,43.0195581759618,43.0747047422524,43.1466698002752,43.2201130011779,43.2745030521104,43.2920546228766,43.2662706396768,43.2054554100801,43.1285767046123,43.056407244652,43.0036965377032,42.9761101987841,42.9717105681656,42.9844682714417,43.0074884358527,43.0349385017187,43.062731332453,43.0884394975801,43.110893963947,43.1297462714897,43.1451151486737,43.157343464829,43.1668494905408,43.1740453237016,43.1792977950757,43.1829136059115,43.185136700626,43.1861506489226,43.1860820397247,43.1850028988684,43.1829313055862,43.1798300209342,43.1756033285686,43.1700926873633,43.1630724994669,43.154248665479,43.1432650662846,43.1297271324273,43.1132574752428,43.0936055778497,43.0708391110343,43.0456416477763,43.0197166963708,42.9962301818787,42.98009365076,42.9777112891624,42.9956873497539,43.0381576592103,43.1031667519547,43.1798354944948,43.2490569439092,43.2894813778634,43.2869620449924,43.2418843864117,43.1691228605877,43.0905752356523,43.0255417473224,42.9846751064472,42.9694079136524,42.9750064712286,42.9943717113236,43.0207776696331,43.049148110036,43.0762591808042,43.1004085216477,43.1209411701026,43.1378289298823,43.1513655924004,43.1619733814184,43.1700930976429,43.1761291005583,43.180426540713,43.1832655301707,43.1848628436681,43.1853758597466,43.1849060550996,43.1835008743615,43.1811535877964,43.1778011304242,43.1733201611137,43.167521968553,43.1601477102064,43.1508672074598,43.139287620927,43.1249832625921,43.1075646853127,43.0868129764613,43.0629100085065,43.0367879610388,43.0105843059937,42.988097413392,42.9749769557432,42.978187056891,43.0042033508953,43.0557538475501,43.127967544983,43.2062786385454,43.2690042701674,43.2954317800081,43.2758093539037,43.2166735856541,43.1374800542613,43.0610000103189,43.0040785050057,42.9736073833546,42.9678763540603,42.980472583861,43.0039530327871,43.0320403914126,43.0603865112297,43.0864602070054,43.1090871250559,43.1279600332285,43.1432520294866,43.1553566287077,43.1647329858164,43.1718239699966,43.1770189856187,43.1806414356019,43.1829480426299,43.18413263602,43.184330538568,43.1836217813196,43.1820324811093,43.1795342058286,43.176041331895,43.1714065500624,43.1654151018465,43.157779390355,43.1481377538839,43.1360649403395,43.1211076378578,43.1028662731689,43.0811526294333,43.0562565626291,43.0293425206038,43.0029468150048,42.9814330080981,42.9710745825585,42.9792310266362,43.012072919988,43.0708504553411,43.1480122444335,43.2260082062454,43.281629814293,43.2956423107311,43.2626022034635,43.1939660596513,43.1120358824104,43.0392383407775,42.9898213097873,42.967639915124,42.9688296580407,42.9860663776031,43.0119425806114,43.0406880514713,43.0685644561717,43.0935594436641,43.1148662385763,43.1324044445709,43.1464688382769,43.1575061003983,43.1659886831369,43.1723521571302,43.1769695610526,43.1801449410133,43.1821153307193,43.1830553127593,43.1830813331396,43.1822546175957,43.1805823126618,43.1780167160494,43.1744524834992,43.1697218031111,43.1635880389547,43.1557396507843,43.1457887699685,43.1332831918542,43.1177471650878,43.0987750194122,43.0762103034341,43.0504454064101,43.022858704741,42.9963442533207,42.9757549216628,42.9678698530031,42.9802970498524,43.0187872393753,43.083155885804,43.1635258555426,43.240072223271,43.2888762619458,43.29256567658,43.249508925679,43.1748307547821,43.0923882715834,43.0236567776864,42.9805396008814,42.964605348887,42.9705958060776,42.9907610504439,43.017903953825,43.0467241665103,43.0739611779079,43.0979758863626,43.1182089515877,43.1347224767542,43.1478806432487,43.1581547773287,43.1660176721129,43.1718937874787,43.1761406745222,43.1790457749839,43.1808294603115,43.181649617345,43.1816057050827,43.1807415310368,43.1790464848855,43.1764549997487,43.17284391909,43.1680275517887,43.1617508450488,43.1536826969089,43.143414449196,43.130473578123,43.1143699074911,43.0947009058625,43.0713511840432,43.0448217206616,43.0167006904079,42.9902138416052,42.970640124603,42.9651527916625,42.9814599285266,43.0247684018679,43.0934839747453,43.1757170352246,43.2499815666408,43.2923007297106,43.2873850829163,43.2369005159565,43.1586114043603,43.0770103643475,43.0123087063876,42.9743779306484,42.9631005641686,42.9723600848338,42.9942847358313,43.021969416418,43.0505288387701,43.077073145585,43.1002295910191,43.1196023086165,43.1353389640831,43.1478389638698,43.1575803609519,43.1650286954842,43.1705955418403,43.1746239416903,43.1773865655638,43.1790887783385,43.1798728242382,43.1798216013533,43.1789615072312,43.1772640735215,43.1746459660855,43.1709667639462,43.1660240909058,43.159546517979,43.1511865881497,43.1405198077924,43.1270609946483,43.1103172425391,43.0899062886487,43.0657770199253,43.038566547393,43.0100979096267,42.9839361768848,42.9657523099125,42.9630106982487,42.9833389224389,43.0311886552518,43.1034440696779,43.186363602867,43.2572991280897,43.292845324398,43.2801227798429,43.2238135020133,43.1435810020567,43.0638480459073,43.0032876535764,42.96991909007,42.9623308467052,42.9739042052466,42.9968505567942,43.0246159570242,43.0526995050535,43.0785161217017,43.1008924593643,43.1195429330353,43.1346642917709,43.1466689299076,43.1560296282481,43.1631991723195,43.1685743620314,43.1724834722452,43.1751845543318,43.176867883356,43.1776595066983,43.1776247636637,43.1767713669579,43.1750516464893,43.17236327592,43.1685476182104,43.1633851058101,43.1565881839838,43.1477946894005,43.1365685509843,43.1224208088244,43.104872255633,43.0835884594433,43.0586244857576,43.0308101821723,43.0022677439148,42.9769528198243,42.9609271652394,42.9618394116443,42.9869852594817,43.0396976750959,43.1150213430756,43.1973428558308,43.2632949529516,43.290796266621,43.269973802948,43.2085557930576,43.1275947852964,43.050803339513,42.994937713943,42.9661451365002,42.9619162025522,42.9753587841291,42.9989258953881,43.0264855882463,43.0539298304228,43.0789560273456,43.1005594981348,43.1185371952473,43.1331140842154,43.1447015300491,43.1537583413363,43.1607193880102,43.1659635764084,43.1698022686155,43.1724770637428,43.174161291309,43.1749628109923,43.174927288491,43.1740415640093,43.1722365413856,43.1693886505913,43.1653187887757,43.1597881140472,43.1524915273816,43.1430525136732,43.1310276162493,43.1159354993966,43.0973341505932,43.0749786460994,43.0490958607885,43.0207995911745,42.9926181988327,42.968989129262,42.9563784888636,42.9624700677122,42.9938512025411,43.0521737394696,43.1301214607295,43.2100933364765,43.2685382178281,43.2857045994919,43.2556147888363,43.1892820276795,43.1087094594297,43.0362046260157,42.9860922218267,42.9624677169528,42.961789488623,42.9770477064199,43.0010781414313,43.0282609594423,43.0549240423476,43.0790598730504,43.0998296636333,43.1171044229915,43.1311280567055,43.1423027382392,43.1510666252099,43.1578312269998,43.1629529646769,43.1667222494729,43.1693605788896,43.1710210172855,43.1717902295077,43.1716914706705,43.1706881298997,43.168687082019,43.16554068919,43.1610462539039,43.1549424623463,43.1469042523441,43.1365409550408,43.1234078195385,43.1070482649788,43.0870928258095,43.0634482047419,43.0366092640428,43.0081038589193,42.9810119221252,42.9603617417466,42.9530031981136,42.9663891075688,43.0058210371006,43.0704873821888,43.150081676563,43.2250207781885,43.2724337554202,43.2762522075652,43.2354445132941,43.1644870271897,43.0857339864537,43.0192563828509,42.9763543720045,42.9588496931813,42.9622072498122,42.979440280519,43.0039074181324,43.0306019870356,43.0563482002823,43.0794644313624,43.0992904906063,43.1157742873398,43.1291766079337,43.1398861193178,43.1483150521969,43.1548459361398,43.1598070849043,43.1634625906627,43.1660089624408,43.167574766459,43.1682219531207,43.1679484577125,43.1666916466306,43.1643317483567,43.1606940414863,43.1555487272702,43.1486085117189,43.139526343222,43.1278998297726,43.1132948141964,43.0953082490867,43.0736985923851,43.048616456148,43.0209599572243,42.9928410689537,42.9680577291583,42.952306448174,42.9526767285604,42.9758935872884,43.0251141988736,43.0961054953722,43.1750629654612,43.2408973378433,43.2728715649872,43.2602722957159,43.2079132060361,43.1334697523293,43.0586628021,43.0003552987266,42.966285842511,42.9558949136109,42.9637764247926,42.9831431208095,43.0080218845108,43.0341150803474,43.0587988634261,43.0807468606646,43.0994914133454,43.1150625618215,43.1277382819742,43.1378911599696,43.1459031738135,43.1521225145116,43.1568435596339,43.1602982873307,43.1626528951677,43.1640069086451,43.1643939059027,43.1637835874783,43.1620847634878,43.1591484040566,43.1547696859564,43.14868843251,43.1405889122171,43.130103009361,43.1168255863497,43.1003574473778,43.080398996835,43.0569240076718,43.0304617361911,43.0024946174045,42.9759184898783,42.9553928831048,42.9472355933989,42.9583708803096,42.9939365222274,43.0537835156585,43.1293212959433,43.2032726482048,43.2544046178033,43.266273133688,43.2352101355126,43.1721203270925,43.0968070043806,43.0289163618403,42.9811312047573,42.9573388475011,42.9547488296102,42.9673636819093,42.9888283016726,43.0139801207531,43.0393017976703,43.0627518440341,43.083370252194,43.1008850259157,43.1154082708796,43.1272335084262,43.1367144402536,43.1441989572621,43.1499962318442,43.1543615024462,43.1574893270406,43.159510601098,43.1604914384741,43.1604333921749,43.1592748548416,43.1568932755958,43.1531075295049,43.147679852273,43.1403176663401,43.1306777989586,43.1183793723599,43.1030371802353,43.0843342886006,43.0621592837412,43.0368356969932,43.0094594917439,42.9823194659714,42.9592858078736,42.9459069237677,42.9487976231691,42.9738796421458,43.0234022217979,43.092607530113,43.168094125298,43.2302385680587,43.2601869374198,43.2483608349929,43.1991726587461,43.1286503284501,43.0567183681852,42.9992686442362,42.9641241922003,42.951469553402,42.9567604216034,42.9738430652664,42.9970586251926,43.0221692258822,43.0464652472659,43.0684792081333,43.087600941174,43.1037400657304,43.1170812352072,43.127927431163,43.1366091872311,43.1434365968891,43.1486760232193,43.1525395090363,43.155179971857,43.1566888309591,43.1570948330508,43.1563638186989,43.1543993829518,43.1510442493094,43.1460821416195,43.1392404616061,43.1301956083488,43.1185857052444,43.1040400723571,43.086240835367,43.0650384478543,43.0406463449265,43.013933261938,42.9868021550519,42.9625749365346,42.9461812316027,42.943800557131,42.961534910913,43.0029017297212,43.065646976439,43.1394717654059,43.2069329373731,43.2487681698044,43.2519339428875,43.2158011912551,43.1523530751613,43.0802850710633,43.0170391905758,42.9733509550646,42.952131319723,42.9505365129648,42.9630192008864,42.9837767859672,43.0080807351435,43.0326713843811,43.0556174712022,43.075974876414,43.0934388955985,43.1080699397939,43.1201064418478,43.1298502692508,43.1376028795263,43.1436328740687,43.1481608893025,43.151352924937,43.1533172081266,43.1541023648128,43.1536961914214,43.152024990864,43.1489536105308,43.1442863893298,43.1377696095311,43.1290971955949,43.1179237209121,43.1038925742278,43.0866923662403,43.0661604655186,43.042456303953,43.016322850163,42.9894315891589,42.9647492045774,42.9467608496966,42.941248971331,42.9542367191811,42.9898344442601,43.0472831411056,43.1184568175297,43.1878758378643,43.2367776958198,43.2504002709934,43.2247195532269,43.1683214056968,43.0981450328903,43.0320291489438,42.9825543955002,42.9547677501178,42.9474118350448,42.9557116736771,42.9739706198361,42.9971880051831,43.0217031003179,43.0452049803319,43.0664543034034,43.0849445626398,43.1006119283998,43.1136257173201,43.1242536815319,43.132783406416,43.1394805499101,43.1445687154182,43.1482206020794,43.1505541990824,43.151630778808,43.1514533532358,43.1499653159495,43.1470494919477,43.1425280955148,43.136164527776,43.1276689357087,43.1167114075127,43.1029499146478,43.0860846619374,43.0659556818554,43.0427040446885,43.0170137789358,42.9904319767676,42.9657149131713,42.947056645342,42.9399326001789,42.9501983052524,42.9821716748505,43.0358878693551,43.1045777758286,43.1742255602875,43.2268221310244,43.2469555428391,43.2285990101058,43.1779135070892,43.1101951057757,43.0430648750821,42.9900871428564,42.9577650026669,42.9460961171884,42.9510417346965,42.9671347263455,42.9892689470917,43.0135275768529,43.0373218878251,43.059178545122,43.0784209170009,43.0948744465328,43.1086432450914,43.1199605666778,43.1290981505709,43.1363161359573,43.1418379955831,43.145839278097,43.14844297791,43.1497174530488,43.1496749396029,43.1482700347737,43.1453982864583,43.1408955247742,43.13453912817,43.1260533982963,43.1151229995809,43.101421310991,43.0846645907459,43.0647074507332,43.0416982046483,43.0163094481389,42.9900410359546,42.965546950916,42.9468536623363,42.9392232285246,42.9483266191533,42.9784652571722,43.0299878768028,43.0968359257528,43.1659243275408,43.2199405012019,43.2434257803936,43.2293993778259,43.1825642345853,43.1169897454484,43.0498524305637,42.9950952190224,42.960054829697,42.9455712875339,42.9481811138721,42.962666642096,42.9839221023968,43.0078960677089,43.0318233413481,43.0540674330882,43.0738248764419,43.0908336395391,43.1051433031341,43.1169563701438,43.1265291394684,43.1341151915862,43.1399361312703,43.1441680344444,43.1469358720739,43.1483112657933,43.1483111437788,43.1468963384494,43.143970115551,43.1393773025519,43.132905383935,43.1242899785769,43.1132288517132,43.0994113230658,43.0825736475572,43.0625950481462,43.0396515545755,43.0144410911895,42.9884751121774,42.9643879038933,42.9461349213873,42.9388445837255,42.9480084389941,42.9777677331942,43.0284425213735,43.0941867991314,43.1623772010615,43.2162359105874,43.2405987786381,43.2282971111853,43.1834084461927,43.1192711730261,43.0526023774289,42.9973238012681,42.96109225915,42.9451845091419,42.9465000281946,42.9600269970077,42.9807165294935,43.0044758022645,43.0284534499142,43.0509200890401,43.0709928141358,43.0883504859369,43.1030031448097,43.1151292489277,43.124971803365,43.1327777439556,43.1387657069292,43.143110653228,43.1459374102559,43.147318183989,43.1472713071607,43.1457600253349,43.1426911782415,43.1379144428872,43.1312236322675,43.1223626853765,43.1110407493246,43.0969633881297,43.0798904449288,43.0597347627567,43.0367177631531,43.0115932405414,42.9859316152181,42.9624123828517,42.944994500314,42.9387333601182,42.9489444611751,42.9794992822921,43.0304278218156,43.0957109949917,43.1628098412345,43.215321676522,43.2385982177028,43.225855370614,43.1812180224424,43.1177483064933,43.0517678423717,42.996907620588,42.9607386313021,42.9446195635767,42.9456010574591,42.9588077176407,42.9792733025823,43.002932566575,43.0269235033449,43.04948726073,43.0697071437206,43.0872320813413,43.1020492051821,43.1143211744427,43.1242809272401,43.1321692900601,43.1382011687868,43.1425490446261,43.1453358763063,43.1466323772857,43.1464557980045,43.1447688857822,43.1414788042651,43.136436691814,43.1294394713636,43.1202367668913,43.1085476127691,43.0940942655401,43.0766637682343,43.0562112014821,43.0330195704976,43.007925332037,42.9825976521232,42.9598132685328,42.9435909327396,42.9389534668223,42.9510307186244,42.9833238386245,43.0353570630974,43.1006359426194,43.1664228908623,43.2165835817822,43.2371713905176,43.2222366665637,43.1764757284738,43.1130337879034,43.0478977973724,42.9942067028306,42.9591280326502,42.9438141411372,42.9452855090055,42.9587350282552,42.9792910314643,43.0029675137425,43.0269528592312,43.0495124265623,43.069735944401,43.0872691780213,43.1020923257553,43.1143606380958,43.1243005801936,43.1321477229066,43.1381126879615,43.142364264664,43.1450220111761,43.1461533882911,43.1457725561325,43.1438394792279,43.1402591139721,43.1348814090731,43.1275038708747,43.1178797886602,43.1057371325309,43.0908157855344,43.0729339943957,43.0520978016821,43.0286673234237,43.0035861145127,42.9786564211222,42.9567941032057,42.9421181682822,42.9396392549512,42.9542739080273,42.9890488384063,43.0427934846454,43.1083011531834,43.1724431519257,43.219320940929,43.235882814299,43.2173838811123,43.1694840879733,43.105656038523,43.0415678891739,42.9896947920459,42.9565526169788,42.9428676912624,42.9454932975404,42.9596393655568,42.9805384739181,43.0043243504224,43.0282841022069,43.0507504705316,43.070852562983,43.0882554102874,43.1029460208447,43.1150796902678,43.1248797456673,43.1325773816989,43.1383784907861,43.1424470823092,43.1448979319117,43.1457937041896,43.1451437817107,43.1429035016732,43.1389736293619,43.133200895981,43.1253815274294,43.1152711344851,43.1026063504247,43.0871462945322,43.0687450486474,43.0474687552039,43.0237699546107,42.9987220833622,42.9742904008442,42.953562945926,42.9407848621075,42.9409552748973,42.9587299797741,42.9965486925918,43.0523758106486,43.1181125963984,43.1801334686964,43.2228228389345,43.2342401973139,43.2111553591505,43.1604643804771,43.0960945584442,43.0333519164782,42.9838879668598,42.9533759683143,42.9419617465422,42.9462421686341,42.9614162204805,42.9828340739539,43.0067824676014,43.030684731628,43.0529739887781,43.0728439050619,43.0899960320755,43.1044348795785,43.1163216625671,43.1258792244792,43.1333350652022,43.1388899282942,43.1427020709769,43.1448802627663,43.1454810303108,43.1445075563245,43.1419090526005,43.137580544237,43.1313640343071,43.1230531909733,43.1124052458449,43.0991659133299,43.0831158807353,43.0641503928943,43.0424053306524,43.0184408768109,42.9934816617192,42.9696817749643,42.9503260846385,42.9397977061734,42.9430658033506,42.9644587290993,43.005708504596,43.0637626801803,43.1295060732238,43.1887936438443,43.22641523048,43.2317782694682,43.2034192774607,43.1496304982507,43.084812137084,43.0238090060614,42.9772985326127,42.949971824307,42.9412996145452,42.9475783061175,42.9639912430489,42.9860247248846,43.0101463767138,43.0339438304015,43.0559742205226,43.0755134583241,43.0923116465176,43.1063982285287,43.1179443991401,43.1271743028963,43.1343121119083,43.1395529791272,43.1430485524926,43.1449005486719,43.1451582289409,43.1438174085672,43.1408199834436,43.1360540609089,43.1293558456942,43.1205156794283,43.1092922859384,43.0954415051124,43.078768579182,43.0592158526398,43.0369989545057,43.0128006457178,42.9880163507232,42.9650104410649,42.9472807313929,42.9393463770594,42.9461101636008,42.9714896381266,43.0163844207575,43.0765963602541,43.1419266083593,43.1977665497222,43.2294970755338,43.2281165553245,43.1941152589995,43.1372351308581,43.0722733885544,43.0134732181807,42.9704033357396,42.946682425597,42.9410649257611,42.9495415682559,42.967294767897,42.989969355311,43.0142366305396,43.0378681530243,43.0595603207694,43.0786822218701,43.0950397587756,43.1086916950989,43.1198215233657,43.1286556093059,43.1354148379524,43.1402883041608,43.1434203153726,43.1449046850539,43.1447825134442,43.1430413404285,43.1396148487073,43.1343833859027,43.1271766725537,43.1177813893234,43.1059581025462,43.0914743284662,43.074163342647,43.0540209009669,43.0313524265144,43.006977451732,42.9824795093705,42.9604497500426,42.9446061873347,42.9395887916891,42.9501817126393,42.9797962725222,43.0283780095227,43.0904843057985,43.1548248000939,43.2064534922891,43.2315723115001,43.2229988712222,43.1832894153162,43.1235907239556,43.0589477667873,43.0028406444445,42.9636205831286,42.9437914869379,42.9413959491024,42.9521442651294,42.9712461975433,42.9945286610227,43.0188838964137,43.0422792991117,43.0635584804825,43.0821888578823,43.0980353183521,43.111187745528,43.1218427668093,43.1302291592826,43.1365643006581,43.1410307684853,43.1437649476627,43.1448521144532,43.144324560188,43.1421609086001,43.1382860186696,43.1325719466815,43.1248415787898,43.1148779564378,43.1024441997185,43.087321383431,43.0693745271992,43.0486591071383,43.0255798909389,43.0011059349353,42.9770230947919,42.956160110454,42.9424533820133,42.9406363064377,42.9553098083796,42.9892781506698,43.041423121847,43.1049965924647,43.1676680760004,43.2143375032354,43.2322781008988,43.2163173122378,43.1711073006767,43.1090697094361,43.0452997463148,42.9923539959873,42.957292859737,42.9415083261509,42.9423722304288,42.9553607961638,42.9757465627705,42.9995601894126,43.0239260141897,43.0470121663589,43.0678112516328,43.0858894682763,43.1011706450966,43.1137755698631,43.1239137152802,43.1318159327626,43.1376957205324,43.1417287452688,43.1440430684792,43.1447150319456,43.1437677315021,43.1411705068433,43.1368390631512,43.1306369192822,43.1223800602722,43.1118481739108,43.0988078547715,43.083055711702,43.0644920905791,43.0432379694474,43.019805798317,42.9953245737518,42.9717926417961,42.9522807886919,42.9409331902316,42.9425393115355,42.9614451167743,42.9997500157736,43.0551842095622,43.119676773986,43.1799630619189,43.2210104989076,43.2314068904419,43.2081214420574,43.1578487351767,43.0940895353944,43.0317709094398,42.9823869874751,42.9516759357812,42.9399608201566,42.9440104463361,42.9591251917273,42.9806769539114,43.0049172404055,43.0292071690328,43.0519142916996,43.0721769821383,43.0896570585003,43.1043348686933,43.1163604622191,43.1259551164815,43.1333511157268,43.1387576787129,43.1423432995681,43.1442275320308,43.1444776425738,43.1431074172002,43.1400768193839,43.1352923415455,43.1286089749815,43.119835957872,43.108750059587,43.0951222865411,43.0787665423207,43.0596214850609,43.0378781798752,43.0141629980983,42.9897719180351,42.9669209314298,42.9489205829111,42.9401044487739,42.9452743008503,42.9684492048517,43.0109387502972,43.0692648708166,43.1340629098052,43.1912840856164,43.2261991457678,43.2289192323267,43.1986134238215,43.1438888635995,43.0790885434921,43.0187591958684,42.9732313525135,42.946933511724,42.9391953848949,42.9462667788108,42.9633338494705,42.9859006004962,43.0104500126717,43.0345782115341,43.0568455766053,43.0765291662462,43.0933806751926,43.1074329579767,43.1188628046893,43.1279018573239,43.134783098082,43.1397111578919,43.1428472929115,43.1443026151206,43.1441354492939,43.1423504383016,43.1388983530979,43.1336766724904,43.1265320900019,43.1172673969618,43.105656890468,43.09147670619,43.0745592092756,43.0548831883003,43.0327123807739,43.0087901943493,42.9845821357688,42.9625211189908,42.9461484778738,42.939963066973,42.9487338742993,42.9760894526824,43.02248778996,43.0832245248144,43.1477144436018,43.201302120215,43.2297843845849,43.2249452554848,43.1881310257475,43.1296705720382,43.064498758758,43.0066000867008,42.9650888050347,42.9431378206102,42.9391822998366,42.9490434685216,42.9678511704954,42.9912667358376,43.0160076794911,43.039897312125,43.06167797173,43.0807555490732,43.0969642138402,43.1103844153659,43.1212167574584,43.1297017095545,43.1360723055646,43.1405284754135,43.1432244243841,43.1442631689114,43.143694515909,43.1415144201854,43.1376649185351,43.1320349181059,43.1244632234294,43.1147465390567,43.1026569875017,43.0879760575298,43.0705547096277,43.0504118546907,43.0278835779171,43.0038291916465,42.9798806459427,42.9586804964514,42.943985837573,42.9404339935981,42.9527212226739,42.9840399297091,43.0339679506867,43.0965998398045,43.1602395709148,43.2098083401248,43.2318106252959,43.219774470732,43.1771220063334,43.1156739522178,43.0507211403571,42.9955534179464,42.9580692724093,42.9402754870699,42.9398246827263,42.9521975252567,42.9725162486352,42.9966148074103,43.0214404056771,43.0450303524507,43.0662948177105,43.084756878791,43.1003249057076,43.1131217017183,43.1233687361569,43.1313139154078,43.1371899136297,43.1411921250781,43.1434681894436,43.1441136788474,43.1431706102804,43.14062700112,43.1364168866637,43.1304212731055,43.1224716234676,43.1123588881564,43.0998529976464,43.084740233306,43.0668887807352,43.0463551313707,43.0235435135668,42.9994225998298,42.9757809633213,42.9554565007893,42.942402119898,42.9413680487737,42.9569504858526,42.9918881457574,43.0448923271282,43.1089261911545,43.1713170107784,43.2167269547514,43.2324822830962,43.213835607615,43.1661147018878,43.1023885719743,43.0381078900289,42.9857982302061,42.9521957180874,42.9382575834234,42.940969459151,42.955549910526,42.9771491989894,43.0017779892398,43.0266006140125,43.0498506455745,43.0705896373159,43.0884452329754,43.1033914848896,43.1155884252643,43.1252757145957,43.1327076377396,43.1381164431099,43.1416934963323,43.1435806901634,43.143867128812,43.1425880842211,43.13972469135,43.1352039948533,43.1288999926589,43.1206374630195,43.1102018346203,43.0973603648782,43.081902512565,43.0637103631351,43.0428722223978,43.0198514210602,42.9957128875749,42.9723842125918,42.9528769859363,42.9413164717806,42.9425457872477,42.9610541020204,42.9991467693712,43.0547317240808,43.1197533708506,43.1807058574782,43.2221129132353,43.232147056862,43.2076697858064,43.1556902850312,43.090293824945,43.0269552712595,42.9774369192475,42.94741516086,42.9369326309191,42.9424188598653,42.9588938769071,42.9815561027992,43.0065852749052,43.0313430323701,43.0542377044315,43.0744642265576,43.0917418460482,43.1061020048934,43.1177372801345,43.1269033363195,43.1338602437874,43.1388401843172,43.1420313893482,43.1435711828606,43.1435435191172,43.1419782997296,43.1388511492485,43.1340834232571,43.1275432350222,43.1190494405587,43.1083820463773,43.0953046020901,43.0796068831199,43.0611792445862,43.0401322427815,43.0169735964529,42.9928437736799,42.9697829715571,42.9509470665153,42.9406078681859,42.943690738841,42.9645981584577,43.0052689452881,43.0629264304423,43.1286493361786,43.1882373951031,43.2261309720701,43.2312664584324,43.2019009400789,43.1464619216441,43.0798517432395,43.0175093881596,42.9705092768229,42.9436152980119,42.9361014733344,42.9439413503673,42.9620015506873,42.9855318824603,43.0108616655051,43.0355231895544,43.0580748353572,43.0778258938938,43.0945743314332,43.1084012222445,43.1195276607718,43.1282237590565,43.1347553362277,43.1393553464952,43.1422102008249,43.1434542108934,43.1431678538726,43.141377379184,43.1380546081507,43.1331168253432,43.1264276484634,43.1178009210425,43.1070112346501,43.0938168646726,43.0780037674891,43.0594624987942,43.038312192289,43.0150840010825,42.9909647504256,42.9680709884451,42.9496648643222,42.9401366581118,42.9444947449902,42.967107245993,43.0096663766727,43.0688906754981,43.1351863039904,43.1937832106187,43.2290128110698,43.2303737753559,43.1972064983799,43.1390648177518,43.071515586198,43.0099868321076,42.9650170608564,42.940646597451,42.9355335631003,42.9452814716471,42.9646282839576,42.9888607055414,43.0144261188758,43.0389940817905,43.0612453233679,43.0805836496765,43.0968731276898,43.1102373956936,43.1209228129153,43.1292130983626,43.1353803976007,43.1396597930377,43.1422376299142,43.1432471553432,43.1427674073433,43.1408230583459,43.1373841926366,43.1323660000927,43.1256293260432,43.1169841634649,43.10619975337,43.0930271951532,43.077243447122,43.0587289863195,43.0375938869143,43.0143654692121,42.9902387882817,42.9673595797459,42.949047954685,42.9397803237226,42.9446588070751,42.9681019189772,43.0117317002204,43.0720087064555,43.138905504284,43.1971945367031,43.2309876863111,43.2300170109051,43.1942882079471,43.134158676872,43.065756344045,43.0046122327419,42.9609607098043,42.9383509897457,42.9349853522003,42.9461689243189,42.9665148359319,42.9913137910474,43.0170870220858,43.0416007192601,43.0636269061787,43.0826430543859,43.0985669004586,43.1115582597509,43.1218863056561,43.1298482773096,43.1357238730112,43.1397522009338,43.1421217515914,43.1429670545137,43.1423681173045,43.1403504783958,43.1368849361227,43.1318869754195,43.125216830411,43.1166822360263,43.1060474890658,43.0930547013191,43.0774662030322,43.0591406583497,43.0381583250844,43.0150098409398,42.9908516412172,42.9677996767077,42.9491706588318,42.9394854433956,42.943953667445,42.9671548754422,43.010871786148,43.0716274071982,43.1392616211903,43.1982090872249,43.2321792698828,43.2306785186336,43.193836680216,43.1324395755689,43.0631075894899,43.0016754567207,42.9583918418904,42.9366005862357,42.9342234063511,42.9463285633199,42.9673882242395,42.992644858898,43.0186350521701,43.0431722168214,43.0650841187638,43.0838992963257,43.0995764976614,43.1123058139265,43.1223775154825,43.1301030226444,43.1357714788553,43.1396284768754,43.141867332039,43.1426266061424,43.1419900545464,43.1399868942707,43.1365914921657,43.1317224874727,43.1252422273448,43.1169584514324,43.1066316776176,43.0939939821325,43.0787880019124,43.0608388190811,43.0401747967445,43.0172134028191,42.9930183672124,42.9696049499336,42.9502086077273,42.9393350623457,42.9423040846209,42.9639757746187,43.0065669053734,43.0670615071964,43.1355580036166,43.1963261884949,43.2324580870564,43.2326536057406,43.1964720036167,43.1346496859937,43.0642252909511,43.0016116782664,42.9574881470497,42.9353534861415,42.9330580267184,42.9454952328648,42.966963465894,42.9925841675364,43.0188335522429,43.0435111012077,43.0654579725698,43.0842279041778,43.099806886353,43.1124094190095,43.1223456935185,43.1299426644333,43.1355014823134,43.1392772640531,43.1414713120245,43.1422293740046,43.1416420894627,43.1397455203483,43.1365208545878,43.1318932454625,43.1257305492435,43.1178436945692,43.1079918342906,43.0958975863465,43.0812807950117,43.0639232705923,43.0437810072481,43.0211617675054,42.9969788167174,42.9730657970556,42.9524799790345,42.9396236676187,42.9398963726305,42.9585361476836,42.9984806230993,43.0576449900321,43.1269036190151,43.1906649536266,43.231240423393,43.2358590396212,43.2026247116011,43.1415566409818,43.0699493450513,43.0051052601214,42.9586602452276,42.9347389047484,42.9313982914751,42.9434413774007,42.964951093755,42.9908336244504,43.0174072987292,43.0423797660759,43.0645524231977,43.0834723619595,43.0991363177117,43.1117765116742,43.1217220332135,43.1293172815176,43.1348786295207,43.1386743624755,43.140917437834,43.1417643506778,43.1413160982546,43.1396190660157,43.1366648642616,43.1323889884167,43.1266689014072,43.1193229929664,43.1101131373492,43.0987555623346,43.0849477535327,43.0684232350569,43.0490507125772,43.0269970991883,43.0029702398106,42.978537028246,42.9564619784521,42.9409180092293,42.9372947400951,42.9512374696345,42.9866494799723,43.0428832478936,43.1122568314742,43.1798549222747,43.2272440473435,43.2395379708701,43.2122973519995,43.153843985789,43.0813297537671,43.013206847196,42.9626995377623,42.9351896766447,42.9293471955554,42.9400323669872,42.9610805299804,42.987068819779,43.0140324695575,43.0394849735005,43.0621174606277,43.0814279510696,43.0974018661295,43.1102800869182,43.1204089860499,43.1281525865857,43.133846290029,43.1377758262092,43.1401700236545,43.1412001127159,43.1409812382601,43.1395738337277,43.1369837745029,43.1331610617247,43.1279974395765,43.1213240694467,43.1129114521685,43.1024755316502,43.0896966787275,43.0742622813313,43.0559487229229,43.0347631369125,43.0111653892263,42.9863777343006,42.9627495046648,42.9440610696368,42.9355226031945,42.9430942387926,42.9717617307355,43.0227680581021,43.0906639375839,43.1620760236288,43.2182742103992,43.2418565205895,43.2246309121119,43.1718081531536,43.0995302874891,43.0274182483529,42.9709618821239,42.9376417885482,42.9273650826231,42.9353356784102,42.9551589851338,42.9809607796943,43.0083351165936,43.0344639496421,43.0578300788449,43.077821818978,43.0943807381463,43.1077421218838,43.1182659865697,43.1263378119223,43.1323162408311,43.1365093655221,43.1391667182555,43.1404787344277,43.1405788158888,43.1395453450964,43.1374023924843,43.1341187199996,43.1296052776202,43.1237119676839,43.1162252873016,43.106869877858,43.0953193929039,43.0812258018264,43.0642813663739,43.0443332779635,43.0215744854641,42.9968288045634,42.9719213405521,42.9500587230476,42.9360242477632,42.9358400236396,42.9554620677757,42.9982687175037,43.0618126779627,43.13545323983,43.2012481877293,43.2395036448602,43.2372429545339,43.1947185820125,43.1254390564807,43.049618450739,42.9855304368304,42.943802049962,42.9265335101404,42.9298241221809,42.9472011322021,42.972243264469,42.9999148657765,43.0268818309743,43.0512782119366,43.0722915165973,43.0897679972034,43.1039127695337,43.1150910513807,43.1237099485617,43.1301554679577,43.1347635363426,43.1378099191419,43.1395093203856,43.1400178963576,43.1394360353096,43.1378098747792,43.1351309809013,43.1313341877655,43.1262940466695,43.1198209306268,43.1116588911334,43.1014892543878,43.0889471020227,43.0736625405098,43.0553448548742,43.0339336874415,43.009842630385,42.9843070230394,42.9598022966582,42.9404018001711,42.9317891003379,42.9404834906803,42.9718480008426,43.0269030259047,43.0990265518367,43.17284303966,43.2276685710632,43.2455167222075,43.2197630672632,43.1587387158336,43.0815622158881,43.009172493238,42.9564076574336,42.9289245717622,42.9247181600923,42.9376833184617,42.9608719401465,42.9884278059689,43.0162629028784,43.0419613701352,43.0643698785514,43.0831549291275,43.0984473981774,43.1105991148993,43.120034536077,43.1271698213328,43.1323743524359,43.1359563538365,43.1381606111068,43.1391710907649,43.1391144994662,43.1380628225375,43.136034031177,43.1329907695585,43.1288372030817,43.1234145901478,43.1164968253873,43.1077885521844,43.0969308963473,43.0835238956319,43.0671805552975,43.0476346159364,43.0249299901789,42.9997176083093,42.9736614469431,42.9498886967652,42.9332893378472,42.9302886702112,42.9475822697323,42.9894775698311,43.0542356496619,43.1311441805566,43.2010941250983,43.2425104976571,43.2408856852075,43.1963041266303,43.1235573457489,43.0446805408938,42.9792032358611,42.9379616802458,42.9224669629279,42.9279765268634,42.9473422539242,42.97378715417,43.0021996105759,43.0293381579879,43.0534958386696,43.074020344398,43.0908890548441,43.1044017325301,43.1149858046605,43.12308615407,43.1291101384528,43.1334050019699,43.1362522454778,43.1378695041929,43.1384146377854,43.1379893563699,43.1366412142077,43.1343635836077,43.1310935876706,43.1267081970344,43.1210190626922,43.1137674914808,43.1046226801984,43.0931893977023,43.0790362231924,43.0617623678509,43.0411290540815,43.017286676379,42.9911224041317,42.9647172134547,42.941812033182,42.9280223309304,42.9303405590219,42.9553770276811,43.0061182433305,43.0780217160931,43.1567732844724,43.2206817676225,43.2486870370261,43.2304879755176,43.1721623309255,43.0930265989009,43.0160358384229,42.9583634304333,42.9271829311115,42.9209304196284,42.9332168104298,42.9565555411212,42.984608152882,43.0129748152755,43.0390902527229,43.0617617681059,43.0806745952578,43.096000497274,43.108134620431,43.1175388028901,43.1246586634226,43.1298859894061,43.1335460562853,43.1358969408616,43.1371333619229,43.1373911546765,43.1367506004404,43.1352379438314,43.1328249122361,43.1294262170803,43.1248951487099,43.1190177796578,43.1115073247219,43.1020023165949,43.0900759660057,43.0752698606192,43.0571730302909,43.0355759118693,43.0107329756155,42.9837563108283,42.9571146464831,42.935101118239,42.923945967219,42.9310426657588,42.9627293411515,43.0205791147481,43.0974474390274,43.1760847740983,43.2332478739898,43.2492466282479,43.2179509774373,43.1502660297918,43.0683443246755,42.9948505485698,42.9444364706163,42.9213022550841,42.9217682806529,42.9385496775823,42.9641951946817,42.9928647279439,43.0207564774661,43.0458125297372,43.0671982285393,43.0848184958372,43.098961829105,43.1100733521204,43.1186262819467,43.1250578682679,43.1297429820778,43.1329872732107,43.1350289793528,43.136043437305,43.1361474289234,43.1354021950032,43.1338147302348,43.1313372066638,43.1278643811698,43.123228928216,43.1171951295081,43.1094526327757,43.0996145325651,43.0872283623233,43.0718151602106,43.0529604195289,43.0304894883778,43.0047627515766,42.9771091205724,42.9503564109599,42.9292858277262,42.9206292853306,42.9320237218054,42.9693849091584,43.0328545164386,43.1129699489754,43.1902113512867,43.2406187931929,43.2463485710856,43.2050676792885,43.1313437151195,43.0488857480483,42.9794101484009,42.9352281893913,42.9182611001526,42.9234466823297,42.943085633271,42.9699449525536,42.9986573794496,43.0258977325812,43.0499776741245,43.0703054717319,43.0869242783196,43.1001884852319,43.1105652293156,43.1185262223118,43.1244963658195,43.1288342239143,43.1318282694765,43.133699613321,43.1346064371411,43.1346480149724,43.1338675545564,43.1322535832661,43.1297396281041,43.1262018339502,43.1214542556182,43.1152421952522,43.1072355374286,43.0970270355112,43.0841454458905,43.0681006622129,43.0484871846097,43.0251808282107,42.9986642314033,42.9704938327274,42.9438486749952,42.9239516392765,42.9179303511257,42.933496712177,42.9759618140929,43.0439672155309,43.1259488981836,43.2006891216325,43.2442254964825,43.240935395553,43.1919348482731,43.1145127487009,43.0329917832071,42.967733835755,42.9289232995101,42.9167390463874,42.9252490713851,42.9466486004528,42.9740212235427,43.0024354114083,43.0289494471229,43.052147088865,43.0716011200186,43.0874388338273,43.1000474947962,43.1098985410026,43.1174543115599,43.1231251079002,43.1272536322813,43.1301124947795,43.1319068540052,43.1327783443101,43.1328087307195,43.132022760456,43.1303899173404,43.1278246360013,43.1241843608305,43.1192649915783,43.1127941074249,43.1044243079498,43.0937325146548,43.080236617485,43.0634486756975,43.0429932963322,43.0188275732842,42.9915964289756,42.9631267189234,42.9369775666717,42.9187975419486,42.9160091289489,42.9361875769233,42.9837517700724,43.0556202817235,43.1381884240552,43.2090191650325,43.2448772754754,43.2328732664562,43.1774600662675,43.097972026563,43.018589101756,42.957934899592,42.9241452772304,42.9159898803625,42.927006096656,42.9494976364588,42.9769426070369,43.0048332440142,43.0305599228591,43.0529212064089,43.0716068860928,43.0867948099213,43.0988840140069,43.108338363592,43.1156049247618,43.1210768837313,43.125080140248,43.1278709441735,43.1296378443442,43.1305048822509,43.1305348912583,43.1297324901832,43.1280463680698,43.1253701720115,43.1215411250871,43.1163357927598,43.1094635590016,43.1005607654847,43.0891925388584,43.0748754778634,43.0571426433801,43.0356815344184,43.0105817438459,42.9827214698474,42.9542813073952,42.9292717038692,42.9137775917856,42.9153983771897,42.9412716209821,42.9944688293142,43.0697598085323,43.1514130065179,43.2162494204055,43.2426547699295,43.221247547623,43.1599645554966,43.07968143618,43.003717004125,42.9484785909127,42.9199592303778,42.9156793784873,42.9288685566431,42.9521075434827,42.97935518864,43.0065505627946,43.0314052167542,43.0529096062867,43.0708476077332,43.085429372779,43.0970528274051,43.1061657777244,43.113194541821,43.1185114948698,43.1224229226712,43.1251662382814,43.1269109674028,43.1277611212033,43.1277581420362,43.1268840527135,43.125064251748,43.1221690258979,43.1180127187244,43.1123499975582,43.1048701849188,43.0951935484922,43.0828781564527,43.0674526651484,43.0484989417731,43.025816867591,42.9997064484048,42.9713870504258,42.9435184193719,42.9206663657885,42.9093599636639,42.9171863619316,42.9503869327869,43.0100172777423,43.0880996990174,43.1666775937816,43.2225003444432,43.2367694575025,43.2046291136987,43.1377403823574,43.0579873775221,42.9870244565875,42.9384608681615,42.9159467520535,42.9158247783263,42.9311852454251,42.9550387335783,42.9819236089575,43.0082751931432,43.0321435961178,43.0527119603853,43.0698522830447,43.0837993541557,43.0949426971334,43.1037076836085,43.1104943432947,43.1156493038721,43.1194547319962,43.1221250667642,43.1238070551833,43.1245813259997,43.1244649433163,43.1234145719373,43.1213295533218,43.1180538029207,43.1133754405445,43.1070238711088,43.0986660326576,43.0879070865437,43.0743062435109,43.0574257446204,43.0369394480767,43.0128340300339,42.9857329396599,42.9573458678115,42.9309713477473,42.9118356181041,42.9068510780722,42.9232371903306,42.9656356209989,43.0321967140419,43.1115660603844,43.1837307832134,43.2265028551,43.2254654946414,43.1813532072976,43.1095579485632,43.0321599903941,42.9681939258985,42.9278682181415,42.9123205441856,42.9168116378134,42.9344685404935,42.95888483043,42.9852799076085,43.0106419807385,43.0333868652186,43.0529008720169,43.0691460622775,43.0823797025964,43.092978823273,43.1013413382035,43.1078355067632,43.1127765707991,43.116417061844,43.1189433278301,43.1204748431966,43.1210650825955,43.1207035984832,43.11931893052,43.1167815753267,43.1129059355683,43.1074504055525,43.1001159646627,43.0905462296517,43.0783361913007,43.0630629975769,43.04435981288,43.0220613047117,42.9964519777004,42.9686361022314,42.9410024186659,42.9176556448285,42.9045215005114,42.9086533118212,42.9362496230936,42.9893320450156,43.0621309807862,43.1395657249824,43.2004083086752,43.2253682306747,43.2062217316388,43.1499974233819,43.0751858253506,43.002789620912,42.948167880668,42.9176680935956,42.9099350584112,42.9193688290785,42.9393580922242,42.9642349426717,42.9899869694926,43.0141973655275,43.0356654731985,43.0539869888326,43.0692149571185,43.0816274603511,43.0915858504275,43.0994563066649,43.1055702404605,43.1102059608951,43.1135807457148,43.1158475650647,43.1170939784388,43.1173424349621,43.1165517665249,43.1146195283642,43.1113844837377,43.1066284226567,43.1000771113593,43.0914019213551,43.0802269603724,43.0661515709059,43.0488047774812,43.0279556387957,43.003708364386,42.9768062189464,42.9490400074568,42.9236856158138,42.9057649372039,42.9017542385649,42.9182604074342,42.9593809225746,43.0232179332018,43.0992526504214,43.1691215614647,43.212305622382,43.2149212073076,43.1765132448142,43.1101666478283,43.0358959014855,42.97193958994,42.9290479733551,42.9095985219088,42.9100718139576,42.9243966582589,42.9464972734724,42.9715853029552,42.9964691016635,43.019336406839,43.0393646007779,43.0563508327968,43.0704326342102,43.0819040376996,43.0911066538632,43.0983709003335,43.1039869567686,43.1081914331563,43.1111614233039,43.1130117353145,43.1137936310187,43.1134946507058,43.1120394331178,43.1092912900851,43.1050541117651,43.0990744257172,43.0910445677285,43.080610364395,43.0673907962194,43.0510228553988,43.0312515928257,43.0080909208173,42.9820796539443,42.9546388401682,42.9284840430969,42.9079430424539,42.8988793492806,42.907792322866,42.9397309740969,42.9951690256732,43.0670199779869,43.1399960768409,43.1942972592674,43.2132255918726,43.1909110284758,43.1351526011073,43.0633985490942,42.9947311841292,42.9429088232575,42.9136131002772,42.9056592043344,42.914018484527,42.932663097048,42.9563291590305,42.9812027147293,43.0049129874131,43.0262197422787,43.0446442711699,43.0601598002023,43.0729722672111,43.0833821993679,43.0917057630135,43.0982335768695,43.1032110083191,43.1068293096746,43.1092215367174,43.1104603602863,43.110556750643,43.1094593752724,43.107054763212,43.103168252639,43.0975658839875,43.0899581764456,43.0800085691022,43.0673525860553,43.0516386466568,43.0326074707102,43.0102325001764,42.9849443204912,42.9579489523525,42.9316089405404,42.9097714409174,42.8977967164909,42.9019091879912,42.9274975887096,42.976350200179,43.0436596282722,43.116653489211,43.1769089470252,43.2067369319106,43.1969108724308,43.1510628913166,43.083764592716,43.0136741179628,42.9562101372887,42.9195270813801,42.9045522364749,42.9074700351139,42.9226068637654,42.9445022685741,42.9689119131998,42.9930137552347,43.0151974399336,43.0347216555596,43.0513925999798,43.065319947065,43.0767543606671,43.0859897995325,43.0933100083964,43.0989618173846,43.1031429408115,43.1059966211198,43.1076089779608,43.1080072375444,43.1071583291118,43.1049679342184,43.1012802999132,43.0958793584877,43.0884923473794,43.0787986182969,43.066449046397,43.0511056012707,43.0325159345202,43.0106428510231,42.9858695582856,42.9592910794727,42.9330677771045,42.9107439817075,42.8973188693895,42.8987323759345,42.920407764477,42.9647669610228,43.0283525285333,43.1001470631427,43.1630643591558,43.1993724381632,43.198061947937,43.1599560174607,43.0971968928577,43.0275015555229,42.9669626094477,42.9253217104686,42.905126826352,42.9036685166947,42.9157500686135,42.9359127520567,42.9596629656093,42.9838570025499,43.0065925553022,43.0269057690863,43.044452353214,43.0592498758539,43.0714978494803,43.0814648385014,43.0894239617206,43.0956193541248,43.1002503765566,43.1034647988297,43.1053557879021,43.1059600892826,43.1052564087481,43.1031639154863,43.0995412834624,43.0941870931784,43.0868430989242,43.0772032202457,43.0649335090903,43.0497119909149,43.0313019475561,43.0096766288525,42.9852141971469,42.9589720945359,42.9330187856446,42.9107347384659,42.8968891425101,42.8971837173801,42.9169279091126,42.9587430153234,43.0198286705235,43.090209434206,43.1538138029371,43.1932716913682,43.1968640212591,43.1638309338091,43.1046340101374,43.0360299076461,42.9741860131146,42.9296763449729,42.9060983184024,42.9015773541408,42.9113677552034,42.9301187171488,42.9532303506684,42.977363562088,43.0004150083792,43.0212548577128,43.0394191016525,43.054847487266,43.0676934641612,43.0782008144996,43.0866307181586,43.0932224371028,43.0981741554324,43.1016345917613,43.1036995284893,43.1044100343015,43.1037509389592,43.1016492439144,43.0979728660175,43.0925307008579,43.0850757825668,43.0753146630539,43.0629283736728,43.0476136610282,43.0291573701712,43.0075606437449,42.9832297997686,42.9572408853355,42.9316545721347,42.9097952860311,42.8963099886428,42.8967164528165,42.9161296060306,42.9570756758758,43.016895986755,43.0860626475288,43.1491402765985,43.189258692331,43.1947058392899,43.1641334406752,43.1071007568517,43.039625152585,42.9776283924335,42.9319353789943,42.9066545448942,42.9004147654173,42.908808031525,42.9266256726268,42.9492618361521,42.9732912041573,42.9964991527538,43.0176525646318,43.0362062799075,43.0520431856393,43.065280438734,43.0761405070786,43.084872947336,43.0917110226004,43.0968498909345,43.1004368000313,43.1025670870527,43.1032823813989,43.1025692456115,43.1003577294134,43.0965201761823,43.0908713668412,43.0831720051034,43.0731389591462,43.0604678782012,43.044876950089,43.0261843683543,43.0044352358152,42.9800928981948,42.954298729776,42.9291732715816,42.9080695921663,42.8955956056494,42.8971264044025,42.9175205248278,42.9589838535293,43.0186007998971,43.0868174822552,43.1485030032685,43.187335960798,43.1921223304553,43.1617081090206,43.1054332483766,43.0388561967997,42.9774832999978,42.9319532667084,42.9064257669061,42.8997113972299,42.9075956186494,42.9250049145306,42.9473942027869,42.9713405466086,42.9945985708072,43.0158926567039,43.0346367667596,43.0506806950139,43.0641176303872,43.0751539967536,43.0840291039084,43.0909696641961,43.0961663602835,43.0997630279962,43.101852189548,43.1024731780561,43.1016109158076,43.0991946947539,43.0950972653957,43.0891354076375,43.0810742019583,43.0706387295398,43.0575391650994,43.0415182776571,43.0224338382851,43.0003909079363,42.9759370246123,42.9503204961768,42.9257787424165,42.9057604728071,42.8948941896729,42.8984309096217,42.9209034529344,42.9639989877626,43.0242198467132,43.0916193216827,43.1511305857295,43.1870416179237,43.1890899825025,43.1569338241673,43.1002357519595,43.034329734466,42.9741889888927,42.9299273232406,42.9053831673204,42.8992745797692,42.9074453641124,42.9249366426786,42.9473102750591,42.9712161076565,42.9944460898386,43.0157359945797,43.034496276702,43.0505667991915,43.0640295188505,43.0750807314143,43.0839513914991,43.0908614137192,43.0959957284391,43.09949299309,43.1014408404609,43.101873928489,43.1007728206136,43.0980630143287,43.0936144475422,43.0872427743896,43.0787148648695,43.0677626079773,43.0541114017051,43.037532710052,43.0179332375192,42.9954949539097,42.9708766867538,42.9454726282395,42.9216865486065,42.9031149172854,42.8944432434329,42.9007889424856,42.9262679275602,42.9718539472299,43.0331908860461,43.0996684610915,43.1561544370552,43.1876707370847,43.1852651797235,43.1498974092669,43.091940436809,43.0266392995079,42.9683089787218,42.9262616614864,42.9037244608751,42.8991127522038,42.9082256814053,42.9262038347572,42.9487526271242,42.9726509081188,42.9957831674967,43.0169411443215,43.0355634134891,43.0515000430935,43.0648331854333,43.0757545260238,43.0844885380376,43.0912481718852,43.096211407119,43.0995100405107,43.1012248855142,43.1013838063186,43.0999606952277,43.0968747688288,43.0919906023743,43.085120362919,43.076030978118,43.0644607268522,43.0501521270175,43.0329109430895,43.0127039424727,42.9898087369759,42.9650235456976,42.9399260361314,42.9171295425302,42.9004161709058,42.8945405551507,42.9044447749324,42.9337070130315,42.9823862319528,43.045031219666,43.1101916186468,43.1626616169124,43.1884077305583,43.1801573161995,43.1405482060664,43.0808942648538,43.0163678872955,42.9604671167712,42.9214685193314,42.9017739461267,42.8993548411851,42.9099047475416,42.9286635932341,42.9515141353149,42.9754095934497,42.9983700964715,43.0192778639837,43.0376241501116,43.0532849946018,43.0663517825794,43.0770159720746,43.085496987636,43.0920005366342,43.0966964668195,43.099708100529,43.1011076148452,43.1009141454189,43.099092888164,43.0955547068462,43.0901568212489,43.0827062658646,43.0729692004769,43.0606910336187,43.0456347964779,43.027648074449,43.0067711369347,42.9833983675626,42.9584970873894,42.9338650693998,42.9123620216364,42.8979781877011,42.8955227101542,42.909684932893,42.9433516831593,42.9954583579895,43.0592649467241,43.1224049680246,43.1697176374561,43.1884121628782,43.1732531851932,43.1288187662287,43.0674370265787,43.0041053681128,42.9513108681304,42.9160991080628,42.8999048733838,42.9001816199597,42.9124993021916,42.9322145338794,42.955420949117,42.9792825449468,43.0019870515056,43.02253184502,43.0404781008489,43.0557387773184,43.0684206765743,43.078717904633,43.0868455843699,43.0930016624459,43.0973466498948,43.0999938511047,43.1010051098942,43.1003890699407,43.0981004520009,43.0940400495123,43.0880562337588,43.0799499525727,43.0694867191884,43.0564211019563,43.0405417765423,43.0217479304365,43.0001694954652,42.9763415298912,42.9514319153175,42.9274937768409,42.9076622153979,42.8961401391486,42.8977464325248,42.9168020225205,42.9553170115014,43.0108943516675,43.0753670871375,43.1354880413738,43.1763865037937,43.1868845057441,43.1641084208879,43.1147112527319,43.0519562012002,42.9904604209935,42.9414852477055,42.9106942827952,42.8984831007908,42.9017745015858,42.9160348828152,42.9367698480493,42.9603167675176,42.9840785277352,43.0064322089053,43.0265059256855,43.0439411405501,43.0586940380218,43.0708901847133,43.0807276465114,43.0884172395841,43.0941483495822,43.0980709080328,43.1002867360164,43.1008457826119,43.099744616793,43.0969259486575,43.0922791253798,43.085642667056,43.0768111872654,43.0655506859131,43.0516283499804,43.0348655913832,43.0152255319395,42.9929469331983,42.9687323185325,42.9439829832646,42.9210400256365,42.9033326441497,42.8952592059687,42.9015696027558,42.9260613736557,42.9696565214543,43.0284311243566,43.0927277390842,43.1485767982496,43.1817600055876,43.1831242025184,43.1524147786754,43.0983521137555,43.0349148432363,42.976059062505,42.9316086304717,42.905748208284,42.8978284997222,42.904281452883,42.9205195077988,42.9422392756822,42.9660519912757,42.9896192406969,43.0115198789689,43.0310202869683,43.047846551173,43.0620003192219,43.0736267611867,43.0829278149217,43.0901093031834,43.0953509954489,43.0987909777775,43.1005182149248,43.1005693508209,43.0989274925238,43.0955220598501,43.0902299329833,43.0828792927432,43.0732589279657,43.0611375662677,43.0463000575521,43.0286098193379,43.0081090282965,42.985167592421,42.9606849915122,42.9363292841918,42.9147574579424,42.8996976513106,42.8957002292359,42.9073299751306,42.937668470671,42.9863233646907,43.0476847472892,43.1106377421166,43.1607782468,43.1849988939044,43.1765826963513,43.1380459992997,43.0800175627697,43.0168539411477,42.961529324287,42.9222480988134,42.9016816190865,42.8981907605787,42.9077975453226,42.9259294806561,42.948519691109,42.9724781577432,42.9957365449823,43.0170795505886,43.0359125140401,43.0520455111055,43.0655245865465,43.0765133379416,43.0852163740205,43.091833307385,43.096533055436,43.0994406051281,43.1006308038454,43.1001257461961,43.0978939014799,43.0938503954046,43.0878590047175,43.0797376445352,43.0692706231973,43.0562328664402,43.0404336883482,43.0217901626772,43.0004415952891,42.9769144686245,42.9523368641757,42.9286759458415,42.9089248828048,42.8970973481885,42.8978212539811,42.9153207939333,42.9517370387978,43.0051391467692,43.0681329635187,43.1282964517229,43.171205254987,43.185382764082,43.1669084011221,43.1210817686698,43.0601326140748,42.9983736942311,42.9474757843885,42.9138956880301,42.8988235877973,42.8997369921215,42.9123571525595,42.9322047477259,42.9554924999676,42.9794466183784,43.0022719185313,43.0229557732508,43.0410376533165,43.0564071476241,43.0691511593759,43.0794490706967,43.0875061778743,43.0935143205025,43.0976302414332,43.0999646323177,43.1005770962823,43.0994741154493,43.0966085733218,43.0918805979813,43.0851406498702,43.0761970763446,43.0648319804854,43.0508313232387,43.034037613968,43.0144357838161,42.992283354284,42.9682916475857,42.9438501690592,42.9212543602028,42.90384253565,42.8958773414812,42.9019546068558,42.9257637238201,42.9682593635148,43.0257728593086,43.0891158855704,43.1448409882146,43.1790271790406,43.1823619260472,43.1539781396267,43.1018087633108,43.0392475372991,42.9801000196656,42.9344495093951,42.9069483442419,42.8974016647663,42.9025489791839,42.9179348811484,42.9392510384919,42.9630256858628,42.9868100112704,43.0090773036339,43.0290084876122,43.0462681557786,43.0608181962432,43.0727811585705,43.082348626675,43.0897241399508,43.0950900368979,43.0985895706112,43.100318043676,43.1003188437979,43.0985819727276,43.0950440253539,43.0895897572805,43.0820565700355,43.0722446384938,43.0599371730452,43.0449375137576,43.0271321804245,43.0065908165088,42.9837131607754,42.9594259027438,42.9354124961724,42.9143198268023,42.8998246494352,42.8963739261156,42.9083839066722,42.9387807295688,42.9870818053062,43.047733233654,43.1098563613922,43.1593943392129,43.1835293330936,43.1756028409748,43.1379096699628,43.0806992253003,43.0179972087844,42.9626435289338,42.9229191601492,42.9016942895708,42.8975401912526,42.9066280816044,42.9244525561105,42.9469462621245,42.9709785290998,42.9944251862452,43.0160165571875,43.0351134221033,43.0514935893992,43.0651823018977,43.0763315797611,43.0851411475546,43.0918101612206,43.096509721456,43.0993683645805,43.1004650513788,43.0998261574499,43.0974245452709,43.0931800822508,43.0869621368702,43.0785958307752,43.067875336494,43.0545894280526,43.0385668019199,43.0197509969724,42.9983158751343,42.9748300010676,42.9504672794453,42.9272353229097,42.9081461662856,42.8971879466027,42.898894910857,42.9173182849043,42.9543676701043,43.0078893503415,43.0703777011573,43.129499895877,43.1711271777269,43.1841724230331,43.1650188006931,43.1190519465864,43.0583699930283,42.9970502604544,42.9465581427771,42.9132480430004,42.8983074643529,42.8992660163093,42.9119057085618,42.9317898791731,42.9551490563025,42.9792074167925,43.0021565438003,43.0229669151325,43.0411622929476,43.0566200683838,43.0694190295086,43.0797341165434,43.0877690290363,43.093715952879,43.0977331283159,43.0999332984551,43.1003783000772,43.0990768895767,43.0959843533658,43.0910036763028,43.0839892186113,43.0747551750584,43.0630927354972,43.04880193135,43.0317465182191,43.0119422887792,42.9896893263363,42.965753660077,42.9415882172458,42.9195501101043,42.9030168489833,42.8962359805965,42.9036968903644,42.9288660267332,42.9723732570417,43.0302032070501,43.0929399446192,43.1471715314858,43.1793257750645,43.1806423821605,43.1507793696248,43.0979529829432,43.0355274652942,42.9770555684246,42.93230547348,42.9056802187324,42.8968503570543,42.9025201924579,42.9182572833659,42.9397967335149,42.9637078644018,42.9875716077916,43.0098790883116,43.0298201077835,43.0470626761525,43.0615694118248,43.0734626750333,43.0829338585162,43.0901866479882,43.0954038751465,43.0987294985102,43.1002595853325,43.1000382570283,43.0980562448894,43.0942510570453,43.0885089445037,43.080670063932,43.0705396577892,43.0579098641218,43.042598967108,43.0245172414496,43.0037701127539,42.9808080307803,42.9566242621591,42.9329807238207,42.9126014832852,42.8992123948992,42.8972397337097,42.9109605453096,42.9430107073482,42.9924874622171,43.0533947469045,43.1145758449226,43.1620442262676,43.1834566626938,43.1728819749259,43.1332953699158,43.075308727025,43.0129057854406,42.9585931851238,42.9202293101519,42.9003368706965,42.8972842693544,42.9071737604978,42.9255177362888,42.9483055228981,42.9724693933752,42.9959382270276,43.017480795995,43.0364829532566,43.0527375231212,43.0662780865394,43.0772609723502,43.0858879724863,43.0923591419609,43.0968458846963,43.0994767131811,43.1003303563196,43.0994328321191,43.0967566506584,43.0922215853302,43.0856976237074,43.0770119762523,43.0659635639801,43.0523503503405,43.0360171828739,43.0169340134672,42.9953151880105,42.9717872105469,42.9476002489094,42.9248511311528,42.9066371596913,42.8969941552717,42.9004154995847,42.9207663533094,42.9595935096059,43.0142432257668,43.0767174370301,43.1344247916168,43.1734107196848,43.183218379371,43.1610981253464,43.1131802072137,43.0518993513998,42.9912060954384,42.9421353485207,42.9105423727028,42.8972223833401,42.8994851623053,42.9130455767497,42.9334968464564,42.9571423788098,42.9812857381444,43.0041861063855,43.0248641323798,43.0428773953214,43.0581243589757,43.0706960080946,43.0807737816023,43.0885644504005,43.0942613151019,43.0980226517313,43.0999606493951,43.1001362695097,43.0985572484288,43.0951778945136,43.0899005442407,43.0825797262202,43.0730314293615,43.0610515511989,43.0464496955911,43.0291068373453,43.0090672780825,42.9866750497098,42.9627590653007,42.9388543650306,42.9174120634132,42.9018945451801,42.8965850800299,42.9059017833751,42.9330737775562,42.9783055484219,43.0370342605547,43.0993559584918,43.1516803916823,43.180749381025,43.1785720796735,43.1457427782529,43.0911922330784,43.0285211066804,42.9710439121342,42.9280210297238,42.9033253750232,42.8962382717834,42.9032627915762,42.9199202788384,42.9419931531793,42.966136504625,42.9900198219209,43.0122083492124,43.0319467174831,43.0489400402193,43.0631742384834,43.0747852764884,43.0839718278623,43.090940981255,43.0958767148277,43.0989228782987,43.1001747581355,43.0996753563602,43.0974141612573,43.0933275172308,43.0873008793088,43.0791744572861,43.068755204133,43.0558399318678,43.0402565647007,43.0219328562663,43.0010033028677,42.9779632116991,42.953869767117,42.9305672989561,42.9108714485067,42.898584317121,42.8981486727046,42.9137376261841,42.9477073703296,42.9986934939442,43.060149857866,43.1204888203809,43.1656622769567,43.1837746595856,43.1697458803576,43.1274694391787,43.0681657668551,43.0059220606712,42.9529097719592,42.9164450831556,42.8985367158692,42.8972023657398,42.9083808413217,42.927564849463,42.9508056022296,42.9751273105992,42.9985490817901,43.0199136753142,43.0386612384967,43.054621294193,43.0678505468486,43.0785189147991,43.086835540014,43.0930039806289,43.0971968990336,43.0995428257704,43.1001198620126,43.0989530935007,43.0960140043442,43.0912214292445,43.0844447494858,43.0755113160899,43.0642216544989,43.0503779878197,43.0338339453408,43.0145755004715,42.9928438313842,42.9693070378442,42.9452745325271,42.9229187918224,42.9054187229214,42.8968718075635,42.901767949741,42.9238452380194,42.9643530795698,43.0201804744986,43.0828250745057,43.1393580491675,43.1758796522952,43.1824647014435,43.1572120165562,43.107071423509,43.0449397655171,42.9847487316805,42.9371457746505,42.9074609085124,42.8960300080591,42.8998704732094,42.9145760963695,42.9357427121672,42.9597425148544,42.9839692993297,43.0067675225829,43.0272267120252,43.0449547616349,43.0598842202603,43.0721277294283,43.0818796655883,43.0893540216502,43.0947477919473,43.0982208940704,43.0998860403458,43.0998041516246,43.0979826695523,43.0943755232911,43.088884700296,43.0813645492113,43.0716313010757,43.0594820026758,43.0447291900174,43.0272600161406,43.0071304474662,42.9847047356567,42.9608440911954,42.9371306195795,42.9160762983862,42.9012088001131,42.8968575439138,42.9074267220634,42.9360199147186,42.9825672234002,43.0421022117808,43.1043019468845,43.1553376253008,43.182077881914,43.1770621928642,43.1416402816,43.0854104550116,43.0222927653634,42.9655082593595,42.9239381017401,42.9009939578885,42.8955762095826,42.9039580159093,42.921575209368,42.9442247782212,42.9686278176474,42.9925348757864,43.0145863756893,43.0340874467916,43.0507876084629,43.064703227626,43.0759900203601,43.0848588820612,43.0915241669008,43.0961740547534,43.0989548253231,43.0999632473645,43.0992433413682,43.0967853978555,43.0925264365639,43.0863524509371,43.0781039941107,43.0675881197268,43.0546015460311,43.0389721860097,43.0206285666241,42.9997081179599,42.9767135128218,42.9527168740712,42.9295883426307,42.9101816538941,42.8983448553206,42.8985587915077,42.9149957413033,42.9499297517992,43.0017990668461,43.0637558649528,43.1238950204234,43.1679918320644,43.1842618181149,43.1680488351254,43.1238348774841,43.0633451182896,43.0008908882441,42.9485479608544,42.9133234750879,42.8968625758205,42.896887243679,42.9091596734046,42.9291081878156,42.9527972847269,42.9773047251771,43.0007153832865,43.0219336487194,43.0404500645647,43.0561319509994,43.0690626892019,43.0794302207577,43.0874555322666,43.0933499163571,43.0972912181191,43.0994116849674,43.0997923670878,43.0984609259064,43.0953912046601,43.0905041414417,43.0836707504777,43.0747191618672,43.0634492819154,43.0496606446083,43.0332014196828,43.0140488410944,42.9924321512896,42.9690056080054,42.9450661012808,42.9227805376592,42.9053366444163,42.8968614508238,42.9018942441285,42.9242260441507,42.9651265653306,43.0214258350677,43.0844565901012,43.1410531011025,43.177115855622,43.1826933075856,43.1560981077316,43.1046639699851,43.0416677856027,42.9812529831619,42.9340515070101,42.9052061440063,42.8948025127291,42.899638514146,42.9151657287129,42.936918243039,42.9612665795349,42.985637219791,43.0084207176313,43.0287528505055,43.0462813703816,43.0609702514473,43.0729555555697,43.082448553246,43.0896753136114,43.0948416288705,43.0981141582022,43.09961118154,43.0993985830486,43.0974884547904,43.0938390962754,43.0883563542561,43.080897397282,43.0712793531106,43.0592969358364,43.0447553523777,43.0275272676699,43.0076447407391,42.9854370597111,42.9617197593871,42.9380229692033,42.9168113344451,42.9015888482733,42.8967098911929,42.9066739947843,42.9347510838239,42.9810677363687,43.0407966475219,43.1035948987862,43.1554091585826,43.1827536924348,43.1778645773128,43.1420142358735,43.0849916075557,43.0210564233076,42.9637340516597,42.9220489779029,42.899381421923,42.8944918473675,42.9034884408864,42.9216744380925,42.944768045804,42.9694612052057,42.993509735266,43.0155778644188,43.0350011414299,43.0515589575613,43.0652936358642,43.0763820027073,43.0850515934141,43.0915298520062,43.0960155235687,43.098663837429,43.09957959287,43.0988143682657,43.0963657134837,43.0921774759052,43.0861415388378,43.0781024215048,43.0678676052946,43.0552282848059,43.0399975567866,43.0220756165273,43.0015534174428,42.9788652748586,42.9549928506339,42.9317012833246,42.9117455648799,42.8989195468064,42.8977478628172,42.9125965025469,42.9460979652795,42.9971466238343,43.0592796996918,43.1206869929001,43.1668118239946,43.1851921188617,43.170453074265,43.1266669436449,43.0656203893289,43.0020448129535,42.948525596009,42.912436944271,42.8955619333031,42.8955737785336,42.908093887634,42.9284002648496,42.9524426993881,42.9772317227761,43.0008254428373,43.0221286567562,43.0406471031076,43.0562692316122,43.0691002501929,43.079348118417,43.0872512522069,43.0930359363108,43.0968931231776,43.0989669179751,43.0993495162161,43.0980793431546,43.0951406634361,43.0904641413477,43.0839289347294,43.0753681079507,43.064580655439,43.0513554006432,43.035514497406,43.0169868598387,42.9959234218391,42.9728640288749,42.9489551016369,42.926190754926,42.9076006107011,42.8972358307789,42.8997353207409,42.9192534619255,42.9577064598222,43.0127270972862,43.0763055010047,43.1354105869926,43.1753345968248,43.1849333090478,43.1612660072562,43.1109314977928,43.0472508968491,42.9850119151996,42.9356698375795,42.9050044737368,42.8934033740881,42.8976755931379,42.9131210057092,42.9350781771941,42.9597498709211,42.9844487127155,43.0075034772441,43.0280269762728,43.0456682536197,43.0604053445284,43.0723936034836,43.0818645977314,43.089063754296,43.0942147125736,43.0975006040019,43.0990552149766,43.0989593790407,43.0972398040537,43.0938689535934,43.0887657490682,43.0817979467756,43.0727882855244,43.061528101082,43.0478042177543,43.0314475338091,43.0124143471754,42.9909127017348,42.967582753121,42.9437267855851,42.921553219559,42.9043429135598,42.896369219574,42.9023382687027,42.9261424353462,42.968952789224,43.0271760579716,43.09139840714,43.1476201609315,43.1812619940401,43.1826517388111,43.1511838500606,43.0956420236697,43.0304611677964,42.9701889509713,42.9250840461389,42.8994614315056,42.8925275098601,42.9004229303124,42.9182515115955,42.9414644117885,42.966517538534,42.9909993204871,43.0134753457704,43.0332355311891,43.0500483612623,43.063965037473,43.0751808598538,43.0839453836874,43.0905085292493,43.0950907368557,43.0978679321828,43.0989648470884,43.0984525423053,43.0963477246473,43.0926127729722,43.0871564807352,43.0798366019495,43.0704665694577,43.0588304483143,43.0447124397726,43.0279500029593,43.0085223304302,42.9866868306028,42.9631718562013,42.9394179430072,42.9178238819328,42.9018916839025,42.8960831925785,42.9051417022958,42.9326861706894,42.9791739166513,43.0398869650605,43.104189117713,43.157337587716,43.1850545036406,43.1791425223864,43.1411113473166,43.0815636914208,43.0157070915974,42.9576816361957,42.9165914701316,42.8954664284315,42.8925411524766,42.9034491508885,42.9231847383644,42.9473341677955,42.9725897406718,42.9967825962317,43.0186806452698,43.0377222456249,43.053774532134,43.0669483312201,43.0774709964426,43.0856061554552,43.0916069042467,43.0956907609705,43.0980276428935,43.0987349188049,43.0978758030976,43.095459003827,43.0914387793449,43.0857156053525,43.0781387253229,43.0685131754538,43.0566156548712,43.042225997791,43.0251839080329,43.0054833620142,42.9834177823834,42.9597837321097,42.9361326249689,42.9150198222629,42.9001324951213,42.896092101014,42.9076728668058,42.9382572277232,42.9876878607066,43.0502877196781,43.1144020381825,43.1647158457161,43.1872953652716,43.1752677793959,43.1319423406321,43.0693867627709,43.0033430594978,42.9475050221774,42.9099564374125,42.8926530934407,42.8930508720126,42.9064001744117,42.9276359800141,42.9524766568863,42.9778205820476,43.0017037278552,43.0230620772622,43.0414561851201,43.0568339629701,43.0693549409659,43.0792726982665,43.0868625317912,43.0923804622713,43.0960421075857,43.0980131064082,43.0984055597287,43.0972770957559,43.0946307250347,43.0904148263946,43.0845236084253,43.0767994495224,43.0670398620848,43.0550136764325,43.0404935489724,43.0233149672171,43.0034748151496,42.9812832174849,42.9575764542926,42.9339788092144,42.9131576965284,42.898943333784,42.8960941080241,42.9094365561217,42.9422075873392,42.9938070977398,43.0578281561523,43.1218131396563,43.1699742101783,43.188621034994,43.1719046835354,43.1245412382141,43.0597430751476,42.9936617295728,42.9396295389231,42.9049229928741,42.8906549520048,42.8936742385067,42.9089356288625,42.9313317529557,42.9566878428192,42.9820665858455,43.0056670954951,43.0265596014711,43.0444028226314,43.0592101574986,43.0711812225077,43.0805918108058,43.0877278241461,43.0928489103968,43.096170484823,43.0978561308754,43.0980151633816,43.0967022184193,43.0939172278122,43.089605250497,43.083656593049,43.0759086862994,43.0661525319149,43.0541484283778,43.0396582988746,43.0225051885063,43.0026736280739,42.9804654359747,42.9567195694894,42.9330839479206,42.9122814513514,42.8982350061604,42.8958210573704,42.9099658067669,42.9439060774732,42.9968463629923,43.0619465162385,43.1261762650126,43.1733024473261,43.1896330700586,43.1698930879348,43.119739016773,43.0532432060722,42.9869522144599,42.9340389845453,42.9012589425011,42.8891311872926,42.894049614052,42.9107277297396,42.9340027465651,42.9597611302275,42.9851773183888,43.0085678941916,43.02910340196,43.0465183097186,43.0608782937732,43.0724163732151,43.0814281127643,43.088210139109,43.0930272913549,43.0960971025892,43.0975837880896,43.0975967298678,43.096190499109,43.0933649034008,43.0890646085685,43.0831787967755,43.0755423168032,43.0659411051619,43.0541265609453,43.039846241462,43.0229016686823,43.0032475054713,42.981147768505,42.9573994462075,42.9336136671886,42.9124983199307,42.8980058623951,42.8951079133015,42.9088938566192,42.9427922105067,42.9961342523231,43.0620221150708,43.1271199970239,43.1747297380642,43.1907819535623,43.169971291108,43.1183341749992,43.0505292327795,42.9835766206061,42.9308040722346,42.8988105035716,42.8877982798952,42.8938483004101,42.9114602692894,42.9353756332733,42.9614763302515,42.9869841151451,43.0102819085792,43.0306051652011,43.0477422572987,43.0617992954949,43.0730375069225,43.0817710987531,43.0883085898329,43.0929223659393,43.0958349845293,43.097214421503,43.0971733356763,43.0957694851068,43.0930058496922,43.0888300349151,43.0831333894978,43.0757512025883,43.0664666078265,43.0550226839022,43.0411499422327,43.0246199668322,43.0053398523943,42.9835043404115,42.9598186893678,42.9357870395373,42.9140164800905,42.898406171574,42.8939818627703,42.9060549937633,42.9384626552664,42.9910508779404,43.0573356673629,43.1240269548083,43.1739545580398,43.1922043803592,43.1726745998774,43.121076507544,43.0523309157188,42.9840637181655,42.930177940269,42.8975770213759,42.8864765230659,42.8927958385769,42.9108319994467,42.9351659460074,42.9615876858576,42.9872868466633,43.0106529522452,43.0309470194927,43.0479883599723,43.0619120006834,43.0730030889615,43.081594364054,43.0880083194715,43.0925279835436,43.0953844120086,43.0967528990938,43.0967529281098,43.0954489960819,43.0928508725275,43.088912843149,43.083532288718,43.0765487985173,43.0677461759658,43.0568614504351,43.0436076468902,43.0277207182108,43.0090453399348,42.9876775907394,42.9641808251846,42.9398762885233,42.9171698616027,42.8997981353217,42.8927627392949,42.9016182746355,42.9308119023194,42.9811300450411,43.0470825731224,43.1159300555937,43.1701430564562,43.1934904129765,43.1781533595637,43.1285900385247,43.0594967671837,42.9892110494716,42.9327203041271,42.8978198551878,42.8851662659204,42.8907144282248,42.9085724752526,42.9330766434444,42.9598130923846,42.9858393055797,43.0094777003889,43.029967470866,43.0471320762505,43.0611226635604,43.0722440640395,43.0808480561098,43.0872739515218,43.0918192196742,43.0947274584593,43.0961852692742,43.0963228282463,43.0952151808672,43.0928827605847,43.0892906135927,43.084346554414,43.0778992232729,43.0697380284646,43.0595985356064,43.0471793350862,43.0321800218647,43.0143745216508,42.9937384277346,42.9706499001441,42.9461737982621,42.9224058090109,42.9027823833453,42.8921474682856,42.8962403158363,42.9202405447348,42.9662747620438,43.0305162672946,43.1015050049316,43.1617424829711,43.1933721052652,43.1858532220079,43.1411587794801,43.0729371246709,43.0001634065591,42.9394479166086,42.9002214551931,42.8841760759493,42.8876068169054,42.9044855207088,42.92881207947,42.9558299036121,42.982335671629,43.0064886079882,43.0274440836305,43.044994683913,43.0592909776005,43.0706518949964,43.079448725382,43.0860409607063,43.0907449667118,43.0938215234075,43.0954729889943,43.0958444189339,43.0950254222566,43.093051120209,43.0899015801554,43.0854997954669,43.0797089169445,43.0723302732819,43.0631050504658,43.0517246846852,43.0378583983897,43.0212109812816,43.0016292339286,42.9792789898216,42.9549103635504,42.9302055866481,42.9081452039815,42.8932210669541,42.8911819225668,42.9079030594804,42.947113400858,43.0073178942663,43.0793030993504,43.1464445423922,43.1893960637935,43.1940210638181,43.158267095261,43.093357174687,43.0183799868023,42.951974811805,42.9060995132742,42.884329404273,42.8838131645126,42.8985473564458,42.9221268466546,42.9492896621465,42.9764050093784,43.0013383082521,43.0230741712097,43.0413238181859,43.0562121698575,43.0680628520558,43.0772658965769,43.0842043723445,43.0892185363107,43.0925916237307,43.0945467316537,43.0952483399452,43.0948048133488,43.0932700126572,43.0906432345041,43.0868673835306,43.0818258123721,43.0753389008614,43.0671624822313,43.0569920197408,43.0444793923767,43.0292735719749,43.0111022055224,42.9899166869102,42.9661244079054,42.9409192458813,42.916679291441,42.8973106728764,42.8882732059995,42.8958754927917,42.9254267069384,42.9782343349748,43.0484045040314,43.1215660723178,43.1778156353139,43.1991272884108,43.1778126409914,43.1205929983968,43.0453002651228,42.972517853868,42.9176308851414,42.88726148127,42.8802792687644,42.8911019770474,42.9129450509872,42.93987720599,42.9676301879661,42.9935951736595,43.0164587501297,43.0357730470917,43.0515961820075,43.0642387449553,43.0741051462694,43.0816044027626,43.0871058413484,43.090921041855,43.0932994635696,43.0944300290768,43.0944442776879,43.0934188241149,43.0913761242781,43.0882832781675,43.0840490610226,43.0785198253712,43.0714756407805,43.0626293808921,43.0516338471616,43.0381058699556,43.0216818729251,43.0021260532799,42.9795175382522,42.9545399953823,42.9288730974526,42.9056200949994,42.88958138771,42.8870125110778,42.9043829168299,42.945807420221,43.009538816993,43.0851730685516,43.1541945935033,43.1956224184966,43.1951364990092,43.1524014563874,43.0814045175257,43.0034773502747,42.9379041847293,42.8957425376369,42.8789509046777,42.883203365278,42.901604702023,42.9274599372453,42.9556245371322,42.9827722507561,43.0071037106397,43.0278888833884,43.0450488300569,43.0588468587809,43.0696891729517,43.0780097526844,43.0842113703968,43.0886401847838,43.0915783482377,43.0932449031443,43.0937993869797,43.0933452319192,43.0919316268534,43.0895533758626,43.086148741538,43.081595571074,43.0757064402965,43.0682244357349,43.0588229261485,43.047115725903,43.0326888686079,43.0151718682687,42.9943737351311,42.9705132090709,42.9445643961061,42.9187011511513,42.8967329064198,42.8842670982706,42.8881457868869,42.9146404698732,42.9662458044403,43.0379486178235,43.1152725398896,43.1768998902263,43.2026067884756,43.1829613886812,43.1244429664656,43.0461314969149,42.970369358762,42.9137584429481,42.8831913996186,42.8771104976894,42.8892821765561,42.9123920253269,42.9402224187541,42.9684319607668,42.9944678278497,43.0171250684176,43.0360679612207,43.0514476056142,43.0636424539147,43.0731022363414,43.0802643152568,43.0855150005809,43.0891759341363,43.0915027463035,43.0926884824732,43.0928677987093,43.0921200384147,43.0904704534365,43.087889382339,43.084289442293,43.0795210043424,43.0733667021049,43.0655368304952,43.0556696706189,43.0433445434984,43.0281211779679,43.0096266591238,42.987719062936,42.9627594779666,42.9360094326202,42.9101179039084,42.8895457072716,42.8805884454379,42.890469532279,42.9249956712471,42.9848455765029,43.0618785306914,43.1382807988303,43.1912036134767,43.2023528222476,43.1673352772033,43.0981812781152,43.0170475268171,42.9457343681287,42.897822638623,42.8767579360228,42.8785689350815,42.8960182874071,42.9218499896681,42.950429112087,42.9781077123374,43.0029211859013,43.0240809933386,43.0415084485887,43.0554926049201,43.066472150493,43.0749116816059,43.0812398864838,43.0858240023103,43.0889632091331,43.0908904219908,43.0917766714746,43.0917352188978,43.0908242135554,43.0890474992387,43.0863534678344,43.0826319409865,43.0777092292518,43.0713420968748,43.0632127423552,43.0529295720988,43.0400430299358,43.0240924314254,43.0047082816721,42.9818025043281,42.9558794561413,42.9284788339727,42.9026934195869,42.883564005328,42.8779443913175,42.8932515587134,42.9346394233827,43.0009331527929,43.0811914999025,43.1550635602803,43.1991927939052,43.1978122067008,43.151133704185,43.0753439343176,42.9941385981408,42.9279795614675,42.8876297642996,42.8739024332351,42.881276790848,42.9020820595315,42.9293411445186,42.9579770219911,42.9848966392898,43.0085645187799,43.0284749576709,43.0447114595924,43.0576416247586,43.0677315325397,43.0754453591429,43.0811982462882,43.0853389075594,43.0881468575066,43.0898355222689,43.0905567075878,43.0904043973037,43.0894171382235,43.0875787684867,43.0848173235647,43.0810019239521,43.0759376271136,43.0693589630792,43.0609245842424,43.0502186431437,43.0367696926418,43.0201053782926,42.999870316116,42.9760421549894,42.9492784545615,42.9213974522824,42.8959122886171,42.8783758902664,42.8760693364726,42.8964156457678,42.9437410762359,43.0150108149908,43.0968312975868,43.1670523872271,43.2026249347786,43.1906179058864,43.135266579507,43.0557020309517,42.9760658597779,42.9151011457621,42.8811052458822,42.8729467799385,42.8841689037498,42.9070155291873,42.9348830398612,42.9631918624978,42.989284092082,43.0119339148757,43.0308247580912,43.0461388850945,43.0582844390805,43.0677350010795,43.0749459038727,43.0803167623633,43.0841788298264,43.0867939738531,43.0883579824551,43.0890046682317,43.0888093359348,43.0877911292998,43.0859140140342,43.0830860579522,43.0791565770435,43.0739109677661,43.0670640096471,43.0582545237834,43.0470480039392,43.0329596814214,43.0155186024208,42.9944026678028,42.9696811940262,42.9421953287613,42.9140680542968,42.8892361542581,42.8737151232037,42.8750787954123,42.9005310265856,42.9533221984039,43.0284567142327,43.1103438866729,43.1756938324814,43.2025255177223,43.1810613581395,43.1191133987791,43.0378073886182,42.9609064663249,42.9051745256555,42.8767166266694,42.872946989513,42.8868896993005,42.9109286641139,42.9388875351503,42.9666381523395,42.9918761827271,43.0136064540939,43.031640490124,43.046218402461,43.0577645122532,43.0667471422847,43.0736072247965,43.0787271952709,43.0824208876877,43.0849329304033,43.0864415777425,43.0870622351743,43.0868506643631,43.0858055014565,43.0838697350658,43.0809305648739,43.0768169659758,43.0712946812724,43.0640596352021,43.0547333284477,43.0428680980254,43.0279766103379,43.0096085375272,42.9875065124082,42.9618780748529,42.9338085130077,42.9057895453089,42.8822220516451,42.8695537716706,42.875493118661,42.906711177004,42.964983117136,43.0430814146758,43.1233580236665,43.1820415079116,43.1990971581287,43.1684153165191,43.10116417759,43.0197083614131,42.9466971742706,42.8965996704913,42.8734392058351,42.873482393316,42.8895195656181,42.914243467836,42.9419618435281,42.9689857558925,42.9933240525138,43.0141687993726,43.0314242762014,43.0453636687869,43.0564118582036,43.0650228734965,43.0716183360347,43.0765608211339,43.0801450171989,43.0825967974438,43.0840752317402,43.0846754511634,43.0844316493746,43.0833198714415,43.0812600619051,43.078116540744,43.0736960449091,43.0677430985254,43.0599341437734,43.0498749833714,43.0371110634517,43.0211672197154,43.0016423134493,42.9783923936545,42.9518370912292,42.9234037872278,42.896059065545,42.8747404916494,42.8662938433997,42.8783332007429,42.9165310330747,42.980586220219,43.0606070655449,43.1370116475313,43.1863644911893,43.1917074891538,43.1513339896666,43.0796732068656,42.999607684911,42.9318978204798,42.8883001851664,42.8707333543285,42.8745037024853,42.8923809551649,42.9175153035815,42.944771503952,42.9709198548191,42.9942753685272,43.0142009979308,43.030677173481,43.0439966713385,43.0545750094255,43.0628448394381,43.0692032694523,43.0739888935333,43.0774736895389,43.0798614977797,43.0812891233591,43.0818285341009,43.0814896491635,43.0802233297273,43.0779238626746,43.0744299149542,43.0695230518933,43.0629238587695,43.0542878706314,43.0432072809567,43.0292300855506,43.011915944408,42.9909566429426,42.9663951355118,42.9389721856754,42.9105968871471,42.8848521730116,42.8672886299548,42.8650532891797,42.8852823785013,42.9319567670423,43.0018944689985,43.0820746705425,43.1513276384098,43.1877518562939,43.1788960286469,43.1282459083612,43.0532575341833,42.9764448108691,42.9158084028191,42.8799352827801,42.8685900940609,42.8762791376877,42.8959446941355,42.9213383072066,42.9479641836636,42.9730890674358,42.9953454526957,43.0142662882401,43.0299026696015,43.0425603860518,43.0526391943822,43.0605444190814,43.066643093329,43.0712445820581,43.0745932338585,43.0768663606933,43.0781745353862,43.0785631559416,43.0780149216729,43.0764527829432,43.0737425381719,43.0696940185703,43.064060162963,43.0565346567498,43.046751576493,43.0342949803115,43.0187327825641,42.9996971652246,42.9770413221303,42.9511042666868,42.9231004518623,42.8955997080313,42.8729523029018,42.8613381884534,42.8679411342248,42.8987628036966,42.9551146450518,43.0300251839601,43.1071365083436,43.16461938825,43.1838768495118,43.1585629871863,43.0978335011001,43.021447873689,42.9503468158163,42.8988530390314,42.8720323155484,42.8675618127865,42.8793715987869,42.9007867690436,42.9262999134052,42.9521298047277,42.9760733462536,42.9970924284501,43.0148919160183,43.0295913409925,43.0415055987583,43.05101398938,43.0584893207137,43.0642630336719,43.0686096338972,43.071740384374,43.0738010834982,43.0748717709732,43.0749677007494,43.0740413348283,43.0719849079001,43.0686327600001,43.0637625987552,43.0570955847182,43.0482970535001,43.0369831659283,43.0227440569138,43.0052010189148,42.9841228113111,42.9596309532351,42.9325180096741,42.9046718187187,42.87952160976,42.8622835545336,42.8596067797291,42.8781254966515,42.9216586360322,42.9876273174009,43.0645530171295,43.1332633477822,43.1731474642002,43.1712237147313,43.1285857981494,43.0597102619401,42.9851726675786,42.9228451646043,42.8825911947586,42.865894833459,42.8686459682773,42.884536820265,42.9075101134925,42.9329213504058,42.9577514616674,42.9803385452956,42.9999713073036,43.0165207828366,43.0301694674745,43.0412366062377,43.0500765651661,43.0570249986637,43.0623727870768,43.0663543768621,43.069142785607,43.0708474860603,43.0715137327636,43.0711229699647,43.0695941686312,43.0667857232651,43.0624973532764,43.0564717619573,43.0483970597252,43.0379135690467,43.0246329072291,43.0081832283576,42.9883015209693,42.9649995524681,42.9388287025852,42.9112492967055,42.8850547117854,42.8646920831437,42.8561650714188,42.8660729461661,42.899421215742,42.9563906691671,43.0293370705512,43.1023269615618,43.1551862404148,43.1714473171793,43.1460835226321,43.0879467660641,43.0152028285439,42.9470224543944,42.8967272373545,42.869366687362,42.8632244517534,42.8729717225034,42.8924973357696,42.9165914716861,42.9415518271143,42.9651239259419,42.9861633596497,43.0042603917586,43.0194333724169,43.0319156054963,43.0420231303044,43.0500802528206,43.0563812682069,43.0611724129534,43.0646438491544,43.0669260286602,43.0680878404753,43.0681356776591,43.0670132907465,43.0646024034746,43.0607239689212,43.0551400815768,43.0475573865197,43.0376347779509,43.0250016184447,43.0092977801807,42.9902530802321,42.9678293898266,42.9424493702101,42.9153223775831,42.8888359009295,42.8668933328221,42.8549434885295,42.8593116317516,42.8854480286445,42.9350867461503,43.0031909184531,43.076612607709,43.1365715760672,43.1652779127649,43.1537990469268,43.1063474600911,43.0380559761291,42.9678461331038,42.9110348391911,42.875445772203,42.8616441964122,42.8655553649126,42.8813859619111,42.9036666221326,42.92820581097,42.9522546945566,42.9742717972377,42.9935699848631,43.0099934676473,43.0236764411353,43.0348843890369,43.04391977949,43.0510710120561,43.0565872223027,43.0606668522025,43.0634526160959,43.0650289828552,43.0654205383199,43.0645908091874,43.0624416304425,43.0588132803389,43.0534857856125,43.0461824407986,43.0365781225063,43.0243177978629,43.0090549310902,42.9905249983891,42.9686746032651,42.9438680053812,42.917182563206,42.8907699417433,42.8681857953847,42.854471940802,42.8556461810757,42.8772299690004,42.9217216084976,42.9856575177654,43.057889518636,43.1211045820212,43.1573644310808,43.1556150146223,43.1168482950333,43.0534960159568,42.983516866878,42.9230811020962,42.8818447647344,42.8621894516301,42.8612479608069,42.8737237749992,42.8941223537345,42.9179602203846,42.942126795053,42.9647583364343,42.9849251569134,43.0023090492535,43.0169455610473,43.0290456867125,43.0388849332052,43.0467404897003,43.0528588383446,43.0574406038936,43.0606339938438,43.0625318266783,43.0631696914943,43.0625243557592,43.0605123855545,43.0569893649678,43.051750441346,43.0445335634406,43.0350281258072,43.0228941638971,43.0078009852441,42.9894989557344,42.9679428337439,42.9434862251468,42.9171575651522,42.8909971661429,42.8683686264562,42.8540510189491,42.8537993205615,42.8730275400478,42.9144976265158,42.9755377095954,43.0462184592983,43.1103810274385,43.1504530869164,43.1544965150458,43.1216331479716,43.0623567837681,42.9935575518147,42.9315406825172,42.8869533900953,42.8633924252981,42.8589398495043,42.868800632289,42.88759046375,42.9106967313703,42.9347835291762,42.9577590936822,42.9785074031242,42.9965768451801,43.011916680953,43.0246869099048,43.0351354808629,43.0435261029426,43.0500995609752,43.0550549580046,43.0585414982781,43.0606550168417,43.0614361203603,43.060868581125,43.058877719453,43.0553291746928,43.0500289988918,43.0427267477201,43.0331245580559,43.0208974415395,43.0057333979362,42.9874062469711,42.9658980875502,42.9415888500357,42.9155210836541,42.8897184434878,42.8674739945331,42.8534253445476,42.8531250241865,42.8717868740267,42.9121022453474,42.971609182637,43.0409317885287,43.1046520932349,43.1457390102182,43.1521928946984,43.1223820527868,43.0657125285927,42.9982182408093,42.9359519592039,42.8898925745269,42.8642602943659,42.8577358363892,42.8659178544758,42.8835826491649,42.9061053427221,42.9300461242346,42.9531822385686,42.9742774356276,42.9927863083804,43.008592670026,43.0218147600346,43.0326758568408,43.0414259901403,43.0482986469891,43.0534890579998,43.0571444246438,43.059359871359,43.0601765444585,43.0595801344944,43.0574993333888,43.0538045776699,43.0483081376483,43.04076748983,43.030895285365,43.0183814126949,43.0029358146501,42.9843645930276,42.9626952555585,42.9383665405939,42.912487804668,42.887142556421,42.8656493656269,42.8525991417789,42.8533898606888,42.8729668487309,42.9136976271653,42.9728800376794,43.0411554931279,43.1034706930903,43.1433907789818,43.1494333535083,43.1200981249465,43.0644715965788,42.9980405503141,42.9364056750904,42.8903807799824,42.86429357368,42.857067604359,42.8645403401225,42.8816465240585,42.9038269146296,42.9276377384725,42.9508144863756,42.9720670420319,42.9907995078959,43.0068553563167,43.0203237822949,43.0314086093382,43.040347341893,43.0473653413463,43.0526522030566,43.0563508098397,43.058552744979,43.0592962884047,43.0585650655515,43.0562867137031,43.0523318820523,43.0465147298947,43.0385971049291,43.0283000654532,43.0153286238692,42.9994186370533,42.9804182855528,42.9584191570751,42.9339502122609,42.9082354938935,42.8834837837558,42.8631159394935,42.8517445926298,42.8546349780617,42.8763857899255,42.9188156675909,42.9786121585273,43.0460147064166,43.1060570607953,43.1429644621057,43.1462387403055,43.1152138616186,43.0592761459565,42.9936352396103,42.9333078682015,42.8885582773157,42.8633986720197,42.8566847164669,42.8643405952233,42.8814374916957,42.9035349130083,42.9272649797521,42.9503980341555,42.9716502768661,42.9904166949223,43.0065257978667,43.0200514966428,43.0311844058444,43.0401513712978,43.047169195048,43.0524202980519,43.0560411608504,43.0581173709227,43.058681509637,43.0577118975828,43.0551315203514,43.0508074740561,43.0445522277794,43.0361291513029,43.0252663657732,43.011685261136,42.9951530048123,42.9755715262118,42.9531171511313,42.9284415963936,42.9029298147892,42.8789739503866,42.8601576202514,42.8511564797134,42.8570901465864,42.8821028474712,42.9272373521998,42.9882510483496,43.0546695935432,43.1114653542841,43.1436670083465,43.1421952791001,43.1077804087854,43.0505551319603,42.9856101962025,42.9272374506743,42.8848356811076,42.8617692202869,42.8565845082635,42.8651738385883,42.882727001638,42.9049638414549,42.9286563980847,42.9516726618807,42.9727856954091,42.9914170773586,43.0074029468578,43.0208146336617,43.0318355750502,43.040683904093,43.0475675369748,43.0526602461874,43.0560900880174,43.0579343339765,43.0582173072794,43.0569092243139,43.0539254228729,43.0491264157023,43.0423202579887,43.0332699982551,43.0217107298705,43.007383137073,42.990093341949,42.9698115890406,42.9468228705411,42.921936878273,42.896745740355,42.8738770315196,42.8571211495504,42.8512278110488,42.8611158042379,42.8903250263707,42.9388792563931,43.0013263927434,43.0662768658544,43.1186427377748,43.1445126853864,43.1366619549666,43.0976537636742,43.0386296105559,42.9745753571038,42.9188718575885,42.8797815745814,42.8597743207574,42.8569246447003,42.8670226693459,42.8853764596064,42.9079048872968,42.9315719448621,42.9543926953178,42.9752365961211,42.9935798799439,43.0092842550405,43.0224286740004,43.0331942614234,43.0417919259723,43.0484202293305,43.0532427912775,43.0563772332158,43.0578902502712,43.0577954956767,43.0560525613635,43.052566586512,43.0471891120337,43.0397219364388,43.0299271413702,43.0175483475827,43.0023507255643,42.9841900809427,42.9631234764167,42.939572926959,42.9145450539696,42.889885951545,42.8685038380688,42.8544204016839,42.8524343590346,42.8671582746031,42.9013289204108,42.9536905788162,43.0173509360493,43.0799300057552,43.1264459895252,43.1444242799553,43.1289269853869,43.0846518902579,43.0238187643454,42.9611728093721,42.9089483841275,42.8740422472752,42.8578669888081,42.8579423019842,42.869937533687,42.8893003199874,42.9121878355438,42.9357982096505,42.9583304448525,42.978778775956,42.996693861979,43.0119754717614,43.0247171636862,43.0351009026609,43.0433310567037,43.049596041801,43.0540477218898,43.0567912688255,43.0578805912898,43.0573163780307,43.0550453010379,43.0509601376988,43.0449016889121,43.0366646008433,43.0260107504237,43.0126958928562,42.9965177908274,42.9773966186962,42.955499724717,42.931419892668,42.9064038010753,42.8825979817037,42.8632265692944,42.8525415245724,42.8553210383431,42.8757082509593,42.9153880389569,42.9715587521528,43.0357296520559,43.0946067534218,43.1336550848538,43.1423159404819,43.1183331796863,43.0686787042956,43.0065235842579,42.9461024631898,42.8982374005458,42.8682821141894,42.8565138146027,42.8598896210658,42.873986593583,42.8944323490992,42.9176616894469,42.9411397358783,42.9632744906077,42.9832027513751,43.0005613363434,43.0152951270438,43.0275159263904,43.0374078216987,43.0451683845953,43.0509746862062,43.0549650957334,43.0572303127907,43.0578093094925,43.0566876423702,43.053797000705,43.0490160457661,43.0421737568414,43.0330578373175,43.0214324356355,43.0070716098307,42.9898174798857,42.9696741816056,42.9469487775962,42.9224446094783,42.8976953052234,42.8751914723985,42.8584928119703,42.8520459638593,42.8604843312161,42.8872548752784,42.9326989313763,42.9922218712525,43.0556861780877,43.109140146841,43.1390054251675,43.1371775993202,43.1043836916659,43.0498150626676,42.9872787901558,42.9301293380162,42.8875143863729,42.8631363062974,42.8561429771234,42.862987309111,42.8792198261579,42.9007010887296,42.9241799959675,42.9474117510787,42.9690273206326,42.9883142271184,43.0049999541435,43.0190766455564,43.0306749363961,43.0399805761079,43.0471831840869,43.0524468833481,43.0558946722462,43.0576007532418,43.0575870878707,43.0558220877186,43.0522206770091,43.0466461411982,43.0389153997761,43.0288108033208,43.0161034116338,43.0005949887668,42.9821883435643,42.9609971236041,42.9375043985824,42.9127700416918,42.8886636489175,42.8680559927766,42.8548376305198,42.8535677445421,42.8685451341258,42.9022293194193,42.9533022837181,43.0151891156968,43.0762134653542,43.1222235628665,43.1412485768926,43.1281671530103,43.0868301293147,43.0283757070005,42.9667701816214,42.9140686084572,42.8775264757757,42.8591714516864,42.8571077246362,42.8673950007838,42.8856473928549,42.9080155944489,42.9315925067653,42.9544361036227,42.9754040336233,42.9939343454858,43.0098436085706,43.0231693121126,43.0340589929353,43.0426981616306,43.0492665803006,43.053913482507,43.0567445092141,43.0578153547695,43.0571289957508,43.0546348864866,43.0502297694653,43.0437609414452,43.0350341263125,43.0238297100892,43.0099330999142,42.9931872862734,42.9735777619135,42.9513603108147,42.9272378184677,42.9025781260211,42.879634493742,42.8616787889275,42.8528911583782,42.8578003956188,42.8801064397664,42.9209337009492,42.9769990711535,43.0396746737698,43.0960572610028,43.1324565052925,43.1392425501337,43.1147063332735,43.0657381014225,43.004930169469,42.9458188091249,42.8987510109335,42.8689550135115,42.8568541724123,42.8596633683763,42.8731959537519,42.8932301894311,42.9162600637144,42.9397424989933,42.9620402630074,42.9822322849135,42.9999000483821,43.0149428397951,43.0274384707652,43.0375475631198,43.0454524219955,43.0513204988125,43.0552839543484,43.0574290180159,43.0577909049736,43.0563517683016,43.0530405643062,43.0477349373826,43.0402664656185,43.0304320313607,43.0180158400747,43.0028287373136,42.9847737040948,42.9639478545616,42.9407898804524,42.9162739113459,42.8921305084416,42.8710369050206,42.8566605436071,42.8533775930933,42.8654678249661,42.8956906990913,42.9434540195227,43.0032667742863,43.0645553378893,43.1137420966197,43.138433618848,43.1320648676156,43.0965690894042,43.0415221072927,42.9802867714374,42.9253369536582,42.8849751687866,42.8623786571769,42.8565285589323,42.8639564159451,42.8803934092109,42.9018797691659,42.9252950612584,42.9484681810388,42.9700584590831,42.9893530280893,43.0060644034453,43.0201647527607,43.031765039542,43.0410338948825,43.0481467611868,43.0532559811284,43.0564743175077,43.0578665149087,43.0574454146508,43.0551707015321,43.0509496773603,43.0446406797042,43.0360610732594,43.02500330158,43.0112643976994,42.9946965262936,42.9752880562689,42.953284998938,42.9293586648108,42.9048125230343,42.8817935157171,42.8634260604529,42.8537255453859,42.8570996843522,42.8772725623355,42.9156531024271,42.9695600957813,43.03118646515,43.0883658026669,43.1276482153548,43.1388732514901,43.1191345096121,43.0739474146026,43.0149422691157,42.9554420022035,42.9062640820886,42.8734553356747,42.8582423372913,42.8584040489681,42.8700244483262,42.8889159006849,42.9114647733309,42.9349629626768,42.957606493077,42.97833390841,42.9966214852201,43.0122966462952,43.0253923824772,43.0360443617838,43.0444234472498,43.050694198629,43.0549908836492,43.0574044884322,43.0579762302989,43.056694811271,43.0534960912509,43.048265124292,43.0408417558621,43.0310323950784,43.018632289016,43.0034646549504,42.985445104282,42.9646810584349,42.9416143844509,42.9172077415779,42.8931558849114,42.8720668782779,42.8575039293185,42.8537203866708,42.8649007957045,42.8938146275745,42.9400701448068,42.9986016294566,43.0593976625197,43.1093473445278,43.1361431247264,43.1327737832526,43.1003230435254,43.0474793136289,42.9870592496624,42.9315018183182,42.8894931971091,42.8647731980488,42.8568365218933,42.8625542875217,42.8778049421272,42.8986288139291,42.9218212477201,42.9450955295647,42.9669978550124,42.9867212403474,43.003907873949,43.0184817382894,43.0305234601855,43.0401844177837,43.0476316781177,43.053014792989,43.0564469565173,43.0579950177137,43.0576747103559,43.0554490430682,43.0512291372748,43.0448780513504,43.0362194536981,43.0250545591708,43.0111926033357,42.9945021872449,42.9749925493388,42.9529338727316,42.9290214636862,42.9045756996415,42.8817425254722,42.8636142131069,42.8541324575473,42.857592354265,42.8775948540029,42.9154757871848,42.9686086042148,43.0294174620128,43.0861029573253,43.1255633243665,43.137762723212,43.1195770339794,43.076032329578,43.0182272844324,42.9591497299877,42.9095854681796,42.8757987605049,42.8593409852141,42.8582893906684,42.8689262840411,42.8871507818672,42.9093496285122,42.9327646251346,42.9555219729657,42.9764907816086,42.9950884914189,43.0110975737201,43.0245193165668,43.0354685600573,43.0441034152959,43.0505812061803,43.0550324263271,43.0575462595174,43.0581631363757,43.0568715111512,43.0536074917866,43.0482572436905,43.0406633674573,43.0306378829154,43.017986153479,43.0025480443408,42.9842645142856,42.9632787794482,42.9400791937696,42.9156825890672,42.8918370251521,42.8711868246884,42.8572906154713,42.85433005497,42.8663352877141,42.8958539617498,42.9422685204335,43.0003892190263,43.0602840611324,43.1091463412882,43.135087246124,43.1314248418888,43.0993105303531,43.0472176281321,42.9876028587239,42.932591509447,42.8907251010412,42.8657763737542,42.8573806577014,42.8625723445996,42.87735799964,42.8978499361512,42.9208645454008,42.9441016308276,42.9660763293208,42.9859456475207,43.0033182751058,43.0180905440235,43.0303219633444,43.0401486022748,43.0477267402019,43.0531983071652,43.0566708741867,43.0582068037055,43.0578179722387,43.0554640374058,43.0510535741332,43.0444486797403,43.0354750012352,43.0239407069636,43.009669759139,42.992556780019,42.9726522279139,42.9502860673799,42.9262328975732,42.9019073165856,42.8795500786685,42.8623207395843,42.8541583526728,42.8592372002138,42.8808877361862,42.9200459049,42.9736583060291,43.0338719219924,43.0889368694612,43.1261850238831,43.1362551443393,43.1166446903366,43.0726770013835,43.0153415109983,42.9572421112959,42.9087329235775,42.8757748662571,42.8598018363424,42.8589209819204,42.869517299625,42.8876017014133,42.9096467963872,42.9329446185814,42.9556408669564,42.9766034013125,42.9952371891622,43.0113079161685,43.0247998906143,43.0358127327965,43.0444916513445,43.050983181148,43.0554086198095,43.0578489956646,43.0583372188614,43.0568547226169,43.0533313353049,43.0476484247831,43.0396466683432,43.029141269037,43.0159491501112,42.9999345480484,42.9810810863073,42.9595987912393,42.9360714775105,42.9116399087771,42.8881943583592,42.8685127092546,42.8562294257351,42.8554751465785,42.8700313467328,42.9019677283977,42.950021904215,43.0083832492565,43.0668037957997,43.1127004423446,43.134961380746,43.1279548779298,43.0937107608103,43.0410626832231,42.9822552044904,42.9288465491362,42.8887643854373,42.8653412672193,42.8580136333763,42.8638114651222,42.8788427950203,42.8993501267099,42.9222629795687,42.9453600022158,42.9672012943943,42.9869628612715,43.0042555465417,43.018968444607,43.0311494983045,43.0409218377954,43.0484288732783,43.0538002422236,43.0571318244194,43.058474763339,43.0578301448935,43.0551474992259,43.0503266383906,43.0432236436882,43.0336632137352,43.0214611880295,43.006462869195,42.9886045208269,42.9680063449026,42.9451036823619,42.9208161841874,42.8967379866108,42.875301078442,42.8598184562751,42.8542645153773,42.8626309700107,42.8877669894417,42.9298339683527,42.9848718995866,43.0443163722302,43.0962824208253,43.1287547353624,43.1336581190979,43.1099041825494,43.063775813315,43.0064470680682,42.9500178788956,42.9040111192111,42.8736096304796,42.859742661599,42.8603190952837,42.8717499142927,42.8901852458965,42.9122626738844,42.9354158914608,42.957891426777,42.9786182144544,42.9970313588425,43.0129057709351,43.0262223745189,43.0370706125701,43.0455823163681,43.0518894022523,43.0560982267678,43.0582749204083,43.0584377265246,43.0565539510909,43.0525405319223,43.0462685488191,43.0375733515885,43.0262735012572,43.0122034406411,42.9952665744567,42.9755166785136,42.9532749704691,42.9292853347958,42.9048973521016,42.8822415299093,42.8643211798865,42.8548969112666,42.8580070737671,42.8770003314657,42.9131181201041,42.9639800829364,43.0226926308832,43.078439090719,43.1189878696316,43.1345401650904,43.1212879532,43.0828536758407,43.0288247568612,42.9712146538582,42.9206777925091,42.8840643298589,42.8638507414403,42.8590008973273,42.8664211519296,42.8823190662497,42.9031316471109,42.9259893395989,42.9488339109691,42.9703384535572,42.9897466243712,43.0067026051179,43.0211057502046,43.0330001454117,43.0424971532064,43.0497243631259,43.0547937097603,43.0577826079129,43.05872356923,43.0575993746736,43.0543423328351,43.0488374933243,43.0409310213367,43.030446395515,43.017212731111,43.0011112627561,42.982147423601,42.9605559969761,42.936943485189,42.9124618841633,42.8889873045268,42.8692422158034,42.8567544125392,42.8555065590057,42.8691377808378,42.8996726541676,42.9460150721556,43.00280236704,43.0604507561791,43.1070092508013,43.1316155784503,43.1282614371475,43.0980367271527,43.0486486708306,42.9915012732902,42.9378905378262,42.8960486029293,42.8699437630998,42.8596951175953,42.8628631953294,42.8758602848164,42.8950273483365,42.9172505285515,42.9401907851898,42.9622675800835,42.9825243744669,43.0004619614472,43.0158854194538,43.028782431522,43.0392349732356,43.0473593728198,43.0532678138744,43.0570448596742,43.0587339987461,43.0583308033302,43.0557807854393,43.0509814060737,43.0437890283478,43.0340330199099,43.0215407820793,43.0061791658241,42.9879192077226,42.9669315462851,42.9437175778038,42.9192735562351,42.8952675966457,42.8741794548361,42.8593108889145,42.8545328444831,42.8636273155797,42.8891599907549,42.9310339853325,42.9852063105852,43.0433340817161,43.0940579512394,43.1259963090112,43.131490931855,43.1093962097095,43.0654592750363,43.010101532861,42.9548054460337,42.9088409105723,42.8775168248288,42.8621239395395,42.8609856131615,42.8708484398934,42.8880651709691,42.9093492078376,42.9321187409489,42.9545535709226,42.9754965791892,42.9942977874101,43.0106582500526,43.0244996177806,43.0358660445763,43.0448556349247,43.0515752180973,43.0561120010682,43.0585167689313,43.0587948143055,43.0569022812599,43.05274700786,43.0461942951584,43.0370794209038,43.0252302354551,43.0105048061701,42.9928505638731,42.9723920558001,42.94955278638,42.9252102561124,42.9008686959844,42.8788076524549,42.862126175215,42.8545609614869,42.8599390171091,42.8811784259712,42.9189255138664,42.9702154189631,43.0278459722525,43.0812001595801,43.1187824610578,43.1318000471929,43.1172664265745,43.0790677959372,43.0264357524591,42.9706657817094,42.9217082749325,42.885990814778,42.8659112778194,42.8606040984345,42.86724856768,42.8823095640109,42.9024055221138,42.9247613160677,42.9473424872413,42.968800116061,42.9883324762518,43.0055308641347,43.0202435115473,43.0324693798696,43.0422817306764,43.0497763758675,43.0550383997333,43.0581218555675,43.0590383060317,43.0577515562312,43.0541773424703,43.0481880952082,43.0396242735519,43.028315249159,43.0141142947763,42.9969536999818,42.9769267957534,42.9544024615694,42.9301723146357,42.9056180626706,42.882863073773,42.8648371280965,42.8551434014926,42.8575940976535,42.8753173784878,42.9094826185939,42.9579578645949,43.01451431185,43.0693023290462,43.1109817754937,43.1300662371548,43.1221589905141,43.0895159857423,43.0401292144571,42.9848425817317,42.9339565715708,42.8947553475158,42.8706107384185,42.8614534765826,42.864953148222,42.8777695533558,42.8965028526566,42.9182414602855,42.9407720057719,42.9625717181498,42.9826932352164,43.0006172238426,43.0161141184441,43.0291319709528,43.0397133343949,43.0479375396298,43.0538826663033,43.0576017289444,43.0591087554413,43.0583718506775,43.0553117487769,43.0498057218603,43.0416980879506,43.0308200139703,43.0170228402946,43.0002305782646,42.980518014247,42.9582198573897,42.9340716001848,42.9093713156155,42.8861303304321,42.8671484092199,42.85591126551,42.8561838673429,42.8711990779805,42.9024639163522,42.9484450351795,43.0036834849119,43.059032064868,43.103457849685,43.1271325878158,43.1246715081389,43.0970137572564,43.0509936541502,42.9968546195232,42.9449716324085,42.9032129160991,42.8757409675684,42.8632099124041,42.8637921565237,42.8744000273276,42.8916839986707,42.9126555028802,42.9349650447561,42.956942262448,42.977507441049,42.9960351046506,43.0122171067597,43.0259470491489,43.0372320648484,43.046130015755,43.0527071512371,43.057010955766,43.05905380728,43.05880437998,43.0561851098968,43.0510754069908,43.0433216710251,43.0327566023697,43.0192317859247,43.0026688906803,42.9831355630014,42.9609511385141,42.9368228085407,42.9120021730246,42.8884322794403,42.8688251527762,42.8565743398456,42.8553831293727,42.8685102584624,42.8976437354878,42.9416309397131,42.9955643196288,43.0508761430138,43.0969021487752,43.1237385949007,43.1254007576862,43.1018652124797,43.0589877744944,43.0063678202267,42.9542472759843,42.9108193446888,42.880824558716,42.8655203196334,42.8635508188617,42.8721093574976,42.8879516480996,42.908069458968,42.9300242199829,42.9520308853889,42.972897247429,42.9919015513748,43.0086601765454,43.0230112749163,43.0349233325492,43.0444284856636,43.0515765599489,43.0564049429496,43.0589199985403,43.0590869080942,43.0568261585912,43.052016253232,43.0445035910221,43.034121879788,43.0207248900548,43.0042376406281,42.9847317291271,42.962529457421,42.9383369012734,42.9133956438558,42.8896239032542,42.8696893724537,42.8569230599153,42.8549617509394,42.8670272029333,42.8948517244702,42.9374613661759,42.9902798710373,43.0451648277518,43.0918217908936,43.1204690804358,43.1248670967995,43.1043935357987,43.0641657364251,43.013178274312,42.9613995215743,42.9171169304886,42.8854263679479,42.8680357805417,42.8639933101316,42.8707728154598,42.885273369857,42.9045182503653,42.9260277579308,42.9479394485408,42.9689738079838,42.9883275228868,43.005548408236,43.0204208317386,43.0328730845827,43.042908241248,43.0505554945579,43.0558376010248,43.0587503711022,43.0592511569225,43.0572545570998,43.0526348914533,43.0452363623713,43.0348932201661,43.0214636413006,43.0048822021859,42.985236265707,42.962870267989,42.9385171022184,42.9134452171626,42.8895913788155,42.869621904277,42.8568347854689,42.8547972100026,42.8666365190153,42.89400252864,42.9359097744434,42.9878997392159,43.04209235229,43.0885339905093,43.1177175559067,43.1234538699817,43.1048741104017,43.0666240664614,43.0171861715435,42.9661694264213,42.9217586048744,42.8891874762221,42.8704450249683,42.8648893648257,42.8702499953738,42.8835903945987,42.9020078058613,42.9230271864291,42.9447477842355,42.9658315090091,42.9854120159059,43.0029787576909,43.0182664736894,43.031163395363,43.0416411997192,43.0497047193927,43.0553576690401,43.0585806714042,43.0593187210277,43.0574764089756,43.0529205324429,43.0454910629849,43.0350228229425,43.0213815421539,43.0045189871484,42.98455200671,42.9618685656808,42.9372584734284,42.9120553924604,42.8882579441358,42.8685716478025,42.856286118868,42.8548895105727,42.8673521784996,42.8951144171924,42.9369962582482,42.9884562810493,43.0417248385173,43.0871589790046,43.1156598883608,43.1213640391588,43.103483881142,43.0664574882105,43.0183695722483,42.9684192424659,42.9245232746309,42.8918518182461,42.8725037513025,42.8660398453148,42.8704033153276,42.8828284334215,42.9005192589294,42.9210466640904,42.9425099245373,42.9635425369423,42.9832359779908,43.0010339211063,43.0166276340123,43.0298668898814,43.0406905724944,43.0490759285349,43.055003401844,43.0584337821711,43.0592951029946,43.057477822527,43.05283808192,43.0452101611809,43.0344305887291,43.0203775808735,43.0030302853151,42.9825520440109,42.9593994656738,42.9344528559825,42.9091515364691,42.885598443742,42.8665734719204,42.8553716738223,42.8553775508223,42.8693263976002,42.8983129542195,42.9407843837956,42.991936622872,43.0439894316882,43.0876064355282,43.114236394851,43.1185966539366,43.1002739086131,43.0637328790754,43.016766426983,42.9681270521394,42.9253234126786,42.8932832023225,42.8740557178563,42.8672969091133,42.8711139432079,42.8829079843546,42.9000137676555,42.9200833022679,42.9412511975203,42.9621519342055,42.9818562439712,42.999775766677,43.0155656919429,43.0290399722889,43.0401040349529,43.0487047491462,43.0547952643788,43.0583119761684,43.0591614505539,43.0572161572511,43.052319075437,43.04429852592,43.0329958504028,43.0183096202904,43.0002605283812,42.9790802731853,42.9553244117269,42.9300017227934,42.9046994303234,42.8816640951722,42.8637747618468,42.8543270737052,42.8565523114147,42.8728477857244,42.9038123937484,42.9473494029755,42.9982461067086,43.0486429760325,43.0895562506045,43.1131452029669,43.114947647553,43.0951708773755,43.0584876012379,43.0124702842123,42.9653832025302,42.9242054290592,42.8934707164587,42.875041995611,42.8685746739202,42.8722914330204,42.883751273075,42.9004360662605,42.920107416687,42.9409657201358,42.9616730242256,42.9812995308102,42.9992383824664,43.0151163762192,43.0287147259511,43.0399051427731,43.0486016218056,43.0547262041942,43.0581865448151,43.0588636003622,43.05660870153,43.0512504369123,43.0426130076155,43.030548861886,43.0149892309574,42.9960161767743,42.9739581014583,42.9495061265724,42.9238398299516,42.8987363442573,42.8766172416664,42.8604673295171,42.8535493588842,42.8588569614849,42.8783155041526,42.9118649593495,42.9567123273141,43.0071436708879,43.0552262177984,43.0924425097775,43.1118554264654,43.1100409735493,43.0880106503986,43.0507532432213,43.0056396672747,42.9603879034645,42.9213415118248,42.8925204103094,42.8754955922309,42.8698472799188,42.8738741006207,42.8852833212371,42.9017148579227,42.9210614189338,42.9416134769743,42.9620827134939,42.9815561653501,42.9994204628149,43.0152809969094,43.0288891052122,43.0400825365033,43.0487400439077,43.0547489838099,43.0579843568625,43.0582981608358,43.0555188183983,43.0494615470618,43.0399516734951,43.0268638481558,43.010180537737,42.9900724633636,42.9670008826623,42.9418355504977,42.9159715957181,42.8914129808928,42.8707715715697,42.8571155273463,42.8536013573118,42.8628581670898,42.8861751175309,42.9226694894603,42.9687404992841,43.018159387646,43.0630200750264,43.095457763146,43.1096521503333,43.1033942045964,43.0786009523568,43.0405980332789,42.9965139834554,42.9534445051273,42.9170094970714,42.8906312291426,42.8755200115751,42.8711329557929,42.8758186126056,42.8874255462709,42.9037585171922,42.9228559811778,42.9431158162858,42.9633156756541,42.9825726689697,43.0002762181116,43.0160157083911,43.0295146228363,43.0405761523636,43.0490414516331,43.0547599805035,43.0575709927715,43.0572956527474,43.0537401059314,43.0467108502524,43.0360447254957,43.021656468358,43.0036066073618,42.9821907788816,42.9580473401821,42.9322723212612,42.9065185532455,42.8830399128145,42.864625747636,42.8543631780438,42.8551796553202,42.8691697536607,42.8968045087462,42.9362398822988,42.9830286214209,43.0305181951086,43.07103049991,43.0975979837861,43.1057216992025,43.0945144145456,43.066800226799,43.0281720875919,42.9854222804477,42.9449394615444,42.9115565021193,42.8880542137529,42.8752522731681,42.872464777371,42.8780789428084,42.8900813419994,42.9064449700431,42.9253619786551,42.9453477003332,42.965255720644,42.9842415420866,43.001703225993,43.0172173163858,43.0304801651081,43.0412592342782,43.0493557714226,43.0545788250016,43.0567302989329,43.05560117192,43.0509797962552,43.0426740739016,43.030550001767,43.0145891934691,42.9949669429525,42.9721493893316,42.9470024152927,42.9208952767282,42.8957687222018,42.8741227120498,42.858868529085,42.8529941743501,42.8590232301733,42.8783149648407,42.9103513655565,42.9522521980494,42.998792406589,43.0431057300208,43.078030183228,43.0977605187401,43.0992716859407,43.0830054818097,43.0525882123619,43.0137328268937,42.9727685207243,42.9353001679313,42.9053437187408,42.8850361542273,42.8748130048976,42.8738504773784,42.8805759411445,42.8931135663868,42.9096045423441,42.9283962009013,42.9481242384129,42.967721683342,42.9863855770094,43.003524671345,43.0187032840365,43.0315898743442,43.0419144548411,43.0494364160615,43.0539232390893,43.0551404320597,43.0528534607457,43.0468431341007,43.0369365519975,43.0230559637771,43.0052872274465,42.9839673261794,42.9597857780591,42.9338870320864,42.9079499364498,42.8842074394573,42.8653588355155,42.8543256121913,42.8538206549386,42.865748537572,42.8905320572098,42.9265481239264,42.969912138913,43.0148202019585,43.0545106902915,43.082670095521,43.0948845773616,43.0896582637674,43.0686526347498,43.0360970965064,42.9976281045258,42.9589808805532,42.9249264300272,42.8986734178039,42.8817511323925,42.874247227925,42.875223794334,42.8831583307167,42.896313082712,42.9129935584696,42.9316976646706,42.9511777913444,42.9704439113679,42.9887328213331,43.0054623205227,43.0201826389752,43.0325322677436,43.0422018860732,43.0489081421193,43.0523782560423,43.05234639343,43.0485631590946,43.0408200636586,43.0289910633823,43.0130928193243,42.9933635815629,42.9703568806607,42.9450398472976,42.9188767528185,42.893867143272,42.8724976213676,42.8575626059621,42.8518205370857,42.8574863612365,42.8756215019696,42.9055582042435,42.9445566218561,42.9878970534044,43.0295206447373,43.0631531348155,43.0836402287743,43.0880931305841,43.076473691057,43.0514443036518,43.0175766986653,42.9802239945976,42.9444219150409,42.9140978352089,42.8917022547429,42.8782235997221,42.8734579229797,42.8763875401438,42.8855534904407,42.8993552004623,42.9162544261554,42.9348895604398,42.9541203368114,42.9730259946909,42.9908770172185,43.0070954126154,43.0212134565801,43.0328368659699,43.0416157708992,43.0472254400023,43.0493581933458,43.04772798172,43.0420893908236,43.0322729908859,43.0182385758692,43.0001463999541,42.9784434149928,42.9539561675357,42.9279741844579,42.9022979753678,42.8792163962847,42.8613734645955,42.8514913887863,42.8519417047023,42.8642035797399,42.8883115743058,42.9224538892913,42.9629029413326,43.0044101408352,43.0410672347138,43.0674628371007,43.0798205548092,43.0767739545239,43.0595450702091,43.0315024815633,42.9972834194477,42.9617787933702,42.9292658126321,42.9028629360119,42.8843441220741,42.8742431185991,42.8721298672039,42.8769439650042,42.8873023431263,42.9017375698786,42.918855351557,42.9374198296919,42.9563841487719,42.9748850057254,42.9922171248848,43.0077995094723,43.0211414602358,43.0318134049096,43.0394256856375,43.0436174638422,43.0440575642088,43.0404590857078,43.0326096154972,43.0204184919725,43.0039813000789,42.9836591078085,42.960165367259,42.9346466806633,42.9087352365541,42.8845423767064,42.8645579627197,42.8514242750929,42.8475720308729,42.8547433316139,42.8734785984241,42.9026973084922,42.9395300790864,42.9795343581324,43.0173342382463,43.047585096696,43.0660290842171,43.0703445652857,43.0605429172527,43.0388156230489,43.0089169737345,42.975301974219,42.9422755627804,42.9133516688654,42.8909132176334,42.876159907347,42.869264153647,42.8696349271049,42.8762027478086,42.8876686305361,42.9026901547323,42.9200007831512,42.9384719489249,42.9571328002043,42.975162640666,42.9918686552249,43.0066583160978,43.0190129728168,43.0284669802464,43.0345953711635,43.0370123896432,43.0353829192509,43.0294486528568,43.019070385915,43.0042866355719,42.9853864142813,42.962989982178,42.9381255700309,42.9122827822132,42.8874160593028,42.8658670395602,42.8501772070791,42.8427767431716,42.8455652527335,42.8594431219454,42.8838982285309,42.9167820697039,42.9543990976571,42.9919688801398,43.0244109916855,43.0472837465017,43.0576327115841,43.0545150464427,43.0390648496639,43.0141122825187,42.9835016281074,42.9513190582192,42.9212253604386,42.8960154713243,42.8774364064081,42.8662234447284,42.8622777772828,42.8649053361852,42.8730540054107,42.8855113149022,42.9010473835177,42.9185038156533,42.9368379626937,42.9551350197077,42.9725999918111,42.9885394912554,43.0023408787787,43.01345413261,43.021380282856,43.0256692839857,43.0259296499671,43.0218517828203,43.0132463501588,43.0000979141354,42.9826318546833,42.961389083597,42.9372979467759,42.9117263827876,42.8864910161627,42.8637957474368,42.846074072504,42.8357208384254,42.8347232276336,42.8442363672914,42.864188399598,42.8930281523879,42.9277271416345,42.9641031320555,42.9974475389445,43.023338177041,43.0384426499148,43.041103468437,43.0315564667864,43.0117470881572,42.9848278848523,42.95449859116,42.924364182299,42.8974439261843,42.8758937498596,42.8609363881462,42.8529489843238,42.8516412476487,42.8562629182702,42.8657967136776,42.8791127533625,42.8950768726649,42.9126160576366,42.9307497355905,42.9485972564207,42.9653712001874,42.9803644453646,42.9929370794885,43.0025076725472,43.0085523039197,43.0106139741741,43.0083244490753,43.0014398881516,42.9898904526586,42.9738420887427,42.9537655109665,42.9305029322604,42.9053175823023,42.8799055170108,42.8563455877809,42.8369645993968,42.8241039362989,42.8197936454869,42.8253694936993,42.8411021065595,42.8659333753405,42.8974189859053,42.9319453364932,42.9652238142471,42.9929818009034,43.0116982928215,43.0192044219496,43.0150016949145,43.0002334927026,42.9773457447611,42.9495519909701,42.9202504224117,42.8925230827508,42.8687971211463,42.8506894925475,42.839010031909,42.8338728457373,42.8348616188584,42.8412039393517,42.8519251281425,42.8659672026117,42.882270213928,42.8998203949985,42.9176729251122,42.9349578259842,42.9508767215147,42.9646968178976,42.9757470533068,42.9834201932905,42.9871837516275,42.9866018806261,42.9813695726904,42.9713593458284,42.9566787198148,42.9377339427239,42.915291488293,42.8905240646539,42.8650230982449,42.8407565061013,42.8199514305201,42.8048891880016,42.7976159527727,42.7995972794839,42.8113730883023,42.8322931786766,42.8604197818331,42.8926629232705,42.9251643816837,42.9538775894436,42.9752265780237,42.9866931235921,42.9871944037642,42.9771714734512,42.9583901719983,42.9335301465215,42.9056796384989,42.8778546873308,42.8526295882635,42.8319187305347,42.8169063637464,42.8080917304617,42.8054052571536,42.8083537608986,42.816162913207,42.8278978524161,42.8425540522508,42.8591185980769,42.8766067009151,42.8940802430024,42.9106553179249,42.9255049449826,42.9378620139605,42.9470264105119,42.9523793200711,42.9534068736068,42.9497344196067,42.9411715377379,42.9277661703946,42.9098636970414,42.8881633231143,42.863760022515,42.8381561801711,42.8132243889419,42.7911035376446,42.7740166082676,42.764012117659,42.7626516771977,42.7706903350845,42.7878171525359,42.8125312964637,42.8422151855982,42.873428084312,42.9023879479039,42.9255530363566,42.940178843852,42.9447260885072,42.9390341520578,42.9242380430263,42.9024725428755,42.8764525853747,42.8490324298741,42.8228297057643,42.7999657953812,42.7819360802813,42.7695937616609,42.7632144952353,42.7626054234475,42.7672274510816,42.7763090970165,42.7889401679942,42.8041415894246,42.8209131702012,42.8382640116454,42.8552313007001,42.8708930608224,42.8843796697471,42.8948879998641,42.9017011040995,42.9042154955375,42.9019771559155,42.8947262673474,42.8824490616124,42.8654329185769,42.8443178463663,42.8201339340616,42.7943108941789,42.768643546094,42.7451976684736,42.7261458997562,42.7135346491686,42.7090001861677,42.7134725989586,42.7269245982938,42.7482305249794,42.7751921531155,42.8047588692493,42.8334248729199,42.8577374936052,42.8748152641628,42.8827662437103,42.8809210151118,42.8698431715537,42.851136026938,42.8271090989317,42.8003891514893,42.7735560300457,42.7488600874862,42.7280469992317,42.7122876864419,42.7021922461819,42.6978787668981,42.6990687171981,42.7051867200266,42.7154505396818,42.728944575644,42.7446758146627,42.7616147354892,42.778725367087,42.7949890935366,42.8094264105974,42.8211200890506,42.8292423473314,42.8330877799177,42.8321128922529,42.8259820221865,42.8146179957542,42.7982539013864,42.7774798093338,42.7532752756763,42.7270155663409,42.700437665943,42.6755526533357,42.6544954414038,42.6393123244485,42.6317012156714,42.6327368715509,42.6426294028662,42.6605727955987,42.6847349406191,42.7124186904476,42.7403872498248,42.7653057422221,42.7842172531625,42.7949583980385,42.7964324537844,42.7886937140392,42.7728430263201,42.7507763106364,42.7248532249889,42.6975573710109,42.6712056405087,42.6477405474708,42.6286145946994,42.6147564594942,42.6065979343255,42.6041377436822,42.6070212683924,42.6146210200918,42.6261090537384,42.6405178862661,42.6567902603048,42.6738202311562,42.6904888835442,42.7056979354409,42.7184039559391,42.7276551955481,42.7326322452171,42.732692919432,42.7274208111353,42.7166757456179,42.7006427237023,42.6798738342892,42.6553151638319,42.6283083599574,42.6005550053145,42.5740324459187,42.5508534452917,42.5330699499035,42.5224333720262,42.5201385634384,42.5265925982713,42.5412576319575,42.5626143790673,42.5882761779336,42.6152544838322,42.6403414447889,42.6605442851273,42.6734900988062,42.6777246735686,42.6728542074818,42.6595161580506,42.6392030618991,42.6139900878767,42.5862274218545,42.5582527062995,42.5321619116118,42.5096563432104,42.4919651864838,42.4798306719459,42.4735374191552,42.4729675836246,42.4776669648314,42.4869121286593,42.4997732931453,42.5151713576696,42.5319297560338,42.5488229112541,42.5646232815493,42.5781486620915,42.5883108296112,42.5941659598961,42.5949665648048,42.5902139359142,42.5797091307671,42.5635992696834,42.5424142668975,42.5170871959554,42.4889496281184,42.4596921293428,42.4312805799491,42.4058221277075,42.3853812022516,42.371756172012,42.3662397182628,42.3693980915083,42.3809120869387,42.3995215831514,42.4231030580069,42.4488860969676,42.4737851737818,42.4947949452353,42.5093798340385,42.5157880123172,42.5132368748583,42.5019465564278,42.4830308814286,42.4582818736999,42.4298982495152,42.4002086823553,42.3714300042004,42.3454842716606,42.3238822387663,42.3076680955083,42.2974129834084,42.2932425056686,42.294884799595,42.3017290030787,42.3128876450635,42.3272596541099,42.3435928686597,42.3605461107071,42.3767512520382,42.3908755470458,42.4016840956264,42.408101817613,42.409273842927,42.4046227242512,42.3939002655064,42.3772309129612,42.3551425069753,42.3285787995554,42.2988867712344,42.2677709524793,42.2372074301792,42.2093128625249,42.1861693231689,42.1696142533719,42.1610153154176,42.1610603503845,42.1695997052612,42.1855783607027,42.2070860245313,42.2315345733943,42.2559471706089,42.2773182773497,42.2929859929571,42.3009535701571,42.3001074685589,42.2903019665868,42.2723083781991,42.2476523592137,42.2183793877878,42.186793601342,42.15520991764,42.1257475198046,42.1001788880164,42.0798363611956,42.0655698244345,42.057744982953,42.0562710492197,42.0606482408508,42.0700279690811,42.0832810221965,42.0990708751848,42.1159303257076,42.1323400649618,42.1468077619789,42.1579460076101,42.16454720749,42.1656533150153,42.1606181412022,42.1491597781054,42.1314003055725,42.1078893289087,42.0796070348908,42.047941549683,42.0146348506512,41.9816919492481,41.9512502486405,41.9254104861136,41.9060376397106,41.8945489468321,41.8917150573266,41.897506709785,41.9110202152588,41.9305081681544,41.9535267365418,41.9771898251949,41.998498125341,42.0146936580978,42.0235832310151,42.0237797922518,42.0148276049369,41.9972006262201,41.972186954705,41.9416898791565,41.9079845981951,41.8734689006056,41.8404383548116,41.8109054231594,41.7864707979907,41.7682464782091,41.7568246272007,41.7522838926023,41.7542247737674,41.7618267547491,41.7739213950689,41.7890768202671,41.8056898416891,41.8220822752958,41.8365980801323,41.8476978945048,41.8540475687301,41.8545974507688,41.8486494533386,41.8359092186618,41.8165208633377,41.7910817158979,41.7606341276626,41.7266309720529,41.690871173538,41.6554020387727,41.6223869149999,41.593940307286,41.571938226193,41.5578187439945,41.5523952002928,41.555710116239,41.5669591826039,41.5845096356199,41.6060252589644,41.628692593704,41.6495233276502,41.6656912557357,41.674853425745,41.6754069359761,41.6666450822837,41.6487958506541,41.6229469369512,41.5908793228973,41.5548423408209,41.5173059870572,41.4807221862597,41.4473183890923,41.4189372302245,41.3969273108614,41.3820837949245,41.3746337001451,41.3742590958742,41.380151142798,41.3910882906094,41.4055324562448,41.4217373691863,41.4378634503643,41.4520936885006,41.4627451419864,41.4683710470499,41.4678490998798,41.4604522561034,41.4458992321986,41.4243826360875,41.3965731490049,41.3635983576391,41.3269947647594,41.2886314385772,41.2506041226086,41.2150999509089,41.1842356839883,41.1598768143927,41.1434506865016,41.1357729361696,41.1369114048118,41.1461131680939,41.1618166293683,41.1817609674672,41.2031904719453,41.2231341680866,41.2387256706394,41.2475185957036,41.2477520070152,41.2385288033309,41.2198855649546,41.1927511556641,41.1588087776458,41.1202885763785,41.0797235271225,41.0397004653702,41.0026325049652,40.9705710978438,40.945067809706,40.9270889906386,40.9169815430254,40.9144848817252,40.9187825032438,40.9285857890503,40.9422423195333,40.9578608136031,40.9734447631899,40.9870269551582,40.9967974649395,41.0012184414672,40.999120085276,40.9897735655405,40.9729380653035,40.9488804852894,40.9183673878762,40.8826294120276,40.8432986578284,40.8023196161436,40.7618344644994,40.7240444357818,40.6910509479532,40.6646835134319,40.6463259635372,40.6367574875466,40.6360290688595,40.6433974043091,40.6573357224233,40.6756332148921,40.6955825173516,40.7142398266474,40.728728068624,40.7365436540103,40.7358246131944,40.7255433220796,40.7055994483773,40.6768051480351,40.6407710774247,40.5997149906055,40.5562224184827,40.5129907226774,40.4725846754607,40.4372254545318,40.4086274926163,40.3878905140719,40.37544820918,40.3710706174157,40.3739142731548,40.3826121879711,40.3953944853742,40.4102297583728,40.4249769101296,40.4375373800436,40.4459983002935,40.4487582897063,40.4446292193565,40.4329092382117,40.413424416187,40.3865383000736,40.3531302567367,40.3145445463703,40.2725126061966,40.2290511779305,40.1863389933417,40.1465751710771,40.1118237132812,40.0838508102024,40.0639650193208,40.0528742566513,40.0505768820759,40.0563055774426,40.0685408100459,40.0851045698109,40.1033349149646,40.1203290998257,40.1332302682018,40.1395229671265,40.1372987394716,40.1254561418557,40.1038092362728,40.0730927468935,40.0348674775976,39.99134305102,39.9451442242729,39.8990509800705,39.8557416372066,39.8175636463483,39.7863501653382,39.763293427378,39.7488793720451,39.7428825450327,39.7444160251479,39.7520280111009,39.7638345300608,39.777676382878,39.791287855209,39.8024648894938,39.8092213263002,39.8099234398975,39.803395192465,39.7889892113679,39.7666211857096,39.7367678864656,39.7004310703049,39.65907094651,39.614513619589,39.5688370830861,39.5242402136286,39.4828992010935,39.4468163824979,39.4176678458395,39.3966584881831,39.384396097863,39.3807986813077,39.3850505216104,39.3956211237253,39.4103564082323,39.4266431901524,39.4416371183662,39.4525328752076,39.456846150604,39.4526721658149,39.4388868451584,39.4152641651365,39.3824952655736,39.342109023966,39.2963071041521,39.2477366176211,39.1992291364111,39.1535357007214,39.1130844524632,39.0797818980451,39.0548719335262,39.0388597818133,39.031501641782,39.031855517402,39.0383845105433,39.04910082332,39.0617367869086,39.0739283821251,39.0833969150539,39.0881157061815,39.0864507321985,39.0772669332175,39.0599950911064,39.0346574666479,39.0018534101688,38.9627086274701,38.9187934797227,38.8720165519666,38.8244998371508,38.7784415144093,38.7359718403251,38.6990075513438,38.6691107460874,38.6473596103167,38.6342403547967,38.6295717510493,38.6324747350064,38.6413986505181,38.6542119939955,38.6683587706994,38.6810724325084,38.6896293933525,38.6916154809971,38.6851735914399,38.6692008396856,38.643469059433,38.608652667318,38.5662606640761,38.5184823861372,38.4679672304557,38.4175653809795,38.3700589905782,38.3279116632125,38.2930594059971,38.2667596958595,38.2495080791987,38.2410246912638,38.2403068392417,38.2457386772005,38.2552451770867,38.2664751350888,38.276996858491,38.2844904183218,38.286921828891,38.2826870472861,38.270717006462,38.2505386600672,38.2222908346129,38.1866971637881,38.145001183435,38.098870563781,38.0502783668736,38.0013692316858,37.9543177621477,37.9111855059185,37.8737821971811,37.8435367729339,37.8213842570394,37.8076758446711,37.802120965081,37.8037709931251,37.8110537104938,37.8218648029337,37.8337172868997,37.8439421680543,37.8499250175498,37.8493552914345,37.8404600670763,37.8221929853772,37.7943532266028,37.7576178217678,37.7134819822384,37.6641142725499,37.6121441727242,37.5604071858989,37.5116762648383,37.4684079341844,37.4325277282827,37.4052734808332,37.3871077106059,37.3777028378747,37.3759960013959,37.3803043493544,37.3884871744702,37.3981383288565,37.4067910494854,37.412117611484,37.412107964763,37.4052144572185,37.3904535654062,37.3674598268575,37.3364914474584,37.2983909090688,37.2545069644999,37.2065864373448,37.1566451579345,37.106827252119,37.0592611098727,37.0159190760748,36.9784866639589,36.9482462911516,36.9259804269866,36.9118996135988,36.9056017659972,36.9060698583497,36.9117147841501,36.9204681066858,36.9299251914916,36.9375330068685,36.9408095502953,36.937574848919,36.926168489376,36.9056271412407,36.8757983604157,36.8373739432557,36.7918361342402,36.7413212756288,36.6884160235152,36.6359093176114,36.5865277925106,36.5426829351094,36.5062553944155,36.4784362743715,36.45963803641,36.44947984559,36.4468447022703,36.4499991912814,36.4567616213284,36.4647009984743,36.4713477941008,36.474397796603,36.4718923052649,36.462361234441,36.4449199398671,36.4193152790672,36.3859210737667,36.345687285178,36.3000504606731,36.2508151136255,36.2000165732623,36.149775581088,36.102153771149,36.0590175336288,36.0219160648129,35.9919780640815,35.9698308372575,35.9555455737327,35.9486130721629,35.9479547113852,35.9519733313875,35.9586472315603,35.965667269607,35.9706120701447,35.9711502277536,35.9652522595081,35.9513903799744,35.928702317105,35.8970972528314,35.8572876591427,35.8107395395769,35.7595439114771,35.7062224819408,35.6534886919277,35.603990408847,35.5600619835127,35.5235112692038,35.4954621728201,35.4762663246404,35.4654895610534,35.4619710889428,35.4639462463829,35.4692182862755,35.4753609650323,35.4799320875452,35.4806785199274,35.4757153356127,35.4636653611667,35.4437499730496,35.4158270339429,35.3803768020912,35.3384410007764,35.2915236011736,35.2414640001581,35.1902940868803,35.1400902868343,35.0928303087615,35.0502623784729,35.0137926657565,34.9843948187735,34.962544329794,34.9481799901367,34.9406948254855,34.9389592560887,34.9413792326369,34.9459911457445,34.9505929362785,34.9529069436838,34.950765012577,34.9423011242822,34.9261325531018,34.901508518479,34.8684064314379,34.8275604001464,34.780414181294,34.7290000748849,34.6757547870196,34.6232914230469,34.5741522390996,34.5305688485438,34.4942551564824,34.4662538381543,34.4468505249846,34.4355620349752,34.4311970051768,34.4319800512428,34.4357247898628,34.4400371771929,34.4425288633296,34.4410206339659,34.4337182943801,34.4193471647421,34.3972361907307,34.3673479531752,34.3302560050824,34.2870754543085,34.2393561404692,34.1889498755531,34.1378639559977,34.0881126145502,34.0415765259503,33.9998782915752,33.9642794438239,33.9356023570312,33.914178861713,33.8998264992607,33.8918531692929,33.8890911209991,33.8899613440545,33.8925688711424,33.8948278532428,33.8946123254665,33.8899245715039,33.8790685901007,33.8608123782023,33.8345206851225,33.800240463996,33.758724858145,33.7113879556277,33.6601908241378,33.6074681508001,33.5557126718169,33.5073401948159,33.4644605513834,33.4286789999844,33.4009487160944,33.3814887724434,33.3697743942675,33.36459830856,33.3641946495487,33.3664109107332,33.3689093833516,33.3693776668698,33.3657281956101,33.3562690801201,33.3398325047762,33.3158519132778,33.2843846431269,33.2460819339197,33.2021127965371,33.154051680142,33.1037419637999,33.0531479632433,33.0042074915089,32.9586953085669,32.9181054155526,32.8835575274734,32.8557306200796,32.8348245381765,32.8205494721837,32.8121426562611,32.808411697972,32.8078041163192,32.8085024485976,32.8085432383325,32.8059560922665,32.7989158875858,32.7858976085537,32.7658200139622,32.7381623533185,32.7030385192279,32.6612158287434,32.6140709924929,32.5634830896957,32.5116713877189,32.4609932823744,32.4137232329308,32.371836415382,32.3368205163422,32.3095357713854,32.2901376031914,32.2780689266844,32.272121378936,32.2705573880507,32.2712789493321,32.2720248245247,32.2705759415278,32.264949089831,32.2535613696751,32.2353518428964,32.2098518899788,32.1772012713081,32.1381121986263,32.0937883002564,32.0458087987057,31.9959902677313,31.9462389354738,31.8984057631602,31.8541547169804,31.8148521347725,31.7814822955969,31.7545916501345,31.734262014273,31.7201115881644,31.7113219823673,31.7066893580946,31.7046979898256,31.703614598084,31.7016012485689,31.6968431891329,31.6876856899421,31.6727710973028,31.6511645550141,31.6224550168991,31.5868180649623,31.5450291819294,31.4984205674653,31.4487808652711,31.3982043554482,31.3489030732551,31.303000753288,31.2623305330682,31.2282584802964,31.2015522330999,31.1823088230897,31.1699488871427,31.163276942641,31.1606001917622,31.1598922967025,31.158984369397,31.1557634093098,31.148358673541,31.1352987777502,31.1156262868763,31.088961593237,31.0555133574399,31.016038075244,30.9717558822994,30.9242331055844,30.8752440728507,30.8266252395265,30.7801338993174,30.7373218679863,30.6994319308088,30.6673219377229,30.6414186290253,30.6217009316938,30.6077108202302,30.5985889655421,30.5931321995915,30.5898700332235,30.587157696756,30.5832830245362,30.5765836721079,30.5655695501413,30.5490431868685,30.526208486087,30.496756724419,30.4609183470038,30.4194707065006,30.3736955087507,30.3252850782345,30.2762028992051,30.2285101944211,30.1841754749485,30.1448871036633,30.1118893933041,30.0858604960026,30.0668456757066,30.0542531876839,30.0469128343878,30.0431902919655,30.0411443818379,30.0387102681955,30.0338894937164,30.0249279254139,30.0104648949776,29.9896406788883,29.9621544106765,29.9282699130277,29.888772150614,29.8448814866324,29.7981362659918,29.7502562058727,29.7029995902085,29.658026447146,29.6167779867776,29.5803799400634,29.5495744714098,29.524682439784,29.5055953067552,29.4917941828342,29.482392473093,29.4761982734699,29.4717928664812,29.4676220370395,29.4620971014956,29.4537022026943,29.4411034252428,29.4232537282873,29.3994859411837,29.369584686093,29.3338277130338,29.2929882765672,29.24829308241,29.2013348233236,29.1539438375189,29.1080290868266,29.0654034749985,29.0276116158108,28.9957789103915,28.9704990018816,28.9517725706796,28.9390046098131,28.9310606149759,28.9263754647594,28.9231030211697,28.9192903356603,28.9130582294874,28.9027700653167,28.8871725939062,28.865496463176,28.8375087695399,28.8035152849688,28.7643150849133,28.7211146886162,28.6754120962125,28.6288630258045,28.5831421549081,28.5398113564084,28.5002050285934,28.4653399880455,28.435854409931,28.4119773519869,28.3935278310894,28.3799404907161,28.3703137340642,28.3634757827313,28.3580642880286,28.3526155862633,28.3456601091223,28.3358205237587,28.3219086968798,28.30301656758,28.2785947237599,28.2485113559135,28.2130838557422,28.1730761259551,28.1296569480325,28.0843184625526,28.0387585332686,27.9947357715968,27.9539104178451,27.9176872701514,27.8870778015683,27.8625972392486,27.8442088249486,27.8313222233254,27.8228468435937,27.8172945604501,27.8129208050779,27.8078889381662,27.8004406655657,27.7890551813147,27.7725816092157,27.7503328106782,27.7221332111282,27.6883183616617,27.6496888870461,27.6074257395248,27.5629768747799,27.5179273508107,27.4738653546749,27.4322558788132,27.3943319228942,27.3610105076107,27.3328378235862,27.3099648776753,27.2921523785298,27.2788015825233,27.2690065468189,27.2616227218406,27.2553469370164,27.2488043512838,27.2406385447905,27.2296013158645,27.2146387018046,27.1949692116054,27.1701493961914,27.1401210302928,27.1052337979336,27.0662379101486,27.0242428386595,26.9806413554237,26.9370020366078,26.8949377418715,26.8559615594779,26.8213445448747,26.7919906631797,26.7683433547538,26.7503351169197,26.7373868211274,26.7284578198364,26.7221420424746,26.7168000414047,26.710713010435,26.7022426260214,26.6899803527353,26.6728715341775,26.650302843537,26.6221460046694,26.5887555316719,26.5509229808921,26.5097943400816,26.4667602951354,26.4233309728045,26.3810072818383,26.3411602449195,26.3049279387031,26.2731371410247,26.2462538751994,26.2243641014923,26.2071831634212,26.1940905114932,26.1841848604776,26.1763543291247,26.1693561766174,26.1619012877071,26.1527392928262,26.1407408499812,26.1249739298014,26.1047708300152,26.0797821717198,26.0500135455268,26.0158401561116,25.9779951612807,25.9375287219511,25.8957371680588,25.8540649628171,25.8139858653682,25.7768732126551,25.7438718749983,25.7157855979218,25.6929927730131,25.6754011479056,25.6624478820521,25.6531462423661,25.6461748348486,25.6400003416934,25.6330209431483,25.6237154246693,25.6107826284788,25.5932573665889,25.5705918951866,25.5426961064566,25.5099341730078,25.4730799148808,25.4332371397257,25.3917342377217,25.3500041483626,25.3094613717096,25.2713870386842,25.236831375008,25.2065404728015,25.1809114547444,25.1599772222062,25.1434193396846,25.1306054825512,25.1206464344145,25.112466926686,25.1048846119461,25.0966919921446,25.0867369403409,25.0739982871693,25.0576535494859,25.0371361160231,25.0121790781027,24.9828425690357,24.9495212497481,24.9129287994547,24.874057236336,24.8341107454164,24.7944163413881,24.7563168107919,24.7210544367523,24.6896564039267,24.6628339603892,24.6409070100795,24.6237637293881,24.6108612483802,24.6012688775153,24.5937504360763,24.5868776489809,24.5791629624601,24.5691979619419,24.5557831058919,24.5380357171088,24.515465868253,24.4880135533499,24.4560448377196,24.4203089846069,24.3818623744009,24.3419679735951,24.3019809280513,24.2632314538602,24.2269156288748,24.1940031203005,24.1651685793762,24.1407507062699,24.1207401644581,24.1047949110292,24.0922793630974,24.0823223192323,24.0738877803126,24.0658527412569,24.0570865248201,24.0465270897999,24.0332507151626,24.0165322976653,23.9958940337389,23.9711404371478,23.9423775662282,23.9100142210888,23.8747430175394,23.8374999314984,23.7994023052778,23.7616673994311,23.7255161295777,23.6920692301316,23.6622452176662,23.6366706821318,23.6156132453498,23.5989458509232,23.5861480140338,23.5763456404756,23.5683865796959,23.5609448426721,23.5526429943118,23.5421800913442,23.5284519485791,23.5106515155593,23.4883395468737,23.461479189841,23.4304321192411,23.3959179113892,23.3589419961445,23.3207003749679,23.2824710948852,23.2455031158656,23.2109127361031,23.179596298019,23.1521657268647,23.1289108452591,23.1097896702301,23.0944453295427,23.0822460833671,23.0723433896922,23.0637421040472,23.0553767548336,23.0461882865974,23.0351965346939,23.0215647548684,23.0046535436149,22.9840622608069,22.9596565126917,22.9315804047194,22.9002522871345,22.8663428329257,22.8307347624492,22.7944645466395,22.7586480222066,22.7243938944023,22.6927112674361,22.6644191961277,22.640067344511,22.6198768096178,22.6037088469204,22.5910666772814,22.5811320556339,22.5728343126233,22.5649457108266,22.5561937483013,22.5453789515313,22.5314860087233,22.5137768721127,22.4918565639654,22.4657055406903,22.4356761729348,22.4024547111671,22.3669935739207,22.3304215482183,22.2939412765695,22.2587241058883,22.2258120065835,22.196034964864,22.1699502244836,22.1478072767945,22.1295398626589,22.1147837393593,22.1029168260626,22.0931167590334,22.0844299721311,22.0758461901779,22.0663726122183,22.0551029164208,22.0412773291808,22.0243311403177,22.003930015315,21.9799911299688,21.9526895150983,21.9224491464195,21.8899184356853,21.8559300992352,21.8214460888828,21.7874894502493,21.7550665538847,21.7250848938957,21.6982732173939,21.675111744596,21.6557803261143,21.6401313644401,21.6276922035839,21.6176986794734,21.60915801754,21.6009357627833,21.5918584457666,21.580821663493,21.5668924766085,21.5493955935864,21.5279746314122,21.502622543351,21.4736787014627,21.4417936749593,21.407866027925,21.3729581117319,21.338199595198,21.3046882310233,21.2733970981802,21.2450963958881,21.2202959904842,21.199212581741,21.1817628336647,21.1675813756953,21.1560604632575,21.1464064804581,21.1377074922446,21.1290057473525,21.1193693505108,21.107958137522,21.0940799145627,21.0772344485432,21.0571437149854,21.0337677745274,21.0073061997029,20.9781852563837,20.9470311986474,20.9146302536157,20.8818763376768,20.8497083685068,20.8190402069747,20.790687626924,20.7652979970444,20.74328923537,20.7248047528774,20.7096903321343,20.6974971489819,20.687512587084,20.6788174332184,20.6703649051783,20.6610742185565,20.6499294582096,20.6360736774829,20.6188885275272,20.5980512626892,20.5735634554827,20.5457488461014,20.515221045267,20.4828249033371,20.4495579051213,20.4164796953362,20.3846186468367,20.3548842342508,20.3279929571297,20.3044138405445,20.2843373550298,20.2676691977847,20.2540480196658,20.2428841003704,20.2334143552812,20.2247680288468,20.2160370457984,20.2063452292747,20.1949113540516,20.1811021204089,20.1644724089429,20.1447914062747,20.1220542113888,20.0964792502129,20.0684922430896,20.0386976784606,20.0078389032688,19.9767482188158,19.9462888994663,19.9172918654445,19.8904907531043,19.8664601358221,19.8455623843945,19.8279088417083,19.8133404162422,19.8014312970514,19.7915173469377,19.7827480865166,19.7741584027913,19.7647536141624,19.7535996848641,19.7399094946126,19.7231162783261,19.7029266361339,19.6793477004006,19.6526858386716,19.6235173053263,19.5926341557295,19.5609711722925,19.5295212712408,19.4992477155485,19.4710014174424,19.4454507394389,19.4230296457183,19.403908023157,19.3879857210859,19.3749095926786,19.3641107826762,19.3548578828775,19.3463205024101,19.3376373424538,19.327983019902,19.3166285736824,19.3029916704203,19.2866738191562,19.2674832107015,19.2454429405357,19.2207852362695,19.1939328549015,19.1654690928798,19.1360979858274,19.1065964194637,19.077760165213,19.0503463625607,19.0250156650842,19.002278013213,18.9824465806014,18.9656046234525,18.9515895442166,18.9399973640876,18.9302090219135,18.9214376628592,18.9127936459034,18.9033617438042,18.8922832856208,18.878835081957,18.8624970364356,18.8430013953,18.8203584868911,18.7948563029019,18.7670340496752,18.7376325050883,18.7075263378913,18.6776452333803,18.6488915679565,18.6220624349003,18.5977830915084,18.5764575010795,18.5582397672834,18.5430281217802,18.5304809567964,18.5200524087152,18.5110433812026,18.5026627844617,18.4940932395435,18.4845555656157,18.4733669776872,18.4599889534572,18.4440620137172,18.4254260114414,18.4041257604267,18.3804028181654,18.3546749018873,18.3275047749149,18.2995605799569,18.2715696504242,18.2442679378685,18.2183474478736,18.1944044931265,18.1728920718095,18.1540801030137,18.1380273999488,18.1245689529674,18.1133212150786,18.1037066313336,18.0949967556187,18.0863711910957,18.0769875807089,18.0660562798402,18.0529124324768,18.0370781136496,18.0183080341305,17.9966139347529,17.9722650188847,17.9457642965542,17.9178032261103,17.8891992400793,17.8608223890192,17.8335182716409,17.8080345762035,17.784957963859,17.7646667848663,17.7473033984094,17.7327678671733,17.7207327326842,17.7106766525415,17.7019330765291,17.693748995767,17.6853482060878,17.6759935111043,17.6650428143471,17.6519950141103,17.6365228702612,17.618491381088,17.5979615103529,17.5751801892579,17.5505582912374,17.5246387201798,17.4980569204556,17.4714961209693,17.4456395964401,17.4211222764258,17.3984842066465,17.3781286385225,17.3602877845655,17.3449993712996,17.3320968835741,17.3212157053163,17.3118161904537,17.303223121612,17.2946792148393,17.2854085609094,17.2746844380029,17.2618950381165,17.2466004939964,17.2285752373693,17.2078311035039,17.1846185527808,17.1594056592961,17.1328368344811,17.1056753310817,17.0787351742141,17.0528091278317,17.0285995491047,17.0066585193234,16.9873425537548,16.9707856286996,16.9568924036625,16.9453515588595,16.9356673096625,16.9272055767989,16.9192501261648,16.9110633401429,16.9019461830998,16.8912923570969,16.8786325303745,16.8636657298208,16.8462763531127,16.8265365993492,16.8046952799625,16.7811548417351,16.7564389638448,16.7311533056555,16.705941967078,16.6814420988393,16.6582389836404,16.6368238788394,16.6175569783508,16.6006379542198,16.5860865585503,16.5737355644867,16.5632377838318,16.5540879651658,16.5456590864642,16.5372510411897,16.5281481829891,16.5176808843879,16.5052854101181,16.4905561781977,16.4732849613236,16.4534827394836,16.4313816212308,16.4074162952547,16.3821866005604,16.356404753351,16.330832315457,16.3062129681495,16.2832074786245,16.2623369065484,16.2439391600116,16.2281425980919,16.214858655445,16.2037936177285,16.1944778912175,16.1863095563244,16.1786078145478,16.1706712328918,16.1618355104808,16.1515258342085,16.1392996916044,16.124877155713,16.1081569963626,16.0892183345614,16.0683087793287,16.0458209408394,16.0222598289642,15.9982039192754,15.9742626610579,15.9510330197948,15.9290574083251,15.908785162054,15.8905395988831,15.8744926538843,15.8606490132308,15.8488414781826,15.8387388576174,15.8298669487586,15.8216421247437,15.8134157922441,15.8045266731016,15.794356704904,15.7823855536572,15.7682384547469,15.7517224392817,15.7328469600552,15.7118264074148,15.6890638243266,15.6651170675525,15.6406504812878,15.6163766359308,15.5929936726778,15.5711241869052,15.5512613568745,15.5337272266785,15.518646788996,15.5059399304738,15.4953315695244,15.4863786079103,15.4785107987909,15.471081446278,15.4634231004029,15.4549031567648,15.4449745204973,15.4332172043067,15.4193678039794,15.4033350941116,15.385201349473,15.3652102599663,15.3437433313984,15.3212873603589,15.2983959121412,15.2756477525869,15.2536049760385,15.2327732463958,15.2135662346936,15.1962760660045,15.1810513956852,15.1678845762475,15.1566091656884,15.1469086684564,15.1383368172449,15.1303488767069,15.1223424283153,15.113704997122,15.1038648732793,15.0923407462588,15.0787854662257,15.063019475021,15.0450502282792,15.0250751939576,15.0034676189954,14.9807460107797,14.9575299684176,14.934486417328,14.9122712865499,14.8914721181227,14.8725569760771,14.8558343587515,14.8414276984198,14.8292665852976,14.8190952338831,14.8104970827376,14.8029329423776,14.7957889184935,14.7884295471611,14.7802512532942,14.77073140446,14.7594688491831,14.7462128214156,14.7308783375264,14.7135475571709,14.6944578648559,14.6739785103881,14.652578417744,14.6307881836576,14.6091593533103,14.5882238513117,14.5684560678071,14.5502396648445,14.5338407667322,14.5193888742886,14.5068665867041,14.4961089693436,14.4868130894366,14.4785577783628,14.4708330299919,14.4630776279357,14.4547226919417,14.4452379763527,14.4341770966004,14.4212175485974,14.4061915243035,14.3891041522129,14.370136864406,14.3496350000699,14.3280803332148,14.3060507676794,14.2841707871154,14.2630572231901,14.2432654030867,14.2252407092419,14.2092800439917,14.1955067088048,14.183860894459,14.1741064748336,14.165853255165,14.1585923961228,14.1517415540125,14.1446954550606,14.1368772324811,14.1277859298403,14.1170360964014,14.1043863049479,14.0897546021112,14.0732202150575,14.055012131131,14.0354862907185,14.0150939710889,13.994344423091,13.9737649459846,13.9538613986626,13.9350817417906,13.9177846978519,13.9022151083678,13.8884871283787,13.8765760466146,13.8663192254477,13.8574263541983,13.8494988318363,13.8420575906636,13.8345780346978,13.8265300428081,13.8174202746058,13.8068334451414,13.7944689336081,13.7801691641363,13.7639366927088,13.7459378358975,13.7264919008865,13.7060464848933,13.6851407367526,13.6643597399853,13.6442841321273,13.6254396082723,13.6082510107506,13.5930052816857,13.579826703273,13.5686666670779,13.5593088236148,13.5513890082579,13.5444279624126,13.5378737020098,13.5311495388071,13.523703312636,13.5150533850785,13.5048273734515,13.4927904182467,13.4788608832891,13.4631126572232,13.4457645096381,13.4271581079251,13.4077271967117,13.387960997247,13.3683650718282,13.3494227494727,13.3315598040664,13.3151145242034,13.3003147254297,13.2872627169952,13.2759287907533,13.2661534461941,13.257658259946,13.2500649878768,13.2429220968823,13.2357374358387,13.228015191185,13.2192946993742,13.2091882075141,13.1974143978646,13.1838245191993,13.1684183565541,13.1513480227196,13.1329086112125,13.1135159994543,13.0936733857435,13.0739293267048,13.0548309688109,13.036876726762,13.0204727875625,13.0058974985658,12.993276967756,12.9825741453088,12.9735923784698,12.9659930661724,12.9593257196567,12.9530675879729,12.9466691428332,12.9396012190844,12.9313995231136,12.9217025585277,12.9102797394045,12.897047486956,12.8820723202957,12.8655612169423,12.8478406881321,12.8293269572361,12.8104902514848,12.7918164736358,12.7737694239158,12.7567563579053,12.741099093427,12.7270122321812,12.7145894403264,12.7037982025203,12.6944830465205,12.6863769074375,12.679120011149,12.6722853489234,12.6654094515883,12.6580267485401,12.6497053534116,12.6400817295882,12.6288914497797,12.6159932651641,12.6013840035798,12.5852024390723,12.567721179347,12.5493267160878,12.5304889518499,12.5117226154529,12.4935438694265,12.4764259870815,12.460758162222,12.4468112877788,12.4347139243436,12.4244407405064,12.4158145406415,12.4085217195779,12.4021397233615,12.3961739738088,12.3901008403281,12.3834127006655,12.3756609769481,12.3664932816995,12.3556814363606,12.3431380663774,12.328920629018,12.3132229629177,12.2963556212896,12.2787172314597,12.260759807419,12.2429512694545,12.2257383899452,12.2095130354851,12.1945840033828,12.1811560674029,12.1693171618673,12.1590340272457,12.1501561560565,12.1424275136958,12.1355052284993,12.1289841960455,12.1224262772878,12.1153924670333,12.1074760838752,12.0983347363076,12.0877186276695,12.0754927545127,12.0616507917427,12.0463189711197,12.0297490290945,12.0123002601159,11.9944117591646,11.9765669479612,11.9592533277983,11.9429209810873,11.9279435788244,11.9145855087413,11.9029782291041,11.8931081268182,11.8848170994698,11.8778158951229,11.8717090475749,11.8660291545437,11.8602773680831,11.8539663875931,11.8466620259502,11.8380195840137,11.8278118046688,11.8159460314629,11.8024692788933,11.7875611128505,11.7715154059856,11.7547130408523,11.7375883719261,11.7205926537359,11.7041576750924,11.6886625408875,11.6744059907527,11.6615859444307,11.6502872299007,11.6404777782563,11.6320130201908,11.6246478105141,11.6180549180123,11.6118489023288,11.6056140074541,11.5989344984654,11.5914256490896,11.5827633806358,11.5727104133988,11.5611367878085,11.548032805274,11.5335128626962,11.5178093060989,11.5012562616156,11.4842643333819,11.4672879810631,11.4507881909459,11.4351936304436,11.4208637492236,11.4080572201516,11.3969086996169,11.3874161677041,11.3794401543084,11.3727150611961,11.3668716593537,11.3614687862559,11.3560313925887,11.3500914799147,11.3432281930105,11.3351034158917,11.3254896662636,11.3142878487161,11.3015334348313,11.2873907801169,11.2721364358594,11.2561333382365,11.2397985421172,11.2235676301782,11.2078590324374,11.1930412524235,11.1794054781789,11.1671453586449,11.1563449623773,11.1469752105893,11.138898466198,11.1318805010458,11.1256087505039,11.1197155628615,11.1138050106712,11.1074817084178,11.100379953489,11.0921913840008,11.0826892646515,11.0717475247477,11.0593528358368,11.0456083685163,11.0307284174947,11.0150238023853,10.9988787747657,10.9827209989929,10.9669869229267,10.9520854181939,10.9383628711328,10.9260728987038,10.9153535377651,10.9062141366883,10.8985333232047,10.8920684144209,10.8864755722519,10.881338993469,10.8762065574864,10.8706287239029,10.8641971425212,10.856579450584,10.8475470915752,10.8369936671695,10.8249422630976,10.8115412742297,10.7970493756274,10.7818113178988,10.7662270488596,10.7507171879817,10.7356880560464,10.7214992905784,10.7084366079372,10.6966915941579,10.6863496289593,10.677386280913,10.6696718459139,10.6629831890462,10.6570217033437,10.6514359935144,10.6458477828415,10.639879478809,10.6331817833024,10.6254596872745,10.6164951658707,10.606164927951,10.5944517218295,10.581447996901,10.5673511857011,10.5524504880102,10.5371057601451,10.5217198644767,10.5067065275787,10.4924563006455,10.4793035367048,10.4674973445762,10.457179230774,10.4483696130962,10.4409646299963,10.4347437491569,10.4293876848882,10.4245051632604,10.4196662219486,10.4144390848901,10.4084272786982,10.4013036024236,10.3928378389862,10.3829156862703,10.3715472348513,10.3588643420003,10.3451073380341,10.3306025294209,10.3157328156829,10.3009043174812,10.2865121607501,10.2729084620222,10.2603751478641,10.2491035942251,10.2391822949148,10.2305929748399,10.2232148511109,10.2168361806165,10.2111718436871,10.2058854896023,10.2006146727088,10.1949973879128,10.188698427283,10.1814340014577,10.172993102754,10.1632541570472,10.1521956573225,10.1398997308333,10.1265479866105,10.1124095180799,10.0978215647349,10.0831640082092,10.068829514745,10.0551916560698,10.0425736710698,10.0312206185822,10.0212774918547,10.0127754229387,10.0056274354244,9.99963436695761,9.99450065804207,9.98985877996631,9.98530024285195,9.98041046855928,9.97480440221442,9.96815961928199,9.9602438841689,9.95093462138555,9.94022852796996,9.92824051151641,9.91519218186077,9.90139114132225,9.88720319218537,9.87302020961175,9.85922674320742,9.8461683840069,9.83412458670082,9.82328803461665,9.81375187424185,9.80550533784835,9.79843752155085,9.79234847163951,9.78696629699402,9.78196877270208,9.77700779989155,9.77173509132533,9.76582751254851,9.75901058902896,9.75107877792042,9.74191120956745,9.73148175690667,9.71986252452804,9.7072201893488,9.6938050778651,9.67993341105408,9.66596374215954,9.65226919100115,9.63920756881795,9.62709182100154,9.61616333691073,9.60657055519215,9.59835492681768,9.59144571205593,9.58566433230732,9.58073814239131,9.57632261447652,9.57203011670312,9.56746280949855,9.56224674109073,9.5560640525911,9.54868032951195,9.53996455918762,9.52989983966843,9.5185838717592,9.50621926168512,9.49309465901796,9.47955863966102,9.46598891409092,9.45275981972789,9.44021110445494,9.42862073236285,9.41818389418949,9.40899967146685,9.40106599318687,9.39428274496417,9.38846223191335,9.38334571322276,9.37862443546691,9.3739634746325,9.36902671091979,9.36350135400799,9.35712056499322,9.34968285884444,9.34106711566628,9.33124219790157,9.32027039168529,9.30830418968868,9.29557632254981,9.28238341812175,9.26906419065067,9.25597358386969,9.24345474924984,9.23181106908465,9.22128058015289,9.21201508320567,9.20406592660927,9.1973779450918,9.19179235688341,9.18705863488247,9.18285454380332,9.1788127555864,9.17455179796199,9.1697086253944,9.16396988188361,9.15709898422697,9.14895649880323,9.13951189125326,9.12884554283792,9.1171408692327,9.10466734713903,9.09175614284615,9.07877074133809,9.06607541144485,9.0540044626179,9.04283504608659,9.03276576622806,9.02390267402315,9.01625341511203,9.00972950841696,9.00415603352547,8.99928747389031,8.9948281288886,8.99045536368371,8.98584397530862,8.98069006544574,8.97473297515932,8.96777401836741,8.95969093391064,8.95044716635339,8.94009530354652,8.92877426912678,8.91670020763049,8.9041514089665,8.89144807668591,8.87892821043471,8.86692129375539,8.8557217965267,8.84556466494342,8.83660494368409,8.82890343861227,8.82241989220291,8.81701453975929,8.81245819404695,8.80845023495691,8.80464313273603,8.80067148287742,8.79618304686964,8.79086903175022,8.78449083964401,8.77690078878437,8.7680548350773,8.75801606467597,8.74694861293779,8.73510260160814,8.72279157027227,8.71036460751044,8.69817587522796,8.68655440909738,8.6757769507667,8.66604614837214,8.65747581590355,8.65008416356096,8.64379510763909,8.63844704037885,8.6338078646511,8.62959471768646,8.62549662741467,8.62119833739394,8.61640365432568,8.61085686248247,8.60436096721059,8.59679174862491,8.58810682179194,8.57834912350997,8.56764449889532,8.55619336162428,8.5442567565973,8.53213755247674,8.52015790497808,8.5086345159066,8.4978535161702,8.48804697402136,8.47937303462002,8.47190151368397,8.46560639777018,8.46036616950207,8.45597222040603,8.45214489519615,8.44855599742426,8.44485594831597,8.44070329511283,8.43579396863927,8.4298876323201,8.42282866545111,8.41455977556011,8.40512690371006,8.39467491121204,8.38343443298895,8.3717011545786,8.35980951679537,8.34810338531288,8.33690647701387,8.32649528167857,8.31707686919153,8.30877338246671,8.30161427019383,8.29553651398385,8.29039235388214,8.2859633995048,8.28197958568395,8.27814120899432,8.27414224743141,8.26969327712753,8.26454250367938,8.25849367133828,8.25141986538253,8.24327246554029,8.2340847442346,8.2239698481883,8.2131131741964,8.20175946134924,8.19019526990291,8.17872788136876,8.1676620003524,8.15727592244674,8.14779900921972,8.13939234304772,8.13213429714704,8.1260124444764,8.12092275898049,8.11667646924478,8.11301425896384,8.10962683191207,8.10618023719349,8.10234384802342,8.09781856120988,8.09236267797152,8.08581306326712,8.07809956026498,8.06925123303922,8.05939377251158,8.0487382537184,8.03756228589459,8.02618535365476,8.01494071761384,8.0041465564263,7.99407905149152,7.98494984121242,7.9768897442578,7.96993994567758,7.96405105329335,7.95908966758661,7.95485145716936,7.95107925767777,7.94748444325335,7.94376975003112,7.9396518252633,7.93488198245539,7.92926390823812,7.92266734677884,7.91503705670063,7.90639658796185,7.89684667147698,7.88655826870922,7.87576060571476,7.86472481974678,7.85374416574649,7.84311203935835,7.8330993358667,7.82393283966932,7.81577638950777,7.80871646495437,7.80275358026958,7.79780046177575,7.79368745151372,7.79017496625179,7.78697220203623,7.78376067218664,7.78022066301016,7.77605834256277,7.77103110787226,7.764968832876,7.75778898962969,7.74950414147488,7.74022100570364,7.73013108847563,7.71949372263047,7.70861309759213,7.69781147068162,7.68740111698761,7.67765766374515,7.66879725434236,7.66095952561977,7.65419772493644,7.64847653076531,7.64367737267218,7.63961036724754,7.63603146823892,7.63266311216133,7.62921652975404,7.62541396183849,7.6210092173815,7.61580528673702,7.60966802503357,7.60253521556027,7.59442059561396,7.58541267942489,7.57566845722645,7.56540230132375,7.55487067780884,7.54435354256574,7.53413357441424,7.52447463721943,7.51560103132482,7.50767915848331,7.50080315675719,7.49498584876302,7.49015599093713,7.48616233382226,7.48278444051784,7.4797496114261,7.47675468453324,7.47349097998762,7.46967029066767,7.46504963281367,7.45945249401298,7.45278456169589,7.445042372856,7.43631396018305,7.42677132386903,7.41665535612894,7.40625459971771,7.3958798442921,7.38583697883373,7.37640067170471,7.36779132230734,7.36015733701535,7.35356418008485,7.34799091902863,7.34333422032962,7.3394190514811,7.3360147882365,7.33285506142044,7.32965952082069,7.32615572713629,7.32209956500584,7.31729284678848,7.31159709465049,7.3049428058665,7.29733379938932,7.28884650551702,7.2796243032583,7.26986724556335,7.25981775192593,7.2497430930122,7.23991573295963,7.23059281016343,7.22199619688734,7.21429464987236,7.2075895211037,7.20190532383144,7.19718614239082,7.19329844983067,7.19004038440279,7.18715697688263,7.1843602667986,7.18135275229992,7.1778522391829,7.17361593560233,7.16846161370456,7.16228384442259,7.15506370309141,7.14687091470122,7.13785810903616,7.12824761871082,7.1183119955758,7.10835005819651,7.0986607378705,7.08951720459414,7.08114369805574,7.07369716808506,7.06725528634821,7.06181169927856,7.05727864285188,7.05349632797341,7.05024791424177,7.04727847841393,7.04431617841356,7.04109380704186,7.0373690866248,7.03294232486446,7.02767037791362,7.02147620223688,7.01435359098153,7.00636697012236,6.99764637669753,6.98837796747028,6.9787906242847,6.96913943923473,6.95968707472888,6.9506841851132,6.94235023342986,6.93485611126446,6.928309945864,6.92274733877572,6.91812701805189,6.91433251011299,6.91117997133599,6.90843180023234,6.90581512500073,6.90304377931057,6.89984199235406,6.89596777352754,6.89123390354271,6.8855245731793,6.87880603984727,6.87113018063482,6.86263046698682,6.85351060976356,6.84402684899607,6.83446550843216,6.82511792300917,6.81625511520036,6.80810460723409,6.80083150686663,6.79452552591659,6.78919494547419,6.78476781407248,6.78109994853907,6.77798868867173,6.77519090252202,6.77244348474662,6.76948453871083,6.76607355702751,6.7620091681475,6.75714334343098,6.75139130840627,6.74473673518643,6.73723208953292,6.72899426220037,6.72019583818031,6.71105256179951,6.70180774986335,6.69271459070737,6.68401743551482,6.67593332155563,6.66863504115193,6.66223706063419,6.65678548116898,6.65225300932675,6.648539573968,6.64547880550541,6.6428501143852,6.64039560834467,6.63784061980251,6.63491622463842,6.63138186716886,6.62704610018201,6.621783527115,6.61554630262569,6.60836899507328,6.60036620593759,6.5917230232347,6.58267908915068,6.57350770879331,6.56449194077974,6.55589992660743,6.54796179125694,6.54085026870328,6.53466679320291,6.52943420301395,6.52509650509677,6.52152543722288,6.51853292541195,6.5158880412167,6.51333676004008,6.51062272157615,6.50750727899949,6.50378735329539,6.49930992926119,6.49398238633669,6.48777820689568,6.48073791938092,6.47296540312447,6.46461990910606,6.45590434734892,6.44705056894486,6.4383025350065,6.42989841288569,6.42205275882077,6.41494001611022,6.40868055731732,6.40333040930119,6.39887560992512,6.39523185485426,6.39224971446466,6.38972525989477,6.38741546971913,6.38505733766884,6.38238921297973,6.37917262226098,6.37521268292606,6.37037524997973,6.36459915174271,6.35790225868324,6.35038066563361,6.34220090488731,6.33358578367717,6.32479508171948,6.31610287807783,6.3077736346872,6.3000392980659,6.2930795697831,6.28700715080902,6.28185922724013,6.27759580351742,6.27410478877889,6.27121309000683,6.26870243846939,6.26632832653081,6.26384028257121,6.26100175376972,6.25760806557819,6.2535012327408,6.24858075513981,6.24280989418473,6.23621725748091,6.22889380397413,6.22098561721877,6.21268298960678,6.20420652719728,6.19579113195253,6.18766884725479,6.18005165648212,6.17311538853972,6.16698588964695,6.16172854895112,6.15734210390204,6.1537573966876,6.15084141398367,6.14840653905684,6.14622450836788,6.14404413259514,6.14161145723579,6.13869074351455,6.13508448421464,6.13065065959016,6.12531560051868,6.11908115776419,6.11202535738856,6.10429631377319,6.09609981726162,6.08768164512419,6.07930619030569,6.07123339544595,6.06369616797196,6.05688040694105,6.05090949438734,6.04583462518793,6.04163172993939,6.03820506425317,6.03539688096148,6.03300204736961,6.03078607695901,6.02850484545156,6.02592425616144,6.02283828278961,6.01908410333914,6.01455339232773,6.00919920868444,6.00303826416936,5.99614865846402,5.98866341474265,5.98076034826202,5.97264896149086,5.9645551937653,5.95670496723649,5.94930756144109,5.94253990555395,5.93653288458957,5.93136069707474,5.92703416416634,5.92349866811927,5.92063709548144,5.91827779260645,5.91620713402867,5.91418589252219,5.91196822283014,5.90932176954097,5.90604722060051,5.90199558137689,5.89708155847584,5.89129172082662,5.88468653328934,5.87739590220397,5.86960848340131,5.86155561918465,5.85349132323105,5.84567015455389,5.83832505819195,5.83164726627863,5.82577014120366,5.82075842545876,5.81660379110744,5.81322692733578,5.81048574941479,5.80818873657039,5.80611197461598,5.80401823161495,5.80167634132767,5.79887929139733,5.79545967118578,5.79130147624711,5.7863476399648,5.78060302348081,5.77413291284386,5.76705733401195,5.75954170290606,5.75178448871355,5.74400269575044,5.73641607069628,5.72923101965809,5.72262526771788,5.7167343007412,5.71164058065146,5.70736640770887,5.70387110884197,5.70105296097329,5.69875592411196,5.69678088223081,5.69490070037434,5.69287803972484,5.69048456682882,5.68751998576493,5.68382924361662,5.67931633079674,5.67395332547761,5.6677837065487,5.66091945594692,5.65353204598387,5.64583800364493,5.63808029671534,5.63050723063507,5.62335082348226,5.61680669994129,5.61101739817825,5.60606062912969,5.60194350701822,5.5986031475233,5.59591338431532,5.59369676520901,5.59174052420359,5.58981493179003,5.58769232228953,5.58516517450642,5.58206184747866,5.57825889797352,5.57368927735125,5.56834607489939,5.56228180798213,5.55560353735756,5.54846430444298,5.54105155247383,5.53357331691224,5.52624306303852,5.5192641161013,5.51281466994092,5.50703436510228,5.50201338483627,5.4977849149567,5.49432164303489,5.49153673235776,5.48928940365827,5.48739490970624,5.48563832033827,5.48379118107815,5.48162980307274,5.47895372089209,5.47560274862504,5.47147109634349,5.4665171893832,5.46076815805213,5.45431841462916,5.44732227069139,5.43998111987643,5.43252625891819,5.4251988801763,5.41822908404368,5.41181588555542,5.40611010402554,5.40120173236788,5.39711291646918,5.39379709104256,5.39114418924121,5.38899124662177,5.38713722678312,5.38536055933497,5.38343772827645,5.38116127955035,5.37835580435902,5.37489075596896,5.3706893205386,5.36573293731014,5.36006141056265,5.35376885002961,5.34699590863962,5.33991895973406,5.33273698079299,5.32565699873662,5.31887901110028,5.31258132984848,5.30690729606019,5.30195427511578,5.29776575230084,5.29432719863284,5.29156616247118,5.28935676853807,5.28752848591288,5.28587868229578,5.28418814192062,5.28223842169914,5.27982968839231,5.27679755001841,5.27302739161491,5.26846486245258,5.26312143888991,5.25707438907765,5.25046096190177,5.24346716775852,5.23631205701301,5.22922887247859,5.22244479714455,5.21616119122881,5.21053618582136,5.20567127052638,5.20160310274365,5.19830122455582,5.19567176630947,5.19356661926182,5.1917970451626,5.19015031581937,5.18840777521045,5.18636269851658,5.1838364687437,5.18069186426021,5.17684259989928,5.17225863929317,5.16696715356915,5.1610493117093,5.15463333617903,5.14788444257874,5.1409924119224,5.13415763051219,5.1275764859277,5.1214270340064,5.11585584983877,5.11096693905535,5.10681350463482,5.10339323055338,5.10064755224906,5.09846513680508,5.09668950246852,5.09513038541291,5.09357813679314,5.09182013552561,5.08965796401611,5.08692394549997,5.08349560759945,5.07930673329156,5.07435389202747,5.06869770019646,5.06245851597159,5.05580678888671,5.04894880817544,5.04210906876937,5.03551084316376,5.0293567623778,5.0238112370418,5.01898637963621,5.01493273623947,5.01163564089184,5.00901742767266,5.00694514582731,5.00524289341069,5.00370747628824,5.00212585360635,5.0002927641465,4.99802703015097,4.99518527416907,4.99167211427687,4.98744627336689,4.98252240323131,4.9769687491187,4.9709010451709,4.96447322999011,4.95786570999913,4.95127198743057,4.94488452119218,4.93888071033153,4.93340988371016,4.92858214275325,4.92445982985042,4.92105227504546,4.91831430212857,4.91614875155909,4.91441300869509,4.91292922639835,4.9114976229867,4.90991194663769,4.9079759554366,4.90551959787977,4.90241351758883,4.89858056643498,4.89400319944491,4.88872593681798,4.88285249301345,4.87653765615796,4.86997450697368,4.86337804106668,4.85696664604426,4.85094313574849,4.84547712161567,4.84069038923877,4.83664665363164,4.83334662074893,4.8307287380051,4.82867543956005,4.82702415376261,4.8255819039743,4.82414204672104,4.82250157615709,4.82047747934933,4.81792082821185,4.8147275996542,4.81084557633951,4.8062770485849,4.80107737493364,4.79534974011093,4.78923666409731,4.78290896644052,4.77655298485099,4.7703568986109,4.76449702578774,4.75912495424472,4.75435632960336,4.75026205352831,4.74686253597813,4.74412548975508,4.74196755314595,4.74025978084861,4.73883676578755,4.73750886298382,4.73607670558599,4.7343469604317,4.73214809449133,4.72934483966869,4.72585007096489,4.72163296216938,4.7167225525324,4.71120623216896,4.70522310408842,4.69895266527467,4.69259971819854,4.68637682441457,4.68048589362589,4.67510062522375,4.67035146231004,4.66631448026916,4.66300523681336,4.66037810359024,4.65833104201082,4.65671524576321,4.65534861401494,4.65403169403519,4.65256457061957,4.65076318830752,4.64847375310129,4.64558413688498,4.64203155342239,4.63780614180763,4.63295044008937,4.62755502881026,4.62175085586664,4.61569891816273,4.60957807939082,4.60357185871873,4.5978550435133,4.59258096801083,4.58787026160779,4.58380180317506,4.5804065164754,4.57766450077677,4.57550580683705,4.57381494342449,4.57243894205659,4.5711985332063,4.56990171707924,4.56835877125848,4.56639755262025,4.56387784726169,4.56070352046078,4.55683133151776,4.55227550733829,4.54710750279453,4.54145079122353,4.53547098881753,4.52936207644053,4.5233298906505,4.51757436251256,4.51227214651867,4.50756127602025,4.50352929950325,4.50020600963464,4.49756141175047,4.49550904524594,4.49391423504083,4.4926063758754,4.49139399440061,4.49008112913818,4.48848352961353,4.48644329315293,4.48384080105706,4.4806031420756,4.47670857257435,4.47218691559045,4.4671161116158,4.46161538262171,4.45583565112642,4.44994797205037,4.4441307969621,4.438556910154,4.43338086383372,4.42872770101998,4.42468368969439,4.42128969667008,4.41853769953535,4.41637076661196,4.41468662876321,4.41334472911686,4.41217637943071,4.41099739299704,4.40962232652229,4.40787927264908,4.40562402539103,4.40275241358096,4.39920967663036,4.39499594734567,4.39016720171959,4.38483141627539,4.37914010799766,4.37327587830226,4.36743699306436,4.36182035710265,4.35660444103918,4.35193376047271,4.34790637901251,4.34456561651359,4.34189672236098,4.33982876984476,4.33824150213514,4.33697637641341,4.33585066703671,4.33467324288503,4.33326054890043,4.33145139459268,4.32911935906341,4.32618192384882,4.32260579560065,4.31840823563222,4.3136545359026,4.30845204646739,4.3029413565959,4.29728536140786,4.29165701692833,4.28622661106807,4.28114936727093,4.27655415870235,4.27253404659061,4.26913926549294,4.26637315736417,4.26419140179157,4.26250470055783,4.26118485453693,4.26007392962949,4.25899596174418,4.25777041907456,4.2562264461236,4.25421678153896,4.25163019206683,4.24840131374686,4.24451694638941,4.2400181051491,4.23499747846051,4.22959234783871,4.22397345495321,4.21833071054296,4.21285698105615,4.20773141872579,4.20310388564306,4.19908194478314,4.19572165314467,4.19302301722458,4.19093050079208,4.18933846495792,4.18810093251163,4.1870446606873,4.18598422466733,4.18473768472139,4.18314143714023,4.18106301613731,4.17841088705398,4.17514060708233,4.17125708303744,4.16681298686846,4.16190367008421,4.15665913287974,4.1512337495483,4.14579453487244,4.1405087676687,4.13553177948731,4.13099567827077,4.12699971382735,4.12360290492511,4.12081943410328,4.11861717267819,4.11691952352509,4.11561056548544,4.11454325803668,4.11355023082989,4.11245645747805,4.1110929178525,4.10931021076228,4.10699101032128,4.10406028109796,4.10049228872436,4.09631366416308,4.09160209051701,4.08648055869404,4.0811075492037,4.07566390062612,4.07033747597786,4.06530699323372,4.06072651021925,4.05671202482933,4.05333146482734,4.05059901344511,4.0484742832144,4.04686636158927,4.04564226652613,4.04463892613536,4.04367748245739,4.04257854767055,4.0411770231338,4.0393352175311,4.03695324157935,4.03397597294024,4.03039623179066,4.02625414401624,4.02163296323761,4.01665185498849,4.01145630908434,4.0062069429231,4.00106749926419,3.99619283924942,3.99171769573918,3.98774689037512,3.98434763297346,3.98154441344875,3.97931686228184,3.97760079368841,3.9762924567935,3.97525580945391,3.97433240748882,3.97335328458244,3.97215200419402,3.97057791529655,3.96850855901815,3.96586017063199,3.96259531235606,3.9587268600601,3.95431784377286,3.94947698933601,3.94435019782743,3.93910859325837,3.93393412519878,3.92900398868838,3.92447528187562,3.92047133670601,3.91707102048901,3.91430202612451,3.91213877479774,3.91050509159197,3.90928133658853,3.90831523900515,3.90743534087749,3.90646574660835,3.90524081283905,3.90361849608817,3.9014912812802,3.8987939067703,3.89550743799827,3.89165958025373,3.88732142613533,3.88260108152995,3.87763479438349,3.87257632326137,3.86758533543904,3.86281562854948,3.85840393742053,3.85446002789005,3.85105869718808,3.84823419687689,3.8459774677098,3.84423642427822,3.84291935122491,3.84190127599448,3.84103297383532,3.84015205187169,3.83909536741734,3.83771188089899,3.83587494579581,3.83349301445879,3.83051780201853,3.82694910595275,3.82283572232385,3.81827221699163,3.81339167652279,3.80835494515582,3.80333721113429,3.79851309669881,3.79404159360711,3.79005224199761,3.78663386045951,3.78382690261596,3.7816201625167,3.77995211680389,3.77871672695685,3.777773085363,3.77695792620976,3.77609977674133,3.77503341984087,3.77361337877718,3.77172530330498,3.76929440152355,3.76629038340464,3.76272871770065,3.75866831719791,3.75420603082208,3.74946851953786,3.74460222248563,3.73976218584004,3.73510054044329,3.73075538765695,3.72684079633973,3.72343853395405,3.72059205437384,3.71830314413842,3.7165314866034,3.7151972392073,3.71418653497823,3.71335962166421,3.71256115148397,3.71163194665402,3.7104214084172,3.70879962889623,3.70666822302599,3.70396893574961,3.70068920508867,3.69686407358808,3.69257412799431,3.68793948877325,3.68311023724676,3.67825402221761,3.67354189039673,3.66913359782211,3.66516375203905,3.66173008892688,3.65888500196906,3.6566311316283,3.65492142113765,3.65366359824618,3.65272860309401,3.6519621027518,3.65119795682323,3.65027235438033,3.6490373397849,3.64737257373484,3.64519441003616,3.64246167117101,3.63917783551777,3.6353896674068,3.63118259755183,3.62667337675022,3.6220006729618,3.61731436360865,3.61276430019777,3.60848930291398,3.60460709005504,3.6012057698283,3.59833742498384,3.59601420526755,3.59420720791332,3.59284827169908,3.59183463700966,3.59103623784998,3.5903052007023,3.58948694222657,3.5884320989999,3.58700840554356,3.58511157913974,3.58267428565519,3.5796723584855,3.57612762409668,3.57210694499464,3.56771740731897,3.56309792937161,3.55840791547136,3.55381388869918,3.54947526906852,3.5455305887346,3.54208543171316,3.5392032451532,3.53689990226598,3.53514253040399,3.53385269273812,3.53291357852792,3.53218046655867,3.5314934241861,3.53069102320139,3.52962380895352,3.5281663475925,3.52622687728151,3.52375386923767,3.52073912369224,3.51721734523523,3.51326242891612,3.50898092030646,3.50450327816133,3.49997366650766,3.49553904111958,3.49133828496031,3.48749210034732,3.48409429206025,3.48120498150725,3.47884618024519,3.47700002225787,3.47560980830888,3.47458385308203,3.47380194984541,3.47312408495186,3.47240085674917,3.47148489499351,3.47024245407044,3.46856428259242,3.46637486758932,3.46363922374513,3.46036655079617,3.45661031079501,3.45246456758513,3.44805676059331,3.44353742355781,3.43906767092571,3.43480552407755,3.43089230337182,3.42744034583166,3.42452321081999,3.42216931201521,3.42035958468336,3.4190293983385,3.41807450218941,3.4173603941438,3.41673418032544,3.41603777756804,3.41512122690492,3.41385493402587,3.41213981787407,3.40991460212675,3.40715978919247,3.40389817361381,3.40019204652754,3.39613748904868,3.39185633530014,3.38748650150913,3.38317143092349,3.37904940520692,3.37524343320226,3.37185235840651,3.3689437353875,3.36654891737213,3.36466067385309,3.36323351815483,3.3621867707626,3.36141021738781,3.36077204699202,3.36012858354548,3.35933516854573,3.35825742408328,3.35678204435179,3.35482624168574,3.35234502261018,3.34933559531785,3.34583841034627,3.34193460054281,3.33773989557433,3.33339541318355,3.3290560411441,3.32487738512738,3.32100243543984,3.31754917380244,3.31460028516942,3.31219595842679,3.31033046885328,3.30895286477309,3.30797167294705,3.30726313995826,3.30668218700999,3.306075011899,3.30529214961083,3.30420081037131,3.30269544208243,3.30070568877709,3.29820120366598,3.2951930862355,3.29173201186966,3.28790338118867,3.28382001641669,3.27961306595591,3.27542184767981,3.27138337472956,3.26762227656591,3.26424176436836,3.26131620278179,3.25888574530393,3.25695337113254,3.25548452807286,3.25440943973084,3.25362797729162,3.2530168307396,3.25243854886493,3.25175186284317,3.2508225782842,3.2495342302638,3.24779765910921,3.24555869316276,3.24280322542513,3.23955914441818,3.23589481828326,3.23191411887847,3.22774828537018,3.22354523443731,3.21945719348847,3.21562773151215,3.21217936151253,3.20920287057398,3.20674939340471,3.20482599302946,3.20339517333858,3.20237835979649,3.2016629915516,3.20111251667378,3.20057831321475,3.19991240169869,3.19897978310736,3.19766932674918,3.19590232538282,3.19363810005337,3.19087633795625,3.1876561469921,3.18405207958297,3.18016759403054,3.17612657325315,3.17206360718609,3.16811377291492,3.1644026262671,3.16103706173264,3.15809761460545,3.15563267779561,3.15365499025228,3.15214062601799,3.15103057306785,3.15023484042742,3.14963887398093,3.14911190217358,3.14851668174583,3.14771998256678,3.1466030531877,3.14507125887068,3.14306209377033,3.14055084680692,3.13755334874671,3.13412544105089,3.13035907232022,3.12637522506735,3.12231417678831,3.11832387321178,3.11454740585165,3.11111071202729,3.10811163288307,3.10561136475813,3.10362912650469,3.10214055955788,3.10108001137985,3.10034646824533,3.09981254545999,3.09933565382812,3.09877027275888,3.09798019107611,3.09684962851254,3.09529231039948,3.09325780867909,3.09073474964649,3.08775078656031,3.08436951115715,3.08068470789323,3.07681252404679,3.07288223314009,3.06902631227553,3.06537054535477,3.06202481560462,3.0590751735741,3.05657766937168,3.05455432577075,3.05299150474427,3.0518407854027,3.05102232745093,3.05043054350141,3.04994175051195,3.0494233229589,3.04874373884605,3.04778280707081,3.04644130424566,3.04464924270972,3.04237204803773,3.0396140479753,3.03641886306236,3.03286653222322,3.02906748638641,3.02515377505316,3.02126822538396,3.01755243996379,3.01413468907011,3.01111880318173,3.00857510891009,3.00653427700772,3.00498467954262,3.00387351284692,3.00311157142441,3.0025811985244,3.00214663355958,3.0016657600316,3.00100215296821,3.00003633935693,2.99867530995766,2.99685953391077,2.99456699740353,2.99181407935934,2.98865335741444,2.98516867931992,2.9814680205872,2.97767477114347,2.97391815344638,2.97032347968041,2.96700291718423,2.96404736041932,2.96151991437231,2.9594513854164,2.95783805551074,2.9566418860094,2.9557931592258,2.95519542106738,2.95473244050253,2.95427675800886,2.95369926465857,2.95287914729952,2.95171346569995,2.95012560657321,2.94807189687611,2.94554576011355,2.94257896397409,2.93923972789085,2.93562772030483,2.93186625598393,2.92809227676221,2.92444493464436,2.92105376528219,2.91802751830107,2.91544468364291,2.91334661653739,2.91173392769165,2.91056649270194,2.90976707950804,2.90922823578375,2.90882176137123,2.90840985086158,2.90785685422373,2.9070405809681,2.90586216246868,2.90425367048176,2.90218293957647,2.89965532341004,2.89671239581026,2.89342785877713,2.88990112043302,2.88624914584047,2.88259726069363,2.8790696076375,2.87577992745901,2.87282327432931,2.87026918630521,2.86815672738259,2.86649170053022,2.86524620510416,2.86436057857281,2.8637476233716,2.86329887789227,2.86289255114419,2.8624026112634,2.8617084090725,2.86070414106519,2.8593074230997,2.8574662664936,2.85516382847114,2.85242045046955,2.84929269581082,2.84586934063646,2.84226453966809,2.83860865652078,2.83503748894767,2.83168080434581,2.82865120519079,2.82603434983959,2.82388145384309,2.82220479588374,2.82097666933065,2.82013188524619,2.81957358318704,2.81918178268028,2.81882384834047,2.81836587452395,2.81768393789012,2.81667421999995,2.81526115429575,2.8134029780596,2.81109433890672,2.80836588395547,2.80528101796959,2.80193023126209,2.79842355488413,2.7948817950416,2.79142723425556,2.78817447222947,2.7852220256891,2.78264522446217,2.78049083989953,2.77877376801532,2.77747596738767,2.77654772288063,2.77591117198617,2.77546589338128,2.77509622157421,2.77467982411033,2.77409696765865,2.77323981680335,2.77202106547302,2.77038120578555,2.76829380015355,2.76576824270526,2.76284967237281,2.7596159227043,2.75617164637325,2.75264001352354,2.74915262633501,2.74583848980438,2.74281300505095,2.74016798682967,2.73796364111105,2.73622327291766,2.73493124282848,2.73403437802457,2.73344670487026,2.73305704391239,2.73273873297469,2.7323605511378,2.73179782595607,2.73094272461442,2.72971284915588,2.72805745643043,2.72596087635782,2.72344297498983,2.72055677067686,2.71738353724094,2.71402590076055,2.71059954882189,2.7072242234549,2.7040146681892,2.70107215614479,2.69847715120493,2.69628355816964,2.69451490777381,2.69316270321849,2.69218702911771,2.69151939344354,2.69106764038936,2.69072264049568,2.69036633925555,2.68988063440544,2.68915646488662,2.68810244163514,2.68665234190154,2.68477083244019,2.68245688667762,2.67974451590931,2.67670063765597,2.67342014188298,2.67001846803415,2.66662224837848,2.66335877962823,2.66034522983183,2.6576785502059,2.65542702856408,2.65362428958131,2.65226632677508,2.65131186323898,2.65068601391197,2.65028689822092,2.64999456568926,2.64968138149014,2.6492228976753,2.64850821998782,2.6474489667201,2.6459860889708,2.64409405519814,2.64178216646369,2.63909303132188,2.6360984640979,2.63289325768574,2.62958741125735,2.62629746245558,2.62313758782821,2.62021110379687,2.61760293422818,2.61537352001386,2.61355453949588,2.61214669220245,2.61111967591567,2.61041436064432,2.60994703433685,2.60961546691508,2.60930641617756,2.6089040881646,2.60829897423777,2.60739642693365,2.60612431618519,2.60443913506231,2.60233000507838,2.59982016596885,2.59696571847494,2.59385160968502,2.59058509172908,2.58728712412508,2.5840824028441,2.5810888598675,2.57840756350774,2.57611394668662,2.57425119200952,2.57282641438156,2.57181002101162,2.57113832192432,2.57071914565411,2.57043992143263,2.57017745502556,2.5698084767194,2.56921999149599,2.56831851459267,2.56703741904375,2.56534183351478,2.56323078008357,2.56073650180857,2.55792117084756,2.5548713678582,2.55169086913036,2.54849236459484,2.54538876000769,2.54248469795937,2.53986887546638,2.5376076517589,2.5357403378989,2.53427644687057,2.53319506309518,2.53244636661353,2.53195522161051,2.5316266141022,2.53135260322163,2.53102034012149,2.53052061552415,2.52975633039382,2.52865025351549,2.52715144328628,2.52523977452172,2.52292812644907,2.52026195224854,2.51731615468235,2.51418942167258,2.51099641001781,2.50785838117639,2.5048930657512,2.50220464069057,2.49987472819191,2.49795525889464,2.49646388562256,2.49538240060259,2.49465832228545,2.49420950902091,2.49393136101093,2.4937059232094,2.49341202844592,2.49293554053229,2.49217877752649,2.49106830863492,2.48956050595643,2.48764446810286,2.48534218707545,2.48270607419376,2.47981417176441,2.47676353830179,2.47366239872272,2.47062169727564,2.46774668637064,2.46512913870055,2.46284069374618,2.46092775270875,2.45940822599749,2.45827032025209,2.45747343102797,2.4569510848794,2.45661575265698,2.45636523749329,2.45609023110256,2.45568253741559,2.45504339125873,2.45409126036242,2.45276851964552,2.45104643398813,2.44892798286957,2.4464482058964,2.44367193536438,2.44068899788485,2.43760719399664,2.43454358098539,2.43161476633577,2.42892704463368,2.4265672606952,2.42459524491629,2.42303854169151,2.42188994733323,2.42110810964241,2.42062114504703,2.4203329342392,2.42013149758507,2.41989865720771,2.41952008489614,2.41889482362766,2.41794345274488,2.41661422843055,2.41488674892355,2.41277293971421,2.41031539895256,2.40758336236908,2.40466672178077,2.40166865150852,2.3986974603803,2.3958582974705,2.39324530576539,2.39093475012296,2.38897955471356,2.38740557933813,2.38620984985575,2.38536083941419,2.38480077694919,2.38444983986139,2.38421197173774,2.38398195739755,2.38365329190443,2.3831263046504,2.38231595247331,2.3811586852657,2.37961782041649,2.37768694258164,2.37539097265695,2.37278471956817,2.36994893034163,2.36698407219938,2.3640022950343,2.36111821103848,2.35843926820622,2.35605656674888,2.35403695882543,2.35241717740605,2.35120056463715,2.35035672943192,2.34982418310705,2.34951571182196,2.34932597839612,2.34914063424647,2.34884608841996,2.34833903866766,2.34753492089331,2.34637456779721,2.34482856491355,2.34289902615559,2.34061875332039,2.33804796892617,2.33526899880505,2.33237941693181,2.32948424490661,2.32668782440034,2.32408596001203,2.3217588723353,2.31976541689135,2.31813892312063,2.31688489610685,2.31598070733592,2.31537728293455,2.31500268073367,2.3147673333964,2.31457062706422,2.31430838850399,2.31388077513205,2.31320000903596,2.31219737582708,2.31082892864877,2.30907940176136,2.30696394826033,2.30452746944299,2.30184149059739,2.29899874585496,2.29610584523334,2.29327458920702,2.2906126483034,2.28821441732279,2.28615287065105,2.28447317926547,2.2831887034601,2.28227976008841,2.28169530043933,2.28135735289476,2.2811678150398,2.28101695400081,2.28079281728743,2.28039068599198,2.27972172316448,2.27872007621115,2.27734786679579,2.27559772121331,2.27349273129546,2.27108396398807,2.26844583460974,2.26566980920928,2.26285699792777,2.26011024352827,2.25752630253258,2.25518866956712,2.25316151896084,2.25148514134693,2.25017314512218,2.2492115788262,2.24856001451771,2.24815451667378,2.24791230853165,2.24773784119997,2.24752987436811,2.24718909644363,2.24662575317331,2.2457667247199,2.24456149882977,2.24298653737275,2.24104762733904,2.23877994353663,2.23624572231681,2.23352964225742,2.23073221271215,2.22796166478224,2.22532500042241,2.22291896408709,2.22082174147189,2.21908615175598,2.21773498189997,2.21675892222066,2.21611731946074,2.21574169258345,2.2155416877971,2.21541291347894,2.2152459195255,2.21493548855141,2.21438939753746,2.21353588588342,2.21232921642712,2.21075291853451,2.20882053092547,2.20657389011616,2.2040792150365,2.20142140207865,2.19869705727831,2.19600685067308,2.19344778568658,2.19110594163064,2.18905018007713,2.1873272158305,2.18595834907747,2.1849380436872,2.18423442236785,2.18379163565075,2.18353395078886,2.18337130105065,2.18320593905042,2.18293975465436,2.18248175487919,2.1817551668985,2.18070362240448,2.17929591761902,2.17752892144084,2.17542832429916,2.173047077461,2.17046155704824,2.1677656845143,2.16506342791444,2.16246027607441,2.16005440085322,2.15792828383644,2.15614157113671,2.15472582951104,2.15368171395984,2.15297883580366,2.15255836332421,2.15233812226641,2.15221972077308,2.1520970305946,2.15186523544708,2.15142962055412,2.1507133260859,2.14966341212711,2.14825476592147,2.14649159963302,2.14440651277745,2.14205730352108,2.13952188787056,2.13689181298656,2.13426492543348,2.13173777855104,2.12939834151945,2.12731951518364,2.12555387641213,2.12412997310303,2.12305038342321,2.1222916407105,2.12180601312126,2.1215250171591,2.12136443929497,2.12123054319883,2.12102705578085,2.1206624585103,2.12005706757564,2.11914937398736,2.11790113858097,2.11630080084088,2.11436486512259,2.1121370698392,2.10968531675421,2.10709652644664,2.10446977599783,2.10190824696326,2.09951064612117,2.09736284073039,2.09553046101713,2.09405315894244,2.09294107582191,2.09217387291488,2.09170243802594,2.09145312330477,2.09133412374096,2.09124340032739,2.09107740968696,2.09073983834976,2.09014956007213,2.08924713324735,2.08799931763399,2.08640129346556,2.08447648644351,2.08227411473924,2.07986475835484,2.07733439237409,2.07477741606938,2.07228924863941,2.06995905432181,2.06786311318605,2.06605927890441,2.06458287063813,2.06344424080709,2.06262815007279,2.06209496976463,2.06178362327273,2.06161607398151,2.06150307070207,2.06135077584731,2.06106783164594,2.06057237136637,2.05979846196588,2.05870147741139,2.05726195232667,2.05548755535238,2.05341294886797,2.05109746036255,2.04862067004369,2.04607620453743,2.04356420024095,2.04118304333551,2.0390210888057,2.03714909350728,2.03561405969528,2.03443507464949,2.03360155707121,2.03307409807599,2.03278783688499,2.0326580658329,2.03258754389416,2.03247483726157,2.03222291745614,2.03174724041163,2.03098260195059,2.02988820442243,2.02845055693734,2.02668404412264,2.02462921123006,2.02234900481808,2.01992336150696,2.01744264267992,2.01500046758832,2.01268650397999,2.01057974102903,2.00874270318371,2.00721697530214,2.00602030791984,2.00514546358905,2.00456085574181,2.0042129236871,2.0040300837311,2.00392799969853,2.00381582960553,2.00360303297477,2.00320627028514,2.00255589802177,2.00160156549673,2.00031645773548,1.99869980466268,1.99677738971436,1.99459993616436,1.99223941809819,1.98978352228282,1.98732866095664,1.98497208566052,1.98280376076754,1.98089870719911,1.97931051179495,1.9780666125766,1.97716581933342,1.97657832552872,1.97624823189448,1.97609835984187,1.97603691126231,1.97596535558843,1.9757868146994,1.97541418278678,1.97477726340428,1.97382832158102,1.97254561867224,1.97093469956079,1.96902741197634,1.96687883373712,1.96456244763274,1.96216402342722,1.95977473661902,1.95748407493519,1.95537306179491,1.95350826986825,1.95193701697332,1.95068403977514,1.94974983541706,1.94911075297236,1.94872080954823,1.94851510292731,1.94841459616776,1.94833196224294,1.94817810218057,1.94786889297555,1.94733168723682,1.94651108049508,1.94537348893029,1.94391014292253,1.94213820067837,1.94009981811483,1.93785916890538,1.9354975806674,1.93310712487767,1.93078315234795,1.92861638568184,1.92668524933814,1.92504912486782,1.9237431578142,1.92277511568273,1.92212461356224,1.92174480309987,1.9215663847742,1.92150357872933,1.92146150130128,1.92134426422231,1.92106305551884,1.92054348017461,1.91973152979499,1.91859770031388,1.91713896560823,1.91537851994407,1.91336340077253,1.91116027596377,1.90884981206741,1.90652012521413,1.90425985278955,1.90215137604798,1.90026467879467,1.89865225424747,1.89734538049745,1.8963519828633,1.89565619522549,1.89521962651481,1.89498423591899,1.89487662358395,1.89481345537719,1.89470766397016,1.89447500807876,1.8940405318408,1.89334445211507,1.89234701783939,1.89103193606146,1.8894080449753,1.88750903308777,1.88539114964974,1.8831290151037,1.8808098084112,1.87852626487933,1.87636904645179,1.87441913028753,1.87274088807777,1.87137649058848,1.87034216881245,1.86962670192151,1.86919229752667,1.86897780256062,1.86890395829406,1.86888021599723,1.86881248285287,1.86861108703192,1.86819824422367,1.86751437405453,1.86652274355078,1.86521208871271,1.8635970626484,1.86171655698103,1.85963012217889,1.85741285653066,1.85514923307033,1.85292638540082,1.85082737923696,1.84892496302759,1.84727622705273,1.84591851520511,1.84486683558693,1.84411291184624,1.84362591200797,1.84335478922857,1.84323207223411,1.8431788545697,1.84311065387048,1.84294374870276,1.84260155561697,1.8420205878681,1.84115554445895,1.83998311732097,1.8385041773243,1.83674410555007,1.83475117058871,1.83259300735636,1.83035141612165,1.82811585737876,1.8259761528036,1.82401499903149,1.82230094584628,1.82088247428154,1.81978373002991,1.81900232790828,1.81850945606498,1.81825229277659,1.81815852702747,1.81814257110477,1.8181128921221,1.81797978793045,1.81766290205808,1.81709781386029,1.81624114663031,1.81507379317894,1.8136020455241,1.81185661102994,1.80988968075307,1.80777036966868,1.8055789612026,1.80340045475648,1.80131793521705,1.79940626277361,1.7977265274651,1.79632163465887,1.79521329391649,1.7944005820646,1.7938601476087,1.79354802195727,1.79340290609832,1.79335071184131,1.79331005723676,1.7931983496086,1.79293804065205,1.79246261059997,1.79172183702308,1.79068593237915,1.78934819543169,1.78772591507122,1.78585938759725,1.78380905334472,1.7816509154278,1.77947055909503,1.77735622944681,1.77539153227804,1.77364838339499,1.77218083553262,1.77102035417228,1.7701729960727,1.76961877627548,1.76931330657839,1.76919157211307,1.76917350658969,1.76917085429071,1.76909468743113,1.76886289391835,1.76840696751991,1.7676775160162,1.76664804117496,1.76531671939487,1.76370610251159,1.76186084349257,1.75984371345712,1.75773030141573,1.75560286887498,1.75354386631459,1.75162961083933,1.74992458099056,1.74847671454862,1.74731400704771,1.74644261045387,1.74584652926437,1.74548890991504,1.74531482235014,1.74525534260372,1.7452326646404,1.74516590120258,1.74497718046669,1.74459761212339,1.74397268749962,1.74306669744425,1.74186580153689,1.74037946341948,1.73864007769391,1.73670074856597,1.73463133033928,1.73251299281664,1.73043171627697,1.7284712358436,1.72670602956043,1.72519496691206,1.72397619804599,1.72306376802723,1.72244629169751,1.7220878366834,1.72193095389843,1.72190158888602,1.72191542643808,1.72188508553238,1.72172750689074,1.72137086892791,1.72076042846157,1.71986280100959,1.7186683560856,1.71719158600676,1.71546949167098,1.71355819654746,1.71152813577379,1.70945826135164,1.70742975355159,1.70551973460683,1.70379544925314,1.70230931553658,1.70109516725203,1.70016591472992,1.69951275052032,1.69910592615915,1.69889702932653,1.69882260000482,1.69880884216278,1.69877711677109,1.69864984579644,1.69835641885589,1.6978386783625,1.69705556913511,1.69598657771835,1.69463365650349,1.6930214269835,1.69119558079418,1.68921953901244,1.68716957889246,1.68512877970863,1.68318026104297,1.68140027324732,1.67985173867002,1.67857882549772,1.67760306134453,1.6769213651406,1.67650620415197,1.67630788477428,1.67625878205185,1.67627912630876,1.6762838169366,1.6761896398047,1.67592223571667,1.67542220468803,1.67464982842779,1.67358803810644,1.67224342811459,1.67064529873498,1.6688428820404,1.66690104991058,1.66489490981021,1.66290375737783,1.66100487470965,1.65926764370381,1.65774839227625,1.65648631635651,1.65550073078142,1.65478980475372,1.65433083811604,1.65408203765303,1.65398566128122,1.65397231491339,1.65396611433754,1.65389036526915,1.65367337213257,1.65325396399265,1.65258632829543,1.65164377282887,1.65042109526767,1.6489353274665,1.64722473532835,1.64534608846447,1.6433703575384,1.64137713890556,1.63944823204172,1.6376608912979,1.63608132723994,1.63475903488878,1.63372247203668,1.63297650211446,1.63250186125384,1.63225672290877,1.63218023494306,1.63219771493884,1.63222703064866,1.63218558185923,1.63199724966752,1.63159869400787,1.63094445675969,1.63001045504432,1.6287956110822,1.62732154207611,1.62563040668132,1.62378115663782,1.62184456021507,1.61989744083434,1.61801660778149,1.61627294924031,1.6147261171604,1.61342016663908,1.61238042790175,1.61161179441889,1.61109851273775,1.61080546311537,1.61068082840734,1.61065996441538,1.61067021041021,1.61063631652709,1.61048611828713,1.61015606101638,1.60959617189275,1.60877409796429,1.60767787705282,1.60631718547147,1.6047229097973,1.60294501435444,1.60104881337909,1.59910989622448,1.59720808261586,1.59542088916174,1.59381705504598,1.5924506936908,1.59135660229224,1.59054717230592,1.59001120723524,1.58971478149486,1.58960408281886,1.58960999109714,1.58965397980453,1.58965480117528,1.58953534677867,1.58922906811529,1.58868539661561,1.58787371101002,1.58678554839319,1.58543492537565,1.58385680820184,1.58210392787669,1.58024226419987,1.57834561215747,1.57648969159136,1.57474626750319,1.57317771870577,1.57183243431245,1.57074133922672,1.56991575935736,1.5693467414294,1.56900584621228,1.56884734173793,1.56881163772905,1.5688297264923,1.56882833123845,1.56873541273349,1.5684856524887,1.56802551891214,1.56731753531911,1.56634340783036,1.5651057377658,1.56362813587056,1.56195367072921,1.56014171422408,1.55826338308558,1.55639590532754,1.55461635041895,1.55299523962231,1.551590587241,1.55044290726528,1.54957165067912,1.5489734200703,1.54862215007837,1.54847126005582,1.54845759823456,1.54850682505999,1.54853974624118,1.54847901877501,1.54825562518935,1.54781454466927,1.54711913911933,1.54615390551955,1.54492540660048,1.54346136142153,1.54180803798763,1.54002622638917,1.5381861722423,1.53636191082841,1.53462546187476,1.53304132721102,1.53166168516142,1.53052260434093,1.52964151349705,1.52901607046172,1.52862447816311,1.52842720347861,1.52836996862678,1.52838780718531,1.52840990999033,1.5283649327393,1.52818640004236,1.52781782306275,1.52721715278316,1.52636022090208,1.52524287688749,1.52388161237655,1.52231256988603,1.5205889557694,1.51877700888154,1.51695080561624,1.51518629649992,1.51355505661308,1.51211828022193,1.51092155062551,1.50999086551,1.50933029785282,1.50892153028113,1.50872532978969,1.50868484713711,1.50873045074086,1.50878565801552,1.50877362441872,1.50862360317303,1.50827680107071,1.50769112509034,1.50684443132857,1.50573603736876,1.50438642399878,1.50283521400455,1.50113765854378,1.49935997328431,1.49757393993232,1.49585122176322,1.49425783641592,1.49284919099387,1.49166602099011,1.49073149391013,1.49004964825987,1.48960524500407,1.48936501645282,1.48928021044595,1.48929024854694,1.4893272481291,1.48932110198939,1.48920476793059,1.48891939751229,1.4884189310178,1.4876738073927,1.48667348516256,1.48542754311796,1.4839652257168,1.48233341306016,1.48059312158387,1.47881476930694,1.47707255674194,1.47543840894821,1.47397598416203,1.4727352708384,1.47174826241293,1.47102611720856,1.47055808498147,1.47031232270911,1.47023854621726,1.47027228978988,1.47034039209845,1.47036721070745,1.47028100193843,1.47001989489846,1.46953693784534,1.46880379461386,1.4678128056618,1.46657728593104,1.46513009256378,1.46352064314395,1.46181068615428,1.4600692107422,1.45836692869795,1.45677076858424,1.45533879477008,1.45411590950904,1.45313062184597,1.4523930806074,1.45189447682256,1.4516078291833,1.45149007869636,1.45148533839604,1.45152907311007,1.4515529250293,1.45148985575597,1.45127924739704,1.45087159693605,1.4502324521032,1.44934527517827,1.44821298431414,1.44685800883077,1.44532080172636,1.44365687287464,1.44193253107336,1.44021964148685,1.43858980529619,1.43710843887308,1.4358292605037,1.43478967690431,1.43400749752461,1.43347929545214,1.43318058859463,1.43306784745491,1.4330821634033,1.43315425260101,1.43321034342942,1.43317841373286,1.43299421710638,1.4326065668898,1.43198142777149,1.43110448739875,1.42998202924104,1.42864008605129,1.42712200373184,1.42548467387214,1.42379378944869,1.42211853669658,1.42052615608705,1.41907678966438,1.41781898658414,1.41678617109345,1.41599429526863,1.41544080965567,1.41510499425064,1.41494960437012,1.41492370425088,1.41496648838162,1.41501182890669,1.41499323911412,1.41484891035852,1.41452646542269,1.41398707802399,1.41320863813739,1.41218769701777,1.41094000346285,1.4094995410501,1.40791608953035,1.4062514545215,1.40457462811705,1.40295624755742,1.40146279811162,1.40015104955591,1.39906321564731,1.3982232792458,1.39763483357753,1.39728065930116,1.39712409949722,1.39711212643809,1.39717983304908,1.39725594603403,1.39726886177316,1.39715266081013,1.39685256655104,1.39632937655392,1.39556250200485,1.39455138922233,1.39331525009299,1.39189117959326,1.39033087305976,1.38869626200875,1.38705445780712,1.3854724248444,1.38401180086329,1.38272424683856,1.38164764915849,1.38080342035417,1.38019505842178,1.37980803519755,1.37961099634128,1.37955817300347,1.37959283086753,1.37965151811919,1.3796688221525,1.37958230788267,1.37933729096484,1.37889109947878,1.37821649980581,1.37730400780089,1.37616287493638,1.37482062887015,1.37332115441516,1.37172141719018,1.37008704921681,1.36848712285453,1.36698852562014,1.36565040307919,1.36451915159912,1.36362441234785,1.36297644229155,1.36256512213448,1.36236071519285,1.36231632925228,1.36237187235134,1.36245915074568,1.36250764903863,1.36245047069935,1.36222990835231,1.36180215728709,1.36114077637274,1.36023862656815,1.35910816356629,1.35778011141282,1.35630068264397,1.3547276248965,1.3531254555222,1.35156029052026,1.35009468232313,1.34878285634186,1.34766668485255,1.34677266623312,1.34611009523968,1.34567052252703,1.34542851420822,1.34534363891209,1.34536353364309,1.34542783330794,1.34547269421952,1.34543560126008,1.34526012386032,1.34490027992574,1.34432418164435,1.34351667438207,1.34248073990394,1.34123751643845,1.33982488705576,1.3382946986801,1.33670878878334,1.33513410549047,1.33363729852566,1.33227922251224,1.33110982173331,1.33016385069966,1.32945782590418,1.32898850386314,1.32873304692285,1.32865088395985,1.32868711394321,1.3287771535296,1.32885221156854,1.32884509665543,1.32869583699136,1.32835661722403,1.32779561079531,1.32699939901816,1.32597380589693,1.32474312484836,1.3233478544829,1.32184118206161,1.32028454516675,1.31874265877985,1.31727841508232,1.31594804956941,1.31479692500503,1.31385622127323,1.31314074149832,1.31264795963819,1.31235834793742,1.3122369388409,1.31223599866788,1.31229862199759,1.31236299831728,1.31236705806491,1.31225317603847,1.31197259860057,1.31148926930632,1.31078275709858,1.30985004272708,1.30870599185994,1.30738243481122,1.30592587790535,1.30439398292597,1.30285105972055,1.30136291266369,1.29999145398401,1.29878953656204,1.29779645865868,1.29703454979269,1.29650716201641,1.29619827050088,1.29607374249891,1.29608417871388,1.29616908212361,1.29626198271652,1.29629605659625,1.29620973449199,1.29595180217691,1.29548555178286,1.29479164099322,1.29386944464463,1.29273682565259,1.29142839388218,1.28999244838928,1.288486899224,1.28697453275813,1.28551801667523,1.28417503860033,1.28299394010607,1.28201015179534,1.28124366256743,1.28069767415654,1.28035850675014,1.28019673778044,1.28016947747623,1.28022361429161,1.28029980324795,1.28033692260796,1.28027669110457,1.28006812117888,1.27967148542708,1.27906149558998,1.27822943702234,1.27718406633139,1.27595116363058,1.27457172946386,1.27309892370757,1.27159395148225,1.27012119960663,1.268743006088,1.2675144949468,1.26647892176043,1.26566394734171,1.265079187657,1.26471528173088,1.26454458483,1.26452344466394,1.2645958692829,1.26469826297382,1.26476480534124,1.26473299001267,1.26454882925138,1.26417126970546,1.26357544725216,1.26275452504088,1.26171999459514,1.26050046008966,1.25913905631621,1.25768975944121,1.25621292801887,1.25477045556039,1.25342092512404,1.2522151342633,1.25119231101187,1.25037727524507,1.24977872165059,1.24938871698769,1.24918342071671,1.249124958717,1.24916430782761,1.24924498661648,1.24930729699819,1.24929282401854,1.24914887942179,1.24883257061487,1.248314192091,1.24757967236661,1.24663186612656,1.24549055724282,1.24419113037992,1.24278197156321,1.24132076381995,1.2398699437673,1.23849166907889,1.23724270561766,1.23616966849957,1.23530503784354,1.23466431564464,1.23424459785097,1.23402471276717,1.2339669347996,1.23402013558221,1.23412409822413,1.2342146097794,1.23422887444425,1.23411076340491,1.23381543907291,1.23331295824061,1.23259056195293,1.23165348733058,1.23052427382199,1.22924066884293,1.22785235263175,1.22641678980629,1.22499457003402,1.22364462099202,1.22241966546889,1.221362255746,1.220501658654,1.21985179096417,1.2194103237592,1.21915899182913,1.21906506438478,1.21908385981294,1.21916212244238,1.21924202554325,1.21926552397595,1.21917875385263,1.2189361670919,1.21850409763488,1.21786348479251,1.21701152824141,1.21596211764904,1.21474496507013,1.21340346549482,1.21199141373651,1.21056880600784,1.20919704263946,1.20793391483046,1.20682879452924,1.2059184463086,1.2052238405234,1.20474826922997,1.20447695576813,1.20437821528218,1.20440607998881,1.20450416481787,1.20461043121303,1.2046624223378,1.20460250089824,1.20438262559262,1.20396825268012,1.20334103880949,1.20250013910975,1.20146202693484,1.20025889421031,1.19893581090436,1.19754691822459,1.19615099573948,1.19480677470593,1.1935683692611,1.192481167761,1.19157847436292,1.19087912266523,1.19038620540006,1.19008698273398,1.18995395166495,1.18994698424188,1.1900163757473,1.19010658765885,1.19016042590591,1.19012336449748,1.18994770997072,1.18959630512455,1.18904549252042,1.18828709986354,1.18732927019157,1.18619603791697,1.18492564342661,1.18356767829344,1.18217925252618,1.18082046583423,1.17954953744115,1.17841799494297,1.17746633506535,1.17672054368119,1.17618979869838,1.17586558145845,1.17572229844372,1.17571937718559,1.17580466230918,1.17591881432022,1.17600031864024,1.17599065617874,1.17583917548664,1.1755072408857,1.17497130613478,1.17422466989708,1.17327779513032,1.17215720568054,1.17090309625976,1.16956589508797,1.16820209361136,1.16686970069629,1.16562368917862,1.1645117833635,1.16357089199905,1.16282442872419,1.16228068780577,1.16193236349202,1.16175722179561,1.16171985799733,1.16177440465036,1.16186799578864,1.16194474548717,1.16194996471904,1.16183432125464,1.16155764471967,1.1610920943349,1.1604244413426,1.15955727172944,1.1585089861048,1.15731255922439,1.15601311661382,1.15466448334746,1.15332495216309,1.1520525957596,1.15090050244453,1.14991233774003,1.14911862217556,1.14853406578628,1.14815621521721,1.1479655562756,1.14792708352143,1.14799321219519,1.14810778095728,1.148210790445,1.14824345392113,1.14815310968971,1.14789756303953,1.14744848562158,1.14679359489764,1.14593745432768,1.14490086289776,1.14371892688678,1.14243801548516,1.14111188587872,1.13979731705555,1.13854961297924,1.13741832650158,1.13644351984732,1.1356528217386,1.13505947177948,1.13466146580975,1.13444183704946,1.13437003158362,1.13440426668556,1.13449469929569,1.13458718158439,1.13462734256704,1.13456471089258,1.13435658596127,1.13397137400278,1.13339113365512,1.13261312206918,1.131650196662,1.13053000696342,1.12929300135679,1.12798936880015,1.12667512812507,1.12540765866932,1.12424102723609,1.12322150002732,1.12238362846055,1.12174726171207,1.12131576728981,1.12107563902834,1.12099754865426,1.12103876451343,1.12114673281321,1.12126350651952,1.12133062700849,1.1212940226387,1.12110849093666,1.1207413761776,1.12017513590512,1.11940859851665,1.11845683710218,1.1173497090318,1.11612922385916,1.11484599371871,1.11355508371068,1.11231161178467,1.11116644888605,1.1101623439297,1.109330749719,1.10868956148578,1.10824190577933,1.10797603993451,1.10786634617969,1.10787533328819,1.10795649528748,1.10805782334187,1.1081257254448,1.10810908069765,1.10796314221684,1.10765300644873,1.1071563880196,1.1064654788079,1.10558772724617,1.10454544696528,1.10337424909145,1.10212038443984,1.10083717370039,1.09958078751655,1.09840570560503,1.09736022667148,1.09648241240063,1.09579682553193,1.09531236372676,1.0950214011189,1.09490033539802,1.09491151062907,1.09500635774047,1.0951294794829,1.09522331731253,1.09523298387192,1.09511083221984,1.09482036266262,1.09433913609873,1.09366046098493,1.09279373791749,1.09176346840826,1.09060705007385,1.08937157840732,1.08810994774997,1.08687658661777,1.08572317424267,1.08469466833333,1.08382593335712,1.08313920016486,1.08264251786212,1.08232928334053,1.08217885789622,1.08215820808623,1.0822244427145,1.08232806203604,1.08241669070488,1.08243903417229,1.08234878069637,1.08210816940615,1.08169096024833,1.08108457476489,1.08029122720411,1.07932793201714,1.07822535347664,1.07702555142437,1.07577876772608,1.07453948325177,1.07336204688809,1.07229622832327,1.07138306840626,1.07065139011053,1.0701152878296,1.06977283491074,1.06960614499982,1.06958280148265,1.06965854309539,1.06978097574137,1.06989398335969,1.0699424450574,1.06987683893578,1.06965732785714,1.06925697655976,1.06866383623352,1.06788174170782,1.06692978564233,1.06584055103314,1.06465728653817,1.06343028961678,1.06221281467488,1.06105684537538,1.06000906333579,1.05910731334781,1.05837781333968,1.05783329167029,1.05747216117525,1.05727876425863,1.05722465074685,1.05727078355416,1.05737050895154,1.0574730804177,1.05752748947239,1.05748633512295,1.05730945692994,1.05696706631916,1.05644213743635,1.05573186274963,1.05484803884983,1.05381632205836,1.05267437744398,1.05146903307237,1.05025263691961,1.04907888916512,1.04799847958235,1.04705489121209,1.04628073202882,1.04569492335882,1.04530100829861,1.04508674983943,1.04502507476868,1.04507629648919,1.04519143030839,1.0453163114174,1.04539615009607,1.04538011890988,1.04522556689915,1.0449014955192,1.04439100543806,1.04369252347982,1.04281973359753,1.04180025231377,1.04067319583812,1.03948587347256,1.0382899033693,1.03713707895271,1.03607531733171,1.03514499762116,1.03437595216954,1.0337853132607,1.03337634803713,1.03313834073039,1.03304750848638,1.03306886897173,1.03315891753749,1.03326892123137,1.03334859805114,1.03334992391795,1.03323079828945,1.0329583034409,1.0325113131936,1.03188224453767,1.03107779948197,1.03011861268262,1.02903779967898,1.02787848604972,1.02669048311907,1.02552635353084,1.02443717227832,1.02346832841707,1.02265572390613,1.02202270527534,1.02157801057519,1.02131493139242,1.02121178435961,1.02123366842782,1.02133536508296,1.0214651311428,1.02156904936911,1.02159555017197,1.02149970389547,1.02124690881531,1.02081566162994,1.02019918738651,1.01940581406414,1.01845809162946,1.01739076452353,1.01624779989204,1.01507874367632,1.01393471850869,1.01286439021375,1.01191021556928,1.01110524691922,1.01047071463866,1.01001454227773,1.00973087732064,1.0096006480792,1.00959308843371,1.00966811000218,1.0097793481516,1.00987766593403,1.00991487018006,1.00984737802838,1.0096395712637,1.00926659083868,1.00871635535041,1.00799063482136,1.00710507356087,1.00608813032895,1.00497898610059,1.00382455367718,1.00267580241275,1.00158367801357,1.00059494436689,0.999748295267569,0.999071074382937,0.998576900386611,0.998264422844241,0.998117338505637,0.998105685596342,0.998188316376197,0.998316337827769,0.998437218820519,0.998499199544418,0.998455612208527,0.998268733614014,0.997912838525951,0.997376201971488,0.996661899511002,0.995787365865995,0.994782782215225,0.993688460244164,0.992551468220652,0.991421795519534,0.990348374842347,0.989375276594512,0.988538360784833,0.987862623488731,0.987360413277017,0.987030623878045,0.986858897881667,0.98681880685617,0.986873909370337,0.986980532851069,0.987091079996756,0.98715762710396,0.987135561403036,0.986986998553736,0.986683730932826,0.986209482936987,0.985561291130915,0.984749883580971,0.983799001850419,0.982743687286017,0.981627635337027,0.98049980131292,0.979410510950979,0.978407382126359,0.977531393526699,0.976813437292522,0.976271663006521,0.975909860516202,0.975717042855942,0.975668285359173,0.975726762998591,0.97584681666481,0.975977782217683,0.976068244184736,0.976070336860739,0.97594371356193,0.975658839853281,0.975199334274466,0.97456317238479,0.973762676402083,0.972823321960953,0.971781494629872,0.970681412522397,0.969571490984725,0.968500457549839,0.967513529963351,0.966648949628094,0.965935121633966,0.96538855601053,0.965012738701646,0.964797990551205,0.964722303133489,0.964753075358577,0.964849617224399,0.964966238954646,0.965055706771912,0.965072822212819,0.964977871456966,0.964739695567924,0.964338152441758,0.963765776789948,0.963028495071664,0.962145316202075,0.961146992912373,0.960073728178028,0.958972080319836,0.957891292552611,0.956879330884204,0.95597895161658,0.955224130725591,0.95463716874173,0.954226736023855,0.953987047402506,0.9538982581234,0.953928063622082,0.95403437467334,0.954168838509969,0.954280896599015,0.954322019714761,0.954249746134313,0.954031170506069,0.953645586391042,0.953086068143738,0.952359878301907,0.951487693961912,0.950501748570538,0.949443074369686,0.948358098049147,0.947294883619514,0.946299330736939,0.945411625064143,0.944663203366584,0.94407444507328,0.943653239748548,0.943394511879863,0.943280715433315,0.943283244762649,0.943364648900467,0.943481485513433,0.94358761072323,0.943637672954129,0.943590564097816,0.943412580633397,0.943080061770779,0.942581301576755,0.941917576954327,0.9411031918069,0.940164507106115,0.939138003003139,0.938067497356149,0.937000718722464,0.935985494012818,0.935065854868696,0.934278386699514,0.933649136291032,0.93319135647522,0.932904300996722,0.932773194160844,0.932770395941236,0.93285767410846,0.932989391830992,0.933116333005612,0.933189827606555,0.933165812189945,0.933008469293619,0.932693132610559,0.932208217232613,0.931556027511759,0.930752398824892,0.929825232913473,0.92881207942362,0.927756990551384,0.926706925731602,0.925708006652801,0.924801920109777,0.924022740297484,0.923394397632586,0.922928963371037,0.922625853677235,0.922471988603105,0.922442875139039,0.922504522597362,0.922616045614222,0.922732766886156,0.92280959994883,0.922804473222337,0.922681551305976,0.922414018869529,0.921986216808437,0.921394959443509,0.920649914510591,0.919772992416559,0.918796764255668,0.917762004554374,0.916714528770614,0.915701560732115,0.914767914858076,0.913952306099892,0.913284102374089,0.912780807446677,0.912446507314603,0.912271433827191,0.912232702221272,0.912296173402532,0.912419287744162,0.912554625868068,0.912653883310529,0.912671907713557,0.912570443287936,0.912321257860646,0.911908389097474,0.91132933142363,0.910595084277041,0.909729084948217,0.908765144959946,0.907744588890456,0.906712852445974,0.905715829039597,0.904796260552039,0.903990450253566,0.903325537962212,0.902817524582425,0.902470170807282,0.90227482823454,0.902211194942078,0.902248925370199,0.902349969115125,0.902471467243519,0.902568999684605,0.902599954367044,0.902526779018784,0.902319880805219,0.901959957889027,0.901439580658763,0.900763888025209,0.899950323998026,0.89902740877727,0.898032612700747,0.897009475287885,0.896004179072552,0.895061842287817,0.8942228295443,0.893519390477007,0.892972919913724,0.892592088902283,0.892372026266036,0.892294640622328,0.892330071143591,0.892439151838678,0.892576679526837,0.89269520003121,0.89274897861163,0.892697804586402,0.892510298148053,0.892166437308815,0.891659098801085,0.89099449992193,0.890191528595862,0.889280046064043,0.88829833137127,0.887289901985056,0.886299985879393,0.885371935657766,0.884543865961007,0.883845764832266,0.883297282541217,0.8829063428285,0.882668656885153,0.882568154510567,0.882578283928518,0.882664074877362,0.882784811140218,0.882897120358372,0.882958262183779,0.882929381781767,0.882778495333965,0.882482988078192,0.882031433666718,0.881424585766628,0.880675447585533,0.879808389966696,0.87885736012393,0.877863296023653,0.876870930041624,0.87592522358654,0.875067715756917,0.874333088392685,0.873746243257433,0.873320153058122,0.873054687993549,0.872936537931262,0.872940254211449,0.873030333555491,0.873164169857927,0.87329561802359,0.873378856420298,0.873372207289486,0.873241580428916,0.872963243661839,0.87252568949681,0.87193045349467,0.87119183673854,0.870335582216506,0.869396643217335,0.868416253129288,0.867438555001441,0.866507073348761,0.865661310069422,0.864933723379196,0.864347307474352,0.863913936359091,0.863633573305055,0.863494382703714,0.863473717804736,0.863539899393833,0.863654649546688,0.863776003283576,0.863861490761583,0.863871364663125,0.863771642513612,0.863536742479905,0.863151514173637,0.862612502919195,0.861928335759557,0.861119178031391,0.860215277433091,0.859254683838346,0.858280302346976,0.857336498131817,0.856465518289766,0.855704022527515,0.855080016922884,0.854610461050447,0.854299768771107,0.854139350061372,0.85410825132733,0.854174853072833,0.854299486463255,0.854437744419544,0.854544197560874,0.854576187650614,0.854497365285454,0.85428066495722,0.853910466160616,0.853383767463092,0.852710292601953,0.851911543875932,0.851018908713261,0.850071001958338,0.849110482843219,0.848180618155367,0.847321870962257,0.846568779130929,0.845947353392342,0.845473175531833,0.845150318531794,0.844971147168936,0.844916994242892,0.844959648103869,0.845063534361139,0.845188430682055,0.845292519984804,0.845335565357312,0.84528198076373,0.845103575795328,0.844781770740924,0.844309109956564,0.843689946158332,0.842940224255536,0.842086357975367,0.841163261860062,0.840211670221094,0.839274937593998,0.838395566212807,0.837611739370925,0.836954150541814,0.836443403772667,0.836088220522979,0.835884624013892,0.835816189297413,0.835855353023873,0.835965680333839,0.836104897262799,0.836228425028147,0.836293105486359,0.83626079007095,0.83610147934292,0.835795744976134,0.835336235372901,0.834728152421613,0.833988680843317,0.833145443394881,0.832234136025886,0.831295559973756,0.830372308323544,0.829505381023094,0.828730995445253,0.828077832088791,0.82756491117862,0.827200240852706,0.826980316465996,0.82689048794057,0.826906151913783,0.826994670797389,0.827117874234028,0.827234961711237,0.827305599614436,0.827292992705204,0.827166709603464,0.826905054861973,0.826496806830592,0.825942180235452,0.8252529238429,0.82445152432919,0.823569554120183,0.822645269099556,0.821720626401848,0.820837947117364,0.820036487803818,0.819349203244405,0.818799977510159,0.818401569755189,0.818154466395462,0.81804675613727,0.818055055082303,0.818146414331285,0.818281051779781,0.81841567268361,0.81850708829481,0.818515814383907,0.818409334752797,0.81816474847097,0.817770579628712,0.817227608015047,0.816548669475559,0.815757466307649,0.814886511957683,0.813974402989532,0.813062659411512,0.812192399154059,0.811401113637331,0.810719791157425,0.810170597087536,0.809765269319567,0.809504328870661,0.809377143885862,0.809362824659373,0.809431871311469,0.809548447053847,0.809673110424117,0.809765810843247,0.809788934479346,0.809710182624019,0.80950507321309,0.809158877891699,0.808667841736459,0.808039579376211,0.807292597940041,0.806454961065265,0.805562175011761,0.804654442691526,0.803773488559661,0.802959201236288,0.802246366340953,0.801661765292604,0.801221894500709,0.800931513619944,0.800783164288285,0.800757717551412,0.800825916593422,0.800950790345342,0.801090732362104,0.801202976756593,0.801247165873832,0.801188696860496,0.801001556970864,0.800670407558749,0.800191748514719,0.799574080550438,0.798837073131994,0.798009831839577,0.797128432353916,0.796232943049515,0.795364190774563,0.794560533842953,0.793854893811953,0.793272266307197,0.792827885300611,0.792526159823242,0.792360442059985,0.792313625508246,0.792359514953021,0.792464859230698,0.792591895352089,0.79270122025111,0.792754785452973,0.792718801128693,0.792566339853648,0.792279447232608,0.791850596342912,0.791283364961382,0.790592267124637,0.789801731056852,0.788944280259531,0.788058039112141,0.787183743475838,0.786361484925935,0.785627448976264,0.785010918609246,0.78453180189838,0.78419890597124,0.784009120874226,0.783947600393245,0.783988939203872,0.784099255317554,0.784239002935132,0.784366272405129,0.784440288350484,0.784424799070321,0.784291061942973,0.784020169387825,0.783604523452535,0.783048347148187,0.782367208543021,0.781586620280357,0.780739854314965,0.779865172587401,0.779002714570542,0.778191300093495,0.777465401014562,0.776852510723061,0.776371100072077,0.776029296842171,0.775824367963758,0.775743023960712,0.775762507378912,0.775852374559585,0.775976835429789,0.776097480719034,0.776176201410868,0.776178092289881,0.77607413091311,0.775843435645779,0.775474931501108,0.77496828979251,0.774334055758481,0.773592935229423,0.77277427391361,0.771913826774525,0.771050975233557,0.770225601182635,0.769474863805046,0.768830143413583,0.768314412582419,0.767940267287769,0.767708800492397,0.767609431142578,0.767620718806778,0.767712105879339,0.76784644410415,0.767983088945179,0.768081291931766,0.768103593437135,0.768018919433352,0.767805115305638,0.767450704311291,0.766955731613893,0.766331639080664,0.765600202409562,0.764791642056393,0.763942085525115,0.763090605622966,0.762276084515703,0.761534156502667,0.760894465065777,0.76037843521494,0.759997714808667,0.759753383217251,0.759635967122143,0.759626245495347,0.759696772166239,0.759813997435958,0.75994083196312,0.760039468162176,0.7600742577113,0.760014439141086,0.759836517258848,0.759526116486272,0.759079162766559,0.758502292551959,0.757812440614546,0.757035618161185,0.756204955218035,0.755358141959743,0.754534457500461,0.753771616341122,0.753102687291428,0.752553343503139,0.75213968327661,0.751866819701952,0.751728375469138,0.751706942143929,0.751775477753266,0.751899531016603,0.752040103832128,0.752156903829844,0.752211702353045,0.752171504039091,0.75201125319637,0.751715847253425,0.751281293612376,0.750714925945137,0.750034680798655,0.749267516760883,0.748447128796712,0.747611163803281,0.746798176226778,0.746044573387532,0.74538178995403,0.744833902660009,0.744415853938254,0.744132401208197,0.743977851647376,0.743936584623048,0.74398430925116,0.744089955764338,0.744218058690609,0.744331458782095,0.744394130279828,0.744373931319715,0.744245078708042,0.743990164174303,0.743601557276403,0.743082079532741,0.742444883564086,0.741712527700146,0.740915297314192,0.74008888480772,0.739271595725724,0.738501293806628,0.737812328043691,0.737232696045322,0.736781687445565,0.736468218051712,0.736290011413535,0.736233713628229,0.736275945685332,0.736385213218474,0.736524514563599,0.736654422737217,0.736736372407792,0.736735864087869,0.736625306668116,0.736386254893468,0.736010856340257,0.73550239648113,0.734874912643334,0.734151929643737,0.733364443626849,0.732548339558066,0.731741467493325,0.730980621137519,0.730298659547532,0.729721991201903,0.729268602492782,0.728946764346522,0.728754495845399,0.72867980686923,0.728701686701209,0.728791755258565,0.728916450459672,0.729039591064868,0.729125130523977,0.729139904865215,0.72905617699651,0.728853791191803,0.728521774958821,0.728059260446489,0.727475642833103,0.726789946597287,0.726029429143344,0.72522751107888,0.724421179047514,0.723648055490496,0.722943365072386,0.722337045334845,0.721851246294541,0.721498438893133,0.721280306308054,0.721187528216601,0.721200491351724,0.721290877091612,0.721423996566107,0.721561674224403,0.7216654294293,0.721699677930785,0.721634673963153,0.721448939259768,0.721130974644667,0.720680117576924,0.720106487697132,0.719430043757198,0.718678851237282,0.717886723575901,0.71709044616048,0.716326818072941,0.71562975133921,0.715027652495253,0.71454127975759,0.714182225096005,0.713952118525078,0.713842596302685,0.713836019396965,0.713906876965026,0.714023764400078,0.714151788734707,0.714255227193392,0.714300248419705,0.714257501082739,0.71410438167033,0.713826812384362,0.713420390704633,0.71289081330817,0.712253526872189,0.711532614306621,0.710758983700752,0.709967984420672,0.709196625520521,0.708480611060334,0.707851430663907,0.707333748255222,0.706943315355825,0.706685597496463,0.706555245375905,0.706536470899857,0.706604308591371,0.706726662741588,0.70686696811383,0.706987234602196,0.707051210208795,0.707027386051522,0.706891582997626,0.706628900041257,0.706234865097608,0.70571570286082,0.705087714004169,0.704375837268583,0.703611533527953,0.702830182898968,0.702068218679729,0.701360233985755,0.700736289135033,0.700219622505354,0.699824928324616,0.699557315957191,0.699412011230436,0.699374805417144,0.69942320518788,0.699528189940404,0.69965644353433,0.699772897260561,0.699843401088965,0.699837331661336,0.699729948529306,0.699504324863645,0.699152705056786,0.698677178599829,0.698089605896448,0.697410784936681,0.696668904786275,0.695897388742186,0.695132282336816,0.694409384425289,0.69376134874483,0.693214994684988,0.69278905702784,0.692492574474114,0.692324067334558,0.692271589396634,0.692313663154606,0.692421028363893,0.692559059195086,0.692690642973435,0.692779270275229,0.692792066635057,0.692702502337277,0.692492547993487,0.692154096416803,0.691689539920076,0.691111469190367,0.690441537327418,0.689708602958502,0.688946323359624,0.688190407860325,0.68747576119512,0.686833745715981,0.686289772281695,0.685861395481826,0.685557043774452,0.685375463466012,0.685305901358145,0.685328998021149,0.685418315172263,0.685542379034136,0.685667088620123,0.685758314835828,0.68578450391492,0.68571909760708,0.685542593037573,0.685244087173455,0.684822183705421,0.68428518260245,0.683650522667032,0.68294350240239,0.682195360851968,0.681440853493205,0.680715504071218,0.680052746868469,0.679481191376458,0.679022239779091,0.678688265675112,0.678481520567749,0.678393875544512,0.678407434133365,0.678495975130546,0.678627108775521,0.678764963632802,0.678873171852007,0.678917892518236,0.678870609703849,0.678710463919997,0.678425920391556,0.678015639932506,0.677488491457605,0.676862721755104,0.67616437049181,0.675425079794663,0.674679493027777,0.673962463559715,0.673306300615445,0.672738266905857,0.672278514268068,0.671938602678605,0.671720698936773,0.671617498381918,0.671612860180188,0.67168309728241,0.671798818648241,0.671927185668579,0.672034418370653,0.672088371042241,0.672060992038784,0.671930489017767,0.671683038609069,0.671313908159798,0.670827895768783,0.670239041706346,0.669569616995776,0.668848450100751,0.66810870637972,0.667385282889387,0.666712018756841,0.666118944470083,0.665629798677601,0.665260026510799,0.665015439012815,0.664891660984418,0.664874428422012,0.664940722442928,0.665060651197106,0.665199922384422,0.665322693910185,0.665394554832187,0.665385376862502,0.665271789513339,0.665039068091324,0.664682279214539,0.664206597341468,0.663626780637891,0.662965867734193,0.662253221596645,0.661522097332594,0.660806943586306,0.660140660576919,0.659552032106528,0.659063526144443,0.658689622312235,0.658435778863787,0.65829810075682,0.65826371803784,0.658311833458865,0.658415352927927,0.658542974349035,0.658661581235087,0.658738768213084,0.658745316865339,0.658657442728272,0.658458647895093,0.658141038281382,0.657705999359958,0.657164167567533,0.656534684504302,0.655843774653256,0.655122741035959,0.654405522744076,0.653725999124115,0.653115253295208,0.652599019160694,0.652195528812376,0.651913950416197,0.651753561378994,0.651703740997073,0.651744796045031,0.651849558517523,0.651985624314792,0.652118042240332,0.652212220500776,0.652236797562085,0.652166228021403,0.651982861684899,0.65167834218319,0.65125421488134,0.650721705799484,0.650100706426263,0.649418066587861,0.648705352826316,0.647996268597409,0.647323952662294,0.646718373075576,0.646204017717097,0.645798051224773,0.645509066143988,0.645336507230956,0.645270796260164,0.645294134118271,0.645381910457061,0.64550461103675,0.645630080850696,0.64572597849925,0.645762245019194,0.645713409015274,0.645560559613519,0.645292839240655,0.64490833894415,0.64441431880506,0.643826723132299,0.643169011897776,0.64247038287088,0.641763509213209,0.641081960700871,0.640457509041336,0.639917535110947,0.639482755467536,0.639165465824316,0.638968460849438,0.638884735210231,0.63889800455178,0.638984012935056,0.639112522063532,0.639249814663625,0.639361496358015,0.639415352471993,0.639384011417327,0.639247185047514,0.638993296601298,0.638620364211344,0.638136076328728,0.637557067637006,0.636907472853417,0.636216894840795,0.635517967807254,0.634843723032505,0.634224972439035,0.633687915182493,0.63325214663411,0.632929211177516,0.632721794199614,0.632623598561106,0.632619900372861,0.63268873128406,0.632802592369236,0.632930570146919,0.633040699711938,0.633102404326977,0.63308883565813,0.632978944479734,0.632759128148438,0.632424328028011,0.631978486311896,0.631434315686401,0.630812384716641,0.630139573765298,0.629447007034068,0.62876761178928,0.628133491705083,0.627573323626963,0.627109992891554,0.626758669839012,0.626525499079216,0.626407025019368,0.626390415708284,0.626454477586052,0.626571382865651,0.62670896607379,0.626833393423591,0.626911973755512,0.626915866588297,0.626822452890969,0.62661716642787,0.626294634347653,0.625859039531472,0.625323687374786,0.624709829121397,0.624044855998261,0.623360027731582,0.62268793176613,0.622059883893508,0.621503477254479,0.621040466682802,0.620685142108832,0.620443301929001,0.620311888861071,0.620279300769717,0.620326340749411,0.620427727202096,0.620554047850393,0.620674013135085,0.620756845415761,0.620774631630378,0.620704468987255,0.620530245869633,0.620243923059324,0.619846212871528,0.619346594549256,0.618762651298517,0.618118764876405,0.617444254224018,0.616771091382906,0.616131366793469,0.615554703114932,0.61506582851526,0.614682514583432,0.614414059806052,0.614260457985794,0.614212335007672,0.614251671596758,0.614353260095445,0.614486776573996,0.614619292637851,0.614718010193616,0.614752981626979,0.614699579542019,0.614540504169563,0.614267160166332,0.613880293131066,0.613389843561003,0.612814045194558,0.612177858917074,0.611510886830745,0.610844949463214,0.610211529983621,0.60963929212438,0.609151864410832,0.608766054870367,0.608490621200074,0.60832567538467,0.608262752828031,0.608285527653798,0.608371110925504,0.608491829591219,0.6086173528434,0.608717010567191,0.608762136391751,0.608728265997611,0.608597029977676,0.608357599599082,0.608007572675289,0.607553224229584,0.607009090888536,0.606396906570091,0.605743956999676,0.605080968270252,0.604439686008448,0.603850332659298,0.603339147415861,0.602926213828602,0.60262376286407,0.602435104425302,0.602354290155367,0.602366548635743,0.602449466394526,0.602574821002755,0.602710912709053,0.602825194703489,0.602886974110226,0.602869949260326,0.60275436449069,0.602528599963495,0.602190066811075,0.601745341582925,0.601209541902748,0.600605010735741,0.599959433622716,0.599303556775567,0.598668700868847,0.598084274491956,0.597575483200381,0.597161407053137,0.596853584553378,0.596655197676568,0.596560905036767,0.596557321932592,0.596624100291135,0.596735520966807,0.596862477350953,0.596974704192089,0.597043089937834,0.5970419054702,0.596950787100995,0.596756326987653,0.596453149200541,0.596044383603418,0.595541491056833,0.594963440082541,0.594335284150862,0.593686236689395,0.593047383951544,0.592449210174421,0.591919131382363,0.591479240753864,0.591144457777588,0.590921245178203,0.590807013342995,0.590790275063169,0.590851548657797,0.590964940911787,0.591100279253919,0.591225611650892,0.591309858280736,0.591325384914488,0.591250275568421,0.591070110502643,0.590779101955206,0.590380499213967,0.589886240563515,0.589315895585114,0.588695000845427,0.588052939920718,0.587420551329847,0.586827663441988,0.586300753673829,0.585860911747881,0.585522256183646,0.585290913119314,0.585164620891817,0.58513297623596,0.585178291752995,0.585276992184806,0.585401441238995,0.585522062928681,0.585609602750842,0.5856373651828,0.585583265243045,0.585431543300994,0.585174013669223,0.584810748030393,0.584350133098619,0.583808286134369,0.583207859481325,0.582576313072354,0.581943778258033,0.581340673454935,0.580795258216452,0.580331324229431,0.579966217304835,0.579709362869932,0.579561429557823,0.579514213720225,0.579551266269418,0.579649217796369,0.57977969480489,0.57991166552809,0.580014013779621,0.5800581178937,0.580020211400373,0.579883322794429,0.579638631357328,0.579286130161946,0.578834550356832,0.578300566158397,0.577707361347086,0.577082689874191,0.576456601132447,0.575859021922026,0.575317391439852,0.574854533763697,0.574486926639224,0.574223489083944,0.574064966998866,0.574003949338932,0.574025500960969,0.574108355078564,0.574226570671213,0.574351529932092,0.574454129121288,0.574507003903416,0.574486627944517,0.574375131384396,0.574161703524441,0.573843471014717,0.573425777913443,0.572921835628526,0.572351756669928,0.571741033391083,0.571118568005738,0.570514399426584,0.569957302234845,0.569472450057442,0.569079337223165,0.568790137393097,0.568608646107716,0.568529907839184,0.568540570829246,0.568619949720054,0.568741712644396,0.568876052304365,0.568992155590264,0.569060758329921,0.569056563856109,0.568960317057737,0.568760357998591,0.568453527578623,0.568045356999568,0.567549536854681,0.566986724058916,0.566382799652869,0.565766733051419,0.565168235498078,0.564615395982779,0.564132486973122,0.563738106729316,0.563443792597334,0.563253199082838,0.563161889454827,0.563157743613477,0.563221941015223,0.56333043811615,0.563455827113941,0.563569438254233,0.563643532599301,0.563653426455887,0.563579392826838,0.563408199232328,0.563134164642938,0.562759650181146,0.562294937181913,0.561757490072836,0.561170647719467,0.560561832262488,0.559960405505573,0.559395335861698,0.558892860230605,0.558474332180994,0.558154438779313,0.557939943032328,0.557829068407488,0.55781158910807,0.557869629131321,0.557979110273132,0.558111730374786,0.558237304229485,0.558326265749377,0.558352114834314,0.558293597589606,0.558136433645001,0.557874446646241,0.557510008954876,0.557053773406297,0.556523727412408,0.555943661813321,0.555341193602139,0.554745514222337,0.554185051499195,0.553685233151782,0.553266524584557,0.552942885797073,0.552720754992634,0.552598623338423,0.55256721989107,0.552610281273009,0.552705840080125,0.552827931377458,0.55294858953586,0.553039989163721,0.553076574753018,0.553037024315485,0.55290590276195,0.552674880678779,0.552343422686218,0.551918885516885,0.551416007598363,0.550855816881961,0.550264028916721,0.549669049282908,0.549099729904673,0.548583054053585,0.548141937069058,0.547793326784292,0.547546768411939,0.547403563865145,0.54735660754541,0.547390923436069,0.547484866978424,0.547611895459599,0.547742758465381,0.547847920830981,0.547900008712031,0.547876067285227,0.54775943636623,0.547541085949871,0.547220303547998,0.546804684048243,0.54630943464355,0.54575606606866,0.545170591463904,0.544581391506436,0.544016926477659,0.543503481810487,0.543063124031305,0.54271202083337,0.542459245252662,0.542306143106825,0.542246298634286,0.542266088951897,0.542345776360852,0.542461050998942,0.542584906716197,0.542689711697751,0.542749323116088,0.54274109236865,0.542647614331457,0.542458090354865,0.542169199909846,0.541785408820099,0.541318681254608,0.540787605912495,0.540215991423501,0.539631028793079,0.539061156279687,0.538533790856484,0.538073107173824,0.537698047311511,0.537420731364665,0.537245410182663,0.537168058991995,0.537176657330346,0.537252141285671,0.537369954094144,0.537502066692678,0.537619296419934,0.537693724221494,0.53770100140615,0.537622347306967,0.537446068117381,0.537168471627862,0.536794107823277,0.53633532555456,0.535811194790438,0.535245896754784,0.534666725990496,0.534101875842982,0.533578190447208,0.533119062173303,0.532742635258615,0.532460446688045,0.532276597500274,0.532187505022084,0.532182242464968,0.532243429983296,0.532348603301103,0.53247195432788,0.532586314167484,0.532665233521714,0.532685009342138,0.532626510005878,0.532476664190106,0.532229500464988,0.531886654484729,0.531457297196779,0.530957478867346,0.530408927472164,0.529837383076074,0.529270588829734,0.528736090737348,0.528259019256877,0.527860033467654,0.527553601206268,0.527346765709248,0.527238511978405,0.52721979703746,0.527274251626606,0.52737950180343,0.527509002999877,0.527634231928057,0.527727048317656,0.527762022480664,0.527718527911971,0.527582420167917,0.527347161712023,0.52701430322839,0.52659328986646,0.526100620173313,0.525558440316429,0.524992701592805,0.524431041508342,0.523900565878227,0.523425711025413,0.523026352214395,0.52271629908067,0.522502284008163,0.522383508653635,0.522351770621534,0.522392149796041,0.522484194656408,0.522603515158585,0.522723662135735,0.522818154868628,0.522862509229001,0.522836118888062,0.522723851465206,0.522517239861303,0.522215175721776,0.521824045848913,0.521357291678335,0.520834414348019,0.520279490673202,0.519719305402565,0.519181239140161,0.518691075952088,0.518270907030296,0.517937304826391,0.517699924981285,0.517560661730012,0.517513438257972,0.517544660144688,0.517634302232628,0.517757542530148,0.517886806811708,0.517994049565666,0.51805307482918,0.518041696601733,0.517943553438812,0.517749423998171,0.51745793634755,0.517075618869918,0.516616298950045,0.516099911587726,0.515550828541284,0.514995855483451,0.514462067237309,0.513974658329137,0.513554978340546,0.513218900722974,0.512975642621023,0.512827115043692,0.512767840740464,0.512785434598603,0.512861601203026,0.512973568815177,0.513095850226136,0.513202199933756,0.513267624680881,0.513270301077082,0.513193260012048,0.513025712659692,0.512763916424975,0.512411510136613,0.511979284665174,0.511484395995051,0.510949070083666,0.51039888956592,0.509860788190009,0.509360906544777,0.50892247927032,0.508563927272256,0.508297317140826,0.508127323919152,0.50805079400876,0.508056955348726,0.508128266353873,0.508241838575267,0.508371316101143,0.508489052593566,0.508568399019061,0.508585904649263,0.508523241969162,0.508368691858388,0.508118066037658,0.507774995050253,0.507350566755824,0.506862356820335,0.506332943585139,0.505788040462791,0.505254406486356,0.504757708276492,0.504320504441997,0.503960507544695,0.50368925153105,0.503511257000226,0.503423746251052,0.503416918072663,0.503474751663265,0.503576272307118,0.503697180456092,0.5038117221613,0.503894663451225,0.503923224850898,0.503878834952286,0.503748573629665,0.503526195722141,0.503212653998146,0.502816074688687,0.502351177965077,0.501838177063801,0.501301230556935,0.500766559482848,0.50026037149442,0.499806754756942,0.499425712440687,0.499131502644966,0.498931428048337,0.49882518546476,0.498804840134146,0.498855436624082,0.498956202399074,0.499082246818431,0.499206612957215,0.499302506915922,0.499345512626214,0.499315601362843,0.499198764188914,0.498988130455552,0.498684482587598,0.498296131779808,0.497838175373931,0.497331209180052,0.496799612141565,0.496269552916735,0.495766885927356,0.495315107510045,0.49493353181071,0.494635823035162,0.494428988436491,0.494312898148655,0.494280356867475,0.494317711487544,0.494405940860514,0.494522141075288,0.494641293694758,0.494738186281701,0.494789344979632,0.494774838272775,0.49467981942121,0.494495692144368,0.494220809151676,0.493860644911576,0.49342742101934,0.492939202621268,0.492418525015779,0.491890647774817,0.491381566304942,0.490915934627118,0.49051506567122,0.490195174631098,0.489966015959212,0.489830035715815,0.489782120024423,0.489809970567368,0.489895083775362,0.490014256686251,0.490141494595929,0.490250158472861,0.490315167620153,0.490315067744504,0.490233787057427,0.490061931952205,0.489797516091719,0.489446068027897,0.489020117582948,0.488538114751087,0.488022881794006,0.487499735440253,0.486994438991108,0.486531152551738,0.486130543842454,0.485808203583571,0.48557348070496,0.485428816665408,0.485369618291897,0.485384667941904,0.485457031206155,0.485565388049938,0.485685685025189,0.485792985339903,0.485863381070274,0.48587582810331,0.485813769559297,0.485666427218094,0.485429662339375,0.485106336325422,0.484706136510854,0.484244871007978,0.483743276559542,0.48322542199686,0.482716824198295,0.482242420333556,0.481824556787997,0.481481159209473,0.481224238341758,0.481058862699503,0.480982693018973,0.480986127381665,0.481053053730161,0.481162152919206,0.481288645727037,0.481406336492335,0.481489778486346,0.481516374654906,0.481468233198958,0.481333620072528,0.481107887575547,0.480793805949436,0.480401278288313,0.479946472780395,0.47945045520331,0.478937444440472,0.478432841432275,0.477961195640244,0.477544272454386,0.477199371093042,0.47693801763835,0.476765124794451,0.476678671867943,0.476669918422692,0.47672412592904,0.476821726053719,0.476939844069302,0.477054062661901,0.477140296112185,0.477176637970858,0.477145047224485,0.477032748527667,0.476833240938596,0.476546835862781,0.476180677294991,0.475748234270908,0.475268294582448,0.474763527680178,0.474258720305028,0.473778817666708,0.47334692306143,0.47298241736943,0.472699355320436,0.472505277179941,0.472400543258758,0.47237825648406,0.472424788656135,0.472520873424017,0.472643178414417,0.472766225294112,0.472864494293951,0.472914532335549,0.47289688335313,0.47279767582294,0.472609734144216,0.472333124004922,0.471975092744428,0.471549418932996,0.471075235790674,0.470575436011172,0.470074797402172,0.469597987275723,0.469167608002104,0.468802437201913,0.468515995388062,0.468315543964233,0.468201580349519,0.468167857838367,0.468201918660479,0.468286092176754,0.468398878302454,0.468516610686161,0.468615276090337,0.468672356612725,0.468668560224561,0.468589312547146,0.468425898485527,0.468176165636309,0.467844731264856,0.46744266959742,0.466986694163188,0.466497888481316,0.466000074765872,0.465517941617077,0.465075074995646,0.464692049531132,0.464384737446568,0.46416297917728,0.464029733465297,0.463980786962101,0.464005057015522,0.464085470263366,0.46420034861826,0.464325188252398,0.464434681019186,0.464504805165095,0.464514805558234,0.464448893711524,0.464297523632431,0.464058138373702,0.463735330080941,0.463340408407146,0.462890423216745,0.4624067327743,0.461913244247193,0.461434476660858,0.460993606064995,0.460610648614125,0.460300920851148,0.460073890028542,0.459932493702807,0.45987297014451,0.459885202263238,0.45995354046072,0.460058036447497,0.460175992460357,0.460283709810418,0.460358308082326,0.460379482033485,0.460331067473559,0.460202300001261,0.459988670905606,0.459692311830734,0.459321872571005,0.458891892834042,0.458421706800732,0.457933956218259,0.457452820673668,0.457002099667113,0.456603297498131,0.45627386674761,0.456025758042651,0.455864402607604,0.455788220850022,0.455788707282806,0.455851093063855,0.455955536828467,0.456078747130614,0.456195900371701,0.456282690630626,0.456317335284793,0.456282364180796,0.456166040034355,0.455963291601077,0.455676085408262,0.455313211967249,0.454889513457447,0.454424627026595,0.453941356820432,0.453463815448611,0.453015490014304,0.452617388718959,0.45228641228531,0.45203407187123,0.451865644328285,0.451779819579826,0.451768856652197,0.45181922736051,0.451912692232681,0.452027723844749,0.452141169789225,0.452230032079752,0.452273232585469,0.452253235335366,0.452157406089305,0.451979006978049,0.451717748522205,0.451379851830185,0.450977608643997,0.450528464041833,0.450053683522589,0.449576700176018,0.449121265898568,0.448709550449296,0.448360341197963,0.448087493059847,0.447898761770021,0.447795125016918,0.447770656972587,0.447812975476387,0.447904231531831,0.448022562491797,0.448143888148039,0.448243897288528,0.448300054476655,0.448293454715341,0.448210367528554,0.448043340439562,0.447791771963135,0.447461911946964,0.447066297548962,0.446622681380814,0.446152549965832,0.445679362194008,0.445226656638417,0.444816182445656,0.44446620136135,0.444190089822467,0.443995342355423,0.44388304364198,0.443847839513618,0.443878399618462,0.443958329117983,0.444067455695403,0.444183393098711,0.444283264559138,0.44434545940138,0.44435129432652,0.444286457266718,0.444142126143098,0.443915676667772,0.443610921442652,0.44323785554127,0.442811919669311,0.442352828661254,0.441883047891304,0.441426030323998,0.441004349613844,0.4406378774737,0.440342154710109,0.44012709395961,0.439996128373907,0.439945885622722,0.439966423226698,0.440042013139928,0.440152415133476,0.440274534551839,0.440384324793539,0.44045877204276,0.440477791842562,0.440425875015751,0.440293343435835,0.44007711180508,0.439780896196602,0.439414859167899,0.438994729982193,0.438540482312695,0.438074686865045,0.437620679860149,0.437200698872954,0.436834135098191,0.43653603683378,0.436315974820514,0.436177348633206,0.436117177511945,0.43612638183285,0.436190525560887,0.436290957744003,0.436406264125984,0.436513919573775,0.436592019170521,0.436620961076492,0.436584957752062,0.436473263627995,0.436281026240109,0.436009693366832,0.435666939600523,0.435266110361552,0.434825217472174,0.434365555544946,0.433910039942275,0.433481392261842,0.433100315694182,0.432783808101015,0.432543753957883,0.432385917156901,0.432309426074597,0.432306802466515,0.432364539873422,0.432464189343497,0.432583864918123,0.432700043053807,0.432789502950322,0.432831241502358,0.432808198692753,0.432708646512974,0.432527125203166,0.432264851637586,0.431929571860984,0.431534878363975,0.431099057985086,0.430643574286809,0.430191315813419,0.429764756917507,0.42938418020659,0.429066099716455,0.42882200337454,0.428657504660942,0.428571959454382,0.428558567719935,0.428604943612858,0.428694104128093,0.428805797644068,0.428918071143948,0.429008959565842,0.429058173185883,0.429048659396845,0.428967923680744,0.428809010656292,0.428571069078583,0.428259453404314,0.427885347440374,0.427464930754357,0.42701814369669,0.426567139506152,0.426134539310745,0.425741625271625,0.425406616468705,0.425143169918662,0.424959234759161,0.42485636157442,0.424829532695738,0.424867535903449,0.424953857098973,0.425068021602482,0.425187273224739,0.42528844921422,0.425349890826675,0.425353225633742,0.42528486928406,0.425137120088861,0.424908756832649,0.424605094790813,0.424237502627915,0.423822429071628,0.423380028738159,0.42293250770941,0.422502329058897,0.422110425470091,0.421774560660753,0.421507964843869,0.421318343996644,0.421207330870823,0.421170410331621,0.421197315617012,0.421272858018101,0.421378122352505,0.421491936003099,0.421592501393697,0.421659071397515,0.421673544773494,0.421621864329177,0.421495113764813,0.421290229410115,0.421010269393188,0.420664213883981,0.420266304169758,0.419834963236945,0.419391373754587,0.418957818295376,0.418555908776112,0.418204845155856,0.417919845565875,0.417710880235384,0.417581819906785,0.417530077212121,0.417546779138742,0.417617463585041,0.417723247105907,0.417842368649812,0.417951979685685,0.418030028236361,0.418057075413645,0.418017889030292,0.417902679143185,0.417707872922327,0.417436367770359,0.417097247949729,0.416704996497493,0.416278276489566,0.415838390043709,0.415407547156801,0.41500708806306,0.414655801965452,0.414368472574291,0.414154758726007,0.414018488981304,0.413957415329456,0.413963435707034,0.414023260493338,0.414119466693854,0.414231857029617,0.414339021016782,0.414419982236376,0.414455810798003,0.414431082617786,0.414335077435468,0.414162625061914,0.413914533343965,0.413597560490546,0.413223927078023,0.41281039729065,0.412376992505225,0.411945430680318,0.411537409525478,0.411172867654182,0.410868363932272,0.410635709849522,0.410480972692127,0.410403939316296,0.410398093270342,0.410451114859019,0.410545868364126,0.410661797348173,0.410776612015939,0.410868125696704,0.410916083441226,0.410903826090293,0.410819648062987,0.4106577350329,0.410418605691719,0.410109026038581,0.409741410715471,0.409332769479207,0.408903294013301,0.408474707787684,0.408068517558966,0.407704308680902,0.407398218221469,0.407161701480452,0.407000681031274,0.406915135435204,0.406899150060221,0.406941417710839,0.407026144465187,0.407134288146188,0.407245034637242,0.407337401793753,0.407391852685442,0.407391799683448,0.407324888442274,0.407183965691191,0.40696765618633,0.406680501138301,0.406332641536229,0.405939063234729,0.405518454243411,0.405091755886891,0.404680515863993,0.404305170345251,0.403983392035495,0.40372864005443,0.403549034842524,0.403446657454599,0.403417339107817,0.403450966316127,0.403532282812109,0.403642125727574,0.40375899439003,0.403860819577389,0.40392678238384,0.403939026990115,0.403884121131876,0.403754140963066,0.403547291014271,0.403268011637914,0.402926571538203,0.402538187259975,0.402121750709715,0.401698276541942,0.401289201266196,0.400914674064045,0.400591975535776,0.400334185977054,0.400149201275823,0.400039164671253,0.400000349185774,0.400023491169924,0.400094542463073,0.40019577923381,0.400307181329016,0.400407978193991,0.400478246896196,0.400500444829487,0.400460764317516,0.400350208350425,0.400165305556304,0.399908407310303,0.399587539278495,0.399215811973983,0.398810428073923,0.398391356058067,0.397979767724927,0.397596358817474,0.397259685090306,0.396984648983799,0.396781263742428,0.396653802343256,0.396600409004963,0.396613213405473,0.396678945150744,0.396780002387162,0.39689588793302,0.397004892923324,0.397085885081028,0.397120048743661,0.397092427844441,0.396993140874464,0.396818166641614,0.396569638305274,0.396255626769797,0.395889438800281,0.395488496047405,0.39507289490814,0.394663771028101,0.394281604626723,0.393944603318207,0.393667288489856,0.393459391242932,0.393325136623089,0.393262962924548,0.393265688927667,0.393321108612271,0.393412962434372,0.393522208424817,0.393628496444729,0.393711735806958,0.393753640722182,0.393739139893453,0.393657545919363,0.393503396455941,0.393276901498601,0.392983958559362,0.392635728471195,0.392247797188188,0.391838981040783,0.391429862024578,0.391041163437949,0.390692092319136,0.390398781803118,0.390172962440242,0.390020976270163,0.389943221691921,0.389934082711969,0.389982355758017,0.390072144402112,0.39018415096284,0.390297258075595,0.390390266621566,0.390443641743955,0.390441117638907,0.390371024513778,0.390227226262733,0.390009592497202,0.389723970092523,0.389381663257166,0.388998473032689,0.388593383225645,0.388187007034789,0.387799925130182,0.387451050846348,0.387156151718259,0.386926640049683,0.386768720601524,0.386682953376751,0.386664256551322,0.386702341385604,0.386782539680135,0.386886956923712,0.386995862279027,0.387089211088043,0.38714818731039,0.387156652468128,0.38710239418932,0.386978081009736,0.386781850096036,0.386517479993887,0.386194129963026,0.385825659176989,0.385429571019662,0.385025657676871,0.384634445819231,0.38427556303455,0.383966154729536,0.383719481033435,0.383543812182701,0.38344171925152,0.383409826194624,0.38343905125276,0.383515324029479,0.383620722830828,0.383734939218451,0.383836946912491,0.383906733215392,0.383926945009055,0.383884308855063,0.383770705143207,0.383583807529638,0.383327237864964,0.383010229507149,0.382646834214983,0.38225474583169,0.381853844383456,0.381464584607537,0.381106361986056,0.380795987003669,0.380546385557041,0.380365621998293,0.380256313455547,0.380215472354949,0.380234781060014,0.380301270698691,0.380398347667018,0.380507087597918,0.380607698909344,0.380681047174173,0.380710127955422,0.380681379564941,0.380585738193419,0.380419355418828,0.380183921317864,0.379886564089772,0.37953932773495,0.379158261012081,0.378762181400304,0.37837120474383,0.37800515235666,0.377681960570839,0.377416221386275,0.377217976002382,0.377091865433165,0.377036715051445,0.377045594783613,0.377106356687945,0.377202610311368,0.377315057353899,0.377423074580238,0.377506410976863,0.377546854333537,0.377529724924831,0.377445069539391,0.377288456165196,0.377061305478778,0.376770736357408,0.376428944904811,0.376052175895598,0.375659378526643,0.3752706622274,0.37490568142462,0.374582080064072,0.374314117850477,0.374111581964293,0.373979062555464,0.373915640138278,0.373915000734252,0.373965962647426,0.374053369201767,0.374159276382731,0.374264344513874,0.374349329862438,0.374396565953802,0.374391325528822,0.374322962343248,0.374185746979201,0.373979331813057,0.373708806182707,0.373384332146605,0.373020382230624,0.372634631184876,0.37224658181664,0.371876028127339,0.371541475043582,0.371258641145714,0.371039167768035,0.370889644318927,0.370811036204005,0.370798569825567,0.370842091209955,0.370926874146991,0.371034814118853,0.371145909629834,0.371239906288693,0.371297963808849,0.371304203593714,0.371247005143812,0.371119942186051,0.370922281896986,0.370659009548016,0.370340382445604,0.369981057207964,0.369598869578349,0.369213373129879,0.368844260269795,0.368509794906501,0.368225381170383,0.368002377858013,0.367847245680895,0.367761086218593,0.367739600155234,0.367773460394695,0.367849065324411,0.367949610798303,0.368056397818609,0.36815027742748,0.36821312562177,0.368229239538741,0.368186551778242,0.368077572215217,0.36789998533399,0.367656854988353,0.367356416288421,0.367011464462132,0.366638381119343,0.366255867159529,0.365883476303872,0.365540061713831,0.365242258507062,0.365003125791948,0.364831062362398,0.36472909054664,0.364694574044234,0.364719400092632,0.364790616977064,0.364891478252111,0.365002808793145,0.365104578516498,0.365177550340639,0.365204861797365,0.365173405458074,0.365074891447712,0.364906503942337,0.364671099827343,0.364376938055952,0.364036968766664,0.363667748060171,0.363288074228383,0.362917461811212,0.362574579838656,0.362275779750139,0.362033827472277,0.361856934506198,0.361748156784425,0.361705200009406,0.361720638700184,0.361782525540554,0.361875339801698,0.361981200231773,0.362081250142009,0.362157111344303,0.362192299544267,0.362173496816902,0.362091586652708,0.361942373277449,0.361726928737817,0.361451537452475,0.361127237019773,0.360768984219792,0.360394504321236,0.360022907846483,0.359673179662944,0.359362658594777,0.359105630042195,0.35891214840187,0.358787190301806,0.358730214602679,0.358735172479614,0.358790973252868,0.358882372280787,0.358991209883118,0.359097898611688,0.359183033412887,0.359228987662119,0.35922135894278,0.359150141815361,0.359010529405179,0.358803278953439,0.358534615142691,0.358215685200605,0.35786161771591,0.357490269391469,0.357120767921851,0.356771973042019,0.356460980852548,0.356201789190583,0.356004225416721,0.355873214477474,0.355808436757322,0.355804394450546,0.355850874331198,0.355933766061721,0.356036170375335,0.356139711941406,0.356225958377063,0.356277840250453,0.356280967289179,0.356224743313618,0.356103196256981,0.355915459261445,0.355665863198075,0.355363628716738,0.355022175461777,0.354658095451216,0.354289864644818,0.353936389207635,0.353615498865852,0.353342507349859,0.353128958029458,0.352981660963339,0.35290210609779,0.352886307652064,0.352925099153042,0.353004860176926,0.353108618084503,0.353217434472885,0.353311960062526,0.353374026029941,0.353388136102186,0.353342732486157,0.35323112903063,0.353052034866304,0.352809628189568,0.352513179289535,0.352176260552673,0.351815615397034,0.351449784913593,0.351097608401321,0.350776720992771,0.350502168174944,0.350285244083864,0.350132639615844,0.350045959855895,0.350021640555539,0.350051262825271,0.350122235988977,0.350218792488798,0.350323217324735,0.350417218930377,0.350483339392178,0.350506299840285,0.350474181619781,0.35037935516829,0.350219085828404,0.349995768267974,0.349716767546872,0.349393873560842,0.349042404751374,0.348680024586837,0.348325358309461,0.34799651572047,0.347709636435149,0.347477575633386,0.347308840144745,0.347206866899922,0.347169709395872,0.347190164741821,0.347256336735519,0.34735259256012,0.347460835712159,0.347561989159164,0.347637563381001,0.347671175852567,0.347649892560906,0.347565278013745,0.347414066372304,0.347198400206259,0.346925621508558,0.346607638278244,0.346259925576964,0.345900249379692,0.345547222395079,0.345218811862246,0.34493091971116,0.344696146012184,0.344522828793462,0.344414429079179,0.344369301662394,0.344380862004854,0.344438130018829,0.344526604378191,0.344629398100079,0.344728548645095,0.344806404487591,0.344846985462101,0.344837216371719,0.344767942214135,0.344634648449875,0.344437830171813,0.344182978717092,0.343880181819693,0.343543362179785,0.34318920737928,0.342835869262376,0.342501531096866,0.342202954143124,0.341954120186788,0.341765082173122,0.341641121041559,0.341582283803738,0.341583347421456,0.341634217601219,0.341720734332953,0.341825820266332,0.341930877237397,0.342017313509388,0.342068071992005,0.342069029235659,0.342010146475516,0.341886276257403,0.341697558966141,0.341449379864799,0.341151895529339,0.340819175180784,0.340468033996514,0.340116659325301,0.339783145103442,0.339484053972112,0.339233120871275,0.339040197274189,0.338910513433955,0.338844309234167,0.338836854886368,0.338878853135135,0.338957186858923,0.339055951678801,0.339157693763782,0.339244759480308,0.339300656524583,0.339311325937206,0.339266230804829,0.339159180105243,0.338988824416982,0.338758783168492,0.338477389462876,0.338157066656426,0.337813378929045,0.337463824078877,0.337126458678837,0.336818461578269,0.336554749783062,0.336346759772994,0.336201496839309,0.336120935440902,0.336101826127852,0.336135931299822,0.336210675691004,0.336310161281805,0.336416463827623,0.336511102632506,0.336576559181938,0.336597715429467,0.336563089458556,0.336465764312951,0.336303933264889,0.336081018925683,0.335805360980183,0.335489504314607,0.335149152510869,0.334801878256316,0.334465700079421,0.33415764278903,0.333892396889848,0.33368118087083,0.333530891190058,0.333443600048656,0.333416432886829,0.333441828195533,0.333508153871159,0.333600628874155,0.333702477929466,0.333796231510296,0.333865074041047,0.333894140491468,0.333871665401638,0.333789898669954,0.333645718590504,0.333440893733433,0.333181970134226,0.332879787473639,0.332548655819203,0.332205251136336,0.331867311076645,0.331552230477386,0.331275666804406,0.33105026813731,0.330884629496421,0.330782567313401,0.330742777473111,0.330758911351742,0.330820069218876,0.330911674382163,0.331016657861154,0.331116855404183,0.331194499121625,0.331233676987467,0.331221636004878,0.331149818748105,0.331014546876052,0.330817296660019,0.330564547491892,0.330267221288592,0.329939765205108,0.329598958984886,0.329262549204502,0.328947824159918,0.328670244746395,0.328442238847263,0.328272250654586,0.328164113777556,0.328116790143466,0.328124487911574,0.328177143128989,0.328261223578241,0.328360790762155,0.328458738480104,0.328538114882736,0.328583429791184,0.32858185057508,0.328524197795719,0.328405665667159,0.328226211465083,0.327990581330214,0.327707966134971,0.327391308554535,0.327056309343749,0.326720205120515,0.326400409747364,0.3261131248412,0.325872030470719,0.325687163708137,0.325564080137256,0.325503372288649,0.325500590699652,0.325546580045153,0.325628207353268,0.325729424946825,0.325832580788541,0.325919866378427,0.325974779554623,0.325983477811253,0.325935907311745,0.325826612776958,0.325655161923445,0.325426152275761,0.325148804584707,0.324836182259546,0.324504106992119,0.324169864534654,0.323850809578178,0.323562983947278,0.32331985793756,0.323131291548421,0.323002792275065,0.322935121071538,0.322924270258786,0.322961808690954,0.32303556245652,0.323130575586102,0.323230276081051,0.323317759022772,0.323377091125924,0.32339454011977,0.323359637792683,0.323265997129721,0.323111821072467,0.322900062056402,0.322638216396753,0.322337764346264,0.32201329355475,0.321681368807185,0.321359232274218,0.321063434153931,0.320808501927777,0.320605756392758,0.320462373643303,0.320380774436746,0.320358396903224,0.320387877263145,0.320457628758974,0.32055277450499,0.320656358620975,0.320750734859134,0.320819015506827,0.320846457439098,0.3208216675366,0.320737525789556,0.32059174963682,0.320387054911348,0.320130904087187,0.319834867999127,0.319513659531346,0.319183924049291,0.318862889435895,0.318566987322737,0.318310556291597,0.318104728100072,0.3179565806487,0.317868618262449,0.317838613074822,0.317859813172948,0.317921495828382,0.318009819401529,0.318108906790937,0.318202077702434,0.318273137339484,0.318307625820864,0.318293935781862,0.318224214923959,0.318094985193599,0.317907430018663,0.317667324568654,0.317384609958819,0.317072639011388,0.316747146755456,0.316425021384771,0.316122969050877,0.315856176948582,0.315637082272521,0.315474348971203,0.315372139755991,0.315329748351818,0.315341628109491,0.315397820115115,0.315484749646122,0.315586327394745,0.315685264493558,0.315764490824763,0.315808556393997,0.315804896712278,0.315744855094764,0.315624376431739,0.315444316216977,0.315210342541254,0.314932444034021,0.314624090012731,0.314301117412339,0.313980440099296,0.313678688395046,0.313410889387146,0.313189292150772,0.313022427447218,0.312914470543591,0.312864950571322,0.312868822450855,0.312916889929553,0.312996542636324,0.313092747922316,0.313189220925272,0.313269684617373,0.313319126031692,0.313324955579228,0.313277983291104,0.313173138586382,0.313009878072156,0.312792247897486,0.312528592019648,0.312230923910595,0.311914005043464,0.311594197074938,0.311288174029954,0.31101159419554,0.310777837405314,0.310596911028772,0.310474616960752,0.310412052630766,0.310405492722443,0.310446666943469,0.310523415528186,0.310620671265875,0.310721687824593,0.310809411799596,0.310867882530974,0.310883540781218,0.310846335264551,0.310750534030359,0.310595174004381,0.310384113961002,0.31012569074541,0.309832012432209,0.309517952186167,0.309199930239027,0.308894586751314,0.308617454480133,0.308381737142473,0.308197287943348,0.308069864323575,0.308000711421556,0.30798650018551,0.308019618729602,0.308088789423659,0.308179961016892,0.308277406127983,0.308364940682206,0.308427174040175,0.308450696999927,0.308425119541145,0.308343880756256,0.30820476926259,0.308010112679615,0.307766618388414,0.307484873352951,0.307178536580915,0.30686328199432,0.306555570220854,0.306271343355132,0.306024745515256,0.305826972830149,0.305685348724858,0.305602704195111,0.305577119184407,0.305602051951549,0.305666850801192,0.305757609562263,0.305858297811196,0.305952072057721,0.306022657487343,0.306055683113331,0.306039857044472,0.305967882685424,0.305837039717026,0.305649383423706,0.305411549421477,0.305134184823489,0.304831058168822,0.304517926293407,0.304211254679934,0.30392689741663,0.303678843302123,0.303478126300923,0.303331982709603,0.303243315823417,0.303210503653383,0.30322755841753,0.30328462010002,0.303368742152888,0.303464906953678,0.303557193099437,0.303630006756954,0.303669285469473,0.303663585129813,0.30360496911493,0.303489632398774,0.303318212045787,0.303095757752173,0.302831360725565,0.302537464670262,0.302228907286996,0.30192176265639,0.301632072279308,0.301374563719035,0.301161459468333,0.301001474131366,0.300899085158485,0.300854141780908,0.300861849820905,0.300913138845748,0.300995385443527,0.301093435256115,0.301190839764067,0.301271204269701,0.301319533067296,0.301323457603985,0.301274243668042,0.301167493314372,0.301003484364097,0.300787122199338,0.300527512152422,0.300237192936478,0.299931099374864,0.299625343763777,0.299335917936574,0.299077421815607,0.298861919159027,0.298698008283767,0.298590176250677,0.298538481201346,0.298538581338093,0.298582102561606,0.298657311942752,0.298750042570319,0.298844798083971,0.298925953256303,0.298978960922333,0.298991475628691,0.298954310485231,0.298862155423212,0.298714001724212,0.298513238392253,0.29826740954753,0.297987647074122,0.297687817558539,0.297383445302972,0.297090492111088,0.296824087979337,0.296597313363033,0.296420132296911,0.296298565923932,0.296234178298059,0.296223921860713,0.296260360622023,0.296332257221348,0.296425478492729,0.296524145888813,0.296611934949807,0.296673414238516,0.296695310236796,0.296667591035036,0.29658427765652,0.296443916019771,0.296249672519155,0.296009049064075,0.29573324597467,0.295436230367169,0.295133591066471,0.294841276854346,0.294574321972563,0.294345661038491,0.294165125502612,0.29403869681949,0.293968069453042,0.293950551733444,0.293979306438598,0.294043907663215,0.29413116775864,0.294226169313074,0.294313423365561,0.294378066952345,0.29440701094144,0.29438995291701,0.294320179399167,0.294195096428716,0.294016446686811,0.293790193723336,0.293526078171433,0.29323687550169,0.292937408245415,0.29264338590429,0.292370161185978,0.292131500213345,0.291938465843649,0.291798506668741,0.291714829740172,0.291686113345965,0.291706588770655,0.291766489122143,0.291852831760222,0.291950471566087,0.292043338049274,0.292115752476688,0.292153713564343,0.292146042688291,0.292085291919787,0.291968339272081,0.291796623245258,0.291576000340145,0.291316241677389,0.291030215212834,0.290732825572598,0.290439802082045,0.290166435775149,0.289926367607795,0.289730523169611,0.289586274958778,0.289496893288413,0.289461322995417,0.289474297382636,0.289526775290153,0.289606663672974,0.289699768003889,0.289790897298003,0.289865040349898,0.28990852538993,0.289910076984508,0.289861691446056,0.289759264780102,0.289602924542508,0.289397037971074,0.289149892209319,0.288873066885968,0.288580543050055,0.288287613708604,0.288009678270971,0.287761014548376,0.287553626327657,0.287396261083795,0.287293680886995,0.287246250552902,0.287249881923191,0.287296343843014,0.287373916379487,0.287468337849031,0.2875639671317,0.287645064177237,0.287697080604328,0.287707851027816,0.287668584367509,0.287574572069606,0.287425555217102,0.287225722513219,0.286983343181157,0.286710069853596,0.286419973676009,0.286128394830771,0.285850704950593,0.285601082648427,0.285391399635373,0.285230303374647,0.285122564338586,0.285068733558108,0.285065131298913,0.28510416231582,0.285174929002264,0.285264092440593,0.285356914188307,0.285438399571726,0.285494456856408,0.28551298610713,0.285484816752221,0.285404423522388,0.285270365985272,0.285085416472154,0.284856363616725,0.284593502597606,0.284309846955807,0.284020118899776,0.283739593594919,0.283482886387757,0.28326277881612,0.28308917865334,0.282968300774401,0.282902139607615,0.28288828129902,0.282920076107975,0.282987161246579,0.283076294101756,0.283172428402918,0.283259944068569,0.283323927342872,0.283351392882407,0.283332344280153,0.28326058374077,0.283134203869634,0.282955722592004,0.282731853328335,0.282472933771597,0.282192065094176,0.281904036655672,0.281624127377136,0.281366882776662,0.28114496598901,0.280968172481994,0.280842682809749,0.280770607198948,0.28074985191392,0.280774312187988,0.280834371987193,0.280917668691149,0.281010062273316,0.281096734717882,0.281163336901932,0.281197097404068,0.281187810767318,0.281128631396725,0.281016612954364,0.280852951035294,0.280642908074498,0.280395422622944,0.280122428857368,0.279837934771836,0.279556927207398,0.279294187082785,0.279063107483512,0.278874609542738,0.278736245640881,0.278651566325809,0.278619807231163,0.278635926621528,0.27869099510161,0.278772908979361,0.278867370473759,0.278959054104279,0.279032861602241,0.27907515933769,0.279074893466374,0.279024488685447,0.278920455611151,0.278763657513244,0.278559216981311,0.27831607418511,0.278046237783302,0.277763794581895,0.277483762672866,0.277220883651947,0.276988452050221,0.276797274504317,0.276654838334152,0.276564750581205,0.276526486034123,0.276535458286544,0.276583403306853,0.276659042054418,0.276748968839623,0.276838696600403,0.276913779893825,0.276960931620937,0.276969050424392,0.276930082182649,0.276839650711344,0.276697409043318,0.276507082555477,0.276276197525512,0.276015512026437,0.275738188873991,0.275458771011132,0.275192036578177,0.274951822401356,0.274749909466856,0.274595061360813,0.274492296476294,0.274442457468964,0.274442118076966,0.274483839758242,0.274556760979218,0.274647473122845,0.274741111621906,0.274822571521637,0.274877745156403,0.274894677204846,0.27486453942881,0.274782343301674,0.274647331937331,0.274463020930113,0.274236888163182,0.273979742491523,0.273704827772583,0.273426739706507,0.273160246669109,0.272919111279749,0.272715006807904,0.272556612404842,0.272448954814814,0.272393043293594,0.272385820780482,0.272420429870012,0.27248676867322,0.272572290843645,0.272662987099029,0.272744473367134,0.272803103804637,0.27282702570026,0.272807097695537,0.272737602522956,0.272616699956297,0.272446584047716,0.272233329952949,0.27198643846403,0.271718109286779,0.271442295460889,0.27117360944961,0.270926164786861,0.27071244446803,0.270542287547475,0.27042207817265,0.270354206692991,0.270336851423408,0.270364103710963,0.270426430284291,0.270511437935608,0.270604879026707,0.270691814691943,0.270757838146328,0.270790254731351,0.270779118878319,0.270718040705586,0.27060469528461,0.27044099377175,0.270232905105228,0.26998994697985,0.269724392506853,0.269450261877606,0.269182184643339,0.268934226798504,0.268718777346234,0.268545581763712,0.268420995769114,0.268347513561198,0.268323602123574,0.26834384918169,0.268399408760472,0.268478706603826,0.26856834935328,0.268654167445309,0.268722312925351,0.268760330151665,0.268758119699811,0.268708723461209,0.268608871531873,0.26845924833055,0.268264455487958,0.26803267115884,0.267775028098555,0.267504754598008,0.267236141607453,0.266983414512131,0.266759597582892,0.26657546197791,0.266438643709682,0.266353006223,0.266318303778782,0.266330177938819,0.266380491932151,0.266457978912893,0.266549152755645,0.266639406713345,0.26671420826251,0.26676028947215,0.266766732214334,0.26672585660141,0.266633838381514,0.26649100495868,0.266301787855009,0.266074339075617,0.265819847224674,0.265551613835941,0.265283969137257,0.265031117900792,0.264806009455599,0.264619321496756,0.264478635865158,0.264387867335089,0.264346985275923,0.264352044660158,0.264395519138458,0.264466906559308,0.264553557871625,0.264641664940124,0.264717332199258,0.264767651762932,0.264781701826359,0.264751393884015,0.264672105062826,0.264543047062642,0.264367341918834,0.264151795981199,0.263906385858814,0.263643492115325,0.263376936581022,0.263120895664622,0.262888773563587,0.262692124625278,0.26253971249679,0.262436784794257,0.262384626136014,0.262380430558352,0.262417508275899,0.262485813653262,0.26257275357944,0.262664210716069,0.262745696726717,0.262803538587036,0.262825997724505,0.262804227435112,0.262732988224308,0.262611062042271,0.262441332792647,0.262230529476579,0.261988657135196,0.261728166690711,0.261462935585914,0.261207145162253,0.260974147111481,0.260775409908898,0.260619627370436,0.260512056462019,0.260454131809162,0.260443381861484,0.260473648231994,0.260535587063571,0.260617410862969,0.260705812348795,0.260786999483634,0.260847763661389,0.260876501277739,0.260864112576282,0.260804710447775,0.260696085275298,0.260539889233127,0.260341523642698,0.260109734790527,0.259855945585448,0.259593371069842,0.259335983568352,0.259097406649543,0.258889824741082,0.258722996189291,0.258603451343824,0.258533944050709,0.258513205529319,0.258536025347599,0.25859365700314,0.25867451783107,0.258765127193276,0.258851205659362,0.25891884325733,0.258955638313061,0.258951710627984,0.258900503649043,0.258799308872232,0.258649470180655,0.258456253740655,0.258228397782486,0.257977383441248,0.257716490481236,0.257459718291704,0.257220661775742,0.257011433173602,0.256841714772818,0.256718014818924,0.256643181153495,0.256616205820846,0.256632330876076,0.256683442692511,0.256758720878236,0.256845489860342,0.256930207304095,0.256999514481306,0.257041269893008,0.257045489042879,0.257005120120771,0.256916597044453,0.256780127096809,0.256599689352904,0.256382741114437,0.256139651365641,0.255882901344226,0.25562611108175,0.255382965661351,0.255166124632487,0.254986201488125,0.254850896702,0.254764357381026,0.254726819575423,0.254734566875808,0.254780212914312,0.254853288008027,0.254941083866925,0.25502968745996,0.25510511801731,0.255154471525704,0.255166976016483,0.255134868622807,0.255054021047246,0.25492426220534,0.254749373277885,0.254536758711854,0.254296824197631,0.254042116793209,0.25378630108066,0.253543057103184,0.25332499015473,0.253142639283408,0.253003661252742,0.252912250858614,0.252868838520998,0.25287008377843,0.25290916051917,0.252976308121704,0.253059603553621,0.253145894054875,0.253221819198503,0.253274845433302,0.253294235867185,0.253271882938909,0.253202941410395,0.253086213245867,0.252924253637905,0.252723187630224,0.252492248178185,0.252243067653405,0.251988774261827,0.25174296112326,0.251518607425405,0.251327036883016,0.251176997863149,0.251073941698708,0.251019561238295,0.251011631486968,0.251044169741338,0.25110790587656,0.251191026761431,0.251280134683985,0.251361340520298,0.251421400067078,0.251448797721186,0.251434686010871,0.25137360203785,0.251263901517938,0.251107875900965,0.250911545580363,0.250684149846365,0.250437379485468,0.250184418606177,0.249938876695799,0.24971369904488,0.249520143221923,0.249366901697091,0.249259437057433,0.249199577966278,0.249185402739816,0.249211414878595,0.249268992828475,0.249347076240265,0.249433034338496,0.249513649616668,0.249576142530698,0.249609160485524,0.249603657286636,0.249553597167085,0.249456430000367,0.249313300594747,0.249128974061245,0.248911480023201,0.248671499586049,0.24842153903588,0.248174951628718,0.247944882098629,0.247743216421536,0.247579621027984,0.247460750562704,0.247389691438975,0.247365690449745,0.247384194868454,0.247437204676235,0.24751391103168,0.247601570228608,0.247686541475779,0.247755401936499,0.24779604515613,0.24779867011888,0.247756577659,0.247666707876695,0.247529874928742,0.247350681916346,0.247137126101769,0.246899930786003,0.246651662498245,0.246405708792701,0.246175201707391,0.245971974320172,0.24580563300332,0.24568281666955,0.245606697756052,0.24557675952567,0.245588862273141,0.245635588958047,0.245706840193132,0.245790630698047,0.245874025345696,0.245944143579045,0.245989156734683,0.245999203799523,0.245967157169808,0.245889180672615,0.245765036850135,0.24559811846518,0.245395199271805,0.245165919997534,0.244922045778938,0.244676549531188,0.244442590492869,0.244232467136374,0.244056627660525,0.243922818690252,0.243835443469557,0.243795185231837,0.243798930614825,0.243840003507921,0.243908693580172,0.243993038269303,0.244079794645607,0.244155520507482,0.244207674015351,0.244225639143515,0.244201590486426,0.244131124973179,0.24401360851807,0.243852210581334,0.243653626603746,0.243427514760884,0.243185697080079,0.242941193677059,0.242707171218139,0.242495891854565,0.242317746686623,0.242180448881038,0.242088447026288,0.242042600643923,0.242040138614611,0.242074899311118,0.242137830104286,0.242217705108421,0.242302004749932,0.242377889805592,0.242433196463358,0.242457377951776,0.242442322374013,0.24238298531028,0.242277788962961,0.242128756294504,0.241941367742282,0.241724148531905,0.241488015039708,0.241245427621087,0.241009413319331,0.240792533511204,0.240605877709013,0.240458164657898,0.240355025191853,0.240298528195428,0.240286992221441,0.240315102239176,0.240374325558827,0.240453595431741,0.240540207470055,0.240620855053217,0.240682717178089,0.240714507123073,0.240707393444667,0.240655715941567,0.240557437216105,0.240414293592126,0.240231635226241,0.240017971841899,0.239784265160691,0.239543029586304,0.239307317313713,0.239089671779384,0.238901133927798,0.238750379453294,0.23864305282009,0.238581346756104,0.23856385568186,0.238585709939535,0.23863897641231,0.23871329162897,0.238796676936762,0.23887647276234,0.238940321076341,0.238977122324919,0.238977895340933,0.238936475852391,0.238850000705243,0.238719140165762,0.2385480587974,0.238344105299449,0.238117252027457,0.237879324271522,0.237643076337613,0.237421184708186,0.237225236817859,0.237064796281367,0.236946621198153,0.23687410144823,0.236846964312096,0.236861276460703,0.23690974600338,0.236982302877777,0.237066911707046,0.237150550659131,0.237220274867916,0.237264275116719,0.237272842542597,0.237239158149486,0.237159841217541,0.237035211834068,0.236869247704164,0.236669241713777,0.236445191949437,0.23620897779207,0.235973392476159,0.235751112849162,0.235553690320176,0.235390643190543,0.235268720417667,0.235191391587624,0.235158598960333,0.235166786515624,0.235209199598903,0.235276428612945,0.235357152623437,0.235439024834723,0.235509632382079,0.235557458190714,0.235572772938449,0.235548390375354,0.235480229082582,0.235367637585276,0.23521345670658,0.235023812123191,0.234807650089888,0.234576048937377,0.234341356786474,0.234116220507593,0.233912580979302,0.233740714155764,0.233608395714256,0.233520258921558,0.233477401127123,0.233477274841091,0.233513876174698,0.233578218481932,0.233659054571078,0.233743789087654,0.233819505655252,0.233874022793923,0.233896889663347,0.233880237701002,0.233819416797775,0.233713363543331,0.233564672451154,0.233379366733383,0.233166390759258,0.232936869458393,0.232703198572532,0.232478042307551,0.232273320764901,0.232099268391609,0.231963637020663,0.231871103803775,0.231822926799371,0.23181687079304,0.231847404816469,0.231906152404889,0.231982557260168,0.232064711776259,0.232140284711354,0.23219747778349,0.232225939441397,0.232217567498049,0.232167140398949,0.232072729113204,0.23193585729341,0.231761395553083,0.231557195321119,0.231333487422089,0.231102088894991,0.230875477231339,0.230665802911062,0.230483917715592,0.230338496942369,0.230235327913352,0.230176825218139,0.23016181571483,0.230185614707199,0.230240390626211,0.230315790998968,0.230399779719118,0.230479616843672,0.230542899216795,0.230578574470395,0.230577842972754,0.230534871943866,0.230447262360809,0.230316230899153,0.230146493916951,0.229945866009111,0.229724609572567,0.229494592033419,0.229268322248087,0.229057946000235,0.22887428199337,0.228725974471739,0.228618827395997,0.228555369219208,0.228534678263798,0.228552478079301,0.228601491537018,0.228672023280266,0.228752723799233,0.228831475838106,0.228896335717932,0.22893645880702,0.228942939886662,0.22890950542267,0.228833005388616,0.228713666641298,0.228555087025066,0.228363968313005,0.228149605595768,0.227923169505323,0.227696834320525,0.227482818158263,0.227292409890146,0.227135060239648,0.227017611207636,0.226943728488812,0.226913586319381,0.226923834242149,0.226967852152597,0.227036275684765,0.22711775069628,0.227199855465204,0.22727011413663,0.22731701647491,0.227330958025264,0.227305021554374,0.227235534497901,0.227122356740899,0.226968876511641,0.22678171728163,0.226570183018608,0.226345490713874,0.226119855918341,0.225905507752997,0.225713713865181,0.225553893088563,0.225432884681911,0.225354428971933,0.225318896376805,0.225323281754621,0.225361460474878,0.225424683078778,0.225502268153883,0.225582439125872,0.225653240862306,0.2257034668359,0.22572352734089,0.225706193795923,0.22564716313186,0.225545399097501,0.225403223299667,0.22522614699479,0.225022453899877,0.224802563256199,0.224578219685563,0.224361570721414,0.224164203082698,0.223996213754806,0.223865391001396,0.223776573268639,0.223731240865584,0.223727377201649,0.223759614603911,0.223819656057591,0.223896940623998,0.22397949895872,0.224054928373911,0.22411140598778,0.224138654791369,0.224128781320011,0.224076914711282,0.223981594257427,0.223844874502451,0.223672141391388,0.223471657609815,0.223253877781247,0.223030592677726,0.222813974582866,0.222615602512207,0.22244554582211,0.22231157813115,0.222218581331263,0.222168183095566,0.222158652219888,0.222185055922433,0.222239663372729,0.222312561627031,0.222392435023417,0.22246744785347,0.222526163348635,0.22255842995594,0.222556168552588,0.222514001477088,0.222429675610421,0.222304246528422,0.222142008033532,0.221950170072843,0.221738306972349,0.221517615784227,0.221300040002282,0.221097325623995,0.220920083397388,0.220776932307627,0.220673794574627,0.220613401734086,0.220595055321141,0.220614665362281,0.220665066927885,0.220736591417523,0.220817847202426,0.220896645784449,0.22096099650496,0.221000086368928,0.221005162479115,0.220970242917778,0.220892596898586,0.220772955174976,0.220615435083449,0.220427189031708,0.220217808487844,0.21999853551797,0.219781348943644,0.219578001089007,0.219399083367494,0.219253194769311,0.219146277331288,0.219081167980166,0.219057398120261,0.219071252557792,0.219116079420854,0.219182824112066,0.21926074423612,0.219338249821174,0.219403804696335,0.219446821042411,0.219458480058326,0.219432417238314,0.219365220528779,0.219256703022966,0.219109928078072,0.218930982833637,0.218728514902612,0.218513065188003,0.218296246009282,0.218089826739749,0.217904797831481,0.217750487514756,0.217633802999861,0.217558659542538,0.217525646689222,0.217531962377752,0.217571623773584,0.217635940549221,0.217714213774481,0.217794603767602,0.217865095113276,0.217914478125131,0.21793326423543,0.217914458342094,0.217854123537234,0.217751691743573,0.217609995895291,0.217435023308153,0.217235413515397,0.217021744950164,0.216805671641116,0.216598982254445,0.216412658613876,0.216256009097947,0.216135944488509,0.216056450897894,0.216018297677974,0.216018999221462,0.216053029822512,0.21611227171828,0.216186659407193,0.216264969451542,0.216335695042898,0.216387939127157,0.216412259043836,0.216401399394065,0.216350857968058,0.21625924155393,0.216128383578527,0.215963212841916,0.215771381000897,0.215562674740241,0.215348255474383,0.215139783637454,0.214948494901301,0.21478430098775,0.214654987448434,0.214565574630652,0.21451789623811,0.214510433118384,0.214538419366387,0.214594215201725,0.214667918357496,0.214748164993803,0.214823054360422,0.214881120197403,0.214912267334519,0.214908594675482,0.214865035548923,0.214779762349786,0.214654322932148,0.214493499389194,0.214304903519813,0.21409834528898,0.213885028987187,0.213676645030876,0.213484432451875,0.213318287782586,0.213185990536458,0.213092604562193,0.213040099331157,0.213027217094876,0.213049592385266,0.213100111083764,0.213169478641528,0.213246952106347,0.213321179253202,0.213381080944129,0.213416710239275,0.213420023838894,0.213385507946264,0.213310611139648,0.21319595067946,0.213045275048349,0.212865183437251,0.21266462117033,0.212454187405746,0.212245306555841,0.212049326539713,0.211876614173128,0.211735719894653,0.211632680139089,0.211570515995628,0.211548971886542,0.211564518960164,0.211610626208326,0.211678279782134,0.211756709564586,0.211834263775082,0.211899359051395,0.211941426449509,0.211951773844432,0.211924292324111,0.211855947696548,0.211747016934957,0.211601051516798,0.211424573064554,0.211226529258525,0.211017557632644,0.210809119950696,0.210612579262752,0.210438294871266,0.210294807266524,0.210188176166786,0.210121521165158,0.21009479751421,0.210104820763872,0.210145534774075,0.210208499427971,0.210283558419651,0.210359634821341,0.210425593488,0.210471105135464,0.210487447248953,0.210468181744689,0.21040965822612,0.210311304222987,0.210175679196314,0.210008286346636,0.209817154264684,0.209612218033789,0.209404545295245,0.209205465758846,0.209025671501542,0.208874359220352,0.208758483850995,0.208682185527644,0.208646439076344,0.208648957891344,0.208684363408045,0.208744609173785,0.208819626725302,0.208898141137407,0.208968589031419,0.209020062471549,0.209043199499395,0.209030946428838,0.208979128111631,0.208886779138208,0.208756209725906,0.208592802882529,0.208404562215181,0.20820145044792,0.207994575513129,0.207795292597539,0.2076142959352,0.207460773273044,0.207341689198116,0.207261251755717,0.207220601166943,0.207217741357023,0.20724771594798,0.207303011848535,0.207374156909043,0.207450464342597,0.207520866511066,0.207574774766735,0.207602900626312,0.207597976666564,0.207555322913056,0.207473215636382,0.207353029681344,0.207199141890223,0.207018600835024,0.206820585770227,0.206615694178981,0.206415111246736,0.206229724915553,0.206069255897813,0.205941472456783,0.205851554539,0.205801661088616,0.205790738749097,0.205814590833041,0.20586620397469,0.205936308076781,0.206014124956618,0.206088244393803,0.206147554752633,0.206182150191578,0.206184138230608,0.20614827998093,0.206072409863279,0.205957600806696,0.205808062933409,0.205630786515772,0.20543496141272,0.205231223352905,0.20503079084751,0.2048445642155,0.204682259751183,0.204551647566614,0.204457951742309,0.20440345722131,0.204387350767122,0.204405804746014,0.204452293907702,0.20451811803254,0.204593088452992,0.204666324994334,0.204727102473748,0.204765682881054,0.204774070790926,0.204746635266595,0.20468055116005,0.204576025724098,0.20443629201961,0.2042673677222,0.204077595486562,0.203876997837083,0.203676494409892,0.203487041069096,0.203318757868826,0.203180115211008,0.203077244427321,0.203013430402413,0.202988830201212,0.203000443860574,0.203042342900736,0.203106140446803,0.203181666088753,0.203257790689636,0.203323332969269,0.203367972143412,0.203383089983432,0.203362471571918,0.203302806273707,0.203203947851617,0.20306891354112,0.202903624276152,0.202716410086794,0.202517324038293,0.202317323285993,0.202127385648846,0.201957633897337,0.201816537673813,0.201710255126658,0.201642163861045,0.201612614881501,0.201618925208816,0.201655606273321,0.201714807449671,0.201786938442066,0.201861421613843,0.201927516472433,0.201975153826939,0.201995716860858,0.201982710472339,0.201932268415237,0.20184345947518,0.201718368410675,0.201561943812147,0.201381622357957,0.201186756001821,0.200987884155986,0.200795905723382,0.200621214808054,0.200472868233811,0.200357852030606,0.200280507574475,0.200242166332581,0.200241025940422,0.200272280868372,0.20032849981109,0.200400220955542,0.20047671733348,0.200546869348317,0.200600071809824,0.200627099432812,0.200620858127351,0.200576959227694,0.200494069166545,0.200374006580028,0.200221580604244,0.200044186144657,0.199851192125233,0.199653175385405,0.199461064663161,0.199285265168377,0.199134834315846,0.199016773476091,0.198935489844164,0.198892467869951,0.19888617253116,0.19891218850483,0.19896358136775,0.19903145056815,0.199105630146363,0.199175482911208,0.199230727581858,0.199262236543583,0.19926274433121,0.199227413533745,0.19915421510916,0.199044093498008,0.198900902588674,0.198731115495972,0.198543328149733,0.198347592690698,0.198154630459187,0.197974984788917,0.197818179876258,0.197691952970225,0.197601622710107,0.197549646753213,0.197535407439151,0.197555246109409,0.197602746247897,0.197669244584639,0.197744529635309,0.197817670684305,0.197877908522064,0.197915533462459,0.197922676924216,0.197893950188239,0.197826877199407,0.197722086196999,0.197583245799964,0.19741675298489,0.197231201205567,0.197036674889837,0.196843930177441,0.196663529948739,0.196505003438019,0.19637609713318,0.196282174850019,0.19622581179986,0.19620661134488,0.196221255323034,0.196263780766601,0.196326058915278,0.196398437798879,0.196470498207769,0.196531865183771,0.196573013634273,0.196586007468463,0.196565116689729,0.19650726578857,0.196412278967359,0.196282902431483,0.196124600312004,0.195945137713385,0.195753980739724,0.195561557915904,0.195378439020636,0.19521449499002,0.195078105466447,0.194975478270733,0.194910137446471,0.194882623921022,0.194890436116303,0.194928218342598,0.194988184140141,0.195060741672259,0.195135270631605,0.195200986594225,0.195247820725944,0.195267241068595,0.195252946510864,0.195201375526182,0.195111987815795,0.194987296645867,0.19483265108395,0.194655788516738,0.194466196821479,0.194274340727403,0.194090817066085,0.193925508109993,0.193786800875283,0.1936809334492,0.193611517897932,0.193579274302547,0.193581993352945,0.193614727110491,0.193670190332333,0.193739339299435,0.193812082415877,0.193878067746721,0.193927487641658,0.193951839840123,0.193944587895469,0.193901671126041,0.193821825162885,0.193706687874785,0.193560681144241,0.193390675602482,0.193205461886035,0.193015067114249,0.192829967977083,0.192660260983392,0.192514855126006,0.192400751853075,0.192322471596894,0.192281675448773,0.192277015543712,0.192304229392297,0.192356473212986,0.192424869025467,0.192499221743553,0.192568847515248,0.192623444532081,0.192653933452776,0.192653196916905,0.192616656231946,0.192542637439043,0.192432497250668,0.192290500045392,0.192123458263265,0.191940168271862,0.191750690361623,0.191565533593764,0.191394812837844,0.191247446137276,0.191130455748153,0.191048426504534,0.191003161588895,0.190993559550327,0.191015718867844,0.191063258896774,0.191127829968647,0.191199771820698,0.191268869203142,0.191325146984072,0.191359644663977,0.191365112031719,0.191336573593925,0.191271718972678,0.191171089055382,0.191038042510904,0.190878503455233,0.190700507522278,0.190513579212354,0.190327986953344,0.190153932709495,0.190000739296751,0.189876100142748,0.189785452680553,0.189731527876588,0.189714115025916,0.189730063866085,0.189773526645059,0.189836422665585,0.189909088759044,0.18998106284405,0.19004193577967,0.190082200372234,0.190094026335651,0.190071896276938,0.190013049782126,0.189917699288391,0.189789001118264,0.189632786004153,0.189457073697434,0.189271413983434,0.189086110095985,0.1889113891165,0.188756586944948,0.188629412817445,0.188535350543241,0.188477241499197,0.188455079156968,0.188466027916086,0.188504661656047,0.188563400952916,0.188633113420638,0.188703830059581,0.188765522540422,0.188808882457043,0.188826043877139,0.188811194874061,0.188761031822369,0.188675021601214,0.188555450796364,0.188407256634003,0.188237650667594,0.18805556205882,0.187870941533721,0.187693978673905,0.18753429310477,0.187400163526641,0.187297856883124,0.187231113187905,0.187200829996623,0.187204974975527,0.18723873660948,0.18729490327762,0.187364441443054,0.187437226376658,0.187502865331513,0.187551544703872,0.187574830279785,0.187566353465979,0.187522326163934,0.187441841797819,0.187326938538018,0.187182421190813,0.187015458643342,0.186834992343148,0.186651006473179,0.186473721020396,0.186312774045314,0.186176458905357,0.186071076285891,0.186000450420551,0.18596564490541,0.185964897263941,0.18599377422233,0.186045532841199,0.186111657452543,0.186182529780109,0.186248180406415,0.186299064355496,0.1863268022359,0.186324831172083,0.186288916440918,0.186217484866988,0.186111753949326,0.185975645583233,0.185815489182208,0.185639534958505,0.185457312946054,0.185278885888592,0.185114053319838,0.184971569194597,0.184858435714938,0.184779331261166,0.184736220684232,0.184728182205514,0.184751467839817,0.184799795032039,0.184864847720076,0.184936947012596,0.185005836747534,0.185061518831339,0.185095068539117,0.185099361420317,0.185069650995513,0.185003949326559,0.184903179583406,0.184771089347934,0.184613933785492,0.184439957098482,0.184258717110855,0.184080310034822,0.183914559553036,0.183770235936545,0.183654367103992,0.183571694831129,0.183524316653987,0.183511538593495,0.183529947032688,0.183573691236894,0.183634952317272,0.183704560920792,0.183772715435667,0.183829745669179,0.183866864149201,0.183876848490742,0.183854603473276,0.18379756023106,0.183705881744929,0.183582457930549,0.183432689138392,0.183264072762945,0.183085622799329,0.182907165500125,0.182738564738784,0.182588937334891,0.18246592069391,0.182375052247156,0.182319312365631,0.182298870122115,0.182311055335324,0.182350561937411,0.182409868356499,0.18247984201499,0.182550478964888,0.182611717667648,0.182654259143767,0.182670324838048,0.182654288712219,0.18260313087493,0.182516675514447,0.182397594543665,0.182251178419408,0.182084895200585,0.181907776335049,0.181729681449591,0.181560503460876,0.181409378984871,0.181283967192158,0.181189853356279,0.181130122207536,0.181105131930831,0.181112503463138,0.181147322947231,0.181202539065671,0.181269522677212,0.181338744641503,0.181400519600627,0.181445759184813,0.1814666778115,0.181457397932947,0.181414409002007,0.18133684506904,0.181226559098188,0.181087986969077,0.180927809779971,0.180754438453024,0.180577358639557,0.180406385416428,0.180250885270563,0.180119026636319,0.180017119302017,0.179949097166077,0.179916188301724,0.179916801735963,0.179946642874285,0.179999050569273,0.180065530077178,0.18013643922593,0.180201771585304,0.180251971616145,0.180278713623954,0.180275579240533,0.180238576854614,0.180166460074081,0.180060819644605,0.179925942681319,0.179768452816259,0.179596763117366,0.179420388761317,0.179249177191488,0.179092519115572,0.178958603951765,0.17885377841956,0.178782057486804,0.17874482378308,0.178740736100557,0.17876585107741,0.178813945890419,0.178877014905666,0.178945900698667,0.179011010430958,0.179063062826281,0.179093809225894,0.179096674431725,0.179067269037498,0.179003734294247,0.178906892697504,0.178780191681245,0.178629443136094,0.178462376885042,0.17828804066347,0.178116091512199,0.177956032820419,0.177816456677033,0.177704352043957,0.177624535243363,0.177579250479426,0.1775679751526,0.177587448494864,0.177631923791259,0.177693625659323,0.177763376214696,0.177831339139859,0.177887820142308,0.177924057065566,0.1779329335203,0.177909556327335,0.177851648772686,0.177759727605439,0.177637050354365,0.17748933912441,0.177324305755643,0.177151019453031,0.176979170387083,0.176818290360353,0.176676993921844,0.176562300297267,0.176479088697295,0.176429727862064,0.176413906219902,0.17642867300143,0.176468684310475,0.17652663273572,0.176593825690321,0.176660867157749,0.176718390483962,0.176757786614519,0.176771872851904,0.176755451730413,0.176705717676224,0.176622480204485,0.176508185773708,0.17636773521661,0.176208108956983,0.176037826981216,0.175866283671373,0.17570300805196,0.17555690682816,0.17543555012464,0.175344557695348,0.17528713650871,0.175263809327503,0.175272358929,0.175307995105568,0.17536373303016,0.175430953597217,0.175500100568963,0.175561457231543,0.175605937987609,0.175625828667116,0.175615413565081,0.175571436943069,0.175493361034566,0.175383400127294,0.175246329444309,0.175089086565925,0.174920200305588,0.174749095764366,0.17458533362346,0.174437845967307,0.174314229931036,0.174220154536706,0.174158925899614,0.174131242546854,0.174135157123238,0.174166244577827,0.174217961268235,0.174282165364925,0.174349757373375,0.174411391223954,0.174458201699219,0.174482493207162,0.174478338021777,0.17444203882411,0.174372420242121,0.174270926511263,0.174141516596887,0.173990363202785,0.173825376992482,0.173655591004386,0.17349045163037,0.173339070720484,0.17320949758196,0.173108069300225,0.173038892717547,0.173003501781004,0.173000720450484,0.173026744928697,0.173075440921275,0.173138833472058,0.173207750291289,0.173272565991153,0.17332398558353,0.173353801868293,0.173355563331956,0.173325096752164,0.173260841210637,0.173163966508833,0.173038267513174,0.172889844980755,0.172726601201406,0.172557593806788,0.172392302118837,0.172239866598671,0.17210836293319,0.172004168183767,0.171931467814353,0.171891940251094,0.171884641026443,0.171906092730371,0.17195057115074,0.172010563312948,0.172077360658438,0.172141741120098,0.172194687864962,0.172228090243117,0.17223537407625,0.172212013721229,0.17215588701145,0.172067445636162,0.171949687007515,0.171807928319008,0.171649398378216,0.171482676890071,0.171317023114306,0.171161645199709,0.171024967154463,0.170913951756201,0.1708335344533,0.170786215497398,0.170771845578627,0.170787624924599,0.170828318384445,0.170886670945728,0.170953991023744,0.171020854258931,0.171077869821475,0.171116445425838,0.171129487049404,0.171111974823316,0.171061367219209,0.170977800474976,0.170864067798951,0.17072538165822,0.170568940695347,0.170403338887422,0.170237867059735,0.170081764806086,0.169943483760844,0.169830021002524,0.169746374533906,0.16969516200957,0.169676430187843,0.169687667198629,0.169724013928635,0.169778655824457,0.16984336321253,0.169909137649436,0.169966914481129,0.17000826813196,0.170026066835382,0.170015027459521,0.169972128451565,0.169896849241923,0.169791217089087,0.169659656526005,0.169508651346775,0.16934624340836,0.169181405374109,0.169023334921048,0.168880725004958,0.168761067809869,0.168670048530087,0.168611079032939,0.168585011045648,0.168590054523805,0.168621910342422,0.168674108714787,0.168738527293426,0.168806047331858,0.168867294088622,0.168913400039418,0.168936727183352,0.16893148803061,0.168894213478049,0.168824028961856,0.16872271681061,0.168594561044882,0.168445989260059,0.168285043029059,0.168120722046134,0.167962256904091,0.167818370241122,0.167696585743687,0.167602639369977,0.167540037831251,0.167509796818417,0.167510376824185,0.167537818867035,0.167586067143653,0.167647451734883,0.167713292935475,0.167774580295015,0.167822674491955,0.167849978913424,0.167850530286934,0.167820463732425,0.167758316791604,0.167665148745562,0.167544465076794,0.16740195138819,0.1672450355142,0.167082309948335,0.166922858040145,0.166775535721411,0.166648265027016,0.166547395876185,0.166477188279726,0.166439458467701,0.16643341987883,0.166455734406979,0.166500772018573,0.166561059336931,0.166627881598987,0.166691988991369,0.166744349022897,0.166776882236122,0.166783119710452,0.166758727424497,0.166701854013197,0.166613273679468,0.166496313579041,0.166356573295115,0.166201461412608,0.166039589138957,0.165880072114942,0.165731798152871,0.165602720264378,0.165499231089331,0.165425667180886,0.165383980320504,0.16537359917403,0.165391489372465,0.165432404760915,0.165489308245876,0.165553928331045,0.165617407815841,0.165670994806816,0.165706723522872,0.16571803347195,0.165700280290136,0.165651099500761,0.165570595154615,0.165461338103256,0.165328172734826,0.165177845418527,0.165018481630746,0.164858950759453,0.164708166977269,0.164574380533517,0.164464515703369,0.16438360906697,0.164334394760125,0.164317072249568,0.164329277837682,0.164366264594941,0.164421278081184,0.164486098534884,0.164551705720774,0.164609011741833,0.164649600925211,0.164666415001095,0.164654326315668,0.164610551371954,0.164534870731118,0.164429637970582,0.164299578416515,0.164151396062453,0.163993222869648,0.163833957196134,0.163682546443345,0.163547272554478,0.163435097596667,0.163351120623926,0.163298187074858,0.163276679116482,0.163284500738246,0.163317256184997,0.163368605628843,0.163430768875843,0.163495137282355,0.16355294656823,0.163595959235331,0.163617104972933,0.163611030718717,0.163574518730548,0.163506740685443,0.163409327819284,0.163286250655127,0.163143516054825,0.162988703237402,0.16283037306215,0.162677395282087,0.16253824571885,0.162420328683631,0.162329379058075,0.162268993159861,0.162240328074532,0.162241996103925,0.162270165303352,0.162318860041098,0.162380438616228,0.162446209741148,0.162507137521981,0.162554576596772,0.162580976131235,0.162580493798512,0.162549468522995,0.162486712937086,0.162393602020449,0.162273951814756,0.162133699856745,0.161980415469475,0.16182268184236,0.161669401744376,0.161529084009152,0.161409168352239,0.161315441822341,0.161251591797785,0.16121892874405,0.161216297999519,0.161240184853715,0.161285002335908,0.161343537529831,0.1614075207599,0.161468273340447,0.161517384242726,0.161547364314107,0.161552228636525,0.161527963040575,0.161472839294775,0.161387554516494,0.161275183227764,0.161140944392924,0.160991799779904,0.160835913068025,0.160682010297429,0.160538690639278,0.160413741325018,0.160313511354254,0.160242395014281,0.16020246836473,0.16019331015626,0.160212024027062,0.160253462406017,0.160310635691885,0.160375274434158,0.160438498879873,0.160491540677069,0.160526456701771,0.160536775394815,0.160518021645163,0.160468076644163,0.160387343329615,0.16027870473092,0.160147280153217,0.160000001068475,0.159845043318414,0.159691163561719,0.159546994952626,0.159420359346545,0.159317650847368,0.159243338641578,0.159199626588278,0.15918629398106,0.159200727394992,0.159238138707177,0.159291950319965,0.159354316320965,0.159416738615564,0.159470730549911,0.159508477518578,0.15952344461033,0.159510885400498,0.159468213288764,0.159395206845266,0.159294032799318,0.159169083770206,0.159026641710951,0.158874391390979,0.158720820129878,0.158574549459979,0.158443650584336,0.158334997773138,0.15825371187746,0.158202739931605,0.158182606677576,0.158191360420897,0.158224719909939,0.158276412226128,0.158338675464628,0.158402885752954,0.158460257209322,0.158502556821667,0.158522774613213,0.158515693089103,0.158478308548463,0.158410069598829,0.158312913916282,0.158191101496418,0.158050859784762,0.157899871639007,0.157746649701444,0.157599849401128,0.157467576847088,0.157356747172596,0.157272543720163,0.157218019420214,0.157193869677857,0.15719839211131,0.157227633766861,0.157275712135193,0.157335283434033,0.157398121021772,0.157455759092498,0.157500152422072,0.157524302129593,0.157522800185533,0.157492251486985,0.1574315412918,0.157341927086163,0.157226946865431,0.157092149510647,0.156944666490985,0.156792656515608,0.156644665052138,0.156508948003994,0.156392812627914,0.156302028495643,0.15624035675222,0.156209237260477,0.156207661022958,0.156232240471096,0.156277473989494,0.15633618473894,0.156400098876251,0.156460516040812,0.156509016698908,0.15653814745361,0.156542027100889,0.156516822901792,0.156461057649983,0.156375722646119,0.156264188312959,0.156131921348193,0.155986033435366,0.155834700202538,0.155686499224757,0.155549721664138,0.155431713274519,0.155338297021269,0.155273321953945,0.155238372046795,0.155232655533659,0.155253080926222,0.155294511514672,0.15535017674811,0.155412207418569,0.155472252793358,0.155522132273949,0.155554472058087,0.155563278680639,0.155544406074926,0.155495880629743,0.155418059122562,0.155313606695505,0.155187295381002,0.15504563719076,0.154896378544587,0.154747893908157,0.15460852502256,0.154485917249192,0.154386405764181,0.154314501375917,0.154272518689901,0.154260378599116,0.154275603345987,0.154313506725579,0.154367565703173,0.154429944266217,0.154492127139231,0.154545611277335,0.154582597745514,0.154596626250376,0.154583099335927,0.154539652692314,0.154466341269926,0.1543656266829,0.154242168268258,0.154102436631069,0.153954183107073,0.153805810048534,0.153665694245429,0.15354151862981,0.153439665642732,0.153364719633541,0.153319116071162,0.153302963061329,0.153314046745277,0.153348017765202,0.153398742248728,0.153458788661675,0.153520012160624,0.153574191300233,0.153613668496458,0.153631945703228,0.153624190279952,0.153587612721792,0.153521687316578,0.15342819827882,0.153311106783381,0.153176247748605,0.1530308782603,0.152883111208006,0.15274127711538,0.152613263520289,0.152505883997229,0.152424327616375,0.152371734179042,0.15234893120802,0.152354356052277,0.152384171575436,0.152432567943484,0.152492227339644,0.152554914391105,0.15261214401613,0.152655871402281,0.152679146633391,0.152676679330764,0.152645266307247,0.152584046962828,0.152494565922282,0.152380638878724,0.152248034234868,0.152103998403753,0.151956665217456,0.151814398794302,0.151685123803292,0.151575697088835,0.151491370223245,0.151435384277262,0.151408726804569,0.151410067783701,0.151435877152732,0.151480712668162,0.151537654103779,0.151598849155576,0.151656128541346,0.151701643139635,0.151728474800622,0.151731174661129,0.151706188223136,0.151652134769871,0.151569919374368,0.151462668097026,0.151335490135442,0.151195083790069,0.151049215242396,0.150906109412987,0.150773799720289,0.150659487673768,0.150568963425647,0.150506134508887,0.150472702166235,0.150468013396281,0.15048910288626,0.150530923452789,0.150586747800162,0.150648709760066,0.150708441046808,0.150757751074457,0.150789293353416,0.150797162858043,0.150777374531526,0.150728183274423,0.150650219391732,0.150546429260358,0.150421827473584,0.150283082454053,0.150137971132105,0.149994748600909,0.149861484859645,0.14974542245305,0.149652406067008,0.149586428376172,0.149549326363936,0.149540649859623,0.14955771023154,0.149595803174286,0.149648586413573,0.149708581824354,0.149767762606635,0.149818180289334,0.149852583769858,0.149864983484747,0.149851118043379,0.149808787903107,0.149738030407689,0.149641122131394,0.149522407253865,0.149387963802847,0.149245132106355,0.149101940735377,0.148966473727994,0.148846228260748,0.148747513648379,0.14867494028649,0.148631040861829,0.148616056171286,0.148627904935043,0.148662342096815,0.148713294497378,0.14877334779576,0.148834345421662,0.148888050421053,0.148926815317726,0.148944204163909,0.148935514903179,0.148898158650296,0.148831864736699,0.148738695282589,0.14862286928148,0.148490412219406,0.148348661632593,0.148205670498717,0.148069558070743,0.147947861186707,0.147846938076602,0.147771471455369,0.147724108828617,0.14770526634451,0.147713109271819,0.147743708361481,0.147791357972509,0.147849029835749,0.147908926505259,0.14796309155688,0.148004029846811,0.148025290783893,0.148021970522256,0.147991095013331,0.147931854594036,0.147845671689031,0.147736095549473,0.147608530891351,0.147469819941774,0.147327708869249,0.147190239009509,0.147065109902505,0.146959064266394,0.146877344239321,0.146823263433722,0.146797930818348,0.146800150720762,0.146826509160561,0.146871641389041,0.146928660243263,0.146989711115391,0.147046608282258,0.147091500070674,0.147117507552704,0.147119283490142,0.147093444962344,0.14703884393315,0.14695665392762,0.146850266684439,0.146725008684166,0.1465877024107,0.14644610979708,0.146308304481421,0.146182024536557,0.146074057947527,0.145989709438437,0.145932389797744,0.145903358375046,0.145901636850477,0.145924098759198,0.145965725682627,0.146020008523821,0.146079461724544,0.146136210295439,0.146182604559476,0.146211815818896,0.146218367825452,0.146198563818678,0.146150776630363,0.146075579399459,0.14597570615408,0.145855844161276,0.145722272686126,0.145582374722622,0.145444058437534,0.145315132681974,0.145202685320005,0.145112513842008,0.145048654536837,0.145013049440357,0.145005379762791,0.145023081296886,0.145061542488309,0.145114470643948,0.145174397461772,0.145233282965728,0.145283168179696,0.145316822369577,0.145328330907643,0.145313574771834,0.14527056192795,0.145199583517219,0.145103182743516,0.144985940259926,0.144854095229701,0.144715034695591,0.144576694296613,0.144446919936792,0.144332842322267,0.14424031428608,0.144173454814852,0.144134334326597,0.144122823945895,0.144136618342861,0.144171428206743,0.144221325592886,0.144279214092433,0.1443373867862,0.144388128840446,0.144424318726355,0.144439982487857,0.144430759130482,0.144394241791312,0.144330168467505,0.144240447152347,0.144129012513191,0.144001523899656,0.143864926619234,0.143726909204139,0.143595297993542,0.143477436012817,0.143379595249731,0.143306469679568,0.14326079078089,0.143243098135586,0.143251685629386,0.143282729636882,0.143330590515307,0.143388264061957,0.143447946666262,0.143501667923664,0.143541938410206,0.143562358730505,0.143558139053372,0.1435264859202,0.143466824484638,0.143380838451377,0.143272325498129,0.143146881473188,0.14301144080378,0.142873712125882,0.142741556195064,0.142622357047341,0.142522436958572,0.142446561232468,0.142397570795091,0.142376169776087,0.142380882647667,0.142408182102214,0.14245277574174,0.142508027811161,0.142566482433805,0.142620447680912,0.142662595707021,0.142686533321483,0.142687299772962,0.142661754013454,0.142608821880363,0.142529583925888,0.142427196367095,0.142306650083456,0.142174384919037,0.142037787854869,0.141904613014428,0.141782368176586,0.141677715902826,0.141595937151,0.141540501186337,0.141512777839216,0.141511917177309,0.141534908288438,0.141576814205957,0.14163116528517,0.141690479820896,0.141746869599423,0.141792680477192,0.141821114765632,0.14182678354973,0.141806142968812,0.141757778390266,0.141682513408725,0.141583335537253,0.141465145972057,0.141334355489059,0.141198361052673,0.141064947037766,0.140941660403222,0.140835210401325,0.140750940498925,0.140692413494338,0.140661141024801,0.14065647670848,0.14067567910865,0.140714137583003,0.140765741829977,0.140823365391886,0.140879425217463,0.14092647414438,0.140957781122936,0.140967855210564,0.140952873668104,0.140910981578962,0.140842439848495,0.140749609623258,0.140636773347846,0.140509805007384,0.140375713724182,0.140242094953793,0.140116531271785,0.140005989458178,0.139916261747758,0.139851496472878,0.139813856959335,0.139803337838027,0.139817755569893,0.13985291586817,0.139902945989144,0.139960765853446,0.140018659958099,0.140068903174023,0.140104388626694,0.140119205409621,0.140109117983621,0.14007190745673,0.140007546776581,0.139918196084299,0.139808019739878,0.139682841451939,0.13954966723949,0.139416116505429,0.139289808447464,0.139177753858208,0.139085800975938,0.139018178752923,0.138977172330659,0.138962954465115,0.138973584062376,0.139005169874664,0.139052184795598,0.1391079050214,0.139164939359984,0.139215807691839,0.139253524334336,0.139272141991443,0.139267215068365,0.139236147174267,0.139178396194337,0.139095520794451,0.138991063944048,0.138870281255114,0.138739733815408,0.138606775865697,0.138478976278165,0.138363518605883,0.138266626957143,0.138193063790574,0.138145740851453,0.138125476082637,0.138130917984221,0.138158645435363,0.138203436545812,0.138258685907142,0.138316936902915,0.138370485668034,0.138412006837116,0.138435149066224,0.138435050710722,0.138408732790422,0.138355336849365,0.138276188567155,0.138174682806825,0.138056000844946,0.137926684453391,0.137794103059523,0.137665858460365,0.137549175925975,0.137450330774981,0.137374155751613,0.137323667212004,0.137299837972759,0.137301532643039,0.137325608396319,0.137367171438461,0.137419967783704,0.137476877133421,0.137530471309509,0.137573594292019,0.137599919682946,0.137604443357195,0.137583873968788,0.13753689151785,0.137464253883114,0.137368742466565,0.137254950120282,0.137128926488475,0.136997706954012,0.136868760724476,0.136749400484088,0.1366461998314,0.136564464961057,0.136507803557511,0.136477826803715,0.136474010227738,0.13649372653678,0.136532449575062,0.136584114246955,0.136641603946056,0.136697325968918,0.136743827613536,0.136774401903767,0.136783632521268,0.136767832566859,0.136725340806618,0.136656651266235,0.136564366269032,0.136452977941146,0.136328497496777,0.136197964046452,0.136068874206333,0.13594857965358,0.135843701554497,0.135759608490018,0.135699998507537,0.135666616904529,0.135659130124452,0.135675163641878,0.135710498921351,0.135759412451711,0.135815129377643,0.135870356059486,0.135917850444717,0.135950986694021,0.135964271184896,0.135953770764121,0.135917420675694,0.13585518848384,0.135769080925331,0.135662992270401,0.13554240470135,0.135413962619442,0.135284952802658,0.135162730135864,0.135054133545955,0.134964938336927,0.134899389095664,0.134859851718513,0.134846614158449,0.134857853812145,0.134889775978159,0.134936913665974,0.134992565439278,0.13504933611957,0.135099736132973,0.13513678994334,0.135154602962864,0.135148839725066,0.135117073639224,0.135058979611887,0.134976354218559,0.13487296273945,0.13475422692288,0.134626780492642,0.134497930011992,0.134375065905079,0.134265071738866,0.134173779162727,0.134105511378225,0.134062750148676,0.134045950916317,0.134053518539158,0.134081943524352,0.134126086390309,0.134179586775227,0.134235364838864,0.134286175966491,0.134325176197722,0.134346455354246,0.13434549747189,0.134319533607883,0.13426776002203,0.134191404634856,0.134093635918279,0.133979320204795,0.133854644962587,0.133726636042558,0.133602605493406,0.133489572575373,0.133393703499873,0.133319814781729,0.133270980800922,0.133248278459062,0.133250691220038,0.133275182123762,0.133316931533303,0.13336972156103,0.133426436556163,0.13347963891723,0.133522172793384,0.133547745599388,0.133551438954023,0.133530106549288,0.13348262607921,0.133409984839366,0.133315192785747,0.13320303139165,0.133079660259933,0.132952114978809,0.132827738214747,0.132713590852532,0.132615890798464,0.132539523928793,0.132487665034702,0.132461537195899,0.132460326661589,0.132481257955252,0.132519821506694,0.132570134595659,0.132625406603175,0.132678472149645,0.132722351061161,0.132750792459879,0.132758761678222,0.13274283304761,0.132701458617275,0.132635092028898,0.132546157477333,0.132438865218952,0.132318886693793,0.132192913205301,0.132068131424428,0.131951655976593,0.131849963405965,0.131768372485565,0.131710612982344,0.131678518662034,0.131671870871894,0.131688407127484,0.131723995704053,0.131772963438132,0.131828550980863,0.131883458751993,0.131930438829819,0.131962883774873,0.131975363398845,0.131964064807858,0.131927099277717,0.131864650885304,0.131778955288979,0.131674111419843,0.13155574283117,0.131430537800789,0.131305706912791,0.131188402999298,0.131085150615433,0.131001330615183,0.130940760157167,0.130905400131104,0.130895211340285,0.130908168762897,0.130940430857269,0.130986649110077,0.131040392651247,0.131094654438271,0.131142399777209,0.13117711515731,0.131193315665924,0.131186972522924,0.131155828249623,0.131099575264474,0.131019883763731,0.130920275955013,0.130805855294041,0.130682910494109,0.130558423922724,0.130439521835051,0.130332909076856,0.130244332897157,0.130178119016068,0.130136818058774,0.130120992188153,0.130129160839777,0.13015791170388,0.130202169506486,0.130255601852346,0.130311129607384,0.130361500146197,0.130399876160693,0.13042039116026,0.130418625454028,0.130391963085815,0.130339800326364,0.130263589006181,0.130166712016552,0.130054202412044,0.129932330457195,0.129808093586341,0.129688651739596,0.129580754334313,0.129490205002338,0.129421406316805,0.129377019541055,0.129357764694368,0.129362374811229,0.129387706092068,0.129428993638051,0.129480231530066,0.129534646933119,0.129585231262824,0.129625287598832,0.129648952639428,0.129651653576767,0.129630465188551,0.129584339856545,0.12951419261947,0.129422834103027,0.129314755533457,0.129195781284819,0.129072614745479,0.128952311912913,0.128841723302818,0.12874694792173,0.128672842864553,0.128622628457941,0.128597621913413,0.128597122583009,0.12861845983077,0.128657201227705,0.128707505396256,0.128762591546805,0.128815287649747,0.128858612201738,0.128886341374975,0.128893514360222,0.128876834885057,0.128834935733585,0.128768484781226,0.128680124522208,0.128574251110337,0.128456652308739,0.128334035261432,0.128213483665276,0.12810188906587,0.1280054023299,0.127928948905432,0.127875845598082,0.127847547842559,0.127843545636525,0.127861414384188,0.127897014861283,0.12794482525967,0.127998378551059,0.128050770835316,0.128095201386215,0.128125503083973,0.128136622918351,0.128125016120208,0.128088923919395,0.128028513501582,0.127945868912533,0.127844832780189,0.127730710020605,0.127609855339277,0.127489175545967,0.127375584769993,0.127275455001594,0.127194105531718,0.127135372558073,0.127101294500837,0.12709193978711,0.127105392667562,0.127137899879491,0.127184167679362,0.127237786054928,0.127291745950434,0.127339007157532,0.127373069943343,0.127388502951454,0.127381383485274,0.127349613671069,0.127293086564827,0.127213689064039,0.127115142326069,0.12700269400061,0.126882688749935,0.126762053244752,0.126647738326331,0.126546163843776,0.126462710665807,0.126401299744661,0.126364090418235,0.12635132014262,0.126361296426382,0.126390539796871,0.12643406506695,0.126485777839402,0.126538954813208,0.126586770572364,0.126622830454783,0.126641668937454,0.126639175702226,0.12661291697779,0.126562327524276,0.126488758202468,0.12639537479385,0.12628691489515,0.126169320555679,0.126049274086013,0.12593367237405,0.125829080411362,0.125741207048291,0.125674444983599,0.125631512617724,0.125613227862026,0.125618433766367,0.125644083653532,0.125685480334045,0.125736651061432,0.125790828317674,0.125840997324446,0.125880465209579,0.125903404626896,0.125905326605574,0.125883443357364,0.12583689114885,0.125766795273488,0.125676172546503,0.125569680405792,0.125453234426075,0.125333526721841,0.125217485420959,0.125111719557608,0.12502199414818,0.124952776993675,0.124906892285148,0.124885306992337,0.124887065109098,0.124909373060375,0.124947827901081,0.124996769216434,0.125049726574288,0.125099927547144,0.12514082713925,0.125166618175608,0.125172683872582,0.125155958238026,0.125115166801855,0.125050929003252,0.124965713804375,0.124863651091969,0.124750212395561,0.124631784587382,0.124515168778309,0.124407042927201,0.12431343019145,0.124239215359289,0.124187748627407,0.12416056962507,0.124157275362818,0.124175544394428,0.124211316809966,0.124259116741291,0.12431249196327,0.124364535029395,0.124408443176336,0.124438070679551,0.124448427788877,0.124436084790743,0.124399447760682,0.124338883492603,0.124256683935058,0.124156874038799,0.124044879975527,0.123927086082308,0.123810317688262,0.123701292516477,0.12360608523505,0.123529647890008,0.123475423673185,0.123445083351158,0.123438403499422,0.123453294323336,0.123485973185844,0.123531268865887,0.123583031849797,0.123634618292485,0.123679410157112,0.123711331709414,0.123725323077334,0.123717734913141,0.123686614093035,0.123631858469502,0.123555228400156,0.123460213445244,0.12335176353547,0.123235904324022,0.123119265601244,0.123008558833105,0.122910044445194,0.122829030959806,0.122769446291381,0.122733516445384,0.122721578813996,0.122732046739158,0.122761529809349,0.122805101490229,0.122856693294011,0.122909583871104,0.122956943128287,0.122992386512336,0.123010493462977,0.123007246916722,0.122980357411738,0.122929445184168,0.122856065734575,0.122763577580894,0.122656864133644,0.122541933673236,0.122425431224978,0.122314102888709,0.122214256394305,0.12213126119537,0.122069127473269,0.122030196443511,0.122014964983227,0.122022056654526,0.122048339618168,0.122089180647872,0.122138814289748,0.122190797825579,0.122238516603069,0.12227570086143,0.122296914611458,0.122297979423549,0.122276300923076,0.122231073017583,0.122163343905861,0.122075938175887,0.121973240113526,0.121860853951972,0.121745166401663,0.121632844680183,0.121530308791554,0.121443219493067,0.121376022895656,0.121331588846618,0.121310973306087,0.121313325328762,0.121335947739314,0.121374508056272,0.121423383694924,0.121476114041883,0.121525922699387,0.121566266957904,0.12159136899823,0.121596684705984,0.121579271186261,0.121538022642167,0.12147375547776,0.12138913629661,0.121288459713569,0.121177295369981,0.121062034154795,0.120949371525644,0.120845770406453,0.120756947113921,0.120687421151303,0.120640163845054,0.120616372310642,0.12061538491955,0.120634743170505,0.120670393515361,0.120717012089297,0.120768426207001,0.120818099534889,0.120859643458829,0.120887315549714,0.12089646722023,0.120883906553785,0.120848148613627,0.120789533886229,0.120710205305023,0.120613944865299,0.120505881463397,0.120392091545809,0.120279122705332,0.12017347681284,0.120081093034776,0.120006871765815,0.119954277953677,0.119925056600827,0.119919084721173,0.119934373280295,0.119967220479467,0.12001250518509,0.120064097470246,0.12011535318325,0.120159652095262,0.120190935198331,0.120204196551874,0.120195888796853,0.120164208766611,0.120109239842199,0.120032939874558,0.119938976524319,0.119832424607555,0.119719351370914,0.119606324570192,0.119499884052923,0.119406019845609,0.119329698471256,0.119274474625686,0.119242217906323,0.119232974688024,0.119244974309026,0.119274777386953,0.119317553228834,0.119367463706925,0.119418123257468,0.119463099286467,0.119496414559306,0.119513013266763,0.119509155350464,0.11948270908804,0.119433319484193,0.11936243919332,0.11927321893077,0.119170264932861,0.119059281239655,0.118946623628009,0.118838799218097,0.118741950539883,0.118661364736963,0.118601047322389,0.118563395424776,0.118548998002235,0.118556580590438,0.118583100563827,0.11862398655513,0.118673503612294,0.118725214920526,0.118772502484693,0.118809103887988,0.118829620652058,0.1188299559866,0.11880764563604,0.118762054589924,0.118694423825927,0.118607763971637,0.118506605634866,0.118396627997077,0.118284197072534,0.118175852028463,0.118077781630718,0.117995333001913,0.117932591541257,0.117892064456385,0.117874491557596,0.117878796579418,0.117902181180813,0.117940352774984,0.117987867250993,0.118038559192089,0.118086025947379,0.118124128247757,0.118147469137135,0.118151814805954,0.11813442531861,0.118094269933867,0.118032110282989,0.117950444504043,0.117853315852036,0.117745999602653,0.1176345915305,0.11752552916565,0.117425082752139,0.117338855807943,0.117271335084426,0.117225526459505,0.11720270702702,0.117202314745492,0.117221986097142,0.117257740135253,0.117304295098041,0.117355492532408,0.117404794612585,0.117445813892868,0.117472831711739,0.117481262205038,0.117468023389115,0.117431784658272,0.117373070568314,0.117294212968143,0.117199156297738,0.11709313308101,0.116982237248239,0.116872931012139,0.116771525934974,0.11668368024325,0.116613952401929,0.11656544576315,0.116539571279138,0.116535945506189,0.116552430257085,0.116585309189621,0.116629586216238,0.1166793816167,0.11672839469574,0.116770397165099,0.116799719423463,0.116811692673499,0.116803013265449,0.116772001506996,0.116718735003915,0.116645045883044,0.116554381408812,0.116451537856237,0.11634228729412,0.116232925410854,0.116129775019152,0.116038683877715,0.115964556582041,0.115910958279915,0.115879822860061,0.115871290333963,0.115883687966867,0.115913658125033,0.115956423731953,0.116006170665651,0.116056516391149,0.116101026554385,0.116133736926834,0.116149637431874,0.116145078079443,0.116118063205588,0.116068409879747,0.115997757874104,0.115909431149009,0.11580816324521,0.115699710165067,0.115590383319742,0.115486541219875,0.115394081368852,0.115317973133539,0.115261868364761,0.115227819667514,0.115216127169638,0.115225324231535,0.115252301623536,0.115292559080226,0.115340563582181,0.115390185893507,0.11543518133192,0.115469677792713,0.115488633800194,0.115488231764366,0.115466176496518,0.115421876077732,0.115356490917668,0.115272846680157,0.115175216993729,0.115068991801555,0.114960256146726,0.114855311467882,0.114760176475538,0.114680106893459,0.114619172498182,0.11457992594919,0.114563191095832,0.114567989214819,0.114591610627576,0.114629827235228,0.114677229714946,0.114727662512599,0.114774721312051,0.114812272129586,0.114834949098268,0.114838589616071,0.114820570750284,0.114780019172909,0.114717877667456,0.114636823394311,0.114541045535443,0.114435901580413,0.114327481368249,0.114222115229643,0.114125866603299,0.114044050085158,0.113980813105127,0.113938813681503,0.113919018541929,0.113920636030148,0.113941187464075,0.113976709851508,0.114022072938184,0.114071385153998,0.114118456657023,0.114157283716506,0.114182517351846,0.114189880524609,0.11417650214394,0.114141142384106,0.114084291878201,0.114008136709925,0.113916391172332,0.113814010320237,0.113706803678198,0.11360097935685,0.113502653646785,0.113417364411486,0.113349626954446,0.113302568332628,0.113277670398317,0.113274643521825,0.113291442601875,0.113324425438696,0.113368641772442,0.113418230264898,0.113466891402426,0.113508397607271,0.113537098436387,0.113548378978941,0.113539033427471,0.113507522948558,0.113454096787146,0.113380767138031,0.113291140661562,0.113190121479722,0.113083510996617,0.112977538066515,0.1128783582639,0.112791562941588,0.112721737314911,0.112672102193103,0.112644266689014,0.112638109994356,0.112651799933794,0.112681945330899,0.112723869011512,0.11277197925764,0.112820210345061,0.112862497935689,0.112893252825695,0.112907796938378,0.112902728405577,0.112876187895094,0.112828005680695,0.112759717829579,0.112674449675802,0.112576674763448,0.112471866988588,0.112366072079888,0.112265431193666,0.112175693671332,0.112101757463402,0.112047274143487,0.112014350864972,0.112003374339001,0.11201297241881,0.112040117838114,0.112080366943889,0.112128214910261,0.112177538966217,0.112222093535694,0.112256016567868,0.112274305159758,0.112273220998237,0.112250592017385,0.112205985477931,0.112140738611802,0.112057845016405,0.111961707045139,0.111857775481128,0.111752106868351,0.111650875252427,0.111559878253554,0.111484077185948,0.111427207508312,0.111391489655806,0.111377461862392,0.111383946655218,0.111408152106657,0.111445898516819,0.11149195176451,0.111540436757815,0.111585298712794,0.111620776711329,0.111641853321302,0.11164464603131,0.11162671069815,0.111587233788468,0.11152709844844,0.111448818814527,0.111356346878045,0.111254765959735,0.111149893712409,0.111047824851119,0.110954448922705,0.110874980936087,0.11081354230502,0.110772826201484,0.110753875199188,0.110755990399339,0.110776780745851,0.110812349816615,0.110857605969689,0.110906671286947,0.11095335621335,0.110991660957961,0.111016262207519,0.111022944786104,0.111008942485019,0.110973159961759,0.110916257681253,0.110840593461137,0.110750026251676,0.110649599235336,0.110545129148757,0.110442736092894,0.110348352463212,0.110267250736312,0.110203627689949,0.110160277472703,0.110138378299511,0.110137408158997,0.110155194607658,0.110188093313124,0.110231280245393,0.110279133974393,0.110325677994407,0.110365048798237,0.110391953807503,0.110402084265099,0.110392451680447,0.110361622135815,0.110309830346255,0.110238964320311,0.110152421175197,0.110054844430724,0.109951762249587,0.109849153950092,0.109752978081996,0.109668698894804,0.109600848754466,0.109552661814375,0.109525809108729,0.109520257538602,0.109534265496333,0.109564516843214,0.109606383515336,0.10965429618616,0.109702193155822,0.109744010819807,0.109774175320377,0.109788054668636,0.109782333823999,0.109755281693106,0.10970688819122,0.109638860541943,0.109554479855393,0.109458330665372,0.109355926526566,0.109253263097068,0.109156335670991,0.109070660459015,0.109000837948958,0.10895019263501,0.108920516743021,0.10891193691798,0.108922912903853,0.10895036684239,0.108989931775612,0.109036299015089,0.109083636845055,0.109126047984166,0.109158030617918,0.109174907772862,0.109173192323942,0.109150859814488,0.109107508157644,0.109044391690879,0.108964326417059,0.10887147297715,0.108771013291173,0.108668745168747,0.108570625858265,0.108482299923756,0.108408648622684,0.108353396883914,0.10831881000904,0.108305505520424,0.108312396602244,0.108336773028965,0.108374514222959,0.108420418073063,0.108468619312937,0.108513063480603,0.108547997512067,0.108568436384699,0.108570567114435,0.108552056658766,0.108512238402764,0.108452162184042,0.108374504340153,0.108283346009347,0.108183838821417,0.10808178621699,0.107983175187182,0.107893696762868,0.107818293907621,0.10776077263968,0.107723506541064,0.107707256868372,0.10771112100527,0.107732611810571,0.107767860308078,0.107811924852807,0.107859182031161,0.107903768653602,0.10794004066913,0.107963013860398,0.107968752754429,0.107954678142619,0.107919769673237,0.107864647777408,0.107791528200109,0.107704051996116,0.107607003327882,0.107505936096806,0.107406737728602,0.107315163745508,0.107236379596349,0.10717454623423,0.107132483020802,0.107111435853534,0.107110970348843,0.107129000042479,0.107161948624528,0.107205034096651,0.107252652409755,0.107298829576134,0.107337705254875,0.107364007936012,0.107373482372572,0.107363233823556,0.107331960671335,0.107280056451691,0.107209573407917,0.107124051328315,0.107028226610592,0.106927646265865,0.106828219122236,0.106735741203093,0.106655433792516,0.10659153102893,0.106546949260541,0.106523063353216,0.106519606307394,0.106534698646053,0.106565003869931,0.10660599663432,0.106652321902832,0.106698216744111,0.106737962045401,0.10676632945397,0.106778989419876,0.106772849249965,0.106746295370127,0.106699321144418,0.106633530113867,0.10655201382811,0.106459112934528,0.106360079199792,0.106260663983053,0.106166664723081,0.106083464734287,0.106015602685849,0.105966406394016,0.105937721002563,0.105929754494967,0.105941054267775,0.105968617928817,0.10600813044998,0.106054309234686,0.106101329460188,0.106143295053026,0.106174716538419,0.106190956212386,0.106188603732408,0.106165751070933,0.106122144288058,0.106059199997754,0.105979885809383,0.105888475407345,0.105790199263113,0.105690820350914,0.105596169988358,0.105511681652097,0.105441960200235,0.105390420487315,0.105359023244298,0.105348127904906,0.105356472544822,0.105381281071222,0.105418488025839,0.105463062528985,0.105509405592975,0.105551789769252,0.105584807209748,0.105603791866985,0.105605183679757,0.105586806996164,0.105548041873606,0.105489874861737,0.105414824891049,0.105326749319686,0.105230544352106,0.105131762278666,0.105036174695263,0.104949315509728,0.104876039677266,0.104820132941977,0.104784004343017,0.104768487080555,0.104772764962246,0.104794431672604,0.104829679284306,0.10487360165401,0.10492058858001,0.10496477876094,0.105000534419999,0.105022898425185,0.105027996044726,0.105013348052365,0.104978069372545,0.104922937169508,0.104850323335934,0.104763997707782,0.104668819018864,0.104570339713924,0.104474357518618,0.104386450576764,0.104311533733451,0.104253471203058,0.104214775741928,0.104196417081908,0.104197753430212,0.10421659002893,0.104249358865529,0.104291404402839,0.104337352336175,0.104381532408462,0.104418422561987,0.104443080365795,0.104451528789443,0.104441066913407,0.104410481821284,0.104360145297268,0.104291987534928,0.104209349277464,0.104116723045624,0.104019402716948,0.103923068034673,0.10383333603943,0.103755314464276,0.10369319252349,0.10364990214439,0.103626877605901,0.103623934039317,0.103639275847928,0.103669635570595,0.103710532944457,0.103756633832532,0.10380218014123,0.103841455631814,0.103869249243696,0.103881277564791,0.103874531442751,0.103847518123835,0.103800379143213,0.103734874683696,0.103654236350617,0.103562901285624,0.103466150278334,0.103369680183079,0.103279145902511,0.103199709143526,0.103135630029177,0.103089933640556,0.103064177062003,0.103058334115255,0.103070805452042,0.103098551834684,0.103137339020358,0.103182074326691,0.103227208245439,0.103267169834082,0.103296802354674,0.103311765857456,0.103308876043464,0.103286353558196,0.103243964537815,0.103183041324294,0.103106381249497,0.103018030625185,0.102922969893364,0.102826723647341,0.102734925353888,0.102652870592092,0.102585094075423,0.102535004405281,0.102504606416281,0.102494334372388,0.102503010635905,0.102527934401385,0.102565094440552,0.102609489427437,0.102655530238103,0.102697491510537,0.102729975382018,0.102748349102417,0.102749120280332,0.102730218706668,0.102691161587525,0.102633088902693,0.102558666575607,0.102471866191473,0.102377640164537,0.10228151968568,0.102189168795868,0.102105931056811,0.102036405323705,0.101984084165409,0.101951082899848,0.101937979580389,0.101943777247508,0.101965990069628,0.102000845390156,0.102043584914459,0.102088840955855,0.102131058291578,0.102164929054401,0.102185807348558,0.102190071951356,0.102175409429068,0.102140995978204,0.10208756386795,0.102017346972956,0.101933908969804,0.101841866720593,0.101746529548408,0.101653481880491,0.101568141520801,0.101495328187283,0.101438876670648,0.101401325984296,0.101383710301575,0.101385469645012,0.101404488766293,0.10143726221215,0.101479173106539,0.101524863598646,0.101568667060908,0.101605066683315,0.101629142640851,0.101636970800482,0.101625939949932,0.101594961407845,0.101544553978499,0.101476797729251,0.101395161073617,0.10130421616912,0.101209266754114,0.101115919465869,0.101029633865402,0.100955287589429,0.100896791263416,0.100856783274842,0.100836427660395,0.100835329829948,0.100851575388729,0.100881887710971,0.100921890885229,0.100966456812262,0.101010109106137,0.101047452432797,0.101073594274167,0.10108452689854,0.101077440434658,0.101050943134335,0.101005171816792,0.100941783675051,0.100863829542749,0.100775517732902,0.100681886005769,0.100588406480332,0.100500553828487,0.100423370421543,0.100361062882689,0.100316662554395,0.100291777769939,0.10028645882933,0.100299187737058,0.100326994731871,0.100365693213837,0.100410214728199,0.100455017101813,0.100494532458709,0.100523618274205,0.100537974196539,0.100534490125856,0.100511496778919,0.100468898203678,0.100408175706526,0.100332263494698,0.100245307028041,0.100152324686849,0.100058801103506,0.0999702457598075,0.0998917528181203,0.0998275974951448,0.0997809007571574,0.0997533881288771,0.0997452605527014,0.0997551861849174,0.0997804124841254,0.0998169886672152,0.0998600802854029,0.0999043509102341,0.0999443811521445,0.0999750927174978,0.0999921450516273,0.0999922743014662,0.0999735487136161,0.0999355208560165,0.0998792647620787,0.0998072947025871,0.0997233712128889,0.0996322086412825,0.0995391062178715,0.0994495308557859,0.0993686840512444,0.0993010869640597,0.0992502168451152,0.099218224424583,0.0992057558546377,0.0992118946870487,0.0992342297598516,0.0992690445636595,0.0993116135489836,0.0993565817981239,0.0993983973047388,0.0994317604360813,0.0994520534731304,0.0994557146515081,0.099440525756389,0.0994057896303136,0.0993523832575701,0.0992826825634952,0.0992003658003669,0.0991101124445012,0.0990172230119636,0.0989271913855619,0.0988452646653476,0.0987760260284602,0.0987230336838041,0.0986885440091977,0.0986733398236073,0.0986766761097719,0.0986963461198976,0.0987288614455637,0.0987697310118017,0.098813816641881,0.098855737296358,0.0988902906742617,0.0989128597967668,0.0989197735165581,0.0989085934672331,0.0988783055006454,0.098829400774486,0.0987638398872429,0.0986849022652901,0.0985969317634933,0.0985049974982615,0.0984144956843718,0.0983307231720039,0.0982584560571535,0.0982015668696896,0.098162711305216,0.0981431103635245,0.0981424464316942,0.0981588828497173,0.0981892065158715,0.0982290829274248,0.0982734035754918,0.098316697684711,0.098353574661037,0.0983791608238047,0.0983894943190407,0.0983818455296458,0.0983549365392703,0.0983090417369462,0.0982459617029555,0.0981688731693496,0.0980820681385401,0.0979906042843837,0.0978998958137881,0.0978152784774309,0.0977415840494435,0.0976827582760374,0.0976415522337794,0.0976193106933769,0.0976158730595221,0.0976295934244152,0.0976574769346476,0.097695420738797,0.0977385399317003,0.0977815527053888,0.0978191947466966,0.0978466309990254,0.0978598333003775,0.097855895075313,0.0978332590191335,0.0977918402389857,0.0977330351388968,0.0976596149006901,0.097575511139277,0.0974855096086724,0.0973948751023229,0.0973089363403607,0.097232663166039,0.097170269444678,0.0971248735292159,0.0970982440716725,0.0970906525398416,0.0971008454593631,0.0971261397702047,0.0971626345672109,0.0972055227711204,0.0972494778010888,0.0972890838347999,0.0973192743430323,0.0973357426751964,0.0973352906952047,0.0973160866534001,0.0972778111534508,0.0972216795251853,0.0971503393024056,0.09706765192486,0.0969783773279768,0.0968877879175001,0.0968012438873222,0.0967237645259505,0.0966596299493687,0.0966120447189857,0.0965828893751201,0.0965725785332865,0.0965800355021083,0.0966027841346397,0.0966371495671316,0.0966785512967311,0.0967218652484264,0.0967618265136775,0.096793441627135,0.0968123787576435,0.0968153060221803,0.0968001521122059,0.0967662692477746,0.0967144857540205,0.0966470438140801,0.0965674266310962,0.0964800877034783,0.0963901025510046,0.0963027694523452,0.0962231900840422,0.0961558630014661,0.0961043224129777,0.0960708515924265,0.0960562947122292,0.0960599832578842,0.09607978408729,0.0961122663289386,0.0961529744612654,0.0961967859268055,0.0962383243418525,0.096272394472621,0.0962944031350279,0.0963007312250951,0.0962890261161086,0.0962583903350574,0.0962094511884781,0.0961443060649078,0.0960663485735181,0.0959799905398217,0.0958903033245125,0.0958026082844153,0.095722049972189,0.0956531866043561,0.0955996303971905,0.0955637658296174,0.0955465672286489,0.0955475289140788,0.0955647121638353,0.0955949041570707,0.0956338754969558,0.095676715546169,0.095718219151918,0.0957532947496549,0.0957773624903406,0.0957867119644402,0.0957787922133743,0.0957524118211839,0.0957078336184358,0.095646756426446,0.0955721847619311,0.0954881959264439,0.0953996218381997,0.095311669746155,0.0952295110439499,0.095157870313049,0.0951006471730669,0.0950606014049656,0.095039127232335,0.0950361358676857,0.095050056912208,0.095077959590404,0.0951157849136748,0.0951586705664415,0.0952013424157969,0.0952385407591004,0.0952654462787348,0.0952780705036043,0.0952735784544755,0.0952505168427249,0.0952089291768573,0.0951503486737668,0.0950776701226149,0.0949949119176117,0.094906888489038,0.0948188205384103,0.0947359152282084,0.0946629504530191,0.0946038964654554,0.094561604618912,0.0945375871802764,0.0945319045809434,0.094543167773127,0.094568654277378,0.0946045277693189,0.0946461432905651,0.0946884138900305,0.0947262101038918,0.0947547614460765,0.0947700291403893,0.0947690216395387,0.0947500288394103,0.0947127569841251,0.0946583536631392,0.0945893205440508,0.0945093199993181,0.0944228899494764,0.0943350884438987,0.0942510951871238,0.0941758009476283,0.0941134172141259,0.0940671373775556,0.0940388770851448,0.0940291154426969,0.0940368508716846,0.0940596762716409,0.0940939684158904,0.0941351770055102,0.0941781903419396,0.0942177479424677,0.0942488662633115,0.0942672424206523,0.0942696025343327,0.0942539659135587,0.0942198033724466,0.0941680768986679,0.0941011579028054,0.0940226314339294,0.093937003145987,0.0938493336417858,0.0937648304859076,0.0936884312418429,0.0936244111447716,0.0935760465121417,0.0935453600194488,0.0935329670435426,0.0935380340355243,0.0935583510019966,0.0935905113211823,0.0936301839555908,0.0936724562500899,0.0937122204074278,0.0937445737210077,0.0937652018521601,0.0937707158657771,0.0937589172758471,0.0937289707702246,0.0936814712080928,0.093618399415076,0.0935429696762237,0.0934593800740854,0.0933724843726136,0.0932874104452455,0.0932091547550822,0.0931421846891932,0.0930900803807457,0.0930552449817011,0.0930387073202622,0.0930400337994731,0.0930573577488347,0.0930875248978788,0.0931263440143192,0.0931689228993025,0.0932100626452896,0.0932446779815647,0.0932682091275351,0.0932769911093485,0.0932685499812294,0.0932418015404925,0.0931971363689018,0.0931363846127394,0.0930626639787094,0.0929801241039342,0.092893608923467,0.0928082651784649,0.0927291292461407,0.0926607257582524,0.0926067100073258,0.0925695821419302,0.0925504950172992,0.0925491698301455,0.0925639249878253,0.0925918147716346,0.0926288659562777,0.0926703932420986,0.0927113686111098,0.092746815884024,0.0927722000762094,0.0927837817289126,0.0927789091586726,0.0927562262868501,0.0927157800297568,0.0926590187248287,0.0925886812536947,0.0925085848403228,0.0924233273393624,0.0923379265831041,0.0922574245014312,0.0921864868569037,0.0921290302523681,0.0920879064087895,0.0920646695932503,0.0920594467473949,0.0920709217966204,0.0920964364507852,0.092132200271839,0.0921735936612731,0.0922155395027902,0.0922529132234001,0.0922809576000708,0.0922956680831721,0.092294116789133,0.0922746884240387,0.0922372088013397,0.0921829556740472,0.0921145515075375,0.0920357476697722,0.0919511184284447,0.0918656903682388,0.0917845378168993,0.0917123772396004,0.0916531931804628,0.0916099252882027,0.091584240596381,0.0915764080766829,0.0915852841971628,0.0916084094678049,0.0916422073943029,0.0916822695090004,0.0917237037702814,0.0917615190675831,0.091791016116231,0.0918081547745689,0.0918098697259535,0.0917943103945881,0.0917609866518067,0.091710808933568,0.0916460193268074,0.0915700184234782,0.0914871007120806,0.0914021184224731,0.0913200995265865,0.0912458495336847,0.0911835684181198,0.0911365132700671,0.0911067340649405,0.0910949044967032,0.0911002624727549,0.0911206661435859,0.0911527619200272,0.0911922516174367,0.0912342374914235,0.0912736172482625,0.0913054967260935,0.0913255862622899,0.0913305479818819,0.0913182652976247,0.0912880124597093,0.0912405104338965,0.0911778649502055,0.0911033924038511,0.0910213485572016,0.090936582890829,0.0908541473101832,0.0907788912615766,0.0907150759376834,0.0906660382114353,0.0906339304919792,0.0906195562723996,0.0906223132908802,0.09064024761638,0.0906702133089036,0.0907081242672368,0.0907492780302312,0.0907887260766245,0.0908216618913493,0.0908437969367879,0.0908516957484425,0.0908430445611107,0.0908168329034101,0.0907734341082968,0.090714578241581,0.0906432190560267,0.0905633046742355,0.0904794691851533,0.0903966686250125,0.0903197894119689,0.0902532598426254,0.0902006954860161,0.0901646071074277,0.0901461951823254,0.0901452484077079,0.0901601553926484,0.0901880295751257,0.0902249381090084,0.0902662167582938,0.0903068454821805,0.0903418540865181,0.0903667245879666,0.0903777570709534,0.0903723688088586,0.0903493020011363,0.0903087231621409,0.0902522063208752,0.0901826019459485,0.0901038030155137,0.0900204280611883,0.0899374476209313,0.0898597848324494,0.0897919225910077,0.0897375487034233,0.0896992669377,0.089678396162842,0.0896748724477512,0.089687260692518,0.0897128737694225,0.0897479888962089,0.0897881436444209,0.0898284881211899,0.0898641658532545,0.089890693986324,0.0899043136668566,0.0899022838351916,0.0898830959528649,0.0898465931229834,0.0897939842318465,0.0897277516362885,0.0896514589886451,0.0895694734680955,0.0894866234250148,0.0894078177208823,0.0893376563997311,0.0892800634245804,0.0892379709031198,0.0892130805565341,0.0892057223748954,0.0892148228355442,0.0892379862851545,0.0892716838090913,0.0893115349409829,0.0893526597055161,0.0893900724402705,0.0894190851466666,0.089435687129419,0.0894368695373089,0.0894208679963454,0.0893873034317073,0.089337209769246,0.0892729467061332,0.0891980053095592,0.0891167230244553,0.0890339319941873,0.0889545698007564,0.0888832844021489,0.0888240650383998,0.0887799283015231,0.0887526837208293,0.0887427965506372,0.0887493575269212,0.0887701608443607,0.0888018831951157,0.0888403490552899,0.088880861033811,0.0889185694059823,0.0889488522200003,0.0889676767592198,0.088971914696801,0.0889595868580678,0.0889300188233989,0.0888838952747555,0.0888232085681119,0.0887511050048728,0.0886716401204312,0.0885894614152938,0.0885094427641519,0.0884362987903687,0.0883742094525677,0.0883264847458786,0.0882952966991648,0.0882815008593965,0.0882845625247071,0.0883025946566273,0.088332505347523,0.088370243681281,0.0884111245545302,0.0884502062490786,0.0884826899087657,0.0885043080457151,0.0885116699967749,0.0885025358032238,0.0884759959792259,0.0884325425484206,0.0883740258772992,0.0883035014045705,0.0882249794922703,0.0881430995008473,0.0880627551686615,0.0879887020109613,0.0879251785046628,0.0878755712607741,0.087842150393993,0.087825895286062,0.0878264234806094,0.0878420271939125,0.0878698135289027,0.0879059365514681,0.0879459024957289,0.087984924001417,0.0880182958180881,0.0880417630351044,0.0880518536457541,0.0880461500332526,0.0880234785790415,0.0879840027362149,0.087929212161234,0.0878618083369679,0.0877854949900879,0.0877046889538641,0.0876241734278291,0.0875487203449274,0.0874827113465137,0.087429787390165,0.0873925551676273,0.0873723743829839,0.0873692437996717,0.0873817962249267,0.0874074038308348,0.0874423861274004,0.0874823043040727,0.0875223183216745,0.0875575777224471,0.0875836141135371,0.0875967029610999,0.0875941647868457,0.0875745809133098,0.087537906113708,0.0874854692176291,0.0874198621118225,0.0873447268380642,0.0872644588449113,0.0871838511905834,0.0871077090487367,0.0870404658837057,0.0869858320493544,0.0869465034879734,0.0869239530061055,0.0869183197463672,0.0869284045255456,0.0869517703227949,0.0869849390638799,0.0870236685858123,0.0870632877763018,0.0870990637174344,0.0871265724615988,0.0871420449654979,0.0871426617081671,0.087126773460062,0.0870940312418436,0.0870454153083911,0.0869831605634734,0.0869105836571518,0.086831824590503,0.086751522369837,0.0866744495760203,0.0866051342166368,0.0865474986175651,0.086504544220159,0.0864781079473938,0.0864687104315959,0.0864755092248799,0.0864963617134757,0.0865279935268032,0.0865662595056837,0.086606476492895,0.0866438010175429,0.0866736209609164,0.0866919289368482,0.0866956465504468,0.0866828727836763,0.0866530361195111,0.0866069381027672,0.0865466851510693,0.0864755147723807,0.086397531073512,0.0863173717836339,0.086239834366388,0.0861694917700518,0.0861103287938182,0.0860654279515144,0.0860367293150641,0.0860248825465683,0.0860292017682861,0.0860477257321102,0.0860773775769146,0.0861142108896155,0.0861537223412708,0.0861912063070715,0.0862221239331287,0.0862424582519302,0.0862490281716926,0.0862397373416576,0.0862137387996131,0.0861715026205596,0.0861147810791102,0.0860464735916441,0.0859704013545288,0.0858910085951606,0.0858130131990278,0.0857410337111464,0.0856792219463432,0.0856309304191342,0.0855984414469157,0.0855827802236993,0.0855836277191251,0.0855993413875966,0.085627082963236,0.0856630437742142,0.0857027498109051,0.0857414219763966,0.0857743621583261,0.0857973334233354,0.0858069029757249,0.085800719547345,0.0857777023644019,0.085738126289839,0.0856835964855122,0.0856169151818892,0.085541852075076,0.0854628377351204,0.0853846055492329,0.0853118116326996,0.0852486635278911,0.0851985873400616,0.0851639594235614,0.0851459232070285,0.0851443047216681,0.0851576324530217,0.0851832589207045,0.0852175735606635,0.0852562896310699,0.0852947824482469,0.085328452606807,0.0853530861561407,0.0853651840936493,0.0853622359598973,0.0853429165921122,0.0853071908810439,0.0852563182666422,0.0851927562406545,0.085119969800408,0.0850421610727864,0.0849639396375055,0.0848899589116554,0.0848245469171972,0.084771360584776,0.0847330913267671,0.084711245952794,0.084706021291092,0.0847162835184754,0.0847396547828676,0.0847727009302855,0.0848112057520958,0.0848505098512231,0.0848858866341729,0.0849129246125742,0.0849278845010679,0.084928001622954,0.0849117086973061,0.0848787607645528,0.0848302522261953,0.0847685250195732,0.0846969760253572,0.0846197801010858,0.0845415519205661,0.0844669745282567,0.0844004248600881,0.0843456263177089,0.0843053558830143,0.0842812284878484,0.0842735748626697,0.0842814214736825,0.0843025730730561,0.0843337904586405,0.0843710488325002,0.0844098561579361,0.0844456065581452,0.0844739413707148,0.0844910901045809,0.0844941652119545,0.0844813881314629,0.084452229229924,0.0844074507272518,0.0843490489920908,0.0842801002244451,0.0842045209434463,0.0841267613408575,0.0840514549552095,0.0839830518334646,0.0839254640254084,0.0838817516882763,0.0838538752415383,0.0838425340780975,0.083847105651657,0.0838656908001968,0.0838952625385197,0.083931906972622,0.0839711372183357,0.0840082549603107,0.0840387301346926,0.084058567534925,0.0840646300949917,0.0840548921536549,0.0840286018665992,0.0839863395932219,0.0839299678365368,0.0838624773645448,0.0837877427047313,0.0837102075633744,0.0836345262691814,0.0835651906218034,0.0835061723032216,0.0834606092989435,0.0834305608184425,0.0834168494041967,0.0834190017788451,0.0834352920788377,0.0834628830962545,0.0834980536375047,0.083536493673377,0.0835736440268145,0.0836050542061775,0.0836267308126143,0.0836354497983195,0.0836290086695709,0.0836063993027319,0.0835678880228938,0.0835149965503586,0.0834503848818802,0.0833776446469002,0.0833010184342692,0.0832250664791096,0.0831543064420506,0.0830928544357128,0.0830440957373797,0.0830104116958004,0.0829929852566203,0.0829917015245318,0.0830051522775,0.0830307449528425,0.083064908044106,0.0831033768074413,0.0831415363595699,0.0831747942640813,0.083198952034683,0.0832105449234332,0.0832071219439312,0.0831874430731095,0.0831515775291691,0.0831008953281627,0.0830379532567497,0.0829662851768691,0.0828901144177314,0.082814012234029,0.0827425304247178,0.0826798379379098,0.0826293905606581,0.0825936597234163,0.0825739413386264,0.0825702589220884,0.0825813676186091,0.0826048578090759,0.0826373493189748,0.0826747604147227,0.0827126302353405,0.0827464694499925,0.0827721120150326,0.0827860410210809,0.0827856637064886,0.0827695145876309,0.0827373710541785,0.0826902723472517,0.0826304401300051,0.0825611063452294,0.0824862611830581,0.0824103402385247,0.0823378748644042,0.0822731329193174,0.0822197782562928,0.0821805762145723,0.0821571690831653,0.0821499402160695,0.0821579785795213,0.0821791475087125,0.0822102529588411,0.0822472982569752,0.0822858050374912,0.0823211743562781,0.0823490584527617,0.0823657125848695,0.0823682979097395,0.0823551104189213,0.082325717135594,0.0822809885951546,0.082223025342875,0.0821549850050639,0.082080824660913,0.082004980083833,0.0819320083753804,0.0818662231823579,0.0818113518831045,0.0817702419133818,0.0817446390577199,0.0817350544913392,0.0817407301399815,0.0817597041063316,0.0817889701076204,0.0818247176917768,0.081862633984769,0.0818982432702308,0.0819272580678933,0.0819459146933781,0.0819512675775484,0.0819414198070935,0.0819156721867726,0.0818745792576155,0.0818199076955888,0.0817544998866807,0.0816820527289238,0.0816068283268861,0.0815333187002862,0.0814658904699016,0.0814084373797169,0.0813640682805884,0.0813348557946998,0.0813216664026853,0.0813240864175871,0.0813404506941243,0.0813679725908216,0.0814029653615591,0.0814411375061189,0.0814779383077387,0.0815089253979614,0.0815301241528645,0.0815383492752905,0.0815314620292205,0.0815085419808545,0.0814699592775025,0.0814173418337371,0.0813534405752011,0.0812819043434043,0.081206983437304,0.0811331864253556,0.0810649183659278,0.0810061297068919,0.0809600038773737,0.0809287080906547,0.0809132264769405,0.0809132878522121,0.0809273928136061,0.0809529370682877,0.0809864205377009,0.0810237253416614,0.081060440691865,0.0810922093610299,0.0811150689662427,0.0811257618770928,0.0811219900397137,0.0811025951920949,0.081067650547385,0.0810184566730657,0.0809574415372126,0.0808879720022571,0.0808140908825071,0.0807401995459705,0.0806707104977165,0.0806096970602453,0.0805605678838831,0.0805257924401209,0.0805066999317557,0.0805033684533554,0.0805146141685785,0.0805380822637703,0.0805704331097647,0.080607609112433,0.0806451608752167,0.0806786061793579,0.0807037923852557,0.0807172324343485,0.0807163867351997,0.0806998676961508,0.0806675501546085,0.0806205788774917,0.0805612729415666,0.0804929353652367,0.0804195841173504,0.080345626939401,0.0802755067800523,0.0802133467107102,0.0801626228324165,0.0801258910010986,0.0801045885066773,0.0800989255993121,0.0801078744944543,0.0801292557788317,0.0801599145796356,0.080195972034435,0.0802331320164187,0.0802670190970467,0.0802935215865683,0.0803091132810584,0.080311129258845,0.0802979745921965,0.0802692499197084,0.0802257840867569,0.0801695710553563,0.0801036155314989,0.0800316987647617,0.0799580822357201,0.0798871719650916,0.079823169525385,0.0797697372099969,0.079729704069789,0.0797048366653011,0.079695693549938,0.0797015760020692,0.079720579844587,0.0797497449584069,0.0797852910145736,0.0798229207105727,0.0798581660248584,0.0798867492226328,0.0799049289334274,0.0799098027514186,0.079899541405325,0.0798735352808825,0.0798324414369248,0.0797781275902635,0.0797135181335464,0.0796423553443179,0.0795688958305547,0.0794975673519879,0.0794326140692414,0.0793777588329835,0.07933590935987,0.0793089312511863,0.0792975051558529,0.079301078470691,0.079317914410203,0.0793452336832966,0.0793794369527138,0.0794163902127068,0.0794517506084093,0.0794813073493527,0.0795013114234975,0.0795087688259104,0.0795016748626538,0.0794791715524522,0.0794416159230581,0.0793905537030331,0.0793286000773087,0.0792592362836011,0.0791865373514704,0.079114851747579,0.0790484576755492,0.078991222943911,0.0789462954166659,0.0789158490053282,0.0789009060514878,0.0789012510777248,0.0789154436906311,0.0789409304448268,0.0789742473464649,0.0790112970767894,0.0790476786441628,0.0790790426294677,0.0791014428994176,0.0791116558335204,0.0791074407397954,0.0790877200184273,0.0790526643661798,0.0790036763015704,0.078943273802212,0.0788748841164446,0.0788025651339276,0.0787306774788552,0.0786635342661983,0.0786050569458628,0.0785584647704254,0.0785260223068882,0.0785088644179723,0.0785069117362347,0.0785188823803953,0.0785423980870527,0.0785741756357552,0.0786102879908166,0.0786464744402059,0.0786784755129082,0.0787023667909242,0.0787148659720601,0.0787135896528704,0.0786972401409756,0.0786657078964525,0.0786200815560212,0.0785625644592144,0.0784963036958072,0.0784251444392547,0.0783533282244878,0.0782851583945608,0.078224658785576,0.0781752525828968,0.0781394870561505,0.0781188266007388,0.0781135313576896,0.0781226319929209,0.0781440035031693,0.078174532822017,0.078210367219382,0.0782472236849841,0.0782807342486059,0.0783067989998709,0.0783219177591042,0.0783234730380377,0.0783099409794709,0.0782810130066481,0.0782376184010836,0.0781818463110706,0.0781167740597832,0.0780462163403269,0.0779744162753902,0.0779057038428044,0.0778441494951027,0.0777932408157875,0.0777556078264247,0.0777328183148077,0.0777252586784927,0.0777321087942712,0.0777514119413671,0.0777802334325572,0.0778148948801249,0.0778512653941518,0.077885086853259,0.0779123079882921,0.0779294015356956,0.0779336401473562,0.0779233099387459,0.0778978452678215,0.0778578742470696,0.0778051712142964,0.0777425194577856,0.077673494384761,0.0776021835186712,0.0775328647508112,0.077469667774469,0.0774162452915168,0.077375480194259,0.0773492524286967,0.0773382847739277,0.0773420806547123,0.0773589598123742,0.0773861897553907,0.0774202030193362,0.0774568830532327,0.0774918956749124,0.0775210390637852,0.0775405835644635,0.0775475733164905,0.0775400648471372,0.0775172830134749,0.0774796816156014,0.0774289040108959,0.0773676474114743,0.0772994424968288,0.0772283668453147,0.0771587159296205,0.0770946586234793,0.0770399050900816,0.0769974135330459,0.0769691587755651,0.0769559803679852,0.0769575213972899,0.0769722619224317,0.0769976435465045,0.0770302746246957,0.0770661995294114,0.0771012106920413,0.0771311791138228,0.0771523778409911,0.0771617735712584,0.0771572640409378,0.0771378429670426,0.0771036797936841,0.0770561079161696,0.0769975219686275,0.0769311916850736,0.0768610063012973,0.0767911689777157,0.0767258648398498,0.07666892858668,0.0766235379808621,0.0765919578404088,0.0765753554766337,0.0765737030845382,0.0765857757565653,0.0766092460851223,0.07664086839047,0.0766767381470157,0.0767126058290366,0.0767442197080383,0.0767676695390606,0.0767797028443674,0.076777987705798,0.0767613004338813,0.0767296227878147,0.0766841410055671,0.0766271471031531,0.0765618510095994,0.0764921194164628,0.0764221631034066,0.0763561984672288,0.0762981107469096,0.0762511459293929,0.0762176556500172,0.0761989148337806,0.0761950257679007,0.0762049152845001,0.0762264243637072,0.0762564823287107,0.076291351412262,0.0763269222574739,0.0763590372196435,0.0763838164097688,0.0763979613838908,0.0763990132028483,0.0763855450954541,0.0763572748908817,0.0763150884123734,0.07626097174408,0.0761978572237005,0.0761293946600712,0.0760596651267915,0.0759928593035827,0.0759329453690113,0.0758833526142739,0.0758466960763099,0.0758245645643212,0.0758173896558162,0.0758244069259687,0.0758437133353731,0.0758724169024824,0.0759068671499294,0.0759429479961527,0.0759764093980697,0.0760032106541411,0.0760198471718527,0.0760236337890552,0.0760129213095894,0.0759872284811117,0.0759472787383867,0.0758949390279952,0.07583306619188,0.0757652739899958,0.0756956402478456,0.0756283783169533,0.0755674996752809,0.0755164948782448,0.075478058209532,0.075453877500443,0.0754445050889759,0.0754493192752142,0.0754665784351887,0.0754935627284674,0.0755267916215832,0.0755622997593493,0.0755959494578627,0.075623755530421,0.0756421974119275,0.0756484946300755,0.0756408245008831,0.0756184653127911,0.0755818538949806,0.0755325529270154,0.0754731301748826,0.0754069585636633,0.0753379521543361,0.0752702582184254,0.0752079292672705,0.0751546007549268,0.07511320004762,0.0750857101140412,0.0750730073567202,0.0750747873207396,0.0750895850705651,0.0751148893596926,0.0751473419857162,0.0751830066059444,0.075217685406006,0.075247257875104,0.0752680139251167,0.0752769539198443,0.0752720308722343,0.0752523148985436,0.0752180665471444,0.0751707132531315,0.0751127312416083,0.0750474430236427,0.0749787475266811,0.0749108052776707,0.0748477044671573,0.0747931349322586,0.0747500960865338,0.0747206617507992,0.0747058199956336,0.0747053999127117,0.0747180902173652,0.074741547343831,0.0747725838068097,0.0748074215665181,0.0748419903465425,0.0748722476180235,0.0748944954914249,0.0749056701409827,0.0749035815745863,0.0748870853653977,0.0748561730942893,0.0748119743636363,0.0747566699249424,0.0746933222482281,0.0746256362475397,0.0745576683774246,0.074493506508431,0.074436945543242,0.0743911844093571,0.0743585687328115,0.0743404001859792,0.0743368284182371,0.0743468350017468,0.0743683114615761,0.0743982257908728,0.074432864503348,0.0744681308840437,0.0744998752570521,0.074524230260326,0.0745379235737118,0.074538542342049,0.0745247275242616,0.0744962822524452,0.07445418550061,0.0744005102963849,0.0743382536416103,0.0742710925407347,0.0742030864695775,0.0741383507862877,0.0740807276750646,0.074033481075956,0.0739990397485475,0.0739788084067655,0.0739730611702558,0.0739809249110117,0.0740004529625584,0.0740287826401289,0.0740623636215133,0.0740972389431895,0.0741293565510897,0.0741548872383202,0.0741705244930255,0.0741737432529062,0.0741629977142204,0.0741378429625203,0.0740989709508535,0.0740481578240156,0.0739881263093748,0.073922333401868,0.0738546994091665,0.0737892991479044,0.0737300392874791,0.0736803472196762,0.0736428962400937,0.0736193892725006,0.0736104190004793,0.0736154163680084,0.0736326923867723,0.0736595705998266,0.0736926000534783,0.073727831885025,0.0737611372299927,0.0737885405571649,0.0738065410868146,0.0738123958117032,0.073804340790192,0.0737817325484636,0.0737450981382082,0.0736960900384516,0.0736373500008029,0.0735722934457094,0.0735048324814139,0.0734390604806515,0.0733789240149926,0.0733279086278453,0.0732887634487361,0.0732632862046115,0.0732521850890527,0.0732550276434552,0.0732702798211516,0.0732954313313154,0.0733271967512991,0.0733617762227863,0.0733951551758393,0.0734234197330563,0.0734430634181253,0.0734512615913192,0.0734460925750387,0.0734266885007799,0.073393304203519,0.0733472986541612,0.0732910300450311,0.0732276722588531,0.0731609665589378,0.0730949274661594,0.0730335255438734,0.0729803718975438,0.0729384294046051,0.0729097739246907,0.0728954250581711,0.0728952606668158,0.072908022760384,0.0729314150144039,0.0729622846974363,0.072996874755946,0.0730311258426909,0.0730610037425482,0.0730828253774996,0.0730935565833455,0.0730910571415233,0.0730742529203491,0.0730432210659666,0.0729991814689463,0.0729443955740242,0.0728819812865401,0.0728156595787588,0.0727494538461663,0.0726873666928119,0.0726330603762003,0.072589566518015,0.0725590479784075,0.0725426312847315,0.0725403221438541,0.0725510098718351,0.0725725595774884,0.0726019841560855,0.0726356820840051,0.0726697221055181,0.0727001525186292,0.0727233111027392,0.0727361118481168,0.0727362864974148,0.0727225623586669,0.0726947626688475,0.0726538216402536,0.0726017127806515,0.0725412956739085,0.0724760926778837,0.0724100124990119,0.072347041917967,0.0722909296928671,0.0722448875814874,0.0722113323818815,0.0721916899378554,0.0721862773816708,0.0721942738031532,0.0722137824778507,0.0722419803162357,0.0722753429556324,0.0723099275532762,0.0723416904163656,0.0723668135554186,0.0723820133540108,0.0723848059273423,0.0723737073113739,0.0723483520806282,0.0723095208394033,0.0722590746483265,0.0721998021707291,0.072135192495652,0.0720691526092524,0.0720056928344,0.0719486058910973,0.0719011654056415,0.071865867775483,0.071844237506181,0.0718367108256247,0.0718426059998268,0.0718601818570395,0.0718867791394145,0.0719190329801263,0.0719531394975566,0.0719851555495086,0.0720113083458067,0.0720282910238124,0.0720335214772862,0.0720253445890968,0.072003162324623,0.0719674815808873,0.0719198758850327,0.0718628635742342,0.0717997115028871,0.0717341791309243,0.0716702226003936,0.0716116817340691,0.0715619745130821,0.0715238233348216,0.0714990351637948,0.0714883536686274,0.0714913958644158,0.0715066790828337,0.0715317368046237,0.0715633145942221,0.0715976306786131,0.0716306802020699,0.0716585583863959,0.0716777761064888,0.0716855419235766,0.0716799873594082,0.071660316909945,0.0716268705893037,0.0715810941213706,0.0715254196054234,0.0714630668803083,0.0713977822562889,0.0713335362501978,0.0712742050701133,0.0712232616272999,0.071183500752801,0.0711568202009173,0.0711440742558556,0.0711450107765911,0.0711582958323649,0.0711816232169039,0.0712118995909383,0.0712454902754499,0.0712785062272189,0.0713071097847604,0.0713278155417676,0.0713377632195216,0.0713349416046275,0.0713183463438598,0.0712880593931967,0.071245243845043,0.071192054269405,0.071131469141248,0.0710670579409614,0.0710027006797113,0.0709422815082267,0.0708893803624104,0.0708469870455654,0.0708172606706231,0.0708013540727298,0.0707993178673389,0.0708100925995379,0.0708315903599771,0.0708608599066806,0.0708943223777182,0.0709280587309781,0.0709581256245363,0.0709808739373089,0.0709932437639336,0.0709930115775506,0.0709789692156523,0.0709510200620417,0.0709101847445767,0.0708585162155458,0.0707989315789814,0.0707349748487133,0.0706705303863308,0.0706095106053146,0.0705555433331594,0.0705116839068181,0.0704801747455353,0.0704622710546061,0.0704581458253333,0.0704668808654348,0.0704865437559149,0.0705143439490839,0.0705468552146855,0.0705802867205834,0.0706107815060231,0.0706347191852383,0.0706489995343634,0.0706512851744105,0.0706401847337949,0.0706153623980678,0.0705775652991176,0.0705285663885718,0.070471026868708,0.0704082884608012,0.0703441112965343,0.0702823775835027,0.0702267840756968,0.0701805475389834,0.0701461467073625,0.0701251216557964,0.0701179471935382,0.0701239911089303,0.0701415613299971,0.0701680388582517,0.0702000862728616,0.0702339152697738,0.0702655916508038,0.0702913528923213,0.0703079122356128,0.0703127242785345,0.0703041902181218,0.0702817859173522,0.0702461024185104,0.070198795848239,0.0701424512087569,0.0700803716487295,0.0700163108367994,0.0699541705333269,0.0698976880432766,0.0698501387636039,0.0698140775025301,0.0697911388112786,0.0697819115729626,0.069785897008818,0.0698015526110178,0.0698264178103306,0.069857310922715,0.0698905815453021,0.0699223984823873,0.0699490507608419,0.06996723848347,0.0699743311744753,0.069968573798187,0.0699492246043021,0.0699166141048295,0.0698721204569297,0.0698180628746252,0.0697575209599558,0.0696940935872374,0.0696316157789218,0.0695738554971949,0.0695242141221125,0.0694854543905039,0.0694594776858817,0.0694471689139849,0.0694483220196725,0.0694616528569505,0.0694848990852101,0.0695149996072113,0.0695483394182754,0.0695810402023321,0.0696092730796553,0.0696295679282311,0.0696390938573876,0.0696358877326825,0.0696190119643521,0.069588628701546,0.0695459845786298,0.0694933076090311,0.0694336250751908,0.0693705177122827,0.069307830586095,0.0692493643926093,0.069198572203167,0.0691582858983696,0.0691304938197677,0.0691161868041198,0.0691152841304248,0.069126644466463,0.0691481601778723,0.0691769269066553,0.0692094746323446,0.0692420418886632,0.0692708716998276,0.0692925063090395,0.0693040579904894,0.0693034351442756,0.0692895063172148,0.0692621895014566,0.0692224596956154,0.0691722738879176,0.0691144189200882,0.0690522936601995,0.0689896420905051,0.0689302578883823,0.0688776835270191,0.0688349276384168,0.0688042232613703,0.0687868466541819,0.0687830117479001,0.0687918493828544,0.0688114736834871,0.0688391308399997,0.0688714187573751,0.0689045600703521,0.0689347064374842,0.068958249261973,0.0689721113271096,0.0689739953531268,0.06896256904274,0.068937571472387,0.0688998322565047,0.0688512022004078,0.0687944015180289,0.0687327984634909,0.0686701368249584,0.0686102347111266,0.0685566791424391,0.0685125410116272,0.0684801330272296,0.0684608294982776,0.0684549616246696,0.0684617958086369,0.0684795959188076,0.0685057639214093,0.0685370473100774,0.0685697967473113,0.068600253645113,0.0686248453145453,0.0686404649133366,0.0686447146940093,0.0686360938844128,0.0686141167258334,0.0685793514733465,0.0685333771545589,0.068478661142743,0.0684183666707871,0.0683561048641136,0.0682956503111205,0.0682406422613865,0.0681942949496189,0.0681591401124199,0.0681368224862363,0.0681279651027206,0.0681321158129045,0.0681477800525232,0.0681725378860989,0.068203236409458,0.0682362422695099,0.0682677339557286,0.068294010086237,0.0683117884521999,0.0683184712383901,0.0683123545832629,0.0682927652704587,0.0682601134525143,0.0682158573380185,0.0681623830931428,0.0681028101878878,0.0680407384763379,0.0679799579354661,0.0679241448137562,0.0678765687478575,0.0678398341856543,0.0678156763863966,0.0678048276614141,0.0678069637680855,0.0678207339408261,0.0678438714561262,0.0678733754165126,0.0679057490736322,0.0679372758569568,0.0679643115812192,0.0679835702267414,0.0679923812879797,0.0679888989216772,0.0679722468229518,0.0679425876301367,0.0679011113536893,0.067849943453271,0.0677919793332488,0.0677306577442228,0.0676696904198146,0.0676127688519852,0.0675632711242868,0.0675239920039311,0.06749691796971,0.0674830655682434,0.0674823966371685,0.0674938178676328,0.0675152653939883,0.0675438681590428,0.067576177278443,0.0676084430610285,0.0676369172284113,0.0676581556200252,0.0676692965123346,0.0676682916539314,0.0676540710418185,0.0676266279897345,0.0675870176936428,0.067537269713779,0.0674802219328945,0.0674192899803565,0.0673581912779501,0.0673006463589677,0.0672500816971653,0.0672093578720272,0.0671805445580755,0.0671647597873817,0.0671620855794803,0.0671715658489458,0.0671912860056291,0.067218527347061,0.0672499836551588,0.0672820227554969,0.0673109725151127,0.0673334090693454,0.0673464250613887,0.0673478573016359,0.0673364563669459,0.0673119850510346,0.0672752379552778,0.0672279804944514,0.067172811740886,0.0671129613898209,0.0670520362791928,0.066993735963458,0.0669415594923668,0.0668985265190607,0.0668669350160668,0.0668481752346347,0.0668426152849382,0.0668495681497771,0.0668673434749048,0.0668933805966754,0.066924452542104,0.0669569247676133,0.0669870477380895,0.0670112595076785,0.0670264735081911,0.0670303278798772,0.0670213758267396,0.0669992013943606,0.0669644513188967,0.0669187806111098,0.0668647166928538,0.0668054535868529,0.0667445933223925,0.0666858558908704,0.066632781420753,0.0665884485729104,0.0665552315201435,0.0665346144813199,0.0665270779635716,0.0665320650316307,0.0665480295368427,0.0665725618123683,0.0666025813894881,0.0666345812622917,0.0666649044607957,0.0666900314059246,0.0667068558410421,0.0667129281034243,0.0667066470452039,0.0666873858417282,0.066655541934024,0.0666125070794983,0.0665605595418824,0.0665026864253398,0.0664423496108913,0.0663832132525157,0.0663288539640243,0.0662824764138689,0.0662466569005926,0.0662231355708225,0.0662126743417576,0.066214992519819,0.0662287859437502,0.0662518287323482,0.0662811499506473,0.0663132712840488,0.0663444866483344,0.066371161025433,0.0663900240614747,0.0663984342933013,0.0663945922697368,0.0663776850848875,0.0663479505629684,0.0663066560365637,0.0662559937705117,0.0661989019800434,0.0661388264625124,0.0660794425867449,0.0660243603965555,0.0659768366879195,0.0659395170709072,0.0659142283306066,0.0659018371107457,0.0659021854566376,0.0659141075621175,0.0659355256818365,0.0659636170745952,0.0659950384649311,0.0660261902271764,0.0660534996154484,0.0660737010795239,0.066084092075786,0.0660827447342469,0.0660686571170041,0.0660418323707246,0.0660032795300185,0.0659549356826135,0.0658995152197297,0.0658402975231774,0.0657808692799241,0.0657248413075814,0.0656755620108374,0.0656358501343593,0.0656077682259367,0.0655924552340866,0.065590032152196,0.0655995889170504,0.0656192542883322,0.0656463436716249,0.0656775733679427,0.065709324124903,0.0657379326490657,0.0657599872963026,0.065772603699007,0.0657736576673567,0.0657619562107637,0.065737332685755,0.0657006584346519,0.0656537702541322,0.0655993199991369,0.0655405589938565,0.0654810751683923,0.065424504541636,0.065374240527077,0.0653331644197133,0.0653034183976166,0.0652862386819289,0.0652818614986018,0.0652895085937063,0.0653074527378126,0.065333157412484,0.0653634791958276,0.065394916678889,0.0654238863616226,0.0654470040914718,0.0654613503189074,0.0654646987635267,0.0654556909168388,0.0654339429401469,0.0654000766359635,0.065355671911356,0.0653031441191028,0.065245555445514,0.0651863746835026,0.0651292038720971,0.065077493055033,0.0650342655795133,0.0650018758068822,0.0649818188320111,0.0649746079135441,0.0649797300519754,0.0649956839213311,0.0650200976837472,0.0650499176566671,0.0650816529007711,0.0651116560464388,0.0651364175073956,0.0651528489687571,0.0651585328384077,0.0651519171555202,0.0651324399955293,0.0651005732888822,0.065057782681566,0.0650064070426393,0.064949467859347,0.0648904244622414,0.0648328953003534,0.064780368015747,0.0647359217000795,0.0647019834557186,0.0646801383634294,0.0646710074484967,0.0646742026441112,0.0646883615726172,0.0647112587155856,0.064739983690257,0.0647711722946576,0.0648012720720914,0.0648268216560573,0.064844722260897,0.0648524804168055,0.0648484033151481,0.0648317317444614,0.0648027003104109,0.0647625201320183,0.064713285107216,0.0646578087056741,0.064599403635037,0.0645416212404606,0.0644879708002982,0.0644416406978586,0.0644052435835929,0.0643806060175543,0.0643686197792498,0.0643691672874476,0.0643811277436405,0.0644024641399487,0.0644303846610468,0.0644615658148369,0.0644924194028446,0.0645193816736355,0.0645392010371085,0.0645492007329114,0.0645474948550872,0.0645331399861234,0.0645062100684669,0.0644677885656501,0.0644198788574241,0.0643652405641254,0.0643071655341218,0.064249212061705,0.0641949191387488,0.0641475239244733,0.0641097050614195,0.0640833720803691,0.0640695171881828,0.0640681405860884,0.0640782545455058,0.0640979652388986,0.0641246252760535,0.0641550445082288,0.0641857423320921,0.0642132217314019,0.0642342438015254,0.064246081583462,0.0642467336802119,0.0642350812258825,0.0642109760960321,0.0641752534590578,0.0641296674954595,0.0640767549620652,0.0640196368488561,0.0639617732535807,0.0639066903875348,0.063857701000426,0.0638176402654618,0.0637886382156041,0.0637719471982815,0.0637678386591354,0.0637755781488042,0.0637934811857696,0.0638190460259778,0.0638491530477451,0.0638803148916809,0.063908957170657,0.06393170687617,0.0639456648317731,0.0639486397894448,0.06393932493348,0.0639174023592086,0.0638835671016048,0.063839468985586,0.0637875773860249,0.0637309803285828,0.0636731346740974,0.0636175879608437,0.0635676945460227,0.0635263488776485,0.0634957570756289,0.0634772646723485,0.0634712536561226,0.0634771162959468,0.0634933070986429,0.0635174681594597,0.0635466175640986,0.0635773857674105,0.0636062813344983,0.0636299653329424,0.0636455131515238,0.0636506435985222,0.0636438976864277,0.0636247533386728,0.0635936670951854,0.0635520394222974,0.0635021060578599,0.063446763510968,0.0633893419606797,0.0633333429809199,0.0632821624424179,0.0632388203536323,0.06320571913263,0.0631844498086733,0.0631756620525392,0.0631790089934689,0.0631931718730243,0.0632159631599661,0.063244500311226,0.0632754364581372,0.0633052294620629,0.0633304274721372,0.063347947634564,0.0633553250802249,0.0633509117243641,0.063334008563499,0.0633049207063336,0.0632649308379444,0.0632161936044751,0.063161559917944,0.063104345869451,0.0630480653466486,0.0629961482272906,0.062951666949301,0.0629170932931151,0.0628941044899487,0.0628834535805177,0.0628849136773056,0.0628972998627676,0.0629185663469571,0.0629459706840842,0.0629762917578378,0.0630060842621629,0.0630319497857749,0.063050803498672,0.0630601158856161,0.0630581109351763,0.0630439055340431,0.0630175792885283,0.0629801692667537,0.0629335898483723,0.0628804835898496,0.0628240143600587,0.0627676185701567,0.0627147337410162,0.0626685256278506,0.0626316354770914,0.0626059676677749,0.062592535042076,0.062591374828312,0.0626015425087592,0.062621184721057,0.0626476858323858,0.0626778767354928,0.0627082891960615,0.0627354351778551,0.0627560883492093,0.0627675446703548,0.0627678406357797,0.0627559112568543,0.0627316748952584,0.0626960381531425,0.0626508206726986,0.0625986063301623,0.0625425333479695,0.0624860407625068,0.062432592066525,0.0623853984558037,0.0623471638756213,0.0623198720484181,0.0623046320582842,0.0623015941899555,0.0623099420056512,0.0623279605900574,0.0623531749879357,0.0623825475243482,0.0624127182927376,0.0624402699223002,0.0624619960209094,0.0624751525486229,0.0624776727874124,0.0624683293952009,0.0624468310494565,0.0624138461264864,0.0623709513968867,0.0623205094498209,0.0622654840567802,0.0622092075337448,0.0621551180018993,0.0621064869886527,0.062066158824181,0.0620363226310573,0.0620183353636592,0.0620126104804227,0.0620185817201342,0.06203474549631,0.0620587790742003,0.0620877254541827,0.0621182302877525,0.0621468117152981,0.0621701411591582,0.0621853120927025,0.0621900747241163,0.0621830173117876,0.0621636792498635,0.062132586760236,0.0620912084960773,0.0620418350139862,0.0619873923204462,0.0619312050253409,0.0618767286192587,0.0618272727183923,0.0617857376095174,0.0617543850670337,0.0617346613777051,0.0617270861139713,0.0617312148406153,0.0617456780503661,0.0617682926490465,0.0617962367111126,0.0618262734378434,0.0618550066258945,0.061879147721295,0.0618957738016361,0.0619025566165047,0.0618979450658193,0.0618812870565128,0.0618528812903604,0.0618139548527789,0.0617665681072774,0.0617134539631367,0.0616578036879273,0.0616030156966554,0.0615524268083639,0.0615090470430347,0.061475318986462,0.0614529210588463,0.0614426307773944,0.0614442595008972,0.061456664502138,0.0614778379735203,0.0615050662626233,0.0615351468048402,0.061564645367312,0.0615901727564842,0.061608658387405,0.0616175982586578,0.0616152569453579,0.0616008070411952,0.0615743947017637,0.0615371260995031,0.0614909761668888,0.0614386274221342,0.0613832523861974,0.0613282576140321,0.0612770103043849,0.0612325696178557,0.0611974441859235,0.0611733949357248,0.0611612985047546,0.0611610815103011,0.061171730207229,0.0611913741064372,0.0612174364111768,0.0612468390694969,0.0612762461754699,0.0613023266508354,0.0613220157995273,0.0613327555391015,0.0613326948335241,0.0613208349231891,0.0612971081357267,0.0612623840803278,0.0612184025419208,0.0611676380069414,0.0611131060457435,0.0610581263427826,0.0610060606612751,0.0609600461839042,0.0609227452874585,0.0608961317786351,0.0608813309590511,0.0608785267730875,0.0608869440365252,0.0609049077576382,0.06092997531037,0.0609591312024527,0.0609890289164684,0.0610162602733201,0.061037630360516,0.0610504155073334,0.06105258312657,0.0610429553703073,0.0610213032109987,0.060988363366969,0.0609457769293517,0.0608959550363498,0.0608418829122844,0.0607868785484515,0.0607343258596842,0.0606874040289184,0.0606488348142551,0.0606206678672572,0.0606041207967275,0.0605994861408871,0.0606061119871593,0.0606224571348647,0.0606462158767711,0.0606745021262761,0.0607040781470407,0.0607316098731602,0.0607539289423448,0.060768281190734,0.0607725424753537,0.0607653852178083,0.0607463828254021,0.0607160438682372,0.060675773221771,0.0606277629408031,0.060574821027393,0.0605201511089314,0.0604670999791832,0.0604188926397263,0.0603783756685406,0.0603477893197538,0.0603285867309333,0.060321315096531,0.0603255688772154,0.060340019395221,0.0603625189746853,0.0603902716564153,0.0604200569797378,0.0604484888486191,0.0604722884677359,0.0604885490302315,0.0604949704189,0.0604900446296366,0.0604731767284744,0.0604447315347211,0.0604060024039666,0.0603591049399697,0.0603068046496982,0.0602522929376028,0.0601989299443467,0.06014997523613,0.0601083280817648,0.0600762980182834,0.0600554237343465,0.0600463542332897,0.0600488011200259,0.0600615651302676,0.0600826341743483,0.0601093446643228,0.0601385931216473,0.0601670813359935,0.0601915759102347,0.0602091620543446,0.0602174720455365,0.0602148707869993,0.0602005841949524,0.0601747604753944,0.0601384594254908,0.0600935703696795,0.0600426648238715,0.0599887950531132,0.0599352539566991,0.0598853148580541,0.0598419715510956,0.0598076991897293,0.0597842552207883,0.0597725365986982,0.0597725051836238,0.0597831878534485,0.0598027518797336,0.059828649996772,0.0598578238204631,0.0598869493474128,0.0599127046444312,0.0599320378771096,0.0599424137111175,0.0599420178593578,0.0599299029938138,0.059906064109901,0.0598714373151704,0.059827822396254,0.0597777358240932,0.0597242065339332,0.0596705313945896,0.0596200104080909,0.0595756831233193,0.0595400874074619,0.0595150596550134,0.0595015919449344,0.0594997569304892,0.0595087057787211,0.0595267387045571,0.0595514420042589,0.0595798804070084,0.0596088294142777,0.0596350293797112,0.0596554415780359,0.0596674864880546,0.0596692459475207,0.0596596136207973,0.0596383821591889,0.0596062602432285,0.0595648180227499,0.0595163649315933,0.0594637690655543,0.0594102318992876,0.0593590357226466,0.0593132834909927,0.0592756515928245,0.059248175251302,0.0592320839259963,0.0592277003086728,0.0592344115589984,0.0592507156648557,0.0592743397051412,0.0593024208648647,0.0593317358166721,0.0593589599862195,0.0593809356173343,0.0593949266966971,0.059398839799437,0.0593913927152934,0.0593722170641465,0.0593418866150301,0.0593018692001141,0.059254406439379,0.0592023314264289,0.0591488395576104,0.0590972313815699,0.0590506484134004,0.059011823175643,0.0589828633302203,0.0589650868052249,0.0589589205566932,0.0589638704016585,0.0589785636648956,0.0590008606764444,0.059028025882524,0.0590569448538713,0.0590843700848637,0.0591071764018991,0.0591226061880425,0.0591284855166162,0.0591233945754045,0.0591067792612781,0.0590789952778879,0.0590412811795576,0.0589956622246223,0.0589447922324641,0.0588917454683807,0.0588397745391339,0.0587920530752457,0.0587514233828091,0.0587201691147771,0.0586998312796123,0.0586910826529884,0.0586936711241476,0.0587064370574676,0.058727403812603,0.0587539346004946,0.0587829433347562,0.058811142554482,0.0588353082870737,0.0588525402065098,0.0588604957625041,0.0588575790703436,0.0588430690790297,0.0588171765760469,0.0587810255217139,0.0587365605092903,0.0586863882456393,0.058633566306824,0.0585813566110175,0.0585329637569439,0.0584912794025794,0.0584586531355177,0.0584367078981727,0.0584262142252899,0.0584270326991897,0.0584381285536482,0.058457656687243,0.0584831098984402,0.058511518332857,0.0585396843035419,0.0585644340827431,0.0585828671214061,0.0585925834679843,0.0585918718829839,0.0585798441592927,0.058556505254799,0.0585227537251573,0.058480312246869,0.0584315933604724,0.0583795105683795,0.0583272492342355,0.0582780150091206,0.0582347794605365,0.0582000430097704,0.0581756341343171,0.0581625611352372,0.0581609287763477,0.0581699270354882,0.058187893434839,0.0582124444081416,0.0582406654459476,0.0582693448413586,0.0582952321592738,0.0583153003872085,0.0583269903002817,0.0583284169646714,0.0583185214227907,0.0582971551771849,0.0582650906981368,0.0582239573226226,0.0581761080694006,0.0581244285539316,0.0580721038654079,0.0580223625622253,0.0579782185883894,0.0579422318244063,0.057916306234788,0.0579015413489908,0.0578981483912627,0.0579054371224919,0.0579218738157634,0.0579452052299924,0.0579726384061239,0.0580010619374451,0.058027291322719,0.0580483192933426,0.0580615517349475,0.0580650110160398,0.0580574910834765,0.058038652373485,0.0580090491439994,0.0579700869518321,0.0579239133319374,0.0578732498982427,0.0578211786743382,0.0577708991150417,0.0577254747159026,0.0576875891335467,0.0576593312407289,0.0576420264904911,0.0576361284658008,0.0576411797952501,0.0576558460988486,0.0576780207377857,0.0577049923464494,0.0577336618932065,0.0577607918050775,0.0577832669024842,0.0577983458032441,0.0578038821777212,0.057798497701888,0.0577816925489582,0.0577538844519664,0.0577163733212116,0.057671234586759,0.0576211503019694,0.0575691920806257,0.0575185737443354,0.0574723938472234,0.0574333888594543,0.0574037166961105,0.0573847875917531,0.0573771553146848,0.0573804767699147,0.057393542579642,0.0574143756739782,0.057440389678792,0.0574685943410732,0.0574958317294603,0.0575190247388846,0.0575354186382766,0.0575427970400915,0.057539655670109,0.0575253205389862,0.057500001346871,0.0574647758829704,0.0574215064428746,0.0573726944918911,0.0573212845869459,0.0572704325915612,0.0572232561596984,0.0571825870544283,0.0571507449361487,0.0571293507682822,0.0571191950446329,0.0571201718434638,0.0571312845459553,0.0571507233006038,0.0571760084390055,0.0572041885692873,0.0572320774807886,0.0572565106860407,0.0572746006881048,0.0572839700593657,0.0572829431866297,0.0572706809512786,0.0572472473740909,0.0572136029279635,0.057171525303989,0.0571234643919028,0.0570723436077343,0.0570213240147769,0.0569735505697339,0.0569319010582353,0.0568987578115226,0.05687582022135,0.0568639726069979,0.0568632174300665,0.056872678570361,0.0568906738097912,0.0569148502831182,0.0569423718638726,0.0569701435900675,0.0569950555356302,0.0570142271669002,0.0570252332843764,0.057026294133992,0.0570164150555546,0.0569954648915819,0.0569641870202405,0.056924141984668,0.0568775859219557,0.0568272939701794,0.0567763421629044,0.0567278646605001,0.0566848052518458,0.056649682717818,0.0566243887946374,0.0566100351198325,0.0566068618166726,0.056614215543491,0.0566305992881112,0.0566537903765064,0.0566810175579937,0.0567091830893031,0.0567351119025121,0.0567558075731455,0.056768694142736,0.0567718239623465,0.0567640345108463,0.0567450413654277,0.0567154598106585,0.0566767535153626,0.0566311147576201,0.0565812862946547,0.0565303396738584,0.056481428193565,0.0564375346017448,0.0564012338407181,0.0563744897050268,0.0563585013223241,0.0563536111844334,0.0563592814385074,0.0563741397217195,0.0563960904007283,0.0564224820516013,0.0564503177565134,0.0564764916200623,0.0564980330452518,0.0565123398571579,0.0565173823107236,0.0565118622786647,0.0564953153323338,0.056468147771946,0.0564316056181132,0.0563876777717319,0.0563389406024214,0.0562883557808054,0.0562390368991912,0.0561940030280507,0.0561559385848817,0.05612697860369,0.056108536683424,0.0561011896893484,0.0561046289082756,0.0561176821194438,0.0561384053253553,0.0561642371605126,0.0561922037691445,0.0562191576901404,0.0562420313798271,0.056258084688423,0.0562651260095918,0.0562616889414017,0.0562471499762151,0.0562217776581219,0.0561867093611427,0.056143857838806,0.056095755465269,0.0560453491536366,0.0559957628770535,0.055950047202411,0.0559109360836298,0.0558806303267029,0.0558606247605992,0.0558515924641602,0.0558533347246759,0.0558648001193315,0.0558841706478091,0.0559090076472382,0.0559364456868315,0.0559634190806528,0.0559869032944217,0.0560041525012561,0.0560129149289284,0.0560116094053963,0.0559994495069751,0.0559765057081754,0.0559437006323663,0.0559027375860325,0.0558559676761937,0.0558062055843762,0.0557565081273643,0.0557099327504664,0.0556692948341325,0.0556369430011521,0.0556145704267452,0.0556030775112143,0.0556024973328532,0.055611990352149,0.055629909288579,0.0556539293923112,0.0556812339446339,0.0557087401878933,0.0557333474205001,0.0557521870322537,0.0557628540036699,0.0557636008811876,0.0557534783320832,0.0557324108106426,0.0557012012598401,0.0556614646731316,0.0556154962297264,0.0555660850695668,0.0555162891331751,0.0554691895157931,0.0554276442619404,0.055394061363212,0.0553702089521787,0.0553570774808761,0.0553548043414215,0.0553626663252219,0.05537913994758,0.0554020243917584,0.0554286170309168,0.0554559275192511,0.055480913600968,0.0555007202649701,0.0555129037491334,0.0555156231393483,0.0555077848087753,0.0554891285329262,0.0554602485530136,0.0554225478207654,0.055378128769009,0.0553296288375763,0.0552800132975313,0.0552323413450813,0.0551895236988784,0.0551540908082113,0.0551279901491436,0.0551124289737361,0.055107775434865,0.0551135264820473,0.0551283456331938,0.055150168072294,0.0551763649728601,0.0552039539965601,0.0552298390138737,0.0552510595799461,0.0552650297909583,0.0552697469377708,0.055263952826589,0.0552472345611916,0.0552200566327037,0.0551837218816278,0.0551402647775665,0.0550922860095417,0.0550427421372507,0.0549947076233085,0.0549511286490554,0.0549145885584717,0.0548871035909853,0.0548699649119209,0.0548636390828489,0.0548677343541406,0.0548810348905457,0.0549015996891223,0.0549269179528137,0.0549541084217281,0.0549801469222254,0.0550021043657032,0.0550173767375677,0.0550238893109992,0.0550202593491001,0.0550059047589625,0.0549810902785797,0.054946907512395,0.0549051901630279,0.0548583707908035,0.0548092899987075,0.0547609727218968,0.054716388988818,0.0546782179016781,0.054648633540974,0.0546291299983103,0.054620399840073,0.05462227617809,0.0546337434836926,0.054653016746474,0.0546776830098906,0.0547048941652364,0.0547315955761718,0.0547547720201842,0.0547716908759033,0.0547801226277197,0.0547785206007992,0.0547661452105223,0.0547431226141871,0.0547104331011078,0.0546698303894145,0.0546236987044931,0.0545748595888145,0.0545263444031205,0.054481151113735,0.0544420050433342,0.0544111427354817,0.0543901360091191,0.0543797698534839,0.0543799833562674,0.0543898777719312,0.0544077905443269,0.0544314289947171,0.0544580528359239,0.05448469100389,0.0545083757810924,0.0545263759968325,0.0545364112818226,0.0545368308765633,0.0545267432184889,0.0545060862760328,0.0544756331048157,0.0544369320457438,0.0543921859947812,0.0543440798785877,0.0542955695321814,0.054249648296164,0.0542091095723737,0.0541763241018825,0.0541530497698021,0.054140289345633,0.0541382079095157,0.054146117059442,0.0541625276790856,0.0541852674768686,0.0542116541513493,0.0542387103761708,0.054263403252465,0.0542828887582141,0.0542947412151641,0.0542971489550704,0.0542890601276859,0.0542702667340744,0.0542414201234314,0.0542039768902805,0.054160079850063,0.0541123840762126,0.0540638424178974,0.0540174681154863,0.0539760938221547,0.0539421464047572,0.0539174553834365,0.0539031099630889,0.0538993755825173,0.0539056760867522,0.0539206423944873,0.0539422233109558,0.0539678493525574,0.0539946364657655,0.0540196136004966,0.0540399564035988,0.0540532089283921,0.0540574762401613,0.0540515730691869,0.054035117044611,0.0540085592660843,0.0539731497248174,0.0539308400473466,0.0538841308659391,0.0538358754607922,0.0537890548186543,0.0537465416166541,0.0537108716754754,0.053684041042286,0.0536673450576065,0.0536612726160994,0.0536654645458868,0.0536787399299913,0.0536991887020534,0.0537243234289348,0.0537512782908969,0.0537770392899635,0.0537986870127143,0.0538136321167602,0.0538198242365133,0.0538159171776908,0.0538013768912362,0.0537765234658187,0.0537425038530231,0.0537011977799568,0.0536550648112818,0.0536069453081682,0.0535598316872147,0.053516628629346,0.0534799215860257,0.0534517720565068,0.053433555756449,0.0534258561771532,0.0534284214756314,0.0534401875462459,0.0534593649258231,0.0534835822647221,0.0535100748011582,0.0535359029091867,0.0535581835982661,0.0535743169767679,0.053582190187854,0.0535803431126862,0.0535680830678381,0.053545539600111,0.0535136550398665,0.0534741113841607,0.0534291989726754,0.0533816369274604,0.0533343591267309,0.0532902822939461,0.053252074369392,0.0532219415200598,0.0532014508683579,0.0531914033533209,0.0531917672802206,0.0532016783560861,0.05321950670055,0.0532429858692435,0.0532693937848059,0.0532957711008357,0.0533191593323057,0.0533368393597029,0.0533465508019184,0.0533466742728298,0.0533363615788736,0.0533156032360618,0.0532852279085754,0.0532468340272374,0.0532026594350173,0.0531553999570399,0.0531079918933936,0.0530633762511255,0.053024263839382,0.0529929200627982,0.052970986432682,0.0529593526753138,0.0529580891425202,0.0529664443652435,0.0529829074208911,0.0530053297223253,0.0530310962816941,0.0530573327954785,0.0530811322824424,0.0530997836352119,0.053110984394769,0.0531130213265309,0.0531049048760398,0.0530864471193363,0.053058277125663,0.0530217924056442,0.0529790499991934,0.0529326054242683,0.0528853118098693,0.0528400947408816,0.0527997203798488,0.0527665751310612,0.0527424744062874,0.0527285159578508,0.0527249898741317,0.0527313529070241,0.0527462696628565,0.0527677177672857,0.0527931488678848,0.0528196926991622,0.052844387790024,0.0528644200711611,0.0528773498759969,0.0528813087229208,0.0528751497484433,0.0528585395049555,0.0528319837037859,0.0527967849621914,0.0527549362390187,0.0527089589301093,0.0526616990761582,0.052616098434477,0.0525749590351364,0.0525407201702896,0.0525152655618904,0.052499775836599,0.0524946376409608,0.0524994160957951,0.0525128922226525,0.0525331618904087,0.0525577881045962,0.0525839944263388,0.0526088842451323,0.0526296687611107,0.0526438859844402,0.0526495938456476,0.0526455225435713,0.0526311743773863,0.0526068633002198,0.0525736910205471,0.0525334613322843,0.0524885391108817,0.0524416647156331,0.0523957380726829,0.0523535892115242,0.0523177532743461,0.052290267869434,0.0522725090634621,0.0522650794007302,0.0522677573148544,0.0522795124609896,0.0522985862064182,0.0523226311898,0.052348898947542,0.0523744605534125,0.0523964423958224,0.0524122578763588,0.0524198160711164,0.0524176902445644,0.0524052324085008,0.0523826246048219,0.0523508628630643,0.052311675366429,0.0522673817652911,0.0522207053568344,0.0521745536178401,0.0521317850273646,0.0520949810486719,0.0520662415021608,0.0520470194550786,0.0520380084069203,0.0520390902637446,0.0520493477161625,0.052067139545039,0.052090232478984,0.0521159789067483,0.0521415263261798,0.0521640421113888,0.0521809361291543,0.0521900639876193,0.0521898952352212,0.0521796335364315,0.052159279527353,0.0521296314184226,0.0520922231476574,0.0520492046688045,0.0520031734478213,0.0519569700971226,0.0519134539831325,0.051875276353024,0.0518446688959511,0.0518232646373195,0.0518119657031599,0.0518108689182966,0.0518192556602541,0.0518356472379442,0.0518579217350083,0.0518834832029733,0.0519094697279091,0.0519329835910508,0.0519513247997891,0.0519622088848366,0.0519639511045558,0.0519556019660061,0.0519370230125427,0.0519088967849587,0.051872670317834,0.0518304370232524,0.0517847668642034,0.0517384988879269,0.0516945131286258,0.051655500386307,0.0516237483635226,0.0516009611290333,0.0515881260194428,0.0515854381406872,0.0515922879425332,0.0516073123185283,0.0516285047337984,0.0516533753651415,0.0516791484660975,0.0517029814092157,0.0517221883078117,0.0517344508819819,0.0517380002986532,0.0517317559773468,0.0517154106401449,0.0516894549705264,0.0516551398487054,0.0516143789144634,0.0515695988123209,0.0515235485557031,0.0514790827081191,0.0514389352687124,0.0514055020674626,0.0513806490017263,0.0513655615771531,0.0513606480807942,0.0513655045492087,0.0513789448093779,0.0513990936295204,0.0514235358352952,0.0514495095739329,0.051474128175529,0.0514946126094693,0.051508515577231,0.0515139189014886,0.051509588027264,0.0514950709858228,0.0514707337940425,0.0514377295572148,0.0513979040307261,0.0513536455996391,0.0513076921312111,0.051262910587051,0.0512220673676436,0.0511876079305781,0.0511614632520994,0.0511448983253574,0.0511384143601171,0.0511417119784539,0.0511537178311574,0.0511726720615251,0.0511962693142652,0.0512218419086243,0.0512465706689307,0.051267706925299,0.05128278845882,0.0512898327005378,0.051287492271324,0.0512751608523675,0.0512530211826557,0.0512220313925276,0.0511838505762062,0.0511407091598595,0.0510952339155425,0.0510502410797208,0.0510085136513977,0.0509725803343572,0.0509445136266,0.0509257632345789,0.05091703837522,0.0509182487815092,0.0509285096018461,0.0509462102415819,0.0509691419742674,0.0509946742995538,0.0510199659513496,0.0510421935054774,0.051058778968752,0.0510675977210703,0.0510671497596986,0.0510566802279495,0.0510362394225372,0.0510066774934006,0.0509695744531849,0.0509271114472142,0.0508818940379421,0.0508367421094551,0.0507944635775002,0.050757630217918,0.05072837355711,0.0507082169679143,0.0506979570447487,0.050697603256936,0.0507063801550523,0.0507227914412461,0.0507447404110538,0.0507696969795839,0.050794898009468,0.0508175652004236,0.0508351235581378,0.0508454035181436,0.050846811131662,0.0508384532002644,0.0508202076835188,0.0507927338617774,0.0507574213300367,0.050716281595765,0.0506717904973631,0.0506266935136808,0.0505837890123296,0.0505457063560624,0.0505146963804337,0.0504924509771303,0.0504799663829865,0.0504774614307959,0.0504843577219013,0.0504993237621284,0.0505203799357682,0.0505450561871687,0.0505705898670837,0.0505941477893124,0.0506130544516342,0.0506250077898393,0.0506282648037082,0.050621781844088,0.0506052980919783,0.0505793554842891,0.0505452536291208,0.0505049436283367,0.050460869718598,0.0504157718453684,0.0503724653674873,0.0503336158091965,0.0503015267959324,0.0502779580344725,0.0502639875799904,0.0502599289379132,0.0502653091029525,0.0502789087917196,0.0502988612470261,0.0503228014611557,0.050348053838285,0.0503718434750558,0.0503915145610077,0.0504047389674306,0.0504096989130948,0.0504052296113496,0.0503909108766734,0.0503671005714237,0.0503349072081732,0.0502961036655714,0.0502529885027206,0.0502082054490965,0.050164534989235,0.0501246742701273,0.0500910226275022,0.0500654897555117,0.0500493419387672,0.050043098919853,0.0500464900662886,0.0500584738041992,0.0500773191760334,0.0501007432935006,0.05012609383281,0.05015056194472,0.0501714083451885,0.0501861841542212,0.0501929283987183,0.0501903259867729,0.050177813234235,0.0501556223812431,0.0501247615936533,0.0500869322754564,0.0500443906762738,0.0499997653182872,0.0499558452937137,0.0499153567078451,0.0498807453148737,0.049853982698551,0.0498364112780469,0.0498286401542297,0.0498304996310753,0.0498410575139432,0.049858695405761,0.0498812385817804,0.0499061289551676,0.0499306274222063,0.0499520297186762,0.0499678789846255,0.0499761585849159,0.0499754503171083,0.0499650458129034,0.049945002502656,0.0499161397233727,0.049879975122843,0.0498386061115612,0.04979454538424,0.0497505231446096,0.0497092713527406,0.0496733068698608,0.0496447306559703,0.0496250591071144,0.0496151012354099,0.0496148918605569,0.0496236865748617,0.049640019314152,0.0496618182967963,0.0496865712833607,0.0497115269714569,0.0497339162552243,0.0497511753429716,0.0497611525016084,0.0497622815008551,0.0497537075556162,0.0497353554906041,0.0497079346509604,0.0496728803365238,0.0496322367764375,0.0495884914290693,0.0495443742973492,0.0495026386867767,0.0494658411917518,0.0494361385761947,0.0494151176503984,0.0494036714082924,0.049401930854244,0.0494092574503475,0.0494242963107335,0.0494450855241773,0.0494692126647372,0.0494940059842908,0.0495167452286904,0.0495348756398323,0.049546208564764,0.0495490931807386,0.0495425460835697,0.0495263287179507,0.0495009666129105,0.049467708823943,0.0494284305538296,0.049385486305935,0.0493415248026737,0.0492992799752725,0.0492613543356569,0.0492300117945431,0.0492069964151658,0.0491933917171742,0.049189532084833,0.0491949737867634,0.0492085283738813,0.0492283561686901,0.0492521126257529,0.0492771359552498,0.0493006609303793,0.0493200415424059,0.0493329643353127,0.0493376349477068,0.0493329225749084,0.0493184505502573,0.0492946257187936,0.0492626043476469,0.0492241975571593,0.0491817242225362,0.049137823559755,0.0490952428052285,0.0490566172709865,0.0490242604877152,0.0489999811454833,0.0489849412180402,0.0489795662147045,0.0489835142380913,0.0489957058052245,0.0490144116113927,0.0490373909520114,0.0490620696831188,0.0490857436532597,0.0491057916820356,0.0491198815272477,0.0491261529101518,0.0491233634865285,0.0491109865038402,0.0490892525617047,0.0490591321442334,0.0490222601241876,0.0489808079154996,0.0489373130278642,0.0488944791434968,0.0488549622402787,0.0488211595368637,0.0487950180038476,0.0487778778229629,0.0487703635505622,0.0487723320449236,0.0487828817405962,0.0488004229454142,0.0488228038743151,0.0488474825188058,0.0488717305882429,0.0488928530129225,0.0489084051304301,0.0489163898064215,0.0489154183530703,0.0489048220736914,0.0488847053457773,0.0488559360154317,0.0488200740815048,0.0487792447282309,0.0487359662834939,0.0486929472754211,0.0486528691591543,0.04861817230258,0.0485908623765119,0.0485723524502007,0.0485633530461276,0.0485638184565389,0.0485729531073056,0.0485892770198158,0.0486107448201966,0.0486349086298332,0.0486591118635068,0.048680698703121,0.0486972229398798,0.0487066400238507,0.0487074674963951,0.0486989014170018,0.0486808797652101,0.048654087851814,0.0486199052034471,0.0485802978660132,0.0485376642907247,0.0484946466203759,0.0484539219961021,0.0484179902094656,0.0483889744683439,0.04836845117551,0.0483573224891435,0.0483557421821205,0.0483631011566077,0.048378074205746,0.0483987246335056,0.0484226585794572,0.0484472167617677,0.0484696881977016,0.0484875285526448,0.0484985652873674,0.0485011727942772,0.0484944031728227,0.0484780619777428,0.0484527228457337,0.048419679963729,0.0483808424609447,0.0483385795615156,0.0482955293192402,0.048254386626688,0.0482176877166536,0.048187608466282,0.048165792513956,0.0481532226449633,0.0481501453145367,0.0481560538535035,0.0481697312093063,0.0481893484067692,0.0482126106335011,0.0482369392654852,0.0482596754842935,0.0482782895768408,0.0482905796632336,0.0482948444877917,0.04829001694772,0.0482757480517179,0.0482524347730124,0.0482211895298469,0.0481837534974177,0.0481423602998675,0.048099560512041,0.0480580205158956,0.0480203113680542,0.0479887042749401,0.0479649889383646,0.0479503294057564,0.0479451692219689,0.0479491938399695,0.0479613537096011,0.0479799465868648,0.0480027527748256,0.0480272126148382,0.0480506319787054,0.04807039910374,0.0480841950940239,0.0480901808762099,0.0480871453053042,0.048074602308557,0.0480528291753271,0.0480228429906897,0.0479863173371925,0.0479454462943773,0.047902767030906,0.0478609555705512,0.0478226123724853,0.0477900550418478,0.0477651347314119,0.0477490906961899,0.0477424542371097,0.0477450092245146,0.0477558118685547,0.0477732677470602,0.0477952596576223,0.0478193159687837,0.0478428061070499,0.0478631478493441,0.0478780103060442,0.0478854968969647,0.0478842941955914,0.0478737751397212,0.0478540485994031,0.047825951396064,0.0477909832672617,0.0477511896469165,0.0477090011745308,0.0476670422693625,0.0476279236342533,0.0475940349596859,0.0475673542394592,0.0475492889563116,0.0475405620261738,0.0475411519634115,0.0475502924780447,0.0475665319530701,0.0475878483655116,0.0476118106348978,0.047635773509638,0.0476570902642652,0.0476733259199244,0.0476824535669751,0.0476830177039945,0.0476742512185796,0.0476561364853228,0.0476294056967646,0.0475954805671881,0.0475563565346278,0.0475144411186949,0.0474723597848273,0.0474327452037242,0.0473980269798658,0.0473702386961359,0.0473508575477156,0.0473406890747659,0.0473398057836847,0.0473475440800329,0.0473625592920704,0.0473829340285688,0.0474063310362658,0.0474301783815986,0.0474518723939297,0.0474689825347919,0.0474794422942331,0.0474817113604736,0.0474748965569672,0.047458822203618,0.047434044404113,0.0474018080295576,0.0473639495672145,0.047322753204775,0.0472807711928764,0.0472406223818416,0.0472047846466253,0.0471753975529339,0.0471540909981098,0.0471418536794462,0.0471389522043281,0.047144907687104,0.0471585321002444,0.0471780218317189,0.0472011012255227,0.0472252047255826,0.0472476829679621,0.0472660160869,0.0472780168257284,0.0472820068392961,0.0472769517644999,0.0472625440310498,0.0472392267076123,0.0472081565683501,0.0471711095949552,0.0471303368511274,0.047088382672463,0.047047880084814,0.0470113400794676,0.0469809517145666,0.0469584089656961,0.0469447779211,0.0469404145354592,0.0469449390329912,0.0469572685338523,0.0469757049160349,0.046998070656468,0.047021881739079,0.0470445439496612,0.0470635571932041,0.0470767119645743,0.0470822627835589,0.047079065206436,0.047066665822233,0.0470453382367407,0.0470160621759938,0.0469804471939047,0.046940606728525,0.0468989921155014,0.0468581993520238,0.0468207636516674,0.0467889579340454,0.0467646112381531,0.0467489616296748,0.0467425555860465,0.0467452022633298,0.0467559867237113,0.0467733414579078,0.0467951707668974,0.0468190181908624,0.0468422635732211,0.0468623338296123,0.0468769102718517,0.0468841155377463,0.04688266481148,0.0468719689631959,0.0468521812306311,0.0468241837494161,0.0467895152044767,0.0467502457080438,0.0467088093084927,0.0466678079321849,0.0466298027683137,0.04659710995667,0.0465716169031627,0.0465546337171479,0.0465467913133821,0.0465479938948002,0.0465574291438937,0.0465736348702124,0.0465946164686435,0.0466180056725954,0.0466412480001078,0.046661804184662,0.0466773498963025,0.046685958266591,0.0466862511139441,0.0466775072024044,0.0466597191576849,0.0466335945691843,0.0466005010613773,0.0465623594282585,0.0465214929668302,0.0464804445979506,0.0464417759513933,0.0464078641203733,0.0463807121358448,0.0463617883138228,0.0463519075077062,0.0463511640774201,0.046358922313042,0.046373865458192,0.0463940997417286,0.0464173053198176,0.0464409221182842,0.0464623555918988,0.0464791856721971,0.0464893618385329,0.0464913683537855,0.0464843461525454,0.0464681614443737,0.0464434155031395,0.0464113949871707,0.046373967048538,0.0463334280061281,0.0462923180891011,0.0462532174109206,0.0462185397187157,0.0461903404869069,0.04617015459907,0.0461588763173712,0.0461566907178271,0.0461630615932937,0.046176776343039,0.0461960439191956,0.0462186378126058,0.0462420726386544,0.0462638003861323,0.0462814109941513,0.0462928216968514,0.0462964405071054,0.0462912912177194,0.0462770902446059,0.0462542693175556,0.0462239421693926,0.0461878176691005,0.046148065971941,0.0461071479252725,0.0460676209052857,0.046031936228573,0.0460022440963451,0.0459802215911056,0.0459669375701737,0.0459627655055978,0.0459673516035474,0.0459796411627321,0.0459979614327116,0.0460201545984663,0.0460437503548785,0.0460661642111666,0.0460849054675473,0.0460977779245901,0.0461030569112396,0.0460996281309572,0.0460870769777176,0.0460657210882562,0.0460365836038569,0.0460013095042253,0.0459620320383368,0.0459212003268805,0.0458813823067278,0.045845059070382,0.0458144271835541,0.045791224737393,0.0457765948191271,0.0457709969599718,0.0457741732027531,0.0457851710446178,0.0458024210165614,0.0458238624269094,0.0458471071385315,0.0458696284163877,0.0458889600530547,0.0459028902760467,0.0459096354130557,0.0459079798995149,0.0458973718209963,0.0458779665837126,0.0458506152543195,0.0458167983358683,0.0457785099534209,0.045738101292264,0.0456980953555955,0.0456609874322075,0.0456290469085548,0.0456041361175832,0.0455875607492058,0.0455799639968073,0.045581273231499,0.0455907038431285,0.0456068203060962,0.045627649889335,0.0456508401013833,0.0456738472990924,0.045694141221169,0.0457094087991461,0.0457177405937875,0.0457177846068799,0.0457088548974503,0.045690986160272,0.0456649298967572,0.0456320926467329,0.0455944215281055,0.0455542466255614,0.0455140932177856,0.0454764791715715,0.045443713896789,0.0454177149786657,0.0453998570151026,0.0453908644383484,0.0453907564559295,0.0453988480373241,0.0454138064461339,0.0454337585008268,0.045456439851115,0.0454793743721186,0.0455000695479884,0.0455162125977577,0.0455258521409662,0.0455275513727624,0.0455205009205664,0.0455045826370599,0.0454803793343474,0.0454491296045401,0.045412631088553,0.0453730995369794,0.0453329944709049,0.0452948249402426,0.0452609505672311,0.0452333935845455,0.0452136768584622,0.0452027009693902,0.0452006704453771,0.0452070754196568,0.0452207305822131,0.0452398686535708,0.0452622811189413,0.0452854950244915,0.0453069716045711,0.0453243106374507,0.0453354438751964,0.0453388017240828,0.0453334395234812,0.045319113113146,0.0452962975947761,0.0452661479007434,0.0452304045709398,0.0451912526127193,0.0451511451142562,0.0451126060792906,0.0450780285135297,0.0450494840059689,0.0450285589370067,0.0450162301488885,0.0450127896446146,0.0450178239042769,0.0450302490397286,0.0450483986080101,0.0450701568317779,0.0450931265395068,0.0451148185683663,0.0451328478231624,0.0451451207527662,0.0451499997247945,0.0451464315974374,0.0451340305563309,0.0451131087833321,0.0450846524966901,0.0450502450767523,0.0450119430777768,0.0449721146165182,0.044933252623929,0.044897777503091,0.0448678446921978,0.0448451724035925,0.0448309033863843,0.0448255120057059,0.0448287644110889,0.04483973535247,0.0448568806438102,0.0448781597468457,0.0449011988158114,0.0449234811481536,0.0449425496304326,0.0449562046873051,0.0449626815528766,0.0449607923644441,0.0449500214749357,0.0449305662433884,0.0449033200725947,0.0448697992402659,0.0448320196967938,0.0447923340693499,0.044753242276428,0.0447171911793007,0.0446863794423064,0.0446625832024808,0.0446470163181263,0.04464023604363,0.0446421012358804,0.0446517859717967,0.0446678470930342,0.04468834001693,0.0447109734606459,0.0447332907888723,0.0447528637353823,0.0447674834018833,0.0447753337391886,0.0447751341140345,0.0447662399474171,0.0447486936139519,0.0447232215943903,0.0446911779942764,0.0446544386678567,0.0446152540118707,0.0445760717443564,0.0445393434177352,0.0445073298267944,0.0444819207132258,0.0444644831860794,0.0444557511327849,0.0444557647477674,0.0444638653849003,0.0444787465308927,0.0444985571386686,0.0445210492377152,0.044543758039121,0.0445642000084803,0.044580072826833,0.0445894409311639,0.0445908914550725,0.0445836478046464,0.0445676316111184,0.0445434680904425,0.0445124345245826,0.044476356252881,0.0444374588382968,0.0443981886037617,0.0443610162249481,0.0443282393096079,0.044301799805409,0.0442831307064749,0.0442730440302087,0.0442716686360378,0.0442784424306768,0.0442921591710558,0.0443110657889223,0.0443330022680657,0.0443555728982541,0.0443763354198548,0.0443929932964547,0.0444035761866567,0.0444065946447069,0.0444011570937907,0.044387040025966,0.0443647059604689,0.0443352676755703,0.04430040134278,0.0442622151469944,0.0442230834729581,0.0441854594946122,0.0441516807929601,0.0441237833051015,0.0441033384074726,0.0440913262684112,0.0440880558571503,0.0440931383536893,0.044105516451506,0.0441235475345557,0.0441451343128348,0.0441678925747375,0.0441893425879924,0.0442071086373206,0.0442191104318979,0.0442237307346275,0.0442199455058026,0.0442074059423354,0.0441864657673159,0.0441581516533191,0.0441240793623897,0.0440863226432208,0.0440472457502353,0.0440093133239468,0.0439748930847702,0.0439460672327876,0.0439244675947425,0.0439111474971507,0.0439065002604556,0.0439102303901804,0.0439213793246007,0.043938403321633,0.0439592970413027,0.0439817528907347,0.0440033435063395,0.044021713057789,0.0440347624849067,0.0440408143324878,0.044038744457886,0.0440280704285884,0.0440089897324246,0.0439823647636259,0.0439496556365565,0.0439128059007802,0.0438740898868447,0.0438359334415736,0.0438007219901511,0.0437706109997898,0.0437473538848738,0.0437321611542224,0.0437256022422753,0.0437275581692191,0.0437372291849287,0.0437531971569331,0.0437735380020027,0.0437959753139011,0.0438180628846092,0.0438373813686168,0.043851733109285,0.0438593192331047,0.0438588845254103,0.0438498182335636,0.0438322025919888,0.0438068052070821,0.0437750160855555,0.0437387346307037,0.0437002159925366,0.0436618894147348,0.0436261634080224,0.0435952335161271,0.0435709080651912,0.0435544656685954,0.0435465555720778,0.0435471484106255,0.0435555408929443,0.0435704136512957,0.0435899373372849,0.0436119183396299,0.0436339725235694,0.0436537133382925,0.0436689396284774,0.0436778085778681,0.043678980401693,0.0436717236039008,0.043655972651791,0.0436323335583361,0.0436020368365305,0.0435668413260204,0.0435288962056653,0.04349057180517,0.0434542723436363,0.0434222452422157,0.0433964020566999,0.0433781653120245,0.0433683536245276,0.0433671145771341,0.043373911068171,0.0433875625802719,0.0434063383685205,0.0434280953173144,0.043450449510793,0.0434709677130567,0.0434873632207206,0.0434976801091032,0.0435004508046149,0.0434948141020188,0.0434805840105907,0.043458263876781,0.0434290047529004,0.0433945115793689,0.0433569050222009,0.0433185503854373,0.0432818676051809,0.0432491377375487,0.0432223214912863,0.0432029042357584,0.0431917796423532,0.0431891808986056,0.0431946645607236,0.0432071479156541,0.0432249965398304,0.0432461548738852,0.0432683093583651,0.0432890712380863,0.0433061647231625,0.043317605882424,0.0433218584325799,0.043317954392083,0.0433055702603931,0.0432850527806727,0.0432573922076343,0.0432241450394667,0.0431873120729784,0.0431491811170702,0.0431121465051194,0.0430785194702552,0.0430503443128965,0.043029234985018,0.0430162452316876,0.0430117828752895,0.0430155754011183,0.0430266899600366,0.043043606539983,0.0430643387127813,0.0430865924093257,0.0431079499774941,0.0431260646257258,0.0431388494357409,0.0431446455156049,0.0431423555380571,0.043131531747864,0.0431124112943093,0.0430858961167176,0.0430534791891797,0.0430171233204697,0.0429791025478859,0.0429418191508368,0.0429076111948784,0.0428785661450779,0.042856355428662,0.0428421029777138,0.0428362979352048,0.0428387581088169,0.0428486466899523,0.0428645405395518,0.0428845443197704,0.0429064412442196,0.0429278684854202,0.0429465034863488,0.042960246672199,0.0429673863931547,0.0429667333325852,0.0429577139867155,0.0429404159726093,0.0429155816036507,0.0428845501191143,0.042849152898221,0.0428115696516061,0.0427741566790547,0.0427392605500812,0.0427090318106582,0.042685253444759,0.0426691978057902,0.0426615236284474,0.0426622216560589,0.0426706135856085,0.0426854047508365,0.0427047865988396,0.0427265809334261,0.0427484144296847,0.0427679093554364,0.0427828750037371,0.0427914842045158,0.042792420477247,0.0427849838046068,0.0427691464266297,0.0427455541803483,0.0427154734018146,0.0426806878914609,0.0426433545288965,0.0426058294482103,0.0425704789741571,0.0425394906149775,0.0425146992576729,0.0424974423501234,0.0424884553984987,0.0424878157684555,0.0424949388535774,0.0425086265096333,0.0425271635828929,0.0425484546775691,0.0425701902626433,0.0425900290285031,0.0426057822353397,0.0426155857299981,0.0426180463272795,0.0426123512532359,0.0425983321769777,0.0425764788210764,0.0425479010006102,0.0425142419124253,0.042477549273186,0.0424401142007926,0.0424042903074971,0.0423723071302589,0.042346092614329,0.0423271188033177,0.0423162831821423,0.0423138353887036,0.0423193554684647,0.0423317857637776,0.042349514213631,0.0423705026277118,0.0423924497531658,0.0424129760163362,0.0424298149659018,0.0424409958310078,0.0424450022877225,0.0424408944503697,0.0424283841258172,0.0424078572404207,0.0423803417303448,0.0423474236839032,0.04231111875081,0.0422737094429912,0.0422375616583284,0.0422049353435556,0.0421778045487091,0.0421577012047112,0.0421455948919026,0.0421418178682655,0.0421460409520797,0.0421573017952689,0.0421740829559724,0.0421944333100525,0.0422161230366335,0.0422368199129172,0.0422542731156543,0.0422664902341252,0.0422718937768767,0.042269445063603,0.0422587259173715,0.0422399718142472,0.0422140538580137,0.0421824108598101,0.0421469366460301,0.0421098312172099,0.0420734272602123,0.0420400055317311,0.0420116136113559,0.041989902386511,0.0419759933794103,0.0419703877231687,0.041972924378355,0.0419827912816626,0.0419985888531625,0.0420184410239511,0.0420401450404664,0.0420613480722507,0.042079736364907,0.0420932215538026,0.0421001089174497,0.042099233809324,0.0420900551325192,0.0420726982723697,0.0420479440722395,0.0420171648842095,0.0419822130790186,0.0419452712787884,0.0419086766394532,0.0418747335069966,0.0418455295704364,0.0418227702084167,0.0418076441303427,0.0418007307821442,0.0418019565446742,0.0418106028052736,0.0418253648748105,0.0418444567783719,0.0418657534464305,0.0418869590109005,0.0419057879687028,0.0419201450647092,0.0419282899292514,0.0419289737439073,0.041921537383066,0.0419059634224004,0.0418828779218255,0.0418535017404555,0.0418195550383459,0.0417831222583655,0.0417464879809052,0.0417119563783192,0.0416816683918255,0.0416574310822771,0.0416405727983482,0.041631835884972,0.0416313157583286,0.0416384515328819,0.0416520692867542,0.0416704748057538,0.041691588586074,0.0417131123463219,0.0417327136275211,0.0417482134980335,0.041757762068401,0.0417599874823162,0.0417541062062098,0.0417399856229937,0.0417181538844439,0.0416897563466402,0.0416564623134409,0.0416203298624951,0.0415836398967682,0.0415487129886145,0.0415177238725308,0.0414925284961996,0.0414745173699875,0.0414645066932708,0.0414626756044943,0.0414685541727242,0.0414810627162223,0.0414985990071599,0.0415191662143879,0.0415405313374566,0.0415604016222729,0.0415766051650491,0.0415872616718757,0.0415909301499163,0.0415867221050773,0.041574371481139,0.0415542558948059,0.0415273674477203,0.0414952352590535,0.0414598055898762,0.0414232887537462,0.0413879846661223,0.0413561006524001,0.0413295758552672,0.0413099261919254,0.0412981223279599,0.0412945106440873,0.0412987838339952,0.0413100038278701,0.0413266755084792,0.0413468655375918,0.0413683568917073,0.0413888267235858,0.041406033169242,0.0414179958957272,0.0414231556346394,0.0414204996520847,0.0414096429196052,0.0413908584172037,0.0413650541991972,0.0413336992357301,0.0412987042421069,0.0412622673651138,0.0412266973947358,0.0411942288839093,0.0411668440733227,0.041146115825066,0.0411330839470153,0.0411281744990636,0.0411311681520685,0.0411412197252271,0.0411569269904314,0.0411764430180506,0.0411976230207378,0.0412181940584476,0.0412359342830758,0.0412488477477852,0.0412553212230335,0.0412542508968164,0.0412451291660727,0.0412280847779391,0.0412038731432606,0.0411738174689614,0.0411397051545124,0.0411036473786758,0.0410679127034346,0.0410347476274183,0.0410061981642267,0.0409839465852416,0.0409691764077528,0.0409624765828105,0.0409637928024472,0.0409724301402334,0.0409871071459713,0.0410060573455673,0.0410271701870748,0.0410481601684374,0.0410667504895493,0.0410808563120199,0.0410887526908209,0.0410892134616642,0.0410816097333529,0.0410659599625436,0.0410429276012991,0.0410137666489056,0.0409802197199033,0.0409443770957392,0.0409085083505858,0.0408748802898862,0.0408455759412609,0.0408223291126946,0.0408063876216242,0.0407984158569026,0.0407984440983919,0.0408058682586809,0.0408194997178525,0.0408376609999139,0.0408583194983038,0.0408792485766862,0.0408982033562683,0.0409130974702923,0.0409221670657881,0.0409241093532375,0.0409181849801787,0.0409042762937055,0.0408828969438985,0.0408551520047493,0.0408226515819042,0.0407873844753739,0.0407515616102171,0.0407174413859201,0.0406871506106446,0.0406625151438218,0.0406449137296121,0.0406351668057593,0.040633469419885,0.040639373946445,0.0406518243230735,0.0406692393446521,0.0406896385332929,0.0407108005863883,0.0407304416792425,0.0407463991885054,0.0407568058708658,0.0407602402572668,0.0407558409646264,0.0407433756125873,0.0407232587886492,0.0406965177053428,0.0406647084918611,0.0406297901046413,0.0405939662782769,0.0405595084690733,0.0405285741645065,0.0405030351595959,0.0404843294567586,0.0404733484282985,0.0404703679576894,0.0404750286895667,0.0404863665780524,0.0405028909649174,0.0405227037539488,0.0405436501323884,0.0405634889306352,0.0405800692712097,0.0405914997464588,0.0405962970083106,0.0405935022850855,0.0405827568176,0.040564330344487,0.0405391003508655,0.0405084835771893,0.0404743249838235,0.0404387526915294,0.040404010110498,0.0403722783304829,0.0403455027274974,0.040325237556384,0.0403125210169324,0.0403077909716482,0.0403108483271448,0.0403208713218399,0.0403364798872348,0.0403558451834703,0.0403768356785786,0.0403971880702057,0.0404146892269271,0.0404273543547508,0.0404335868587926,0.0404323068438179,0.0404230377607285,0.0404059441559,0.0403818175293329,0.0403520115990989,0.0403183324205691,0.0402828924648349,0.0402479406305794,0.0402156820289779,0.0401881020980854,0.0401668091174356,0.0401529075636144,0.040146912142118,0.0401487089965632,0.0401575668152781,0.0401721966187333,0.0401908552159407,0.0402114839572873,0.0402318717464073,0.0402498294959472,0.0402633624261498,0.0402708268408785,0.040271059245526,0.040263467811089,0.0402480790861346,0.0402255362929643,0.0401970492539086,0.0401642997087554,0.0401293092447905,0.0400942800150304,0.0400614206294823,0.040032770871288,0.0400100390953887,0.0399944652883879,0.0399867208634879,0.0399868534568468,0.0399942814675957,0.0400078391034186,0.04002586858637,0.0400463522981828,0.0400670743340895,0.0400857984631636,0.0401004480687726,0.0401092734023279,0.0401109924766372,0.0401048940839765,0.0400908945578495,0.0400695437230938,0.0400419796656862,0.0400098361549257,0.0399751104181608,0.0399400021701019,0.0399067370583304,0.0398773888263521,0.0398537144544341,0.039837015356914,0.0398280355090593,0.0398269043297497,0.0398331285119464,0.0398456330822206,0.0398628481123515,0.0398828339982309,0.0399034353066277,0.0399224510611738,0.0399378081434027,0.03994772431395,0.039950848220952,0.0399463655737901,0.0399340632674548,0.0399143464535938,0.0398882071498198,0.0398571467080805,0.0398230580452253,0.0397880766920144,0.0397544121960309,0.039724173033968,0.0396991988213272,0.0396809131770757,0.0396702091000545,0.0396673762301321,0.039672076089297,0.0396833675907515,0.0396997810683921,0.0397194351275225,0.0397401870696323,0.0397598048126304,0.0397761463822508,0.0397873323679104,0.0397918972754478,0.039788907418139,0.0397780357267946,0.0397595874118343,0.0397344744788215,0.0397041413249029,0.0396704476491586,0.039635518354148,0.0396015727289771,0.0395707467915417,0.0395449231085821,0.0395255816756037,0.039513683601685,0.039509596591968,0.0395130678108369,0.0395232459270335,0.0395387502762346,0.0395577814145735,0.0395782641599569,0.0395980117736025,0.0396148983973093,0.0396270263190422,0.039632875101635,0.0396314210329693,0.0396222176446557,0.0396054310388226,0.0395818272327015,0.0395527124123231,0.0395198306099554,0.0394852266303984,0.0394510848080491,0.0394195561560564,0.0393925874894447,0.0393717660634437,0.0393581921603678,0.0393523899615085,0.0393542640958954,0.0393631056663574,0.0393776475822734,0.0393961650076523,0.0394166130153667,0.039436790445719,0.0394545167584363,0.0394678075264359,0.0394750342598179,0.0394750554929497,0.0394673084262965,0.0394518536801831,0.0394293695954765,0.0394010966698506,0.0393687368043342,0.0393343157155596,0.0393000198317041,0.0392680209804184,0.0392403030405791,0.0392185044271839,0.039203788871057,0.0391967545777192,0.0391973886996804,0.0392050703941514,0.0392186218729418,0.0392364031029252,0.0392564424706914,0.0392765930148551,0.0392947019324299,0.0393087801134786,0.0393171585225486,0.0393186193149197,0.0393124915523524,0.0392987041042665,0.0392777915884318,0.0392508527981092,0.0392194647270895,0.039185558761046,0.0391512685775551,0.0391187615565406,0.0390900668799538,0.0390669138847595,0.0390505935696315,0.0390418544520565,0.0390408413313985,0.0390470821381331,0.039059524217274,0.0390766174122598,0.039096437496387,0.0391168401504186,0.0391356331009682,0.0391507524624466,0.0391604289201137,0.0391633301913102,0.03915866813334,0.0391462617692833,0.0391265511409569,0.0391005609650313,0.0390698172061609,0.0390362235246521,0.039001907783253,0.0389690511570296,0.0389397137057433,0.0389156704396869,0.0388982709290286,0.0388883334743122,0.0388860819754395,0.0388911301733834,0.0389025141762074,0.0389187703988292,0.0389380525231751,0.0389582780956958,0.0389772931580597,0.0389930420119987,0.039003728915932,0.0390079591898414,0.0390048488077271,0.0389940939792254,0.0389759952963598,0.038951434514732,0.0389218056791704,0.0388889058220409,0.0388547936117336,0.0388216268828134,0.0387914917294826,0.0387662366225677,0.038747324728852,0.0387357162823684,0.0387317905799351,0.0387353141093455,0.0387454576808316,0.0387608614905325,0.0387797431245735,0.0388000399604858,0.0388195745528807,0.0388362296457568,0.0388481185963168,0.0388537373088366,0.0388520852586811,0.0388427457261627,0.0388259187369781,0.0388024041168,0.0387735361717272,0.0387410754625465,0.0387070666243257,0.0386736739011382,0.0386430077877408,0.0386169567635952,0.0385970375507184,0.0385842757071149,0.0385791258354422,0.0385814374524582,0.0385904688922169,0.0386049478082994,0.0386231732103331,0.0386431507952638,0.0386627508345237,0.0386798762173313,0.0386926275381487,0.0386994524039058,0.0386992673981245,0.0386915432677254,0.0386763467242367,0.0386543355676001,0.0386267074168844,0.0385951059135019,0.0385614915780537,0.0385279872905398,0.0384967104072242,0.0384696046688909,0.0384482851973715,0.0384339089810956,0.0384270813489499,0.0384278061490033,0.038435483901033,0.0384489583596126,0.038466608013962,0.0384864753705644,0.0385064237169197,0.0385243087307315,0.0385381510040392,0.0385462954240414,0.0385475444029151,0.0385412540840308,0.0385273856938967,0.0385065079107006,0.0384797501690142,0.0384487108594364,0.0384153280555642,0.0383817234017879,0.0383500318935945,0.0383222313249444,0.0382999850896137,0.0382845108184296,0.0382764851292931,0.0382759917750366,0.0382825169664739,0.0382949919109451,0.0383118789195648,0.0383312940704852,0.038351156627552,0.0383693534184821,0.0383839053135677,0.0383931228667877,0.0383957390661528,0.0383910089174428,0.0383787681346519,0.0383594463513256,0.0383340337621794,0.0383040036864268,0.0382711969497541,0.0382376769693904,0.0382055667755733,0.0381768807163984,0.03815336412485,0.0381363537115996,0.038126669916382,0.0381245500161602,0.0381296276206389,0.0381409605088723,0.0381571048560563,0.0381762300961457,0.0381962653006848,0.0382150653211572,0.0382305832609464,0.0382410352557255,0.0382450441128057,0.0382417500669853,0.0382308796200535,0.0382127669032378,0.0381883259238769,0.0381589760910186,0.0381265272278941,0.0380930335603307,0.0380606286421284,0.0380313546315837,0.0380069996602605,0.0379889562419252,0.0379781118571774,0.0379747801828291,0.0379786781313988,0.0379889501926683,0.0380042378304458,0.0380227881897171,0.0380425933769003,0.0380615492919597,0.0380776215607201,0.0380890056338648,0.0380942686223127,0.0380924618860474,0.0380831956641294,0.0380666699473568,0.0380436591399106,0.0380154516007507,0.0379837486466504,0.0379505307694732,0.0379179014174545,0.0378879205091008,0.037862440749743,0.0378429597263462,0.0378304996443677,0.0378255244902203,0.0378279014934583,0.0378369102534547,0.0378512990754296,0.0378693842374662,0.0378891843856198,0.0379085793186151,0.03792548034156,0.0379379983452038,0.0379445959078511,0.0379442110078117,0.037936342257898,0.0379210887359773,0.0378991412300741,0.0378717257287362,0.0378405039142548,0.037807438910519,0.0377746373071726,0.0377441803176974,0.0377179577042104,0.0376975177643588,0.0376839452596458,0.0376777768018492,0.0376789601272788,0.037686860154495,0.0377003110269593,0.0377177097628465,0.037737143930817,0.0377565431843759,0.0377738427167931,0.0377871458662255,0.0377948732431931,0.0377958868352342,0.0377895794805822,0.0377759227614239,0.0377554695596886,0.037729311004248,0.0376989910516709,0.0376663852244857,0.037633552846444,0.0376025742528958,0.0375753857339721,0.0375536252602119,0.0375385012996826,0.0375306953114448,0.0375303059198802,0.037536839520504,0.0375492483737186,0.0375660133946102,0.0375852651718498,0.0376049335754939,0.0376229139186913,0.037637236221925,0.0376462238097657,0.0376486282917545,0.0376437298954759,0.0376313949786439,0.0376120860940511,0.0375868238971865,0.0375571041345902,0.0375247766090945,0.0374918960883132,0.0374605573463704,0.0374327277171708,0.0374100906063873,0.0373939123879629,0.0373849431184768,0.0373833587175688,0.0373887489079353,0.037400151551884,0.0374161303645466,0.0374348896253706,0.0374544167033018,0.0374726411445303,0.0374875978719854,0.0374975817898135,0.0375012817945087,0.0374978838140173,0.0374871348956805,0.0374693633540144,0.037445453351013,0.037416775780135,0.0373850807107633,0.0373523596645101,0.0373206883972261,0.0372920624588115,0.0372682384703434,0.0372505937317887,0.0372400154507581,0.0372368286329896,0.0372407686556013,0.0372510009949283,0.0372661867933069,0.0372845892275876,0.0373042122821189,0.0373229608095276,0.0373388089339729,0.0373499630980031,0.0373550064553602,0.0373530128297222,0.0373436209551824,0.037327062979435,0.0373041449800926,0.0372761812025702,0.0372448875270163,0.0372122429764903,0.037180330613813,0.0371511707517037,0.0371265599150373,0.0371079284162613,0.0370962277899278,0.037091856826858,0.0370946317841283,0.037103802803622,0.0371181149345503,0.0371359086936743,0.0371552520622521,0.0371740934385784,0.0371904235198534,0.0372024334819644,0.037208657181159,0.0372080863696997,0.0372002500012486,0.0371852514575984,0.0371637607602315,0.0371369622939074,0.0371064620009401,0.03707416115148,0.0370421064314492,0.0370123280161987,0.0369866783463387,0.0369666843805282,0.0369534251420121,0.0369474444685699,0.0369487061624797,0.0369565954134889,0.0369699666746924,0.0369872343970335,0.0370064994954419,0.0370257014447351,0.0370427837476439,0.0370558593624096,0.0370633626219985,0.0370641752405244,0.0370577161154169,0.037043987623177,0.0370235747067494,0.0369975969426195,0.0369676176246973,0.0369355173965242,0.0369033428177072,0.0368731422234595,0.0368468021620525,0.0368258975145779,0.0368115671660262,0.0368044249403154,0.0368045126225555,0.0368112984993294,0.0368237212225674,0.0368402752428541,0.0368591308517302,0.0368782792573725,0.0368956912655389,0.0369094771614007,0.036918035351873,0.0369201782374914,0.0369152255671757,0.0369030580430091,0.0368841269894324,0.0368594192626983,0.0368303800194555,0.0367987992394217,0.0367666707508526,0.0367360347066622,0.036708815828345,0.036686670168339,0.0366708525948336,0.0366621156884015,0.0366606483392528,0.0366660592173888,0.0366774067079577,0.0366932731595163,0.0367118776868015,0.0367312185884164,0.0367492339476422,0.0367639674122713,0.0367737256592505,0.0367772146983752,0.0367736438963381,0.0367627892525862,0.0367450108103113,0.0367212228664506,0.0366928195347671,0.0366615618729748,0.0366294358870575,0.0365984930206865,0.0365706860599869,0.036547713648913,0.0365308858070817,0.0365210210394896,0.0365183829897565,0.0365226613602711,0.036532998287241,0.0365480577961808,0.0365661326313046,0.0365852798900514,0.0366034747182586,0.0366187699995228,0.0366294495920322,0.0366341632294142,0.036632032644884,0.0366227206931544,0.0366064580822275,0.0365840255853699,0.0365566930339251,0.0365261197303273,0.0364942239224992,0.0364630314321564,0.0364345152429069,0.0364104386735528,0.0363922145906777,0.036380791945866,0.0363765788456623,0.0363794085359075,0.0363885513094193,0.0364027716690844,0.0364204263867006,0.0364395957134546,0.0364582372305295,0.036474349922496,0.0364861351660963,0.0364921415248954,0.0364913815252029,0.0364834108763828,0.0364683637037804,0.036446941005526,0.0364203533960636,0.0363902229315639,0.0363584521268377,0.0363270709051045,0.0362980739483659,0.0362732615885885,0.0362540969588939,0.0362415906828064,0.0362362220726581,0.0362379028350475,0.0362459858716431,0.0362593181832914,0.0362763334281174,0.0362951766325044,0.0363138511350751,0.0363303762119262,0.03634294307947,0.0363500571460096,0.0363506554782086,0.0363441903834003,0.0363306726266605,0.0363106708962762,0.0362852674790368,0.0362559734784296,0.0362246100632423,0.0361931649224724,0.0361636350991596,0.0361378685171205,0.036117416714485,0.0361034105353424,0.0360964688365047,0.0360966477328383,0.0361034347091963,0.0361157883307465,0.036132220594018,0.0361509154838087,0.0361698743111978,0.03618707614837,0.0362006403559927,0.0362089779623682,0.0362109195393584,0.0362058091481341,0.0361935567194272,0.0361746446508529,0.0361500881712638,0.0361213528264761,0.0360902359490069,0.0360587218746628,0.0360288227213906,0.036002417608562,0.0359811032116444,0.0359660675313182,0.0359579967904342,0.0359570226247537,0.0359627134525403,0.0359741103852526,0.0359898045612541,0.036008049596964,0.0360269001750112,0.0360443658212659,0.0360585678148869,0.0360678870075241,0.0360710910910584,0.0360674314668563,0.0360567022071566,0.0360392565008479,0.0360159792408244,0.0359882177952714,0.0359576762481235,0.0359262812477344,0.0358960298586983,0.0358688313003887,0.0358463550460093,0.0358298973708891,0.0358202770822082,0.0358177689295309,0.0358220802589435,0.0358323730548936,0.0358473298690252,0.0358652585527771,0.0358842274962073,0.0359022205199384,0.0359172988999151,0.0359277573673344,0.035932261372705,0.0359299544072227,0.0359205266265206,0.0359042392194614,0.0358819026248163,0.0358548104947407,0.0358246349125352,0.0357932915025943,0.0357627854724916,0.0357350511019938,0.0357117976180533,0.0356943737493611,0.0356836616257702,0.035680008244273,0.0356831996740676,0.0356924797568611,0.0357066115403575,0.0357239763451733,0.0357427024774505,0.0357608133756869,0.0357763835637019,0.0357876902503175,0.0357933487990636,0.0357924215632462,0.0357844916510568,0.0357696958905964,0.0357487143956446,0.0357227174606772,0.0356932738049406,0.035662227203184,0.0356315510494737,0.035603192191887,0.035578916299527,0.0355601670032914,0.0355479500801651,0.0355427520776302,0.0355445001148703,0.0355525663431977,0.0355658169625271,0.035582702076824,0.035601379328956,0.0356198614541204,0.0356361758654081,0.0356485233232361,0.0356554227586093,0.0356558304314776,0.0356492237113121,0.0356356426789317,0.0356156862195061,0.0355904630213656,0.0355615015993763,0.0355306268025056,0.0354998129515837,0.0354710255682935,0.0354460644751512,0.0354264208274637,0.0354131594127305,0.0354068354252208,0.0354074520793256,0.0354144621193381,0.0354268128002532,0.0354430305276668,0.035461338297141,0.0354797965789393,0.0354964565377752,0.0355095135934726,0.0355174493743178,0.0355191510637905,0.0355139989031303,0.0355019150563283,0.0354833700046928,0.0354593459059667,0.03543125967939,0.0354008517041494,0.0353700487096963,0.0353408114988636,0.0353149794214375,0.0352941238862664,0.0352794226003518,0.0352715646756944,0.0352706943650768,0.0352763981649685,0.0352877365872271,0.0353033183070508,0.0353214109260185,0.0353400795453466,0.0353573420046841,0.0353713282199366,0.0353804306705321,0.0353834337721604,0.0353796115764291,0.035368785835505,0.0353513397437035,0.0353281863305629,0.0353006942055514,0.0352705768263169,0.0352397544009667,0.0352101997065428,0.0351837803320333,0.0351621100347482,0.035146421036193,0.0351374672823852,0.0351354661319183,0.0351400828297559,0.0351504587152974,0.0351652806637698,0.035182886048146,0.0352013947927564,0.0352188580690586,0.0352334119833356,0.0352434242870507,0.0352476227177403,0.0352451950163306,0.0352358528634845,0.0352198547614352,0.0351979860404717,0.0351714974584412,0.0351420070581221,0.0351113728232397,0.0350815460048818,0.0350544165771624,0.0350316629845342,0.0350146181019063,0.0350041621545832,0.0350006513101506,0.0350038878896493,0.0350131348492736,0.0350271736203771,0.0350444008658067,0.0350629565126792,0.0350808728201402,0.035096232454229,0.0351073227350614,0.0351127734837277,0.0351116672193578,0.0351036127277288,0.0350887760405555,0.0350678663713349,0.0350420782565145,0.0350129947391645,0.0349824595979339,0.0349524290957828,0.0349248153021763,0.034901333619374,0.0348833666935918,0.0348718554683375,0.0348672258660903,0.0348693566641204,0.03487759081478,0.0348907890258778,0.0349074211294974,0.0349256878671396,0.0349436634137135,0.034959447422281,0.0349713147069456,0.0349778509289931,0.0349780637735199,0.0349714610050526,0.0349580893339295,0.0349385310330043,0.0349138584973819,0.0348855501905433,0.0348553744207764,0.0348252499210903,0.0347970940777835,0.0347726707155972,0.0347534494921129,0.0347404881402839,0.0347343470741624,0.0347350433720545,0.0347420480657308,0.0347543272217475,0.0347704237595814,0.0347885736007414,0.0348068468817121,0.0348233028546738,0.03483614592946,0.0348438701714955,0.0348453804757834,0.0348400805252998,0.0348279203718246,0.0348093998176586,0.0347855274271481,0.0347577386331282,0.0347277797219254,0.0346975672204175,0.0346690341522171,0.0346439756140159,0.0346239060667237,0.0346099396648494,0.0346027029864293,0.0346022868628933,0.0346082408620415,0.0346196105871344,0.0346350145848278,0.0346527545790678,0.0346709502124965,0.0346876876611881,0.0347011704977229,0.0347098610609419,0.0347126013550593,0.0347087040996602,0.0346980068675409,0.0346808850933886,0.0346582228908221,0.0346313438524514,0.0346019071060578,0.0345717766348034,0.0345428740170843,0.0345170261128318,0.0344958196999596,0.0344804746118483,0.0344717455741344,0.0344698607651882,0.0344745022644234,0.0344848302150725,0.0344995489918417,0.0345170102372883,0.0345353446019398,0.0345526116343742,0.0345669557149564,0.0345767553593139,0.0345807537120271,0.0345781595808046,0.0345687107894911,0.0345526947337478,0.0345309245410717,0.0345046728796599,0.0344755689269801,0.0344454669982452,0.0344162975869152,0.0343899129039573,0.034367939337094,0.0343516485870963,0.034341857642528,0.0343388653591067,0.034342430418555,0.0343517921163995,0.0343657320514242,0.0343826716234432,0.0344007975128848,0.034418205202878,0.034433049266528,0.0344436886819686,0.0344488158827714,0.0344475595479511,0.0344395531705877,0.0344249640675817,0.0344044805257988,0.0343792580061221,0.0343508285005158,0.0343209800103981,0.0342916154706649,0.0342646021107132,0.0342416230900493,0.0342240431807208,0.0342127992632962,0.0342083245157487,0.0342105125531586,0.034218724629364,0.0342318395794644,0.0342483427220653,0.0342664467299784,0.0342842348026102,0.0342998145845863,0.0343114703465865,0.0343178010500396,0.0343178330435046,0.034311098199075,0.034297671135199,0.0342781625527876,0.0342536693344233,0.0342256855980373,0.0341959820575293,0.0341664635750571,0.0341390164972285,0.0341153581123029,0.0340969002867613,0.0340846380764988,0.0340790719974108,0.0340801698831055,0.0340873710830042,0.0340996324034833,0.0341155119232201,0.0341332838811626,0.0341510754751428,0.0341670147915562,0.0341793783062206,0.0341867264866713,0.0341880169737856,0.0341826865633095,0.0341706956199301,0.0341525314506453,0.0341291703166305,0.0341020009443702,0.0340727153848709,0.0340431756457428,0.0340152664758698,0.0339907458444325,0.0339711049220433,0.0339574487183208,0.0339504070000646,0.0339500828019787,0.0339560428990208,0.0339673512560079,0.0339826429867541,0.0340002330437342,0.0340182509986649,0.0340347910949358,0.0340480654360037,0.0340565478492304,0.0340590966867755,0.0340550465452773,0.0340442614494549,0.0340271452198232,0.034004608261348,0.0339779935819444,0.0339489681813352,0.0339193887530867,0.0338911526714845,0.0338660463307589,0.0338456030058478,0.0338309815328784,0.0338228753475098,0.0338214589134734,0.0338263755314503,0.033836767203558,0.0338513439220855,0.0338684867084036,0.0338863761610594,0.033903136354425,0.033916982799102,0.0339263629201608,0.0339300781421827,0.0339273781253169,0.0339180198498838,0.033902286940715,0.0338809676719461,0.0338552932812859,0.0338268413058379,0.0337974113867646,0.0337688831693091,0.0337430673886055,0.0337215618642949,0.0337056238544555,0.0336960690283601,0.0336932052799079,0.0336968068789638,0.0337061312667279,0.0337199773911614,0.0337367811084942,0.0337547401176192,0.0337719584159991,0.0337865986030123,0.0337970296656253,0.0338019582182092,0.0338005324997089,0.0337924106520334,0.0337777877395703,0.0337573793767949,0.0337323634079163,0.0337042845119016,0.0336749295996343,0.0336461841934657,0.0336198814552678,0.033597656039259,0.0335808144501082,0.0335702321421859,0.0335662853523175,0.0335688228259797,0.0335771794091089,0.0335902301753399,0.0336064805911905,0.033624185439251,0.0336414870423698,0.0336565619162396,0.033667764403781,0.0336737561304001,0.0336736112374455,0.0336668892279087,0.0336536697591712,0.0336345466495227,0.0336105815012663,0.0335832204540818,0.0335541804495497,0.033525313801623,0.0334984616316774,0.0334753076818033,0.0334572440763056,0.0334452597501681,0.0334398605643379,0.033441027693277,0.0334482178644885,0.0334604056782185,0.0334761648165593,0.0334937817618638,0.0335113929567602,0.0335271343726926,0.0335392913762098,0.0335464366978719,0.0335475452471271,0.0335420764099087,0.0335300171468114,0.0335118824398836,0.0334886731398393,0.0334617947541117,0.0334329438991532,0.033403971744553,0.033376735579988,0.0333529505013018,0.0333340530945256,0.0333210879309937,0.0333146257705727,0.0333147197615704,0.0333209028454612,0.0333322262879945,0.0333473360384603,0.0333645807093829,0.0333821425697498,0.0333981812193489,0.0334109786864361,0.0334190746377423,0.0334213812047766,0.0334172685335101,0.0334066144229266,0.0333898141687971,0.033367749784219,0.033341720908351,0.03331334269653,0.0332844185730304,0.0332567977257343,0.03323222848427,0.0332122191474585,0.0331979173521079,0.0331900177054336,0.0331887052257117,0.033193639323574,0.0332039798388364,0.0332184532755573,0.0332354541087128,0.0332531731333762,0.0332697425504048,0.0332833860494111,0.0332925616953636,0.0332960859855141,0.0332932289661912,0.0332837726628903,0.0332680280949391,0.0332468095647102,0.0332213684283568,0.0331932918597605,0.0331643749370288,0.033136476493487,0.0331113704220925,0.0330906044037456,0.0330753773245556,0.0330664450310732,0.0330640617108098,0.0330679612942147,0.0330773800887308,0.0330911186129415,0.0331076375427662,0.033125180054927,0.0331419108629872,0.0331560610283266,0.033166067256165,0.0331706948588983,0.0331691348474603,0.0331610676120342,0.033146688232439,0.0331266914158479,0.0331022171659731,0.0330747613169763,0.0330460578048833,0.0330179417972688,0.0329922043716958,0.032970450179604,0.032953969382538,0.03294363411023,0.0329398278390979,0.032942413547946,0.0329507434487078,0.0329637097475375,0.0329798325488383,0.0329973779644527,0.0330144969901754,0.0330293739642546,0.0330403725745115,0.0330461675229892,0.0330458511027914,0.0330390060023214,0.0330257384405158,0.0330066690015063,0.0329828820035488,0.0329558376262804,0.0329272540530423,0.0328989692969355,0.0328727939589672,0.0328503667951702,0.0328330246288544,0.0328216968939945,0.0328168330481199,0.0328183684084207,0.0328257308610089,0.0328378876371119,0.0328534282172981,0.0328706766560781,0.0328878244008893,0.0329030731534836,0.0329147765961329,0.0329215699404035,0.0329224772413479,0.0329169881647495,0.0329050982521964,0.032887309524013,0.0328645913025695,0.0328383042148973,0.0328100932087598,0.0327817578588415,0.0327551100564421,0.0327318302311587,0.0327133334634859,0.0327006561765366,0.0326943725630073,0.0326945476067875,0.0327007306751943,0.0327119904231021,0.0327269884229702,0.0327440857763616,0.0327614742293748,0.0327773212474649,0.0327899173011834,0.0327978133890764,0.0327999375970341,0.0327956811960848,0.0327849472739776,0.0327681579789494,0.0327462198673462,0.0327204502904375,0.0326924709275286,0.0326640772088375,0.0326370942690605,0.0326132310895397,0.0325939445450454,0.0325803241700098,0.0325730066890285,0.0325721268907454,0.0325773084850407,0.0325876954088769,0.0326020208741267,0.0326187085189149,0.0326359975612536,0.0326520820516861,0.0326652533061173,0.0326740344227425,0.0326772964404638,0.0326743471285659,0.0326649855109891,0.0326495178705157,0.0326287339457452,0.032603845099696,0.0325763891795942,0.0325481093937617,0.0325208166080294,0.0324962458360751,0.0324759182373544,0.0324610195873828,0.0324523049713681,0.0324500374594828,0.0324539658850148,0.0324633437497736,0.032476987964765,0.0324933728813831,0.0325107521638725,0.0325272987432471,0.0325412515640155,0.0325510572184963,0.032555494929778,0.032553774684791,0.0325456005264441,0.0325311938890981,0.0325112751487556,0.0324870049825717,0.0324598904142662,0.0324316632901253,0.0324041411349272,0.032379081689599,0.0323580428373816,0.0323422590827036,0.0323325443283381,0.0323292285221244,0.0323321329847552,0.0323405861129175,0.0323534779469998,0.0323693490678767,0.0323865066681242,0.0324031586002246,0.0324175548690178,0.0324281255065073,0.0324336040925216,0.0324331273366471,0.0324263030091168,0.0324132409449671,0.0323945446709448,0.0323712642291148,0.0323448137809321,0.0323168603347874,0.0322891922220078,0.0322635775718522,0.0322416238881146,0.0322246498424018,0.032213579546557,0.0322088678783137,0.0322104630195301,0.0322178094188314,0.0322298911573262,0.0322453124380597,0.0322624088887748,0.0322793808065273,0.0322944376103257,0.0323059417880059,0.0323125406260915,0.0323132749937173,0.0323076563227968,0.0322957055308023,0.0322779507615365,0.0322553842127081,0.0322293816791556,0.0322015914703053,0.0321738018074928,0.0321477974861609,0.0321252173799133,0.0321074242091493,0.0320953969114137,0.032089654035686,0.0320902140233068,0.032096595265363,0.0321078556798062,0.0321226684640349,0.0321394278767905,0.0321563766042937,0.0321717446509464,0.032183888878066,0.0321914223308964,0.032193323320289,0.0321890157963116,0.0321784147624381,0.0321619331745874,0.0321404497418024,0.0321152400626323,0.0320878763696945,0.03206010361433,0.0320337015232214,0.0320103434389435,0.0319914630983881,0.0319781399608799,0.0319710123095576,0.0319702252211952,0.0319754177833065,0.0319857508245018,0.0319999731522083,0.032016521137214,0.0320336437272258,0.0320495428531248,0.0320625178864399,0.0320711024227042,0.0320741822474909,0.032071084860829,0.0320616332732012,0.0320461597361358,0.0320254783689168,0.0320008190080389,0.0319737277634378,0.0319459424575255,0.0319192531221286,0.031895358864569,0.0318757326051312,0.0318615044462493,0.0318533728472075,0.0318515504869804,0.0318557488856443,0.0318652027486579,0.031878731857896,0.0318948354167871,0.0319118112833474,0.0319278906601727,0.0319413776735074,0.0319507829432596,0.031954940751256,0.0319531007161289,0.0319449868690079,0.0319308195342186,0.0319112982699184,0.0318875471182876,0.0318610263399345,0.0318334174364972,0.0318064903857359,0.0317819634560419,0.0317613666228718,0.0317459194228434,0.0317364330444381,0.0317332446170685,0.0317361891477255,0.031744611566531,0.031757418126421,0.0317731632182462,0.0317901647615538,0.0318066389494076,0.0318208434767629,0.0318312176289622,0.0318365078285284,0.0318358684142816,0.0318289294507882,0.0318158260689546,0.0317971870010411,0.0317740833319083,0.031747941750017,0.0317204294604094,0.0316933201781768,0.0316683520838762,0.0316470891904807,0.0316307972080675,0.0316203437325376,0.031616130543607,0.0316180631630976,0.0316255598302324,0.0316375989377884,0.0316528009749999,0.0316695383612209,0.0316860644301812,0.0317006514001605,0.0317117265386071,0.0317179959279285,0.0317185462301369,0.0317129165549239,0.0317011348391738,0.0316837158796903,0.0316616211177611,0.0316361832286583,0.0316090013032774,0.031581814724703,0.0315563655635643,0.0315342602955074,0.0315168417841811,0.0315050817475296,0.0314995023834612,0.0315001335856699,0.0315065093924091,0.0315177041840804,0.031532405926428,0.031549020718841,0.0315658003169156,0.0315809823776347,0.0315929320847592,0.0316002736470826,0.0316020009523119,0.0315975583535074,0.031586885023133,0.0315704193140714,0.0315490628537883,0.0315241073912444,0.0314971304468988,0.0314698683326244,0.0314440768961767,0.031421391256679,0.0314031957761522,0.031390514587629,0.0313839312694732,0.0313835438639994,0.0313889585781905,0.0313993224117464,0.031413391892739,0.0314296323103134,0.031446339518884,0.0314617747003289,0.0314743015209456,0.0314825149797012,0.0314853519279048,0.0314821746890735,0.03147282129633,0.0314576184288065,0.0314373559874652,0.0314132252083858,0.0313867250511329,0.0313595440949259,0.0313334271228778,0.0313100368247847,0.0312908215107046,0.0312768993563409,0.0312689684960081,0.0312672503012954,0.0312714705764263,0.0312808803813881,0.0312943150141268,0.0313102865944143,0.0313271029325636,0.031343003162681,0.0313562991785193,0.0313655113808548,0.0313694876851438,0.0313674961011559,0.0313592833572124,0.0313450948230141,0.0313256541652683,0.0313021044842709,0.0312759158342327,0.0312487667467338,0.0312224094328174,0.0311985295868989,0.0311786120722016,0.0311638232094682,0.0311549189650304,0.0311521861703003,0.0311554212043455,0.0311639475732923,0.0311766707625116,0.0311921658418146,0.031208790781411,0.0312248164814246,0.0312385632827207,0.0312485332946617,0.0312535282545069,0.0312527437768474,0.0312458326754127,0.0312329324208117,0.03121465456437,0.0311920368958437,0.0311664619835932,0.0311395483591131,0.0311130227691304,0.03108858346362,0.031067765277421,0.0310518172072878,0.031041602274785,0.0310375277705186,0.0310395116281471,0.0310469878438322,0.0310589507392313,0.0310740347070305,0.0310906231525048,0.0311069779197452,0.0311213787790815,0.0311322616890025,0.0311383445995051,0.0311387305431763,0.031132979605289,0.0311211439282709,0.0311037629601393,0.0310818194248688,0.0310566596967504,0.0310298851441098,0.0310032233402046,0.0309783896248654,0.030956950203063,0.0309401977388776,0.0309290492929138,0.0309239745777188,0.0309249600321596,0.0309315113362673,0.0309426939294531,0.0309572081076022,0.0309734926014217,0.0309898483802583,0.0310045729251727,0.0310160944638764,0.0310230957067745,0.0310246174670155,0.0310201341239736,0.0310095950713709,0.0309934289078534,0.0309725099889364,0.0309480898640221,0.0309216988588299,0.0308950254174624,0.0308697825981301,0.0308475721809144,0.0308297571131505,0.0308173524580219,0.0308109436428457,0.0308106387040412,0.0308160585485185,0.030826366216028,0.0308403329872076,0.0308564361893536,0.0308729809414955,0.0308882360684642,0.030900573188166,0.0309085976659622,0.0309112607723769,0.0309079439143584,0.0308985080972511,0.0308833046250212,0.0308631462305929,0.0308392410801434,0.0308130951291477,0.0307863908578546,0.0307608522723545,0.0307381070919876,0.03071955718964,0.030706267603782,0.0306988828624287,0.0306975770909071,0.0307020416255838,0.0307115108640958,0.0307248240853334,0.0307405181862354,0.0307569439086929,0.0307723963497238,0.0307852495000896,0.0307940843102574,0.0307978003345743,0.0307957022956778,0.0307875548457667,0.0307736012478002,0.0307545444823795,0.0307314921910472,0.030705869668541,0.0306793076076737,0.0306535133025133,0.0306301353759314,0.0306106326926634,0.0305961578759346,0.0305874647672523,0.0305848473372308,0.0305881151114519,0.0305966072984384,0.0306092447069389,0.0306246154616703,0.0306410877369865,0.0306569404783966,0.0306705015697099,0.030680282252257,0.0306850968668371,0.0306841581588793,0.0306771403808934,0.030664205079768,0.030645987533843,0.0306235450336827,0.0305982713098348,0.0305717841508537,0.030545795403166,0.0305219739183285,0.0305018124982004,0.0304865094608269,0.030476874176011,0.030473263928015,0.0304755569195194,0.0304831633327376,0.0304950733402413,0.0305099380603877,0.0305261769156365,0.0305421028622324,0.0305560556425374,0.0305665326444737,0.0305723071747655,0.0305725249536804,0.0305667713427712,0.0305551040840911,0.0305380489810018,0.0305165587955306,0.0304919384786508,0.0304657424814082,0.0304396521071481,0.0304153424731975,0.0303943495237142,0.0303779476080051,0.0303670473985603,0.0303621224043872,0.0303631701280973,0.0303697111795548,0.0303808266186101,0.0303952307106847,0.0304113733935686,0.0304275643006303,0.0304421083694304,0.0304534420551275,0.0304602590725219,0.0304616154273568,0.030457005189188,0.0304464008550151,0.0304302550570443,0.030409463544074,0.0303852925462405,0.0303592765367878,0.0303330947789904,0.0303084367027277,0.0302868669801605,0.0302697011152494,0.030257901435914,0.0302520016564231,0.0302520658142996,0.0302576845976801,0.0302680091083197,0.0302818191824124,0.0302976207231672,0.0303137642762286,0.0303285754727774,0.0303404871030646,0.0303481625208991,0.0303506007980604,0.0303472154747859,0.0303378807844275,0.0303229417312101,0.0303031871909014,0.0302797880682453,0.0302542052567013,0.0302280745040131,0.0302030771250908,0.0301808066826411,0.0301626421642512,0.0301496377596062,0.0301424380985765,0.0301412258476134,0.0301457060355417,0.0301551285791267,0.0301683474146698,0.0301839116540351,0.030200181530996,0.0302154598304561,0.0302281281850577,0.0302367771878413,0.0302403197394061,0.030238078393206,0.0302298395863169,0.0302158703717259,0.0301968963601976,0.0301740427602877,0.0301487434058934,0.0301226252429392,0.0300973777043801,0.0300746175709822,0.0300557601955581,0.0300419073517326,0.0300337605356598,0.0300315664441725,0.0300350987518119,0.0300436774107606,0.030056223727008,0.0300713466663119,0.0300874534432296,0.0301028756234565,0.0301160008377689,0.0301253998258874,0.030129938922395,0.0301288692423851,0.0301218856398357,0.030109150852457,0.0300912829275423,0.0300693068460392,0.0300445740291148,0.0300186559242695,0.0299932199299853,0.0299698973551802,0.0299501537998968,0.0299351722291725,0.0299257580955952,0.0299222742014543,0.0299246106859988,0.0299321927455229,0.0299440256670818,0.0299587737332372,0.0299748667843169,0.0299906259320939,0.0300043982994171,0.0300146898659192,0.03002028561507,0.0300203471999073,0.0300144801824432,0.0300027653950941,0.0299857519159717,0.0299644123030899,0.0299400638276067,0.0299142622113628,0.0298886765701816,0.0298649557198291,0.0298445966200298,0.0298288254804463,0.029818500956655,0.0298140470134221,0.0298154205903215,0.02982211639293,0.0298332081923294,0.0298474231731846,0.0298632433264096,0.0298790258168049,0.0298931328272932,0.0299040607021766,0.0299105583250875,0.0299117255429311,0.029907084002968,0.0298966148925708,0.0298807606160213,0.0298603902273991,0.0298367312479158,0.0298112731099396,0.0297856496932798,0.0297615100931192,0.0297403877540102,0.029723578323259,0.029712035974012,0.0297062965536,0.0297064338357944,0.0297120525616554,0.0297223190374833,0.0297360270361339,0.0297516938590004,0.0297676789122267,0.029782315262863,0.0297940435380447,0.0298015373029184,0.0298038097178744,0.0298002927855772,0.0297908827409035,0.0297759479266737,0.0297562985884971,0.0297331211401082,0.0297078823347532,0.0296822111993232,0.0296577683529502,0.0296361132932934,0.0296185803119243,0.0296061729038214,0.0295994849594954,0.0295986548244908,0.0296033556625315,0.0296128226683788,0.0296259147687267,0.0296412057599298,0.0296570975763764,0.0296719467274477,0.0296841939870033,0.0296924872182027,0.0296957877783262,0.0296934522364953,0.0296852830565556,0.0296715442961865,0.0296529410654165,0.0296305642771911,0.0296058049131512,0.0295802444213939,0.0295555297683312,0.0295332429228425,0.0295147750529586,0.0295012154226076,0.0294932639021166,0.0294911742129005,0.0294947326303817,0.0295032740503964,0.0295157343170021,0.0295307347676159,0.0295466923148569,0.0295619462638582,0.0295748916387485,0.0295841082009972,0.0295884746577102,0.0295872587598796,0.0295801759685402,0.029567411944563,0.0295496070823139,0.0295278044195283,0.0295033652549653,0.0294778594279897,0.0294529392312519,0.0294302071811855,0.0294110882829131,0.0293967169838725,0.0293878477567547,0.0293847962878092,0.0293874157399488,0.02939510973527,0.0294068807997558,0.0294214102582341,0.0294371631537456,0.0294525098616457,0.0294658548188105,0.0294757622906834,0.0294810693828384,0.029480977527661,0.0294751153491918,0.0294635680088276,0.0294468707122734,0.0294259668285812,0.0294021338200152,0.0293768826900479,0.029351838737852,0.0293286129125082,0.0293086738725098,0.0292932308917248,0.0292831369795359,0.0292788200444225,0.0292802477483105,0.0292869290495979,0.0292979525168625,0.0293120585294912,0.0293277397012862,0.0293433615124745,0.0293572934339428,0.0293680399301571,0.0293743607061697,0.0293753704165409,0.0293706097158358,0.0293600818759236,0.0293442520318129,0.029324009195551,0.0293005942238795,0.029275499683518,0.0292503498096624,0.0292267703222646,0.02920625862239,0.0291900647751506,0.0291790927202206,0.0291738294417999,0.0291743075393604,0.0291801039580115,0.0291903747672697,0.0292039230405353,0.0292192943127544,0.0292348919870844,0.0292491035765657,0.029260427893565,0.0292675932747252,0.0292696576486998,0.0292660826706693,0.0292567761592435,0.0292420995211094,0.0292228395463977,0.0292001467042642,0.0291754446686553,0.0291503180679048,0.0291263871984256,0.029105179523325,0.0290880080975187,0.029075866592234,0.0290693493614401,0.0290686030775041,0.029073313992862,0.0290827320459126,0.0290957300568971,0.0291108934044824,0.0291266330713455,0.0291413130005552,0.029153381480147,0.029161495890346,0.0291646306579654,0.0291621596282735,0.0291539061638233,0.0291401569279258,0.0291216382874492,0.0290994573329483,0.029075012405806,0.0290498804897191,0.0290256906556064,0.0290039938040808,0.0289861391652904,0.0289731673936998,0.0289657286912807,0.0289640323213244,0.0289678313141431,0.0289764433420276,0.0289888058922915,0.0290035612112714,0.0290191642140688,0.0290340048130793,0.0290465350443579,0.0290553910491644,0.0290595004159069,0.0290581665533327,0.0290511235483498,0.0290385572307626,0.0290210907661353,0.0289997358398152,0.0289758131690703,0.0289508484771177,0.0289264520013085,0.0289041909452136,0.0288854649133278,0.0288713942189131,0.0288627300167069,0.0288597935428862,0.028862449475577,0.028870115738585,0.0288818091626954,0.0288962235143178,0.0289118337373445,0.0289270180682738,0.0289401881790277,0.0289499168090742,0.0289550525224239,0.0289548122504309,0.0289488440830567,0.0289372552115805,0.0289206027991634,0.0288998486059955,0.0288762811540221,0.0288514118377968,0.0288268534686304,0.0288041911159931,0.0287848556682418,0.0287700102290346,0.0287604583377803,0.0287565811728838,0.0287583085345876,0.0287651257002595,0.0287761154037159,0.028790031431828,0.0288053978798917,0.0288206261572359,0.0288341405233226,0.0288445023358675,0.0288505233326085,0.0288513591368254,0.0288465757179293,0.0288361836379382,0.0288206374045116,0.0288007999372388,0.0287778748423051,0.0287533116952029,0.0287286916670571,0.0287056024202472,0.0286855121006414,0.0286696523874434,0.028658919918475,0.0286538040347144,0.028654346770175,0.028660138484729,0.0286703496875818,0.0286837966665599,0.0286990357779251,0.0287144788944519,0.0287285207456309,0.0287396678600723,0.0287466586374918,0.0287485647721104,0.0287448657703301,0.0287354905169639,0.0287208225493791,0.0287016686713491,0.0286791935374243,0.028654825614914,0.0286301422424515,0.0286067431511151,0.0285861226696724,0.0285695508546877,0.0285579729900706,0.0285519353609063,0.0285515430463303,0.0285564528758097,0.0285659018785226,0.0285787687648914,0.0285936634274357,0.0286090373126086,0.0286233059410917,0.0286349739564784,0.0286427529319967,0.0286456627686964,0.0286431088161798,0.0286349287287017,0.0286214053963919,0.0286032449015523,0.0285815211554363,0.0285575914644135,0.0285329895523774,0.0285093043548179,0.0284880540660264,0.0284705653696227,0.0284578674597546,0.0284506093667923,0.0284490073091627,0.0284528264428232,0.0284613986578434,0.02847367518692,0.0284883099644305,0.0285037671382064,0.0285184441159333,0.0285308002121564,0.0285394804689312,0.0285434245907639,0.0285419521298712,0.0285348169892085,0.0285222268275717,0.0285048258422638,0.0284836424147886,0.0284600059693088,0.0284354398749739,0.0284115391281962,0.0283898427318521,0.0283717110493234,0.0283582179252826,0.0283500660875656,0.0283475324056778,0.0283504471571078,0.0283582087377426,0.0283698324532395,0.0283840293603763,0.0283993088047097,0.0284140965060726,0.0284268589015844,0.0284362240298688,0.0284410895453947,0.0284407094652285,0.0284347529040365,0.0284233302241488,0.0284069845445159,0.0283866492211135,0.02836357453902,0.0283392292582538,0.0283151846518831,0.0282929900991634,0.0282740500203367,0.028259511898334,0.0282501743293955,0.0282464225357463,0.0282481966563235,0.0282549955494248,0.0282659159918684,0.028279724284544,0.0282949546237706,0.0283100263935426,0.0283233709519363,0.0283335576574582,0.028339408893516,0.0283400947207342,0.0283351994523588,0.0283247547583399,0.0283092366530145,0.0282895266782276,0.0282668405178741,0.0282426299294774,0.0282184660253918,0.0281959133968808,0.0281764052374362,0.0281611294556726,0.0281509348072362,0.0281462644056655,0.0281471217292301,0.0281530716127294,0.0281632759252709,0.0281765609171095,0.0281915107775386,0.0282065799511922,0.0282202153497585,0.0282309788741538,0.0282376606836286,0.0282393744043382,0.0282356268890793,0.028226357107031,0.0282119411155686,0.0281931626797064,0.0281711517670697,0.0281472956505602,0.0281231295008081,0.0281002149839843,0.0280800163764841,0.0280637839825633,0.0280524541501949,0.028046573937992,0.028046256578797,0.028051171465891,0.0280605696490814,0.0280733429795195,0.0280881123030681,0.0281033376988002,0.0281174419092546,0.0281289369868568,0.0281365438863789,0.0281392952856285,0.0281366132676536,0.0281283555449454,0.0281148264892585,0.028096752131095,0.0280752212513264,0.0280515974439738,0.0280274093590118,0.0280042280604129,0.0279835414259678,0.0279666356889398,0.0279544935624721,0.0279477169658596,0.0279464803308318,0.027950517991982,0.0279591464561866,0.0279713196019606,0.0279857122891496,0.0280008256670466,0.0280151058293366,0.0280270664922169,0.0280354061181816,0.0280391103732705,0.0280375319541467,0.0280304415761018,0.0280180461455119,0.0280009726757212,0.0279802191476565,0.0279570760730626,0.0279330248086534,0.0279096205222812,0.0278883689718515,0.0278706068076108,0.0278573948957693,0.027849433201427,0.0278470041309456,0.0278499490288629,0.027857679905165,0.0278692256369511,0.0278833090829745,0.0278984490141591,0.0279130787118365,0.0279256716853922,0.0279348643308771,0.0279395655590938,0.0279390444650171,0.027932988907508,0.0279215302598697,0.0279052323683336,0.0278850456848824,0.0278622303837467,0.0278382547898813,0.0278146774253998,0.027793022249663,0.027774657138993,0.027760685308072,0.0277518582631142,0.0277485170919004,0.02775056658218,0.0277574840121611,0.0277683617021013,0.0277819797800972,0.0277969032943102,0.0278115959567144,0.0278245415572268,0.0278343635353371,0.027839933382174,0.0278404594473347,0.0278355492589415,0.0278252405096545,0.0278099982697913,0.0277906785934494,0.0277684612922203,0.0277447570590523,0.0277210961427824,0.0276990072505337,0.0276798961817114,0.0276649338003497,0.0276549622990159,0.0276504273239737,0.0276513415182336,0.0276572825620356,0.0276674260482389,0.0276806107317148,0.0276954310508074,0.0277103495545259,0.0277238201900739,0.0277344124741677,0.0277409264720255,0.0277424892401682,0.0277386248884802,0.0277292925674553,0.0277148893202343,0.0276962176328789,0.0276744204114499,0.0276508887568051,0.027627150083687,0.0276047456772701,0.0275851075815463,0.0275694447020892,0.0275586471812106,0.0275532165498408,0.0275532270328764,0.0275583208744677,0.0275677378548424,0.0275803764879241,0.0275948819212325,0.0276097535039036,0.0276234635089327,0.0276345776938545,0.0276418682964788,0.0276444106783039,0.0276416561027342,0.0276334749834451,0.0276201672243521,0.027602438816531,0.027581346461631,0.0275582144669585,0.0275345303308541,0.0275118271446589,0.0274915620321608,0.0274750002233722,0.0274631139780117,0.0274565044657465,0.0274553529572239,0.0274594054010079,0.0274679918149257,0.0274800791121864,0.0274943532534266,0.0275093242060725,0.0275234453056333,0.0275352374001021,0.027543407720173,0.0275469538068794,0.0275452440305994,0.027538068155189,0.0275256538666112,0.0275086479783589,0.0274880639129755,0.0274651998066412,0.0274415339643493,0.0274186062008388,0.0273978946842264,0.02738069818006,0.0273680330765277,0.0273605533177055,0.0273584994849599,0.0273616808958161,0.0273694919317291,0.0273809610915127,0.0273948287203258,0.0274096471725912,0.027423895474612,0.0274360994704503,0.0274449480455818,0.0274493963631942,0.0274487480882556,0.0274427102195276,0.0274314162639579,0.0274154159184066,0.0273956320045109,0.0273732879480719,0.0273498114046233,0.0273267215198918,0.0273055086304167,0.0272875158587919,0.027273831986482,0.0272652041802632,0.0272619776431066,0.0272640671605208,0.0272709629874711,0.0272817707761785,0.0272952824996436,0.027310072794171,0.02732461303416,0.0273373939541206,0.027347046889454,0.0273524537905292,0.02735283706457,0.0273478219389481,0.0273374662857883,0.0273222555199985,0.0273030630542645,0.0272810796129578,0.0272577172285483,0.027234495765025,0.0272129211797202,0.0271943653448649,0.0271799570545547,0.0271704928616145,0.0271663747196152,0.027167579207298,0.0271736605769143,0.0271837871923412,0.0271968083061282,0.0272113457673453,0.0272259033423649,0.0272389850157753,0.0272492130035728,0.0272554362808469,0.027256821183793,0.0272529170395857,0.0272436917127481,0.0272295342869165,0.0272112246407812,0.0271898722313236,0.0271668287848403,0.0271435816500275,0.0271216361290661,0.0271023960316515,0.027087051898999,0.0270764857979097,0.0270712003361468,0.0270712776934027,0.0270763721221445,0.0270857367114564,0.0270982824338109,0.0271126648514097,0.0271273915814634,0.027140941900099,0.0271518888370322,0.0271590138631909,0.0271614048385753,0.0271585292407906,0.0271502767265028,0.0271369676042636,0.0271193265921946,0.0270984240654101,0.0270755896401278,0.0270523051781288,0.0270300859332886,0.0270103594602153,0.0269943520022702,0.0269829913903934,0.0269768340923541,0.0269760220716101,0.0269802727014706,0.0269889023319134,0.0270008814473289,0.0270149169005158,0.0270295546415546,0.0270432948163517,0.0270547101923796,0.0270625586488347,0.0270658809655609,0.0270640763145654,0.0270569495954424,0.0270447269236172,0.0270280380259669,0.0270078668551215,0.0269854742123963,0.0269622983695789,0.0269398414219411,0.0269195502572694,0.0269027015083044,0.0268902996254879,0.026882996254717,0.0268810374757111,0.0268842432680588,0.0268920210086616,0.0269034120811813,0.0269171680084411,0.0269318501047906,0.026945944683428,0.0269579845262095,0.0269666667669799,0.0269709576102664,0.0269701753739793,0.0269640451098121,0.0269527203758577,0.0269367704302911,0.0269171339576622,0.0268950431778863,0.0268719245808258,0.0268492843829584,0.0268285879840927,0.0268111431290589,0.0267979961175906,0.0267898492815976,0.0267870061662898,0.0267893485820604,0.0267963471408112,0.0268071042544507,0.0268204260439671,0.0268349173688071,0.0268490924143928,0.0268614921137625,0.0268707992083759,0.0268759419865997,0.0268761786398216,0.0268711556778939,0.0268609358476274,0.0268459933567131,0.0268271767371246,0.0268056421878377,0.0267827625311363,0.0267600188376772,0.0267388831791644,0.0267207017307471,0.0267065874861323,0.0266973311503946,0.0266933373930204,0.0266945916842385,0.0267006605418321,0.0267107253546935,0.0267236472299903,0.026738057765686,0.02675246850667,0.026765390286541,0.0267754528146798,0.0267815148090359,0.0267827557148498,0.0267787415418617,0.0267694594770617,0.0267553184994069,0.0267371160106823,0.0267159732687378,0.0266932449412204,0.0266704101823075,0.026648954094637,0.0266302491519912,0.0266154460798526,0.0266053828509076,0.0266005189371888,0.0266008998964897,0.0266061549217381,0.0266155273485758,0.0266279355202213,0.0266420590593687,0.026656443664302,0.0266696161569647,0.0266802007564203,0.0266870274901169,0.0266892242974169,0.0266862856702265,0.0266781125018075,0.0266650200317707,0.0266477132259858,0.0266272314471668,0.0266048666702459,0.0265820615828851,0.0265602955129332,0.0265409671174214,0.0265252830814547,0.0265141616814705,0.0265081589728091,0.0265074236238354,0.0265116841636502,0.026520269825036,0.0265321634668166,0.0265460824653578,0.0265605811729901,0.0265741667386738,0.0265854189396873,0.0265931043020874,0.0265962752335263,0.0265943461107731,0.0265871401454776,0.0265749032405013,0.0265582837549799,0.0265382798938143,0.0265161590814143,0.0264933559389049,0.0264713571755278,0.0264515827060423,0.0264352725489953,0.0264233885292052,0.0264165385459249,0.0264149292911158,0.0264183509841844,0.0264261951329497,0.026437503735432,0.0264510458909914,0.0264654156724819,0.0264791434888076,0.0264908121679073,0.0264991686805801,0.0265032228082959,0.0265023250890031,0.0264962179783266,0.0264850562309026,0.0264693948876355,0.0264501457638689,0.0264285057748154,0.0264058626281648,0.0263836852037606,0.0263634071906384,0.0263463131496007,0.0263334360459727,0.0263254744498688,0.0263227360964501,0.0263251124533523,0.0263320865045941,0.0263427733066695,0.0263559902117106,0.0263703512138326,0.0263843778765827,0.0263966179143828,0.026405761840696,0.0264107482155715,0.0264108489274073,0.0264057275673987,0.0263954661671611,0.0263805581734712,0.0263618682991265,0.0263405625849306,0.0263180144196161,0.0262956941960751,0.0262750515687504,0.0262573998096752,0.0262438115082159,0.0262350338679933,0.0262314302248441,0.026232952277883,0.0262391450574544,0.0262491840468567,0.0262619413461165,0.026276075521147,0.0262901379854262,0.0263026875302385,0.0263124040304355,0.0263181924484259,0.0263192690373786,0.0263152230442493,0.0263060491173106,0.0262921478807379,0.0262742945873664,0.0262535782300156,0.0262313158010937,0.0262089483553922,0.0261879269889548,0.0261695976814035,0.0261550940982533,0.0261452468970468,0.0261405168501441,0.0261409572598766,0.026146208831789,0.0261555275777792,0.0261678436605928,0.0261818465791925,0.0261960899293822,0.0262091073347504,0.0262195301798504,0.0262261975904135,0.0262282497191499,0.0262251967545926,0.0262169580546285,0.0262038682515397,0.0261866498828451,0.0261663548450304,0.0261442795070891,0.0261218604388753,0.0261005592353582,0.0260817457409458,0.0260665890435135,0.0260559649152866,0.0260503869872932,0.0260499669820669,0.0260544069732548,0.0260630240913811,0.0260748055499927,0.0260884895116885,0.02610266532359,0.0261158851810601,0.0261267784400417,0.026134159645502,0.0261371218696258,0.0261351081073135,0.026127955174015,0.0261159066736002,0.0260995939956195,0.0260799867770113,0.026058316633277,0.0260359800541469,0.0260144280163977,0.0259950509608629,0.0259790682101707,0.0259674306170932,0.0259607442451118,0.025959221269499,0.0259626621701544,0.0259704708180944,0.0259817014179698,0.0259951336734861,0.0260093702185041,0.0260229485107369,0.0260344581741656,0.0260426542964951,0.0260465574817818,0.0260455325150009,0.0260393392393057,0.0260281515319425,0.0260125428875103,0.025993439848612,0.0259720471386186,0.025949750639665,0.0259280061327718,0.0259082228243462,0.0258916510339997,0.0258792830015727,0.0258717746451148,0.0258693943724492,0.0258720028562235,0.0258790651962943,0.025889694318129,0.0259027220084644,0.0259167918646945,0.0259304667813356,0.0259423425177918,0.0259511584560804,0.0259558969022721,0.02595586319956,0.0259507404288648,0.0259406144457514,0.0259259672849966,0.0259076393962194,0.0258867635894369,0.0258646757892209,0.0258428095377715,0.0258225824946252,0.0258052838514387,0.0257919715680858,0.0257833876372228,0.0257798982305411,0.02578146365117,0.0257876406563834,0.0257976171197829,0.0258102763919237,0.0258242863037057,0.0258382057265289,0.0258506001260172,0.025860156761847,0.0258657901795105,0.0258667294177788,0.0258625798464339,0.0258533546219018,0.025839473234729,0.0258217273212617,0.0258012165937584,0.0257792601720181,0.0257572905674657,0.0257367389247454,0.025718920773928,0.0257049314466447,0.0256955594688423,0.0256912247308244,0.0256919461903259,0.0256973414766488,0.0257066582368306,0.0257188345878216,0.0257325837848298,0.0257464963506292,0.0257591515845132,0.0257692296902123,0.0257756157695822,0.0257774875982835,0.0257743803655034,0.0257662233337454,0.0257533455402603,0.0257364500615039,0.0257165588047592,0.0256949320818923,0.0256729691900175,0.0256520977360804,0.0256336603829352,0.0256188079716028,0.0256084075397695,0.0256029726303098,0.0256026215568637,0.0256070671054926,0.0256156386657192,0.0256273351827959,0.0256409048098514,0.0256549449321643,0.0256680145373985,0.0256787498652219,0.0256859739711686,0.0256887913065105,0.0256866596186118,0.0256794333265511,0.0256673748719675,0.0256511331777086,0.025631691035958,0.0256102857694321,0.0255883096632776,0.0255671982776825,0.0255483156852788,0.0255328458566635,0.025521698841365,0.0255154391316698,0.0255142417729545,0.0255178795443828,0.025525742050442,0.0255368850355091,0.0255501058695156,0.0255640391425195,0.0255772647935487,0.0255884202778123,0.0255963080013282,0.0255999896444349,0.0255988600319183,0.0255926948069416,0.0255816681970537,0.0255663394646393,0.025547609046487,0.0255266477398166,0.0255048044102433,0.0254834994076957,0.0254641120343528,0.0254478709217266,0.025435756005418,0.0254284199433385,0.0254261353508068,0.0254287722161456,0.0254358074638515,0.0254463660494368,0.0254592904192329,0.0254732328569705,0.0254867633485705,0.0254984842851677,0.0255071427176063,0.0255117310425028,0.0255115679333026,0.0255063529441128,0.0254961903677513,0.0254815804452254,0.0254633786978852,0.0254427267606535,0.0254209604068061,0.0253995022742876,0.0253797479887939,0.0253629548509681,0.0253501419878919,0.0253420098856406,0.0253388856016386,0.0253406978478984,0.0253469837298545,0.0253569264229386,0.0253694206589206,0.025383160746095,0.0253967441185657,0.025408782237228,0.0254180101415198,0.0254233861053678,0.02542417365089,0.0254199995474967,0.025410883275093,0.0253972356321457,0.0253798265602174,0.0253597246475191,0.0253382129781965,0.0253166878500664,0.025296548259218,0.0252790848356555,0.0252653770277497,0.0252562067431499,0.0252519953984872,0.0252527695134304,0.0252581577494086,0.0252674198022445,0.0252795049923479,0.0252931359630073,0.025306910814848,0.0253194154654465,0.0253293371612585,0.0253355699479825,0.0253373035330383,0.0253340883092485,0.0253258712556732,0.0253129998283414,0.025296193585518,0.025276485926138,0.0252551407388291,0.0252335507742107,0.0252131260046754,0.0251951809993814,0.0251808303524947,0.0251709004729265,0.0251658646600119,0.025165806483485,0.02517041421117,0.0251790065559704,0.0251905875388831,0.0252039259908046,0.0252176533271757,0.0252303718615127,0.025240765158564,0.0252477018067272,0.0252503245213947,0.025248117643087,0.0252409477795064,0.0252290744221253,0.0252131296830537,0.0251940686796652,0.0251730943760617,0.0251515627017955,0.0251308753445915,0.0251123686208074,0.0250972071840055,0.025086291012903,0.0250801831423135,0.025079064019125,0.025082716281966,0.0250905413381173,0.0251016065504657,0.0251147193687366,0.0251285225415739,0.0251416027998327,0.0251526042538887,0.0251603373134511,0.0251638742753409,0.0251626238088975,0.0251563782974897,0.0251453302140163,0.0251300562375,0.025111470456611,0.0250907505342146,0.0250692429002052,0.0250483547056942,0.0250294412820703,0.0250136981439944,0.0250020661501547,0.0249951573250229,0.0249932071345375,0.0249960568449068,0.0250031671717497,0.0250136619559781,0.0250263982719873,0.0250400573433229,0.0250532490520217,0.0250646218033911,0.0250729691329818,0.0250773247403763,0.0250770385641683,0.0250718279889576,0.025061800190022,0.025047443845015,0.0250295908155798,0.0250093507403054,0.0249880235972563,0.0249669970282239,0.0249476364430539,0.02493117654702,0.0249186228932629,0.0249106713363674,0.0249076518953511,0.0249095016315036,0.0249157688602162,0.0249256485203654,0.0249380460095216,0.0249516644609258,0.0249651084938265,0.0249769960896513,0.0249860695530708,0.0249912965637529,0.0249919531074633,0.0249876815391056,0.024978519064832,0.0249648943647955,0.024947592695242,0.0249276923782984,0.0249064778985956,0.0248853366984615,0.0248656480503392,0.0248486729774474,0.0248354540409023,0.024826732939138,0.0248228923695425,0.0248239266226393,0.0248294430764384,0.0248386943065924,0.0248506381167143,0.024864020618656,0.0248774757295788,0.0248896332282038,0.0248992268996077,0.0249051943268716,0.0249067605552985,0.0249034991170367,0.0248953656660977,0.0248827015952474,0.0248662073220225,0.0248468872730927,0.0248259707995307,0.0248048151560498,0.0247847981188699,0.0247672086743582,0.0247531444116807,0.0247434237830007,0.0247385202851148,0.0247385239357207,0.0247431332776872,0.0247516787082862,0.024763175401571,0.0247764016863717,0.0247899966576698,0.0248025692022185,0.0248128096440835,0.0248195949585499,0.0248220790017127,0.0248197604209061,0.0248125227388746,0.0248006433822199,0.0247847709642552,0.0247658727280732,0.0247451564894124,0.0247239734787901,0.0247037099921528,0.0246856766047907,0.0246710038350927,0.0246605525660303,0.0246548462925438,0.0246540304628033,0.0246578619757026,0.0246657294807808,0.024676702702378,0.0246896067597777,0.0247031155364505,0.0247158567014398,0.0247265201164234,0.02473396114152,0.024737290789453,0.02473594572142,0.024729732641764,0.0247188436212376,0.0247038411239669,0.0246856138646044,0.0246653068935058,0.0246442313207904,0.0246237606969805,0.0246052221541679,0.0245897908885196,0.0245783963731797,0.024571647821562,0.0245697849348127,0.0245726579876933,0.0245797389938153,0.0245901632163723,0.024602797836836,0.0246163323591637,0.0246293835133142,0.0246406062012354,0.02464880150967,0.0246530130330803,0.0246526036830215,0.0246473067385168,0.0246372469977769,0.0246229303508977,0.0246052026870608,0.0245851815479517,0.0245641661347335,0.0245435330004913,0.0245246258816351,0.0245086485466331,0.0244965692312905,0.0244890442225044,0.0244863665527419,0.0244884437247709,0.0244948060666416,0.0245046448949967,0.0245168773246098,0.0245302324914894,0.0245433523221589,0.0245548989019067,0.0245636600334294,0.0245686447526527,0.024569161364458,0.0245648719236224,0.0245558189155227,0.0245424220439145,0.0245254453423781,0.0245059371217896,0.0244851473843619,0.0244644291172406,0.0244451311803528,0.0244284912108805,0.0244155370185041,0.0244070043348322,0.0244032775476937,0.0244043582767883,0.0244098644552204,0.024419060141549,0.0244309138032878,0.0244441804951022,0.0244575013933045,0.0244695127005629,0.0244789551255703,0.0244847750551294,0.0244862091927347,0.0244828457859355,0.0244746574831606,0.0244620031822903,0.0244455987674396,0.024426459171944,0.0244058165406824,0.0243850211899811,0.0243654334147013,0.0243483148701349,0.024334728225717,0.0243254530650013,0.0243209246516255,0.0243212003025806,0.0243259558695424,0.0243345124233493,0.0243458908663738,0.0243588900397919,0.0243721820956444,0.0243844175931664,0.0243943320569643,0.0244008456600038,0.0244031482654882,0.0244007632193823,0.0243935849325543,0.0243818873099545,0.0243663023347903,0.0243477704331454,0.0243274664465366,0.0243067069517413,0.0242868461454798,0.0242691684494749,0.024254786312632,0.0242445513474817,0.0242389859417013,0.0242382409007371,0.0242420826331547,0.0242499110509327,0.0242608069015543,0.0242736048629997,0.0242869866104183,0.0242995863945471,0.0243101006136005,0.0243173925079042,0.0243205834844852,0.0243191236526609,0.0243128358389797,0.0243019295201065,0.0242869835845416,0.0242688993902817,0.0242488280017729,0.0242280775662441,0.0242080083665076,0.0241899240430217,0.0241749677348047,0.0241640314268024,0.0241576856599181,0.0241561350713986,0.0241592031396,0.0241663471771411,0.0241767022276039,0.0241891502581376,0.0242024090836316,0.0242151339600228,0.0242260238494365,0.0242339240421113,0.0242379171319375,0.0242373952608043,0.0242321080076324,0.0242221821895792,0.0242081120160149,0.0241907203244113,0.0241710938663473,0.0241504976419057,0.024130274946926,0.0241117409593186,0.024096078244959,0.0240842424628545,0.0240768858015154,0.024074304335106,0.024076413636028,0.0240827547490106,0.0240925301950826,0.0241046672390414,0.0241179034300694,0.0241308875938677,0.0241422881626217,0.0241509000870285,0.0241557416516639,0.0241561333204039,0.0241517522071814,0.0241426577665857,0.0241292866537401,0.0241124172201085,0.0240931065885477,0.0240726054802605,0.0240522577540555,0.0240333928121057,0.0240172195389606,0.0240047302506296,0.0239966222685367,0.0239932432721041,0.0239945646402428,0.0240001847301059,0.0240093616567668,0.0240210728268265,0.0240340964155792,0.024047108303381,0.0240587868192908,0.0240679170679191,0.0240734866841949,0.0240747655588221,0.0240713633382063,0.0240632602240748,0.0240508086555268,0.0240347057055429,0.0240159382989874,0.0239957054819251,0.0239753237759086,0.0239561229995223,0.0239393407327305,0.023926023769354,0.0239169444175571,0.0239125383869652,0.0239128693248568,0.0239176229673781,0.0239261315213124,0.023937426467077,0.0239503156613144,0.023963478610525,0.023975572266742,0.0239853388035323,0.0239917066436021,0.0239938765392153,0.0239913857102581,0.0239841448306511,0.0239724448800698,0.023956933354401,0.023938561835272,0.0239185092407311,0.0238980870297399,0.0238786340633555,0.0238614096222506,0.0238474931749944,0.023837698878517,0.0238325115383818,0.0238320489871924,0.0238360537100001,0.0238439142216974,0.0238547143563299,0.0238673064444894,0.0238804025101945,0.0238926762575315,0.0239028678312428,0.023909883163629,0.0239128801641437,0.0239113350385176,0.0239050835710032,0.023894334148396,0.0238796514921231,0.0238619123267127,0.0238422363876392,0.0238218981054431,0.0238022258472062,0.023784496617202,0.0237698345222082,0.0237591210588355,0.0237529244021021,0.023751453428231,0.0237545402838955,0.0237616530519217,0.0237719376390927,0.0237842856352915,0.0237974227709749,0.0238100109055923,0.0238207553451605,0.0238285088093731,0.0238323636041313,0.0238317245016845,0.0238263564106956,0.0238164029885122,0.0238023747252859,0.0237851075189976,0.0237656951632617,0.0237454012868701,0.0237255579303773,0.0237074589801281,0.0236922570300434,0.0236808718987235,0.0236739180382222,0.0236716565128154,0.0236739752254427,0.0236803987937251,0.0236901271223061,0.0237020994776742,0.0237150789103768,0.02372775032134,0.0237388244415888,0.0237471395681951,0.0237517531089985,0.0237520158107796,0.0237476229032252,0.0237386381748524,0.0237254890809191,0.0237089332232866,0.0236899987718854,0.0236699034387605,0.0236499583049595,0.0236314640109213,0.0236156074657583,0.0236033672550334,0.0235954353079705,0.0235921611499188,0.0235935233033815,0.0235991302551814,0.0236082510535086,0.0236198732179337,0.0236327834207405,0.0236456645128692,0.0236572010933194,0.0236661850891416,0.0236716127898357,0.0236727654612615,0.0236692669912923,0.0236611138890556,0.0236486752248611,0.0236326625671509,0.0236140724272946,0.023594105949154,0.0235740723986737,0.0235552842827532,0.0235389525599205,0.0235260903451021,0.0235174327626761,0.0235133792396962,0.0235139626872415,0.0235188478547567,0.0235273588301274,0.0235385333692064,0.0235511996468703,0.0235640692944422,0.0235758393608114,0.0235852951908866,0.0235914061857257,0.0235934069844288,0.0235908577466771,0.0235836788376481,0.0235721572025226,0.0235569239100405,0.0235389045753032,0.0235192464787058,0.0234992280287908,0.0234801576311934,0.0234632699027733,0.0234496274287578,0.0234400358756926,0.0234349792723239,0.023434580724098,0.0234385918396276,0.0234464118640358,0.0234571351184623,0.0234696230422814,0.0234825951214846,0.0234947314267773,0.0235047785031482,0.0235116500373377,0.0235145141238015,0.0235128600333716,0.0235065390691848,0.0234957762192726,0.0234811517013209,0.0234635539493726,0.0234441079178772,0.0234240845788741,0.0234047989871253,0.0233875051600191,0.0233732962080642,0.0233630176658951,0.0233572008650652,0.0233560215466406,0.0233592868618965,0.0233664516259027,0.023376662370175,0.0233888255761932,0.0234016946192058,0.0234139685340706,0.0234243948293058,0.0234318682919885,0.0234355180695287,0.0234347762513613,0.0234294226195567,0.0234196020779267,0.0234058133743486,0.0233888699537827,0.0233698359526929,0.023349942294863,0.0233304894189845,0.0233127442436194,0.0232978394778608,0.0232866832686769,0.0232798864244911,0.0232777131071508,0.0232800590430147,0.0232864591237235,0.0232961239250855,0.023308002347006,0.0233208654450143,0.0233334047613695,0.0233443372369987,0.0233525082149596,0.0233569841836516,0.0233571277338786,0.0233526486450702,0.0233436269601016,0.023330506202241,0.0233140573383349,0.0232953164823429,0.0232755014557108,0.0232559140056972,0.0232378356042021,0.0232224252231653,0.0232106272683274,0.0232030969707938,0.0232001490732272,0.0232017337444317,0.0232074414757414,0.0232165364222385,0.0232280154197635,0.0232406879078775,0.0232532703825734,0.0232644879162672,0.0232731747854397,0.0232783663546257,0.0232793750608457,0.0232758445788083,0.0232677779409123,0.0232555374086608,0.0232398160810931,0.0232215834121173,0.0232020088360564,0.0231823694266966,0.0231639488051202,0.0231479352488933,0.0231353270659663,0.0231268527690559,0.0231229124656106,0.0231235452470385,0.0231284253283147,0.0231368873984269,0.0231479792770051,0.0231605377411803,0.0231732814857476,0.0231849137649312,0.0231942264441737,0.0232001970352548,0.0232020708276691,0.0231994214352961,0.0231921848496876,0.0231806642679622,0.0231655053520179,0.0231476439812201,0.0231282307930957,0.0231085386822449,0.0230898607827744,0.0230734071780957,0.0230602086171298,0.0230510348874338,0.0230463342700508,0.0230461987780779,0.0230503577958248,0.0230582004605095,0.0230688248577381,0.0230811100197085,0.0230938049721053,0.0231056277870385,0.0231153668536227,0.023121976434764,0.023124659052853,0.0231229282949338,0.0231166471559302,0.0231060389259074,0.0230916697416432,0.0230744041178289,0.0230553368843797,0.0230357068125522,0.0230167986635222,0.0229998413302236,0.0229859101000174,0.0229758408069535,0.0229701627659099,0.0229690559345854,0.0229723358431308,0.0229794676253082,0.0229896081600724,0.0230016730664737,0.0230144232601011,0.0230265641467519,0.0230368494541406,0.0230441812935973,0.0230476983372999,0.0230468449578312,0.0230414157208442,0.023031571628305,0.0230178268227543,0.0230010068874473,0.0229821821965433,0.0229625817810523,0.0229434947204261,0.0229261670353715,0.022911702374941,0.0229009744332027,0.0228945580264685,0.0228926842069687,0.0228952228303926,0.0229016938014021,0.0229113059613592,0.0229230204201781,0.0229356332347671,0.02294787085433,0.0229584908038536,0.0229663797202034,0.0229706410964527,0.0229706659014949,0.0229661805703348,0.0229572686166752,0.0229443641695009,0.0229282179128241,0.0229098380431336,0.022890410801293,0.0228712067506939,0.0228534801351882,0.0228383692486857,0.0228268057165795,0.0228194399265486,0.0228165886121721,0.0228182088826403,0.022823900921474,0.0228329392897106,0.0228443304461168,0.0228568919458757,0.0228693469948025,0.0228804267670465,0.0228889722349307,0.0228940272624226,0.0228949153943772,0.0228912940943989,0.022883182037478,0.0228709572795509,0.0228553265061239,0.0228372679101223,0.0228179523830679,0.0227986494519927,0.0227806256044414,0.0227650432084071,0.0227528681161848,0.0227447932755562,0.0227411843403147,0.0227420514847038,0.0227470495191581,0.0227555061446091,0.02276647596056,0.022778815842409,0.022791275675036,0.022802597278684,0.0228116137622146,0.0228173415323208,0.0228190577806477,0.0228163574171983,0.0228091850207702,0.02279783930775,0.0227829497394381,0.0227654270469954,0.0227463914922596,0.0227270844388521,0.0227087701373897,0.0226926354284806,0.0226796952797309,0.0226707116764478,0.0226661323917203,0.0226660546271599,0.0226702165542648,0.0226780175610572,0.0226885657050776,0.0227007486741232,0.0227133226307384,0.0227250118246317,0.0227346109369279,0.0227410818653059,0.0227436370963655,0.0227418028985591,0.0227354572108048,0.0227248391664246,0.0227105295145701,0.0226934035860372,0.0226745606874307,0.0226552357033056,0.0226367000900422,0.0226201602573792,0.0226066614970688,0.0225970051203506,0.0225916853472865,0.0225908508540025,0.0225942938803356,0.022601467602922,0.0226115302571731,0.022623412407208,0.0226359019711332,0.0226477402517408,0.0226577214065857,0.022664787569583,0.0226681122086399,0.022667165231529,0.0226617547680156,0.0226520423620165,0.0226385303690523,0.0226220225101758,0.0226035606177031,0.0225843424676351,0.0225656270939139,0.0225486350025568,0.0225344511557626,0.0225239384275547,0.0225176684515829,0.0225158754496551,0.0225184368449627,0.0225248823531905,0.022534430963236,0.0225460529533435,0.0225585520364871,0.0225706610704507,0.0225811436394401,0.0225888933037702,0.0225930224693963,0.0225929336520678,0.0225883673450013,0.0225794226209945,0.0225665488361557,0.0225505091593111,0.0225323189389074,0.0225131639571595,0.022494305239331,0.0224769781409374,0.0224622938395922,0.0224511510948799,0.0224441652552439,0.0224416200705045,0.0224434460215583,0.0224492267460545,0.0224582328959699,0.0224694806032138,0.022481809829493,0.0224939763704628,0.0225047502644463,0.0225130128880366,0.0225178451448497,0.0225185998678296,0.0225149528009574,0.0225069281946856,0.0224948970081652,0.022479547822086,0.0224618326836249,0.0224428920711847,0.0224239648193898,0.0224062900464653,0.0223910087856405,0.0223790730953193,0.0223711698979959,0.0223676656935381,0.0223685766721343,0.022373566739148,0.0223819737308894,0.02239286183576,0.0224050961167494,0.0224174332185711,0.022428620984559,0.0224374989358276,0.0224430914637677,0.0224446861708453,0.022441891005389,0.0224346655639231,0.0224233240401261,0.0224085096175746,0.0223911424414414,0.0223723454556702,0.0223533541684485,0.0223354176689292,0.0223196988759295,0.0223071820135191,0.0222985946784423,0.0222943506395438,0.0222945177986147,0.0222988137027754,0.0223066288069943,0.0223170755107763,0.0223290589908236,0.0223413641687321,0.0223527519224082,0.0223620569699983,0.0223682797691957,0.0223706652717435,0.0223687624041842,0.022362459637758,0.0223519938608993,0.0223379318399635,0.0223211256835225,0.0223026457457565,0.0222836961672297,0.0222655196319881,0.0222492988114448,0.0222360622825225,0.0222266024062327,0.0222214117489929,0.0222206431966122,0.0222240970624303,0.0222312363608353,0.0222412291604777,0.0222530147274857,0.0222653882111153,0.0222770970887687,0.0222869416052843,0.0222938710895016,0.0222970683382066,0.0222960152091226,0.0222905340938791,0.0222808019220177,0.0222673356015144,0.0222509501323707,0.0222326928457094,0.0222137591469341,0.0221953966218679,0.0221788052721162,0.0221650419036141,0.02215493629102,0.0221490257347151,0.0221475131141318,0.0221502516431221,0.0221567573959191,0.0221662484665662,0.0221777075336044,0.0221899627949906,0.0222017808470649,0.0222119641947275,0.0222194457529614,0.0222233729567909,0.0222231749224256,0.0222186074316914,0.0222097722354701,0.0221971091552366,0.0221813615618863,0.0221635178794808,0.0221447336432579,0.0221262401839244,0.0221092470865295,0.02209484609801,0.022083924093738,0.0220770920582934,0.0220746358219834,0.0220764925999306,0.0220822553346965,0.0220912046171912,0.0221023657390083,0.0221145863883775,0.022126628801657,0.022137268966361,0.0221453948565857,0.0221500957341811,0.0221507352675799,0.0221470025375879,0.022138936801529,0.0221269240288159,0.0221116655305342,0.0220941212878203,0.0220754326378993,0.0220568306264801,0.0220395374527815,0.0220246689428159,0.0220131458560268,0.0220056210707771,0.0220024283681314,0.0220035567596823,0.0220086522442027,0.0220170467032185,0.0220278115225936,0.0220398316086754,0.0220518938965556,0.0220627833489341,0.0220713789017621,0.0220767418581379,0.0220781898452286,0.0220753505768035,0.0220681912270389,0.0220570211105726,0.0220424674363565,0.0220254259942701,0.0220069905824391,0.0219883666491981,0.0219707758875122,0.0219553592789544,0.0219430862615056,0.0219346772597186,0.0219305457972839,0.0219307648952063,0.0219350605605094,0.0219428330266048,0.0219532041747336,0.0219650874282248,0.0219772745583576,0.0219885324392315,0.0219977019559054,0.0220037910680786,0.0220060544792307,0.0220040534345834,0.0219976907928145,0.0219872185484127,0.0219732172406112,0.0219565489744526,0.0219382879149955,0.0219196339307555,0.0219018164084238,0.0218859960193283,0.021873172324932,0.0218641045707906,0.0218592519037007,0.0218587376588752,0.0218623404272999,0.0218695124736753,0.0218794239047955,0.0218910289709595,0.0219031491822268,0.0219145666563557,0.0219241203614152,0.0219307977185828,0.0219338144087817,0.0219326761597263,0.021927217703674,0.0219176158710702,0.0219043757812799,0.0218882911669339,0.0218703818803258,0.0218518134279225,0.0218338048128449,0.0218175319118343,0.021804033998586,0.0217941308252698,0.0217883568997049,0.0217869182881461,0.0217896755146144,0.0217961540508278,0.0218055816729552,0.021816949791369,0.0218290939110351,0.0218407868035475,0.0218508368974585,0.0218581839266975,0.0218619840746989,0.0218616777020239,0.0218570341679359,0.0218481701253201,0.0218355398313701,0.021819898302209,0.0218022403576732,0.0217837205580203,0.0217655605578179,0.0217489513747985,0.0217349584303992,0.0217244369470688,0.0217179644082964,0.0217157953717461,0.0217178420972275,0.0217236823736571,0.0217325937782789,0.0217436115398753,0.0217556053519656,0.0217673690254049,0.0217777158980461,0.0217855725097207,0.0217900632258698,0.0217905792223218,0.0217868264624721,0.0217788489203347,0.0217670252179999,0.0217520389120038,0.0217348247153966,0.0217164948184848,0.0216982510329493,0.0216812896211897,0.0216667062962648,0.021655408922719,0.0216480448911623,0.0216449490149594,0.0216461161978611,0.0216512011749566,0.0216595454811535,0.0216702296109136,0.0216821462749888,0.0216940889151285,0.0217048483658221,0.0217133098637398,0.0217185425542992,0.0217198742340508,0.0217169452566447,0.0217097372296978,0.0216985741985028,0.0216840962677171,0.021667207857519,0.0216490048416452,0.0216306865097365,0.0216134594997373,0.0215984414563738,0.021586572138472,0.0215785390359907,0.021574723339964,0.0215751704466271,0.0215795872053681,0.021587365990366,0.0215976335571999,0.0216093207115217,0.0216212472198414,0.0216322152464116,0.0216411039766607,0.0216469580241145,0.0216490627199104,0.0216470004172181,0.0216406834258025,0.0216303610048686,0.0216165998460861,0.0216002395292939,0.0215823263845565,0.0215640308970301,0.0215465551056826,0.0215310372636405,0.0215184612826908,0.0215095781584989,0.0215048456829424,0.021504391347054,0.0215080015175065,0.0215151378747899,0.021524979909103,0.0215364901631655,0.0215484970566161,0.0215597886703122,0.0215692099364558,0.0215757553658759,0.021578649787115,0.0215774105450889,0.0215718861199313,0.0215622680494112,0.0215490752166411,0.0215331118238007,0.0215154025201192,0.0214971099988885,0.0214794417669666,0.0214635536178847,0.0214504575559339,0.0214409415154226,0.0214355072271011,0.0214343310830493,0.0214372509749275,0.0214437799966026,0.0214531457847818,0.0214643522775658,0.0214762589405236,0.0214876711704387,0.0214974347453415,0.0215045269123864,0.0215081370034761,0.0215077303035503,0.0215030901983922,0.0214943353068396,0.0214819102399336,0.0214665506802694,0.0214492254746112,0.0214310602258037,0.0214132483267098,0.0213969563956511,0.021383231565506,0.0213729179892123,0.0213665892415175,0.0213645020702917,0.0213665752833164,0.0213723955794658,0.0213812499909112,0.021392182454072,0.0214040700476329,0.0214157128052915,0.0214259298790176,0.0214336542907233,0.0214380186037077,0.0214384245620019,0.0214345910382668,0.0214265764029097,0.0214147735289374,0.0213998778897439,0.0213828313946012,0.0213647465624833,0.0213468172084229,0.0213302228823908,0.021316034765797,0.0213051305562692,0.0212981250855849,0.0212953221040381,0.0212966909457167,0.0213018697972168,0.021310195177656,0.0213207551690153,0.0213324620851525,0.0213441387831837,0.0213546118040835,0.0213628040376198,0.0213678196672926,0.0213690147638445,0.0213660480226065,0.0213589076921495,0.0213479125905928,0.021333687106746,0.0213171120939337,0.0212992554453781,0.0212812877492098,0.0212643896222933,0.0212496580092301,0.0212380188512777,0.0212301530743926,0.021226441846797,0.0212269355745568,0.0212313492368499,0.0212390845565055,0.0212492773358091,0.0212608662473745,0.0212726776185569,0.0212835194214278,0.0212922768913326,0.0212980020272304,0.0212999897068164,0.0212978342398757,0.0212914617830181,0.0212811360079118,0.0212674365948179,0.0212512123410973,0.0212335127441529,0.0212155036565708,0.0211983738676008,0.0211832401467052,0.0211710583559568,0.021162547705477,0.0211581341315487,0.0211579172053551,0.0211616630663348,0.0211688237889254,0.0211785815114477,0.0211899137366537,0.021201674586605,0.0212126855754018,0.0212218287485832,0.0212281348874763,0.0212308598950893,0.0212295434199126,0.0212240451543606,0.0212145559668553,0.0212015829727905,0.0211859096766701,0.0211685342646122,0.0211505908378904,0.0211332597257541,0.0211176739029978,0.0211048288938991,0.0210955033257285,0.0210901965006807,0.0210890880397029,0.0210920229216327,0.0210985232342777,0.0211078258224505,0.0211189429227933,0.0211307409882467,0.0211420313942696,0.0211516657234597,0.0211586279302707,0.0211621159214006,0.021161605931117,0.0211568944631569,0.0211481144050533,0.0211357240410605,0.0211204699076448,0.021103326558839,0.0210854181668278,0.0210679283331779,0.021052005412368,0.0210386709708997,0.021028738695444,0.021022750161781,0.0210209324774045,0.0210231810403244,0.0210290686526739,0.0210378801398153,0.0210486696179175,0.0210603357911979,0.0210717092853371,0.0210816451311009,0.0210891131508509,0.0210932791868836,0.0210935708335146,0.0210897225472232,0.0210817966178317,0.0210701783573114,0.0210555458553608,0.0210388166194736,0.0210210752242126,0.0210034876027619,0.0209872086951832,0.0209732907254394,0.0209625993669944,0.0209557444793417,0.020953030996119,0.0209544339895224,0.0209596000303387,0.0209678748561151,0.0209783552313913,0.0209899609163644,0.0210015210145138,0.0210118677746012,0.0210199302790622,0.0210248204263495,0.0210259042255617,0.0210228526188087,0.02101566772137,0.0210046823759443,0.020990533092184,0.020974108612743,0.0209564783304334,0.0209388064034558,0.0209222585379712,0.0209079089470203,0.0208966549272531,0.0208891458384044,0.0208857320776324,0.0208864380051227,0.0208909608367291,0.0208986954442271,0.020908782968286,0.0209201793068151,0.020931738019082,0.0209423010903876,0.0209507904177302,0.0209562928515507,0.020958132158782,0.0209559223057386,0.0209495979104246,0.0209394194773847,0.0209259529802129,0.020910025352253,0.0208926593278589,0.0208749926969642,0.0208581882733289,0.0208433416407031,0.020831393966963,0.0208230568302342,0.0208187550942705,0.0208185924691673,0.0208223426115243,0.0208294665963121,0.0208391554832646,0.020850394664717,0.0208620448885365,0.0208729334611888,0.0208819482799762,0.0208881270928928,0.020890734754943,0.0208893222109005,0.0208837624160238,0.0208742602930902,0.0208613359551853,0.0208457826093777,0.0208286026079993,0.0208109268683207,0.020793924204423,0.0207787079017459,0.0207662470458369,0.0207572896771802,0.020752303833639,0.0207514410650021,0.020754525191418,0.0207610670695385,0.0207703040757269,0.0207812610743677,0.0207928279712212,0.0208038476905359,0.0208132076470649,0.0208199275508294,0.0208232366896455,0.0208226346616345,0.0208179308215084,0.0208092593618918,0.0207970688411299,0.0207820869455439,0.0207652631947325,0.0207476940272024,0.02073053610765,0.0207149146561063,0.0207018340262927,0.0206920976209459,0.0206862435394044,0.0206845011567391,0.0206867722112153,0.0206926380386653,0.0207013924912853,0.0207120979951678,0.0207236603158247,0.0207349160681428,0.0207447259455901,0.0207520661421566,0.020756110554856,0.0207562970894929,0.0207523726899248,0.0207444134538217,0.0207328182331077,0.020718276277549,0.0207017115924717,0.020684208570943,0.0206669249636312,0.0206509992380053,0.0206374597802685,0.0206271431924547,0.0206206281617287,0.0206181900931123,0.0206197800038025,0.020625029219405,0.0206332793583784,0.0206436351098245,0.0206550355491148,0.0206663383180769,0.0206764100219867,0.0206842157398933,0.0206889006437218,0.0206898573614407,0.0206867738407115,0.0206796579819187,0.0206688371045477,0.0206549322608007,0.0206388093685845,0.0206215109482557,0.0206041737723638,0.0205879388617177,0.0205738609007225,0.0205628242428723,0.0205554722087886,0.0205521553665569,0.0205529030043115,0.0205574201790237,0.0205651106969461,0.0205751243022209,0.0205864243806051,0.0205978707912435,0.0206083111761366,0.0206166733815741,0.0206220515172512,0.0206237786801278,0.0206214804407193,0.0206151047510114,0.0206049258635813,0.0205915219847672,0.0205757285300507,0.0205585708228665,0.0205411817232653,0.0205247108668153,0.0205102328417121,0.0204986616749093,0.0204906784336035,0.0204866776378099,0.0204867366348865,0.0204906102419474,0.0204977509572288,0.0205073530241519,0.0205184167604541,0.0205298279953395,0.0205404463156585,0.0205491951824563,0.0205551468700551,0.0205575955992467,0.0205561131582047,0.020550582669558,0.0205412078654453,0.0205284971348124,0.0205132235593633,0.020496364016429,0.0204790220691893,0.0204623406623594,0.0204474114810079,0.0204351881314266,0.0204264100386575,0.0204215431497072,0.0204207422449617,0.0204238379789664,0.0204303498121355,0.0204395239111983,0.0204503930671275,0.0204618538813059,0.0204727550517271,0.0204819896620464,0.0204885840163484,0.0204917758143643,0.0204910753180127,0.0204863045501579,0.020477611365108,0.0204654572811898,0.0204505801016469,0.0204339344009105,0.0204166147477446,0.0203997679178267,0.0203845011988175,0.0203717941521243,0.0203624208652216,0.0203568888451971,0.0203553993385195,0.0203578321204696,0.0203637558261694,0.0203724628654798,0.0203830260436742,0.0203943723402534,0.0204053679913162,0.0204149081667877,0.0204220042005973,0.0204258615494294,0.0204259424022306,0.020422008068751,0.0204141378423675,0.0204027228476088,0.0203884353200684,0.0203721756824136,0.0203550015224834,0.0203380440076774,0.0203224182753878,0.0203091348489815,0.0202990190991043,0.0202926451878133,0.0202902898268524,0.0202919096319397,0.0202971439890655,0.0203053433169298,0.0203156205690132,0.0203269219271241,0.0203381110522413,0.0203480601220008,0.0203557403042064,0.0203603043434968,0.0203611545669217,0.0203579907909588,0.0203508342467566,0.0203400256027365,0.020326197287238,0.0203102224109639,0.0202931444792141,0.0202760936170096,0.0202601960916657,0.0202464844252379,0.0202358152996031,0.0202288017774118,0.0202257651603346,0.0202267101979363,0.0202313254860622,0.0202390088985115,0.0202489159277287,0.0202600270209211,0.0202712285318687,0.0202814008811757,0.0202895069980685,0.0202946741285308,0.0202962626277703,0.0202939163719816,0.0202875908548079,0.0202775567691937,0.0202643787776581,0.0202488710967135,0.0202320333246631,0.0202149714971383,0.0201988105406934,0.0201846050082504,0.0201732551541545,0.020165435024103,0.0201615383272203,0.0201616464898293,0.0201655215564245,0.0201726246276535,0.0201821584655871,0.0201931309303177,0.0202044342081348,0.0202149334898034,0.0202235579615271,0.020229386750506,0.0202317228525057,0.0202301490389903,0.0202245612144943,0.0202151765398707,0.0202025156955411,0.020187360763884,0.0201706921918763,0.0201536099873072,0.0201372455564682,0.0201226713047496,0.0201108152481915,0.0201023874315212,0.0200978239628146,0.0200972530335758,0.0201004855097826,0.0201070307051203,0.020116135953157,0.0201268467423393,0.0201380826001828,0.0201487227156396,0.0201576945554138,0.0201640585208333,0.0201670820264337,0.0201662972275831,0.0201615379051002,0.020152952627498,0.0201409931419193,0.020126378865729,0.0201100402183146,0.0200930451963704,0.0200765149213844,0.0200615347748995,0.0200490681214538,0.0200398794666333,0.0200344732040932,0.0200330529084332,0.0200355045194971,0.0200414048692553,0.0200500549788981,0.0200605355582502,0.0200717803278618,0.0200826613081616,0.0200920792140602,0.0200990516523316,0.0201027919808816,0.0201027724365651,0.0200987664101051,0.0200908664446154,0.0200794765220626,0.0200652793086863,0.0200491810698427,0.0200322387636712,0.0200155752410953,0.0200002894116878,0.0199873686077259,0.0199776101579796,0.0199715583885939,0.0199694619801453,0.0199712549511693,0.0199765626504992,0.0199847321660233,0.0199948846403161,0.0200059852730425,0.0200169254272898,0.0200266103497338,0.0200340456208368,0.0200384155825274,0.0200391476278943,0.0200359573374167,0.0200288709348255,0.0200182233002072,0.0200046316768047,0.0199889470932447,0.0199721872578985,0.0199554561434843,0.0199398565545131,0.0199264025620316,0.0199159387402515,0.0199090726404236,0.019906125929211,0.0199071081766342,0.0199117155025716,0.0199193543093737,0.0199291883009672,0.0199402050904544,0.019951297092949,0.0199613502199625,0.0199693332295431,0.0199743805018408,0.0199758615223302,0.0199734314321178,0.019967058554478,0.0199570266902889,0.0199439120311887,0.0199285366026062,0.0199119020544706,0.0198951092050514,0.0198792698729754,0.0198654181100831,0.0198544279400695,0.0198469441352215,0.0198433314829902,0.019843646489252,0.0198476336522677,0.0198547464717423,0.0198641914008663,0.0198749911659252,0.0198860623968781,0.0198963014300073,0.0199046715337025,0.0199102847198552,0.0199124717472241,0.0199108348610046,0.019905279162622,0.0198960201580318,0.019883566872691,0.0198686818173126,0.0198523208983757,0.0198355579462497,0.0198194997548528,0.01980519829717,0.0197935670435533,0.019785308037403,0.0197808555805246,0.0197803410968346,0.0197835820762304,0.0197900960879684,0.019799138848713,0.0198097633894728,0.0198208956393213,0.0198314203784285,0.0198402706363074,0.019846513307035,0.0198494240476761,0.0198485453890069,0.0198437233470545,0.0198351195745952,0.0198231980934925,0.019808687729946,0.0197925233514565,0.0197757707087803,0.019759540986135,0.0197449019630371,0.0197327929295246,0.0197239501505133,0.0197188487749215,0.0197176657194649,0.0197202663544406,0.0197262159223364,0.0197348146718856,0.0197451538319135,0.0197561879255146,0.0197668176697107,0.0197759769174018,0.019782716825229,0.0197862806760166,0.0197861635218191,0.0197821519936636,0.0197743411657768,0.0197631271471085,0.0197491759577362,0.0197333710870838,0.0197167437936191,0.0197003915735262,0.0196853911893587,0.0196727131186219,0.01966314420684,0.0196572246955102,0.0196552046952713,0.0196570236700691,0.0196623146913545,0.019670433241047,0.0196805083493489,0.0196915120259788,0.0197023414426753,0.019711907272778,0.0197192210688994,0.0197234746069994,0.0197241047548231,0.0197208385960203,0.0197137151603289,0.0197030820277971,0.0196895671230757,0.0196740280281787,0.0196574829610012,0.0196410290432919,0.019625754486548,0.019612651772012,0.0196025387656796,0.019595994021332,0.0195933113521405,0.0195944771874875,0.0195991723974696,0.0196067983133608,0.0196165247638866,0.0196273562395536,0.019638210913962,0.0196480062819062,0.019655744684425,0.0196605920207413,0.0196619434979905,0.0196594712954426,0.0196531504318079,0.0196432608104885,0.0196303652575156,0.0196152652313314,0.0195989376326791,0.0195824576353893,0.0195669135730613,0.0195533205671016,0.0195425397207297,0.0195352093145237,0.0195316935366025,0.0195320529207153,0.0195360389522846,0.0195431133778903,0.0195524907740622,0.0195632010505678,0.0195741669290231,0.0195842901884083,0.0195925397226927,0.0195980342860438,0.0196001132223737,0.0195983894471025,0.0195927803883271,0.0195835143897177,0.0195711120849337,0.0195563443012201,0.0195401699568548,0.0195236590214067,0.0195079067858305,0.0194939463577133,0.0194826664053654,0.0194747407103741,0.0194705750902402,0.0194702758157408,0.0194736419066191,0.0194801817909942,0.0194891529004701,0.0194996209814668,0.019510534370875,0.0195208073367432,0.019529405913793,0.0195354295094261,0.0195381819125274,0.0195372261697312,0.0195324190452574,0.0195239223659309,0.0195121903521498,0.0194979339030047,0.0194820645935652,0.0194656227257906,0.0194496950405561,0.0194353285472463,0.0194234472778285,0.0194147785808042,0.0194097948483159,0.0194086753789726,0.0194112915122088,0.0194172163384327,0.0194257583241246,0.0194360162488425,0.0194469511024414,0.0194574691924801,0.0194665097817687,0.0194731301856533,0.0194765814397978,0.0194763683970187,0.0194722893751479,0.0194644521525424,0.0194532650452735,0.0194394038312618,0.0194237572451142,0.0194073554978793,0.0193912876373703,0.0193766144405656,0.0193642838466631,0.0193550556817003,0.019349441631059,0.0193476651601723,0.019349644468156,0.0193549997105349,0.0193630837959103,0.0193730342081499,0.0193838416782981,0.0193944302461829,0.0194037423958408,0.0194108225794936,0.0194148925915789,0.0194154129083205,0.0194121252143124,0.0194050728025173,0.0193945972446652,0.0193813115634985,0.019366051966599,0.0193498118845936,0.0193336634571357,0.0193186726137902,0.0193058144278042,0.0192958954401629,0.0192894891513941,0.0192868898819601,0.0192880887719529,0.0192927739378527,0.019300354874444,0.0193100092423297,0.0193207483687459,0.0193314962532891,0.0193411757406908,0.0193487949069057,0.0193535266654794,0.019354775142904,0.0193522234438106,0.0193458589386484,0.0193359740382537,0.0193231424242837,0.019308172710621,0.0192920433420946,0.0192758240374057,0.0192605901382433,0.0192473367629758,0.0192368996431268,0.0192298889436713,0.0192266412809823,0.0192271936543421,0.0192312812358862,0.0192383590693867,0.0192476458537612,0.0192581862679214,0.0192689268584694,0.0192787994759118,0.0192868056900285,0.0192920955746621,0.0192940347152818,0.0192922542165451,0.019286679806078,0.0192775377524538,0.0192653371179311,0.0192508297075441,0.0192349508127543,0.0192187453524314,0.0192032851773402,0.0191895840339788,0.0191785169106485,0.0191707501827415,0.0191666881550679,0.0191664403314778,0.0191698121222013,0.0191763198450177,0.0191852289265697,0.0191956123240278,0.0192064245287565,0.0192165852279443,0.0192250658940783,0.0192309723098226,0.019233616342543,0.0192325711427488,0.0192277052898672,0.019219193132585,0.0192075005177615,0.0191933471056875,0.0191776483676123,0.0191614420015372,0.0191458047477387,0.0191317663297017,0.0191202274308365,0.0191118882408836,0.0191071932147861,0.0191062963598645,0.0191090497084888,0.0191150157739646,0.0191235028811328,0.0191336204702599,0.0191443499336908,0.0191546253664302,0.0191634178699473,0.0191698167943499,0.0191731015610977,0.0191727984596895,0.0191687179937347,0.0191609698651143,0.0191499544131682,0.0191363311470078,0.0191209667938374,0.0191048668975265,0.0190890963071344,0.0190746947877793,0.0190625943988478,0.0190535451871694,0.0190480551353292,0.0190463492187325,0.0190483509313059,0.0190536878562616,0.0190617209341128,0.0190715951731934,0.0190823078076211,0.0190927884711363,0.0191019849465547,0.0191089475660911,0.019112905427982,0.0191133282522004,0.0191099688628715,0.0191028828604139,0.0190924239072824,0.0190792150453577,0.0190640984186147,0.0190480675208595,0.0190321874807883,0.0190175098314998,0.0190049886232994,0.0189954045950886,0.0189893034289449,0.0189869529348995,0.018988322460234,0.0189930860318711,0.0190006488664347,0.0190101950554096,0.0190207525827807,0.0190312704886384,0.019040702067612,0.0190480875582367,0.0190526298575312,0.0190537573596742,0.0190511690203714,0.0190448581231229,0.0190351128771085,0.0190224937822003,0.0190077895072679,0.0189919547009956,0.0189760345696525,0.018961082114489,0.0189480745382506,0.0189378354416336,0.018930969012411,0.0189278114915006,0.0189284038575843,0.0189324880093122,0.018939526862479,0.0189487468568061,0.0189591995400233,0.0189698373274851,0.0189795973630101,0.0189874867284593,0.0189926621176981,0.0189944975186754,0.0189926344099455,0.0189870104029984,0.0189778640274964,0.0189657153066384,0.0189513237381387,0.0189356271247521,0.0189196662418491,0.0189045014590902,0.0188911280503742,0.0188803969823741,0.0188729474781689,0.0188691566669176,0.0188691102395503,0.0188725963406776,0.0188791230681662,0.0188879580776409,0.0188981870587905,0.0189087864004684,0.0189187042911216,0.0189269438751293,0.0189326419457596,0.0189351370182585,0.0189340214691722,0.0189291736800902,0.0189207676793278,0.0189092595132709,0.0188953513785844,0.0188799362814286,0.0188640275268147,0.0188486785507973,0.0188348993885086,0.0188235763637233,0.0188154013722946,0.0188108164227366,0.0188099779300681,0.0188127437101406,0.0188186838133958,0.0188271144233781,0.0188371521863829,0.0188477846797679,0.018857951395594,0.0188666287272943,0.018872912088903,0.0188760885119489,0.0188756938363587,0.018871549865986,0.0188637784887152,0.0188527916363767,0.0188392579321092,0.0188240487752024,0.0188081682774078,0.0187926727481899,0.0187785862328527,0.018766818886016,0.0187580946987105,0.0187528943096352,0.0187514173826928,0.0187535674345114,0.0187589601909682,0.0187669546922225,0.018776704590833,0.0187872255230603,0.0187974731955412,0.0188064260171873,0.0188131657835778,0.0188169501045481,0.0188172709279708,0.0188138945975676,0.0188068803131771,0.0187965755376123,0.0187835886882974,0.0187687412217667,0.0187530028274598,0.0187374147763334,0.0187230074232238,0.0187107183613731,0.0187013177199093,0.0186953465681741,0.0186930733828802,0.0186944721269627,0.0186992237909951,0.0187067413835651,0.0187162164667229,0.0187266835725877,0.0187370973636732,0.0187464163431182,0.0187536863690141,0.0187581172215969,0.0187591460166416,0.0187564823180987,0.0187501312965072,0.018740393078764,0.0187278383799672,0.018713262433722,0.0186976209897988,0.0186819535896624,0.0186673003412076,0.0186546189056569,0.0186447083434972,0.0186381458626405,0.0186352414375458,0.0186360138172254,0.0186401897242547,0.0186472261975316,0.0186563541995573,0.0186666399480759,0.0186770590730594,0.0186865777358145,0.0186942343353432,0.0186992154009612,0.0187009197367584,0.018699005811603,0.0186934187019004,0.0186843944834344,0.0186724417110218,0.018658301398183,0.0186428885892066,0.0186272200728017,0.0186123338962529,0.0185992070065086,0.0185886775199206,0.01858137779661,0.0185776836886275,0.018577684089353,0.0185811733166801,0.0185876670390361,0.0185964405572593,0.0186065864478925,0.0186170869986308,0.0186268956465345,0.0186350208662741,0.0186406057247774,0.0186429966524886,0.0186417958550395,0.0186368931232614,0.0186284744788723,0.0186170069804767,0.0186032009578407,0.0185879527789316,0.0185722728252757,0.0185572045244098,0.018543740973776,0.0185327458443033,0.0185248848688416,0.0185205733331835,0.0185199436699135,0.0185228356222632,0.018528809638358,0.0185371823231418,0.0185470810541887,0.0185575133844755,0.0185674457214115,0.0185758850752219,0.018581957462093,0.0185849768351971,0.0185844991682999,0.0185803574730813,0.0185726750103083,0.0185618556488035,0.0185485521042317,0.0185336145124137,0.0185180233286456,0.0185028117837536,0.0184889839760076,0.018477435061715,0.0184688798824016,0.0184637957336056,0.0184623838892695,0.018464553033451,0.0184699260266211,0.0184778695725967,0.0184875444985549,0.0184979726725761,0.0185081152119227,0.0185169556998233,0.0185235817024565,0.018527257993009,0.0185274855432265,0.0185240414932195,0.018516996866705,0.0185067106241347,0.0184938005768196,0.0184790935593076,0.0184635589285246,0.0184482307962458,0.018434125293594,0.0184221595322746,0.0184130787401179,0.0184073973407344,0.0184053585939071,0.0184069159125147,0.0184117372369398,0.0184192320113293,0.0184285985197016,0.0184388877544915,0.0184490787285251,0.0184581592864102,0.0184652060716202,0.0184694573877559,0.0184703732573469,0.0184676779905387,0.0184613819457273,0.0184517807803803,0.0184394322298583,0.0184251121936952,0.0184097535292183,0.0183943723241048,0.0183799874248891,0.0183675395526546,0.0183578163999858,0.0183513896728411,0.0183485691419738,0.018349377453657,0.0183535478100488,0.0183605447992383,0.0183696067912068,0.0183798065728499,0.0183901254080661,0.0183995345935835,0.0184070779371592,0.0184119484817042,0.0184135532555896,0.0184115608041297,0.018405927659582,0.0183969016195321,0.0183850015921464,0.018370975679723,0.0183557409437327,0.0183403097675133,0.0183257087851092,0.0183128969045159,0.0183026889904294,0.0182956912853316,0.0182922536713264,0.0182924424875012,0.0182960359454703,0.0183025423812732,0.0183112397915472,0.0183212334522413,0.0183315270212444,0.0183411014880078,0.0183489957427636,0.0183543824438097,0.0183566332588837,0.0183553683988321,0.0183504865801214,0.0183421730653311,0.0183308851337809,0.0183173160963715,0.0183023406448033,0.0182869457839068,0.0182721527337175,0.0182589359263752,0.0182481454981421,0.0182404394474068,0.0182362308971548,0.0182356547229014,0.0182385562864238,0.0182445032730633,0.0182528197915906,0.0182626400951297,0.0182729776682039,0.0182828041475314,0.0182911317230501,0.0182970923686236,0.018300007495518,0.0182994423841686,0.0182952409780378,0.0182875382254722,0.0182767489959069,0.0182635345111997,0.0182487490553315,0.0182333713103913,0.0182184258930967,0.0182049014354812,0.0181936717982669,0.018185426706268,0.0181806172891351,0.0181794207810905,0.0181817270872077,0.0181871481796969,0.0181950494764026,0.0182046006204458,0.0182148415698588,0.0182247587390856,0.0182333651885386,0.0182397785740434,0.0182432907590743,0.0182434236498385,0.0182399668930953,0.0182329944944586,0.0182228590540934,0.0182101640497087,0.0181957162994003,0.0181804622891059,0.018165413331762,0.0181515654285084,0.0181398201473325,0.018130912785617,0.0181253535457887,0.0181233864643024,0.0181249694566985,0.0181297771726514,0.0181372265278003,0.0181465229486403,0.018156723686382,0.018166813159481,0.0181757842834537,0.0181827192288436,0.0181868630693407,0.018187684349256,0.0181849176637335,0.0181785848110296,0.0181689928208079,0.0181567090461781,0.018142515377101,0.0181273453281854,0.0181122091267487,0.0180981128652313,0.0180859782213542,0.0180765691671508,0.0180704314935582,0.0180678499149715,0.0180688260761314,0.0180730790915349,0.0180800684550152,0.0180890374067725,0.0180990732602657,0.0181091798819873,0.0181183565844975,0.0181256772169925,0.0181303632550042,0.0181318451866508,0.0181298074141358,0.0181242131646987,0.0181153074506503,0.0181035978261616,0.018089814424708,0.0180748523809723,0.018059701117834,0.0180453660178547,0.0180327886288188,0.0180227717178922,0.0180159151535086,0.0180125677669864,0.0180127990936673,0.018016393326239,0.0180228660579355,0.0180315025775112,0.0180414147327939,0.0180516118490385,0.0180610800151677,0.0180688633478978,0.0180741406699461,0.0180762913997987,0.0180749453141584,0.0180700121478649,0.0180616886412843,0.0180504424932391,0.0180369745634648,0.0180221624288595,0.0180069898922375,0.0179924681583596,0.0179795550412819,0.0179690786922215,0.0179616719276158,0.0179577223381802,0.0179573420621946,0.017960359523015,0.0179663336833951,0.0179745895883153,0.0179842722945694,0.0179944148577482,0.0180040149781258,0.0180121142679617,0.0180178739274272,0.0180206409118064,0.0180199994209806,0.0180158036915563,0.018008189531462,0.0179975636875524,0.0179845718525444,0.0179700477772411,0.0179549474391857,0.0179402734122107,0.0179269953781422,0.0179159730516289,0.0179078876279956,0.0179031872288287,0.0179020507536416,0.0179043731150017,0.0179097731386755,0.0179176235872337,0.0179271009743379,0.0179372512301739,0.0179470659827826,0.0179555633344063,0.017961866614039,0.0179652747253308,0.017965318383454,0.0179617976873207,0.0179547979980212,0.0179446828593139,0.0179320645615897,0.0179177547696446,0.0179026992535399,0.0178879020366327,0.0178743450973873,0.0178629100758225,0.0178543082327187,0.0178490242148461,0.0178472780454191,0.0178490082739453,0.0178538775112576,0.0178612997940947,0.0178704875153959,0.0178805141455581,0.0178903877585579,0.0178991295530456,0.017905851190344,0.0179098248899592,0.0179105408119282,0.0179077472561833,0.0179014705414885,0.0178920129971984,0.0178799292007789,0.0178659822936698,0.0178510837697919,0.017836221430506,0.0178223811417075,0.0178104685460397,0.0178012369307887,0.0177952270098345,0.0177927234664662,0.0177937317924444,0.0177979773568468,0.0178049268739946,0.0178138306457125,0.0178237822657991,0.0178337910347854,0.0178428612729874,0.0178500721380484,0.0178546514980318,0.0178560378814163,0.0178539254824985,0.0178482885742516,0.0178393833633374,0.0178277271697091,0.0178140566617285,0.0177992685691034,0.0177843476971054,0.0177702880713695,0.0177580135726347,0.0177483044271647,0.0177417354015846,0.0177386305655422,0.0177390381291342,0.0177427272509787,0.0177492069697258,0.0177577656659115,0.0177675278499905,0.0177775237295818,0.0177867660405191,0.0177943280961134,0.0177994169423666,0.0178014359020241,0.0178000316219908,0.0177951219493643,0.0177869024568429,0.0177758310973582,0.0177625921627707,0.0177480423310524,0.0177331429957009,0.0177188841696645,0.0177062059475577,0.0176959237313173,0.0176886631581559,0.0176848099385604,0.0176844786679332,0.0176875031940404,0.0176934494097872,0.0177016495355271,0.0177112552126071,0.0177213051985645,0.0177308022564397,0.0177387930602681,0.0177444446641814,0.0177471113388865,0.017746386354822,0.0177421345197699,0.0177345028500309,0.0177239085349275,0.0177110052011034,0.0176966302471106,0.0176817375505688,0.0176673210164037,0.0176543351402697,0.0176436189601865,0.0176358294591591,0.0176313896915249,0.017630455697339,0.0176329047404055,0.0176383456896486,0.017646150609336,0.0176555049699877,0.0176654724556957,0.0176750692236848,0.0176833417528761,0.0176894421612337,0.0176926950965912,0.0176926509841818,0.0176891214823727,0.0176821943745093,0.0176722267157731,0.0176598167470922,0.0176457567503182,0.0176309705129085,0.0176164402794101,0.0176031289068995,0.0175919033536572,0.0175834655735641,0.0175782963469022,0.017576616579164,0.0175783692243587,0.0175832233573111,0.0175906001614006,0.0175997188429621,0.0176096588614918,0.0176194335130507,0.0176280689513222,0.0176346822690649,0.0176385523289264,0.0176391776121563,0.0176363163979692,0.0176300060182406,0.0176205596419331,0.0176085408846437,0.0175947183456082,0.0175800037918681,0.0175653790117347,0.0175518172521509,0.0175402055668623,0.0175312742953889,0.0175255392746446,0.017523261319036,0.0175244260954951,0.0175287458879099,0.0175356830136515,0.0175444929496413,0.0175542836810298,0.0175640865310099,0.0175729328648197,0.017579930639698,0.0175843348109763,0.0175856060935725,0.0175834534875855,0.0175778572445211,0.0175690704773177,0.0175575992772531,0.0175441628658522,0.0175296368631415,0.0175149840862545,0.0175011782985676,0.0174891269161999,0.0174795987883039,0.0174731627929892,0.0174701421681273,0.017470588286666,0.017474276068178,0.0174807214965747,0.0174892199266589,0.017498902168414,0.0175088038873255,0.017517942768246,0.017525397240515,0.0175303804067277,0.0175323031822992,0.0175308215217252,0.0175258639086574,0.0175176369024418,0.0175066083214493,0.0174934694580002,0.0174790794185949,0.0174643961272363,0.0174503995931755,0.0174380136364027,0.0174280323441221,0.0174210571085975,0.0174174492154995,0.0174173016836157,0.0174204325009245,0.0174263996869098,0.0174345368821345,0.0174440065638889,0.0174538666296338,0.0174631450710788,0.0174709168533089,0.0174763769632395,0.0174789039122291,0.0174781087383982,0.0174738656886558,0.0174663221804782,0.0174558872479712,0.0174431993506954,0.0174290760384762,0.0174144493908883,0.0174002922739298,0.0173875411960212,0.0173770218469187,0.017369383235577,0.0173650457036493,0.0173641670181692,0.0173666293241373,0.017372048084103,0.01737980237963,0.0173890842314962,0.0173989630438041,0.017408460023659,0.0174166265896723,0.0174226204389434,0.0174257731213864,0.0174256436513315,0.0174220538130373,0.0174151023035289,0.01740515658535,0.0173928231453967,0.01737889861241,0.0173643057259867,0.0173500193540562,0.0173369885349239,0.0173260608135067,0.0173179149215737,0.017313007138345,0.0173115355309118,0.0173134248204989,0.0173183329730399,0.0173256788957161,0.0173346889621765,0.0173444586186088,0.0173540241611286,0.01736243901192,0.0173688485046622,0.0173725573294392,0.0173730843686192,0.0173702006396266,0.0173639473785451,0.0173546328465255,0.0173428080942164,0.0173292235517993,0.017314769808008,0.0173004071932645,0.0172870896886013,0.017275689159764,0.0172669259183352,0.0172613111400167,0.0172591057651633,0.0172602992334581,0.0172646098485328,0.0172715068415103,0.0172802524462822,0.0172899606684685,0.0172996680660628,0.0173084108715228,0.0173153022481399,0.0173196034359078,0.0173207830190726,0.0173185595090518,0.0173129238003708,0.0173041397010992,0.0172927225230045,0.0172793974973979,0.0172650414185228,0.0172506122693602,0.017237072535988,0.0172253123884254,0.017216078872336,0.0172099167352102,0.0172071255506819,0.017207736478771,0.017211510412887,0.0172179575511525,0.0172263767380635,0.0172359113877367,0.0172456175292181,0.0172545385914843,0.017261781038188,0.0172665849146401,0.0172683837884426,0.0172668494100571,0.0172619176139513,0.0172537934318765,0.0172429349971635,0.0172300174705576,0.0172158797862881,0.0172014583715843,0.0171877130238986,0.0171755507633381,0.0171657536704675,0.0171589164506668,0.0171553987389798,0.0171552960156152,0.0171584315313486,0.0171643699696846,0.017172451836287,0.0171818458983199,0.0171916155233251,0.0172007936120771,0.0172084600915727,0.0172138157060374,0.0172162461353653,0.0172153712509841,0.0172110755217923,0.0172035171139208,0.0171931149671781,0.0171805149311312,0.0171665377461675,0.0171521131139895,0.0171382052033298,0.0171257356004512,0.0171155098905451,0.0171081537296421,0.0171040634649622,0.0171033751595874,0.0171059543857875,0.0171114074948483,0.0171191133764448,0.0171282731136909,0.0171379735463134,0.0171472596868374,0.0171552102747813,0.0171610105415381,0.0171640164973127,0.0171638057192885,0.0171602106721007,0.0171533319532807,0.0171435304211378,0.0171313988046798,0.0171177149890416,0.0171033806014528,0.0170893496889482,0.0170765530856462,0.0170658244395542,0.0170578337677148,0.0170530338420171,0.0170516237228911,0.0170535324265779,0.0170584241261918,0.0170657245642118,0.0170746666359388,0.0170843515398948,0.0170938206165726,0.0171021321135754,0.0171084366920781,0.0171120455667319,0.0171124857539012,0.0171095379501988,0.0171032539836924,0.0170939524471275,0.0170821928954798,0.0170687307284863,0.0170544564438708,0.0170403242056391,0.0170272755129,0.0170161641103318,0.0170076881361827,0.0170023348855881,0.0170003425316558,0.0170016817725848,0.0170060587676586,0.0170129390236084,0.0170215902415427,0.0170311406649425,0.0170406482841297,0.0170491754298695,0.0170558628876531,0.0170599977200213,0.0170610694945401,0.0170588105331688,0.017053217044886,0.0170445494823967,0.0170333120725588,0.0170202130943123,0.0170061089902955,0.0169919366738627,0.0169786393302388,0.0169670915422192,0.016958029660052,0.0169519929663282,0.0169492803706372,0.0169499261568668,0.0169536967964774,0.0169601091629304,0.0169684687714301,0.0169779250534411,0.0169875392799721,0.0169963596913707,0.0170034977773816,0.0170081995411222,0.0170099059814752,0.0170082978991438,0.0170033213994864,0.0169951920338872,0.0169843772670509,0.0169715587298279,0.0169575773572942,0.0169433658808087,0.0169298741377829,0.0169179932153895,0.0169084845125117,0.0169019193765645,0.0168986340825416,0.0168987036548982,0.0169019365083759,0.0169078902303946,0.0169159071675305,0.0169251669305688,0.0169347516153141,0.0169437185590955,0.0169511748941424,0.0169563480520247,0.016958646711353,0.0169577074318037,0.0169534233298751,0.0169459525487689,0.016935705849599,0.0169233142769221,0.0169095794020743,0.016895410011001,0.0168817501813297,0.0168695043998882,0.0168594656390697,0.0168522521069424,0.0168482577269983,0.0168476203438306,0.0168502102704727,0.0168556401885159,0.0168632957011088,0.0168723841618022,0.0168819979067849,0.0168911868354407,0.0168990345104433,0.0169047316427301,0.0169076410167365,0.0169073485917008,0.0169036966373155,0.0168967962310713,0.0168870181298256,0.0168749627861254,0.0168614119693988,0.0168472659387822,0.0168334712734954,0.0168209451972465,0.0168105024766658,0.0168027907229967,0.0167982392161188,0.0167970252636245,0.0167990606900836,0.0168039994338302,0.0168112655460738,0.0168200992829582,0.0168296175824089,0.0168388841214737,0.0168469834271457,0.0168530932157473,0.016856549290287,0.0168568979225326,0.0168539316348461,0.0168477055912288,0.0168385333078589,0.0168269619950853,0.0168137294314817,0.0167997057230121,0.0167858244968146,0.0167730089227942,0.0167620983852411,0.0167537816105532,0.0167485415894294,0.0167466167336183,0.0167479814379068,0.0167523476789931,0.0167591876039023,0.0167677753778623,0.0167772450037144,0.0167866595135696,0.0167950859818913,0.0168016703097186,0.0168057057327943,0.016806689509442,0.0168043631996873,0.0167987332767295,0.0167900704126606,0.016778887523183,0.0167658983898398,0.0167519602494597,0.0167380050188429,0.016724964713961,0.0167136970652956,0.0167049172894272,0.0166991414488066,0.0166966458610818,0.0166974456992994,0.0167012943778363,0.0167077036737093,0.0167159829083928,0.0167252940271113,0.0167347181761974,0.0167433284983795,0.0167502634106346,0.0167547946236193,0.0167563845911864,0.0167547289056171,0.016749780323398,0.0167417525360814,0.0167311033801254,0.0167184987807158,0.0167047602239973,0.0166907998430638,0.0166775481932682,0.0166658803999749,0.016656546524892,0.0166501116922836,0.0166469107685265,0.0166470212611391,0.0166502566814473,0.016656180997524,0.0166641431095687,0.0166733286492451,0.0166828249839712,0.0166916942222568,0.0166990483531212,0.0167041204598929,0.0167063262451076,0.0167053108759999,0.0167009773543203,0.0166934941270859,0.0166832813503956,0.0166709769514535,0.0166573852669785,0.0166434124413904,0.0166299938284716,0.0166180192613715,0.0166082621874776,0.0166013183092105,0.0165975585744905,0.0165971001919857,0.0165997978946749,0.0166052560518937,0.0166128605700429,0.0166218279680436,0.0166312676898478,0.016640252713406,0.0166478928945246,0.0166534052869928,0.0166561759282824,0.0166558082596859,0.0166521544040368,0.0166453268619498,0.0166356897033696,0.0166238299180486,0.0166105111358105,0.0165966133173903,0.0165830631331862,0.0165707604963835,0.0165605070414037,0.0165529422168383,0.0165484920996246,0.0165473350649717,0.0165493871282427,0.0165543082128553,0.0165615289227452,0.0165702957474269,0.0165797311325534,0.0165889036274249,0.0165969024768777,0.0166029106390695,0.0166062703227822,0.0166065357386697,0.016603508794795,0.0165972548516192,0.0165880972755303,0.0165765912605511,0.016563479076611,0.016549630402811,0.0165359725919614,0.0165234164995792,0.016512783840679,0.0165047418854176,0.0164997506798353,0.0164980269354914,0.0164995273695539,0.0165039527171645,0.0165107720051772,0.0165192650889577,0.0165285800275323,0.0165378007205471,0.0165460194499177,0.0165524086188422,0.0165562860742029,0.0165571689139729,0.0165548115780733,0.0165492252404758,0.016540676976902,0.0165296687612045,0.0165168979153232,0.0165032020817022,0.0164894930021547,0.0164766842868696,0.01646561886527,0.0164570018707769,0.0164513443084663,0.0164489220223752,0.0164497532897058,0.0164535969128833,0.0164599710582907,0.0164681914206212,0.0164774257132581,0.0164867601418515,0.016495272530826,0.0165021062199343,0.0165065387685,0.0165080399065129,0.0165063140326205,0.0165013238169183,0.0164932930136455,0.0164826882864211,0.0164701815509267,0.0164565959121937,0.016442839593988,0.0164298332168238,0.0164184362931361,0.0164093788307807,0.0164032034801561,0.0164002227799716,0.0164004948306816,0.016403819246339,0.016409753616439,0.016417649080838,0.0164267021212328,0.0164360184227278,0.0164446837463898,0.016451836234346,0.0164567344758707,0.0164588160060928,0.0164577416659431,0.0164534223615298,0.0164460261316932,0.016435964958434,0.0164238623269508,0.0164105040468912,0.016396776167114,0.0163835948433859,0.0163718336681708,0.0163622541960595,0.0163554451816934,0.0163517753982215,0.0163513638594204,0.0163540698996766,0.0163595039835188,0.0163670584549126,0.016375955831714,0.0163853108267166,0.0163942011445804,0.016401741362651,0.0164071539281307,0.0164098315256727,0.016409385767796,0.0164056782704732,0.0163988316057512,0.0163892192601755,0.0163774354407947,0.0163642472121323,0.0163505328731413,0.0163372115741332,0.0163251698508436,0.0163151909720404,0.0163078927430951,0.016303678697518,0.0163027065007938,0.0163048759871886,0.0163098376771534,0.0163170210077754,0.0163256799687202,0.0163349524817884,0.0163439287988738,0.0163517235096275,0.0163575454985251,0.0163607603788695,0.0163609405311857,0.0163578988380174,0.0163517034720825,0.0163426725706979,0.0163313492000631,0.0163184585498058,0.0163048506831103,0.0162914333038975,0.016279099809299,0.0162686583035656,0.016260767209882,0.0162558826210156,0.0162542216195126,0.0162557445518168,0.0162601577540313,0.016266936604576,0.0162753671398475,0.0162846029500108,0.0162937328127098,0.0163018536361318,0.0163081428394427,0.0163119243278682,0.0163127227205742,0.0163103014325677,0.0163046815279786,0.0162961398377342,0.0162851865272413,0.0162725239640959,0.0162589902412344,0.0162454919428099,0.0162329315969214,0.0162221356632434,0.0162137888200322,0.0162083797631853,0.016206162773193,0.0162071380296026,0.0162110521538703,0.0162174188513867,0.0162255579307289,0.0162346495377084,0.0162437992708913,0.0162521090265297,0.0162587480025692,0.0162630182974523,0.0162644099713832,0.0162626412670188,0.0162576808484984,0.0162497503179295,0.0162393067986218,0.0162270069232041,0.0162136550197247,0.0162001395369732,0.0161873626888869,0.0161761688505012,0.0161672773628813,0.0161612250922725,0.0161583233550918,0.016158632708887,0.0161619576995416,0.0161678620617574,0.0161757032286405,0.0161846834503193,0.0161939134703408,0.0162024836688328,0.0162095369458678,0.016214337453831,0.0162163296153178,0.0162151826516548,0.0162108170234994,0.01620341065198,0.016193384433179,0.0161813682484166,0.0161681502611595,0.0161546136368221,0.0161416658131753,0.0161301660176261,0.0161208568401212,0.0161143053194737,0.0161108582083053,0.0161106149117389,0.0161134201552659,0.0161188768594987,0.0161263781120157,0.0161351556413493,0.0161443409174698,0.0161530340255934,0.0161603748706679,0.0161656111170942,0.0161681575520603,0.0161676422434779,0.0161639358887263,0.0161571620506951,0.0161476874650619,0.016136093162052,0.0161231286469356,0.0161096527062232,0.0160965654575173,0.0160847369695581,0.0160749380872869,0.0160677789635081,0.0160636602181414,0.0160627406617497,0.0160649242182936,0.0160698671690129,0.0160770052257664,0.0160855983450213,0.0160947897413931,0.0161036743837707,0.016111371467546,0.0161170950207305,0.0161202169413373,0.0161203173643124,0.0161172182761207,0.0161109976578831,0.0161019830308353,0.0160907249596638,0.0160779526942236,0.0160645155666262,0.0160513148985285,0.01603923192234,0.0160290575158837,0.0160214293673711,0.016016781549891,0.0160153104576702,0.0160169597316425,0.0160214252842925,0.0160281799384642,0.0160365156476801,0.0160455998928912,0.0160545417615272,0.0160624624869475,0.0160685649046462,0.0160721963838581,0.0160729003127156,0.0160704521146668,0.0160648769831248,0.0160564479436348,0.0160456643791535,0.0160332126731923,0.0160199120265777,0.0160066496777079,0.0159943106064085,0.0159837072570608,0.0159755148421809,0.0159702173807573,0.0159680688109424,0.0159690723464142,0.0159729798041168,0.0159793110344114,0.0159873919675728,0.015996408285952,0.0160054704572492,0.0160136849226428,0.0160202257068133,0.0160244006599989,0.0160257069679796,0.0160238714370514,0.0160188722998026,0.0160109407895966,0.0160005423771306,0.0159883392182704,0.0159751368879156,0.015961819737631,0.0159492801106936,0.0159383471120116,0.0159297206345131,0.0159239158919635,0.0159212228366407,0.0159216836212391,0.0159250898044699,0.0159309994251273,0.0159387725062225,0.0159476221149822,0.0159566769005573,0.0159650501509561,0.0159719099241063,0.0159765447500297,0.0159784197674527,0.0159772189127793,0.015972869864736,0.0159655497876645,0.0159556714119374,0.0159438505240031,0.0159308573893386,0.0159175558896251,0.0159048351305527,0.0158935388951177,0.0158843985221377,0.0158779745515163,0.0158746118083683,0.0158744115526472,0.0158772229847626,0.0158826548708007,0.0158901064435863,0.0158988151722806,0.0159079176086319,0.0159165184389488,0.0159237621913562,0.0159289018195352,0.0159313586207215,0.0159307686331426,0.0159270117508061,0.0159202212058505,0.0159107726762226,0.0158992539352013,0.0158864175304584,0.015873120342904,0.0158602549250258,0.0158486781663651,0.015839143020473,0.0158322387399629,0.0158283443419464,0.0158275989395712,0.015829891218384,0.0158348688099505,0.0158419667352311,0.0158504525857584,0.015859484808038,0.0158681794573572,0.0158756801561674,0.0158812257647475,0.0158842104625003,0.015884231538589,0.0158811211582143,0.0158749596256798,0.0158660691035766,0.0158549882601951,0.0158424297995191,0.0158292241740321,0.0158162538821424,0.0158043835124365,0.0157943910507009,0.0157869058891298,0.0157823584804827,0.0157809456949076,0.0157826147176041,0.0157870668563446,0.015793781029322,0.015802055115214,0.0158110619020127,0.0158199151814337,0.015827740692902,0.0158337461996695,0.0158372850275649,0.0158379079196646,0.0158353990117626,0.0158297930264993,0.0158213723092593,0.0158106439664559,0.0157982989863056,0.0157851566854848,0.0157720990022744,0.0157599999499586,0.0157496558990227,0.0157417222580854,0.0157366615843352,0.0157347072135782,0.0157358452326546,0.0157398161332909,0.0157461359175617,0.0157541348995596,0.0157630110763216,0.0157718938181623,0.0157799128375433,0.0157862670017787,0.0157902875902933,0.0157914910519798,0.0157896171470657,0.0157846494943434,0.015776816908353,0.015766575405231,0.0157545722661694,0.0157415949525291,0.015728508856614,0.0157161887593721,0.0157054493856498,0.0156969805534456,0.0156912920853129,0.0156886729037101,0.0156891676253473,0.015692572592427,0.0156984517385051,0.0157061710989379,0.0157149492638374,0.0157239197631335,0.0157322003857718,0.0157389638558121,0.0157435041637978,0.0157452931898747,0.01574402303157,0.0157396306074532,0.0157323025552505,0.015722460053764,0.0157107248308478,0.0156978691387853,0.0156847537648948,0.0156722590986554,0.0156612148172545,0.0156523338315131,0.015646155751569,0.0156430043308849,0.0156429622053589,0.0156458648555085,0.0156513141881842,0.0156587105781668,0.0156673007574396,0.0156762377112668,0.0156846478284139,0.0156917000157525,0.0156966713547619,0.0156990041580478,0.0156983499624824,0.0156945970220721,0.0156878791535155,0.0156785652357426,0.0156672301637057,0.0156546095016317,0.0156415413660642,0.0156289000891536,0.015617526877907,0.0156081629403967,0.0156013903805698,0.0155975855844376,0.0155968888672089,0.0155991928814632,0.0156041507928659,0.0156112036384958,0.0156196247337193,0.0156285776149156,0.0156371829011494,0.0156445887123712,0.0156500389635849,0.0156529340054108,0.0156528786981309,0.0156497140323183,0.015643529749502,0.0156346569582955,0.0156236413652073,0.0156111993160722,0.0155981602383799,0.0155854001623887,0.0155737716900443,0.0155640360312699,0.0155568025302619,0.0155524804790692,0.0155512470077189,0.0155530335298444,0.0155575317256543,0.0155642184923585,0.015572397809639,0.0155812561590318,0.0155899270914242,0.0155975598361858,0.0156033865491089,0.0156067829276835,0.0156073174604392,0.0156047854694106,0.0155992252829088,0.0155909152602722,0.0155803518833318,0.0155682106128722,0.015555292559381,0.0155424611302137,0.0155305736124883,0.0155204130770465,0.0155126260028076,0.0155076706045142,0.0155057800208882,0.0155069433523297,0.0155109061283197,0.0155171902457235,0.0155251318621535,0.0155339342699085,0.015542731539214,0.0155506578214736,0.015556916728473,0.0155608451883128,0.0155619666172005,0.0155600291020155,0.0155550255008873,0.0155471938447098,0.0155369980345883,0.0155250904341211,0.015512259414171,0.0154993661088676,0.0154872754961467,0.0154767873556833,0.0154685726397793,0.0154631203194579,0.0154606988889618,0.015461335514045,0.0154648143957458,0.0154706943981194,0.015478344467889,0.0154869939761993,0.0154957939542176,0.015503884367293,0.0155104621312268,0.0155148445396184,0.0155165231401978,0.0155152038467287,0.0155108301495694,0.0155035876082436,0.0154938892665378,0.015482343112312,0.0154697041034796,0.0154568144972176,0.0154445371554949,0.0154336870752752,0.0154249665551981,0.0154189091497874,0.0154158368983,0.0154158342935327,0.0154187411445192,0.0154241649827858,0.0154315120884752,0.0154400347062954,0.0154488907070751,0.0154572109311801,0.0154641688054735,0.015469046614823,0.015471293062354,0.015470567455848,0.0154667669487913,0.0154600346450183,0.0154507479298559,0.0154394879955664,0.015426993056448,0.0154140990687605,0.015401672766786,0.0153905424170541,0.0153814318410892,0.0153749029633259,0.0153713114325357,0.0153707787961658,0.0153731833629721,0.0153781703866527,0.0153851806718711,0.015393495265857,0.0154022926562902,0.0154107139354402,0.0154179307840347,0.0154232109271658,0.0154259759340233,0.0154258468478892,0.0154226740864244,0.0154165492721159,0.0154077980541755,0.0153969544652415,0.0153847188024973,0.0153719023154091,0.0153593630209686,0.0153479376782445,0.0153383752851867,0.0153312773779532,0.0153270499079208,0.0153258705745264,0.0153276742767255,0.015332157913837,0.0153388042298828,0.0153469228673303,0.0153557053939597,0.0153642899115626,0.015371830055499,0.0153775628234924,0.0153808697575291,0.0153813265318422,0.0153787369313578,0.0153731484708264,0.0153648484043849,0.0153543404780884,0.0153423043418105,0.0153295409313702,0.0153169082505621,0.0153052527418073,0.015295341770022,0.0152878026243409,0.0152830728791564,0.0152813660096086,0.0152826549176433,0.015286674595073,0.0152929436347471,0.0153008028129174,0.0153094676261453,0.0153180905872656,0.0153258283499888,0.0153319083846714,0.0153356899822025,0.0153367148127723,0.0153347430843726,0.0153297724738252,0.015322038349274,0.0153119952571167,0.0153002810991586,0.015287666776497,0.0152749952279365,0.0152631146468442,0.0152528111414177,0.0152447461661002,0.0152394036970058,0.0152370513844883,0.0152377188414557,0.0152411948840897,0.0152470440274369,0.015254640979772,0.0152632204173559,0.0152719380806198,0.0152799383084881,0.0152864225864014,0.0152907135744259,0.0152923094281986,0.0152909240097824,0.0152865097394274,0.0152792612560819,0.0152695996126595,0.0152581383089432,0.0152456339373785,0.0152329254608698,0.0152208670462495,0.0152102598663793,0.0152017883294174,0.0151959658064008,0.0151930941446077,0.0151932401327139,0.0151962307115744,0.01520166721925,0.0152089574517955,0.0152173629339993,0.0152260576243563,0.0152341934037966,0.0152409671823478,0.0152456843475673,0.0152478135843581,0.015247028786406,0.0152432347910753,0.0152365749228585,0.0152274197390706,0.0152163378368206,0.0152040509887059,0.0151913771090201,0.0151791655130406,0.0151682295501076,0.0151592819248698,0.0151528778468639,0.0151493705648306,0.0151488828817941,0.0151512969852996,0.0151562634720807,0.0151632289163646,0.0151714798423537,0.0151801996266157,0.0151885337864613,0.0151956584054055,0.0152008461747825,0.0152035247146756,0.0152033224572588,0.015200098379741,0.0151939531846821,0.0151852210386096,0.015174442566712,0.015162321322917,0.0151496672827978,0.0151373319384546,0.0151261402328194,0.0151168248036242,0.015109967792389,0.0151059548305029,0.0151049448059118,0.0151068577340852,0.0151113816121762,0.0151179976346944,0.0151260217047809,0.0151346589013602,0.0151430665635628,0.0151504210062402,0.0151559826241362,0.0151591542863067,0.0151595284531644,0.015156919330943,0.0151513775484649,0.0151431862054247,0.0151328385899136,0.0151209992862873,0.0151084516924127,0.0150960360437463,0.0150845828116003,0.0150748467323095,0.0150674466954476,0.0150628162777258,0.0150611688936975,0.0150624804037035,0.015066490649003,0.0150727238724921,0.0150805264549898,0.0150891189867143,0.0150976585234909,0.0151053060410547,0.0151112936620452,0.0151149862274222,0.0151159322270156,0.0151138999635211,0.0151088960281625,0.0151011646084963,0.0150911677072661,0.0150795479000764,0.0150670766736778,0.0150545925465013,0.0150429339794615,0.0150328724743822,0.0150250512085756,0.0150199340810511,0.0150177691892205,0.0150185695806986,0.0150221127285117,0.0150279586803246,0.0150354853602642,0.0150439381699587,0.0150524899358455,0.0150603064580846,0.0150666124935767,0.0150707529894016,0.0150722447741591,0.0150708146736019,0.0150664210765519,0.0150592572581291,0.0150497361821828,0.0150384579519711,0.0150261624421428,0.0150136708122215,0.0150018204803145,0.0149913986647102,0.0149830797437271,0.0149773714212798,0.0149745740212706,0.0149747562098684,0.0149777491446088,0.0149831595844653,0.0149904009828091,0.014998740138363,0.0150073557082089,0.015015403900838,0.0150220860610641,0.0150267126912589,0.0150287587362436,0.0150279056620813,0.0150240669245285,0.0150173947704131,0.0150082678381907,0.0149972605916473,0.0149850970942487,0.0149725928871958,0.0149605896758881,0.0149498880889198,0.0149411839064684,0.0149350128466958,0.0149317082770495,0.0149313751518713,0.0149338821669034,0.0149388726719822,0.0149457934028248,0.0149539386919422,0.0149625066095698,0.0149706625688117,0.0149776053742701,0.0149826305306395,0.0149851858575483,0.0149849150605608,0.0149816858477156,0.0149756003895688,0.0149669873010479,0.0149563757619041,0.0149444537794904,0.0149320138365767,0.0149198901700325,0.0149088926107526,0.014899742214053,0.0148930137904592,0.0148890899210871,0.0148881301561986,0.0148900579161855,0.014894566221457,0.0149011418719893,0.0149091062021075,0.0149176691836219,0.0149259925587056,0.0149332569401089,0.0149387274769476,0.0149418127802442,0.0149421123355675,0.0149394485634112,0.0149338809413393,0.0149257010639446,0.0149154090639987,0.0149036733275956,0.0148912767875803,0.0148790541588403,0.014867825191551,0.01485832930717,0.0148511668343859,0.0148467515031338,0.0148452779332737,0.0148467066407774,0.0148507676739544,0.0148569825043041,0.0148647023579636,0.0148731598980652,0.0148815301453254,0.0148889958221099,0.0148948119756476,0.0148983648081008,0.0148992201099878,0.0148971575162262,0.0148921879102884,0.0148845526080266,0.0148747043671318,0.0148632716883976,0.0148510091887208,0.0148387379245736,0.0148272803422277,0.0148173949711226,0.0148097160277947,0.0148047027470565,0.0148026025168185,0.0148034308122033,0.0148069695925763,0.0148127843552955,0.0148202585498301,0.0148286426566352,0.0148371140342192,0.0148448427392662,0.0148510580166815,0.0148551100894369,0.0148565222546177,0.014855029074234,0.0148505975726526,0.0148434297315972,0.0148339460995399,0.0148227518734773,0.0148105882307955,0.0147982728679932,0.0147866345529599,0.0147764469584899,0.014768367080851,0.0147628831513456,0.0147602761539036,0.0147605979427195,0.0147636676145912,0.014769086341405,0.0147762694164076,0.014784492919621,0.0147929512682843,0.0148008210819233,0.0148073263237583,0.0148117996072658,0.0148137348729525,0.0148128273181742,0.014808997455832,0.0148023974153634,0.0147933989851559,0.0147825643182364,0.0147706015738645,0.0147583089489652,0.0147465114785486,0.0147359955770067,0.0147274464961303,0.0147213936687413,0.0147181683061504,0.0147178766720425,0.0147203912330112,0.014725360471886,0.0147322366515307,0.014740319359552,0.0147488113774742,0.0147568824108886,0.0147637355678774,0.0147686712311253,0.0147711431594277,0.0147708022725627,0.0147675245746259,0.0147614209673483,0.0147528281807066,0.0147422815791926,0.0147304720679376,0.0147181906075292,0.0147062648407783,0.0146954929511939,0.014686580062573,0.0146800822483327,0.0146763625803495,0.014675562665467,0.0146775918678851,0.0146821349950873,0.0146886777533426,0.0146965478814306,0.0147049686576974,0.0147131205302419,0.0147202060051732,0.0147255126884044,0.0147284695352113,0.0147286919073541,0.0147260119211332,0.0147204917163387,0.0147124185990835,0.0147022824188187,0.0146907369296692,0.0146785481483229,0.0146665337495275,0.0146554982539641,0.0146461691118295,0.0146391387448111,0.0146348171748804,0.0146333990591591,0.0146348478202819,0.014638898203331,0.0146450771193187,0.0146527411706508,0.0146611279068959,0.0146694167331078,0.0146767945856581,0.0146825210810632,0.0146859878738327,0.0146867674251173,0.0146846472400358,0.0146796468071945,0.0146720158783483,0.0146622142475882,0.0146508746976051,0.0146387521422979,0.0146266630962635,0.0146154203596463,0.0146057681690796,0.0145983230049399,0.0145935247639929,0.0145916021448205,0.0145925549301311,0.014596154489991,0.0146019623847127,0.0146093655242296,0.0146176250469858,0.0146259350162922,0.0146334862817627,0.0146395304745146,0.0146434391177925,0.0146447532296029,0.0146432195392732,0.0146388104835455,0.0146317264134717,0.0146223798312268,0.0146113628755945,0.0145994005805837,0.0145872935497542,0.0145758545363753,0.0145658439248641,0.0145579092219354,0.0145525333720133,0.0145499960348563,0.0145503509587162,0.0145534213230876,0.0145588135005184,0.0145659482060176,0.0145741065899604,0.0145824876098927,0.0145902720919501,0.0145966883362879,0.0146010739769908,0.0146029290928599,0.0146019562666989,0.0145980843530189,0.0145914740440247,0.014582504804972,0.0145717442599837,0.0145599025290392,0.0145477752315566,0.0145361797774524,0.014525890084642,0.0145175749546291,0.0145117450101929,0.014508712388123,0.0145085663428303,0.0145111666323608,0.0145161551307236,0.0145229846618518,0.0145309627026463,0.0145393064570124,0.014547204935618,0.0145538831450324,0.0145586633376128,0.0145610185176837,0.0145606140204235,0.0145573339202076,0.0145512902052756,0.0145428139890987,0.0145324294246573,0.0145208123441398,0.014508736852741,0.0144970140591942,0.014486427753148,0.0144776720989975,0.0144712962894995,0.014467660589145,0.0144669073204717,0.0144689491678917,0.0144734757937566,0.01447997829948,0.0144877896363897,0.0144961377811989,0.0145042074386752,0.0145112053144623,0.0145164236895778,0.0145192971580928,0.0145194479439143,0.0145167161365387,0.0145111724038848,0.0145031121618757,0.0144930316934204,0.0144815881817774,0.01446954692249,0.0144577199957464,0.0144469013443314,0.0144378034690995,0.0144310008033946,0.0144268842661212,0.0144256305662672,0.0144271886254812,0.0144312841108441,0.0144374416395941,0.0144450228346185,0.0144532771726562,0.0144614015731645,0.0144686040082034,0.0144741661246489,0.0144774999718727,0.014478194401403,0.0144760475117615,0.0144710825970342,0.0144635463443311,0.0144538894117469,0.0144427308924982,0.0144308094277037,0.0144189247806542,0.0144078744529949,0.0143983903419394,0.0143910804620073,0.0143863803757169,0.0143845182273096,0.0143854962149596,0.0143890900491318,0.0143948665181536,0.0144022178239421,0.0144104099840163,0.0144186414428566,0.0144261071966718,0.0144320632763741,0.0144358863880223,0.0144371238862375,0.0144355300324753,0.0144310856067383,0.0144239993008241,0.0144146908036264,0.0144037569712573,0.0143919238408372,0.0143799883876262,0.0143687547429705,0.0143589700128676,0.0143512648336719,0.0143461033864045,0.0143437468097485,0.0143442328676727,0.014347373420762,0.0143527698239327,0.0143598449490491,0.0143678892305269,0.0143761170549152,0.0143837290316288,0.0143899752404315,0.0143942144861748,0.014395964914477,0.01439494203014,0.0143910811518047,0.0143845425475096,0.0143756988363987,0.0143651056201045,0.0143534576238103,0.0143415337742634,0.0143301355213884,0.0143200232515472,0.0143118558089834,0.0143061379284252,0.0143031797929368,0.0143030719958361,0.0143056779686433,0.0143106445412866,0.0143174298483542,0.0143253464036559,0.0143336159377804,0.0143414316228682,0.0143480226823618,0.0143527161683931,0.0143549909115912,0.0143545192837192,0.0143511934010671,0.0143451336546184,0.0143366788871221,0.0143263590340601,0.0143148524747367,0.0143029315722291,0.0142914008142812,0.0142810325366246,0.0142725053818403,0.0142663504080508,0.0142629091242946,0.0142623067436224,0.01426444270269,0.0142689991126814,0.0142754663943282,0.0142831840102793,0.0142913930333408,0.0142992963697696,0.0143061218720991,0.0143111833739853,0.0143139348667266,0.0143140135859634,0.0143112686419085,0.01430577294849,0.014297817507937,0.0142878884867094,0.014276628863634,0.0142647876366621,0.0142531605544366,0.0142425270226744,0.0142335881655822,0.0142269109606328,0.0142228829068786,0.0142216808696175,0.0142232566363334,0.0142273404054096,0.0142334620042124,0.0142409882036068,0.0142491731816618,0.0142572181084154,0.0142643350718052,0.0142698102015652,0.0142730608984602,0.0142736825393194,0.0142714808747071,0.014266487500912,0.0142589571707031,0.0142493471854256,0.0142382805608995,0.0142264959671438,0.0142147885047109,0.0142039461083685,0.014194686697484,0.0141876010975372,0.0141831062591011,0.0141814124522964,0.0141825069865246,0.0141861556813744,0.0141919218972062,0.0141992015417307,0.0142072712201882,0.0142153456883844,0.0142226400662667,0.0142284319170215,0.0142321183182862,0.0142332634524851,0.0142316329943085,0.0142272126109612,0.0142202091277843,0.0142110342547654,0.0142002721251421,0.0141886331683453,0.014176897923768,0.0141658552055324,0.0141562394855019,0.0141486724417379,0.0141436133201623,0.0141413220941574,0.0141418384169746,0.0141449781136123,0.0141503475551908,0.0141573748220915,0.0141653552106417,0.0141735074750985,0.0141810363107805,0.0141871960531461,0.0141913504480653,0.0141930236586173,0.0141919383849295,0.014188038019714,0.0141814910559314,0.0141726774038387,0.0141621577476587,0.014150628450913,0.0141388656821606,0.0141276632833572,0.0141177693810166,0.0141098268173419,0.0141043221499734,0.0141015472573157,0.0141015765502659,0.0141042615238776,0.0141092429975912,0.0141159800014816,0.0141237929679128,0.0141319177756985,0.0141395663538576,0.0141459890555827,0.0141505338988833,0.0141526980373342,0.0141521674409835,0.014148841685106,0.0141428419009235,0.0141345012555156,0.014124338694715,0.0141130179911797,0.0141012952888571,0.0140899592432961,0.0140797684593706,0.0140713911712417,0.0140653519614487,0.0140619897798436,0.0140614306426426,0.0140635772414018,0.0140681163597153,0.0140745435779308,0.0140822033498743,0.0140903412779833,0.014098164408379,0.0141049047042728,0.0141098805870669,0.0141125515776682,0.0141125616169024,0.0141097675571043,0.0141042505253448,0.0140963092575009,0.0140864359680406,0.0140752767312246,0.0140635795959561,0.0140521346411004,0.0140417108162889,0.0140329946473803,0.014026535699522,0.0140227031132816,0.0140216566211384,0.0140233342871908,0.0140274578777861,0.0140335553660365,0.0140409987157923,0.0140490538972787,0.0140569391508478,0.0140638868978574,0.0140692044328269,0.014072328636243,0.0140728704209847,0.0140706454352151,0.0140656886236029,0.014058251506373,0.0140487823756853,0.0140378909372483,0.0140263001470479,0.0140147890112552,0.0140041308432811,0.013995031844246,0.0139880748665008,0.0139836728382336,0.0139820355944767,0.0139831528193847,0.0139867945291845,0.0139925291194594,0.0139997575861959,0.014007761225271,0.0140157590202242,0.014022970126946,0.0140286764264536,0.0140322800913262,0.0140333515079334,0.0140316636802841,0.0140272103401858,0.0140202063098568,0.0140110701034266,0.0140003901982548,0.0139888777326756,0.013977309477003,0.0139664656887799,0.0139570678478395,0.0139497212510756,0.01394486703511,0.0139427474174981,0.0139433868657507,0.0139465906136085,0.0139519605595935,0.0139589272162741,0.0139667951299351,0.0139747981475055,0.013982160149611,0.013988156457563,0.0139921710901332,0.013993745388598,0.0139926142111732,0.013988726866726,0.013982251143928,0.0139735601097215,0.0139632026974958,0.0139518603730947,0.0139402932584393,0.0139292799291092,0.0139195556212083,0.0139117537373761,0.0139063553083828,0.0139036504570752,0.013903714975112,0.0139064039367665,0.0139113629286026,0.0139180560672708,0.0139258086182539,0.0139338608320262,0.0139414286889754,0.0139477666718822,0.0139522275092635,0.0139543140655979,0.0139537191793668,0.0139503502233939,0.0139443364073518,0.0139360182514828,0.013925920109887,0.0139147079903172,0.0139031360983803,0.0138919864349732,0.0138820063211775,0.0138738488667045,0.0138680211280664,0.0138648440540898,0.0138644273523497,0.0138666612098014,0.0138712254555621,0.0138776153680727,0.013885182016561,0.013893183896537,0.0139008457562468,0.0139074199722341,0.0139122456503469,0.0139148008169211,0.013914743613447,0.0139119392747365,0.0139064707831421,0.0138986323600831,0.0138889062875606,0.013877924852783,0.0138664203816875,0.0138551672753963,0.0138449206059579,0.0138363561133001,0.0138300163567327,0.0138262673186925,0.013825268960997,0.0138269621433865,0.0138310730124947,0.0138371345678036,0.0138445237305366,0.0138525109919838,0.0138603186922387,0.0138671832592125,0.0138724163903688,0.0138754602291752,0.0138759320735577,0.0138736550069023,0.013868671984029,0.0138612422426949,0.0138518203448716,0.0138410195670605,0.0138295626306047,0.0138182237761533,0.0138077668590134,0.013798884432539,0.0137921426839684,0.0137879366003471,0.0137864589024407,0.0137876851585781,0.013791376180379,0.0137970974266039,0.0138042538106956,0.0138121371144271,0.0138199822351107,0.0138270278120893,0.013832576449788,0.0138360498074193,0.013837034246507,0.0138353134728826,0.0138308856207036,0.0138239634329595,0.0138149575107113,0.0138044439291054,0.013793118743454,0.0137817429377912,0.0137710821278461,0.0137618457655238,0.0137546306620572,0.0137498733333469,0.0137478149904353,0.0137484820068099,0.0137516834763909,0.0137570261252854,0.0137639454541857,0.0137717506713988,0.013779679841601,0.0137869608287206,0.0137928731297748,0.013796805616558,0.0137983055238806,0.0137971147216022,0.0137931903340024,0.0137867080451265,0.013778047843308,0.0137677633863279,0.0137565374899534,0.0137451273535106,0.0137343039520873,0.0137247904792713,0.0137172047765191,0.0137120103333439,0.0137094797247088,0.0137096733373658,0.0137124350092293,0.0137174048584717,0.0137240482163247,0.0137316983107398,0.0137396092815733,0.0137470153218902,0.0137531912844686,0.0137575099937757,0.013759491769425,0.0137588422826571,0.013755475786276,0.0137495219037044,0.013741315440647,0.0137313699990371,0.0137203374363854,0.0137089563320204,0.0136979935018367,0.0136881831660975,0.0136801685736629,0.0136744507110064,0.0136713481927575,0.0136709715754442,0.0136732142096071,0.0136777604286388,0.013684110476554,0.0136916202247641,0.0136995525324529,0.0137071361568386,0.0137136274902239,0.0137183701476409,0.0137208475858633,0.0137207244957074,0.0137178736241813,0.0137123858676186,0.0137045628327076,0.013694892484065,0.0136840098716023,0.013672646139949,0.0136615699581296,0.0136515260941301,0.0136431760591611,0.0136370455553813,0.013633482896106,0.0136326316698433,0.0136344197603637,0.0136385655166614,0.0136446005048253,0.013651906976836,0.0136597670512044,0.0136674196961285,0.0136741210073069,0.0136792030311663,0.0136821265185897,0.0136825234851382,0.0136802262543314,0.0136752807099596,0.013667942709709,0.0136586579273105,0.0136480266894518,0.0136367565501614,0.013625606308517,0.0136153258579553,0.0136065966076833,0.0135999772034307,0.0135958588831026,0.0135944340559152,0.0135956806539689,0.0135993635611025,0.0136050530714065,0.0136121589664675,0.0136199775305326,0.0136277477562292,0.013634712230443,0.0136401777996456,0.0136435711240642,0.0136444846339851,0.0136427091690668,0.0136382506589867,0.013631329506333,0.0136223627459299,0.0136119304523811,0.013600729133425,0.0135895158857889,0.0135790478249771,0.01357002166803,0.0135630183117195,0.0135584568121057,0.0135565613844221,0.0135573439832603,0.0135606037796943,0.0135659435138154,0.0135728013658054,0.0135804957652254,0.0135882795520481,0.0135953991944124,0.0136011544007177,0.0136049534518406,0.0136063599200317,0.01360512711522,0.013601217561417,0.0135948059787601,0.0135862655329042,0.0135761384132053,0.0135650930225272,0.0135538711178491,0.0135432290478455,0.0135338777184827,0.0135264260357713,0.0135213323189639,0.013518867571032,0.0135190935793954,0.0135218576589187,0.0135268045244295,0.0135334044004306,0.0135409951614468,0.0135488351582137,0.0135561625116869,0.0135622561154844,0.013566493426898,0.0135684003713974,0.0135676893220332,0.0135642820873344,0.0135583160610393,0.013550133051782,0.0135402517140478,0.0135293258320757,0.0135180918528971,0.013507309921844,0.013497703172827,0.0134899001356238,0.0134843848463557,0.0134814586109263,0.013481216421819,0.0134835398407459,0.01348810683534,0.0134944177132198,0.0135018350394147,0.0135096343433861,0.0135170615928334,0.0135233928947619,0.0135279917240171,0.0135303591897725,0.0135301734092726,0.0135273149141084,0.0135218761002751,0.0135141539722085,0.0135046267340405,0.0134939160473337,0.0134827379009968,0.0134718459373416,0.013461971682979,0.0134537664000682,0.0134477491756532,0.0134442654006112,0.0134434589838289,0.0134452605661842,0.0134493927325712,0.0134553918683365,0.0134626449707239,0.0134704385096076,0.0134780154388513,0.013484635781247,0.0134896359077291,0.0134924817283639,0.0134928114969998,0.0134904647661779,0.0134854951516061,0.0134781658862103,0.0134689285478058,0.0134583867084787,0.0134472474648606,0.0134362647745912,0.0134261791722246,0.0134176587135383,0.013411245873676,0.0134073146139265,0.013406040987176,0.0134073895538635,0.0134111166188551,0.0134167899685036,0.0134238234852273,0.0134315238487062,0.0134391455960665,0.013445950181297,0.0134512643864656,0.0134545335053621,0.0134553651356084,0.0134535601507907,0.0134491284274831,0.0134422880939304,0.0134334483514755,0.0134231771981105,0.0134121565635004,0.0134011283599663,0.0133908356843028,0.0133819638065896,0.0133750856184272,0.0133706158820476,0.0133687779496334,0.013369585655826,0.0133728418922334,0.0133781540413003,0.0133849650886265,0.0133925979639666,0.0134003095867093,0.0134073502950251,0.013413023882889,0.0134167433994918,0.0134180781966701,0.013416788418566,0.0134128441505182,0.0134064276909376,0.0133979187780914,0.0133878639858487,0.0133769327866933,0.0133658638558117,0.0133554059627564,0.0133462582066225,0.0133390143746054,0.0133341158499112,0.0133318167926762,0.0133321643185182,0.0133349951845316,0.0133399491682155,0.0133464980054592,0.0133539875424727,0.0133616897376482,0.0133688603925079,0.0133747980545134,0.0133788994574975,0.013380707153938,0.013379945616974,0.0133765429929496,0.0133706367987206,0.0133625631048746,0.0133528300363848,0.0133420776539407,0.0133310273508359,0.013320424728089,0.0133109804355585,0.0133033136513365,0.0132979026943271,0.0132950467268839,0.0132948416404528,0.0132971720976502,0.0133017204231248,0.0133079916936394,0.0133153530756171,0.0133230842971182,0.0133304352207999,0.0133366858910689,0.0133412042164999,0.0133434966325387,0.013343247650633,0.0133403450944427,0.0133348889847011,0.0133271833682406,0.0133177117774137,0.0133070983316872,0.0132960576442705,0.0132853375865082,0.0132756595246805,0.013267660830594,0.0132618442594036,0.0132585382052668,0.013257870946556,0.0132597608612866,0.0132639233220582,0.013269893661671,0.0132770643340686,0.0132847332826369,0.0132921596622828,0.0132986225093878,0.0133034777473665,0.0133062090607082,0.0133064686544028,0.0133041047070377,0.0132991733674638,0.0132919343534553,0.0132828304882737,0.0132724527606259,0.0132614936263439,0.0132506922031955,0.0132407756666724,0.013232401474019,0.0132261049964393,0.013222256731237,0.0132210325305444,0.0132223992730387,0.0132261171885223,0.0132317587132621,0.0132387424179796,0.0132463793271571,0.0132539279404141,0.013260653552251,0.0132658871008209,0.0132690787947563,0.0132698421779988,0.0132679850674206,0.0132635248687771,0.0132566870475145,0.013247886896079,0.0132376960911513,0.0132267967651462,0.0132159268219881,0.0132058209196882,0.0131971518656783,0.013190477107831,0.0131861945700699,0.0131845113145537,0.0131854274723186,0.0131887366538394,0.0131940427339747,0.0132007916131905,0.0132083153902839,0.0132158854250722,0.0132227700897132,0.0132282926555132,0.0132318847669417,0.0132331313142445,0.0132318031970823,0.0132278754174361,0.0132215290802123,0.0132131371329861,0.0132032349482274,0.0131924780408232,0.013181590225296,0.0131713062741944,0.0131623135877391,0.0131551974896037,0.0131503945070266,0.0131481573839285,0.0131485346572913,0.0131513664762493,0.0131562970553415,0.0131628028273007,0.0131702340951834,0.0131778668790095,0.0131849608066374,0.013190818392106,0.0131948409225764,0.0131965764433634,0.0131957559636,0.0131923149543554,0.0131863984050298,0.0131783490450109,0.0131686797087541,0.0131580321041895,0.0131471253328644,0.0131366983237758,0.0131274508191948,0.0131199876484275,0.0131147707336569,0.0131120826203749,0.0131120043788157,0.0131144095672647,0.0131189746729362,0.0131252051436006,0.0131324748931378,0.0131400761094688,0.0131472754025801,0.013153371860509,0.0131577524553842,0.0131599404598852,0.0131596330819084,0.0131567253682325,0.0131513185044401,0.0131437118593714,0.0131343793880159,0.0131239322227901,0.0131130703654834,0.0131025272612692,0.0130930116173902,0.013085151066093,0.013079442141887,0.0130762105621116,0.0130755850075183,0.0130774865504555,0.0130816346426115,0.0130875692451783,0.0130946873757534,0.0131022911752072,0.013109643660962,0.0131160277011202,0.0131208034647351,0.0131234597070316,0.0131236547377885,0.0131212437599192,0.0131162903776691,0.0131090613599586,0.0131000050991166,0.0130897155245588,0.0130788844093928,0.0130682459422523,0.0130585180430302,0.0130503451329488,0.0130442469217832,0.0130405772718103,0.0130394963788318,0.0130409584340204,0.0130447156808749,0.0130503384692029,0.0130572496481762,0.0130647705311455,0.0130721747797075,0.0130787459498799,0.0130838341658073,0.0130869074655153,0.0130875937952711,0.0130857103725911,0.0130812781258812,0.0130745200752059,0.0130658437646858,0.0130558091046186,0.013045084131844,0.0130343921528025,0.0130244544178771,0.0130159328399149,0.0130093772900685,0.0130051816729386,0.0130035523134798,0.0130044912240954,0.0130077956400175,0.0130130739147653,0.0130197765595525,0.0130272399899035,0.01303473950386,0.0130415472485032,0.0130469905086728,0.0130505056147459,0.0130516831160724,0.0130503005702353,0.0130463402986558,0.0130399906794314,0.013031630889864,0.0130218003580092,0.0130111554174152,0.0130004166814471,0.0129903113868932,0.012981515346596,0.0129745991642584,0.0129699829963592,0.0129679034300382,0.012968395052464,0.0129712881068528,0.01297622235652,0.0129826760028121,0.0129900073192555,0.0129975056695183,0.0130044478556164,0.0130101553499497,0.0130140479195392,0.0130156894454424,0.0130148223511494,0.0130113879415603,0.0130055310558874,0.0129975886655435,0.0129880633010102,0.0129775833736145,0.0129668534853615,0.0129565986182071,0.0129475065972664,0.0129401733812347,0.0129350555290272,0.012932433641839,0.0129323897297456,0.0129348003639379,0.0129393462263822,0.0129455373526845,0.012952752091801,0.0129602866894864,0.0129674115350306,0.0129734295603193,0.0129777320892767,0.0129798476250314,0.0129794796256513,0.0129765302142173,0.0129711079165321,0.0129635188183052,0.0129542418757424,0.0129438903941557,0.012933162806281,0.0129227867400393,0.012913460889151,0.0129057993489871,0.0129002828525704,0.0128972207662831,0.0128967268291305,0.0128987105099688,0.0129028846026222,0.0129087883856579,0.0129158244510715,0.0129233062478973,0.0129305125654819,0.0129367446528201,0.0129413814760008,0.012943928774694,0.0129440580776016,0.0129416326297204,0.0129367182044037,0.0129295779452318,0.0129206516254064,0.0129105209342471,0.0128998635023754,0.0128893992672511,0.0128798333899346,0.0128718002208642,0.0128658127564455,0.0128622216248803,0.012861186906917,0.0128626650869557,0.0128664122270465,0.0128720031632188,0.0128788652426822,0.0128863239463777,0.01289365676573,0.0129001510119533,0.0129051608996441,0.0129081592971772,0.012908779965781,0.0129068468762218,0.0129023882352703,0.0128956340945868,0.0128869977526887,0.0128770424800678,0.0128664362818649,0.0128558983648378,0.012846141626319,0.012837815786456,0.0128314557156728,0.0128274390685044,0.0128259565609544,0.0128269971946673,0.0128303495314806,0.0128356188521224,0.0128422587850233,0.0128496148573799,0.0128569764915234,0.0128636333230268,0.0128689314013157,0.012872324863524,0.0128734190366585,0.0128720015940365,0.0128680593242633,0.0128617791963575,0.0128535336324219,0.0128438511302843,0.0128333745205003,0.0128228101146289,0.012812871732921,0.0128042240256739,0.0127974295793804,0.0127929040160385,0.0127908826776461,0.012791401589318,0.0127942942783431,0.012799204769807,0.0128056157773298,0.0128128898714469,0.0128203203489901,0.0128271877346223,0.0128328173801321,0.0128366335224328,0.0128382054312315,0.0128372819098916,0.0128338113605198,0.0128279458031289,0.0128200285434904,0.0128105665066106,0.0128001894898211,0.0127895996438553,0.0127795152722273,0.0127706134793528,0.0127634762621558,0.0127585443340055,0.0127560823287655,0.0127561581095402,0.0127586377712763,0.0127631966683201,0.0127693455236556,0.012776469494068,0.0127838770652842,0.0127908549009138,0.0127967243182004,0.012800894946788,0.0128029113580988,0.012802489014816,0.0127995367323539,0.0127941638959811,0.0127866718599063,0.0127775301855558,0.0127673395654129,0.0127567843301994,0.0127465782628169,0.0127374079774654,0.0127298783302605,0.0127244641940074,0.0127214724563625,0.0127210173116582,0.0127230108681494,0.0127271698719934,0.0127330380614568,0.0127400224123223,0.0127474404123916,0.01275457459683,0.012760729967068,0.0127652896649669,0.0127677644069483,0.012767831685503,0.0127653615717303,0.0127604270362482,0.0127532979633238,0.0127444193619729,0.0127343755621383,0.0127238433116895,0.0127135375706563,0.0127041543697756,0.0126963153209727,0.0126905182175288,0.0126870976485542,0.0126861987212121,0.0126877659150811,0.0126915478828342,0.0126971177548923,0.0127039072912869,0.0127112521392436,0.0127184445881612,0.0127247896401672,0.0127296599785207,0.01273254552505,0.0127330937116633,0.0127311373152289,0.0127267076721726,0.0127200322308218,0.0127115166255433,0.0127017126665786,0.0126912747396782,0.0126809080216778,0.0126713125758579,0.0126631277385499,0.0126568812084512,0.0126529468963569,0.0126515149150212,0.012652576142528,0.0126559226486764,0.0126611640139324,0.0126677582906081,0.0126750551642159,0.012682347875357,0.0126889297444021,0.01269415075788,0.012697469655884,0.0126984973099081,0.0126970278800614,0.0126930552352567,0.0126867733222625,0.0126785604733586,0.0126689489401355,0.0126585821322784,0.0126481630306743,0.0126383979489651,0.0126299401732573,0.0126233379892269,0.0126189912232037,0.0126171197209498,0.0126177462239349,0.012620694949557,0.012625605926796,0.0126319638868527,0.0126391393657035,0.0126464387327354,0.0126531591819642,0.0126586443525382,0.0126623362084342,0.0126638191088187,0.0126628526188675,0.0126593904951798,0.0126535843584401,0.0126457717567875,0.0126364495399875,0.0126262346164799,0.0126158151614497,0.0126058961029836,0.0125971431754867,0.0125901299609379,0.012585292128049,0.0125828925358683,0.0125830000249382,0.0125854836389296,0.0125900227912827,0.0125961326165215,0.012603202525296,0.0126105449095602,0.0126174501071257,0.0126232432087098,0.0126273381272849,0.0126292845645813,0.0126288040817021,0.0126258123603363,0.0126204258588852,0.0126129523366313,0.0126038660334811,0.0125937695375998,0.0125833454416614,0.0125733016964175,0.0125643150605319,0.0125569771826444,0.0125517476213989,0.0125489175277146,0.0125485868336146,0.0125506566961467,0.0125548377286089,0.0125606733075766,0.0125675760619126,0.012574874618257,0.0125818668816844,0.0125878756364977,0.0125923020940444,0.0125946731926004,0.0125946789480901,0.0125921969295649,0.012587301938222,0.0125802601276063,0.012571508019873,0.0125616180501574,0.0125512533221257,0.0125411151107024,0.0125318872383155,0.0125241817228132,0.0125184900150192,0.0125151437151278,0.0125142879198683,0.0125158693681854,0.0125196403925185,0.0125251784249588,0.0125319195496201,0.012539203444821,0.0125463261261539,0.0125525962633501,0.012557390545564,0.0125602036317516,0.0125606886464145,0.0125586849416286,0.0125542308847411,0.0125475606539858,0.0125390853224055,0.0125293597778489,0.012519038166909,0.0125088214740775,0.012499401473429,0.0124914055617353,0.0124853468804307,0.0124815836802784,0.0124802911249158,0.012481447727741,0.0124848374440975,0.0124900671896114,0.0124965983321171,0.0125037896133908,0.0125109480804865,0.0125173840004998,0.012522465434657,0.0125256681820354,0.0125266171739824,0.0125251160796512,0.0125211628108544,0.0125149497124954,0.0125068484119781,0.0124973804958904,0.0124871762975658,0.0124769250230918,0.0124673201339891,0.0124590042873726,0.0124525181854649,0.0124482574041908,0.0124464406682042,0.0124470921503227,0.0124500392611765,0.0124549261547496,0.0124612419157007,0.0124683612157882,0.0124755942162822,0.0124822417287458,0.0124876511977821,0.0124912689861602,0.012492684737716,0.0124916642369094,0.0124881681154375,0.0124823549000549,0.0124745681650789,0.0124653088470014,0.0124551949845346,0.0124449121577991,0.0124351586325707,0.0124265896193011,0.0124197651086119,0.0124151054410222,0.0124128581288893,0.0124130785251889,0.0124156258107553,0.0124201745490727,0.0124262408329197,0.0124332209079316,0.012440439186324,0.0124472018366352,0.0124528517137219,0.0124568203090113,0.0124586726517032,0.0124581416495031,0.0124551491803054,0.0124498122778285,0.0124424339193001,0.0124334791287513,0.0124235382573974,0.0124132803059144,0.0124033999413049,0.0123945623751748,0.0123873504637405,0.012382218236647,0.012379454568839,0.0123791599189405,0.0123812380344218,0.0123854033442852,0.0123912035089552,0.0123980553713093,0.0124052914577911,0.0124122133131798,0.0124181473903816,0.0124224989997082,0.012424799965774,0.0124247461377404,0.0124222217174461,0.0124173084444287,0.0124102789117868,0.0124015745739242,0.0123917702419799,0.0123815279501632,0.0123715439298059,0.0123624929729734,0.0123549746548843,0.0123494657041844,0.0123462822901007,0.012345555186999,0.0123472197427517,0.0123510213927117,0.0123565362193636,0.0123632048660173,0.0123703770729315,0.01237736329369,0.012383489317586,0.012388149601308,0.0123908551197235,0.0123912719808216,0.0123892477820822,0.012384823650266,0.0123782310218302,0.0123698734039163,0.01236029452562,0.0123501353615485,0.0123400833960322,0.012330818118292,0.012322957045692,0.0123170065461572,0.0123133213770565,0.012312076195954,0.0123132513664481,0.0123166342467081,0.0123218359060878,0.0123283219754113,0.0123354552000843,0.0123425463164751,0.0123489091824728,0.0123539157258614,0.0123570462720656,0.0123579311827487,0.012356380443755,0.0123523988186806,0.0123461853520564,0.0123381172740751,0.0123287196266173,0.0123186230890063,0.0123085134285763,0.012299076658115,0.012290944304801,0.0122846431662301,0.0122805535518874,0.0122788793097591,0.0122796319745596,0.0122826302322868,0.0122875146759059,0.0122937766255393,0.0123007986900288,0.012307903834067,0.0123144090583104,0.0123196794541847,0.0123231783855974,0.0123245098684994,0.0123234498341412,0.0123199638271606,0.0123142097461616,0.0123065254043216,0.0122974018765638,0.0122874447111638,0.0122773260337121,0.0122677312941372,0.0122593048494119,0.0122525986929893,0.012248028415162,0.0122458399194244,0.0122460895772771,0.0122486394491692,0.0122531680115484,0.0122591955931598,0.0122661225318554,0.012273277019474,0.012279968804019,0.0122855444354771,0.0122894396093078,0.012291224385951,0.0122906376302644,0.0122876078840106,0.0122822589895538,0.0122749000272776,0.0122660004025722,0.0122561521149428,0.0122460222700549,0.0122362996757099,0.0122276398283327,0.0122206127049395,0.012215657520647,0.0122130480261272,0.0122128710605891,0.0122150200130542,0.0122192036561957,0.012224969593835,0.0122317404078479,0.0122388596009237,0.0122456436842003,0.0122514363003367,0.0122556601280989,0.0122578624946257,0.0122577511184449,0.0122552171844885,0.0122503439469682,0.0122434001843606,0.0122348190073344,0.0122251636625276,0.0122150829996348,0.0122052600933074,0.0121963580632101,0.0121889673692661,0.0121835587595776,0.0121804456251959,0.0121797587953368,0.0121814358342892,0.0121852257489565,0.0121907087797724,0.0121973297338642,0.0122044422268438,0.0122113603115543,0.0122174133582465,0.0122219997672063,0.0122246351753734,0.0122249912608011,0.0122229220123204,0.0122184753482735,0.0122118891546319,0.0122035720766438,0.0121940706370521,0.0121840253605625,0.012174119462401,0.0121650242385426,0.0121573455386998,0.012151575597862,0.0121480540556533,0.012146941237524,0.0121482057708932,0.012151627453008,0.0121568150764503,0.0121632377467798,0.0121702671772125,0.0121772275928461,0.0121834492898136,0.0121883216235054,0.0121913412639229,0.0121921519413024,0.0121905725743707,0.0121866115773244,0.0121804662178807,0.0121725070681261,0.0121632487579948,0.0121533093130578,0.0121433612534456,0.0121340782871497,0.0121260817993576,0.0121198913822191,0.0121158833509341,0.0121142605715215,0.0121150360375354,0.0121180315523148,0.012122891680588,0.0121291119125674,0.0121360788288109,0.0121431190668497,0.0121495531640761,0.0121547499493692,0.0121581771054785,0.0121594438236604,0.0121583321008675,0.0121548141462612,0.012149054496666,0.0121413966896688,0.0121323355959613,0.0121224776650361,0.0121124923040614,0.0121030583166426,0.0120948097161506,0.0120882852594431,0.0120838857191301,0.0120818422637313,0.0120821984101013,0.0120848069264711,0.01208934187733,0.012095324801425,0.0121021628989474,0.0121091961681584,0.0121157497489653,0.0121211873456133,0.0121249615322565,0.0121266569963605,0.0121260233307714,0.0121229948063203,0.0121176955770337,0.0121104299061756,0.0121016581666803,0.0120919604804471,0.0120819908358536,0.012072425283273,0.0120639082884904,0.0120570014833468,0.0120521388813023,0.0120495921370965,0.0120494486563519,0.012051604353772,0.0120557716925055,0.0120615024094293,0.0120682231471318,0.0120752811700528,0.0120819965199332,0.0120877164290551,0.0120918676079778,0.0120940021834954,0.012093833573597,0.0120912594038604,0.0120863696212313,0.0120794391601719,0.0120709057684207,0.0120613348040601,0.0120513738690642,0.0120417009551823,0.0120329702809383,0.0120257601607535,0.0120205270633252,0.0120175695030025,0.0120170046042509,0.0120187591508398,0.0120225757673019,0.0120280336792976,0.0120345823562377,0.012041585337833,0.0120483707589883,0.0120542845757006,0.012058742299075,0.0120612751773727,0.012061567210758,0.0120594801022735,0.0120550641888343,0.0120485544900349,0.0120403521766018,0.0120309929009899,0.0120211044602479,0.0120113571007576,0.0120024103660881,0.0119948606849004,0.0119891938620288,0.0119857462653403,0.0119846778222653,0.0119859590127481,0.0119893729453859,0.0119945324104113,0.01200091060177,0.0120078830861118,0.0120147776697726,0.0120209281628918,0.0120257277177329,0.0120286774462129,0.0120294263930218,0.0120277996306366,0.0120238122037659,0.0120176678056007,0.0120097423138281,0.0120005535400765,0.0119907196530084,0.0119809096400987,0.0119717898070502,0.0119639706210867,0.0119579581546755,0.0119541139875089,0.0119526267215446,0.0119534973232677,0.0119565394037425,0.0119613943606036,0.0119675601277996,0.0119744312073688,0.0119813467832139,0.0119876431048736,0.0119927060159574,0.0119960195024977,0.0119972064523355,0.0119960584299912,0.0119925521363748,0.01198685126634,0.0119792936137443,0.0119703644193761,0.0119606580327279,0.0119508308848142,0.0119415494677887,0.0119334374241227,0.0119270259298117,0.0119227113116268,0.0119207232893444,0.0119211064157045,0.0119237162511584,0.0119282306338814,0.0119341751884045,0.0119409610657742,0.0119479319191181,0.0119544163653025,0.011959781723734,0.0119634847006263,0.0119651149221137,0.011964427797253,0.0119613640601376,0.0119560544213717,0.0119488089645466,0.0119400921595818,0.0119304855318059,0.0119206410223554,0.011911228814372,0.0119028838232317,0.0118961551333953,0.0118914624102258,0.0118890627416011,0.0118890305125445,0.0118912518570702,0.011895434060019,0.0119011290997746,0.0119077694212023,0.0119147130817793,0.0119212946884898,0.0119268780973354,0.0119309067222409,0.0119329475049522,0.0119327251070541,0.0119301436520043,0.0119252943117842,0.0119184481338241,0.0119100346592357,0.011900607999744,0.0118908030254837,0.0118812850936209,0.0118726972653904,0.0118656091791872,0.0118604716443735,0.0118575805893764,0.0118570532665088,0.0118588186475821,0.0118626228221452,0.0118680490208874,0.0118745507155551,0.0118814951824701,0.0118882140519363,0.0118940567834447,0.011898442760808,0.0119009078085214,0.0119011413761328,0.011899011385831,0.0118945747355735,0.0118880726179007,0.0118799110523778,0.0118706282278848,0.0118608513099605,0.0118512462072246,0.0118424643468482,0.0118350907361881,0.0118295974637818,0.0118263063299753,0.0118253635424672,0.0118267284354119,0.0118301770518259,0.0118353202513044,0.0118416348577925,0.0118485053382133,0.0118552726872383,0.0118612866483804,0.0118659571604308,0.0118688009916012,0.0118694799053521,0.0118678273669786,0.0118638616993619,0.0118577846568627,0.0118499655226239,0.0118409119612997,0.0118312298962948,0.0118215755508606,0.0118126034236019,0.0118049143043127,0.0117990074468353,0.0117952407038676,0.0117938018195702,0.0117946932110664,0.0117977315078095,0.0118025619387317,0.01180868646043,0.0118155034083894,0.0118223555187089,0.0118285824816471,0.0118335738051785,0.0118368177246122,0.0118379422050734,0.011836744724267,0.0118332084353841,0.0118275034140116,0.0118199728994801,0.0118111056568536,0.011801496712149,0.0117917996516322,0.011782674343176,0.0117747342822445,0.0117684977700111,0.0117643468051485,0.0117624969403235,0.0117629804646083,0.0117656441950135,0.0117701619883434,0.0117760609200352,0.011782759011212,0.0117896114934873,0.0117959619446684,0.0118011942578316,0.0118047813536915,0.0118063268153204,0.0118055961879784,0.0118025354961032,0.0117972755236304,0.0117901215126783,0.0117815290770402,0.011772068209554,0.0117623781983136,0.011753116984568,0.0117449089443983,0.0117382952226583,0.0117336905717252,0.0117313501524734,0.0117313489753017,0.0117335756606769,0.0117377410648193,0.0117434011339678,0.0117499922070015,0.0117568759703849,0.0117633904712629,0.0117689030894617,0.0117728612025246,0.0117748364595773,0.0117745590905588,0.011771939477876,0.0117670752488386,0.0117602433266752,0.0117518776031263,0.0117425340589733,0.0117328461648534,0.0117234741670706,0.0117150523436409,0.0117081384645707,0.0117031694919989,0.0117004270295883,0.0117000152283955,0.0117018528510773,0.0117056800687573,0.011711079399039,0.0117175090783724,0.0117243461879105,0.0117309360989666,0.0117366443285111,0.0117409067252667,0.0117432740491199,0.0117434474497991,0.0117413020649417,0.0117368968889556,0.0117304701374563,0.011722420462276,0.0117132754750234,0.0117036500334174,0.0116941975582478,0.0116855582114532,0.0116783080273968,0.0116729130287078,0.0116696919824925,0.011668790790524,0.0116701706022064,0.0116736106536729,0.0116787256557214,0.0116849963788323,0.0116918110165767,0.0116985140352347,0.0117044586025147,0.0117090583811955,0.011711834507265,0.0117124539534574,0.0117107561785869,0.0117067659169987,0.0117006910866743,0.011692905998035,0.0116839212351925,0.0116743426608997,0.0116648228717798,0.0116560090249337,0.0116484912256549,0.0116427555971077,0.0116391457595163,0.0116378357597231,0.0116388165631758,0.0116418971253481,0.0116467198940218,0.0116527894565019,0.0116595120236583,0.0116662426064301,0.0116723361489868,0.0116771985833376,0.0116803337895465,0.0116813827803929,0.011680152046123,0.0116766288417331,0.0116709822140575,0.0116635496775894,0.0116548105728236,0.0116453481877353,0.0116358036067184,0.0116268249058359,0.0116190156931785,0.0116128870683946,0.0116088168305312,0.0116070192067768,0.011607527548114,0.0116101914122175,0.0116146883143698,0.0116205492597469,0.0116271960600087,0.0116339874717678,0.0116402704619896,0.01164543247671,0.0116489505023285,0.0116504329647768,0.0116496510853661,0.0116465571594946,0.0116412882835493,0.0116341552409488,0.0116256174665489,0.0116162461335524,0.01160667835713,0.0115975662130388,0.0115895246748555,0.0115830826447751,0.011578640982026,0.0115764408463017,0.0115765448290208,0.0115788323179142,0.0115830094098849,0.0115886325364141,0.0115951438836687,0.011601915766238,0.0116083004257568,0.0116136813226129,0.0116175218907907,0.0116194079329992,0.0116190803320939,0.0116164555136427,0.011611632056023,0.0116048829289624,0.0115966339610801,0.0115874302091367,0.0115778928514934,0.0115686699846708,0.0115603851992911,0.0115535880025134,0.0115487100215428,0.0115460304812865,0.0115456537346167,0.011547500684812,0.0115513148405599,0.0115566825692798,0.0115630659655059,0.0115698457284482,0.0115763706299999,0.0115820096121809,0.0115862023241609,0.0115885040189433,0.0115886211786133,0.0115864349901745,0.01158201078347,0.0115755926815362,0.0115675839096713,0.0115585143695147,0.011548998114452,0.0115396841730493,0.0115312046878535,0.0115241245293994,0.0115188964039643,0.0115158250164935,0.0115150431123207,0.0115165012586725,0.0115199721194447,0.0115250688213033,0.0115312759026039,0.0115379903610259,0.0115445695371402,0.0115503820451468,0.0115548577328064,0.0115575327423868,0.0115580861427744,0.0115563652699823,0.0115523977930917,0.0115463895527444,0.0115387083290036,0.0115298548007879,0.0115204229681457,0.0115110531378462,0.0115023811610997,0.0114949879211897,0.0114893530742357,0.0114858167366988,0.0114845522004113,0.0114855518860016,0.0114886276949731,0.0114934257782349,0.0114994545906477,0.0115061240295119,0.0115127925445943,0.0115188184426728,0.0115236112569634,0.0115266790421721,0.01152766778286,0.0115263897345062,0.0115228384062514,0.0115171889774647,0.0115097841290061,0.0115011064579314,0.0114917397255245,0.0114823220768747,0.011473495003235,0.0114658521501921,0.0114598920744046,0.0114559787133758,0.0114543126874384,0.0114549156660772,0.0114576289829573,0.011462126556849,0.0114679410487005,0.0114745011422632,0.0114811769643243,0.0114873300358371,0.0114923638126777,0.0114957708483162,0.0114971728832127,0.0114963507183834,0.0114932615290184,0.011488042259509,0.0114809988319676,0.011472582006378,0.0114633517698476,0.0114539330336963,0.0114449661139573,0.0114370559013723,0.011430723746774,0.0114263658846371,0.0114242217133919,0.0114243544889637,0.0114266460208988,0.0114308058526138,0.0114363942421338,0.0114428571382154,0.0114495703706794,0.0114558895250456,0.0114612015048845,0.0114649736346682,0.0114667963388573,0.0114664159445079,0.011463754956881,0.011458918178861,0.01145218419436,0.0114439829190532,0.0114348610470979,0.011425438200035,0.0114163573288915,0.0114082333670387,0.0114016042470929,0.0113968881819376,0.0113943505927917,0.0113940832857294,0.0113959974888618,0.0113998312456937,0.0114051705149556,0.0114114822520647,0.011418156823013,0.0114245563871844,0.0114300654280447,0.0114341394483141,0.0114363479994739,0.0114364086729337,0.0114342093974421,0.0114298173006991,0.0114234734344602,0.0114155737616745,0.0114066378824478,0.0113972679450904,0.0113881009660417,0.0113797583064932,0.011372796289311,0.011367661872045,0.0113646569180442,0.0113639139448055,0.011365385323329,0.0113688468313451,0.0113739153195225,0.0113800791234055,0.0113867388267237,0.0113932551324234,0.0113990000021169,0.0114034069437469,0.0114060163902083,0.0114065125086547,0.0114047484719003,0.0114007581533485,0.0113947533055456,0.0113871064634321,0.0113783209747346,0.0113689905989585,0.0113597519467671,0.0113512335924557,0.011344005944729,0.0113385358851181,0.0113351497819164,0.011334007794266,0.0113350914605198,0.011338205499285,0.0113429936260825,0.0113489670860938,0.0113555436061748,0.0113620936571921,0.0113679903579663,0.0113726590860412,0.0113756229003814,0.0113765402169449,0.011375231784822,0.0113716948470554,0.0113661033740557,0.0113587943474749,0.0113502411607429,0.0113410162078784,0.011331745583699,0.0113230594523629,0.0113155420014189,0.0113096849482866,0.0113058482984241,0.011304231494144,0.0113048572861361,0.0113075696637722,0.0113120460647291,0.0113178229348296,0.0113243326242686,0.0113309486832428,0.0113370359353253,0.011342001312014,0.0113453413564379,0.011346682559497,0.0113458112656154,0.0113426907333135,0.0113374639826751,0.0113304422151238,0.0113220797563296,0.0113129375603434,0.0113036382355504,0.0112948162308553,0.0112870671939595,0.0112809005551047,0.0112766991065415,0.0112746887713489,0.0112749209312486,0.0112772686730209,0.0112814371969166,0.0112869875036746,0.0112933714349566,0.0112999752648657,0.0113061683866384,0.0113113532519464,0.0113150126309025,0.0113167504801745,0.0113163232174039,0.0113136589568785,0.0113088632007745,0.0113022105325152,0.0112941229499634,0.0112851365254673,0.0112758590020757,0.0112669216536334,0.0112589291952267,0.0112524116983419,0.0112477823293809,0.0112453042935503,0.0112450696524957,0.0112469917458713,0.0112508118638562,0.0112561196808768,0.0112623858591962,0.0112690042467428,0.011275340304368,0.0112807818749957,0.0112847882038417,0.0112869332553368,0.0112869398325117,0.0112847017462685,0.0112802922464051,0.0112739580400289,0.0112660993960379,0.0112572379644453,0.0112479749276989,0.0112389428682677,0.0112307552274072,0.0112239574096702,0.0112189834406816,0.0112161216203728,0.0112154918710111,0.0112170365285119,0.0112205252505179,0.0112255735999512,0.0112316737890299,0.0112382351160517,0.0112446308726248,0.0112502480055181,0.0112545356205183,0.0112570485223609,0.011257482380184,0.0112556977627776,0.0112517311574898,0.0112457921059205,0.0112382466761889,0.0112295885583412,0.0112204000366209,0.0112113058911774,0.0112029238518809,0.0111958155176951,0.0111904416355316,0.011187125301681,0.011186026035508,0.011187126828103,0.0111902352490743,0.0111949985756858,0.0112009317779394,0.0112074561486299,0.0112139455003779,0.0112197762332502,0.0112243772532463,0.0112272757195384,0.0112281349237677,0.0112267812384593,0.0112232179617495,0.0112176249522518,0.0112103440985028,0.0112018518102825,0.0111927207665345,0.0111835740215249,0.0111750351800837,0.0111676786503275,0.0111619839493207,0.011158297688444,0.011156806236935,0.0111575212019389,0.0111602788339198,0.0111647533498194,0.0111704830601209,0.0111769071843242,0.0111834104173703,0.0111893717198247,0.011194213485078,0.0111974472140405,0.0111987121094591,0.0111978035664505,0.0111946893323789,0.0111895120707531,0.0111825781194022,0.0111743333097629,0.0111653277322342,0.0111561722084046,0.0111474898898187,0.0111398667934848,0.011133805181537,0.0111296834903916,0.0111277260213476,0.0111279848470053,0.0111303354208917,0.0111344862831049,0.0111400021264654,0.0111463384159814,0.0111528848197851,0.011159013984889,0.0111641317409456,0.011167724685598,0.0111694013109015,0.0111689233517877,0.011166224827769,0.0111614172442836,0.011154780542712,0.0111467405464793,0.0111378347451413,0.0111286691949084,0.0111198700178654,0.0111120334021783,0.0111056781114374,0.0111012042931083,0.0110988618502682,0.0110987308544106,0.0111007155028612,0.0111045520452986,0.0111098300024379,0.0111160249559749,0.0111225402820433,0.0111287545058627,0.0111340705303609,0.0111379628647743,0.0111400191504897,0.0111399727319528,0.01113772371883,0.0111333468847657,0.0111270857798791,0.0111193335139146,0.0111106017077157,0.0111014800354659,0.0110925895242591,0.0110845332844112,0.0110778485666855,0.0110729639549709,0.0110701651096576,0.0110695718123111,0.0110711281795566,0.0110746068770269,0.0110796270475873,0.0110856845603557,0.0110921921848947,0.0110985264860277,0.0111040776844341,0.011108298477345,0.0111107478829763,0.0111111265639303,0.011109300773471,0.0111053129964731,0.0110993784397137,0.0110918676704668,0.0110832768184068,0.0110741877589482,0.0110652215042022,0.0110569885672614,0.0110500402883324,0.0110448250061653,0.0110416525472972,0.0110406698293363,0.0110418494822455,0.0110449923469779,0.0110497435982947,0.011055621156722,0.0110620540963958,0.0110684279909196,0.0110741336142005,0.0110786151600212,0.0110814141861154,0.0110822058304555,0.0110808244630542,0.0110772767695956,0.0110717412426151,0.0110645541099562,0.0110561827876445,0.0110471889277752,0.0110381839594581,0.0110297806196559,0.0110225442936679,0.011016948012825,0.0110133346900596,0.0110118896254344,0.0110126255143201,0.0110153811992342,0.0110198343065384,0.0110255267963001,0.0110319014165969,0.0110383461698165,0.0110442432371418,0.0110490184288336,0.0110521871726964,0.0110533933288787,0.0110524376991761,0.0110492939316563,0.0110441105404829,0.0110371988877823,0.0110290081163817,0.0110200890791244,0.0110110501907132,0.0110025087635762,0.0109950417371951,0.0109891397465195,0.0109851681931557,0.0109833384013392,0.0109836911112971,0.0109860935640694,0.0109902503518639,0.0109957271280957,0.0110019852655287,0.011008424693339,0.0110144315067307,0.0110194265823381,0.0110229113743964,0.0110245073039693,0.0110239856594802,0.0110212856648482,0.0110165192933114,0.0110099624432074,0.0110020331617441,0.0109932586161021,0.0109842333918129,0.0109755723852364,0.0109678619989873,0.0109616135044347,0.0109572222813119,0.0109549361902301,0.010954835620175,0.0109568268395519,0.0109606492324769,0.0109658958949985,0.0109720459841593,0.0109785062511857,0.0109846584374302,0.0109899087317419,0.0109937353147583,0.010995730159445,0.0109956317104665,0.0109933457990779,0.0109889531076587,0.0109827025944514,0.0109749914275998,0.0109663330649358,0.0109573160683644,0.0109485569843069,0.0109406510903066,0.0109341249611272,0.010929394636744,0.0109267327037907,0.0109262468765636,0.0109278717400163,0.0109313742637812,0.0109363725968319,0.0109423666011908,0.0109487776686384,0.0109549946544419,0.0109604223007466,0.0109645283377887,0.0109668855597251,0.0109672055713543,0.0109653615621202,0.0109613983270395,0.0109555287486415,0.0109481170057568,0.0109396498109831,0.0109306979224218,0.0109218709490847,0.0109137690064534,0.0109069350361115,0.0109018115652166,0.0108987053517158,0.0108977627583153,0.0108989578599204,0.0109020942782569,0.0109068206389215,0.0109126584531856,0.0109190402263961,0.0109253547629377,0.0109309960412839,0.0109354117273464,0.0109381474132747,0.0109388830118548,0.0109374583709545,0.0109338860429709,0.0109283501827779,0.010921191673904,0.0109128807028661,0.010903979016989,0.0108950949240598,0.010886834660454,0.0108797540306182,0.0108743141866469,0.0108708450706352,0.0108695194087019,0.0108703392804816,0.0108731362727466,0.0108775851489701,0.0108832299080379,0.0108895201375695,0.0108958547619296,0.0109016297105735,0.0109062857395861,0.0109093526472406,0.0109104864211415,0.0109094964099284,0.0109063603877187,0.01090122632377,0.0108944007128502,0.0108863243767846,0.0108775376273571,0.0108686375127068,0.0108602304976257,0.0108528843062249,0.0108470827448064,0.0108431871048061,0.0108414072342417,0.0108417846074078,0.0108441887808986,0.0108483275686414,0.0108537701733667,0.0108599814615164,0.0108663646555634,0.0108723090267508,0.0108772387608773,0.0108806590677936,0.0108821958170978,0.0108816254960439,0.0108788930671521,0.0108741162896081,0.0108675761715203,0.0108596943422311,0.0108509991851842,0.0108420834739051,0.0108335569353721,0.0108259975653467,0.0108199056007522,0.0108156638134625,0.0108135072605695,0.0108135048598032,0.0108155542140889,0.0108193900525322,0.0108246055685065,0.0108306849136528,0.0108370442382715,0.0108430780186999,0.0108482070180687,0.0108519241091025,0.0108538343576518,0.0108536862188383,0.0108513914014013,0.0108470318482735,0.0108408532861108,0.0108332458384078,0.0108247132056621,0.010815832819531,0.0108072101006749,0.0107994304257665,0.0107930125979301,0.0107883675074662,0.0107857652788811,0.0107853135506901,0.0107869486652055,0.010790440518724,0.0107954107248355,0.0108013626715662,0.0108077210950692,0.01081387802012,0.0108192413893486,0.0108232824675058,0.0108255781935371,0.0108258450599327,0.0108239617876804,0.0108199789729703,0.0108141149341561,0.0108067381040681,0.010798337405132,0.0107894830185398,0.010780780727015,0.0107728235107806,0.0107661442762881,0.0107611734897437,0.0107582050818734,0.0107573733149395,0.010758642410984,0.0107618097102785,0.0107665220521499,0.0107723040331641,0.0107785958745035,0.0107847978856877,0.0107903180026365,0.010794618647957,0.0107972592288547,0.0107979309423646,0.0107964811646329,0.0107929255131468,0.0107874466306482,0.010780379777423,0.0107721863535534,0.010763417420878,0.0107546700814565,0.0107465401375142,0.0107395747648989,0.0107342289507015,0.0107308291673863,0.0107295471974071,0.0107303862273158,0.0107331803622487,0.0107376076455259,0.0107432155856016,0.0107494571801978,0.0107557345709078,0.0107614468349638,0.0107660380768978,0.0107690419484254,0.0107701190038206,0.0107690838716997,0.0107659200491308,0.0107607811314125,0.0107539783931355,0.0107459557398904,0.0107372540669715,0.0107284679120179,0.0107201979031153,0.0107130028293093,0.0107073551698012,0.0107036036172739,0.010701945553173,0.0107024116284169,0.0107048636329885,0.0107090057753848,0.0107144084253039,0.0107205423920183,0.0107268209963374,0.0107326466023659,0.0107374579413937,0.0107407745055029,0.0107422345216972,0.0107416235262972,0.0107388913028087,0.0107341558594464,0.0107276941308613,0.0107199201201008,0.0107113521803941,0.010702571997263,0.0106941784956039,0.0106867403049707,0.0106807505384371,0.0106765874725685,0.0106744842716295,0.010674510203523,0.0106765648915621,0.0106803861044584,0.0106855704979799,0.0106916056805783,0.0106979110640256,0.0107038842450601,0.0107089492008253,0.0107126024155281,0.0107144532124845,0.01071425503452,0.0107119251519602,0.0107075512144665,0.0107013841255884,0.0106938178262573,0.0106853576362443,0.0106765797278125,0.0106680850115599,0.0106604511456432,0.0106541865107757,0.0106496898209469,0.0106472185762484,0.0106468688422143,0.0106485679188208,0.0106520804246564,0.0106570272583604,0.0106629158928008,0.0106691795777884,0.0106752223363547,0.0106804661927304,0.010684396906425,0.0106866046185304,0.0106868162265458,0.0106849169547164,0.0106809594287033,0.0106751595370693,0.0106678793956934,0.0106595987428903,0.0106508770013458,0.0106423089786224,0.0106344776876202,0.0106279080122968,0.0106230248971022,0.0106201193971548,0.0106193253146541,0.0106206083161219,0.0106237684411161,0.0106284558496569,0.0106341985922037,0.0106404402085606,0.0106465841566889,0.0106520415113204,0.0106562781011474,0.010658857290406,0.010659474952383,0.0106579838067201,0.0106544051544868,0.0106489270728032,0.0106418892326371,0.0106337555837323,0.0106250771238372,0.0106164477625968,0.0106084568408665,0.0106016421246379,0.0105964470347517,0.0105931855088741,0.0105920172612934,0.0105929353664928,0.0105957671089854,0.0106001879866582,0.0106057477109012,0.0106119061023861,0.0106180760150956,0.0106236698886021,0.0106281462609232,0.0106310525862181,0.0106320609946595,0.0106309941887737,0.0106278394481539,0.0106227496469142,0.0106160311999191,0.0106081198706772,0.0105995463246319,0.0105908941247052,0.0105827534724193,0.0105756743439546,0.0105701227287353,0.0105664434479696,0.0105648325299752,0.010565321379603,0.0105677740497385,0.0105718978759628,0.0105772666606185,0.0105833545820119,0.0105895781383242,0.0105953427788578,0.0106000904807162,0.0106033444364722,0.0106047472440419,0.0106040895161465,0.010601326604584,0.0105965820961,0.0105901378056469,0.0105824110868822,0.0105739213090363,0.0105652482232107,0.0105569855837405,0.0105496937531271,0.0105438550817323,0.0105398356164644,0.0105378561732195,0.0105379750441882,0.0105400836678384,0.0105439155500731,0.0105490676780141,0.0105550326920679,0.0105612392456928,0.0105670973472872,0.0105720450970783,0.010575593136304,0.0105773633202584,0.0105771185878298,0.0105747816887227,0.0105704412967509,0.0105643450228073,0.0105568798687157,0.0105485416487028,0.0105398957697632,0.0105315324428941,0.0105240198470385,0.0105178589497198,0.0105134435784455,0.0105110289347678,0.0105107110803506,0.0105124190605511,0.0105159203361229,0.0105208391389435,0.0105266863283613,0.0105328983846264,0.0105388824219304,0.0105440636075576,0.0105479311756336,0.0105500793328133,0.0105502397566138,0.0105483030584997,0.0105443274771114,0.0105385341093042,0.0105312890835198,0.0105230741341365,0.0105144479629137,0.0105060015073542,0.0104983107200879,0.0104918906542629,0.0104871545263962,0.010484381004101,0.0104836922870216,0.0104850446785869,0.0104882323519918,0.0104929039677593,0.010498590782874,0.0105047439878459,0.010510778294188,0.010516118322848,0.0105202441411206,0.0105227323708038,0.0105232896402582,0.0105217757559766,0.0105182147788717,0.0105127931383884,0.0105058449270778,0.0104978255157625,0.0104892755455557,0.0104807781184123,0.0104729125565345,0.0104662083825482,0.0104611031646818,0.0104579075797015,0.0104567804945785,0.0104577160911889,0.0104605441080786,0.0104649432230694,0.0104704665409964,0.010476577174236,0.0104826910879612,0.0104882237874031,0.010492637098365,0.0104954822688763,0.0104964359098683,0.0104953258737741,0.0104921449879159,0.0104870515425428,0.0104803565032737,0.0104724984923096,0.0104640085744463,0.010455467705303,0.0104474602783872,0.010440527501664,0.0104351243289032,0.0104315833721296,0.0104300886510612,0.0104306612351799,0.0104331578712257,0.0104372826495072,0.0104426107344386,0.0104486222452672,0.010454743586122,0.0104603929473346,0.0104650263809982,0.0104681808216144,0.0104695106767344,0.0104688151244303,0.0104660539803484,0.0104613508856676,0.0104549835573142,0.0104473618579331,0.0104389954008705,0.0104304532265463,0.0104223187112212,0.0104151432554737,0.0104094024171524,0.0104054579828593,0.0104035290160923,0.0104036742140099,0.0104057870109823,0.0104096038601829,0.0104147250783937,0.0104206466285189,0.01042680031957,0.0104325992075158,0.0104374845497095,0.0104409705361827,0.0104426831967541,0.0104423903455939,0.010440020142366,0.0104356667710513,0.0104295827886403,0.0104221587813247,0.0104138919893635,0.0104053464423696,0.0103971078213131,0.0103897366811977,0.0103837237903078,0.0103794511529137,0.0103771618015528,0.0103769407235421,0.0103787083910812,0.0103822273644485,0.0103871214037605,0.0103929055350886,0.0103990246550524,0.0104048975981608,0.0104099631820554,0.0104137246085354,0.0104157887356298,0.0104158971390255,0.0104139465252433,0.0104099968960917,0.0104042668243683,0.0103971162059647,0.0103890178289568,0.010380519977787,0.0103722030046101,0.0103646332888764,0.0103583182245159,0.0103536658036154,0.0103509520158196,0.010350298681983,0.010351663528764,0.0103548433428403,0.0103594899945557,0.0103651380818841,0.0103712420068875,0.0103772195334225,0.0103824983429188,0.0103865618472423,0.0103889905628541,0.0103894957034549,0.0103879422805669,0.0103843598543518,0.010378940075661,0.0103720212264701,0.0103640610184341,0.0103555998618917,0.010347217584727,0.0103394870938554,0.0103329286954344,0.0103279687170153,0.0103249057182759,0.0103238869615331,0.0103248969815581,0.0103277591146851,0.0103321498088504,0.0103376245299749,0.0103436531814197,0.010349662220311,0.0103550801369219,0.0103593827046277,0.0103621344354557,0.0103630229876448,0.0103618838339873,0.0103587132621276,0.0103536686839503,0.0103470562193985,0.0103393065185299,0.0103309407128441,0.01032252916507,0.0103146462558715,0.0103078247679327,0.0103025134792092,0.010299041346031,0.0102975911505399,0.0102981847419191,0.0103006810813014,0.0103047872844463,0.010310081822435,0.010316048063469,0.0103221154937839,0.0103277053184994,0.0103322767759979,0.010335370435833,0.0103366449914366,0.0103359045805039,0.0103331144275621,0.0103284035484052,0.0103220543086961,0.0103144796975442,0.0103061901679231,0.0102977527292878,0.0102897455920182,0.0102827120119568,0.0102771170353645,0.0102733105929696,0.0102714998604404,0.0102717330443502,0.0102738958356475,0.0102777207678711,0.0102828086975401,0.0102886606670991,0.0102947175963528,0.0103004046452532,0.0103051767432837,0.010308561706003,0.010310197556307,0.0103098611226744,0.0103074856699223,0.0103031661788978,0.0102971518595385,0.0102898264783262,0.0102816780318148,0.010273260135308,0.0102651481568209,0.0102578935543964,0.010251980029321,0.0102477849753775,0.0102455492987838,0.0102453580372807,0.0102471333644486,0.0102506405845367,0.0102555066802499,0.0102612499607369,0.0102673184578903,0.0102731340093297,0.0102781384990249,0.0102818385383509,0.0102838449828516,0.0102839040915828,0.0102819178143242,0.0102779515761527,0.0102722289415858,0.0102651136001653,0.0102570801399048,0.0102486759814211,0.0102404775550314,0.0102330442537554,0.0102268738537444,0.0102223629559824,0.0102197755865086,0.0102192224292542,0.0102206523061959,0.010223856534105,0.0102284857606184,0.0102340779006765,0.0102400949314258,0.0102459656196927,0.0102511308003157,0.0102550876330749,0.0102574293576687,0.010257877430099,0.0102563035254434,0.0102527396825646,0.0102473757892176,0.0102405445958123,0.0102326954263538,0.010224358644713,0.0102161036615701,0.010208493779328,0.0102020414345332,0.0101971673875988,0.0101941671187845,0.0101931871310423,0.0101942130779359,0.0101970706968293,0.0102014395118482,0.0102068782534367,0.010212859996008,0.0102188142183434,0.0102241724160656,0.0102284135979689,0.0102311060029254,0.0102319416758215,0.0102307611125973,0.0102275659837282,0.010222518912745,0.0102159303410743,0.010208233558976,0.0101999499337395,0.0101916471467689,0.010183893804628,0.0101772140726155,0.0101720459655354,0.0101687066167962,0.0101673672648463,0.0101680399036427,0.0101705766110854,0.0101746815662889,0.0101799347645325,0.010185825515276,0.0101917930425164,0.0101972709625497,0.0102017321297152,0.0102047303273056,0.0102059355334929,0.0102051599948271,0.0102023730602642,0.0101977036117031,0.0101914298989116,0.0101839575690077,0.0101757876017912,0.0101674766577529,0.0101595929542931,0.0101526711526742,0.0101471698277469,0.0101434348980754,0.0101416719361455,0.0101419295928087,0.0101440955019521,0.010147905039748,0.0101529622768027,0.0101587714730823,0.0101647766120934,0.0101704058198896,0.0101751171119927,0.0101784417888371,0.0101800219759567,0.0101796392739689,0.0101772322073129,0.010172901072699,0.0101668998078684,0.0101596155477623,0.0101515375294449,0.0101432178683348,0.0101352273798119,0.0101281100044212,0.0101223394851575,0.010118281745291,0.0101161659467289,0.0101160665064026,0.01011789746307,0.0101214195924964,0.0101262596537205,0.0101319401987577,0.0101379175617351,0.0101436250138921,0.0101485176724332,0.0101521156197394,0.0101540418406264,0.0101540520046015,0.0101520537652861,0.0101481140657765,0.0101424538692206,0.0101354307157825,0.0101275104662523,0.0101192304474584,0.010111156892819,0.0101038400229956,0.0100977703092539,0.010093339390719,0.0100908087714326,0.0100902888192396,0.010091729771959,0.0100949255002843,0.0100995297633712,0.0101050836984381,0.0101110523797592,0.0101168675358184,0.0101219729966223,0.0101258692108152,0.0101281532455588,0.0101285510476609,0.0101269393661878,0.0101233555671754,0.0101179945505843,0.0101111930300596,0.0101034024641077,0.0100951528409825,0.0100870102452791,0.0100795316213543,0.0100732203633023,0.0100684862836615,0.0100656131450828,0.0100647363130606,0.0100658322638372,0.0100687207330802,0.0100730792913438,0.0100784691534469,0.010084370144786,0.0100902220322761,0.0100954689415164,0.0100996033585589,0.0101022062615973,0.0101029802353716,0.0101017729690121,0.0100985892913384,0.0100935907988796,0.0100870831049555,0.0100794917033725,0.0100713283274297,0.0100631504341963,0.0100555169990239,0.0100489441142193,0.0100438639144021,0.0100405900955545,0.0100392927822898,0.0100399847723253,0.0100425202988516,0.0100466064591956,0.0100518264368865,0.0100576726838213,0.0100635874180167,0.0100690071983883,0.0100734080035052,0.010076347189352,0.0100774989403379,0.0100766803476584,0.0100738660103343,0.0100691899889622,0.0100629349675921,0.0100555095111723,0.0100474152654522,0.0100392067568396,0.0100314470412163,0.0100246627707092,0.0100193022729914,0.0100156999761161,0.0100140499909027,0.0100143909232136,0.0100166030848529,0.0100204182771531,0.0100254413217705,0.0100311815928427,0.0100370920320647,0.0100426125542335,0.0100472144148429,0.0100504420424074,0.0100519490464532,0.0100515255795647,0.0100491149144543,0.0100448179374113,0.010038885197468,0.0100316971223566,0.0100237339450876,0.0100155377001632,0.0100076692761048,0.0100006639036249,0.00999498859266464,0.00999100489808966,0.00998893999505779,0.00998886840047378,0.00999070583361725,0.00999421573987503,0.00999902799057688,0.0100046682988081,0.0100105960266218,0.0100162473699521,0.0100210804562042,0.0100246187226361,0.0100264890782453,0.0100264517728031,0.0100244195650166,0.0100204646446984,0.010014812755992,0.0100078250095458,0.00999996887004049,0.00999178067474799,0.00998382270981317,0.00997663829657897,0.0099707084900598,0.00996641385042222,0.00996400432399295,0.00996357960040438,0.00996508146128955,0.00996829867905167,0.00997288403506352,0.00997838207509717,0.00998426537630883,0.00998997643492331,0.00999497185410165,0.00999876534867886,0.0100009661911305,0.0100013100858625,0.00999968005034716,0.00999611566243468,0.00999080994551253,0.0099840941326189,0.00997641149803789,0.00996828229938236,0.00996026257470648,0.00995290003527682,0.00994669054073036,0.00994203861188031,0.00993922512747672,0.00993838479266843,0.00993949520448936,0.00994237842861473,0.009946715006487,0.0099520693100265,0.00995792423895826,0.00996372249511664,0.00996891113166711,0.00997298580249437,0.00997553114910896,0.00997625406384157,0.00997500714098648,0.00997180042593766,0.00996680052476333,0.00996031715975163,0.00995277826795289,0.00994469566229186,0.00993662403472599,0.00992911661192832,0.00992268102877368,0.00991773894628922,0.0099145926207987,0.00991340106176194,0.00991416764248783,0.00991674010835057,0.00992082293533277,0.00992600101234881,0.00993177273498895,0.00993758987189687,0.00994290104645693,0.00994719540165782,0.00995004300873606,0.00995112884454985,0.00995027767584121,0.00994746790432584,0.0099428332865049,0.00993665238456316,0.00992932656403854,0.00992134825723096,0.00991326198267751,0.0099056211852983,0.00989894429621047,0.00989367348491971,0.00989013938410656,0.00988853461516921,0.00988889825661723,0.00989111252954317,0.00989491199924721,0.0098999045923433,0.00990560278217598,0.00991146247183962,0.00991692646973377,0.0099214690661593,0.00992463812045423,0.0099260912662226,0.00992562331622198,0.00992318265685928,0.00991887531069174,0.00991295634606655,0.00990580934281529,0.0098979155904012,0.00988981551642591,0.00988206545610381,0.00987519323571059,0.00986965612908233,0.00986580454463915,0.00986385432328584,0.00986386981795961,0.0098657590518606,0.00986928129113765,0.00987406639153996,0.00987964435515181,0.00988548273159287,0.00989102888579483,0.00989575378487,0.00989919385547643,0.00990098762844676,0.00990090429981482,0.00989886196760796,0.00989493411015786,0.00988934379401589,0.00988244606197546,0.00987469987583368,0.00986663180586954,0.00985879431251437,0.00985172190550705,0.00984588865032466,0.00984167039816558,0.00983931475077905,0.00983892116876798,0.00984043284079118,0.00984364100712433,0.00984820143813444,0.00985366178449082,0.00985949762900832,0.00986515436066427,0.00987009151782504,0.00987382604237382,0.00987597096278918,0.00987626638185915,0.0098746002632435,0.009871017341707,0.00986571544980329,0.0098590295728143,0.00985140493118716,0.00984336127110667,0.00983545125038995,0.00982821627703246,0.00982214334837057,0.00981762633691104,0.009814934791991,0.009814192712588,0.00981536894500272,0.00981827992899152,0.00982260453026425,0.00982790973934843,0.00983368516682782,0.00983938358729442,0.00984446432405545,0.00984843605390347,0.00985089566352475,0.00985156010561227,0.00985028875825153,0.00984709453769878,0.00984214289181947,0.00983573874484735,0.00982830240675891,0.00982033633069147,0.00981238532740735,0.00980499336622724,0.00979866036783317,0.00979380240834,0.00979071850406352,0.00978956664398912,0.00979035101334675,0.00979292146286599,0.0097969853003511,0.00980213049633026,0.00980785847945621,0.00981362391855821,0.00981887831029863,0.00982311386877165,0.00982590418031653,0.00982693834634089,0.00982604586256143,0.00982321022924362,0.00981857019643633,0.00981240855146192,0.00980512936938276,0.00979722558068463,0.00978923948362597,0.00978171938308149,0.00977517583655521,0.00977004101026709,0.00976663438733099,0.00976513754318482,0.00976557995855575,0.00976783694813003,0.00977163982144202,0.00977659743282982,0.00978222738528991,0.00978799439541732,0.00979335276821362,0.00979778962074235,0.00980086545300044,0.00980224888564131,0.00980174284358782,0.00979930013012859,0.00979502716451748,0.00978917558562488,0.00978212237744791,0.00977434007033768,0.00976635934784183,0.00975872699021247,0.00975196246739021,0.00974651661980119,0.0097427357151993,0.00974083375323191,0.00974087524372398,0.00974276986362821,0.00974627946147902,0.00975103689317729,0.00975657521552415,0.0097623649184776,0.0097678562201556,0.00977252303477127,0.00977590508205778,0.00977764474640306,0.0097775157086217,0.0097754410363898,0.00977149927739706,0.00976591807586176,0.00975905584231888,0.00975137296755549,0.0097433949113886,0.00973567014932304,0.00972872636733766,0.00972302841995776,0.00971894140288512,0.00971670176220004,0.00971639870935849,0.0097179673854653,0.00972119427967449,0.00972573442870607,0.00973113899078683,0.00973689097721412,0.00974244629934846,0.00974727688782138,0.00975091248832002,0.00975297784700499,0.00975322236451061,0.00975153989320859,0.00974797712761778,0.00974272992884196,0.00973612786393854,0.00972860816273717,0.00972068112866107,0.0097128897186443,0.00970576647356128,0.00969979119855353,0.00969535274748923,0.00969271795953337,0.00969201024567859,0.00969319956555483,0.00969610462929267,0.00970040718254189,0.00970567726612267,0.00971140745937646,0.00971705338463941,0.00972207723026873,0.00972599079128978,0.00972839455825255,0.00972900970319885,0.00972770038537561,0.00972448457924488,0.00971953255396488,0.00971315313573745,0.00970576887818622,0.00969788216248389,0.00969003497109036,0.00968276557290348,0.00967656559261159,0.00967184089714183,0.00966887941573854,0.00966782843855558,0.00966868316201736,0.00967128734107335,0.00967534594814826,0.00968044879804094,0.00968610324176754,0.00969177332313099,0.00969692228930336,0.00970105509510746,0.00970375755702709,0.00970472908723987,0.00970380644332706,0.00970097662964895,0.00969637793396894,0.00969028901370564,0.00968310688365171,0.00967531552537744,0.00966744757399118,0.00966004208948391,0.0096536017443861,0.00964855282333342,0.0096452112200484,0.00964375714951082,0.00964422061034384,0.00964647879064242,0.00965026566907188,0.00965519308784077,0.00966078164201094,0.00966649892507944,0.00967180206890371,0.00967618116603309,0.00967920008662576,0.00968053140269364,0.00967998259849259,0.00967751144796962,0.00967322932252621,0.00966739217581581,0.00966037994927172,0.00965266607194323,0.00964477952152605,0.0096372625089136,0.00963062719397074,0.00962531490292248,0.00962166109531622,0.00961986884855004,0.00961999293696928,0.00962193573480599,0.00962545522978372,0.00963018447037563,0.00963566086541682,0.00964136298663325,0.00964675195055491,0.00965131411247317,0.0096546017118839,0.00965626827410373,0.00965609598797704,0.00965401291333549,0.00965009867083836,0.00964457816590187,0.00963780383057745,0.00963022776597373,0.00962236596547882,0.00961475742985055,0.00960792139546839,0.0096023160546148,0.00959830204206224,0.00959611360310468,0.00959583976598764,0.00959741705563836,0.00960063436668599,0.00960514963977518,0.00961051703811117,0.00961622247546054,0.00962172466662297,0.00962649841215661,0.0096300766348379,0.00963208777838652,0.00963228555242615,0.00963056862650177,0.00962698868739981,0.00962174621458399,0.00961517432476826,0.00960771200527776,0.00959986891172726,0.00959218457603577,0.00958518530603803,0.0095793422304833,0.00957503384129277,0.00957251601302105,0.00957190186452442,0.00957315302437274,0.00957608294431897,0.00958037195197599,0.0095855928152896,0.00959124477071695,0.00959679330540023,0.00960171253765132,0.00960552684873392,0.00960784849336971,0.00960840824186827,0.00960707665323882,0.00960387430807329,0.00959897019293886,0.00959266835869449,0.00958538389601268,0.00957761010739159,0.00956987944510588,0.00956272128226255,0.00955661985090951,0.00955197568740671,0.00954907366094262,0.00954806014564694,0.0095489311771315,0.0095515325707829,0.00955557203470675,0.00956064235123123,0.00956625380174292,0.00957187325062291,0.00957696675646365,0.00958104228922107,0.00958368911908661,0.0095846107040872,0.00958364842096898,0.0095807942223103,0.00957619120334852,0.00957012204578887,0.00956298628670151,0.00955526825850919,0.00954749829261984,0.0095402103161221,0.00953389925181499,0.00952898163175435,0.00952576255681699,0.0095244116098047,0.00952494960529284,0.00952724719223797,0.00953103538045987,0.00953592711459497,0.00954144814862169,0.00954707475203184,0.0095522752575429,0.00955655217241461,0.0095594815389637,0.00956074644991946,0.00956016208752876,0.00955769032485754,0.00955344274649182,0.00954767184818512,0.00954075109545858,0.0095331453947943,0.0095253742910311,0.00951797078624665,0.00951143902809959,0.00950621421261955,0.00950262788414879,0.00950088140594159,0.00950102974381256,0.00950297689375421,0.00950648335541441,0.00951118508633202,0.00951662244900671,0.00952227685704734,0.009527612198662,0.00953211771683347,0.00953534889447157,0.00953696304680494,0.0095367467503648,0.0095346328987054,0.00953070601304577,0.00952519538537521,0.00951845661796918,0.0095109430643784,0.00950316949040939,0.00949567089060483,0.00948895977063713,0.00948348531578408,0.00947959770361827,0.00947752039496523,0.00947733258340778,0.0094789631577041,0.00948219660852761,0.00948669036777956,0.00949200217444871,0.00949762527793328,0.00950302867773697,0.00950769921032818,0.00951118216286013,0.00951311722432871,0.00951326695833679,0.00951153556593186,0.00950797646241315,0.00950278806732973,0.00949629813404844,0.00948893784588305,0.00948120770646118,0.00947363789543383,0.00946674620432851,0.00946099687649899,0.00945676362370722,0.00945429977412113,0.00945371794654195,0.00945498089414305,0.00945790428123389,0.00946217121250292,0.00946735739270064,0.00947296493007953,0.00947846208636448,0.00948332578639549,0.00948708347288715,0.00948935093956427,0.00948986309313624,0.00948849515955756,0.00948527262273499,0.00948036910109993,0.00947409234790413,0.00946685951962705,0.00945916371744907,0.00945153450465949,0.00944449558287766,0.00943852302915892,0.0094340074337546,0.00943122294464647,0.00943030565626721,0.00943124302672703,0.00943387512795935,0.00943790759096537,0.00944293517928627,0.00944847408731073,0.00945400038496562,0.00945899156448219,0.0094629679149388,0.00946553046989173,0.00946639254477884,0.00946540238780711,0.00946255517000189,0.00945799337634404,0.00945199556315322,0.00944495435251675,0.00943734537977711,0.00942968962957647,0.00942251212669359,0.00941630024242561,0.00941146491424914,0.00940830785884531,0.00940699740337038,0.00940755489370965,0.00940985280409428,0.00941362473504953,0.00941848652900616,0.00942396683847115,0.00942954472071228,0.00943469126040743,0.00943891188248566,0.00944178594664214,0.00944300042735744,0.00944237496246301,0.00943987625426403,0.00943562066791291,0.00942986482398226,0.00942298495362363,0.00941544669606105,0.00940776778899507,0.00940047666529265,0.00939407028170934,0.00938897455082487,0.00938551052737915,0.00938386902997256,0.0093840956925527,0.00938608759452361,0.00938960168938891,0.00939427431926849,0.00939965023684125,0.0094052188175741,0.00941045458703082,0.00941485885649645,0.00941799918427931,0.00941954356309041,0.00941928665492322,0.00941716601758262,0.00941326704681365,0.00940781624018203,0.0094011633059993,0.00939375351715793,0.00938609247506638,0.00937870604672538,0.00937209862702442,0.00936671302757375,0.00936289518299148,0.00936086649641557,0.00936070604658396,0.0093623441011982,0.00936556748902792,0.00937003644196625,0.00937531159654062,0.00938088901649509,0.00938624043851707,0.00939085551292554,0.00939428264528601,0.00939616515247947,0.00939626981775035,0.00939450553826368,0.00939093056117926,0.00938574773335511,0.00937928816296778,0.00937198462510027,0.00936433686471375,0.00935687159808107,0.00935010043545706,0.00934447910467152,0.00934037123260735,0.00933801955486499,0.00933752681473804,0.00933884783454129,0.00934179335318017,0.00934604528850614,0.00935118217625761,0.00935671273731228,0.00936211489761469,0.00936687717393038,0.00937053916595482,0.00937272797071361,0.00937318765698013,0.00937179948567346,0.00936859129260973,0.00936373529960203,0.00935753452077701,0.00935039881909105,0.00934281248187488,0.0093352958603051,0.00932836409585066,0.00932248619395052,0.00931804768507699,0.00931531984309813,0.0093144379305313,0.00931539023943978,0.00931801884162248,0.00932203202137431,0.00932702742285998,0.00933252408343212,0.00933800080931451,0.00934293783088471,0.0093468583934655,0.00934936692919968,0.00935018072671478,0.00934915254537422,0.00934628235755308,0.0093417172796045,0.00933573970268976,0.00932874458862018,0.00932120777591729,0.00931364786745167,0.00930658477700633,0.00930049826097655,0.00929578974438476,0.00929275047581403,0.00929153853279562,0.00929216648217947,0.00929450063711674,0.00929827192175595,0.00930309743799438,0.00930851099546713,0.00931400017244796,0.00931904696958114,0.00932316884234097,0.00932595687796797,0.00932710811863923,0.00932644949931002,0.00932395152509805,0.00931973061174358,0.00931403989837474,0.00930724924758268,0.00929981599875671,0.00929224876692527,0.00928506712756666,0.00927876036128312,0.00927374852470537,0.00927034894945431,0.00926875085293797,0.0092690001050914,0.00927099539095349,0.00927449610808125,0.00927914140707065,0.00928447888866268,0.00929000068230654,0.00929518402051517,0.00929953305008056,0.00930261851752021,0.00930411213502733,0.00930381285721807,0.00930166294717555,0.00929775253604658,0.00929231231689928,0.00928569497783762,0.00927834688717103,0.00927077232236199,0.00926349312747675,0.00925700704536988,0.00925174806776562,0.00924805196748026,0.00924612974108651,0.00924605104245445,0.0092477388859532,0.00925097600369582,0.00925542231807411,0.00926064211017183,0.00926613870169143,0.00927139388765983,0.00927590900146704,0.00927924438072603,0.00928105413447362,0.00928111348129445,0.00927933651122653,0.00927578297781321,0.00927065358736232,0.00926427415043239,0.00925706982939746,0.00924953149456591,0.00924217683047751,0.0092355092588473,0.00922997792603485,0.00922594192695293,0.00922364161442135,0.00922317929854326,0.00922451090990386,0.00922744933210179,0.00923167917187931,0.00923678181126067,0.00924226875683873,0.00924762063197606,0.0092523286960183,0.00925593555673181,0.00925807179297315,0.00925848552920553,0.00925706257641109,0.00925383552163457,0.00924898104208124,0.00924280566835842,0.00923572115397592,0.00922821144990555,0.00922079395936038,0.00921397819812821,0.00920822517559064,0.00920391073538009,0.00920129576572273,0.00920050563299199,0.00920152044714976,0.00920417689391096,0.00920818144236457,0.00921313383858351,0.00921855899536014,0.00922394474032587,0.00922878243363205,0.00923260724780678,0.00923503493713129,0.00923579220897952,0.00923473831770622,0.00923187618931859,0.00922735220091042,0.00922144462492291,0.00921454163831749,0.00920711061870758,0.00919966113615913,0.00919270454843923,0.00918671338412178,0.00918208373086535,0.00917910362657223,0.00917792998861858,0.0091785759448982,0.00918090960652812,0.00918466441376623,0.00918946026397724,0.00919483376242135,0.00920027519240419,0.00920526924667497,0.00920933624861178,0.00921207054680552,0.00921317299096251,0.00921247487066395,0.00920995138538595,0.00920572356193181,0.0092000484740965,0.00919329856785094,0.00918593177296047,0.00917845481890843,0.00917138271328977,0.00916519764138502,0.00916031057965741,0.00915702868037669,0.00915553100417212,0.0091558544985752,0.00915789130067156,0.00916139754237203,0.00916601292424057,0.00917128947162947,0.00917672716795313,0.00918181363294518,0.0091860647134192,0.00918906279446703,0.00919048982131521,0.0091901524366608,0.00918799725884111,0.00918411510339435,0.00917873381789959,0.00917220028729808,0.00916495301053254,0.00915748739150266,0.00915031647130698,0.00914393020175351,0.0091387564853422,0.00913512707433249,0.00913325104668412,0.00913319799092707,0.00913489227521988,0.00913811889896081,0.00914254049566972,0.00914772415334821,0.00915317592312484,0.00915838026337535,0.00916284126171936,0.00916612232309979,0.00916788112518865,0.00916789701966748,0.00916608866945706,0.00916252050409643,0.00915739748026404,0.00915104857948493,0.00914390038581356,0.00913644288741667,0.00912919026786295,0.00912263984336789,0.00911723243444847,0.00911331733106441,0.00911112463254098,0.00911074714465513,0.00911213324158366,0.00911509121630311,0.0091193047280533,0.00912435808534786,0.00912976934043432,0.00913502856673239,0.00913963828874847,0.00914315287026227,0.00914521375850079,0.00914557781939952,0.00914413654731826,0.00914092464490713,0.00913611729448539,0.0091300163251643,0.00912302635393106,0.00911562277125568,0.00910831408582239,0.00910160158976475,0.00909593952555793,0.00909169891227646,0.00908913791761459,0.00908838115603191,0.00908940958987143,0.00909206186897281,0.0090960470350107,0.00910096760947162,0.00910635124686644,0.00911168843421471,0.00911647321701583,0.00912024367839849,0.00912261891378112,0.009123329523403,0.00912223916451583,0.00911935542438638,0.00911482913997111,0.00910894222923384,0.00910208503089572,0.00909472499394121,0.00908736924800391,0.00908052406930529,0.00907465449726025,0.00907014733311935,0.00906728046516557,0.00906620094200185,0.00906691350469126,0.00906928045056461,0.00907303280140342,0.00907779185462647,0.00908309937866848,0.00908845403998947,0.00909335117176152,0.00909732274561542,0.00909997440155353,0.00910101662627246,0.00910028763157454,0.00909776613845205,0.00909357306538523,0.0090879619863218,0.00908129909855714,0.00907403426165658,0.00906666537603195,0.00905969890535709,0.00905360966122273,0.00904880303323335,0.00904558266205464,0.0090441261362026,0.0090444706750835,0.0090465099795448,0.00905000254104111,0.0090545907753711,0.00905982947086095,0.00906522128962441,0.00907025649110754,0.00907445369866827,0.00907739843119024,0.00907877628977844,0.00907839811857535,0.00907621511237136,0.00907232266090642,0.00906695262937508,0.00906045470596538,0.00905326833006287,0.00904588747639227,0.00903882114250977,0.00903255271937242,0.00902750149551382,0.00902398935836057,0.00902221533069562,0.00902223994704342,0.0090239806803856,0.00902721874044556,0.00903161665976485,0.00903674523841903,0.00904211769357955,0.00904722830413257,0.00905159249348089,0.0090547851866549,0.00905647442314324,0.00905644758968161,0.00905462822030143,0.00905108204623921,0.00904601181431081,0.00903974127136321,0.0090326895665503,0.00902533808007897,0.00901819228390573,0.00901174163370736,0.00900642065743141,0.009002574330146,0.00900043050442564,0.00900008161625546,0.0090014771512727,0.00900442749994556,0.00900861892519323,0.00901363847976806,0.00901900690782975,0.00902421690968177,0.0090287737013594,0.00903223460633732,0.0090342444916771,0.00903456419460837,0.0090330896480841,0.00902986016287231,0.00902505520254357,0.00901897992332023,0.00901204066069092,0.00900471235132262,0.00899750051969944,0.00899090088818198,0.00898535985301507,0.00898123898821396,0.00897878639896368,0.00897811717906421,0.0089792044885603,0.00898188192112376,0.00898585693869443,0.00899073427731413,0.00899604744141703,0.00900129577156577,0.00900598414534011,0.00900966218083937,0.00901195986263839,0.00901261679344607,0.00901150277351975,0.00900862809084653,0.00900414271467048,0.00899832445473966,0.00899155700916671,0.00898429961352428,0.00897705066797646,0.00897030820558578,0.00896453032760598,0.00896009874337785,0.0089572883137907,0.00895624503232667,0.00895697422324883,0.00895933993619902,0.00896307562539065,0.00896780529107004,0.00897307341205384,0.00897838128609634,0.0089832268754011,0.00898714496451071,0.00898974440024992,0.0089907394083237,0.00898997245746924,0.00898742682974155,0.00898322789173301,0.00897763297387117,0.0089710106823807,0.00896381132146054,0.00895653082141964,0.00894967108721151,0.00894369995529645,0.00893901395849304,0.00893590685759823,0.00893454642884055,0.00893496133134308,0.00893703906687132,0.00894053515250435,0.00894509273479387,0.00895027105678741,0.00895558050615107,0.008960521467234,0.00896462390749111,0.00896748457591575,0.00896879888678754,0.00896838498846879,0.00896619813383965,0.00896233422515165,0.00895702224799804,0.00895060617871947,0.00894351778018699,0.00893624242208281,0.0089292806127983,0.00892310827090557,0.00891813887407905,0.0089146904934448,0.00891296035308939,0.00891300896765316,0.00891475515094102,0.00891798232210588,0.00892235563618499,0.00892744860095055,0.0089327770752268,0.00893783793642412,0.00894214931422274,0.00894528915257853,0.00894692899500235,0.00894686027226953,0.00894501097367891,0.00894145135752295,0.00893638824501335,0.00893014837060829,0.00892315214771134,0.0089158799761438,0.0089088338081465,0.00890249706217724,0.00889729609965115,0.00889356634408794,0.00889152573272395,0.00889125758475368,0.00889270420770543,0.00889567170976734,0.00889984560373318,0.00890481593866133,0.00891010994348909,0.0089152295784449,0.00891969101633774,0.00892306294167115,0.0089250006611701,0.00892527335063852,0.00892378229825222,0.0089205687090506,0.00891581045612567,0.00890980803194384,0.00890296079725855,0.00889573538330258,0.00888862872314499,0.00888212862303229,0.00887667499329674,0.00887262481720328,0.00887022364763199,0.00886958591340965,0.00887068563054997,0.00887335829672645,0.00887731385658737,0.0088821597316637,0.00888743209071943,0.00889263286715663,0.00889726956355241,0.00890089465193823,0.008903141399757,0.00890375322992538,0.00890260424332518,0.00889970925100592,0.0088952225162331,0.00888942531894901,0.00888270335495952,0.00887551580092133,0.00886835854777335,0.00886172456970248,0.00885606461211393,0.00885175133750706,0.00884904977520129,0.00884809640805481,0.00884888853458425,0.00885128471915553,0.00885501625386208,0.00885970868129836,0.00886491164125863,0.00887013466332766,0.0088748860722243,0.008878711934707,0.0088812319778671,0.00888216965339454,0.00888137399012174,0.00887883152483367,0.00887466737535672,0.00886913536470306,0.00886259796196564,0.00885549760937109,0.00884832168751635,0.00884156387475509,0.00883568494497795,0.00883107610340646,0.00882802777775262,0.00882670636778442,0.00882714083366121,0.00882922022120456,0.00883270234896249,0.00883723299205445,0.00884237405884462,0.00884763852893439,0.00885252936279347,0.00885657925774393,0.00885938804824216,0.00886065473758828,0.00886020158220024,0.00885798828897601,0.00885411518205897,0.00884881508821409,0.00884243460721815,0.00883540629388136,0.00882821400613748,0.00882135421235486,0.00881529636418551,0.00881044550767343,0.00880711011651534,0.00880547769918339,0.00880560009356443,0.00880738957836481,0.00881062606881245,0.0088149747910198,0.00882001300696788,0.00882526365216595,0.00883023320929833,0.00883445081909297,0.00883750554673946,0.00883907887754567,0.00883896989285617,0.00883711114963649,0.00883357401498992,0.00882856303459758,0.00882239977398504,0.00881549739488741,0.00880832795515433,0.00880138499792209,0.00879514437873787,0.00879002643183386,0.00878636248116514,0.00878436836588402,0.00878412710388044,0.00878558210366956,0.00878854150407951,0.00879269333245266,0.00879763029701807,0.00880288224569001,0.00880795370083332,0.00881236346653075,0.00881568313048757,0.00881757136092624,0.00881780122952831,0.00881627835408929,0.00881304840178828,0.00880829335811685,0.00880231687321751,0.00879551987589048,0.00878836842943462,0.00878135642854014,0.00877496614591342,0.00876962979475069,0.00876569517151474,0.00876339810115599,0.00876284385628125,0.00876399900265046,0.00876669428729307,0.00877063830061619,0.00877544078837494,0.0087806437361025,0.00878575775230892,0.00879030087383112,0.00879383673311841,0.00879600908064648,0.00879656994732038,0.0087953992382632,0.00879251422492281,0.00878806819060299,0.00878233832814693,0.00877570382949313,0.00876861588179674,0.00876156192827184,0.00875502700830176,0.0087494552261416,0.00874521439749043,0.0087425666889885,0.00874164760828126,0.00874245504861765,0.00874484929199708,0.00874856399817872,0.00875322732867921,0.00875839154347297,0.00876356872239107,0.0087682697568972,0.0087720434788787,0.00877451277296744,0.00877540476159373,0.00877457263262188,0.00877200735387289,0.00876783833321301,0.00876232297599275,0.00875582599234212,0.00874879013723801,0.00874170075344966,0.00873504697560728,0.008729282708737,0.00872479050097894,0.0087218511874749,0.00872062170836623,0.00872112283798204,0.00872323776303367,0.00872672158303668,0.00873122094435844,0.00873630222440445,0.00874148601462876,0.00874628516347713,0.00875024337158253,0.00875297129990115,0.00875417735482912,0.00875369073476248,0.00875147492918644,0.00874763060959497,0.00874238768294732,0.00873608712657483,0.0087291540229565,0.008722063905052,0.00871530505658757,0.00870933974258613,0.0087045674416773,0.00870129300230926,0.00869970226348913,0.00869984709992526,0.0087016411149218,0.00870486636315102,0.00870919060148007,0.00871419371288997,0.00871940120251058,0.008724322090489,0.00872848816794043,0.00873149146433732,0.00873301690817511,0.00873286754362055,0.00873098026787199,0.0087274308254664,0.00872242766729679,0.00871629517994109,0.00870944764582154,0.00870235604142474,0.0086955103569351,0.00868938047348145,0.00868437873350291,0.00868082718424983,0.00867893208654109,0.00867876769475031,0.00868027057143731,0.00868324485552407,0.00868737802635104,0.00869226587495682,0.00869744467771878,0.00870242801641725,0.00870674533604587,0.00870997920079124,0.00871179831393364,0.00871198370559879,0.0087104460352434,0.0087072326549254,0.00870252387779968,0.00869661873668072,0.00868991134124947,0.00868285968617697,0.00867594936282786,0.00866965503325707,0.00866440270727369,0.00866053581153676,0.00865828775691499,0.00865776321082305,0.00865892959694858,0.00866161953005539,0.00866554401908462,0.00867031541090777,0.00867547826520629,0.00868054570573464,0.00868503833831049,0.00868852260588571,0.00869064549064006,0.00869116276806864,0.00868995853858203,0.00868705446373694,0.00868260796406848,0.0086768995305472,0.00867031018688655,0.00866329093576749,0.00865632665982779,0.00864989738091091,0.00864443998186098,0.00864031345046887,0.00863777041424648,0.00863693721711134,0.00863780409064955,0.00864022615882713,0.00864393515618144,0.00864856089947166,0.00865366078976335,0.00865875499289558,0.00866336450460878,0.00866704909074583,0.00866944211648432,0.00867027953212031,0.00866942074263648,0.00866685972174351,0.00866272549455526,0.00865727194794856,0.00865085776519377,0.008643918054444,0.00863692989271028,0.00863037449223674,0.00862469897621334,0.0086202807963164,0.00861739762580875,0.0086162051347147,0.00861672443597007,0.00861884023287622,0.00862230985260401,0.00862678247910467,0.00863182707173781,0.00863696674715722,0.00864171687493315,0.00864562383362128,0.00864830131403086,0.0086494612450196,0.00864893684465115,0.00864669593636524,0.00864284346216094,0.00863761300170576,0.00863134799265485,0.0086244741745379,0.00861746548378944,0.00861080615302424,0.00860495206544998,0.00860029445909936,0.00859712886801582,0.00859563175464591,0.00859584666793908,0.00859768100002208,0.00860091356617963,0.00860521236808703,0.00861016109524024,0.00861529224137155,0.00862012420865542,0.00862419947171975,0.00862712079497426,0.008628582651348,0.00862839537180887,0.00862650013223822,0.00862297360562615,0.00861802191346267,0.00861196434263932,0.00860520809602976,0.00859821605541635,0.00859147009358108,0.00858543282909391,0.00858051084562831,0.00857702229227795,0.00857517145096319,0.00857503232038681,0.00857654255711837,0.00857950828830543,0.00858361943858656,0.00858847437059629,0.0085936118899545,0.0085985480669798,0.00860281492677687,0.00860599789573797,0.00860776898609197,0.00860791304396741,0.00860634494781208,0.00860311637408773,0.00859841158884733,0.00859253261224994,0.00858587496489309,0.00857889596461321,0.00857207813518265,0.00856589066918551,0.00856075203205751,0.00855699669350134,0.00855484863153134,0.00855440369900141,0.00855562222120061,0.00855833237158336,0.00856224401993861,0.00856697192633017,0.00857206642283862,0.00857704913922772,0.00858145093817952,0.00858484906375904,0.00858690058194377,0.00858736949088487,0.00858614537480431,0.00858325213477138,0.00857884610650572,0.0085732037097469,0.00856669959619816,0.00855977700723534,0.00855291266428421,0.0085465789516279,0.00854120637892366,0.00853714930393483,0.00853465764882057,0.0085338568748287,0.00853473783152492,0.00853715731978172,0.0085408493592904,0.00854544629320851,0.0085505080642317,0.00855555732894004,0.00856011760013557,0.00856375135810771,0.00856609506765062,0.0085668882789282,0.00856599446253142,0.00856341189825781,0.008559273746492,0.0085538373083006,0.00854746335113252,0.00854058717412563,0.00853368375033894,0.00852722975805096,0.00852166555557534,0.00851736014215143,0.00851458188847909,0.00851347734491795,0.00851405978528089,0.00851620836754764,0.00851967794628277,0.00852411872312842,0.00852910414510455,0.00853416481994542,0.00853882575876473,0.00854264400676645,0.00854524369847269,0.00854634577993798,0.00854579006386824,0.00854354788932145,0.00853972439393125,0.00853455021572787,0.00852836326649454,0.00852158200027016,0.0085146722764146,0.00850811042707479,0.00850234544109534,0.00849776325129574,0.00849465595935459,0.00849319846141296,0.0084934343661658,0.00849527236178265,0.00849849334914536,0.00850276779325085,0.00850768192715216,0.00851277073452931,0.00851755508597194,0.00852158005433183,0.00852445132367353,0.00852586675340136,0.00852564055285856,0.00852371812253576,0.00852018037143914,0.00851523716730577,0.008509210454262,0.00850250841044367,0.00849559274186341,0.00848894175444008,0.00848301217191013,0.00847820275437291,0.00847482261789233,0.00847306677024327,0.00847300078917931,0.00847455582776889,0.00847753430299797,0.00848162577906524,0.00848643175881294,0.00849149740126069,0.0084963476423727,0.00850052485610087,0.00850362508293983,0.00850532997852383,0.0085054319779586,0.00850385070267106,0.00850063931876859,0.00849598034242326,0.00849017121793977,0.00848360079848367,0.00847671857241148,0.00846999904806335,0.00846390409821472,0.00845884624149412,0.00845515578030596,0.00845305441991037,0.00845263748409753,0.00845386616496326,0.00845657045366009,0.00846046255330986,0.00846515973507423,0.00847021483056426,0.00847515192726054,0.00847950440648129,0.00848285227051555,0.00848485575818452,0.00848528254041427,0.00848402630016659,0.00848111519788362,0.00847670954666181,0.00847108889740688,0.00846462958751467,0.0084577745703718,0.00845099796045084,0.00844476715057172,0.00843950554544933,0.00843555889086126,0.00843316787066197,0.0084324491286126,0.0084333861947163,0.00843583100721731,0.00843951587852735,0.00844407492263968,0.0084490732149421,0.00845404135566445,0.00845851269857901,0.00846206031014945,0.00846433075133222,0.00846507202519352,0.00846415349398693,0.00846157620354008,0.00845747280653768,0.00845209708813431,0.00844580390768394,0.008439021122598,0.0084322156973449,0.00842585666767869,0.00842037788567092,0.00841614349498963,0.00841341888013481,0.00841234941446222,0.00841294872666993,0.00841509745457278,0.00841855261655966,0.00842296687738566,0.00842791618887923,0.00843293361087316,0.00843754661359323,0.0084413148703877,0.00844386549840657,0.00844492290508915,0.0084443308346504,0.00844206484098484,0.00843823418668287,0.0084330730209114,0.00842692155569151,0.00842019876979823,0.008413368851718,0.00840690408908487,0.00840124718425603,0.00839677600852376,0.00839377360184908,0.00839240579607429,0.0083927082198405,0.00839458368463985,0.00839781011998776,0.00840205839152874,0.00840691856239149,0.00841193250084402,0.00841663024490788,0.00842056724675068,0.00842335956003155,0.00842471420417808,0.00842445232336454,0.0084225233233635,0.00841900887497759,0.00841411646646424,0.00840816300722812,0.00840154976526939,0.00839473060109175,0.00838817599154745,0.00838233567902461,0.00837760290415415,0.00837428306733232,0.00837256932101296,0.00837252705069176,0.00837408850453164,0.00837705803313751,0.00838112755811861,0.00838590106308041,0.0083909261633918,0.00839573023014866,0.00839985817175153,0.00840290884094107,0.00840456714131474,0.0084046292461434,0.00840301889257804,0.00839979343675852,0.00839513918914702,0.00838935641954778,0.00838283525295744,0.0083760244060464,0.00836939528568874,0.00836340433972863,0.00835845668193519,0.00835487389534713,0.00835286856583421,0.00835252754753245,0.00835380526121641,0.00835652752776953,0.00836040560065653,0.00836505925123919,0.00837004704900961,0.00837490142372773,0.00837916573587839,0.00838243043535722,0.00838436546390645,0.00838474635258922,0.00838347196319322,0.00838057248216546,0.00837620704109756,0.00837065114733438,0.00836427490320512,0.00835751371655049,0.0083508338025812,0.00834469519611326,0.00833951519702965,0.00833563514538698,0.00833329317092079,0.00833260510283499,0.00833355508910473,0.0083359967049361,0.00833966449013687,0.00834419501746874,0.00834915582860126,0.00835407993905971,0.00835850315590555,0.00836200121150226,0.00836422372081661,0.00836492222356349,0.00836397005317812,0.00836137243648856,0.00835726601497617,0.0083519078308624,0.00834565467389493,0.00833893446624429,0.00833221200307208,0.00832595181015921,0.00832058109658963,0.00831645576044231,0.00831383215284877,0.00831284683708934,0.00831350592904502,0.00831568482962526,0.00831913832912165,0.0083235202471434,0.00832841102917482,0.00833335110200556,0.00833787734151007,0.00834155976698289,0.00834403556847726,0.00834503779444833,0.00834441645186035,0.0083421503640301,0.00833834885139021,0.00833324309720777,0.00832716787234232,0.00832053505226762,0.00831380100397591,0.00830743040349213,0.00830185933419788,0.00829746058858838,0.0082945139380317,0.00829318375142491,0.00829350576441826,0.00829538407692947,0.00829859864740219,0.00830282271786699,0.00830764880520775,0.00831262119554594,0.00831727234357347,0.00832116025652626,0.00832390385919617,0.00832521349487349,0.00832491410374799,0.0083229592078306,0.00831943457623495,0.00831455128407662,0.00830862873794755,0.00830206904763007,0.00829532481505325,0.00828886293631747,0.00828312732868716,0.00827850357204652,0.00827528828530194,0.00827366566137044,0.00827369300023381,0.00827529635865655,0.00827827663130979,0.00828232555029076,0.00828705030416817,0.00829200480087345,0.00829672508650823,0.00830076611965581,0.00830373700488068,0.00830533191428957,0.00830535426599699,0.00830373226039607,0.00830052455649657,0.00829591564350996,0.00829020126620877,0.00828376503896578,0.00827704807790342,0.00827051403858615,0.00826461231830946,0.00825974233363404,0.00825622170527096,0.00825426088405456,0.00825394625612554,0.00825523310412121,0.00825794901958024,0.00826180752258623,0.00826643082167889,0.00827137991083794,0.00827618960817851,0.00828040573595073,0.00828362145664315,0.00828550983706276,0.00828585001277433,0.00828454484452111,0.00828162864856921,0.00827726438466491,0.00827173053524362,0.00826539874208416,0.00825870401346084,0.00825210991101028,0.0082460715201171,0.00824099917206293,0.00823722581304567,0.00823498061310903,0.00823437089963078,0.008235373825217,0.0082378383960655,0.00824149766199829,0.0082459900701271,0.00825088826889479,0.00825573306908921,0.00826006986818281,0.00826348465849014,0.00826563678329771,0.00826628587016188,0.00826531083069247,0.00826271943524627,0.00825864770620635,0.00825334917202466,0.00824717482238069,0.00824054533614798,0.00823391776082833,0.00822774926187201,0.00822246080200972,0.00821840363200275,0.0082158312650844,0.00821487917968529,0.00821555388516189,0.00821773224648929,0.00822117115381246,0.00822552679870915,0.00823038204203461,0.00823527969454814,0.00823975904430891,0.00824339269869616,0.00824582078204354,0.00824677973870472,0.0082461234193154,0.00824383474700416,0.00824002702467633,0.00823493478829755,0.00822889495784358,0.00822231981559067,0.00821566399268396,0.00820938812262315,0.00820392208452169,0.00819963078253387,0.00819678518700604,0.00819554092328117,0.00819592608135266,0.00819783918482756,0.00820105745277344,0.00820525467033344,0.00821002722058233,0.00821492618955096,0.00821949299211658,0.00822329570715003,0.00822596326501707,0.00822721479976441,0.00822688185572437,0.00822492170152715,0.00822142070799747,0.0082165875274808,0.0082107366067283,0.00820426331789888,0.00819761265248486,0.00819124394013587,0.00818559437992815,0.00818104427289507,0.00817788671490816,0.00817630416481472,0.00817635377223052,0.00817796266643044,0.00818093361758913,0.00818496064661821,0.00818965335474076,0.00819456804022502,0.00819924312240019,0.00820323604038864,0.00820615866342192,0.00820770835833565,0.00820769220653081,0.00820604241908503,0.0082028217133892,0.00819821822528759,0.00819253037370038,0.00818614290605489,0.00817949606598498,0.0081730503759794,0.00816724986901343,0.00816248671164575,0.00815907003645644,0.00815720145743546,0.00815695920179337,0.00815829209468376,0.00816102383814091,0.00816486720417362,0.00816944698386024,0.00817432985591013,0.00817905880348251,0.00818318935500201,0.00818632478496083,0.00818814750020778,0.00818844414703606,0.00818712247311039,0.00818421862297821,0.00817989429017212,0.00817442394177621,0.00816817311308197,0.00816156947555835,0.00815506895182755,0.00814911954378951,0.0081441257284601,0.00814041624576647,0.00813821784948072,0.00813763712947585,0.00813865187597924,0.00814111269932344,0.00814475480429385,0.00814921900817363,0.00815408034597301,0.00815888198533935,0.00816317173428244,0.00816653820884912,0.00816864375266611,0.00816925145953435,0.00816824412144303,0.00816563357312244,0.00816155968205406,0.00815627907496429,0.00815014452356239,0.00814357666213385,0.00813703031948157,0.00813095817379205,0.00812577464841375,0.00812182293852816,0.00811934779349859,0.00811847620265537,0.00811920748985175,0.00812141357033372,0.00812484931884317,0.00812917219884057,0.00813396957147488,0.00813879150128711,0.00814318645347639,0.00814673706404579,0.00814909316879085,0.0081499994960147,0.00814931584681169,0.00814702817724473,0.00814324971244545,0.00813821200417868,0.00813224662874186,0.00812575895424073,0.00811919603308702,0.00811301114740882,0.00810762780923146,0.00810340606755153,0.00810061379848091,0.00809940527022482,0.0080998087113303,0.00810172390573748,0.00810493004066806,0.00810910320739758,0.00811384217352604,0.00811870037697982,0.00812322158902525,0.00812697639198676,0.00812959654091287,0.00813080443898098,0.00813043534742019,0.00812845054042923,0.00812494035085667,0.00812011686948594,0.00811429689449362,0.00810787651368904,0.00810129937674655,0.0080950212190904,0.00808947349007491,0.00808502899539717,0.00808197228886782,0.0080804771594368,0.00808059298523497,0.0080822410114836,0.00808522081263685,0.0080892263895361,0.00809387059609301,0.00809871594281603,0.00810330933147043,0.00810721797259439,0.00811006365114781,0.00811155264346633,0.0081114989374262,0.00810983893573907,0.00810663648769529,0.00810207784965309,0.0080964569642338,0.00809015221053914,0.00808359644984556,0.0080772427198794,0.00807152827794084,0.00806683983441942,0.00806348273958481,0.00806165658676946,0.0080614391928669,0.00806278025393432,0.00806550520676114,0.00806932901765569,0.0080738788267283,0.00807872365861657,0.0080834088296293,0.00808749229173165,0.00809057999252592,0.0080923574083897,0.00809261471379548,0.0080912635580822,0.00808834409547924,0.00808402170452565,0.00807857367220195,0.00807236693084344,0.008065828652532,0.00805941207184987,0.00805356028391836,0.00804867092148853,0.00804506453596108,0.00804295919631632,0.00804245330681695,0.00804351797800664,0.00804599952322765,0.00804963185224229,0.00805405775238777,0.00805885734713005,0.00806358146090978,0.00806778724377391,0.00807107324494274,0.00807311117726064,0.00807367187740795,0.00807264342212348,0.00807003997669225,0.00806600068026834,0.00806077865353322,0.00805472098637841,0.00804824127034112,0.00804178683091212,0.00803580324116741,0.00803069892202874,0.0080268126350698,0.00802438645271286,0.00802354636781991,0.00802429211110124,0.00802649702068038,0.00802991800624356,0.00803421483657665,0.00803897722532091,0.00804375755957585,0.00804810665794745,0.00805160969253228,0.00805391938552964,0.00805478380357791,0.00805406650810676,0.00805175744045244,0.00804797367067588,0.00804294995657505,0.00803701988099734,0.00803058909689543,0.00802410284594613,0.00801801037152279,0.00801272908314885,0.00800861133449763,0.00800591645683757,0.00800479026299955,0.00800525363334607,0.00800720106146893,0.00801040923716832,0.00801455494856459,0.00801924085787998,0.00802402709674973,0.00802846617693471,0.00803213845543971,0.00803468535432467,0.00803583772051433,0.00803543710110778,0.00803344826818981,0.00802996200945632,0.00802518795960364,0.00801943802859101,0.00801310172482249,0.00800661531140647,0.00800042722036401,0.00799496244884996,0.00799058875319312,0.00798758733026093,0.00798613033322634,0.00798626703209951,0.00798791974357776,0.00799088987968885,0.0079948736616089,0.00799948627199946,0.00800429253362727,0.00800884166321184,0.00801270331041016,0.00801550198469815,0.00801694710277323,0.00801685623936436,0.0080151697068193,0.00801195528620212,0.00800740273239315,0.00800180850859742,0.00799555199555353,0.00798906510097699,0.00798279771619566,0.0079771817944117,0.00797259693168776,0.00796934020237988,0.00796760264346502,0.00796745423311773,0.00796883852264435,0.00797157731541211,0.00797538499539037,0.00797989134607108,0.00798467102874416,0.00798927736783556,0.00799327776483063,0.0079962879503182,0.00799800238445883,0.0079982184184238,0.00799685231579682,0.00799394587254231,0.00798966311604532,0.00798427734323185,0.00797814951125128,0.00797169966887397,0.00796537366782624,0.00795960777784497,0.00795479400850235,0.00795124889301588,0.00794918821918112,0.00794870972790686,0.00794978517938373,0.00795226245259418,0.00795587754528711,0.00796027554146997,0.0079650388837332,0.00796972069476982,0.00797388048372687,0.00797711937616129,0.00797911203538156,0.0079796327007184,0.00797857324049446,0.00797595176622212,0.0079719111214748,0.00796670737690601,0.00796068926691493,0.00795427023229006,0.00794789532805596,0.00794200566444001,0.00793700323557947,0.00793321894379792,0.00793088635802608,0.00793012327883206,0.00793092255460264,0.00793315285047129,0.00793656927459639,0.00794083298403341,0.00794553818976759,0.00795024440901286,0.00795451141042622,0.00795793409265516,0.00796017454661961,0.00796098877905896,0.00796024599983949,0.0079579389611374,0.0079541845360168,0.00794921448603041,0.00794335713692493,0.00793701139820851,0.00793061516718126,0.00792461060257122,0.00791940900532737,0.00791535808698162,0.00791271423269615,0.00791162198277842,0.00791210238855294,0.00791405119312334,0.00791724700600558,0.00792136884598805,0.00792602167698903,0.00793076791265802,0.0079351623718666,0.00793878787735149,0.0079412886331194,0.00794239869539601,0.00794196324678019,0.00793995096032176,0.00793645645694474,0.0079316926621004,0.00792597368851655,0.00791968963821498,0.00791327536302848,0.00790717569954922,0.00790180996909547,0.00789753858516533,0.00789463443252078,0.00789326128634605,0.00789346096336332,0.00789515019293558,0.00789812742389516,0.0079020889993502,0.00790665339378249,0.00791139157226951,0.00791586105477984,0.00791964098832163,0.00792236546354136,0.00792375245855814,0.00792362613756695,0.00792193075185197,0.0079187350497059,0.00791422684750232,0.00790869818552198,0.00790252222867221,0.00789612372061902,0.00788994531278013,0.00788441242496369,0.00787989942016228,0.00787669977921017,0.00787500265170908,0.00787487766491608,0.00787626922818505,0.00787900082076577,0.00788278895050329,0.00788726568812455,0.00789200798691283,0.00789657144979981,0.00790052584516126,0.00790348952336699,0.00790515996300518,0.00790533798038725,0.00790394364868002,0.00790102264861567,0.00789674254872955,0.00789137932374636,0.00788529520374261,0.00787890964511219,0.00787266576887824,0.00786699497124206,0.00786228254447943,0.00785883704852284,0.0078568658611609,0.00785645883542211,0.00785758134178532,0.00786007721903521,0.00786368136415563,0.00786804092870656,0.00787274341892383,0.00787734946553915,0.00788142767086884,0.00788458878141274,0.00788651649119098,0.00788699245299786,0.00788591353668342,0.00788329998324665,0.00787929381271546,0.00787414760331377,0.00786820451593694,0.00786187113116792,0.00785558523587157,0.00784978109581312,0.00784485495274597,0.00784113347785766,0.00783884769637229,0.0078381144782875,0.00783892709417259,0.00784115561228334,0.00784455712807319,0.00784879503428082,0.00785346581615402,0.00785813124451498,0.00786235339130252,0.00786572965319259,0.00786792496448607,0.00786869860807136,0.00786792346797984,0.0078655961724088,0.00786183730906361,0.00785688170041779,0.0078510595359179,0.00784476989668554,0.00783844881261684,0.007832534419264,0.00782743200661758,0.00782348175697192,0.00782093174708585,0.00781991835405358,0.00782045559548936,0.00782243421289592,0.00782563053571284,0.00782972439774827,0.00783432466805623,0.00783900035834347,0.00784331483183037,0.00784686040418331,0.00784929061082318,0.0078503476084188,0.00784988256132484,0.0078478674100597,0.00784439709322726,0.00783968204576194,0.00783403156169728,0.00782782932538142,0.00782150302807379,0.00781549045555064,0.00781020472155111,0.00780600140315493,0.00780315019418994,0.00780181334112582,0.0078020325937857,0.00780372573443165,0.00780669299242654,0.00781063286242835,0.00781516608452055,0.00781986588093818,0.00782429203451604,0.00782802607969726,0.00783070478081248,0.00783204920236318,0.00783188702625621,0.00783016631655398,0.0078269596270967,0.00782245812969913,0.00781695624465265,0.00781082801863084,0.00780449715954188,0.00779840314791522,0.00779296615376621,0.00778855356984057,0.00778545082559542,0.0077838387915864,0.00778377955243843,0.0077852116568494,0.00778795519418861,0.00779172626152896,0.00779615964129685,0.00780083787012047,0.00780532438931134,0.0078091981570311,0.00781208699229821,0.00781369702348475,0.00781383592477285,0.00781242811759041,0.00780952074667247,0.00780527996058155,0.00779997778222894,0.00779397059287645,0.00778767091662919,0.00778151472549485,0.00777592684250512,0.00777128717550854,0.00776790045824935,0.007765971911771,0.00776559078267299,0.00776672309539136,0.00776921422236142,0.00777280109120625,0.00777713307701441,0.00778179992982508,0.0077863645155424,0.00779039775005512,0.00779351291948807,0.00779539662403191,0.00779583385431116,0.00779472518197916,0.00779209468071207,0.0077880879414196,0.00778296034805588,0.00777705657025928,0.00777078293710955,0.00776457492322801,0.00775886236190593,0.00775403517370911,0.00775041234991986,0.00774821665932112,0.00774755707588997,0.00774842029674436,0.00775067199072785,0.00775406764765774,0.00775827214265717,0.00776288644433024,0.00776747933458173,0.00777162162017278,0.00777492013248675,0.00777704884089445,0.0077777746376263,0.00777697576912096,0.00777465146332366,0.00777092199395402,0.0077660191756834,0.0077602680350587,0.00775406109179421,0.00774782726523957,0.0077419978509564,0.00773697225630592,0.00773308621496489,0.00773058501092329,0.00772960385009476,0.00773015695819124,0.00773213630045833,0.00773532005913526,0.00773939022202041,0.00774395789508154,0.00774859432166013,0.00775286512705207,0.00775636504560801,0.00775875034377813,0.00775976632952748,0.00775926772796673,0.00775723027867242,0.0077537526241612,0.00774904834711543,0.0077434288083371,0.00773727817581754,0.00773102266190205,0.00772509644933773,0.00771990704658872,0.00771580284545659,0.00771304546186547,0.00771178904653682,0.00771206819037123,0.00771379536159792,0.00771676804954362,0.00772068501570402,0.00772517033353643,0.0077298032928877,0.00773415179581177,0.00773780660575446,0.00774041374988108,0.00774170252259238,0.00774150688853849,0.00773977860646356,0.00773659104575677,0.00773213339389973,0.00772669570279116,0.00772064594151671,0.00771440085628665,0.00770839293144806,0.00770303605740182,0.00769869261933915,0.0076956446189682,0.00769407113576817,0.00769403394267633,0.00769547244764928,0.0076982083893987,0.00770195993624046,0.00770636408472544,0.00771100558663993,0.00771545010004683,0.00771927890829251,0.00772212241515099,0.00772368971943034,0.00772379188859301,0.00772235705851066,0.00771943614395793,0.00771519870223544,0.00770991929077393,0.00770395543045749,0.00769771896146927,0.00769164310222858,0.00768614785712167,0.00768160654336835,0.00767831611123818,0.00767647361836726,0.00767616071305508,0.00767733732974435,0.00767984506201782,0.0076834199146621,0.00768771340079383,0.00769232029505996,0.00769681083144946,0.00770076479005136,0.00770380477974314,0.00770562609875909,0.00770602082984816,0.00770489427859892,0.00770227246181754,0.00769830005504829,0.00769322895839109,0.00768739837567971,0.00768120796659031,0.007675086177237,0.00766945624280537,0.00766470255196896,0.00766114004465494,0.00765898908034516,0.00765835778552695,0.00765923330397605,0.00766148267624988,0.00766486331211887,0.00766904224759344,0.00767362266276395,0.0076781755440079,0.00768227395685993,0.00768552718380943,0.00768761198634635,0.00768829847333084,0.00768746848712167,0.00768512502470007,0.00768139194089601,0.00767650396843776,0.00767078786824433,0.00766463623413656,0.00765847606590351,0.00765273464425542,0.00764780545133874,0.00764401686256766,0.00764160609691756,0.00764070048091734,0.00764130749342266,0.0076433143570447,0.0076464971799762,0.00765053889195744,0.00765505452552513,0.00765962182392461,0.00766381474932938,0.00766723724492358,0.00766955458854182,0.00767051986899408,0.00766999350536805,0.00766795428013621,0.00766450102139811,0.00765984479765356,0.00765429222984521,0.00764822122620171,0.00764205104767825,0.00763620906240033,0.00763109681048795,0.00762705806079465,0.00762435139736216,0.00762312953181379,0.00762342701486713,0.00762515735203297,0.00762811977392141,0.00763201513922926,0.00763646972155443,0.00764106499974388,0.00764537107981843,0.00764898106821514,0.00765154362714112,0.00765279108762041,0.00765256085851063,0.00765080841231065,0.00764761080474562,0.00764316044603542,0.00763774963133746,0.00763174708900909,0.0076255684485923,0.00761964301039066,0.00761437948244457,0.00761013342425835,0.00760717899499415,0.00760568725243263,0.00760571271219525,0.00760718920371728,0.00760993531434666,0.00761366895816888,0.00761802989455437,0.00762260839959425,0.00762697780937453,0.0076307283523895,0.00763349959762586,0.00763500896726631,0.00763507407950053,0.00763362716918189,0.00763072045009465,0.00762652199186729,0.00762130243235803,0.00761541356851918,0.00760926050558832,0.0076032695501292,0.00759785437352952,0.00759338312238743,0.00759014909142513,0.00758834730092791,0.00758805885622756,0.00758924435303423,0.0075917468798042,0.00759530440800642,0.0075995706077097,0.00760414244071654,0.0076085923287563,0.00761250232037957,0.00761549751630795,0.00761727606778748,0.00761763333135368,0.00761647823013922,0.00761384050286175,0.00760986826335997,0.00760481607887145,0.007599024537343,0.00759289295482509,0.00758684742335912,0.00758130677268142,0.00757664918012014,0.00757318209702517,0.00757111787780881,0.00757055703069914,0.00757148039797132,0.0075737508621414,0.00757712441525426,0.00758126968290934,0.00758579432848755,0.00759027623107444,0.00759429696880527,0.0075974749675072,0.00759949570357105,0.00760013658240553,0.00759928453595544,0.00759694495965255,0.00759324128979597,0.00758840525191703,0.00758275853776386,0.00757668734290353,0.00757061176586617,0.00756495248252655,0.00756009732908753,0.0075563704385616,0.00755400638292053,0.00755313139081605,0.0075537531616294,0.00755576011687206,0.00755893017389352,0.00756294836117171,0.00756743188467651,0.00757196065551388,0.00757611084387566,0.00757948876933757,0.00758176239996749,0.00758268792132611,0.00758212923552937,0.0075800688227943,0.00757660909433395,0.00757196413202088,0.00756644248770079,0.00756042243875331,0.00755432170269278,0.00754856405134617,0.00754354550279085,0.007539602793296,0.0075369866414741,0.00753584192482909,0.00753619632534628,0.00753795831541651,0.00754092460965125,0.00754479646254471,0.00754920349993086,0.00755373318251104,0.00755796355883881,0.00756149671229693,0.00756399026309996,0.00756518445037407,0.00756492267103554,0.00756316386300205,0.00755998575613372,0.00755557873084538,0.00755023076457582,0.00754430464743117,0.00753820925422429,0.00753236712822364,0.00752718093055235,0.00752300141276745,0.00752009946254529,0.00751864445649397,0.00751869065668479,0.00752017275319429,0.00752291093449222,0.00752662511170832,0.00753095718634587,0.00753549959483057,0.0075398278483139,0.00754353445953671,0.00754626153468507,0.00754772941131998,0.0075477590351666,0.00754628626933495,0.00754336698309289,0.00753917251787855,0.0075339759078469,0.00752812997456751,0.00752203906447291,0.00751612670601075,0.00751080178960099,0.00750642598551162,0.00750328500118884,0.00750156595517986,0.00750134264460142,0.00750256985121778,0.00750508711344945,0.00750863163940177,0.00751285930965947,0.00751737208090296,0.0075217496059025,0.0075255825668122,0.00752850509425443,0.00753022372088105,0.00753054059166709,0.00752936910644007,0.00752674076691244,0.00752280269072961,0.00751780598421893,0.00751208588064794,0.00750603519990141,0.00750007321680806,0.00749461239300663,0.00749002560050237,0.00748661643299848,0.00748459496864366,0.00748406093001642,0.00748499560919735,0.00748726322883595,0.00749062165291514,0.00749474161026014,0.0074992329116577,0.007503675578347,0.00750765339643491,0.00751078720396935,0.00751276522966094,0.00751336803806929,0.00751248607381035,0.00751012839543599,0.00750642189869149,0.00750160109560754,0.00749598928100504,0.00748997261575479,0.00748396922351439,0.00747839578779566,0.00747363432433837,0.00747000178164225,0.00746772489144273,0.00746692226360373,0.00746759512836373,0.00746962742728107,0.00747279520833193,0.0074767845514406,0.00748121658773629,0.00748567762223098,0.007489751968399,0.00749305489281447,0.00749526306932652,0.00749614015028706,0.00749555545182271,0.00749349428776328,0.00749005913647767,0.00748546154288631,0.00748000538846968,0.00747406284274949,0.0074680448845634,0.00746236870950996,0.0074574245930212,0.00745354483542441,0.00745097726379127,0.00744986541121797,0.00745023696670082,0.00745200143537515,0.00745495722197307,0.00745880760181349,0.0074631843274574,0.00746767699479374,0.00747186581874726,0.0074753551896441,0.00747780531716486,0.00747895941915356,0.00747866426486173,0.00747688241393579,0.00747369516523295,0.00746929598597154,0.00746397496300722,0.00745809553832343,0.00745206540609398,0.00744630391470663,0.0074412085955969,0.00743712350337879,0.00743431189148383,0.00743293538385195,0.00743304127484565,0.00743455894151474,0.00743730563005195,0.00744100113272037,0.00744529016367089,0.00744977063567504,0.00745402558631496,0.00745765623074118,0.00746031353966167,0.00746172585838155,0.00746172039204569,0.00746023686611774,0.00745733229067665,0.00745317645716989,0.00744803851892989,0.0074422657010204,0.00743625580445909,0.00743042566722854,0.00742517807387348,0.00742086973446475,0.0074177828728527,0.00741610268542553,0.00741590247844159,0.00741713769389416,0.00741964933034131,0.0074231765111965,0.00742737721470581,0.00743185552196455,0.00743619321361359,0.00743998319015917,0.00744286203367125,0.00744453908822822,0.00744481971411948,0.00744362084351329,0.00744097758935035,0.00743704038066426,0.00743206286012299,0.00742638152537196,0.00742038876351807,0.00741450145858613,0.00740912769908235,0.00740463425213379,0.007401317397754,0.00739937944042568,0.00739891275498536,0.00739989261403203,0.00740217933620209,0.00740552955118002,0.00740961565989284,0.00741405192972112,0.00741842514858728,0.00742232740728167,0.007425388417311,0.00742730481667809,0.00742786416156816,0.00742696172291794,0.00742460876911371,0.00742093168021606,0.00741616195826801,0.00741061791583918,0.00740467948060487,0.00739875809465141,0.00739326407499144,0.00738857401054692,0.00738500078228752,0.00738276859879321,0.00738199504838426,0.0073826816133887,0.00738471342166351,0.00738786827999558,0.00739183429632722,0.00739623470591036,0.00740065792711912,0.00740469044052673,0.00740794985142529,0.0074101154795895,0.00741095401720212,0.00741033818890429,0.00740825690892596,0.0074048161180621,0.00740023024061791,0.00739480496119814,0.00738891271828083,0.00738296289200164,0.0073773690850642,0.00737251612495665,0.00736872943046486,0.00736624918300898,0.00736521134424368,0.00736563700478995,0.00736743088290264,0.00737038906598933,0.00737421535556868,0.00737854489571152,0.00738297319393861,0.00738708822834168,0.00739050310357979,0.00739288668336841,0.00739398978907554,0.00739366490371246,0.00739187783339943,0.00738871041225762,0.00738435403827041,0.00737909454254951,0.00737328957236107,0.00736734026086609,0.00736165941549273,0.00735663873948624,0.00735261768192993,0.00734985638712718,0.00734851489911263,0.00734864029466833,0.00735016279854745,0.00735290122033625,0.00735657730184481,0.00736083784443146,0.00736528285930126,0.00736949749811123,0.00737308521063293,0.00737569946640519,0.00737707148411037,0.00737703173257473,0.00737552347319097,0.00737260725830553,0.00736845602873443,0.0073633412102587,0.00735761093614399,0.0073516621596186,0.00734590890933394,0.00734074924024024,0.00733653352293486,0.00733353659686465,0.00733193599824009,0.00733179798296992,0.00733307243431745,0.0073355970279024,0.00733911028840479,0.00734327247481994,0.00734769262411345,0.007351959606239,0.00735567473144303,0.00735848333207768,0.00736010282898881,0.00736034507756752,0.00735913124218971,0.00735649803196909,0.00735259480402082,0.00734767175596101,0.00734206013191013,0.00733614599680881,0.00733033964059753,0.00732504302005648,0.00732061780898776,0.00731735659314542,0.0073154595105094,0.00731501821241833,0.0073160084410687,0.00731829183500604,0.00732162684265673,0.00732568789888362,0.00733009135324026,0.00733442608542229,0.00733828635506152,0.00734130424696641,0.0073431791041159,0.00734370158185098,0.00734277038655658,0.00734040034926188,0.00733672118554194,0.00733196704968538,0.00732645773628996,0.0073205730524859,0.00731472242716211,0.00730931220078783,0.00730471322123018,0.007301231338968,0.007299083149867,0.00729837889932944,0.00729911388046358,0.00730116898127986,0.00730432031212131,0.00730825712647215,0.00731260659250084,0.0073169634350857,0.00732092209384478,0.00732410885752677,0.00732621144617808,0.0073270037156318,0.00732636354107459,0.00732428247263439,0.00732086640446646,0.00731632720520584,0.00731096596449005,0.00730514916546659,0.00729927965081735,0.00729376466744374,0.00728898351560968,0.00728525736823178,0.00728282366083185,0.00728181709775449,0.00728225880403588,0.00728405451215283,0.0072870019553884,0.0072908069013599,0.00729510656235144,0.00729949852245395,0.00730357287292238,0.0073069449816436,0.00730928626311844,0.00731035047039516,0.007309993390178,0.00730818435626219,0.00730500865811019,0.00730066065607116,0.00729542816458125,0.00728966936986455,0.00728378414985755,0.00727818210923229,0.00727324989601264,0.00726932041241216,0.00726664637201975,0.00726538030129406,0.00726556256099628,0.00726711831436776,0.00726986365000409,0.00727352034142014,0.00727773804954653,0.00728212219624704,0.00728626529626135,0.00728977926638767,0.00729232615929344,0.00729364490181467,0.00729357193916903,0.00729205416683313,0.00728915313338229,0.00728504017897353,0.00727998288636324,0.00727432390720918,0.00726845382774669,0.00726278020682387,0.00725769522354722,0.00725354449139113,0.00725059951819776,0.00724903601503217,0.00724891979778642,0.00725020142239713,0.00725272000099895,0.00725621591860631,0.00726035146049047,0.00726473772102532,0.00726896564846269,0.00727263873616552,0.00727540473302225,0.00727698382397777,0.00727719101471625,0.00727595091821109,0.00727330375127951,0.00726940206059291,0.00726449845034395,0.00725892531156877,0.00725306819412068,0.00724733496733627,0.00724212324797182,0.00723778870752081,0.00723461679194622,0.00723280010081349,0.00723242320726734,0.00723345609924356,0.00723575673551011,0.00723908248858374,0.00724310954357063,0.00724745869395629,0.00725172547574077,0.00725551225014975,0.00725845970357143,0.00726027528636338,0.00726075635436579,0.00725980619297875,0.00725744166405036,0.00725379187523519,0.0072490879751655,0.0072436448711595,0.00723783629970937,0.00723206520757022,0.00722673177929057,0.00722220164030461,0.00721877675584468,0.00721667133861242,0.00721599469181035,0.00721674237623246,0.00721879643517893,0.00722193468652274,0.00722584835863986,0.00723016667262265,0.00723448641450662,0.00723840413877073,0.0072415484254921,0.00724360959768831,0.00724436450155218,0.00724369435019071,0.00724159419636527,0.00723817327872256,0.00723364622093522,0.00722831579797181,0.00722254866338334,0.00721674599982007,0.00721131146030454,0.00720661897458166,0.00720298299119073,0.00720063351960559,0.00719969794737115,0.00720019106254209,0.00720201405166478,0.00720496252272754,0.00720874288468789,0.0072129957601607,0.00721732456340518,0.00722132697792712,0.0072246268453391,0.00722690394917339,0.00722791934869169,0.00722753427311171,0.00722572109417121,0.0072225655142856,0.00721825979404612,0.00721308754657602,0.00720740129154199,0.00720159453294156,0.00719607055668042,0.00719121040625118,0.00718734256992305,0.00718471679199178,0.00718348410556538,0.00718368469495439,0.0071852445730778,0.00718798135826791,0.0071916187127118,0.0071958083138781,0.00720015762058903,0.00720426121757381,0.00720773322281228,0.00721023815133559,0.00721151775377084,0.00721141167235363,0.00720987025248916,0.00720695847749218,0.00720285071138428,0.00719781668098747,0.00719219983826058,0.00718638985507124,0.00718079146708586,0.00717579216817323,0.0071717313413271,0.00716887328895702,0.00716738630327473,0.00716732942444877,0.00716864791384869,0.00717117777394327,0.00717465892933509,0.0071787559996572,0.0071830849988475,0.00718724383488323,0.00719084419475352,0.00719354230010934,0.00719506611344276,0.00719523685531175,0.00719398314071267,0.007191346623701,0.00718747870682474,0.00718262857177405,0.00717712346649919,0.00717134279274985,0.00716568803087544,0.0071605508746762,0.00715628209752656,0.00715316361917138,0.0071513859969828,0.00715103314623209,0.00715207553005143,0.00715437238985058,0.00715768286231451,0.0071616851124159,0.0071660019659087,0.00717023100170048,0.00717397670187507,0.00717688208179065,0.00717865725366813,0.00717910261923092,0.0071781248229748,0.00717574418661708,0.00717209303320815,0.00716740504065075,0.00716199648569671,0.00715624089556748,0.00715053915769943,0.00714528749836404,0.00714084589799375,0.00713750946023273,0.00713548500582434,0.00713487474207314,0.0071356682913023,0.00713774368871084,0.00714087723911186,0.0071447614185175,0.0071490293788338,0.00715328410523282,0.00715712991791326,0.00716020382899805,0.00716220427972054,0.00716291499513429,0.00716222208394135,0.00716012304361019,0.00715672696285613,0.007152245900208,0.00714697811018286,0.00714128443294604,0.00713555970459906,0.00713020143913726,0.00712557825197368,0.00712200052485385,0.00711969564827725,0.00711878982610128,0.00711929791066445,0.00712112209819987,0.00712405960911242,0.00712781876280952,0.00713204218503435,0.00713633530698423,0.00714029787884735,0.00714355596816461,0.00714579187022313,0.00714676952523434,0.00714635339759434,0.00714451929674414,0.00714135626836388,0.007137059408589,0.00713191419047227,0.00712627357595096,0.00712052976168903,0.00711508283129331,0.00711030882982397,0.00710652981823804,0.00710398829775809,0.00710282803044821,0.00710308275811342,0.00710467368672843,0.00710741590942075,0.00711103323648136,0.00711518023663272,0.00711946972425138,0.00712350350296178,0.00712690393157294,0.00712934382631121,0.00713057235005306,0.00713043485326508,0.00712888510402446,0.00712598894373643,0.00712191908196986,0.00711694143970936,0.00711139410996926,0.00710566058241371,0.00710013933504321,0.0070952121937518,0.00709121396866098,0.0070884057808288,0.00708695420413925,0.00708691789292212,0.00708824278193437,0.0070907662708829,0.00709423008759915,0.00709830082122152,0.00710259649308356,0.0071067170441156,0.00711027630093418,0.00711293285881936,0.00711441739821103,0.0071145542316247,0.00711327534265036,0.00711062578906891,0.00710676004274424,0.00710192956935494,0.00709646265439501,0.00709073810517806,0.00708515495107527,0.0070801005817743,0.00707591987800611,0.00707288779570625,0.00707118757714503,0.0070708963071813,0.00707197894355163,0.0070742912709512,0.00707759151540982,0.00708155966953343,0.00708582297674901,0.00708998554721225,0.00709365976101004,0.00709649697857401,0.00709821513676224,0.00709862105927303,0.00709762573027212,0.00709525133361439,0.00709162950330085,0.00708699091747486,0.00708164704848312,0.00707596550143237,0.0070703408814282,0.00706516348426477,0.00706078828178116,0.007057506659886,0.0070555231625342,0.00705493910849659,0.00705574440589136,0.00705781823705774,0.00706093857970455,0.00706479982604272,0.00706903711234986,0.00707325542594741,0.00707706116142904,0.00708009359192036,0.00708205372442453,0.00708272821873741,0.00708200644589436,0.00707988931251776,0.00707648914101522,0.00707202062058614,0.00706678356838875,0.00706113889990743,0.00705547974811236,0.00705020005310754,0.00704566314120958,0.0070421728079977,0.00703994921030381,0.00703911147401288,0.00703966837619853,0.00704151781252189,0.00704445506607279,0.00704818920098068,0.00705236626288436,0.00705659743109934,0.00706048988195523,0.0070636779210849,0.00706585193392006,0.00706678288115394,0.00706634041439858,0.00706450318516178,0.00706136053392576,0.0070571054262523,0.00705201919105707,0.00704644925713876,0.00704078163239865,0.00703541028852241,0.00703070586866363,0.0070269862003606,0.00702449096027023,0.00702336251299999,0.00702363446271476,0.00702522885154612,0.00702796225559444,0.00703156031719987,0.00703567956968358,0.00703993481866169,0.00704392989385602,0.00704728931120243,0.0070496883054655,0.0070508788161478,0.007050709330163,0.00704913698147635,0.00704623093782882,0.0070421668104772,0.00703721254494602,0.00703170693393297,0.00702603248670458,0.00702058484344888,0.00701574119644932,0.0070118302481282,0.00700910609810997,0.00700772812596746,0.00700774845249307,0.0070091079559645,0.00701164113565567,0.00701508940861896,0.00701912175843031,0.00702336108102204,0.00702741413404098,0.00703090272091423,0.00703349364833399,0.00703492509592113,0.00703502732377678,0.00703373609295603,0.00703109774663697,0.00702726555080307,0.00702248757603067,0.00701708706726429,0.00701143684353013,0.0070059297436202,0.0070009474478623,0.00699683013819898,0.00699384940187856,0.00699218654081644,0.00699191803140425,0.00699300931570676,0.00699531744025931,0.00699860235096367,0.00700254596080548,0.00700677748427168,0.00701090302412996,0.00701453704431642,0.00701733320100892,0.00701901205033533,0.00701938340226002,0.00701836152224426,0.00701597195852536,0.00701234944806106,0.00700772707539199,0.00700241756641707,0.00699678823254386,0.00699123158711681,0.0069861339965116,0.00698184487842,0.00697864890828601,0.00697674344480309,0.00697622295753612,0.00697707167184255,0.00697916498772951,0.00698227953314832,0.00698611103103815,0.00699029854488359,0.00699445316864212,0.00699818888423248,0.00700115314879929,0.00700305480309953,0.00700368710635803,0.00700294408612583,0.00700082891727312,0.00699745367180042,0.00699303045907645,0.00698785464963092,0.0069822814947972,0.00697669797576043,0.00697149209939391,0.0069670220700664,0.00696358778391251,0.00696140691266035,0.00696059748596543,0.00696116837481366,0.00696301845991955,0.00696594458010897,0.00696965764904243,0.00697380566590687,0.00697800178695264,0.0069818552161262,0.00698500244307217,0.00698713632110317,0.00698803064282269,0.00698755823033432,0.00698570108334348,0.00698255177406721,0.00697830598467078,0.00697324679391977,0.00696772198262234,0.00696211619095637,0.00695682017495767,0.00695219963464046,0.00694856610539134,0.00694615222426825,0.00694509332606035,0.00694541681825261,0.00694704016230692,0.00694977759724631,0.00695335504092512,0.00695743195844605,0.00696162844836817,0.00696555539993564,0.00696884534064332,0.00697118154046885,0.00697232307724778,0.00697212389025427,0.0069705443274854,0.00696765428270935,0.00696362767392663,0.00695872869020964,0.00695329088178797,0.00694769073694264,0.00694231782846731,0.00693754388510986,0.0069336932317493,0.00693101694350255,0.00692967277891582,0.00692971250995001,0.00693107768138663,0.00693360415799751,0.00693703511454003,0.00694104144962604,0.0069452480093077,0.00694926353305754,0.00695271192377279,0.00695526232723142,0.00695665559945343,0.00695672503306711,0.00695540967696487,0.00695275917838906,0.00694892975895303,0.00694417165395746,0.00693880903685014,0.00693321405574094,0.00692777707551748,0.00692287551419645,0.00691884376754742,0.00691594662366343,0.00691435828232458,0.00691414863420957,0.00691527786457706,0.00691759977941045,0.00692087356376636,0.00692478302095877,0.00692896175334147,0.00693302227774387,0.00693658676317143,0.00693931696133487,0.00694094097575005,0.00694127476902328,0.00694023671901643,0.0069378540762652,0.00693426081085249,0.00692968701658508,0.00692444070542438,0.00691888342128646,0.00691340158694191,0.00690837583838901,0.00690415077093792,0.00690100750070809,0.00689914123010897,0.00689864561328017,0.00689950518215415,0.00690159645882084,0.00690469769159648,0.00690850646077912,0.00691266376200449,0.00691678264732026,0.00692047913294359,0.00692340289722493,0.00692526530411501,0.00692586249606082,0.00692509169357087,0.00692295938810967,0.00691958077384148,0.00691517047309176,0.00691002531040838,0.00690450052700424,0.00689898135336357,0.006893852229726,0.00688946614760092,0.00688611656403037,0.00688401412013307,0.00688327000102903,0.00688388724017608,0.00688576063734087,0.00688868527277296,0.00689237291617188,0.00689647500611612,0.0069006103646093,0.00690439544868688,0.00690747474956521,0.00690954894251645,0.00691039857037617,0.00690990139843029,0.00690804207894456,0.00690491336740015,0.0069007087922262,0.00689570734790305,0.00689025140935929,0.0068847196038408,0.00687949677878327,0.0068749434370625,0.00687136705796004,0.006868997582036,0.00686796902027,0.00686830867155878,0.00686993483114365,0.00687266319438493,0.00687622146347485,0.00688027100708348,0.00688443385524737,0.00688832287721465,0.00689157272478987,0.00689386905402772,0.00689497367302082,0.00689474359144776,0.00689314243930518,0.00689024333731996,0.00688622299172831,0.00688134749626095,0.00687595099437868,0.00687040892758013,0.00686510802444241,0.00686041543869205,0.00685664950572268,0.00685405445049387,0.00685278105464982,0.00685287480380871,0.00685427243112548,0.00685680710301995,0.00686022181060085,0.00686418988555275,0.00686834099989002,0.00687229058006665,0.00687567030376971,0.00687815727219112,0.00687949956298649,0.00687953615676789,0.00687820967098891,0.00687557089879843,0.00687177479460282,0.00686706822038127,0.00686177041261637,0.00685624770038497,0.00685088446044241,0.00684605260054421,0.00684208198925025,0.00683923418309391,0.00683768154447313,0.0068374934204001,0.00683863049964561,0.00684094782419572,0.0068442062436596,0.00684809141996931,0.00685223887415877,0.00685626307417033,0.00685978823528951,0.00686247836538265,0.00686406414272247,0.0068643644620516,0.00686330091045044,0.00686090400718409,0.00685731071099664,0.00685275340454913,0.00684754125035661,0.00684203542396674,0.00683662022150111,0.00683167236821321,0.00682753099129599,0.00682447065352263,0.0068226795860324,0.00682224483582323,0.00682314549040065,0.00682525449772474,0.00682834891268799,0.00683212772997719,0.00683623586618612,0.00684029237893393,0.00684392068870135,0.00684677841881338,0.00684858450156514,0.00684914141539874,0.00684835080460315,0.00684622125628935,0.00684286762457683,0.00683850195156098,0.00683341669214702,0.00682796155732241,0.00682251579825194,0.00681745811731316,0.00681313658221012,0.00680984092424957,0.00680777942387239,0.00680706223605646,0.00680769250558836,0.00680956600332696,0.00681247933184946,0.00681614606218472,0.00682021952884198,0.00682432047465488,0.00682806733983803,0.00683110676621832,0.00683314186234736,0.00683395595364991,0.00683342990694838,0.00683155163681923,0.00682841703032216,0.00682422221903633,0.00681924782833263,0.00681383648277868,0.00680836538622222,0.0068032161824276,0.00679874451131743,0.00679525169450996,0.00679296080869557,0.0067919990458421,0.00679238774462602,0.00679404085591754,0.00679677193334111,0.00680030907077968,0.00680431658765479,0.00680842173292131,0.00681224428359451,0.00681542669030593,0.00681766238998973,0.00681872006080285,0.00681846191726261,0.00681685460852917,0.00681397185937312,0.00680998864183677,0.00680516733391659,0.00679983695266623,0.00679436709239583,0.00678913861589487,0.00678451340931666,0.00678080559695431,0.00677825650719865,0.00677701538953467,0.00677712742934126,0.0067785300322459,0.00678105769780908,0.00678445511966464,0.0067883974867608,0.00679251637373828,0.00679642915150757,0.00679976956223192,0.00680221700681101,0.0068035221920786,0.00680352707217578,0.00680217747558483,0.0067995274017463,0.00679573464773866,0.00679104812631056,0.00678578790366668,0.00678031956828735,0.0067750249963201,0.00677027186582226,0.00676638436437963,0.0067636174254919,0.006762136533913,0.00676200468898681,0.00676317754338981,0.00676550708326298,0.00676875353357575,0.00677260451757309,0.00677669992944763,0.0067806605398645,0.00678411807225359,0.00678674437883536,0.00678827741733964,0.00678854198178183,0.00678746355679319,0.00678507420922709,0.0067815100556037,0.00677700050078819,0.0067718500864879,0.00676641437201795,0.00676107174657827,0.00675619339890001,0.00675211381846293,0.00674910416448881,0.00674735062137569,0.00674693947691936,0.00674785013513822,0.00674995664523672,0.00675303764472619,0.00675679393846296,0.00676087232304603,0.00676489376317107,0.00676848366991076,0.00677130185153341,0.00677306972626157,0.00677359260565515,0.00677277525663667,0.0067706294925058,0.00676727318404509,0.00676292077306304,0.00675786605894264,0.00675245865474878,0.00674707601672275,0.00674209329726005,0.00673785343455138,0.00673463986530089,0.00673265403276865,0.0067319994735291,0.00673267373152049,0.00673456871449098,0.00673747943358027,0.00674112040717358,0.00674514841266928,0.0067491897749188,0.0067528700255961,0.00675584358515922,0.00675782112491607,0.00675859245744978,0.00675804315914107,0.00675616361959821,0.00675304980455533,0.00674889566871448,0.00674397781213014,0.00673863358403027,0.00673323435352871,0.00672815605001198,0.00672374929914258,0.00672031152310375,0.00671806322709538,0.00671713036725397,0.00671753421618885,0.00671918955192569,0.00672191133926881,0.00672542939599729,0.00672940989120688,0.00673348196528697,0.00673726734207652,0.00674041056029121,0.006742607399775,0.00674362921878927,0.0067433412415756,0.00674171332031637,0.00673882230576882,0.00673484584325953,0.00673004810402656,0.00672475860826803,0.00671934584745244,0.00671418782881093,0.00670964190956841,0.00670601633849491,0.00670354577305729,0.00670237270928766,0.00670253628179343,0.00670396930253163,0.00670650375196914,0.00670988426379768,0.00671378850994073,0.00671785285114836,0.00672170121317621,0.00672497490570537,0.00672736103369285,0.00672861726325422,0.00672859099167823,0.00672723141401645,0.00672459353995176,0.0067208338463933,0.00671619790409988,0.00671100094428798,0.006705602888657,0.00670037980877937,0.00669569406902688,0.00669186551606466,0.00668914600066461,0.00668769926244612,0.00668758779311266,0.00668876774627938,0.00669109232233927,0.00669432337793999,0.00669815034986784,0.00670221499561505,0.00670613998208125,0.00670955903594382,0.00671214623367131,0.00671364207293287,0.00671387422678081,0.00671277131293851,0.00671036857337948,0.00670680500916957,0.00670231220410008,0.00669719574380188,0.00669181073640449,0.00668653341223134,0.006681731085288,0.00667773287971942,0.00667480355570607,0.00667312251660302,0.0066727696586065,0.00667371916839094,0.00667584173293972,0.00667891495659436,0.00668264113650165,0.00668667097401445,0.00669063133582442,0.00669415486182788,0.00669690907631334,0.00669862270707155,0.00669910714484817,0.00669827135981794,0.0066961291025001,0.00669279781917012,0.00668848936325302,0.0066834932316483,0.00667815364347487,0.00667284226197734,0.00666792870497045,0.00666375117189044,0.00666058951909425,0.00665864293197078,0.00665801398282706,0.00665870035797076,0.00666059493039821,0.00666349419420477,0.00666711441114358,0.00667111419775605,0.0066751217555859,0.00667876456565126,0.00668169916574622,0.00668363862009378,0.00668437547297204,0.00668379833735784,0.00668190078121774,0.00667878179820805,0.00667463783240622,0.00666974700850991,0.00666444684363548,0.00665910723753038,0.00665410091500324,0.00664977369522071,0.00664641696756894,0.00664424456385011,0.00664337585317599,0.00664382638398612,0.00664550679658853,0.00664823007212314,0.0066517265197385,0.00665566528941839,0.00665968068736156,0.0066634012037938,0.00666647896131821,0.00666861726466836,0.00666959408218754,0.00666927960926296,0.00666764653220636,0.00666477218802136,0.00666083245125393,0.00665608782435816,0.00665086281797047,0.00664552023882016,0.00664043241195933,0.00663595161257671,0.00663238204879333,0.00662995561857055,0.00662881337387103,0.00662899418411422,0.00663043152645547,0.00663295868281628,0.00663632194716761,0.00664020080156066,0.00664423345979362,0.0066480457446983,0.00665128099004406,0.00665362856548655,0.00665484872671983,0.00665479178847945,0.00665341007894263,0.00665076171774883,0.00664700591773331,0.00664239019261903,0.00663723050680253,0.0066318859737353,0.00662673014504988,0.00662212119733247,0.00661837340044975,0.00661573214011497,0.00661435447783335,0.00661429678345083,0.00661551040372092,0.00661784568371708,0.00662106399358651,0.00662485678461607,0.00662887015094502,0.00663273294476841,0.00663608621676867,0.00663861165432469,0.00664005677640595,0.00664025490563194,0.00663913835020613,0.00663674375924803,0.00663320922709418,0.00662876337060786,0.00662370723639569,0.00661839045953855,0.00661318354794377,0.00660844847469796,0.00660450990285211,0.0066016293286729,0.00659998420759151,0.00659965373651209,0.00660061243970347,0.0066027320881461,0.00660579182187139,0.00660949568969285,0.00661349622092243,0.00661742215034087,0.00662090807641186,0.00662362367343522,0.00662530011184735,0.00662575156208239,0.00662489004968087,0.0066227324646841,0.00661939916417347,0.00661510428827521,0.006610138577921,0.00660484608331311,0.00659959664008371,0.00659475632771596,0.00659065828205765,0.00658757619534335,0.00658570260867471,0.00658513370827017,0.00658586181425614,0.00658777613889076,0.00659067173344825,0.00659426589066694,0.00659822067902179,0.00660216980761506,0.00660574769146543,0.00660861842443512,0.00661050237806976,0.00661119833052717,0.00661059938208646,0.00660870140651815,0.00660560337743833,0.00660149954465623,0.00659666406975866,0.00659142932052951,0.00658615952832459,0.00658122188764981,0.00657695738593053,0.00657365367510106,0.00657152213804085,0.0065706809792564,0.00657114570353585,0.0065728277671241,0.00657554153388065,0.00657901899892833,0.00658293111527457,0.00658691402785189,0.00659059812357514,0.00659363757321302,0.00659573799168697,0.00659667998824301,0.00659633670878644,0.00659468396032082,0.00659180210733501,0.00658786959227729,0.00658314860636918,0.00657796407072158,0.00657267762727344,0.00656765873658232,0.0065632552024961,0.00655976547893573,0.00655741496341476,0.00655633815778898,0.00655656810203622,0.00655803389912181,0.00656056649956923,0.00656391225965366,0.00656775317840159,0.00657173219869447,0.00657548156320448,0.00657865197858173,0.00658094028318056,0.00658211343922999,0.00658202696548067,0.00658063636393528,0.0065780006413655,0.00657427764485792,0.00656971157472121,0.00656461365512156,0.00655933748155319,0.00655425098356203,0.00654970721207029,0.00654601626307844,0.00654342057093715,0.00654207554499952,0.00654203710269716,0.00654325710699373,0.0065455870922075,0.00654879000561587,0.00655255904964996,0.00655654213141871,0.00656036996580528,0.00656368557943458,0.006566172849621,0.00656758178875913,0.00656774854096542,0.00656660847774064,0.00656420133561914,0.00656066798664157,0.0065562391126693,0.00655121670546709,0.00654594988511613,0.00654080698091061,0.0065361461184858,0.00653228667555262,0.00652948388987409,0.00652790863458931,0.0065276339491964,0.0065286293720968,0.00653076350433768,0.00653381458415036,0.00653748821456422,0.00654144081717478,0.00654530693709003,0.00654872823326487,0.00655138186904075,0.00655300607047325,0.00655342084087287,0.00655254219884879,0.00655038881879037,0.00654708055362115,0.0065428289568895,0.00653792054509143,0.0065326941093652,0.00652751385877272,0.00652274051517765,0.00651870264851956,0.00651567052520946,0.00651383454716861,0.00651329000455208,0.00651402937617229,0.00651594281809865,0.00651882682517543,0.006522400389055,0.00652632737109502,0.00653024330979626,0.00653378452529669,0.00653661719164762,0.00653846403946092,0.00653912653584807,0.00653850075444356,0.00653658566180989,0.00653348315930444,0.00652938988122566,0.00652458141256278,0.00651939020274139,0.00651417896178072,0.00650931168424754,0.00650512462453953,0.0065018995378198,0.00649984131276832,0.00649906176948874,0.00649957090026336,0.00650127622870843,0.0065039903081982,0.00650744573448444,0.00651131646250834,0.00651524373145392,0.00651886454485927,0.0065218404517688,0.00652388435308507,0.00652478322002862,0.00652441494149728,0.00652275798091913,0.0065198930833687,0.00651599689295059,0.00651132797646937,0.00650620635117631,0.00650098812876672,0.00649603727220164,0.00649169669089711,0.00648826096041898,0.00648595283799034,0.00648490545545309,0.00648515162376873,0.00648662111602967,0.00648914616118947,0.00649247473022655,0.00649629057619398,0.00650023844294472,0.0065039524300592,0.00650708523682999,0.00650933593379493,0.00651047403036136,0.00651035790557339,0.00650894611987818,0.00650630069653027,0.00650258211033143,0.00649803639465944,0.00649297541479237,0.00648775190193908,0.00648273125691059,0.00647826238636397,0.00647464990793286,0.00647212994376877,0.00647085142332144,0.00647086436446597,0.00647211604011596,0.00647445531152338,0.00647764476467629,0.00648137966902885,0.0064853122383027,0.00648907925880038,0.00649233089542397,0.00649475840401736,0.00649611857051506,0.00649625295444815,0.0064951004212146,0.00649270197629874,0.00648919752218067,0.0064848147930401,0.00647985133345628,0.00647465093231053,0.00646957636377697,0.00646498058742857,0.00646117868928366,0.00645842279143418,0.00645688192671274,0.00645662848882262,0.00645763235629658,0.00645976318448303,0.00646280070633183,0.00646645223494167,0.00647037597780546,0.0064742083044483,0.00647759279043724,0.00648020871231019,0.00648179670298555,0.006482179499247,0.00648127610846719,0.00647910825683967,0.00647579860662461,0.00647156089224327,0.00646668277389964,0.00646150279379631,0.0064563832950975,0.00645168148454697,0.00644772095877182,0.00644476596524189,0.00644300044155388,0.0064425134907272,0.00644329243268307,0.00644522396225186,0.00644810329413592,0.00645165054276956,0.00645553302085463,0.00645939168305859,0.00646286962054715,0.00646564035235665,0.0064674336785096,0.0064680570583612,0.00646741083654812,0.00646549612406655,0.00646241471455863,0.00645836103657577,0.0064536067684727,0.00644847932409811,0.00644333590392986,0.00643853515689117,0.00643440868849072,0.00643123467043215,0.00642921565285775,0.00642846235827287,0.00642898476563938,0.00643069121247124,0.00643339560320669,0.00643683216681896,0.00644067660359234,0.00644457194418592,0.0064481570558082,0.00645109550805014,0.00645310247765546,0.00645396752917677,0.00645357144029492,0.00645189571826263,0.00644902404166617,0.00644513551482718,0.00644049028611275,0.00643540869760699,0.00643024564992409,0.00642536224337337,0.00642109696928952,0.00641773875691204,0.00641550402618762,0.00641451956629882,0.00641481258350635,0.00641630868408201,0.00641883792737312,0.00642214844771166,0.00642592654817553,0.00642982166012205,0.00643347418262254,0.00643654399659871,0.00643873740406713,0.00643983037280795,0.00643968625909729,0.00643826661489291,0.00643563422928886,0.00643194816431725,0.00642745117306083,0.00642245048502639,0.00641729346594565,0.00641234006764185,0.00640793424429455,0.00640437659997962,0.00640190044014276,0.0064006531354737,0.00640068429293608,0.0064019416959828,0.00640427536162098,0.00640744941224093,0.00641116082939835,0.00641506360018446,0.00641879633082305,0.0064220111198573,0.0064244013756936,0.00642572634109024,0.00642583034847638,0.00642465525553801,0.00642224506330951,0.0064187423505683,0.0064143768169827,0.00640944686235973,0.00640429569037057,0.0063992838647406,0.00639476052543966,0.00639103556991393,0.00638835501650385,0.00638688150511806,0.00638668147499629,0.00638772002177865,0.00638986381896974,0.00639289184521447,0.00639651304306727,0.00640038949464244,0.00640416327197781,0.00640748483507675,0.00641004073192787,0.00641157841465798,0.00641192621950262,0.0064110069429683,0.00640884394895575,0.00640555932426809,0.00640136422235651,0.00639654215101799,0.006391426518252,0.00638637420414394,0.00638173724046474,0.00637783483325652,0.00637492794672817,0.00637319847632818,0.00637273468314803,0.00637352406624343,0.00637545425692073,0.00637832188098813,0.00638184870136469,0.00638570376974393,0.00638952982661727,0.00639297183729847,0.00639570537261504,0.00639746255373805,0.0063980534767819,0.00639738139468511,0.00639545043339979,0.00639236522083881,0.00638832246328496,0.00638359515764114,0.00637851072025747,0.00637342479587592,0.00636869284963878,0.00636464181838021,0.00636154408936354,0.00635959588150508,0.00635890174057525,0.0063594663606121,0.00636119435532884,0.0063638979736908,0.0063673121284621,0.00637111553041131,0.00637495624027558,0.00637847960686901,0.00638135638061416,0.00638330878697294,0.00638413250932192,0.00638371285243255,0.00638203381422401,0.0063791793515109,0.00637532673993617,0.00637073254857895,0.00636571232808793,0.0063606156061492,0.00635579815900773,0.00635159375077073,0.00634828758133905,0.006346093553651,0.00634513717391611,0.00634544545943269,0.0063469446791816,0.00634946613109974,0.00635275951460505,0.00635651284318932,0.00636037731351228,0.00636399514758709,0.00636702818204167,0.00636918491085149,0.00637024380451102,0.00637007102528693,0.00636863111243107,0.00636598978199496,0.00636230862249145,0.00635783211875029,0.00635286805288176,0.00634776286493188,0.00634287396033054,0.00633854119018764,0.00633505978567301,0.00633265690069271,0.00633147362213956,0.00633155386686064,0.00633284103083473,0.00633518263294309,0.00633834255769977,0.00634201990314916,0.00634587292703187,0.00634954619045515,0.00635269875063276,0.00635503117413586,0.00635630923967936,0.00635638246655813,0.00635519601561989,0.00635279502861655,0.00634932106120679,0.00634500088447128,0.00634012853282577,0.00633504201149817,0.00633009649819366,0.00632563614993787,0.00632196674106135,0.00631933130442842,0.00631789072327275,0.00631771083504432,0.00631875709052458,0.00632089720808406,0.00632391162770346,0.00632751095045192,0.00633135898893101,0.00633509959470092,0.00633838511300251,0.00634090417733159,0.0063424066097422,0.00634272342744759,0.00634178034816531,0.00633960370613701,0.00633631830210102,0.0063321373658575,0.00632734545049377,0.00632227564437166,0.00631728293563356,0.00631271586538604,0.00630888874037013,0.00630605662921763,0.00630439513549851,0.00630398654445367,0.00630481341917577,0.00630676012685867,0.006309622152827,0.00631312244962942,0.00631693351254093,0.00632070341834974,0.00632408375524868,0.0063267572340218,0.00632846280789671,0.00632901632897507,0.00632832511696983,0.00632639529093817,0.00632333128479648,0.00631932758534152,0.00631465334291654,0.00630963106128692,0.00630461103750425,0.0062999435634767,0.00629595108902998,0.00629290255864433,0.00629099196540355,0.0062903228330574,0.00629089987245378,0.00629262849766967,0.0062953222668155,0.00629871767613001,0.00630249513761809,0.0063063044666308,0.00630979284147751,0.00631263299827381,0.00631454940123063,0.00631534028367273,0.00631489378180351,0.00631319686025171,0.00631033631478836,0.00630649177958728,0.00630192130920258,0.00629694070014695,0.00629189821927154,0.00628714677456447,0.00628301576445034,0.0062797848569967,0.0062776617840648,0.00627676590673519,0.00627711884466348,0.00627864289681933,0.00628116735701955,0.00628444219755325,0.00628815801323256,0.00629197063228166,0.00629552844225476,0.00629850027114268,0.00630060162208864,0.00630161719226887,0.00630141790394852,0.00629997111166161,0.0062973431854292,0.00629369426453359,0.00628926558848145,0.006284360397208,0.00627931990335185,0.00627449623088953,0.00627022445512821,0.00626679595403049,0.00626443518697934,0.00626328175794018,0.00626337920847738,0.00626467145154635,0.0062670071457383,0.00627015167630222,0.00627380580406181,0.00627762950888452,0.00628126912963862,0.00628438562567681,0.00628668168659024,0.00628792550919469,0.00628796933187555,0.00628676123843832,0.00628434928213404,0.00628087759760636,0.00627657481781228,0.00627173573829584,0.00626669771481703,0.0062618136961837,0.00625742405423326,0.00625382946299897,0.00625126699227789,0.00624989131884459,0.00624976253968658,0.00625084153385982,0.00625299321364601,0.00625599738255511,0.0062595663218953,0.00626336770021464,0.00626705098162175,0.00627027523673363,0.00627273615727061,0.00627419014673404,0.00627447359419356,0.00627351581633712,0.00627134464862977,0.00626808424418432,0.00626394525254416,0.00625920814901227,0.00625420102181576,0.0062492735613498,0.00624476930166576,0.00624099831238565,0.00623821251161271,0.00623658556661471,0.00623619898805242,0.00623703553779102,0.00623898049657322,0.0062418307154282,0.00624531074900339,0.00624909479304685,0.00625283267547436,0.00625617782193864,0.00625881495662563,0.00626048531593172,0.00626100734623787,0.00626029121693524,0.0062583459799747,0.0062552788043054,0.00625128635419643,0.00624663901140847,0.00624165921492017,0.00623669566475293,0.00623209546788273,0.0062281764631557,0.00622520193551653,0.00622335972624096,0.00622274738795762,0.00622336455007627,0.00622511308529755,0.00622780504350919,0.0062311776987081,0.00623491449298583,0.00623867020500637,0.00624209834882985,0.00624487864040671,0.00624674236543773,0.00624749364803262,0.00624702494529313,0.00624532555122079,0.0062424824437612,0.00623867340718923,0.00623415296556384,0.00622923222870717,0.00622425423556502,0.00621956673940176,0.00621549458469626,0.00621231386254536,0.00621022989876597,0.00620936083521692,0.00620972812822829,0.00621125473993098,0.00621377118423885,0.00621702896168301,0.00622072032654288,0.00622450281962166,0.00622802660983549,0.00623096245252012,0.00623302801666723,0.00623401046390284,0.00623378346501669,0.00623231728688447,0.00622968113839833,0.00622603758775847,0.00622162950626696,0.00621676059945922,0.00621177110059914,0.00620701058245966,0.00620281006583584,0.00619945565446713,0.00619716580057737,0.00619607400857522,0.00619621833927426,0.00619753852466496,0.00619988089499256,0.00620301070473335,0.00620663086512283,0.00621040558812437,0.00621398706035961,0.00621704303059906,0.00621928313089807,0.00622048186002945,0.00622049642426111,0.00621927803313786,0.00621687575972591,0.00621343265933422,0.00620917445099427,0.00620439165072096,0.00619941655880747,0.00619459690920439,0.00619026825871061,0.00618672730349027,0.0061842082456584,0.00618286409527814,0.0061827544042492,0.00618384042274162,0.00618598808489158,0.00618897860919993,0.00619252588646099,0.00619629927583531,0.00619994998877952,0.00620313894943813,0.00620556389956427,0.00620698357239558,0.00620723698970371,0.00620625632591508,0.00620407230389611,0.0062008116935169,0.00619668712228038,0.00619198002424838,0.00618701810273609,0.00618214912242839,0.00617771314010546,0.00617401540221581,0.0061713020725439,0.00616974071482492,0.00616940706863099,0.00617027915363013,0.0061722391531337,0.00617508290650451,0.00617853623376692,0.00618227677796144,0.00618595962418693,0.00618924466688485,0.00619182356535111,0.00619344416149313,0.00619393043498956,0.00619319642578472,0.00619125303170833,0.00618820714837782,0.0061842532160625,0.00617965783210244,0.00617473863514472,0.0061698391241571,0.00616530140020628,0.00616143898521184,0.00615851186946464,0.00615670577195149,0.00615611727502809,0.00615674603638439,0.00615849471902202,0.00616117666134347,0.0061645306894459,0.0061682419029205,0.00617196678530903,0.00617536063613545,0.00617810512431025,0.00617993374560157,0.00618065313513782,0.00618015852270823,0.00617844209116168,0.00617559356729193,0.00617179299860835,0.00616729630142379,0.00616241475212438,0.00615749008073332,0.00615286717211378,0.00614886656154576,0.0061457589197985,0.00614374355928265,0.0061429326670707,0.00614334250591212,0.00614489226063565,0.00614741059537374,0.00615064937809412,0.00615430346792885,0.00615803498725342,0.00616150015032537,0.00616437652332252,0.00616638856355677,0.0061673294279372,0.00616707733726218,0.00616560520974344,0.00616298280415759,0.00615937120173861,0.00615501005953863,0.00615019863657989,0.00614527208300855,0.00614057485673047,0.00613643336491943,0.00613312999900166,0.00613088063024027,0.00612981736349348,0.00612997793205642,0.00613130259257991,0.00613363878737757,0.00613675322453385,0.00614035042975837,0.0061440962975133,0.00614764475979343,0.00615066543597132,0.00615287004597925,0.00615403546562756,0.00615402156933086,0.00615278242295875,0.00615036992649225,0.00614692961772043,0.00614268898173318,0.00613793921374727,0.00613301190743951,0.0061282525464194,0.0061239929293424,0.00612052473752362,0.00611807635243472,0.00611679476109894,0.00611673397507576,0.00611785086649987,0.00612000873188456,0.0061229882782426,0.00612650513797792,0.00613023250782098,0.00613382711141877,0.00613695643105538,0.0061393250581875,0.00614069808382144,0.00614091968578717,0.00613992545221276,0.00613774747535344,0.00613451181584948,0.00613042853242767,0.00612577505478482,0.00612087420474157,0.00611606859828309,0.00611169345052418,0.00610804993356713,0.00610538119736942,0.00610385296193051,0.00610354023808168,0.00610442125488326,0.00610637909851063,0.006109210948683,0.00611264418868102,0.00611635811399546,0.00612000951387208,0.00612326008304893,0.00612580346533017,0.00612738975406907,0.00612784547779928,0.00612708746391536,0.00612512946683177,0.00612208102930009,0.00611813867182215,0.00611357012567498,0.00610869288681273,0.00610384882199236,0.00609937686829214,0.00609558601182863,0.00609273070293859,0.00609099066493078,0.00609045669560992,0.00609112357409523,0.00609289061297819,0.00609556978748407,0.00609890077668033,0.00610257170995222,0.00610624396488641,0.00610957904669043,0.00611226542141812,0.00611404318698972,0.00611472464201982,0.00611420913598327,0.00611249103166223,0.00610966015116618,0.00610589466917228,0.00610144701221807,0.0060966238716838,0.00609176189942148,0.00608720099737831,0.00608325731086823,0.00608019806947156,0.00607822028093207,0.00607743498101089,0.0060778583032455,0.00607941009497624,0.00608192021057385,0.00608514200159236,0.00608877194279369,0.00609247383296466,0.00609590563586262,0.00609874681137801,0.0061007239449626,0.00610163261569458,0.00610135374159388,0.00609986308492909,0.00609723315498595,0.00609362736206871,0.00608928690056749,0.00608451142114801,0.00607963504937727,0.00607499968174591,0.00607092770638847,0.00606769633365484,0.00606551557974652,0.00606451164351073,0.00606471698197019,0.00606606785726645,0.0060684095332444,0.00607150868901198,0.00607507204230181,0.00607876968839713,0.00608226129878661,0.00608522310914442,0.00608737356941126,0.00608849563438136,0.00608845393790175,0.00608720549926026,0.00608480312190224,0.00608139121816505,0.00607719438502917,0.00607249962360054,0.00606763359811085,0.00606293672713028,0.0060587361544887,0.00605531973873411,0.0060529131236554,0.00605166171685604,0.00605161902445864,0.00605274229152102,0.00605489581600317,0.00605786168807752,0.00606135711022317,0.00606505692574838,0.00606861956319676,0.00607171432315427,0.00607404781747006,0.00607538743345494,0.00607557993450812,0.00607456370203618,0.00607237363629394,0.00606913832437238,0.00606506970687683,0.00606044608123198,0.00605558981704806,0.0060508415809068,0.00604653314085879,0.00604296092702495,0.00604036245819201,0.00603889750934842,0.00603863550852301,0.00603955014568636,0.00604152159749164,0.00604434616859538,0.00604775256814151,0.00605142351927472,0.00605502097960962,0.00605821296812104,0.00606069987492062,0.00606223818166833,0.00606265973067467,0.00606188502961643,0.00605992954251973,0.00605690246713499,0.0060529980929911,0.00604848042162344,0.00604366225945696,0.00603888042499858,0.00603446901898921,0.00603073286866661,0.00602792325724153,0.00602621787779805,0.00602570661692338,0.00602638430913521,0.00602815105188621,0.00603082007565146,0.00603413256424079,0.00603777825930632,0.00604142020835178,0.00604472167387841,0.00604737304485208,0.00604911659179941,0.00604976707826932,0.00604922657006788,0.00604749224798938,0.00604465659570401,0.00604089995387981,0.00603647604881356,0.00603169166677959,0.00602688211158861,0.00602238441829262,0.00601851047294201,0.00601552218941724,0.00601361071902649,0.00601288133578444,0.00601334518183805,0.0060149185106312,0.00601742946974283,0.00602063186559873,0.00602422479846929,0.00602787659613678,0.00603125114476358,0.00603403453653675,0.00603595993427204,0.00603682869441762,0.00603652608446866,0.0060350303578861,0.00603241447385638,0.00602884032664322,0.00602454593517556,0.00601982659590214,0.00601501148003982,0.00601043752069185,0.00600642265358204,0.00600324052948699,0.00600109870527867,0.00600012205408896,0.00600034273101301,0.0060016975149027,0.0060040327578341,0.00600711656204698,0.00601065722348992,0.00601432647861949,0.00601778570338742,0.00602071296934443,0.00602282878418882,0.00602391844470999,0.00602384920302921,0.00602258086697776,0.00602016898473664,0.00601676035991227,0.00601258126132804,0.00600791928295659,0.00600310032215185,0.00599846253262047,0.00599432934203734,0.00599098368971189,0.00598864553658518,0.00598745443529416,0.00598745853881152,0.00598861090404555,0.00599077335860963,0.00599372759772928,0.0059971926119068,0.00600084705375356,0.00600435476765425,0.00600739145888672,0.00600967039252885,0.0060109650951261,0.00601112727404017,0.00601009854763073,0.00600791506405483,0.00600470464305282,0.00600067666259951,0.00599610548394388,0.00599130871750432,0.00598662203899741,0.00598237254082787,0.00597885272728902,0.00597629722035134,0.00597486403455729,0.00597462192023308,0.00597554479509497,0.00597751372520713,0.00598032631878619,0.00598371280335949,0.00598735751459504,0.00599092408216598,0.00599408229559788,0.00599653449645731,0.00599803937984158,0.00599843129246872,0.00599763347272425,0.0059956641654098,0.00599263512196936,0.00598874261445251,0.00598425169421555,0.00597947496629929,0.00597474758810895,0.00597040050274398,0.00596673405562071,0.00596399410360354,0.00596235251392018,0.00596189358991438,0.00596260748545549,0.00596439111484606,0.00596705646906245,0.00597034565811288,0.00597395146549724,0.00597754177152572,0.00598078590915717,0.00598338087383108,0.00598507532290553,0.00598568947223519,0.00598512932028144,0.00598339408077433,0.005980576242996,0.00597685425664666,0.00597247841223018,0.00596775102020056,0.00596300244557723,0.00595856489026738,0.00595474599947253,0.00595180438435193,0.00594992900390885,0.0059492240510119,0.00594970056164859,0.00595127543875439,0.00595377798957821,0.00595696346910167,0.00596053255692752,0.00596415521909657,0.00596749705351888,0.00597024601237957,0.00597213735537322,0.00597297482368289,0.00597264632909749,0.00597113289810203,0.00596851015593344,0.00596494223511567,0.00596066860191148,0.0059559848658752,0.00595121912350266,0.00594670574288007,0.00594275869273644,0.00593964654550785,0.00593757114324293,0.00593665161891436,0.00593691503399982,0.00593829435869835,0.00594063393062539,0.00594370193393442,0.00594720889115163,0.0059508306931307,0.00595423433961282,0.00595710435152425,0.0059591677665706,0.0059602157472941,0.00596012010330387,0.00595884343112911,0.0059564420743025,0.00595306166764504,0.00594892561263559,0.00594431738871825,0.00593955809196523,0.00593498096916303,0.00593090495533172,0.00592760930886003,0.00592531136133829,0.00592414915999699,0.00592417039590582,0.00592532851336258,0.00592748632708868,0.00593042687800574,0.00593387067932431,0.00593749798687683,0.00594097431632058,0.00594397716320376,0.00594622178279382,0.00594748396035161,0.00594761794118769,0.00594656807598051,0.00594437324323335,0.00594116369684628,0.00593715060077868,0.00593260910084832,0.0059278562990482,0.0059232259013735,0.00591904157571403,0.0059155911574265,0.00591310376447528,0.00591173163875007,0.00591153814181983,0.00591249283889597,0.00591447404292516,0.00591727860052974,0.00592063812644849,0.00592424038182371,0.00592775408942493,0.00593085521754034,0.00593325265855265,0.00593471128060513,0.00593507053733308,0.00593425716953649,0.00593229099912869,0.0059292833607998,0.00592542829451053,0.00592098718772579,0.00591626807051307,0.00591160119186836,0.00590731280593234,0.0059036992436289,0.00590100332577557,0.0058993949924201,0.00589895769702584,0.00589968166594489,0.00590146458244929,0.0059041196606623,0.00590739047849383,0.00591097139360103,0.00591453191773906,0.00591774310510087,0.00592030384247198,0.00592196492888854,0.00592254900545136,0.00592196473056984,0.00592021406240089,0.00591739206671251,0.00591367926946247,0.00590932717342736,0.00590463811004671,0.0058999410538261,0.00589556534669324,0.00589181443817391,0.00588894173656995,0.00588713049158812,0.0058864793031405,0.00588699439699721,0.00588858926156741,0.00589109164966419,0.00589425736634575,0.00589778973411049,0.00590136318580649,0.00590464911386933,0.00590734192848722,0.00590918326487147,0.00590998243247702,0.00590963150040379,0.00590811383536679,0.00590550541948514,0.00590196883991546,0.00589774041979732,0.00589311150268935,0.00588840536411162,0.00588395156789738,0.00588005978905387,0.00587699517533819,0.00587495720951043,0.00587406376510476,0.00587434163862749,0.00587572432559248,0.00587805723225689,0.00588110992486671,0.00588459445623442,0.00588818831750833,0.00589156018280753,0.0058943963827672,0.00589642598144951,0.00589744244248097,0.00589732014280546,0.00589602440457229,0.00589361423757914,0.00589023757538382,0.0058861193965431,0.0058815436948968,0.00587683075301232,0.00587231154524416,0.00586830132435982,0.00586507450840009,0.00586284287352228,0.00586173878308359,0.00586180477044745,0.00586299028192823,0.00586515581831452,0.00586808412920058,0.00587149755671971,0.0058750801393614,0.00587850271429201,0.00588144902805998,0.00588364079479738,0.0058848597290647,0.00588496481969556,0.00588390348517739,0.00588171573284,0.00587853099461409,0.00587455788656017,0.00587006769378558,0.0058653728764739,0.00586080228924947,0.00585667507149817,0.00585327527629802,0.00585082925098855,0.00584948756966549,0.00584931296488381,0.00585027523733727,0.00585225357034914,0.00585504608310911,0.0058583858731271,0.00586196227531342,0.00586544564486558,0.00586851368483866,0.00587087720873691,0.00587230326702624,0.00587263377532163,0.00587179814527198,0.0058698189045595,0.00586680985770266,0.00586296693937896,0.00585855250074842,0.00585387429933637,0.00584926088835396,0.00584503538479425,0.00584148971636341,0.00583886140045757,0.00583731470073534,0.00583692765347304,0.00583768598197828,0.00583948436178784,0.00584213491158023,0.00584538221469818,0.00584892366684722,0.00585243353147872,0.00585558879513986,0.00585809477561646,0.00585970846026132,0.00586025773758244,0.00585965501260526,0.00585790413701542,0.00585510010668724,0.0058514215460278,0.00584711656782456,0.00584248312118516,0.00583784537458824,0.00583352799353876,0.00582983034268915,0.0058270026579772,0.00582522608905069,0.00582459821128146,0.00582512517297799,0.00582672111585026,0.0058292149306644,0.00583236382849348,0.00583587266166564,0.00583941745987599,0.00584267129870595,0.00584533042467526,0.00584713853968637,0.00584790729557971,0.00584753135156163,0.00584599678144318,0.00584338215362683,0.0058398522016723,0.005835644603854,0.00583105094310557,0.00582639338079854,0.00582199891732251,0.00581817330446256,0.00581517670014772,0.00581320300853174,0.00581236454082077,0.00581268319720126,0.00581408884856727,0.00581642502843867,0.00581946146880782,0.00582291247093907,0.00582645963975013,0.00582977717033339,0.00583255768410025,0.00583453657837761,0.00583551297403452,0.00583536561214489,0.00583406244692381,0.0058316631796695,0.00582831453532812,0.0058242386524631,0.00581971549564018,0.00581506066951145,0.00581060038178615,0.00580664553527252,0.0058034670034132,0.00580127405239106,0.00580019762724719,0.00580027984177388,0.00580147052838845,0.00580363114606444,0.00580654575338063,0.00580993818150098,0.00581349404083142,0.00581688580679822,0.00581979898141937,0.00582195723482006,0.00582314450492575,0.00582322227422216,0.00582214063271189,0.00581994224061632,0.00581675887738163,0.00581280085873092,0.00580834017662711,0.00580368872357095,0.00579917335832631,0.00579510981856486,0.00579177756780137,0.00578939757888783,0.00578811481615818,0.00578798680130759,0.00578897915960213,0.00579096848084932,0.00579375224357184,0.00579706499271241,0.0058005994747967,0.00580403105182087,0.00580704346100975,0.00580935388301475,0.00581073533863355,0.00581103465032541,0.00581018455868972,0.00580820904355025,0.00580522142937635,0.00580141541910991,0.00579704975810629,0.00579242773492729,0.00578787313453775,0.00578370453973647,0.0057802100101247,0.00577762414637791,0.00577610936933967,0.00577574291640444,0.00577651060515892,0.00577830787523143,0.00578094804044378,0.00578417710994194,0.00578769401040185,0.00579117460157223,0.00579429756356472,0.00579677007778476,0.00579835123870231,0.00579887131643328,0.00579824532223817,0.00579647978502404,0.00579367219374072,0.00579000315497003,0.00578572190501707,0.00578112634945611,0.00577653923782134,0.00577228238630846,0.00576865101500883,0.00576589025347576,0.00576417568684009,0.00576359948027164,0.00576416316555136,0.00576577764136188,0.00576827036937006,0.0057713991805107,0.00577487158226025,0.00577836802278827,0.00578156726067855,0.00578417183292552,0.00578593161514069,0.00578666362105341,0.0057862664826256,0.00578472846938897,0.00578212841541906,0.00577862948176643,0.00577446624403406,0.00576992611668555,0.00576532657177459,0.00576098994732773,0.00575721783914379,0.00575426710801446,0.00575232940866275,0.00575151587128918,0.00575184816585774,0.00575325668091561,0.00575558598526975,0.00575860715441602,0.00576203598655847,0.00576555565700779,0.00576884200367833,0.00577158942397982,0.0057735353079352,0.00577448104157855,0.00577430788673833,0.00577298645871143,0.00577057904405674,0.00576723457868216,0.00576317669462039,0.00575868579959657,0.00575407663463021,0.00574967311940255,0.00574578250819853,0.00574267092354008,0.00574054221306704,0.00573952180366373,0.00573964682659588,0.00574086328556836,0.00574303047394751,0.00574593226695611,0.00574929437162027,0.00575280615450516,0.00575614531509709,0.00575900345316953,0.00576111050920491,0.0057622561480474,0.00576230640197719,0.00576121426713759,0.00575902342252379,0.00575586477701082,0.005751946110612,0.00574753562108787,0.0057429406712514,0.00573848341321289,0.00573447521265105,0.00573119189362116,0.00572885176776922,0.00572759820235304,0.005727488128965,0.00572848742387896,0.00573047354195462,0.00573324520783088,0.00573653840685649,0.00574004741364281,0.00574344918553762,0.00574642916801231,0.00574870643852228,0.00575005616770207,0.00575032759433722,0.00574945607105262,0.0057474682119037,0.00574447972737085,0.00574068612442687,0.00573634702826231,0.00573176539552304,0.00572726329367909,0.00572315618931932,0.00571972780289959,0.00571720753932527,0.00571575229231294,0.00571543406130179,0.00571623434625243,0.00571804574198876,0.00572068058483136,0.00572388595065406,0.00572736380404172,0.00573079469236447,0.0057338631018296,0.00573628246852278,0.00573781787270185,0.00573830463167749,0.00573766132950858,0.00573589625782568,0.0057331067598644,0.0057294715282741,0.00572523646083896,0.00572069518385145,0.00571616577365064,0.00571196551147946,0.00570838566939173,0.00570566832873862,0.00570398707594901,0.00570343311712399,0.0057040079288883,0.00570562304929518,0.00570810704592676,0.0057112191220448,0.00571466828463864,0.00571813654791127,0.0057213043193583,0.00572387593720117,0.00572560331026456,0.00572630575828912,0.0057258844543746,0.00572433030799897,0.00572172465848164,0.00571823272848938,0.00571409036864081,0.00570958516337171,0.00570503342227717,0.00570075491051007,0.00569704734699462,0.00569416270750849,0.0056922872159125,0.00569152660722488,0.00569189782361944,0.00569332778884013,0.00569565933851197,0.00569866381278218,0.00570205929303602,0.00570553302647305,0.00570876626005445,0.00571145951991695,0.00571335633927277,0.00571426356289591,0.00571406663029041,0.00571273863770283,0.00571034246730889,0.00570702581358275,0.00570300949380034,0.00569856996000523,0.00569401738942867,0.00568967108042248,0.00568583409490707,0.00568276915281657,0.00568067769458823,0.0056796837867353,0.00567982416612606,0.005681045229975,0.00568320722418724,0.0056860953103038,0.00568943664440834,0.00569292211817784,0.00569623102986976,0.00569905670742884,0.00570113102392609,0.00570224583527863,0.00570226961964376,0.00570115798259539,0.00569895718257593,0.00569580039269815,0.0056918970040951,0.00568751584052621,0.00568296364261824,0.00567856055330609,0.00567461456908887,0.00567139700032249,0.00566912090025836,0.00566792417929852,0.00566785873707917,0.00566888645627801,0.00567088235348024,0.00567364461771908,0.00567691072617028,0.0056803783479626,0.00568372937025034,0.00568665513904569,0.00568888091980201,0.0056901876516802,0.00569042928506945,0.00568954433792987,0.00568756075986846,0.00568459372009955,0.00568083649317399,0.00567654515822938,0.00567201831231286,0.00566757339216207,0.00566352147250772,0.00566014253744104,0.00565766318964741,0.00565623857195274,0.00565593994517109,0.00565674892405817,0.00565855885078377,0.00566118321816229,0.00566437048636162,0.00566782411716881,0.00567122622695232,0.00567426296838582,0.00567664961066021,0.00567815330655779,0.00567861171389699,0.00567794596973955,0.00567616697360288,0.00567337447942718,0.00566974907614074,0.00566553770641577,0.00566103389090151,0.00565655425142594,0.00565241322385549,0.00564889799082234,0.00564624563560472,0.0056446243298185,0.00564412004012565,0.00564472979857615,0.00564636205761599,0.00564884408344779,0.00565193577920013,0.00565534882227681,0.005658769588694,0.00566188404789494,0.00566440266151016,0.0056660833205508,0.00566675051159019,0.00566630920314553,0.0056647523622736,0.00566216151175529,0.00565870028159946,0.00565460145706263,0.00565014853912532,0.00564565327007697,0.00564143089818852,0.00563777513534389,0.00563493478904168,0.00563309392568864,0.00563235715252741,0.00563274120598674,0.00563417353346835,0.00563649799598126,0.00563948724965859,0.00564286083102164,0.00564630751272359,0.00564951014775116,0.00565217101141356,0.00565403560419741,0.00565491300127806,0.00565469111367392,0.00565334563560461,0.00565094195954125,0.00564762990660549,0.00564363170103039,0.00563922416359552,0.00563471656242987,0.00563042590282367,0.00562665163670433,0.00562365181429164,0.00562162258051563,0.00562068264441503,0.00562086394355992,0.00562210922482451,0.00562427671194335,0.00562715147172595,0.00563046256428379,0.00563390460692508,0.00563716203441644,0.00563993413090564,0.00564195885654882,0.00564303359386505,0.00564303118302414,0.00564190998371379,0.00563971716951356,0.00563658499423878,0.0056327203241481,0.00562838825879482,0.00562389112629375,0.00561954450410791,0.00561565215761155,0.00561248188327436,0.00561024417837583,0.00560907543792808,0.00560902702268558,0.00561006108094928,0.00561205347576931,0.00561480360500194,0.00561805034674887,0.0056214928645989,0.00562481461147328,0.00562770861157145,0.00562990199520179,0.00563117781729499,0.00563139240419571,0.00563048683151584,0.00562849161069618,0.00562552421196384,0.00562177962866916,0.0056175147461817,0.00561302777567053,0.00560863440998925,0.00560464262050166,0.00560132811574432,0.00559891241876902,0.00559754530095087,0.00559729295799372,0.005598132855531,0.00559995563918246,0.00560257393851021,0.00560573734493109,0.00560915235838871,0.00561250571384616,0.00561548924076163,0.00561782429233787,0.00561928381642715,0.00561971032763478,0.0056190283666205,0.00561725046888899,0.00561447617430759,0.00561088415197794,0.00560671805508817,0.00560226721681456,0.00559784370925258,0.00559375757659727,0.00559029219894729,0.00558768173682463,0.00558609245111241,0.00558560939654546,0.00558622956584111,0.00558786204719438,0.00559033519527983,0.00559341025510804,0.00559680036369345,0.00560019342265214,0.00560327701750286,0.00560576338554291,0.00560741242409789,0.00560805088822424,0.00560758623573484,0.00560601400850506,0.00560341815780438,0.00559996428950721,0.00559588637778863,0.00559146802383031,0.00558701977226822,0.00558285430797824,0.00557926151914466,0.00557648541940598,0.00557470476992788,0.00557401893963991,0.00557444011362279,0.00557589244604155,0.00557821820162913,0.00558119038141052,0.00558453082100386,0.00558793231910217,0.00559108303563595,0.00559369122383425,0.00559550834245588,0.00559634873012733,0.00559610429678722,0.00559475307650633,0.00559236096594451,0.00558907650927354,0.00558511913959063,0.0055807618017694,0.00557630932208047,0.00557207422549448,0.00556835190928354,0.00556539714227708,0.00556340376198699,0.00556248919132211,0.00556268501518137,0.00556393437911269,0.00556609643459011,0.00556895749624018,0.00557224803653977,0.00557566416817706,0.00557889189754205,0.00558163220715579,0.0055836249566005,0.00558466968342352,0.00558464163069956,0.00558350171017338,0.00558129960014141,0.00557816973359842,0.00557432050583941,0.00557001757469328,0.00556556259940219,0.00556126912956802,0.00555743758218199,0.00555433131163115,0.00555215567994558,0.00555104178510013,0.00555103612851968,0.00555209702873501,0.00555409805069913,0.00555683816053997,0.00556005778060058,0.00556345945592318,0.00556673148713667,0.00556957265923824,0.00557171611437875,0.0055729504857601,0.00557313662681331,0.00557221861933428,0.00557022819643669,0.00556728223291843,0.0055635734974442,0.0055593553893948,0.00555492185923085,0.00555058409544664,0.00554664581988679,0.00554337914540058,0.00554100290933875,0.00553966520810614,0.00553943153388785,0.00554027947514482,0.00554210042011587,0.00554470814148761,0.00554785358932849,0.00555124472243809,0.00555456980211912,0.00555752228801449,0.0055598253388419,0.0055612539476961,0.00556165293166271,0.00556094933070663,0.0055591582208144,0.00555638147529118,0.00555279957619166,0.00554865714009775,0.00554424333017499,0.00553986873484652,0.00553584057001945,0.00553243818887692,0.00552989085406613,0.00552835954279222,0.00552792422731963,0.0055285776277053,0.00553022591109442,0.00553269625928102,0.00553575068687178,0.00553910500392745,0.00554245141353586,0.00554548294904194,0.0055479178140867,0.00554952170338149,0.0055501263482608,0.00554964283077795,0.00554806861952615,0.00554548777116803,0.00554206427872254,0.00553802908840011,0.00553366180605825,0.00552926853249566,0.00552515757336582,0.00552161494249891,0.00551888160169167,0.00551713424965675,0.00551647119584911,0.0055169044541257,0.00551835870020962,0.00552067719370168,0.00552363421003632,0.00552695300311631,0.00553032786975551,0.0055334485526303,0.00553602502761522,0.00553781068808572,0.00553862206413408,0.00553835348974869,0.00553698553655058,0.00553458653689445,0.00553130707886201,0.00552736792260416,0.00552304231531645,0.00551863413009243,0.00551445358719393,0.00551079250685687,0.00550790107376982,0.00550596796351275,0.00550510540463524,0.00550534035169152,0.00550661245567914,0.00550877897599115,0.00551162622491786,0.00551488661839636,0.00551825996804939,0.00552143732254757,0.00552412547260071,0.00552607018559381,0.00552707633754091,0.00552702335596346,0.00552587475864394,0.0055236810389154,0.00552057567029775,0.00551676454230678,0.00551250965557865,0.00550810835844068,0.00550386976141992,0.00550009019164881,0.00549702962871158,0.00549489099252454,0.00549380393690785,0.00549381445229933,0.00549488112165986,0.00549687834229519,0.00549960626904224,0.00550280669780466,0.00550618363332621,0.00550942690562672,0.00551223694649194,0.00551434873599662,0.0055155529925162,0.0055157129028208,0.0055147750494818,0.00551277365908069,0.00550982783062968,0.00550613196948069,0.00550194020212059,0.00549754603308205,0.00549325888412533,0.00548937939845947,0.00548617548445888,0.00548386100966816,0.0054825788401768,0.00548238956731961,0.00548326680233467,0.00548509939147966,0.00548770035489719,0.00549082182421617,0.00549417478379326,0.00549745204364914,0.00550035261996911,0.00550260559368606,0.00550399156604357,0.00550436002398547,0.00550364125020719,0.00550185183959066,0.00549909338577602,0.00549554444015353,0.00549144637562027,0.00548708426588011,0.00548276428273209,0.00547878939186429,0.00547543527035074,0.00547292836028655,0.00547142780854431,0.00547101273574395,0.00547167585653419,0.00547332397371308,0.00547578532654871,0.00547882322627131,0.00548215490201164,0.00548547405433568,0.00548847531110246,0.00549087862669071,0.00549245166912233,0.00549302839742298,0.00549252233342465,0.00549093345827694,0.0054883481807383,0.00548493238608688,0.00548091813179795,0.00547658506428742,0.00547223805250901,0.00546818283662203,0.00546470164657631,0.00546203074086879,0.0054603416518808,0.00545972761958011,0.00546019627795813,0.00546166916046321,0.00546398804774792,0.00546692763580176,0.00547021350169171,0.00547354393018526,0.00547661386851819,0.00547913911635412,0.00548087884282708,0.00548165465508877,0.00548136471575777,0.00547999179900241,0.00547760465297486,0.0054743525607157,0.00547045352368642,0.0054661769939711,0.00546182251424624,0.005457695951563,0.00545408520329156,0.00545123729737444,0.00544933870435755,0.005448500433778,0.00544874911655677,0.00545002480196282,0.00545218565985131,0.00545501922424722,0.00545825929108335,0.00546160713099162,0.00546475532913404,0.00546741234517823,0.00546932582020073,0.00547030275465301,0.00547022493504643,0.00546905837164666,0.00546685599082685,0.00546375336675087,0.00545995783815989,0.00545573189189104,0.00545137215737724,0.00544718570450476,0.00544346554484332,0.00544046729270698,0.00543838884632217,0.00543735470529113,0.00543740616417336,0.00543849814456582,0.005440502894096,0.00544322023752032,0.00544639355297845,0.00544973019930106,0.00545292477007408,0.00545568332787288,0.00545774669990975,0.00545891099901998,0.00545904375864664,0.00545809441512814,0.00545609831060267,0.00545317389698938,0.00544951335858544,0.00544536739207298,0.00544102534275822,0.00543679225959585,0.00543296467591443,0.00542980703122413,0.00542753060944226,0.00542627667644386,0.00542610516795154,0.00542698983782721,0.00542882026613502,0.00543141058483901,0.00543451424362339,0.00543784364891738,0.00544109310913865,0.00544396324753459,0.00544618492516076,0.00544754075627054,0.005447882489229,0.00544714285391741,0.00544534092013375,0.00544258053728974,0.00543904198769918,0.0054349675330857,0.00543064202128181,0.0054263701122405,0.00542245195152805,0.00541915924251977,0.00541671363146964,0.00541526912486504,0.0054148999260638,0.00541559464072848,0.0054172572940125,0.00541971506311166,0.00542273209647579,0.00542602830873956,0.00542930165005723,0.00543225208157952,0.00543460536252218,0.00543613477404659,0.00543667906863772,0.00543615523073951,0.00543456504389043,0.00543199494829371,0.00542860920005009,0.00542463686800708,0.00542035368795423,0.00541606020112424,0.00541205790173616,0.00540862528055124,0.00540599566393901,0.00540433861061627,0.00540374635252589,0.0054042263721463,0.00540570072408114,0.00540801217136589,0.00541093666083709,0.00541420115281887,0.00541750538896187,0.00542054586151102,0.00542304006420405,0.00542474907686658,0.00542549666758596,0.00542518337729428,0.00542379445609284,0.00542140101482765,0.00541815430101263,0.00541427356321274,0.00541002848664053,0.0054057176191186,0.00540164452346857,0.00539809356668824,0.00539530727876153,0.005393467084761,0.00539267894088223,0.00539296500736766,0.00539426200229734,0.00539642634438783,0.00539924565629828,0.00540245570270925,0.00540576141336527,0.00540886032109676,0.0054114665561227,0.00541333349876313,0.00541427330531008,0.00541417177287484,0.00541299737569384,0.00541080376065734,0.00540772550238644,0.00540396744958442,0.00539978850069242,0.00539548108584103,0.0053913479703746,0.00538767820949319,0.00538472415792477,0.00538268136368339,0.00538167295225418,0.00538173975362397,0.00538283697005797,0.00538483766518728,0.00538754281363036,0.00539069712461922,0.00539400938475268,0.00539717569562279,0.00539990374569529,0.00540193617143873,0.00540307113388553,0.00540317845665487,0.0054022100250847,0.00540020360876188,0.00539727980359424,0.00539363234703375,0.00538951259240222,0.00538520939377478,0.00538102601805891,0.00537725593797818,0.00537415944678435,0.00537194296275397,0.00537074266628984,0.00537061375812028,0.00537152617606292,0.0053733670947044,0.00537594999404613,0.00537902956128367,0.00538232122869177,0.00538552378938567,0.00538834329835713,0.00539051637203965,0.0053918310499254,0.00539214357397048,0.00539138976378524,0.00538959009307716,0.00538684806920301,0.00538334204234105,0.00537931108480105,0.00537503604806403,0.00537081728942864,0.00536695082824657,0.00536370481914665,0.00536129820694578,0.00535988326017764,0.00535953338111315,0.00536023717908318,0.00536189929817769,0.00536434794866432,0.00536734855137488,0.00537062241342961,0.00537386895060162,0.00537678968470876,0.00537911209533139,0.00538061140924118,0.00538112857297638,0.00538058296228736,0.00537897880857961,0.00537640482922746,0.00537302709499926,0.0053690757121367,0.00536482639532604,0.00536057841811777,0.00535663071392694,0.00535325804191462,0.0053506891203149,0.0053490884678097,0.0053485433929927,0.00534905715478752,0.00535054881831991,0.00535285979571226,0.00535576653412247,0.00535899833323439,0.00536225887392349,0.00536524974877586,0.00536769412914282,0.00536935869765762,0.0053700721186664,0.00536973859583643,0.0053683454520067,0.00536596413326217,0.00536274455487694,0.00535890323201275,0.00535470612903662,0.00535044757742838,0.0053464269223934,0.00534292474144873,0.00534018052011082,0.00533837356286878,0.00533760866600466,0.00533790770222028,0.00533920779867923,0.00534136626867156,0.00534417192116879,0.00534736186076721,0.00535064244396097,0.00535371271692107,0.0053562884566869,0.00535812488819103,0.00535903625437484,0.00535891066615291,0.00535771903603651,0.00535551737660341,0.00535244228327283,0.00534869997202899,0.00534454975959808,0.00534028331637202,0.005336201359332,0.00533258965649711,0.00532969626610348,0.00532771182633927,0.00532675445671984,0.00532686045691735,0.00532798152600215,0.00532998870844591,0.00533268273928502,0.00533580995167567,0.00533908247035164,0.00534220108199778,0.00534487897169058,0.00534686445317348,0.00534796090175858,0.00534804231842591,0.00534706329882522,0.0053450626239428,0.00534216019155738,0.00533854752824515,0.00533447262334284,0.00533022027456339,0.0053260894948819,0.005322369768519,0.00531931803739942,0.00531713824248417,0.00531596504621682,0.00531585303987854,0.00531677231287926,0.00531861075717488,0.00532118293838706,0.00532424483461748,0.00532751327225614,0.00533068851211197,0.00533347818428311,0.00533562065501722,0.00533690594672149,0.00533719252597442,0.00533641860913743,0.00533460707961942,0.00533186362546364,0.00532836825011657,0.00532436084246919,0.00532012197182942,0.00531595045704576,0.00531213951273716,0.00530895338118386,0.00530660631259658,0.00530524556520329,0.00530493977256321,0.00530567359159644,0.00530734903727477,0.00530979337516519,0.005312772926828,0.00531601168293157,0.00531921324482968,0.00532208435430072,0.00532435814712788,0.00532581529272894,0.00532630135557321,0.00532573901545817,0.00532413418641935,0.00532157554988678,0.00531822753476955,0.00531431729581423,0.0053101167168161,0.00530592085646779,0.00530202453357274,0.00529869889862294,0.00529616984969513,0.0052946000153764,0.00529407574979751,0.00529460018585352,0.00529609290947715,0.00529839629317138,0.00530128800020984,0.00530449867774985,0.00530773343442584,0.00531069538473948,0.00531310937063412,0.0053147439557836,0.00531542992769376,0.00531507382180794,0.00531366537934751,0.00531127833863405,0.00530806449975816,0.00530424154727714,0.00530007561693654,0.00529586001037164,0.00529189176669042,0.00528844796937673,0.00528576368535152,0.00528401329570879,0.00528329669673501,0.0052836314533512,0.00528495151055501,0.00528711254868142,0.00528990354277239,0.00529306359490076,0.00529630269255488,0.00529932474142731,0.00530185104954366,0.00530364241039242,0.00530451804517923,0.00530436991152667,0.0053031712515147,0.00530097870724432,0.00529792783843143,0.00529422239293707,0.00529011817007808,0.00528590274379489,0.00528187264486423,0.00527830980792264,0.00527545915027413,0.00527350906171137,0.00527257635856798,0.00527269690932197,0.0052738226957968,0.00527582556316813,0.00527850737414739,0.00528161576595098,0.00528486425811531,0.0052879551097388,0.00529060310049878,0.00529255832853666,0.00529362619129078,0.00529368294099272,0.00529268556555419,0.0052906752041012,0.00528777382526702,0.00528417443665488,0.00528012561589261,0.00527591161396602,0.0052718296369885,0.00526816613154871,0.00526517396773833,0.0052630523347724,0.00526193094583141,0.00526185980409719,0.00526280533330331,0.00526465316093717,0.00526721730932844,0.00527025504619267,0.00527348620798452,0.00527661546309841,0.00527935575109213,0.0052814510411733,0.00528269661087496,0.00528295524867114,0.00528216810987125,0.0052803593737893,0.00527763433249305,0.00527417105627836,0.00527020628991877,0.00526601669204768,0.00526189689713922,0.00525813612845065,0.00525499520752789,0.00525268578425589,0.00525135344691151,0.0052510660693461,0.00525180833485486,0.00525348288232162,0.00525591799460729,0.00525888123160661,0.0052620979354003,0.00526527313742213,0.00526811511418556,0.00527035869956058,0.00527178648112946,0.00527224617989372,0.00527166281833225,0.00527004469794335,0.00526748270501629,0.00526414300388504,0.00526025371261419,0.00525608663928613,0.00525193554909303,0.00524809270623474,0.00524482557058606,0.00524235551366394,0.00524084024949778,0.00524036136884061,0.00524091795067375,0.00524242674049055,0.00524472886674083,0.005247602550286,0.00525078078557349,0.00525397257850594,0.00525688605046273,0.00525925158082497,0.00526084316562321,0.00526149631215312,0.00526112105946998,0.00525970909705129,0.00525733442055985,0.00525414747442293,0.00525036324201174,0.00524624421709244,0.00524207959324462,0.00523816231181614,0.0052347657859716,0.00523212214886215,0.00523040375461005,0.00522970940537454,0.0052300564094192,0.00523137911976314,0.00523353409020396,0.00523631145347711,0.00523945162171748,0.00524266597880449,0.00524565991334091,0.00524815635170718,0.00524991790546875,0.00525076585238905,0.00525059442213001,0.00524937923765673,0.00524717923718857,0.00524413192688428,0.00524044234933411,0.00523636665762505,0.00523219161978831,0.00522821170538353,0.0052247055949555,0.00522191398994599,0.00522002048782479,0.00521913703787603,0.00521929512584962,0.00522044337609085,0.00522245174414132,0.0052251219465344,0.00522820328299988,0.00523141258695246,0.00523445672058518,0.00523705583305901,0.00523896554177845,0.00523999628546057,0.00524002832612014,0.00523902122275047,0.00523701703247602,0.00523413698408529,0.0052305718809997,0.00522656698721387,0.00522240258792831,0.00521837175829411,0.00521475709339587,0.00521180823782425,0.00520972199883544,0.00520862663259787,0.00520857156723177,0.00520952339359154,0.00521136845396338,0.00521392183417632,0.00521694205629475,0.00522015031225929,0.00522325270792719,0.00522596373633177,0.00522802909494645,0.00522924601436663,0.00522947946700142,0.00522867295417987,0.0052268530035939,0.00522412701535364,0.00522067463417378,0.0052167333494932,0.00521257948792427,0.00520850612683635,0.0052047996995955,0.00520171716547058,0.0051994655696487,0.00519818562117682,0.00519794058572212,0.0051987113582292,0.00520039808739601,0.00520282820729073,0.005205770226799,0.00520895217218146,0.00521208321046589,0.005214876734766,0.00521707308575265,0.00521846011933398,0.00521889000223091,0.005218290912402,0.00521667272147764,0.0052141262116395,0.00521081588948669,0.00520696696158867,0.00520284749312205,0.00519874715113396,0.00519495420936859,0.00519173263661024,0.00518930108852289,0.00518781547376009,0.00518735648457681,0.00518792309483304,0.00518943256106929,0.00519172694623599,0.0051945856598081,0.0051977430196577,0.00520090943533531,0.00520379452217068,0.00520613029946556,0.0052076926135244,0.00520831906163106,0.00520792197165721,0.00520649539318772,0.00520411554287367,0.00520093467454819,0.00519716887073952,0.00519308073883827,0.00518895840553842,0.00518509250132596,0.00518175298383153,0.00517916765202715,0.00517750405804281,0.00517685624684817,0.0051772373680974,0.00517857873540738,0.00518073539155673,0.00518349771820123,0.00518660815170741,0.00518978167035061,0.00519272842833224,0.00519517674674829,0.00519689464427496,0.00519770820724809,0.00519751535235056,0.00519629390196608,0.00519410333937638,0.00519108010376029,0.0051874267897502,0.00518339609753857,0.00517927079807178,0.00517534129623699,0.00517188256590344,0.00516913228156494,0.00516727188143159,0.00516641207285429,0.00516658394613766,0.00516773642055111,0.00516974024153558,0.00517239822353289,0.00517546093207867,0.00517864656089548,0.00518166341927291,0.00518423323025191,0.00518611337079599,0.00518711626794417,0.00518712439243681,0.00518609964443832,0.00518408637673825,0.00518120781421043,0.00517765616228427,0.0051736772062708,0.00516955064468659,0.00516556773844318,0.00516200806879475,0.0051591172642958,0.00515708747433153,0.00515604213998493,0.00515602626253238,0.00515700292715919,0.00515885634126894,0.00516140113092705,0.00516439714381905,0.00516756857207422,0.00517062587022792,0.00517328872990857,0.00517530829727787,0.00517648688339572,0.00517669361525346,0.00517587479355553,0.00517405814059101,0.00517135060436197,0.00516792989255104,0.00516403040094404,0.00515992464011876,0.00515590162100882,0.00515224390621695,0.00514920514612663,0.00514698988444667,0.00514573724032853,0.00514550977081273,0.00514628841246479,0.00514797392273746,0.00515039472354393,0.00515332053338499,0.00515648070624575,0.00515958581602247,0.00516235076367997,0.00516451755842395,0.00516587594386673,0.00516628020846415,0.0051656608265846,0.00516402999634712,0.0051614806340096,0.00515817890992244,0.00515435092817301,0.00515026462326379,0.00514620833381115,0.00514246777923828,0.00513930328608895,0.00513692907954426,0.00513549628247671,0.00513508096599605,0.00513567819275566,0.00513720251451149,0.00513949486689458,0.00514233529391318,0.00514546047675549,0.00514858467011002,0.00515142238739442,0.00515371104115841,0.00515523174937151,0.00515582666564309,0.00515541146983851,0.00515398203903071,0.00515161477462855,0.00514846055671565,0.00514473279698666,0.00514069052918937,0.00513661787059506,0.00513280147564267,0.00512950776219529,0.00512696171289641,0.00512532893789473,0.00512470243527181,0.00512509511643203,0.0051264387046128,0.00512858910587964,0.00513133783686414,0.00513442861072872,0.005137577766845,0.00514049691369101,0.00514291596908017,0.00514460474688917,0.00514539135727596,0.00514517594415152,0.00514393865632943,0.00514174121027649,0.00513872191952573,0.00513508459615396,0.00513108222523491,0.00512699673003891,0.00512311645272706,0.00511971315320179,0.00511702036550784,0.00511521484019805,0.00511440254763597,0.00511461034325638,0.00511578393774413,0.00511779231392207,0.00512043822512109,0.00512347393157615,0.00512662091759632,0.00512959201877112,0.0051321142035874,0.00513395021042973,0.00513491733688577,0.00513490190297104,0.00513386824821768,0.00513186155239423,0.0051290042577747,0.00512548637542362,0.00512155043713716,0.00511747227380567,0.00511353913206264,0.00511002685859404,0.00510717796302146,0.00510518230433777,0.00510416193839589,0.00510416133640345,0.00510514376472682,0.00510699413328671,0.00510952810500678,0.00511250675224433,0.00511565559427429,0.0051186864949852,0.00512132067062576,0.00512331096708571,0.00512446161962634,0.00512464390436753,0.00512380641991199,0.00512197917342472,0.00511927114814971,0.00511586155388925,0.00511198546711854,0.00510791501683314,0.00510393763093597,0.00510033309327269,0.00509735125050139,0.00509519214563414,0.00509399015276996,0.00509380336542265,0.0050946090722242,0.00509630566713751,0.00509872082496533,0.00510162527324807,0.00510475105274853,0.00510781281334965,0.00511053046058215,0.00511265136401563,0.00511397037288865,0.00511434605869429,0.00511371190605424,0.00511208157410927,0.0051095478157646,0.00510627513695245,0.0051024867690596,0.00509844697841613,0.00509444010861107,0.00509074801109184,0.0050876276472114,0.00508529063485461,0.00508388636739831,0.00508349005907769,0.00508409668415468,0.00508562130662366,0.00508790578461384,0.00509073132466475,0.00509383589521564,0.00509693511847003,0.00509974497408956,0.00510200449404056,0.00510349662384213,0.00510406557331394,0.00510362926429849,0.00510218587683017,0.00509981396805154,0.00509666615544699,0.00509295687689308,0.00508894521891391,0.00508491419876454,0.00508114816438895,0.00507791012101805,0.00507542079543199,0.00507384110681633,0.00507325943517224,0.0050736846874021,0.00507504569357761,0.00507719696263374,0.00507993032614896,0.00508299153593326,0.00508610049058925,0.0050889734813722,0.00509134569392488,0.00509299219016006,0.00509374571953673,0.00509350995851949,0.0050922671341995,0.00509007942947431,0.00508708405887609,0.00508348240384103,0.00507952406193693,0.00507548706238669,0.00507165580413452,0.00506829845999555,0.00506564564149865,0.00506387202389637,0.00506308239662271,0.00506330325457923,0.00506448061086415,0.00506648422291861,0.00506911791410526,0.00507213517988116,0.00507525883623294,0.00507820313917407,0.00508069660534951,0.00508250370706458,0.00508344370163531,0.00508340508012386,0.0050823544710601,0.00508033928385634,0.00507748388425357,0.0050739796151226,0.00507006946857556,0.00506602864349105,0.00506214255319029,0.00505868405133913,0.00505589170032026,0.00505395081258343,0.00505297876536689,0.0050530157455572,0.00505402164970569,0.00505587937361605,0.00505840421420944,0.00506135861869239,0.0050644710962311,0.00506745778753635,0.00507004498674535,0.00507199083837151,0.005073104496555,0.00507326123415455,0.00507241231163316,0.00507058883154774,0.0050678992770938,0.00506452092610962,0.00506068581135189,0.00505666232954128,0.00505273394992023,0.00504917670611368,0.00504623725307261,0.00504411322860487,0.00504293748228696,0.00504276743571479,0.00504358043596597,0.00504527548805418,0.00504768124138036,0.00505056960369679,0.00505367390493047,0.00505671016630471,0.00505939977587609,0.00506149175246691,0.00506278280900834,0.0050631336026032,0.00506247986601811,0.00506083752707999,0.00505830140582778,0.00505503759696833,0.00505127015531947,0.00504726316069654,0.00504329960715242,0.00503965881099856,0.00503659414570452,0.00503431288190702,0.00503295973810149,0.00503260544458619,0.00503324121595119,0.00503477955268695,0.00503706129054165,0.00503986832464289,0.00504294098914214,0.00504599870641407,0.00504876226404656,0.00505097595514039,0.00505242783552756,0.0050529665043915,0.00505251308829092,0.00505106748376076,0.0050487083647703,0.00504558695353835,0.00504191504517955,0.00503794822798286,0.00503396561853725,0.00503024770823679,0.00502705407337177,0.00502460271884267,0.00502305270024947,0.0050224914111071,0.00502292755480799,0.00502429037454592,0.00502643522054045,0.00502915502717406,0.00503219679394875,0.00503528175682012,0.00503812763737661,0.00504047119007086,0.00504208924177188,0.00504281653422527,0.00504255893275254,0.00504130093734097,0.00503910689455099,0.00503611581855331,0.00503253024286472,0.00502860000144385,0.00502460224413293,0.00502081929454675,0.00501751613003305,0.00501491928633832,0.00501319886493752,0.00501245506509019,0.00501271029958272,0.00501390750936997,0.00501591479840212,0.00501853600459693,0.00502152635085738,0.00502461192233087,0.00502751142235699,0.00502995848705257,0.00503172279710156,0.00503262832027784,0.00503256724577734,0.00503150851402232,0.00502950027292157,0.00502666606762233,0.00502319506041976,0.00501932704657232,0.00501533344485321,0.00501149576328755,0.00500808324230897,0.00500533144438711,0.00500342348879878,0.00500247542854015,0.00500252694519425,0.00500353811759725,0.00500539253469004,0.0050079065148116,0.00501084370626288,0.00501393391411999,0.00501689465636063,0.00501945372566405,0.00502137094498033,0.00502245736716338,0.00502259037628876,0.00502172347949309,0.00501989000396548,0.0050172004021545,0.00501383338374557,0.005010021593414,0.00500603299343209,0.0050021494508343,0.00499864424512687,0.0049957602929959,0.00499369082717226,0.00499256406893943,0.00499243310902726,0.00499327178714838,0.00499497687653679,0.00499737637983781,0.00500024326460616,0.00500331354191562,0.00500630725026528,0.00500895067838518,0.00501099806658513,0.00501225107410501,0.00501257448112893,0.00501190689105808,0.00501026558961831,0.00500774517589471,0.00500451007186864,0.00500078150030279,0.00499681995562074,0.00499290454631535,0.00498931083660191,0.0049862889406426,0.00498404361076895,0.00498271790773422,0.00498238175805501,0.00498302631704739,0.004984564598851,0.00498683834013611,0.00498963056650167,0.00499268286867012,0.00499571601106373,0.00499845222389481,0.00500063739383754,0.00500206137508135,0.00500257478970202,0.0050021009648047,0.00500064204509974,0.00499827879194171,0.00499516409103619,0.0049915106964085,0.00498757419851306,0.00498363258612938,0.00497996404508229,0.00497682477633068,0.00497442860760737,0.00497293001930295,0.00497241192489803,0.00497287916495013,0.0049742582194772,0.00497640314849074,0.00497910727326689,0.00498211965528707,0.00498516505502257,0.00498796578639805,0.00499026374008762,0.00499184083774198,0.00499253630291411,0.00499225938673814,0.00499099654751429,0.00498881252130269,0.00498584519891535,0.00498229470860601,0.00497840755985753,0.00497445709702622,0.00497072180734769,0.00496746319916698,0.00496490500104096,0.00496321533194763,0.00496249326605663,0.0049627608752431,0.00496396139976243,0.00496596370624374,0.00496857268664062,0.00497154477658436,0.00497460736320847,0.00497748053859283,0.00497989945929265,0.00498163551562525,0.00498251460696516,0.00498243105433306,0.00498135603529751,0.00497933986614218,0.00497650794861987,0.00497305070829988,0.00496920833825239,0.00496525158177728,0.00496146010263439,0.00495810017648147,0.00495540348386822,0.00495354869373723,0.00495264730197403,0.00495273484576032,0.00495376817866572,0.00495562900294978,0.00495813335881643,0.00496104630417122,0.00496410061404864,0.00496701801426624,0.00496953126490505,0.00497140534521346,0.00497245606810371,0.00497256465990567,0.00497168715974026,0.00496985789840416,0.00496718678072551,0.00496385058350733,0.00496007895352091,0.00495613620742825,0.00495230036614833,0.00494884107704792,0.00494599817191662,0.00494396256614771,0.00494286102399108,0.00494274600954033,0.00494359144023887,0.00494529469318737,0.00494768471973324,0.00495053563608164,0.00495358471478144,0.00495655334265496,0.00495916926789732,0.00496118835347717,0.00496241409200078,0.00496271331441438,0.00496202682860942,0.00496037413217199,0.00495785182300719,0.00495462584095983,0.00495091816944325,0.00494698906923452,0.00494311627355497,0.00493957281581009,0.00493660526749759,0.00493441412422693,0.00493313789804354,0.00493284217247763,0.0049335144785555,0.00493506538545484,0.00493733570357786,0.00494010921136771,0.00494312988197663,0.00494612223673259,0.00494881321293811,0.00495095381818145,0.00495233886078172,0.00495282319833162,0.00495233322392051,0.00495087268839644,0.00494852240295975,0.00494543384401482,0.00494181715861015,0.00493792451106331,0.00493403008389698,0.00493040831459555,0.00492731209001376,0.00492495262427244,0.00492348261783078,0.00492298404476437,0.00492346155561797,0.00492484203763658,0.00492698037933922,0.00492967098778412,0.00493266414782531,0.00493568592636308,0.004938460036885,0.00494072991376806,0.00494227922123299,0.00494294914629877,0.00494265108717659,0.00494137372119692,0.00493918388661406,0.00493622120750656,0.00493268689534604,0.00492882763334748,0.00492491584641339,0.00492122794460133,0.00491802228160973,0.00491551858613648,0.00491388050433645,0.0049132026413902,0.00491350312517185,0.0049147222665643,0.00491672740176412,0.00491932351476927,0.00492226878776291,0.00492529384170863,0.0049281231375924,0.00493049683841262,0.00493219140132361,0.00493303727824679,0.00493293233588996,0.00493184994057409,0.00492984106780843,0.00492703026570156,0.00492360578933035,0.00491980468591461,0.00491589400686527,0.00491214962413167,0.0049088343185662,0.00490617687491665,0.00490435385007064,0.00490347547502897,0.0049035768213633,0.00490461494204648,0.00490647222369943,0.00490896569821543,0.00491186158790671,0.00491489393352464,0.00491778581751753,0.00492027148049518,0.00492211755677754,0.00492314172682066,0.00492322729002628,0.00492233248554085,0.00492049380991803,0.0049178230669249,0.00491449839317753,0.00491074998777188,0.00490684169555521,0.00490304992268688,0.00489964157602187,0.0048968527950228,0.00489487017612919,0.0048938159805271,0.00489373848961518,0.00489460825916437,0.00489632055547291,0.0048987037674343,0.0049015331136627,0.00490454854419271,0.0049074754086929,0.00491004625260191,0.00491202202054414,0.00491321099543734,0.00491348397940448,0.00491278451903763,0.00491113337043239,0.00490862685461982,0.00490542923296166,0.00490175969912902,0.00489787500759036,0.00489404910682682,0.00489055138791526,0.00488762527204808,0.00488546883493142,0.00488421900754955,0.00488394061624005,0.00488462114871187,0.00488617168042016,0.00488843390174133,0.00489119269421075,0.00489419325792144,0.00489716142788665,0.00489982555987489,0.00490193823448815,0.0049032960357905,0.00490375581225952,0.00490324611250983,0.00490177287941729,0.00489941894850568,0.00489633739313459,0.00489273925354158,0.00488887664044417,0.00488502257668888,0.00488144919862475,0.00487840606253489,0.00487610028570113,0.00487468010126903,0.00487422313152459,0.00487473030383905,0.00487612587767974,0.00487826356084,0.00488093821148255,0.00488390218661637,0.00488688503626449,0.00488961498080722,0.00489184046922506,0.00489335011297947,0.00489398942418644,0.00489367304283064,0.00489239149248309,0.00489021193111119,0.00488727283425728,0.00488377302723174,0.00487995593072614,0.00487609026184139,0.00487244871106092,0.0048692862773959,0.00486681997801127,0.00486521154892679,0.00486455452196737,0.00486486671641003,0.00486608875248646,0.00486808871606019,0.00487067261647619,0.00487359981721211,0.00487660221599001,0.00487940564265107,0.00488175175943186,0.00488341870621964,0.00488423883419299,0.00488411210408873,0.00488301407192793,0.00488099782011316,0.00487818968119462,0.00487477910338646,0.00487100347783658,0.00486712914990692,0.00486343014037309,0.00486016628400389,0.00485756253612618,0.00485579109739861,0.00485495777302654,0.00485509363869115,0.00485615266156628,0.00485801545265929,0.00486049884008037,0.00486337048967452,0.00486636740008279,0.00486921679826752,0.00487165778065822,0.00487346199298678,0.00487445171926572,0.00487451395318791,0.00487360934169951,0.00487177529677634,0.0048691230323389,0.00486582875970042,0.0048621197313347,0.00485825622785085,0.00485451090719182,0.00485114714966602,0.00484839811611629,0.0048464481818221,0.0048454182229854,0.00484535593284873,0.00484623195189903,0.00484794213739393,0.00485031580600278,0.00485312930145764,0.00485612380963844,0.00485902600186124,0.00486156985826505,0.00486351792396898,0.00486468029086774,0.00486492977788796,0.00486421208899473,0.00486255013425739,0.00486004216968067,0.00485685390844085,0.00485320524121708,0.00484935263758243,0.00484556864654486,0.00484212014280024,0.00483924705911984,0.00483714330059518,0.00483594135843516,0.00483570184230062,0.00483640875288145,0.00483797085359637,0.00484022901321461,0.00484296892080443,0.00484593815539242,0.00484886625340666,0.00485148618199603,0.00485355551667636,0.0048548756489597,0.00485530751064782,0.00485478257958864,0.00485330830236246,0.00485096750547799,0.00484791183805075,0.00484434976017768,0.004840530023055,0.00483672194298687,0.00483319402463889,0.00483019262220339,0.00482792233085808,0.00482652967141585,0.00482609137458919,0.00482660820736656,0.00482800484389255,0.00483013580364782,0.00483279699725888,0.00483574197031131,0.00483870155370222,0.00484140534980015,0.00484360333260711,0.00484508582966703,0.00484570028225022,0.00484536343681826,0.00484406798654167,0.00484188312943437,0.00483894900243679,0.00483546544514838,0.00483167600097558,0.00482784844244876,0.00482425338422993,0.00482114269955626,0.00481872946842481,0.00481717105575852,0.00481655665817191,0.00481690029537463,0.00481813978815954,0.00482014179130011,0.00482271246991436,0.00482561295949436,0.00482857837183496,0.00483133883412928,0.00483364089596476,0.00483526761577075,0.00483605574372754,0.00483590864612098,0.00483480395219918,0.00483279532228663,0.00483000819933033,0.00482662987722994,0.00482289466395418,0.00481906530482597,0.00481541213140663,0.00481219158665335,0.0048096258293234,0.00480788503663135,0.00480707381415109,0.00480722280324356,0.00480828616973449,0.00481014519059262,0.00481261766480303,0.0048154724044789,0.00481844765418638,0.00482127197201134,0.00482368590607619,0.0048254627297661,0.00482642656789393,0.00482646645375856,0.00482554518731557,0.00482370228643411,0.00482105079845863,0.0048177682308482,0.00481408233161713,0.00481025286586724,0.00480655085712382,0.00480323696183074,0.00480054070682159,0.00479864224262335,0.00479765805998086,0.00479763179858724,0.00479853086835608,0.00480024913684645,0.00480261545177464,0.0048054073065863,0.00480836855542157,0.00481122976934283,0.00481372962057552,0.0048156356026496,0.00481676244992232,0.00481698680526314,0.00481625698268763,0.0048145970573571,0.00481210495970766,0.00480894472132492,0.00480533348142857,0.00480152427688752,0.00479778597192627,0.00479438191100671,0.00479154898346395,0.00478947876238555,0.00478830222180977,0.00478807925577817,0.00478879384301871,0.00479035525416738,0.00479260521970357,0.00479533050144615,0.00479827987414304,0.00480118416349925,0.00480377773652709,0.00480581972191837,0.00480711325994725,0.00480752123791986,0.00480697724601346,0.00480549087067061,0.00480314690040122,0.00480009851277443,0.0047965549971167,0.00479276500398053,0.00478899666763455,0.00478551619672338,0.00478256665016452,0.00478034859666822,0.00477900419696189,0.00477860596501442,0.00477915108699056,0.00478056173564156,0.00478269134409374,0.00478533632950734,0.00478825232263291,0.0047911736038307,0.00479383420015265,0.00479598897665894,0.00479743306078994,0.0047980180690492,0.0047976638547979,0.00479636484981552,0.00479419050169543,0.00479127977518262,0.00478783014937148,0.00478408197211951,0.00478029940017542,0.00477674942982482,0.00477368068067035,0.00477130361699912,0.00476977377692798,0.00476917934383671,0.00476953405790803,0.00477077604925915,0.00477277270403592,0.00477533118785269,0.00477821379210196,0.00478115688022917,0.00478389192360787,0.00478616694776872,0.00478776667084401,0.0047885297144033,0.00478836150021447,0.00478724179661185,0.00478522631199922,0.00478244221161006,0.00477907791993293,0.00477536803019932,0.00477157453787525,0.00476796591074136,0.004764795676344,0.00476228223684396,0.00476059151522599,0.00475982380810809,0.00476000588465106,0.00476108895031616,0.00476295262200736,0.00476541457994507,0.00476824511413612,0.00477118540342838,0.00477396807689134,0.00477633842975204,0.0047780746152535,0.00477900521729112,0.00477902281984425,0.00477809250749324,0.00477625462899317,0.00477362160390944,0.00477036902009048,0.00476672172171401,0.00476293598512686,0.004759279188572,0.00475600857939615,0.00475335081703844,0.00475148391694453,0.00475052303890637,0.00475051126209436,0.00475141609155299,0.00475313198334419,0.00475548869770174,0.00475826482722201,0.00476120543211947,0.00476404237872664,0.00476651575243622,0.00476839462586591,0.00476949551528231,0.00476969704499502,0.00476894964239662,0.00476727948333858,0.00476478637051995,0.00476163571960659,0.00475804530465896,0.00475426783375544,0.00475057075490431,0.0047472149099902,0.00474443374544716,0.00474241474232141,0.00474128454500905,0.00474109896301967,0.00474183862413138,0.00474341060669303,0.00474565590800717,0.00474836214641714,0.00475128048035715,0.00475414539369483,0.00475669577392025,0.00475869561548023,0.00475995271703903,0.00476033390146229,0.00475977555918485,0.00475828868237814,0.00475595799241598,0.00475293523015695,0.00474942713768047,0.00474567907586771,0.00474195556573651,0.00473851928809829,0.00473561020439761,0.00473342645727754,0.00473210857134776,0.00473172821560616,0.00473228243122387,0.00473369379854797,0.0047358165455592,0.00473844812290305,0.00474134532877172,0.00474424369922849,0.00474687861610045,0.00474900644445767,0.00475042400496085,0.00475098481573279,0.00475061079665778,0.00474929849569906,0.00474711933974828,0.00474421389356338,0.00474078059129489,0.00473705984930685,0.00473331484067314,0.00472981047849997,0.00472679229359544,0.0047244668926822,0.00472298555040935,0.00472243223471082,0.00472281700952796,0.0047240753275193,0.00472607325312007,0.00472861818422401,0.00473147420835629,0.00473438086861133,0.00473707385029241,0.00473930595007895,0.00474086666924276,0.00474159888459579,0.00474141128536749,0.00474028559931838,0.00473827803947449,0.00473551485465825,0.00473218233071195,0.00472851202889732,0.00472476242584791,0.00472119840379017,0.0047180702099665,0.00471559355013007,0.00471393239895272,0.00471318590229901,0.00471338042471077,0.00471446738574516,0.00471632706750892,0.00471877810142983,0.00472159189034111,0.00472451082439269,0.00472726883810969,0.00472961266101238,0.00473132205563398,0.00473222741909118,0.00473222333674773,0.00473127699963117,0.00472943080786289,0.00472679895095658,0.00472355824441841,0.00471993396658979,0.00471618183906553,0.00471256759783917,0.00470934579088523,0.00470673949818716,0.0047049225946985,0.0047040059678289,0.00470402877643092,0.00470495542957862,0.00470667850747419,0.00470902737868567,0.00471178182004718,0.00471468955065831,0.00471748628276507,0.00471991669723451,0.00472175468478828,0.00472282125763268,0.00472299872148949,0.00472223999167732,0.00472057231865359,0.00471809512930445,0.00471497215390791,0.00471141845735036,0.00470768339324702,0.00470403082267254,0.00470071816016603,0.00469797590804498,0.00469598930499656,0.00469488354942064,0.00469471377787373,0.00469546060700248,0.0046970316096982,0.00469926862358404,0.00470196031982547,0.00470485903412753,0.00470770051772577,0.00471022503136003,0.00471219809528076,0.00471342923128883,0.00471378718935674,0.00471321043271847,0.00471171203913488,0.0047093786280604,0.00470636340443395,0.0047028738816064,0.00469915527278836,0.00469547088836828,0.00469208111515457,0.0046892226620636,0.004687089728003,0.00468581858785746,0.00468547681633287,0.00468605799755537,0.00468748232835693,0.00468960305109729,0.00469221818862963,0.00469508663803372,0.00469794734142572,0.00470054001412185,0.00470262578976571,0.00470400615020435,0.00470453864641595,0.00470414817345415,0.004702832913861,0.00470066448163241,0.00469778225252937,0.00469438232408906,0.00469070197428841,0.00468700084506819,0.00468354033590266,0.0046805628347031,0.00467827243037483,0.00467681864174846,0.00467628446573467,0.00467667970771894,0.00467794013664173,0.00467993254250122,0.00468246530415063,0.00468530363551849,0.00468818830087184,0.00469085630531613,0.00469306190221152,0.0046945962312788,0.00469530401147267,0.00469509594910213,0.00469395586424315,0.00469194196204442,0.00468918214830898,0.00468586377114903,0.00468221861970499,0.00467850438882044,0.00467498409732627,0.00467190510839947,0.00466947943065653,0.00466786687254577,0.00466716238705153,0.00466738860086747,0.00466849410522456,0.00467035762924176,0.00467279775348201,0.00467558738358446,0.00467847182600308,0.00468118902439587,0.00468349035092254,0.00468516031141845,0.00468603361387709,0.00468600825656796,0.00468505360287425,0.00468321280464024,0.00468059938343354,0.0046773882403734,0.00467380180162424,0.0046700923870778,0.0046665221892331,0.00466334244474304,0.0046607734523348,0.00465898702731122,0.00465809279003689,0.00465812938343844,0.00465906132841592,0.00466078178327223,0.00466312100356935,0.00466585983867454,0.00466874719205696,0.00467152005151332,0.00467392448872181,0.00467573594783671,0.00467677719524476,0.00467693248613168,0.00467615680720804,0.00467447945427885,0.00467200166190933,0.00466888848023985,0.00466535555403353,0.00466165186782539,0.00465803984607906,0.00465477440885267,0.00465208266140349,0.00465014583625827,0.00464908491895829,0.00464895109217445,0.00464972174892049,0.00465130238075575,0.00465353417617692,0.0046562067093449,0.00465907469940099,0.00466187750608135,0.00466435981787011,0.00466629189773421,0.00466748778714245,0.00466782003173378,0.00466722976917663,0.00466573138677219,0.004663411382459,0.00466042151639068,0.00465696678910823,0.00465328919223134,0.004649648513951,0.00464630171550652,0.00464348250881557,0.00464138275328323,0.00464013715286129,0.00463981247986985,0.00464040219584673,0.0046418269096456,0.00464394064645775,0.00464654243794653,0.00464939231881861,0.00465223045984138,0.00465479790975013,0.00465685728296344,0.0046582117313496,0.00465872067654811,0.00465831104051062,0.00465698307299832,0.00465481030810265,0.00465193365489042,0.00464855010149138,0.0046448969460984,0.00464123282536024,0.00463781706307496,0.00463488899276647,0.00463264890694166,0.0046312421516927,0.00463074762736795,0.00463117159729343,0.00463244728004298,0.00463444024245043,0.00463695915397602,0.00463977104036114,0.00464261981870727,0.00464524663823315,0.00464741041367782,0.00464890693034927,0.00464958501714676,0.00464935851503493,0.00464821309739972,0.00464620740320283,0.00464346839278496,0.00464018129206126,0.0046365749162952,0.00463290352785681,0.00462942665753583,0.00462638848471654,0.00462399841223046,0.00462241438101118,0.00462173025526048,0.00462196828946514,0.00462307728936911,0.00462493662853103,0.00462736581361871,0.00463013884367116,0.00463300222070677,0.00463569517467781,0.00463797048694821,0.00463961424502525,0.0046404629421091,0.00464041654502932,0.00463944647905517,0.00463759789007266,0.00463498600670712,0.00463178689845499,0.00462822337491482,0.00462454716182197,0.00462101878908739,0.00461788680668707,0.00461536799069345,0.00461363011411671,0.00461277864747865,0.00461284843979516,0.0046138010330765,0.00461552781141183,0.00461785871753477,0.00462057582786323,0.00462343069835985,0.00462616410385997,0.00462852660972436,0.0046302983496808,0.00463130644627996,0.00463143869898884,0.00463065246329434,0.00462897802446767,0.00462651620040532,0.00462343035880172,0.00461993347379178,0.00461627124158769,0.004612702588694,0.0046094791127687,0.00460682508103127,0.00460491957143163,0.00460388218044461,0.0046037634458845,0.00460454076061271,0.00460612011353577,0.00460834352770486,0.00461100161153315,0.00461385023172493,0.00461662998373386,0.00461908690407828,0.00462099276220203,0.00462216330100301,0.00462247296163143,0.00462186491194076,0.0046203555740225,0.00461803328668073,0.00461505121153659,0.00461161505800052,0.00460796662052414,0.00460436445447146,0.00460106323993215,0.00459829348280269,0.00459624317340169,0.00459504286445549,0.00459475535195026,0.00459537076762838,0.00459680745575222,0.00459891854733907,0.00460150369748069,0.00460432504660056,0.0046071261344849,0.00460965226443603,0.00461167070421784,0.00461298912852512,0.00461347085000167,0.0046130456396597,0.00461171528436533,0.00460955344347845,0.00460669981595117,0.00460334907639,0.00459973544886068,0.00459611413116291,0.00459274103493286,0.00458985244644258,0.00458764622411848,0.00458626602871079,0.00458578984275681,0.00458622369967896,0.00458750113526843,0.00458948842235671,0.00459199518539516,0.00459478955470391,0.00459761665132759,0.00460021892575207,0.0046023567257126,0.00460382744740027,0.0046044817320484,0.00460423540261399,0.00460307617873204,0.00460106463302211,0.0045983293182958,0.00459505646246939,0.00459147506095043,0.00458783856441313,0.00458440463405094,0.00458141459051315,0.00457907420133349,0.0045775373357329,0.00457689377984255,0.0045771621712876,0.0045782886040203,0.00458015100158741,0.00458256889641404,0.004585317824414,0.00458814718410208,0.00459080014265639,0.00459303401423503,0.00459463949959416,0.004595457266589,0.00459539056392284,0.00459441287694804,0.00459257002539369,0.00458997653704136,0.0045868065785329,0.00458328015395854,0.00457964565932332,0.0045761601721169,0.00457306903441953,0.00457058634368269,0.00456887789763709,0.00456804795403427,0.00456813087115863,0.00456908830917446,0.00457081222654502,0.00457313344066172,0.00457583507793101,0.00457866984885628,0.00458137977484246,0.00458371678994637,0.00458546256356985,0.00458644595033342,0.00458655666586861,0.00458575409219437,0.00458407050686743,0.00458160847676768,0.00457853262753403,0.00457505645490824,0.00457142524383243,0.00456789647025281,0.00456471925647758,0.00456211452205297,0.00456025741407571,0.00455926341562896,0.00455917923119387,0.00455997915994517,0.00456156722775449,0.0045637848935914,0.00456642370862764,0.00456924191677884,0.00457198367400011,0.00457439935851392,0.00457626536368434,0.00457740181300326,0.00457768680384726,0.0045770660586664,0.00457555722131206,0.00457324845804199,0.00457029147367162,0.00456688949406352,0.00456328116047453,0.00455972160175564,0.00455646217616434,0.00455373048738174,0.00455171226478444,0.00455053655284603,0.00455026539174925,0.00455088881639712,0.00455232558370234,0.00455442958667719,0.00455700145893408,0.00455980445120885,0.0045625833122119,0.00456508466270177,0.00456707723272127,0.00456837034236717,0.00456882914324397,0.00456838539355013,0.00456704289850663,0.00456487718062448,0.00456202941177766,0.00455869509987585,0.00455510844153984,0.00455152359848958,0.00454819440234311,0.0045453541169235,0.00454319687624277,0.00454186227325342,0.00454142431618706,0.00454188561954288,0.0045431772809725,0.00454516444264496,0.00454765708185767,0.00455042516040726,0.00455321692153063,0.00455577888188997,0.00455787593822767,0.00455931000146538,0.00455993568742995,0.00455967182674443,0.00455850788816758,0.0045565048109926,0.00455379018029897,0.00455054812193959,0.00454700471053316,0.00454341004067746,0.00454001837796108,0.00453706795924281,0.00453476204096376,0.00453325270029971,0.00453262868348637,0.00453290828066108,0.00453403780798406,0.00453589582857752,0.00453830278398386,0.004541035276169,0.00454384386853288,0.00454647298902366,0.00454868134282235,0.00455026119511275,0.00455105497383264,0.00455096785959312,0.00454997535357813,0.00454812521658347,0.0045455336236595,0.00454237584561424,0.00453887221184887,0.0045352704884938,0.00453182608892289,0.00452878170081508,0.004526347956379,0.00452468668749511,0.0045238980986588,0.00452401287168841,0.0045249898154249,0.00452671922878879,0.00452903169448575,0.00453171159581754,0.00453451427885128,0.00453718549480929,0.00453948157882103,0.00454118876775428,0.00454214013386124,0.00454222880211017,0.00454141641084591,0.00453973614781691,0.00453729012073943,0.00453424126944989,0.00453080045705374,0.00452720975566101,0.00452372324172011,0.00452058681632199,0.00451801865014211,0.00451619180929722,0.00451522044762464,0.0045151506683841,0.00451595679040692,0.00451754332921478,0.00451975255136475,0.00452237701224403,0.00452517608175581,0.00452789513752297,0.00453028589060962,0.00453212621867867,0.00453323791847738,0.00453350095087577,0.00453286302989304,0.00453134378369188,0.00452903315745534,0.00452608419343152,0.00452270077240079,0.00451912130142815,0.00451559965777916,0.00451238492116839,0.00450970152223674,0.00450773139332167,0.00450659953634817,0.00450636414376581,0.00450701204688015,0.00450845984530114,0.0045105606185181,0.00451311567249588,0.00451589037311988,0.00451863280070275,0.00452109374717539,0.0045230464786124,0.00452430470451675,0.00452473733422736,0.00452427885471121,0.00452293451307853,0.00452077989883691,0.00451795495942876,0.00451465291653004,0.00451110495166951,0.00450756186789214,0.0045042741783746,0.00450147219929355,0.00449934772380753,0.0044980387315759,0.00449761835510955,0.00449808899421044,0.0044993820628669,0.00450136340082129,0.00450384392545073,0.00450659467982059,0.00450936508204995,0.00451190292281219,0.00451397451146058,0.00451538335257858,0.00451598585050971,0.00451570278051483,0.00451452560779264,0.00451251714900781,0.00450980652376928,0.00450657880301591,0.00450306019069367,0.00449949993545742,0.00449615042782456,0.00449324707609888,0.00449098956585309,0.00448952599464133,0.00448894114255245,0.00448924980522537,0.00449039570616677,0.00449225605717915,0.00449465138870394,0.00449735985968345,0.00450013490700033,0.00450272483273535,0.00450489277593955,0.00450643548875729,0.00450719943589351,0.00450709295047669,0.00450609348974088,0.00450424941821564,0.00450167617674403,0.00449854713876003,0.00449507987374718,0.00449151889835448,0.00448811627283762,0.00448511157525056,0.00448271284270258,0.00448107999830688,0.00448031208662573,0.0044804393374446,0.00448142069629147,0.00448314703089945,0.00448544977466377,0.00448811433155046,0.00449089717797195,0.00449354529366218,0.00449581636475274,0.00449749814159017,0.00449842540111511,0.0044984931519196,0.00449766501833502,0.00449597612846008,0.00449353027750483,0.0044904916008808,0.00448707143073214,0.00448351139243086,0.00448006409769958,0.00447697298467832,0.00447445292223613,0.00447267312756388,0.00447174375129407,0.00447170718519198,0.00447253477099207,0.00447412916166623,0.00447633213710421,0.00447893724070811,0.00448170622109942,0.0044843879675843,0.00448673843952575,0.004488540016877,0.00448961874513906,0.00448985811271515,0.00448920827333608,0.00448768998862144,0.00448539298286243,0.00448246883905146,0.0044791189913801,0.00447557875650295,0.00447209866353305,0.00446892456088138,0.00446627807569,0.0044643389733128,0.0044632308175094,0.00446301107912632,0.00446366649593358,0.00446511406966132,0.00446720763147432,0.00446974945701009,0.0044725060080509,0.00447522655014532,0.00447766316438862,0.00447959055318093,0.00448082404834786,0.00448123437139694,0.0044807579592593,0.00447940202881669,0.00447724397668356,0.00447442516423858,0.0044711395891064,0.00446761835749345,0.00446411120986563,0.00446086658488788,0.00445811181652644,0.00445603504293275,0.00445477026672051,0.00445438675295572,0.00445488360024237,0.00445618990150585,0.00445817046340917,0.00446063661555033,0.00446336124415617,0.00446609685504571,0.00446859523144707,0.0044706271265309,0.00447200043207197,0.00447257539179314,0.00447227566476791,0.00447109436920441,0.00446909462790481,0.0044664045685752,0.00446320717200995,0.00445972577000516,0.00445620633691495,0.00445289796938271,0.0044500330936977,0.00444780896956391,0.00444637196551675,0.00444580586565378,0.00444612514620217,0.0044472737640639,0.00444912956319894,0.00445151396094835,0.00445420615475353,0.00445696072211524,0.00445952720684311,0.00446167012121507,0.00446318776051632,0.00446392832231724,0.00446380203708205,0.00446278833399028,0.00446093746481855,0.00445836645787622,0.00445524973308558,0.0044518051376815,0.00444827652603696,0.00444491428148853,0.00444195534221427,0.00443960433113343,0.00443801729557901,0.00443728934518893,0.00443744715920234,0.00443844694572245,0.00444017800418353,0.00444247159791727,0.00444511442066081,0.00444786557667717,0.00445047572101108,0.00445270684403322,0.00445435113972063,0.00445524747031801,0.00445529412780122,0.00445445688457163,0.00445277169972434,0.0044503418699595,0.00444732984973052,0.00444394438154363,0.00444042394654776,0.00443701784016991,0.00443396637078241,0.00443148175177557,0.00442973120334438,0.00442882360787984,0.00442880078726337,0.00442963410976798,0.00443122671208133,0.00443342117069264,0.00443601201717448,0.00443876210296302,0.00444142151149534,0.00444374750968399,0.00444552394157669,0.00444657850552715,0.00444679652419821,0.0044461301011511,0.004444601931552,0.00444230346408204,0.0044393875632315,0.00443605626306645,0.00443254460032175,0.00442910183053057,0.00442597153676142,0.00442337222150212,0.00442147992703207,0.00442041426499152,0.00442022896288824,0.00442090767165032,0.00442236535349654,0.00442445512209857,0.0044269799767971,0.00442970849187167,0.00443239321470483,0.00443479031416616,0.00443667892178323,0.00443787863509838,0.00443826380310885,0.00443777347160075,0.00443641620757328,0.00443426942152875,0.00443147323740465,0.0044282193908066,0.00442473603073241,0.00442126962393435,0.00441806538937178,0.00441534780832924,0.0044133027559671,0.00441206267908062,0.00441169600757165,0.00441220165109056,0.00441350902739396,0.00441548363012974,0.00441793770454272,0.00442064519088319,0.00442335974824003,0.00442583441759868,0.00442784134731521,0.00442918999898466,0.00442974237415877,0.00442942404008054,0.00442823006762867,0.00442622540349415,0.00442353964910997,0.00442035667158171,0.00441689988679066,0.00441341439875922,0.00441014742796336,0.00440732859658701,0.00440515164812437,0.00440375905898776,0.0044032307611301,0.00440357786040353,0.00440474183578608,0.00440659927069272,0.00440897173028556,0.00441163999085551,0.0044143614832076,0.00441688956138963,0.00441899307030822,0.00442047466786782,0.00442118645770647,0.00442104170018802,0.00442002167812521,0.004418177176447,0.00441562445989512,0.00441253606487115,0.00440912712809509,0.00440563832683004,0.00440231677644783,0.00439939639743891,0.00439707930945001,0.00439551973056607,0.0043948116641905,0.00439498136012107,0.00439598516206416,0.00439771292722162,0.00439999675744423,0.00440262435346051,0.00440535593089978,0.0044079433495378,0.00441014992703986,0.00441176934962459,0.00441264216103978,0.00441266850453246,0.00441181609448343,0.00441012277883107,0.00440769348833236,0.00440469181992697,0.00440132693388699,0.00439783682214179,0.00439446929513731,0.00439146221262302,0.00438902453782006,0.00438731972359223,0.0043864527503794,0.00438646184172364,0.00438731550615967,0.00438891512594433,0.0043911028710525,0.00439367429763804,0.00439639462442052,0.00439901739331882,0.00440130403391806,0.00440304278202857,0.00440406545776932,0.00440426078211863,0.00440358318553773,0.00440205641546417,0.00439977165620322,0.00439688030645411,0.00439358198255807,0.0043901086936264,0.0043867064366419,0.00438361566346884,0.00438105216415605,0.00437918988457731,0.00437814704960227,0.00437797670383392,0.00437866243138282,0.00438011960479341,0.00438220207487093,0.00438471378024117,0.00438742435969695,0.00439008752409121,0.00439246071772288,0.00439432449323874,0.00439550004691489,0.0043958635080474,0.00439535583454198,0.00439398751824079,0.00439183772214348,0.00438904792267798,0.00438581057365458,0.00438235370682785,0.0043789227067564,0.0043757607217662,0.00437308928061707,0.00437109066483894,0.00436989343998297,0.00436956228942095,0.0043700929467037,0.00437141261624039,0.00437338583722982,0.00437582531431643,0.00437850684475044,0.00438118714965068,0.00438362319264743,0.00438559145772391,0.00438690566480199,0.00438743152550079,0.0043870973751382,0.00438589984363542,0.00438390412026004,0.00438123879181726,0.00437808565820009,0.0043746653236299,0.00437121969805196,0.00436799279242314,0.00436521132990189,0.00436306670977485,0.00436169975468194,0.0043611894563429,0.00436154662603364,0.00436271297166756,0.00436456568960089,0.00436692721311612,0.00436957934317898,0.00437228063691832,0.00437478566986779,0.00437686463514472,0.00437832170849708,0.00437901070108916,0.0043788467394773,0.00437781303568679,0.00437596220801942,0.00437341205005814,0.00437033608881458,0.00436694969162393,0.00436349284150796,0.00436021096869558,0.0043573353770584,0.0043550648283822,0.00435354974844761,0.00435288030722021,0.00435307931533464,0.00435410049216175,0.00435583222870611,0.00435810653032567,0.00436071241707603,0.00436341271271104,0.004365962889624,0.00436813047575149,0.00436971348641458,0.00437055642522051,0.00437056259497024,0.00436970175201852,0.00436801250140332,0.00436559924054811,0.00436262388873901,0.00435929305393155,0.00435584165077392,0.0043525142628382,0.00434954571875876,0.00434714241716977,0.00434546588426353,0.00434461987914091,0.00434464208360435,0.0043455010467893,0.00434709863528256,0.0043492778025773,0.00435183507019984,0.00435453673505763,0.00435713751265537,0.00435940012303397,0.00436111424714921,0.00436211333284876,0.00436228790329706,0.00436159430001738,0.00436005815717155,0.00435777232761042,0.00435488943074198,0.00435160962724567,0.00434816460760899,0.00434479908076408,0.00434175124570855,0.00433923380887827,0.00433741706450705,0.00433641538510706,0.00433627818916006,0.00433698609047843,0.0043384525206597,0.00434053068385544,0.00434302528228118,0.00434570807327148,0.004348336016422,0.00435067056879158,0.00435249660185002,0.00435363944855605,0.00435397873756359,0.0043534579238226,0.00435208876373177,0.00434995038230424,0.00434718300613079,0.0043439768546765,0.00434055706260333,0.00433716582024356,0.00433404314321107,0.0043314077948966,0.00432943987599011,0.00432826646500981,0.00432795145582631,0.0043284904108893,0.00432981085439508,0.00433177799578552,0.00433420543622094,0.004336870008214,0.00433952956650924,0.00434194231163128,0.00434388610204091,0.0043451762064659,0.00434568006875197,0.00434532789717899,0.00434411822849802,0.0043421180229923,0.00433945728594265,0.00433631864943549,0.00433292275380328,0.004329510606818,0.00432632434029922,0.00432358790676774,0.00432148925600775,0.00432016540767767,0.00431969160286289,0.00432007539084893,0.00432125611096741,0.00432310979610329,0.00432545909289271,0.00432808739989293,0.00433075609721607,0.00433322350071007,0.0043352640388787,0.00433668613469244,0.00433734738050669,0.00433716581211306,0.00433612639648497,0.00433428222209465,0.0043317502949219,0.00432870226854922,0.00432535083890434,0.00432193287784838,0.00431869063627388,0.00431585249954154,0.00431361481787671,0.00431212625773,0.00431147592743495,0.00431168623242496,0.0043127110368789,0.00431443928521211,0.00431670380430216,0.00431929459662031,0.0043219755731014,0.00432450339161718,0.0043266468907655,0.00432820555838784,0.00432902555348484,0.00432901199777068,0.00432813655064624,0.00432643965772306,0.00432402729189743,0.0043210624526329,0.00431775211302976,0.00431433066786032,0.00431104121140818,0.0043081161439737,0.00430575865830517,0.00430412658487145,0.00430331988065671,0.00430337274752005,0.00430425099207431,0.004305854822569,0.00430802685008694,0.00431056465076498,0.0043132368840562,0.00431580168111485,0.0043180258424163,0.00431970332693134,0.00432067157630082,0.00432082438878247,0.00432012032783338,0.00431858600135849,0.00431631395296442,0.00431345533171666,0.00431020791688816,0.00430680043875189,0.00430347443013743,0.00430046504330461,0.00429798235346242,0.00429619463426372,0.0042952149356041,0.00429509203537985,0.00429580649534446,0.00429727214982234,0.00429934292276594,0.004301824438342,0.00430448950199835,0.00430709621743498,0.00430940729370238,0.00431120899922337,0.00431232824287978,0.00431264640820326,0.0043121088271366,0.00431072913326331,0.00430858814848653,0.00430582739609554,0.00430263776339691,0.00429924422680521,0.00429588786968632,0.00429280663924429,0.00429021638386007,0.00428829368196662,0.00428716182516222,0.00428688106533172,0.00428744389519296,0.00428877572757157,0.00429074090452714,0.00429315354283878,0.00429579234361877,0.00429841818765202,0.0043007931229608,0.00430269924194728,0.00430395595414986,0.00430443429004808,0.00430406711015416,0.00430285441846468,0.00430086336245814,0.00429822291635408,0.00429511366253188,0.00429175347573607,0.00428838024133286,0.00428523297334154,0.00428253282344242,0.00428046548333315,0.00427916637994475,0.00427870984980209,0.00427910316636519,0.00428028590640582,0.0042821347136171,0.00428447308744298,0.00428708542561828,0.0042897342077857,0.00429217895038202,0.00429419541409723,0.00429559352139811,0.00429623254561024,0.0042960323533903,0.00429497979874718,0.00429312975481337,0.00429060070111648,0.00428756522462775,0.00428423620352103,0.00428084978736596,0.00427764653978157,0.00427485225286363,0.0042726599669889,0.004271214630932,0.00427060162094714,0.00427084002218511,0.00427188119160146,0.00427361270193618,0.00427586734291858,0.0042784364577596,0.00428108654999902,0.00428357783754311,0.00428568328072218,0.00428720658034935,0.00428799772812472,0.00428796488558127,0.00428708165519332,0.00428538916917169,0.004282992830641,0.00428005396412617,0.00427677703251317,0.00427339342570614,0.00427014309781395,0.00426725550438266,0.00426493135228953,0.00426332661420021,0.00426254008140287,0.00426260545000191,0.00426348857929142,0.00426509015369737,0.00426725354964464,0.00426977728957185,0.00427243109353089,0.00427497424756768,0.00427717482102038,0.004278828194789,0.00427977341429038,0.00427990605216717,0.0042791865458997,0.0042776433416969,0.00427537059593969,0.00427252062287951,0.00426929169767332,0.00426591219589273,0.00426262234492957,0.00425965505344161,0.00425721735462615,0.00425547394303559,0.00425453411111392,0.00425444311689186,0.00425517865979935,0.00425665273358219,0.00425871869612221,0.00426118298168264,0.00426382051622127,0.00426639260861246,0.0042686658996789,0.00427043087020553,0.00427151844558128,0.00427181338684341,0.00427126341346607,0.00426988334049392,0.00426775390435224,0.00426501536836563,0.00426185640973692,0.00425849916255604,0.0042551815960512,0.00425213861938136,0.00424958340784612,0.00424769043271938,0.00424658154741999,0.00424631624394846,0.00424688686335647,0.0042482191502122,0.00425017811672183,0.00425257876042955,0.00425520079085609,0.00425780619475398,0.00426015823549442,0.00426204036263992,0.00426327351443869,0.00426373042593388,0.00426334579517869,0.00426212149063923,0.00426012638068446,0.00425749080078508,0.00425439610826578,0.00425106016930589,0.00424771994578869,0.00424461257781104,0.00424195647600064,0.00423993393596227,0.00423867666168624,0.00423825534496094,0.00423867411696577,0.00423987029788475,0.00424171945223905,0.00424404534043573,0.0042466339694895,0.00424925061974289,0.00425165849031605,0.00425363748449713,0.00425500165324628,0.0042556139246623,0.00425539695952472,0.00425433927512789,0.00425249615235734,0.00424998525472323,0.00424697730625437,0.00424368256261074,0.00424033413882891,0.00423716950637209,0.00423441162258198,0.00423225119138559,0.00423083146807328,0.00423023682009766,0.00423048595934554,0.00423153039402827,0.00423325823664136,0.00423550307727325,0.00423805722282957,0.00424068824871255,0.00424315754164486,0.00424523935170493,0.0042467388285181,0.0042475075940533,0.00424745559924213,0.00424655831059013,0.0042448586512331,0.00424246354461877,0.00423953534221596,0.0042362788259899,0.00423292483130899,0.00422971180741247,0.00422686679601033,0.00422458734966297,0.004223025829412,0.00422227732638354,0.00422237216126315,0.00422327354956751,0.00422488060668754,0.00422703643924644,0.00422954066628039,0.00423216536807371,0.00423467319618942,0.0042368362116421,0.00423845396133637,0.00423936936331937,0.00423948114672031,0.00423875186739476,0.00423721087017786,0.00423495196463216,0.00423212599488548,0.00422892888630239,0.00422558611066972,0.00422233479640888,0.00421940489718688,0.00421700090826599,0.00421528558129579,0.00421436693681827,0.00421428961729038,0.00421503127927436,0.00421650432063562,0.00421856281301027,0.00422101409617364,0.00422363411907668,0.00422618530858427,0.00422843553718722,0.00423017666713132,0.00423124118148317,0.00423151556836916,0.00423094938599219,0.00422955928092309,0.00422742763595122,0.00422469595709253,0.00422155353600725,0.00421822230510283,0.00421493910465262,0.00421193678271992,0.00420942563788526,0.00420757668594215,0.00420650808423799,0.00420627579033162,0.0042068691872895,0.00420821200829613,0.00421016847270484,0.00421255413565229,0.00421515058277609,0.00421772279875812,0.00422003782938834,0.00422188325924593,0.00422308404663126,0.00422351638931844,0.00422311752807042,0.00422189071406373,0.00421990494837391,0.0042172895151889,0.00421422374008274,0.00421092277826655,0.00420762054950262,0.00420455116505679,0.00420193031816365,0.00419993811804197,0.00419870473476037,0.00419829999920747,0.0041987277907169,0.00419992566958957,0.00420176979820244,0.00420408477129026,0.00420665757807221,0.00420925458299974,0.00421164016836095,0.00421359554876166,0.00421493625170648,0.00421552686112854,0.00421529183717515,0.00421422154163736,0.00421237298729849,0.00420986525553234,0.00420686995363739,0.00420359747964722,0.00420028019902373,0.00419715388664431,0.00419443892475372,0.00419232276036731,0.00419094501620694,0.00419038643207739,0.00419066250781556,0.0041917223453026,0.00419345277172133,0.00419568740330342,0.00419821991631033,0.00420082046347378,0.00420325393252984,0.00420529860271353,0.00420676372462325,0.00420750463400222,0.00420743420679426,0.00420652975459912,0.00420483481963304,0.00420245572720181,0.00419955316363919,0.00419632944030762,0.00419301244827008,0.00418983757248098,0.00418702899567911,0.00418478187035877,0.00418324677245817,0.00418251767752424,0.00418262442747477,0.00418353030040216,0.00418513488622325,0.00418728204524508,0.00418977232180544,0.00419237883081498,0.00419486535499257,0.00419700520666101,0.0041985993398661,0.00419949225658364,0.0041995844300001,0.004198840249575,0.00419729085150851,0.00419503160742224,0.00419221447404895,0.00418903582276207,0.00418572073231526,0.0041825050089614,0.00417961637428777,0.00417725632300709,0.0041755840975046,0.00417470405508781,0.00417465742859852,0.00417541912438863,0.00417689979670854,0.00417895301943641,0.00418138697597853,0.00418397973372302,0.00418649688709774,0.00418871016757088,0.00419041554664949,0.00419144940328504,0.00419170148283117,0.00419112362705627,0.00418973358612389,0.00418761361081962,0.00418490393604408,0.00418179166958135,0.0041784959606494,0.00417525061498219,0.00417228552754666,0.00416980840387096,0.00416798822411779,0.00416694176835836,0.00416672427879854,0.00416732500783174,0.00416866801669519,0.00417061817500602,0.00417299189536092,0.00417557175290633,0.00417812382311965,0.00418041635114415,0.00418223825958904,0.00418341601359604,0.00418382748985084,0.00418341173313513,0.0041821738146398,0.00418018440368805,0.00417757409240064,0.00417452293384002,0.00417124603576681,0.00416797636711994,0.00416494615810553,0.00416236838629826,0.00416041982885316,0.00415922702784621,0.00415885627726944,0.00415930841818155,0.00416051884658001,0.00416236272348723,0.00416466496133435,0.00416721418139478,0.00416977952653289,0.00417212899468585,0.00417404784385635,0.0041753556154339,0.00417592043142207,0.00417566943706351,0.00417459456666956,0.00417275318025527,0.00417026352099397,0.00416729534871889,0.00416405648436754,0.00416077632551518,0.00415768763599209,0.0041550080512029,0.00415292276461632,0.00415156977036706,0.00415102883976285,0.00415131511844328,0.00415237786569955,0.00415410444672367,0.00415632926771042,0.00415884694844621,0.00416142868773964,0.00416384051850205,0.00416586199222737,0.00416730379306782,0.00416802286601213,0.00416793384476053,0.00416701586359305,0.00416531420782953,0.00416293667099206,0.00416004491269836,0.00415684151527838,0.00415355378363038,0.00415041559158784,0.0041476487292899,0.00414544524083743,0.00414395215908738,0.00414325985050346,0.00414339489119042,0.00414431802965394,0.00414592738431764,0.00414806660854616,0.00415053736498224,0.00415311511287457,0.00415556695240106,0.0041576701101358,0.00415922960314654,0.0041600936880928,0.00416016587852855,0.00415941258389049,0.00415786576767732,0.00415562041462573,0.00415282700612404,0.00414967959613009,0.00414640042571065,0.00414322228791792,0.00414037003604208,0.00413804270167299,0.0041363976452696,0.00413553800268858,0.00413550443051303,0.00413627181410771,0.00413775121171841,0.00413979689326686,0.00414221792390055,0.0041447933736083,0.00414728993882454,0.00414948056631292,0.00415116258861746,0.00415217391806808,0.00415240599931403,0.00415181247866045,0.00415041289337933,0.00414829108695441,0.0041455884816953,0.00414249275268878,0.0041392228147594,0.00413601132912534,0.00413308613445671,0.00413065209026778,0.0041288747818013,0.00412786738038576,0.00412768169732255,0.00412830413365212,0.00412965683761923,0.00413160396598793,0.00413396253906574,0.00413651701718952,0.00413903643716302,0.00414129275044752,0.00414307891302292,0.00414422529709879,0.00414461312822151,0.00414418388849384,0.00414294394701935,0.00414096405438717,0.00413837373971245,0.00413535104826328,0.00413210842619857,0.00412887586639197,0.00412588264826232,0.00412333911652332,0.00412141994216535,0.0041202501961776,0.00411989535013491,0.00412035601067196,0.00412156781861998,0.00412340652965968,0.00412569787841729,0.00412823144633337,0.00413077743313031,0.00413310499547733,0.00413500068464072,0.00413628550225481,0.00413682920364173,0.0041365607009512,0.00413547373259888,0.00413362734486986,0.00413114114783599,0.00412818572915318,0.00412496900045128,0.0041217195771112,0.00411866852608368,0.00411603094198879,0.00411398882219848,0.00411267660607525,0.00411217052768556,0.00411248262139679,0.00411355984335901,0.00411528836312502,0.00411750267225248,0.00411999877948619,0.00412255044125537,0.00412492713698625,0.00412691236263276,0.00412832079502896,0.00412901297363368,0.0041289063442189,0.00412798179482461,0.00412628516785677,0.00412392362796142,0.00412105717157704,0.00411788594694911,0.00411463438273317,0.00411153337570305,0.00410880194534298,0.0041066298110986,0.00410516227930974,0.00410448864520176,0.00410463503726786,0.00410556228133082,0.00410716896637385,0.00410929948129058,0.00411175639160383,0.0041143161722722,0.00411674703950958,0.00411882745516186,0.00412036382294869,0.00412120595847971,0.00412125909018105,0.00412049142527738,0.00411893667324152,0.00411669132747345,0.00411390692802681,0.00411077792951722,0.00410752614940133,0.00410438304622653,0.00410157125146721,0.00409928683483913,0.00409768371690116,0.00409686146399196,0.00409685742742539,0.00409764384321266,0.0040991301140193,0.00410117008089675,0.00410357369417864,0.00410612214622172,0.00410858526122099,0.00411073976567785,0.00411238699633684,0.00411336864625738,0.00411357930452393,0.0041129748007079,0.00411157569891535,0.00410946566814742,0.00410678485591215,0.00410371878332752,0.00410048363473793,0.00409730910362194,0.00409442015247183,0.00409201913057413,0.00409026966631843,0.00408928361493506,0.00408911210745392,0.00408974142562917,0.00409109404311778,0.00409303475820808,0.00409538143544122,0.00409791950589171,0.00410041907473337,0.00410265327150067,0.00410441637232743,0.00410554023800859,0.00410590774783992,0.00410546215274219,0.00410421159864404,0.00410222845658748,0.00409964351277804,0.00409663548823989,0.00409341673674158,0.00409021627522046,0.00408726150785215,0.00408476010223432,0.00408288346140214,0.00408175310902579,0.00408143107166828,0.00408191501682411,0.00408313851872073,0.00408497641318587,0.00408725480306528,0.00408976491380973,0.00409227969768802,0.00409457186782633,0.00409643193117245,0.00409768479398989,0.00409820363152547,0.00409791993109178,0.00409682891716311,0.00409498992851491,0.00409252171594429,0.00408959303191885,0.00408640925506014,0.0040831961027582,0.00408018171412641,0.00407757851857955,0.00407556633022367,0.00407427801701764,0.00407378889002872,0.00407411066124902,0.0040751904568705,0.00407691497570362,0.00407911947574219,0.00408160088329073,0.00408413398142509,0.00408648938167964,0.00408845183910906,0.00408983744525815,0.0040905083230699,0.00409038364405584,0.0040894460800168,0.00408774316965044,0.00408538349343271,0.00408252796979227,0.0040793769755383,0.00407615432532404,0.00407308939574939,0.00407039882878091,0.00406826928045335,0.004066842589801,0.00406620454114167,0.00406637810244583,0.00406732166776109,0.00406893243609039,0.00407105464958128,0.00407349202453713,0.00407602337635234,0.0040784201931463,0.00408046476785049,0.00408196745941529,0.00408278172165369,0.00408281571192312,0.00408203956234309,0.00408048774148736,0.00407825632280475,0.00407549537476979,0.00407239706896486,0.00406918044053324,0.0040660740042017,0.00406329760276331,0.00406104492676953,0.00405946809130603,0.00405866549637598,0.00405867394408505,0.00405946565337771,0.00406095042319654,0.00406298277981029,0.0040653735425857,0.00406790488982133,0.00407034772763371,0.00407247997782627,0.00407410432001615,0.00407506396105563,0.00407525516270305,0.00407463552263862,0.00407322734757984,0.00407111585010845,0.00406844231417242,0.00406539277914893,0.00406218315575733,0.00405904197451544,0.00405619215233396,0.00405383323336759,0.00405212551676268,0.00405117733269638,0.0040510364773837,0.00405168648269133,0.00405304800437941,0.00405498520180441,0.00405731658815103,0.00405982948308252,0.00406229692038019,0.00406449567048327,0.00406622394946875,0.0040673174128385,0.00406766217248466,0.00406720381339285,0.00406595170138614,0.00406397824122678,0.00406141314073489,0.00405843313152124,0.00405524795721626,0.00405208373498126,0.00404916500318994,0.00404669687407722,0.00404484870725039,0.00404374060554104,0.00404343381431325,0.00404392579598503,0.00404515038008921,0.00404698298663121,0.00404925051712636,0.00405174513308215,0.00405424082591014,0.00405651145378831,0.00405834880094953,0.00405957921243241,0.00406007747053185,0.00405977679832494,0.00405867418536964,0.00405683060797316,0.00405436612975614,0.00405145028114803,0.00404828849411008,0.00404510568218732,0.00404212828311643,0.004039566203317,0.00403759610867157,0.00403634739247127,0.00403589193114938,0.00403623843260002,0.00403733181575624,0.0040390576606348,0.00404125136481264,0.00404371126851993,0.00404621469854519,0.00404853565583666,0.00405046274751067,0.00405181594727719,0.00405246086055607,0.0040523193676698,0.00405137580649022,0.00404967820971021,0.00404733450059584,0.00404450394467902,0.00404138452674481,0.0040381972464623,0.00403516857452124,0.00403251245982369,0.00403041331377162,0.00402901132063397,0.0040283912432123,0.00402857562333368,0.004029522932488,0.00403113083247029,0.00403324429325034,0.00403566792428746,0.00403818153963463,0.00404055771958857,0.004042579968318,0.00404406001184465,0.00404485284437337,0.00404486831239018,0.0040440783082526,0.00404251899978159,0.00404028791903977,0.00403753614384365,0.00403445620086287,0.00403126666637305,0.00402819470641229,0.0040254579576852,0.00402324719500242,0.00402171116308779,0.00402094477754861,0.00402098163129141,0.0040217913957027,0.00402328230968904,0.00402530854206037,0.00402768182975153,0.00403018646309491,0.00403259642961902,0.00403469335759567,0.0040362838368342,0.00403721474614068,0.00403738537945141,0.00403675541828228,0.00403534812384981,0.00403324849513822,0.0040305965346834,0.00402757615187401,0.00402440058017408,0.00402129545963341,0.00401848091926406,0.00401615407504173,0.00401447333301079,0.00401354575122189,0.00401341847483367,0.00401407493413852,0.00401543611511432,0.0040173668093011,0.00401968635493998,0.00402218302167585,0.00402463089464619,0.00402680790761443,0.00402851357941869,0.00402958503161783,0.00402991000296401,0.00402943581584233,0.0040281735734979,0.00402619725118185,0.00402363775774275,0.00402067244994554,0.00401751094515975,0.00401437837155551,0.00401149739820597,0.00400907048472651,0.00400726377056352,0.00400619388715722,0.00400591873513606,0.00400643294769934,0.00400766838845623,0.00400949963456692,0.00401175400167085,0.00401422530628321,0.00401669026567985,0.00401892623068503,0.00402072884782168,0.00402192825746005,0.00402240255100804,0.00402208742540531,0.00402098127314382,0.00401914530722108,0.00401669871201144,0.0040138092010529,0.00401067972282833,0.00400753236066527,0.00400459069898626,0.00400206205404727,0.00400012097997227,0.00399889536021394,0.00399845619173548,0.00399881188136327,0.0039999075206423,0.00400162921073399,0.00400381310304949,0.00400625843982915,0.00400874355580653,0.00401104356387427,0.00401294831132477,0.0040142791686201,0.00401490330316625,0.00401474429113625,0.00401378821507868,0.00401208475877156,0.00400974321320258,0.00400692371687148,0.0040038244374125,0.00400066572780407,0.00399767253101999,0.00399505644263438,0.00399299886306099,0.00399163658069239,0.00399105093115168,0.00399126138975604,0.00399222409654839,0.00399383541695155,0.00399594024129208,0.00399834435487776,0.00400082989288836,0.00400317265271502,0.00400515989012702,0.00400660718931739,0.0040073730744135,0.00400737021258443,0.00400657232843264,0.00400501628461462,0.00400279916189456,0.00400007056641531,0.00399702077075936,0.00399386562525328,0.00399082942996257,0.00398812711870156,0.00398594716457281,0.00398443656632501,0.00398368911562779,0.00398373788662751,0.0039845525528539,0.00398604175288819,0.00398806032623278,0.00399042085323006,0.00399290858558152,0.00399529857647381,0.00399737363839942,0.00399894168958702,0.00399985109987669,0.00400000280624395,0.00399935822425636,0.00399794231773918,0.00399584158042725,0.00399319709655641,0.00399019324402451,0.00398704295025652,0.00398397068286017,0.00398119453700444,0.00397890885445866,0.00397726876511863,0.0039763778815296,0.003976280116554,0.00397695626093727,0.0039783255802452,0.00398025229582433,0.00398255642834405,0.00398502813516724,0.00398744439592557,0.0039895867194716,0.00399125847199445,0.00399230046091103,0.00399260354673329,0.00399211728715633,0.0039908539299033,0.00398888743950059,0.00398634763608959,0.0039834099084408,0.0039802813099663,0.00397718413201009,0.00397433825166018,0.00397194365298967,0.0039701645100154,0.00396911609757946,0.00396885557474805,0.00396937738232214,0.00397061363289123,0.00397243947432362,0.0039746830074895,0.00397713897143386,0.00397958510623381,0.00398179988864059,0.00398358022307959,0.00398475766964853,0.00398521190444769,0.0039848803296336,0.00398376306246284,0.00398192290600258,0.00397948030701502,0.0039766037077149,0.00397349606771047,0.00397037864075719,0.00396747331065193,0.00396498490223747,0.00396308487953452,0.00396189772709599,0.00396149109360317,0.003961870474838,0.00396297884906141,0.00396470128127871,0.00396687411791299,0.00396929803225874,0.00397175388057849,0.00397402010998289,0.00397589033888576,0.00397718971945036,0.00397778879056224,0.00397761373022059,0.00397665220031804,0.00397495432263353,0.00397262870746347,0.00396983384691799,0.00396676555154516,0.00396364142104957,0.00396068357337711,0.00395810099575365,0.00395607291656416,0.00395473452286289,0.00395416616627283,0.00395438692294592,0.00395535302609174,0.00395696130324091,0.00395905735492752,0.00396144783402579,0.00396391585304649,0.00396623828915242,0.00396820359968786,0.00396962871970383,0.00397037368783981,0.00397035282843103,0.00396954159124058,0.00396797849764195,0.00396576203782127,0.00396304277325639,0.00396001128468047,0.00395688293567942,0.00395388067302796,0.00395121724068568,0.00394907823170961,0.00394760733311218,0.00394689493649314,0.00394697101039441,0.0039478027869311,0.00394929743451862,0.00395130949667895,0.00395365250011907,0.00395611380325735,0.00395847149981987,0.00396051203407218,0.00396204713498805,0.00396292873502765,0.00396306069837982,0.00396240643344538,0.00396099178853328,0.00395890300274841,0.0039562798739861,0.00395330468115429,0.00395018773114837,0.00394715066934161,0.00394440887370969,0.00394215432938056,0.00394054034403767,0.00393966931974894,0.00393958455772736,0.00394026675774001,0.00394163550420416,0.00394355563233375,0.00394584797333585,0.00394830362371903,0.0039507006012974,0.00395282155993383,0.00395447114791216,0.00395549161815239,0.0039557754344417,0.00395527385906175,0.00395400083327331,0.00395203184261579,0.00394949786116211,0.00394657486237166,0.00394346974041745,0.00394040377556536,0.00393759497346632,0.00393524069320251,0.00393350194823644,0.00393249062549411,0.00393226063374937,0.00393280367936383,0.00393404999700305,0.00393587396522968,0.00393810414736531,0.00394053695019778,0.00394295281270673,0.00394513364180709,0.00394688011546759,0.00394802748462715,0.00394845862556303,0.00394811331405141,0.00394699299203733,0.00394516065179262,0.0039427358453479,0.00393988521066125,0.00393680926067703,0.00393372647762048,0.00393085596827739,0.00392840005108015,0.00392652815514587,0.00392536331338213,0.00392497233088467,0.00392536041965706,0.00392647073498573,0.00392818885836401,0.00393035187838178,0.00393276135395898,0.00393519913106196,0.00393744475047948,0.00393929305235504,0.00394057056569293,0.00394114936846398,0.00394095730635756,0.00393998374943445,0.00393828042416598,0.00393595725583694,0.00393317355935752,0.00393012529014751,0.0039270293804785,0.00392410641759948,0.00392156305132253,0.00391957553893742,0.00391827574041239,0.00391774067437302,0.00391798645530233,0.00391896708147223,0.0039205781592356,0.00392266525953485,0.00392503623524027,0.00392747651379853,0.00392976614661176,0.00393169726337765,0.0039330905533303,0.00393380947428489,0.003933771068592,0.00393295253178998,0.00393139301579988,0.00392919052576201,0.00392649415559455,0.00392349227214298,0.0039203975762963,0.00391743021912643,0.00391480031031213,0.00391269120788121,0.00391124491701565,0.00391055075891184,0.00391063821489486,0.00391147452529311,0.00391296724800942,0.0039149715846916,0.00391730189674133,0.00391974649463672,0.00392208452124983,0.00392410358176443,0.00392561670980996,0.00392647730786158,0.00392659085991527,0.00392592247526189,0.00392449966036104,0.00392241010002871,0.00391979462800462,0.00391683595172381,0.00391374403843273,0.00391073933977548,0.00390803520349579,0.00390582087918109,0.00390424646979977,0.0039034110218379,0.00390335469705015,0.0039040556436225,0.00390543180662453,0.00390734751982241,0.00390962434044944,0.00391205525766471,0.00391442114607672,0.00391650816254296,0.00391812470988227,0.00391911662478108,0.00391937938973152,0.0039188664076148,0.00391759268953928,0.00391563366572347,0.00391311921043355,0.00391022334903837,0.00390715045842807,0.00390411905106914,0.00390134442404911,0.00389902154465378,0.00389730952918735,0.00389631895228085,0.00389610300468347,0.00389665321253457,0.00389790006606746,0.00389971851389425,0.00390193789304061,0.00390435551227726,0.00390675281137537,0.00390891280588102,0.0039106374180293,0.00391176330199201,0.00391217489404409,0.00391181364186988,0.00391068267260931,0.00390884652432537,0.00390642596364146,0.00390358831013421,0.00390053404977948,0.00389748081441598,0.00389464601077243,0.0038922294881612,0.00389039763024927,0.00388927014025896,0.00388891056797044,0.00388932132132442,0.00389044354493402,0.00389216186318326,0.00389431360373705,0.00389670176402884,0.00389911068592233,0.00390132318953406,0.00390313780598845,0.00390438474765002,0.00390493935851961,0.0039047319863585,0.00390375349799547,0.00390205600153519,0.00389974871770414,0.00389698932555483,0.00389397146381405,0.00389090937178476,0.00388802088137095,0.00388551010637673,0.00388355120337061,0.00388227449587286,0.00388175606781867,0.0038820116599159,0.0038829953647675,0.00388460323702004,0.0038866815410431,0.00388903898376497,0.00389146195814703,0.00389373158116674,0.00389564116648945,0.00389701273471739,0.00389771123651468,0.00389765534387912,0.00389682394084894,0.00389525779366327,0.00389305627005955,0.00389036937471499,0.00388738574246501,0.00388431755506291,0.0038813835943348,0.00387879179213435,0.00387672267247691,0.0038753150033813,0.00387465479534889,0.00387476851529972,0.00387562104833131,0.00387711855954706,0.00387911601613251,0.00388142876030248,0.00388384720710699,0.00388615349954288,0.00388813880219979,0.00388961986503559,0.00389045354719218,0.00389054815430989,0.00388987069721747,0.00388844950215671,0.00388637196682094,0.00388377763650852,0.00388084714362614,0.0038777878824199,0.00387481755072473,0.00387214685984273,0.00386996278054246,0.00386841365434989,0.0038675973571721,0.00386755346480442,0.00386826005339719,0.00386963539843984,0.00387154444505466,0.00387380954191898,0.00387622458952666,0.0038785714766285,0.00388063749039848,0.00388223230472695,0.00388320318462544,0.00388344718836865,0.00388291938877039,0.00388163645239421,0.00387967528812643,0.00387716687559026,0.00387428577447828,0.00387123616250608,0.00386823552408919,0.00386549729548972,0.00386321385377133,0.00386154120907442,0.00386058662099312,0.00386040012004393,0.00386097059701773,0.0038622267566932,0.00386404284828597,0.00386624870991903,0.00386864332427668,0.00387101080467416,0.00387313754012511,0.0038748291410305,0.00387592584798774,0.00387631518960023,0.00387594089097977,0.00387480732897784,0.00387297918220833,0.0038705763045581,0.00386776422726214,0.00386474103693559,0.00386172166167267,0.00385892080481995,0.00385653587856536,0.00385473129394565,0.0038536253576647,0.00385328081983388,0.00385369982986176,0.00385482371244173,0.00385653759495203,0.003858679528555,0.00386105338069343,0.00386344447049821,0.00386563669792078,0.00386742979786088,0.00386865533855362,0.00386919018016877,0.00386896631092534,0.00386797627024085,0.00386627372616943,0.00386396916492241,0.00386122104106502,0.00385822309930272,0.00385518888631402,0.00385233469794435,0.00384986233114298,0.00384794301987055,0.00384670383219803,0.00384621760465636,0.00384649720717323,0.00384749458705914,0.00384910465837521,0.0038511737154343,0.00385351169047688,0.00385590727566694,0.00385814470916698,0.00386002089743097,0.00386136152016552,0.00386203484507413,0.00386196216202326,0.00386112401506611,0.0038595617421531,0.00385737420015258,0.00385470993083638,0.00385175538413553,0.00384872012867836,0.00384582021878584,0.00384326103240417,0.00384122093723563,0.0038398370814792,0.00383919444409543,0.00383931902542031,0.00384017572980126,0.00384167111616726,0.0038436608039089,0.00384596095161698,0.00384836290116052,0.00385064982222852,0.00385261402537964,0.00385407355327534,0.00385488671766634,0.00385496341689472,0.00385427232766036,0.00385284339423667,0.00385076541482652,0.00384817892054794,0.00384526492378022,0.00384223044440614,0.00383929197676551,0.00383665821990638,0.00383451345013834,0.00383300286330773,0.00383222105510055,0.00383220455166841,0.00383292897342281,0.00383431104321121,0.00383621526742743,0.00383846475192065,0.00384085528889581,0.00384317159221023,0.00384520439027787,0.00384676702306392,0.0038477102344682,0.0038479339959552,0.00384739542954212,0.00384611220339196,0.00384416113044863,0.00384167208084948,0.00383881768902518,0.00383579966627647,0.00383283279616151,0.00383012787556403,0.0038278749534814,0.00382622820116269,0.003825293619713,0.00382512056613212,0.00382569777709328,0.00382695421598745,0.00382876468764071,0.00383095978372399,0.00383333937142925,0.00383568855024186,0.00383779480194747,0.00383946496226287,0.00384054065435223,0.00384091094451866,0.00384052120187609,0.00383937745052945,0.00383754586785833,0.00383514747322222,0.00383234843598114,0.00382934678195382,0.00382635656707921,0.00382359079078535,0.0038212444194283,0.00381947887425048,0.00381840921430423,0.0038180950273041,0.00381853574715786,0.00381967076489487,0.00382138431515121,0.00382351473667122,0.00382586735855939,0.00382822998298481,0.00383038973731977,0.00383214996422133,0.00383334581453087,0.00383385730958885,0.0038336188417575,0.00383262436663775,0.00383092788070234,0.00382863914603053,0.00382591499472808,0.00382294689473579,0.00381994575822265,0.00381712519552092,0.00381468454112908,0.0038127929960047,0.00381157614467103,0.00381110592358417,0.00381139484872013,0.00381239497261322,0.00381400166182882,0.00381606189938168,0.00381838645612088,0.00382076496685899,0.00382298271198875,0.00382483776275817,0.00382615711383052,0.00382681050675807,0.00382672083513928,0.00382587029765592,0.00382430180553723,0.00382211553132667,0.00381946087804772,0.00381652451896518,0.00381351547390031,0.00381064842125442,0.00380812657994738,0.00380612552619758,0.00380477923502072,0.00380416945786412,0.00380431927717082,0.00380519133943084,0.00380669089271161,0.00380867337534996,0.0038109559465531,0.00381333204040679,0.00381558778536924,0.0038175189838698,0.00381894730598394,0.00381973441924175,0.00381979294353228,0.00381909336990087,0.00381766639714391,0.00381560049958308,0.00381303491633169,0.00381014861492182,0.00380714609960877,0.00380424118294447,0.00380164000144689,0.00379952462060203,0.00379803853350334,0.00379727521117209,0.003797270621802,0.00379800032131708,0.00379938135508986,0.00380127882837484,0.00380351662968955,0.00380589145690379,0.00380818902854011,0.00381020118554923,0.00381174251548052,0.00381266516664129,0.00381287066235335,0.00381231776511921,0.00381102575899687,0.00380907288860335,0.00380659008317465,0.00380375047228208,0.00380075553718325,0.00379781901196295,0.00379514982810841,0.00379293546860636,0.00379132705806729,0.00379042737071217,0.00379028270319444,0.00379087925196155,0.00379214427620893,0.00379395194446348,0.00379613338840788,0.00379849015524792,0.00380080998636338,0.00380288367204435,0.00380452164978378,0.00380556903356479,0.00380591788562546,0.0038055157624088,0.00380436986337598,0.00380254645822823,0.00380016563727647,0.00379739179563957,0.00379442059898719,0.00379146345939105,0.00378873074910658,0.00378641508066196,0.00378467597766109,0.00378362715496236,0.00378332742650262,0.00378377597538882,0.00378491237359425,0.00378662135703216,0.00378874198031556,0.00379108042628012,0.00379342545356118,0.00379556525155531,0.00379730435411102,0.00379847925447494,0.00379897146775121,0.00379871699360287,0.00379771142125097,0.00379601026718895,0.00379372451802579,0.00379101173783167,0.00378806345851179,0.00378508987030812,0.00378230304220534,0.00377990001444111,0.00377804711213664,0.00377686673008256,0.00377642763908581,0.00377673957827347,0.0037777525507695,0.00377936086425364,0.00378141158433999,0.00378371672392147,0.00378606819878434,0.00378825436127841,0.00379007679958503,0.00379136607208816,0.00379199513462713,0.00379188940295692,0.00379103265786134,0.00378946832694961,0.00378729604153859,0.00378466374027836,0.00378175594225478,0.00377877911337722,0.00377594527930588,0.0037734551796807,0.00377148229966917,0.00377015904959472,0.00376956619521444,0.00376972638462264,0.00377060229492343,0.0037720995573857,0.00377407423962701,0.00377634429614949,0.00377870407591444,0.00378094072741374,0.00378285118914131,0.00378425840649551,0.00378502547640296,0.00378506658414402,0.00378435385293725,0.00378291955666859,0.0037808535210212,0.0037782959249834,0.0037754260821018,0.00377244810222804,0.00376957458557408,0.00376700965948789,0.00376493271792289,0.00376348416005794,0.00376275425748709,0.00376277602664375,0.00376352266510844,0.00376490974832076,0.00376680200302926,0.0037690241078724,0.00377137465323018,0.0037736421482512,0.00377562180808235,0.00377713179620137,0.00377802763918352,0.00377821367430874,0.00377765062569311,0.003776358712443,0.00377441604521988,0.00377195243700358,0.00376913911347457,0.0037661751329168,0.00376327158862959,0.00376063484458608,0.00375845013188248,0.00375686680541364,0.00375598643220332,0.00375585466450726,0.00375645755537563,0.0037577226218419,0.00375952458003147,0.00376169530099722,0.00376403719787373,0.00376633897970591,0.00376839251501497,0.0037700094547405,0.00377103628009804,0.00377136656683047,0.00377094948214597,0.00376979383388135,0.00376796734825294,0.00376559123569036,0.00376283048382184,0.00375988066062983,0.00375695228931354,0.00375425404736033,0.00375197613289632,0.00375027512625636,0.00374926155394971,0.00374899114277528,0.00374946045156593,0.00375060721454048,0.00375231535530022,0.00375442426349649,0.0037567415923149,0.00375905855768835,0.00376116652264803,0.00376287355109534,0.00376401962269084,0.00376448931058005,0.00376422092433649,0.00376321139668274,0.00376151652618503,0.0037592465550903,0.00375655743123902,0.00375363844365388,0.00375069720627601,0.00374794317405797,0.00374557099557358,0.0037437450246934,0.00374258622523355,0.00374216251289662,0.00374248330621208,0.00374349872700379,0.0037451035256795,0.00374714543142641,0.00374943726981798,0.00375177188242527,0.00375393865483303,0.00375574033081286,0.00375700876816769,0.00375761837412869,0.0037574961400133,0.00375662746626729,0.00375505731033565,0.00375288657008313,0.00375026399905736,0.00374737430516028,0.00374442338701911,0.00374162189177467,0.0037391684139709,0.00373723368191707,0.00373594699176045,0.0037353859620059,0.00373557041330274,0.00373646085206143,0.00373796167273999,0.0037399288171158,0.00374218127115999,0.00374451547540256,0.00374672149979197,0.00374859970292357,0.00374997656220308,0.00375071842653646,0.00375074210485321,0.00375002145359856,0.00374858944439412,0.00374653555070587,0.00374399865945668,0.00374115606354978,0.00373820940045949,0.0037353686466586,0.00373283543548507,0.00373078702182055,0.00372936216684338,0.00372865006640437,0.00372868320939056,0.00372943474404372,0.00373082057232037,0.00373270601363178,0.00373491651255447,0.00373725154093855,0.00373950058819903,0.00374145996356991,0.00374294906494074,0.00374382480861258,0.00374399306110135,0.0037434161552834,0.00374211588779754,0.00374017175755552,0.00373771458864802,0.00373491605388032,0.00373197494515755,0.00372910129520491,0.00372649962212452,0.003724352634365,0.00372280669558921,0.00372196020764635,0.0037218558333734,0.00372247716856405,0.00372375011359472,0.00372554882253802,0.00372770574962403,0.00373002499262074,0.00373229787202772,0.0037343195066694,0.00373590506904791,0.00373690443488528,0.00373721407386071,0.00373678524753776,0.00373562786867635,0.00373380971524897,0.00373145105910586,0.00372871513303181,0.00372579518874573,0.00372289916585466,0.0037202331802147,0.00371798513749522,0.00371630977439927,0.00371531632146238,0.00371505977399275,0.00371553647058932,0.00371668433793905,0.00371838779264346,0.00372048692059429,0.00372279020884926,0.00372508981463163,0.00372717814943785,0.00372886445151215,0.00372999002203487,0.00373044090520764,0.00373015699284357,0.00372913681890716,0.00372743765841383,0.00372517092700386,0.00372249325632164,0.00371959396439328,0.00371667992584089,0.00371395905487781,0.00371162372640868,0.00370983546342784,0.00370871211036182,0.00370831850517447,0.00370866138049508,0.00370968888943791,0.00371129478720387,0.00371332692952978,0.003715599404077,0.00371790732306218,0.00372004309982224,0.00372181292139963,0.00372305211724173,0.00372363821056382,0.00372350062057099,0.00372262624938199,0.00372106051491493,0.00371890375065589,0.00371630325579349,0.00371344161943279,0.00371052223730473,0.00370775316497673,0.00370533058660205,0.00370342320998194,0.00370215882653358,0.00370161410694582,0.00370180845228827,0.00370270240169506,0.0037042007339263,0.00370616002212546,0.0037084000432891,0.00371071813619788,0.00371290536559984,0.00371476320227754,0.00371611938164952,0.00371684166631296,0.00371684840738721,0.00371611505938658,0.00371467612854176,0.00371262239855996,0.00371009365555018,0.00370726749750774,0.00370434513162415,0.00370153530415596,0.00369903765165351,0.0036970268017338,0.00369563848813779,0.00369495878395224,0.00369501730707395,0.00369578493065974,0.00369717616718661,0.00369905602226254,0.00370125076449282,0.00370356175360115,0.00370578122953629,0.00370770880936231,0.00370916738308736,0.00371001715118173,0.00371016669834675,0.00370958023324736,0.00370828042321682,0.00370634659725444,0.00370390845687259,0.00370113579221886,0.00369822501741158,0.0036953835875217,0.00369281352468259,0.00369069535440643,0.00368917372884559,0.00368834588702906,0.00368825387803986,0.00368888117121981,0.00369015392763421,0.00369194683950438,0.00369409308407301,0.00369639760816803,0.0036986526857126,0.00370065450075549,0.00370221942427059,0.0037031986803131,0.00370349022861471,0.00370304691230444,0.00370188021578058,0.00370005932958718,0.00369770559909125,0.00369498280743858,0.0036920840769432,0.00368921644065583,0.00368658431957406,0.00368437322780252,0.00368273500886965,0.00368177578004524,0.00368154753888261,0.00368204408918357,0.00368320159870777,0.0036849037345608,0.00368699096021662,0.00368927324832396,0.00369154519404177,0.00369360232764802,0.00369525733578035,0.00369635491142781,0.0036967840612778,0.00369648689853418,0.00369546322667027,0.00369377055287201,0.00369151953073683,0.00368886519073387,0.0036859946477098,0.0036831122539476,0.00368042337178015,0.00367811805237957,0.00367635591601676,0.00367525343432662,0.00367487462711968,0.00367522592030773,0.00367625558528761,0.00367785781612297,0.00367988112818721,0.00368214041329943,0.00368443169229614,0.00368654838905955,0.00368829782542331,0.003689516614399,0.00369008371449089,0.0036899300960263,0.00368904424517917,0.00368747306721967,0.00368531811889832,0.00368272747320913,0.00367988387063847,0.0036769901108949,0.0036742528605665,0.00367186617513519,0.00366999605021301,0.00366876722971089,0.00366825331698544,0.00366847097159022,0.00366937864706308,0.003670879960177,0.00367283141131308,0.00367505383134841,0.00367734663979807,0.00367950378168117,0.00368133008129799,0.00368265671995523,0.0036833546151873,0.00368334464610014,0.00368260391911356,0.00368116758031793,0.00367912603079918,0.00367661776310638,0.00367381838242693,0.00367092667764647,0.00366814884161472,0.00366568208865592,0.00366369896861804,0.00366233362507942,0.00366167109338061,0.00366174049403862,0.00366251266919494,0.00366390245900278,0.00366577544729762,0.00366795864833765,0.00367025428723855,0.00367245557426169,0.00367436321075944,0.00367580130553745,0.00367663142702485,0.00367676366385684,0.00367616380407269,0.00367485605498211,0.00367292108710149,0.00367048956420437,0.00366773168383327,0.00366484356973515,0.00366203160725712,0.00365949597675322,0.00365741470372954,0.00365592949984294,0.00365513451972726,0.00365506892052546,0.00365571380632472,0.00365699379204623,0.0036587830549694,0.00366091538447849,0.00366319742256428,0.00366542403755011,0.0036673946108973,0.00366892895042575,0.00366988157454522,0.00367015323952251,0.00366969879899497,0.00366853077628721,0.00366671837008535,0.00366438197284438,0.00366168363151151,0.00365881419849562,0.00365597818504434,0.0036533775163187,0.00365119547801726,0.00364958212948531,0.00364864234190349,0.0036484274149989,0.00364893094715162,0.00365008929935295,0.00365178662655003,0.00365386408150885,0.0036561324602154,0.00365838728250673,0.0036604251065604,0.00366205977397272,0.0036631372827027,0.00366354809201647,0.00366323587042794,0.00366220198579898,0.00366050537956622,0.00365825783651651,0.00365561503070527,0.00365276406909504,0.00364990853746514,0.00364725225152384,0.00364498301351369,0.00364325766742584,0.0036421896394522,0.00364183995268836,0.0036422124278215,0.00364325344411828,0.00364485626710767,0.00364686958545914,0.0036491095702094,0.00365137449685173,0.0036534607712956,0.00365517908943812,0.00365636944949247,0.00365691382998897,0.00365674553526155,0.00365585447504552,0.00365428796313384,0.0036521469697898,0.00364957812018574,0.0036467620687919,0.00364389916791111,0.00364119356275909,0.00363883697008418,0.00363699342514157,0.0036357862105,0.00363528801198953,0.00363551509254894,0.00363642595456177,0.00363792460384066,0.00363986816306272,0.00364207823611215,0.00364435512261956,0.00364649374886733,0.00364830003944429,0.00364960641736553,0.00365028519077505,0.00365025875343902,0.0036495057798809,0.00364806291632419,0.00364602183185356,0.0036435218700623,0.00364073889623142,0.00363787123848268,0.00363512385080935,0.00363269196571907,0.00363074554379613,0.00362941576160242,0.00362878461171241,0.00362887843467439,0.00362966588607286,0.00363106048947893,0.0036329275641484,0.00363509497089483,0.00363736681728448,0.00363953902985608,0.00364141555640886,0.00364282391594447,0.00364362886891298,0.00364374313029355,0.00364313428138669,0.00364182733562325,0.00363990275587302,0.00363749007852572,0.00363475764543264,0.00363189925247833,0.00362911876897094,0.00362661394465172,0.00362456068693717,0.00362309905545581,0.00362232208829359,0.00362226835490303,0.00362291883893326,0.00362419841030486,0.00362598177703317,0.0036281034463424,0.00363037090324093,0.00363257995815971,0.00363453104084255,0.00363604513791596,0.00363697809523061,0.00363723213495555,0.00363676366224796,0.0036355867364743,0.00363377193059638,0.00363144067164438,0.00362875551787849,0.00362590715588086,0.00362309916480316,0.00362053177147172,0.00361838589563814,0.00361680875656336,0.00361590218502693,0.00361571456762573,0.00361623705784353,0.00361740434447244,0.00361909990330514,0.00362116530450642,0.0036234128316836,0.00362564041007818,0.00362764765891961,0.00362925179359479,0.00363030211764622,0.00363069196121986,0.00363036712781269,0.00362933018563379,0.00362764026377684,0.00362540836604363,0.00362278857083097,0.00361996581294668,0.00361714121295961,0.00361451611111574,0.00361227606546485,0.00361057608231437,0.00360952825747001,0.00360919281982652,0.00360957329741881,0.00361061619537298,0.00361221521652157,0.00361421969702838,0.0036164465945848,0.00361869507869822,0.00362076255697055,0.00362246085146923,0.00362363122776646,0.00362415707371669,0.00362397321325771,0.00362307110727389,0.00362149952174222,0.00361936060960482,0.00361680172535516,0.00361400363513293,0.00361116607095699,0.00360849178606424,0.00360617038651775,0.00360436323247261,0.00360319061528831,0.00360272222891652,0.00360297168406293,0.00360389548846255,0.00360539656352432,0.00360733201114479,0.00360952450874877,0.00361177642220441,0.00361388551167704,0.00361566098362872,0.00361693862034887,0.00361759379434201,0.00361755134145318,0.00361679151320519,0.00361535153843235,0.00361332267175721,0.00361084296207555,0.00360808630977246,0.00360524867327132,0.00360253251299753,0.00360013070467223,0.00359821119909163,0.00359690364719661,0.00359628905420013,0.00359639328975583,0.00359718498027436,0.00359857796384336,0.00360043812236367,0.00360259405079637,0.00360485071308341,0.00360700499530003,0.00360886191549582,0.00361025019517833,0.00361103594388991,0.00361113335617068,0.0036105115604492,0.00360919707145585,0.00360727165271337,0.00360486576337961,0.00360214811656984,0.00359931218844496,0.00359656076308049,0.00359408975451474,0.00359207260063067,0.00359064647169779,0.00358990138736097,0.00358987310265824,0.00359054032272053,0.00359182645911127,0.00359360577711334,0.00359571343459948,0.00359795860807407,0.00360013966195245,0.00360206015891553,0.00360354444406588,0.00360445157036435,0.00360468646586792,0.00360420746295711,0.00360302959690116,0.0036012234132488,0.00359890937658782,0.00359624832070766,0.00359342869383509,0.00359065160594113,0.00358811485856386,0.00358599721967919,0.00358444419146017,0.00358355640625652,0.0035833815809449,0.00358391067703746,0.00358507857836499,0.00358676923913092,0.00358882490063045,0.00359105864994519,0.0035932693226231,0.00359525755775977,0.00359684171788964,0.00359787239694183,0.00359824435407713,0.00359790491746259,0.00359685818347269,0.00359516467353652,0.00359293647725851,0.00359032827532589,0.00358752496677741,0.00358472689528668,0.00358213385872568,0.00357992918187928,0.00357826512540204,0.00357725079352968,0.003576943498051,0.00357734425626319,0.00357839777072601,0.00357999688385912,0.00358199114603893,0.00358419880887676,0.00358642128429114,0.00358845891874409,0.00359012683426842,0.00359126958702447,0.00359177348740727,0.00359157560793376,0.00359066876606723,0.00358910208921312,0.00358697711973764,0.0035844397682011,0.0035816687468587,0.00357886139214286,0.00357621799493207,0.00357392588138321,0.00357214451009162,0.00357099277033533,0.00357053949128303,0.00357079792073217,0.00357172462248141,0.00357322289299575,0.00357515043529809,0.00357733068262747,0.00357956686904415,0.00358165772426161,0.00358341354007171,0.00358467132325396,0.00358530781859072,0.00358524935421906,0.00358447771846577,0.00358303159909951,0.00358100347302873,0.0035785321979267,0.00357579190098778,0.00357297805830191,0.00357029188481269,0.00356792428775187,0.00356604066522874,0.00356476775834754,0.00356418359947342,0.00356431135297211,0.00356511753343548,0.0035665147334003,0.00356836862996574,0.0035705087013886,0.00357274179726687,0.00357486748663098,0.00357669396969603,0.00357805329311211,0.00357881466358604,0.00357889480849968,0.00357826456917125,0.00357695120955792,0.00357503625723998,0.00357264904295398,0.00356995644575609,0.00356714965441251,0.00356442899315595,0.00356198801149531,0.00355999809509446,0.00355859481736797,0.00355786712094339,0.00355785019904877,0.00355852265275455,0.00355980815640469,0.00356158150299659,0.0035636785539973,0.00356590930817049,0.00356807305197146,0.00356997438093207,0.003571438806289,0.00357232669361327,0.00357254441607586,0.00357205182935004,0.00357086546865881,0.00356905721048467,0.00356674850719342,0.00356410066157073,0.00356130192713709,0.00355855247158377,0.00355604840711356,0.00355396616319431,0.0035524484489753,0.00355159292386071,0.00355144447421973,0.00355199170162334,0.0035531678903899,0.00355485636765355,0.00355689982298589,0.00355911284164826,0.00356129665125776,0.00356325490873018,0.00356480927704259,0.00356581356269854,0.00356616529983029,0.00356581386691371,0.0035647644945283,0.00356307784790213,0.00356086521858674,0.00355827970501954,0.00355550407520963,0.00355273626557465,0.0035501736602748,0.00354799739809396,0.00354635795592603,0.00354536315692716,0.00354506955826804,0.0035454779072594,0.00354653303625133,0.00354812821666476,0.00355011363503067,0.00355230831930438,0.00355451456374695,0.00355653370039299,0.00355818195812251,0.00355930514152121,0.00355979095184144,0.00355957795816279,0.00355866049654574,0.00355708910550566,0.00355496646690376,0.00355243918143278,0.00354968604034648,0.00354690373576636,0.00354429115761979,0.00354203353679003,0.00354028770122955,0.00353916961689527,0.00353874519968968,0.00353902512340441,0.00353996403013906,0.00354146419715828,0.00354338335766922,0.00354554604422266,0.00354775754903759,0.00354981939374657,0.00355154508412153,0.00355277490251553,0.0035533885671468,0.00355331475873861,0.00355253676564402,0.00355109380517355,0.00354907791678787,0.0035466266690212,0.00354391225247978,0.00354112781950187,0.0035384721510308,0.00353613386394059,0.00353427640888442,0.0035330250493919,0.00353245686155794,0.00353259455843338,0.00353340463993291,0.00353480002278673,0.00353664694655554,0.00353877561078176,0.00354099370043407,0.00354310172346461,0.00354490893481,0.00354624857051311,0.00354699116971457,0.00354705491593109,0.00354641216804492,0.00354509165662801,0.00354317616966152,0.00354079591588756,0.00353811810268965,0.00353533356829294,0.00353264154121249,0.00353023374717204,0.00352827913461945,0.00352691043903363,0.00352621365501956,0.00352622124686808,0.00352690962601028,0.00352820108469193,0.00352997002477584,0.00353205298205337,0.00353426164474617,0.00353639782676266,0.00353826920438177,0.00353970457102912,0.00354056740806105,0.00354076670266662,0.00354026415819891,0.00353907722544125,0.00353727771535263,0.0035349861053731,0.0035323619903808,0.00352959142957925,0.003526872183462,0.00352439800520919,0.00352234323276908,0.00352084890905564,0.00352001153676765,0.00351987536401804,0.00352042881851821,0.00352160538335771,0.00352328885715208,0.00352532258922208,0.003527521956442,0.00352968908434292,0.00353162863523063,0.00353316340232857,0.00353414846360499,0.00353448276028685,0.00353411716822067,0.0035330584123856,0.00353136851212352,0.00352915980565924,0.00352658595625981,0.00352382966264775,0.00352108806019771,0.00351855698537647,0.00351641536565849,0.00351481098199891,0.00351384873483338,0.00351358234094427,0.00351401011461369,0.00351507516149975,0.00351666996111142,0.00351864496306664,0.0035208205047967,0.00352300109998039,0.003524990965059,0.00352660955604947,0.00352770588677231,0.00352817049569057,0.00352794411624865,0.00352702236852487,0.0035254561041844,0.00352334737700152,0.00352084135391025,0.00351811480262593,0.00351536206532522,0.00351277962878104,0.00351055051226869,0.00350882970886554,0.00350773183520953,0.0035073219755018,0.00350761045717707,0.00350855198457911,0.00351004920830955,0.00351196045212901,0.00351411098639587,0.00351630695252089,0.00351835082823682,0.00352005719655429,0.00352126755444866,0.0035218629738558,0.00352177359997006,0.00352098422488319,0.00351953548881008,0.00351752061313807,0.00351507793085937,0.00351237981869807,0.00350961892178762,0.00350699277435839,0.00350468804549019,0.0035028656692338,0.00350164804818903,0.00350110935046023,0.00350126966551064,0.00350209347035137,0.00350349251393196,0.00350533288142155,0.00350744567335415,0.00350964044917452,0.00351172036460039,0.00351349779915131,0.00351480923619723,0.00351552822218942,0.00351557538501452,0.00351492472150236,0.003513605656449,0.0035117007095782,0.00350933895482814,0.00350668578798054,0.00350392980813469,0.00350126784654024,0.00349888932688014,0.00349696119959538,0.00349561464995002,0.00349493463768182,0.00349495310055908,0.00349564636680598,0.0034969369931365,0.00349869989592426,0.00350077229681494,0.00350296669169583,0.00350508580508114,0.00350693833348356,0.00350835422021676,0.00350919824026679,0.00350938080466906,0.00350886511367721,0.00350767008306238,0.0035058688121243,0.00350358272221371,0.00350097183963794,0.0034982220023218,0.0034955300153144,0.00349308794617903,0.00349106781983693,0.00348960793545259,0.00348880189120979,0.00348869118259203,0.00348926195530504,0.00349044616479094,0.00349212704292053,0.00349414842758965,0.00349632720418112,0.00349846786564873,0.00350037803677629,0.00350188373599913,0.0035028431693137,0.00350315796619793,0.0035027809706163,0.00350171997411156,0.00350003709809951,0.00349784387292528,0.00349529239824573,0.00349256327948883,0.00348985129349854,0.00348734991902461,0.00348523595798999,0.00348365546619146,0.00348271211092706,0.00348245888586748,0.00348289385128341,0.00348396024814992,0.00348555098392124,0.00348751713734563,0.00348967980929219,0.00349184437947373,0.00349381603387442,0.00349541532079711,0.00349649248688328,0.00349693944135907,0.00349669838836666,0.00349576643546197,0.00349419580896449,0.00349208965985808,0.00348959380003666,0.00348688503717925,0.00348415704794704,0.00348160492168412,0.00347940960871526,0.00347772351377552,0.00347665838415832,0.00347627645707281,0.00347658556462332,0.00347753857313403,0.00347903718758643,0.00348093980998289,0.00348307282468731,0.00348524441383714,0.00348725980333843,0.00348893672592049,0.00349011987482139,0.003490693208352,0.00349058913926355,0.00348979388702166,0.00348834856962168,0.00348634594572258,0.00348392306250203,0.00348125038964353,0.00347851829709225,0.00347592194305269,0.00347364576584339,0.00347184880941716,0.00347065205162287,0.00347012874804322,0.00347029856476887,0.00347112597238235,0.00347252303617082,0.00347435638914554,0.00347645783992512,0.00347863777329991,0.00348070027376015,0.00348245876234075,0.00348375089557998,0.00348445153366263,0.00348448273745333,0.00348381999067412,0.00348249414680605,0.00348058894564356,0.00347823430179583,0.00347559590685983,0.00347286198192867,0.00347022824493564,0.00346788229913676,0.00346598869196981,0.00346467583431827,0.00346402581645848,0.00346406792389483,0.00346477636217618,0.00346607236517448,0.00346783051108618,0.00346988873434305,0.00347206122971447,0.00347415322090298,0.0034759764242053,0.00347736398556726,0.00347818371029977,0.00347834853876454,0.00347782344039858,0.00347662818396512,0.00347483576814274,0.00347256663664223,0.00346997913171578,0.00346725693651544,0.0034645944971429,0.00346218157801566,0.0034601881744001,0.00345875097899502,0.00345796247929181,0.00345786355841812,0.00345844019763301,0.00345962455272414,0.00346130032582055,0.00346331200917173,0.0034654772674912,0.00346760147401872,0.00346949324097357,0.00347097970170197,0.00347192031870111,0.00347221810926596,0.00347182738855452,0.00347075740982689,0.00346907161039609,0.00346688252441783,0.00346434277266468,0.00346163285565971,0.00345894673245315,0.00345647634190401,0.00345439630448346,0.00345285002566785,0.00345193830803061,0.00345171137549227,0.00345216493619071,0.00345324058507667,0.00345483050229712,0.00345678606605497,0.00345892969220811,0.00346106895881381,0.00346301189291,0.00346458220607696,0.00346563327302857,0.00346605975077069,0.00346580592350876,0.00346487011538691,0.00346330482158454,0.00346121254616677,0.00345873767518716,0.00345605502689797,0.00345335598235188,0.0034508332905689,0.00344866574965775,0.00344700397960363,0.00344595841981026,0.00344559050973686,0.00344590775902198,0.00344686310614277,0.00344835862594821,0.00345025330073242,0.00345237424260262,0.00345453047422405,0.00345652816624792,0.00345818611149603,0.00345935019675165,0.00345990571264348,0.00345978651413609,0.00345898029632138,0.003457529563013,0.00345552821268968,0.00345311401819349,0.00345045760514686,0.0034477488144431,0.00344518154414427,0.00344293828700694,0.00344117560025485,0.00344001166374824,0.00343951691154348,0.00343970847596067,0.00344054888049352,0.00344194907900207,0.00344377558986318,0.00344586114638889,0.0034480180087899,0.00345005287937189,0.0034517822425572,0.00345304691973642,0.00345372468901168,0.0034537399711005,0.00345306981571761,0.00345174571733382,0.00344985111857441,0.0034475147972516,0.00344490065578765,0.00344219471717625,0.00343959035614249,0.0034372729364013,0.00343540507189708,0.00343411368019195,0.00343347985684642,0.00343353238148684,0.00343424538257815,0.00343554035759577,0.00343729239519103,0.00343934010757805,0.00344149848409608,0.00344357364327242,0.00344537830685721,0.00344674675728103,0.0034475480775021,0.0034476966089444,0.00344715878801787,0.00344595581428313,0.00344416193850143,0.0034418985101681,0.00343932426454961,0.00343662263124714,0.00343398708431749,0.00343160570828441,0.00342964621371228,0.00342824259692694,0.00342748450450933,0.00342741014468165,0.00342800330223029,0.00342919468520437,0.00343086748730136,0.00343286671641784,0.00343501154226746,0.00343710967769801,0.00343897264967808,0.00344043075011001,0.00344134648703148,0.00344162547769695,0.00344122392565326,0.00344015209061587,0.00343847347503589,0.00343629979063764,0.00343378210268306,0.00343109885070989,0.00342844168944305,0.00342600026654983,0.00342394714260748,0.00342242405329353,0.0034215306105946,0.00342131634589026,0.00342177673126292,0.00342285350050606,0.00342443925235413,0.00342638597869882,0.00342851684505197,0.00343064028594483,0.00343256528908778,0.00343411664557344,0.00343514894522547,0.00343555819466245,0.00343529012397402,0.00343434451348444,0.00343277519415301,0.00343068572539085,0.00342822110138621,0.00342555615377245,0.00342288158162124,0.00342038872959746,0.00341825433470087,0.00341662646096791,0.00341561274042009,0.00341527184935233,0.00341560888989333,0.00341657503743177,0.00341807147612647,0.00341995730244417,0.00342206076004797,0.00342419290670812,0.00342616262615213,0.00342779179641403,0.00342892941616147,0.0034294635727825,0.00342933030685224,0.00342851867453912,0.0034270716110548,0.00342508252836128,0.00342268791375974,0.00342005650969768,0.00341737592655586,0.00341483774653989,0.00341262229891897,0.00341088431411027,0.00340974059615166,0.00340926069667052,0.00340946133949044,0.00341030504898615,0.00341170309949789,0.00341352255622216,0.00341559685030228,0.00341773904850507,0.00341975676129911,0.00342146749882149,0.00342271324453033,0.00342337307724471,0.00342337282922392,0.00342269100620109,0.00342136049437689,0.00341946591664299,0.00341713685082767,0.00341453745793541,0.00341185335778356,0.0034092768074399,0.00340699136857932,0.00340515728701277,0.0034038987499995,0.00340329403637024,0.00340336933977137,0.00340409674620321,0.00340539651253962,0.00340714345329804,0.00340917692335348,0.00341131360387339,0.00341336207639343,0.00341513802608754,0.00341647886631792,0.00341725662729496,0.00341738809391091,0.00341684139587274,0.00341563853044565,0.00341385361686306,0.00341160701922505,0.00340905580287287,0.00340638127850066,0.0034037746158875,0.00340142166105255,0.00339948815755356,0.00339810654721415,0.00339736540498321,0.00339730235421928,0.00339790103147034,0.00339909234889408,0.00340075996272181,0.0034027495211001,0.00340488095881416,0.00340696285715215,0.00340880771906731,0.00341024693728749,0.00341114425880166,0.00341140666801267,0.00341099181441877,0.00340991138664337,0.00340823016241983,0.00340606081443601,0.00340355489262034,0.00340089070720339,0.00339825908318515,0.00339584812839581,0.00339382823787142,0.00339233853576206,0.00339147583349974,0.00339128697427746,0.00339176516135491,0.00339285055330792,0.00339443507332877,0.00339637104475445,0.00339848295916481,0.00340058143560169,0.00340247826104548,0.00340400132311087,0.00340500825737391,0.00340539773206344,0.00340511747758105,0.00340416842581971,0.00340260463335031,0.00340052899577174,0.00339808509080397,0.00339544579166187,0.00339279954850375,0.00339033542331815,0.003388228064602,0.00338662381331719,0.00338562904260294,0.00338530166009661,0.00338564645616055,0.00338661467921701,0.0033881078820826,0.00338998573907817,0.00339207721395857,0.00339419419037212,0.003396146478989,0.00339775700225129,0.00339887593911922,0.00339939269311284,0.00339924472267457,0.00339842252719716,0.0033969703914455,0.0033949828302379,0.00339259701937991,0.0033899818219299,0.00338732429327094,0.00338481474927856,0.00338263159268946,0.00338092710778595,0.0033798153544111,0.00337936312449492,0.00337958467790457,0.00338044066841495,0.00338184133263286,0.003383653675845,0.00338571207620149,0.00338783146297255,0.00338982202314155,0.00339150426968171,0.0033927232773307,0.00339336096109207,0.00339334543086091,0.0033926566865527,0.00339132820379954,0.00338944428185901,0.00338713336040739,0.00338455783285919,0.00338190116210699,0.00337935331698504,0.0033770956799932,0.00337528662106951,0.00337404888429923,0.00337345979473201,0.00337354506976549,0.00337427673284724,0.00337557530188172,0.00337731608639603,0.00337933910042208,0.00338146180627452,0.00338349367291307,0.0033852513837137,0.00338657347557917,0.00338733323686215,0.0033874488298365,0.00338688982396765,0.00338567961422391,0.00338389353194677,0.00338165280477732,0.00337911485526099,0.00337646071811344,0.00337388058381069,0.00337155862569034,0.00336965832552946,0.00336830947066273,0.00336759785644934,0.00336755850596985,0.00336817293653441,0.00336937068246513,0.00337103494751239,0.00337301193183096,0.00337512308501649,0.00337717930543446,0.00337899595676691,0.00338040751421771,0.0033812806855822,0.00338152497275566,0.00338109984010229,0.00338001792390065,0.00337834403009624,0.00337618999928352,0.00337370584210119,0.00337106784186709,0.00336846456289068,0.00336608187204652,0.00336408816172432,0.00336262094705423,0.00336177590264866,0.0033615992142545,0.00336208386203107,0.00336317014136695,0.00336475038736169,0.00336667753019767,0.00336877680156784,0.00337085966181801,0.00337273884007506,0.00337424328679566,0.0033752318392114,0.00337560449992686,0.00337531042171319,0.00337435195935565,0.00337278446644321,0.00337071185497121,0.00336827827437327,0.00336565657947563,0.00336303451692354,0.00336059974166737,0.00335852486314421,0.00335695371146977,0.00335598991293342,0.00335568868029368,0.0033560524679711,0.00335703083226025,0.00335852449802559,0.0033603932973028,0.00336246734081078,0.00336456053237504,0.00336648535442036,0.00336806775292358,0.0033691609425382,0.00336965703991654,0.00336949560802396,0.00336866843991679,0.00336722020624912,0.003365244914915,0.00336287846044049,0.00336028784962441,0.00335765795299105,0.0033551768276023,0.00335302077138615,0.00335134029427359,0.00335024812376555,0.00334981020449282,0.00335004041400492,0.00335089942073706,0.00335229778075614,0.00335410303379725,0.0033561502404093,0.00335825512446514,0.0033602287722778,0.00336189271153392,0.00336309316222122,0.00336371331864089,0.0033636826788208,0.00336298267239234,0.00336164813377672,0.00335976450224967,0.00335746097603288,0.00335490017356598,0.00335226513419634,0.00334974470167503,0.00334751846182605,0.00334574243978404,0.00334453669804107,0.00334397581922341,0.0033440830224215,0.00334482837076906,0.00334613120416069,0.00334786659759238,0.00334987532679948,0.00335197654445589,0.00335398215650431,0.00335571175704566,0.00335700694008118,0.00335774385800417,0.00335784303552517,0.00335727566422092,0.00335606588124586,0.00335428885331147,0.00335206481758978,0.00334954954893006,0.00334692200433098,0.0033443701197834,0.00334207588278902,0.00334020086287805,0.00333887334776164,0.00333817810853122,0.00333814961358608,0.00333876924142076,0.00333996672511467,0.00334162572101921,0.00334359306105181,0.00334569095196882,0.00334773114994107,0.00334952998068533,0.0033509230049007,0.00335177815308993,0.00335200627435249,0.00335156825227111,0.00335047811871563,0.00334880191821637,0.00334665241532912,0.00334418007002677,0.00334156100629227,0.00333898294140282,0.00333663020595271,0.00333466905390685,0.00333323443456067,0.00333241927836553,0.00333226714579121,0.00333276881750069,0.00333386308689213,0.00333544168026729,0.00333735790405206,0.00333943832747002,0.0033414965725291,0.0033433481177319,0.00334482494186065,0.00334578884828958,0.00334614241753835,0.00334583672528546,0.00334487521781227,0.00334331343785099,0.00334125462034259,0.00333884150514806,0.00333624501447164,0.0033336506904652,0.0033312439639877,0.00332919541800222,0.00332764721316252,0.00332670175660435,0.0033264135208389,0.00332678467011342,0.00332776484831428,0.00332925515203372,0.00333111598062678,0.00333317814554147,0.00333525635696256,0.00333716400996234,0.0033387280844804,0.0033398029638025,0.00334028206404509,0.00334010634314104,0.00333926900763262,0.00333781604057796,0.00333584251024636,0.00333348495861011,0.00333091048222823,0.00332830338142119,0.00332585044741853,0.00332372606634304,0.00332207833272572,0.00332101728062346,0.00332060616532281,0.00332085648086602,0.00332172710042457,0.00332312760031787,0.00332492549686886,0.00332695681365531,0.00332903913237237,0.00333098608711619,0.00333262215385859,0.00333379656854896,0.00333439527711058,0.00333434997408568,0.0033336435150466,0.00333231127461341,0.00333043834276881,0.0033281527800038,0.00332561546171784,0.00332300731228697,0.00332051493861271,0.00331831580265268,0.00331656410948587,0.00331537852993014,0.00331483273259671,0.00331494948248075,0.00331569878570726,0.0033170002398001,0.00331872941023499,0.00332072772787075,0.00332281511901138,0.00332480436283257,0.00332651603281084,0.00332779282789936,0.00332851214204116,0.00332859585911801,0.00332801658551856,0.00332679982296721,0.00332502191197869,0.00332280391407456,0.00332030192472218,0.00331769459540385,0.00331516886776714,0.00331290506431615,0.00331106252657385,0.00330976694290578,0.00330910037163325,0.00330909475087863,0.00330972940840941,0.00331093276266048,0.00331258806855824,0.00331454273999356,0.00331662050119718,0.00331863540071235,0.00332040657745298,0.0033217726096037,0.0033226043111281,0.00332281496606339,0.00332236719573436,0.00332127591945546,0.00331960717437873,0.00331747288409775,0.00331502198562309,0.00331242861449366,0.00330987828233382,0.00330755314047554,0.00330561749641767,0.00330420473292782,0.00330340667280807,0.00330326624108571,0.00330377401429188,0.0033048689360518,0.00330644314683957,0.00330835054993895,0.00331041843847467,0.003312461261147,0.0033142954280234,0.00331575397011228,0.00331669987669065,0.00331703704067843,0.00331671793406866,0.00331574739687598,0.00331418223499595,0.00331212666076101,0.00330972394620626,0.00330714496350152,0.0033045745344584,0.00330219668319748,0.00330017997106244,0.00329866408394052,0.00329774873899171,0.00329748578898685,0.00329787514494524,0.00329886483359459,0.00330035517871171,0.00330220676840555,0.0033042515690965,0.00330630629711708,0.00330818698244712,0.00330972356960501,0.00331077340220904,0.00331123252776295,0.00331104393119264,0.00331020204795303,0.00330875320175892,0.00330679193348628,0.00330445351007518,0.00330190320139607,0.00329932316819979,0.00329689799633819,0.00329480002395308,0.00329317562760802,0.00329213355847618,0.0032917362585389,0.00329199485326885,0.00329286822803105,0.00329426627056631,0.00329605702680012,0.00329807720160084,0.00330014516811848,0.00330207544980984,0.00330369352124201,0.00330484974491024,0.00330543132600771,0.00330537132367489,0.00330465399423736,0.00330331603815932,0.00330144365181532,0.00329916562166212,0.0032966430168164,0.00329405631090527,0.00329159097056262,0.00328942266715768,0.00328770329208237,0.00328654888635173,0.0032860304406361,0.00328616829303555,0.00328693056421071,0.00328823574551207,0.00328995922426626,0.00329194322030259,0.00329400934218377,0.00329597276726817,0.0032976569208677,0.00329890748899875,0.00329960465350532,0.00329967258347603,0.00329908543747937,0.00329786940640411,0.00329610063587873,0.00329389919004911,0.00329141953173195,0.00328883827101511,0.00328634015038334,0.00328410337252684,0.00328228542970624,0.00328101055882433,0.00328035982460465,0.00328036462919781,0.00328100417389286,0.00328220708143486,0.00328385705436658,0.00328580212319264,0.00328786675125274,0.0032898658321674,0.00329161946068818,0.00329296729411224,0.00329378135489135,0.00329397625048104,0.00329351599183482,0.0032924168620845,0.0032907461032033,0.0032886165264879,0.003286177482697,0.00328360291993855,0.0032810774884146,0.00327878180520937,0.0032768780587508,0.0032754971044469,0.00327472807987457,0.00327461136013448,0.00327513540249925,0.00327623771943823,0.00327780989437099,0.00327970623683405,0.00328175538578846,0.00328377393601198,0.00328558100436354,0.00328701258271109,0.00328793454460264,0.00328825327900663,0.00328792310969915,0.00328694991213183,0.00328539064223245,0.00328334881696333,0.00328096630562093,0.0032784120790924,0.00327586880272774,0.00327351833095883,0.00327152725301954,0.003270033637979,0.00326913603269477,0.00326888558829577,0.00326928194619095,0.00327027322126739,0.00327176009643162,0.00327360371194738,0.00327563672370918,0.00327767664645847,0.00327954041424957,0.00328105899393779,0.00328209088289703,0.00328253340946817,0.00328233092927823,0.00328147926026349,0.00328002600270968,0.00327806672120265,0.00327573729604212,0.00327320305774653,0.00327064557652104,0.00326824816725398,0.0032661812722461,0.00326458889001384,0.00326357713091693,0.00326320580794741,0.00326348372737115,0.00326436804662717,0.00326576773981792,0.00326755088302498,0.00326955517103247,0.00327160082684446,0.0032735048814182,0.00327509569481086,0.00327622657041595,0.00327678738542495,0.00327671331860321,0.00327598998689549,0.00327465458533962,0.00327279293861339,0.00327053269489733,0.00326803319914286,0.00326547284736323,0.0032630349230903,0.0032608930362656,0.00325919731677783,0.00325806245843934,0.0032575585670675,0.00325770554657514,0.00325847147605111,0.0032597751131313,0.00326149233163131,0.0032634659891776,0.00326551844521864,0.00326746573244563,0.0032691322459352,0.00327036476974131,0.00327104471482918,0.00327109758798346,0.00327049893397596,0.00326927627520945,0.00326750689423151,0.00326531164000935,0.00326284525939487,0.00326028403227292,0.00325781170073075,0.0032556048156677,0.00325381867044758,0.00325257494531882,0.00325195204856471,0.00325197892055797,0.00325263278552634,0.00325384101899885,0.00325548697276697,0.00325741928732456,0.00325946394660011,0.00326143811367033,0.00326316464788439,0.0032644861545091,0.00326527745915647,0.00326545552509968,0.00326498603218985,0.00326388609757044,0.00326222292167017,0.0032601084641036,0.00325769056729986,0.00325514122681702,0.0032526429350527,0.0032503741808405,0.0032484952566915,0.00324713550137775,0.00324638299144982,0.00324627750265774,0.00324680730657249,0.00324791006641102,0.0032494777698126,0.003251365311364,0.00325340204338983,0.00325540537582383,0.0032571953424339,0.00325860897104912,0.00325951330574793,0.00325981603218287,0.00325947284923614,0.00325849099545928,0.00325692865158635,0.00325489027199557,0.00325251822241708,0.00324998139581625,0.00324746172094607,0.00324513964684985,0.00324317976524882,0.00324171771609397,0.00324084941489506,0.00324062345475214,0.00324103728427642,0.003242037461155,0.00324352395353952,0.00324535813719786,0.00324737384441993,0.00324939058336757,0.00325122787870655,0.00325271959688728,0.00325372712105376,0.00325415033390695,0.00325393554414004,0.00325307973555291,0.00325163080593029,0.00324968377464357,0.00324737325367837,0.00324486277346867,0.00324233180652554,0.00323996151528905,0.00323792035166145,0.00323635064944268,0.00323535727756934,0.00323499926409433,0.00323528506605483,0.00323617186690064,0.00323756895898663,0.00323934494373674,0.00324133818147053,0.00324336966540964,0.00324525729720333,0.00324683042270339,0.00324794346154359,0.00324848753656428,0.00324839917090517,0.00324766535539544,0.00324632457814935,0.00324446373216933,0.00324221115086052,0.00323972633603007,0.00323718720853495,0.00323477590604188,0.00323266426323787,0.00323100013196015,0.00322989563055488,0.00322941825601282,0.00322958556051392,0.00323036380663258,0.00323167069855643,0.00323338196556702,0.00323534127105766,0.00323737265737075,0.00323929453528669,0.00324093410561704,0.00324214106939398,0.00324279954303969,0.00324283723872342,0.00324223118649812,0.00324100954810181,0.0032392493812898,0.00323707053245869,0.00323462613830176,0.00323209048240367,0.00322964516222534,0.00322746465985646,0.00322570246231055,0.00322447883647926,0.00322387123327024,0.0032239080878841,0.00322456651646076,0.0032257741023743,0.00322741463893112,0.00322933737504069,0.00323136902606257,0.00323332758990583,0.00323503686595867,0.00323634051895895,0.00323711456363353,0.00323727726827163,0.00323679568057667,0.00323568825174,0.00323402334989668,0.00323191378377123,0.00322950777575989,0.00322697710857184,0.00322450339873189,0.00322226360201896,0.00322041591430393,0.00321908719217405,0.00321836288938191,0.00321828030192055,0.00321882565196983,0.00321993523616931,0.00322150053903792,0.00322337689620324,0.0032253950127417,0.00322737442096245,0.00322913781273779,0.00323052511273429,0.00323140617748977,0.00323169111355741,0.00323133739876856,0.00323035324638524,0.00322879694914073,0.00322677225552885,0.00322442014226699,0.00322190763196743,0.00321941453994648,0.00321711919796067,0.00321518428290351,0.00321374387153442,0.00321289275009088,0.0032126788350429,0.00321309931776418,0.00321410084919753,0.00321558375662172,0.00321740996191405,0.00321941397493062,0.00322141608802119,0.00322323671735384,0.00322471074093587,0.00322570068279505,0.00322610768773263,0.00322587941022471,0.00322501418743542,0.00322356116155562,0.00322161634048731,0.00321931491346591,0.00321682044059993,0.00321431178536312,0.0032119688372215,0.00320995816643021,0.00320841975845026,0.00320745588851818,0.00320712302168002,0.00320742737519137,0.00320832448324766,0.00320972278601297,0.00321149094978355,0.00321346833318904,0.00321547776613405,0.00321733962523738,0.00321888608935268,0.00321997444881636,0.00322049841946576,0.0032203965687042,0.00321965718580259,0.00321831920866425,0.00321646913337129,0.0032142341528052,0.00321177206788882,0.00320925876712612,0.00320687426153066,0.00320478837973081,0.00320314725978197,0.00320206171301993,0.00320159838555949,0.0032017744206974,0.00320255605143284,0.00320386124599492,0.00320556620902103,0.00320751522935357,0.00320953309056783,0.00321143905032881,0.0032130612686816,0.00321425053066086,0.00321489216444226,0.0032149151984609,0.0032142980216081,0.00321307009369902,0.00321130957341409,0.00320913705854736,0.00320670594209783,0.00320419015619031,0.0032017702851416,0.0031996191609271,0.00319788809474235,0.00319669484320145,0.00319611426431587,0.0031961724017363,0.00319684446269688,0.00319805684444943,0.00319969303921532,0.00320160293723968,0.00320361477974923,0.00320554880976074,0.00320723154066831,0.0032085095165192,0.00320926147760102,0.00320940797019359,0.00320891764199213,0.00320780972716441,0.00320615252449574,0.00320405798576656,0.00320167283783739,0.00319916693840665,0.00319671978806423,0.00319450626900275,0.00319268274119998,0.00319137459804466,0.00319066627008557,0.00319059447578642,0.00319114526338177,0.00319225508644916,0.00319381583325101,0.00319568341458214,0.0031976892317038,0.00319965361498337,0.00320140016204978,0.00320276982658116,0.00320363362541854,0.00320390294265425,0.00320353660390105,0.00320254415418616,0.00320098507777033,0.00319896402486343,0.00319662243243502,0.00319412721597132,0.00319165744099027,0.00318939004018919,0.00318748571527073,0.00318607614758933,0.00318525353751807,0.00318506330413543,0.0031855005198739,0.00318651035362143,0.00318799247769237,0.0031898090828779,0.00319179586173073,0.00319377508391761,0.00319556972045235,0.00319701749323178,0.0031979837388487,0.0031983720753658,0.00319813203521262,0.00319726306328137,0.00319581456245613,0.00319388198012135,0.00319159924314048,0.00318912813776138,0.00318664547157457,0.00318432903049401,0.0031823434426915,0.0031808270739771,0.00317988100068243,0.00317956094127607,0.00317987279174359,0.00318077212369709,0.00318216769098683,0.00318392867255025,0.00318589508008466,0.00318789050381268,0.00318973618050915,0.00319126526079617,0.00319233613469474,0.00319284374651014,0.0031927279885726,0.00319197849778183,0.00319063547024402,0.00318878643141939,0.00318655922410726,0.00318411177917848,0.00318161949191408,0.00317926121926881,0.0031772050220872,0.00317559479092445,0.00317453881623238,0.00317410120472663,0.00317429681841608,0.00317509013574851,0.00317639812269923,0.00317809687929921,0.0031800315240932,0.00318202852359999,0.00318390948551142,0.00318550532323532,0.00318666967113658,0.00318729048842315,0.00318729893407228,0.00318667481437993,0.00318544817760847,0.00318369693230462,0.00318154067510509,0.00317913121063645,0.00317664050932045,0.00317424705514378,0.0031721216646801,0.00317041390053959,0.00316924015701155,0.00316867436827682,0.00316874208721699,0.00316941841651294,0.00317062996342708,0.00317226066445538,0.00317416101647054,0.0031761599816096,0.00317807862106266,0.00317974437189603,0.00318100482440856,0.00318173989445224,0.00318187141428223,0.0031813693737373,0.0031802543113896,0.00317859566218212,0.00317650619281142,0.00317413297357666,0.00317164561658838,0.00316922272841372,0.00316703766318931,0.00316524471320137,0.00316396683708684,0.00316328590250731,0.00316323621669814,0.003163801850945,0.00316491795942013,0.00316647597724915,0.00316833228059933,0.00317031962122109,0.00317226042734249,0.00317398091227142,0.00317532486857653,0.00317616605542376,0.00317641820289253,0.00317604184611029,0.00317504744958122,0.00317349457324198,0.00317148714615963,0.00316916522385759,0.00316669388221569,0.00316425012295063,0.00316200882036807,0.00316012881840405,0.00315874028286257,0.00315793432037457,0.00315775569656261,0.00315819923753932,0.00315921020559655,0.00316068862619764,0.00316249723034318,0.003164472385378,0.00316643714272256,0.00316821535726297,0.00316964574708482,0.00317059476912842,0.0031709672817812,0.00317071414066889,0.00316983611754132,0.00316838382720866,0.00316645366964167,0.00316418011502298,0.00316172495179558,0.00315926435984693,0.00315697484540937,0.00315501916602486,0.00315353337310178,0.00315261600517097,0.00315232028703864,0.00315264994647987,0.00315355897159328,0.00315495531963798,0.00315670827508944,0.00315865886605381,0.00316063250823627,0.0031624528731758,0.00316395588372429,0.00316500273037827,0.00316549087858663,0.0031653621958355,0.0031646075563716,0.00316326756112075,0.00316142931681757,0.00315921952796229,0.00315679444587417,0.00315432746883476,0.00315199537486724,0.00314996427727819,0.00314837641460346,0.00314733882184915,0.00314691478519052,0.00314711876676816,0.00314791521323779,0.00314922135171213,0.0031509137565833,0.0031528381683915,0.00315482178536954,0.00315668704848081,0.00315826581709866,0.00315941279750479,0.00316001714584306,0.00316001131591102,0.00315937644510591,0.00315814384889464,0.0031563925044789,0.00315424272592832,0.00315184654036129,0.00314937554015284,0.00314700718593012,0.0031449106548615,0.00314323336282622,0.00314208923621038,0.0031415496700757,0.00314163789162876,0.00314232716924092,0.00314354299563022,0.00314516905883984,0.00314705651989079,0.0031490358591579,0.0031509303511597,0.00315257009750781,0.00315380550477198,0.00315451914234959,0.00315463504733941,0.00315412474460622,0.00315300950570556,0.0031513586644023,0.00314928411893187,0.00314693145545414,0.00314446839563715,0.00314207148188664,0.00313991205248324,0.00313814261728633,0.00313688471683756,0.00313621923273131,0.00313617992290247,0.00313675069953319,0.0031378668720569,0.00313942026535315,0.0031412678148309,0.00314324295888161,0.00314516892021863,0.00314687281326811,0.00314819944834926,0.00314902372749175,0.00314926063773875,0.00314887203821906,0.00314786969503938,0.00314631432274959,0.00314431071461836,0.00314199935686997,0.00313954520021807,0.00313712448717264,0.00313491068982706,0.00313306068509422,0.00313170227294118,0.00313092402987465,0.00313076829825675,0.00313122786143131,0.00313224656390061,0.00313372382347323,0.00313552267076054,0.00313748066821973,0.00313942283330623,0.00314117553722643,0.00314258028029541,0.00314350625798416,0.00314386072684167,0.00314359635202252,0.00314271495659981,0.00314126737729969,0.00313934943741228,0.00313709435196696,0.00313466216156504,0.00313222702871173,0.00312996340315827,0.00312803215400023,0.00312656776878159,0.00312566763626976,0.00312538426803774,0.00312572108500066,0.00312663211268873,0.00312802561510634,0.00312977138009023,0.0031317110780405,0.00313367087302041,0.00313547528537944,0.00313696120028808,0.00313799089821937,0.00313846305845565,0.00313832085085934,0.00313755646798141,0.00313621173603369,0.00313437475653961,0.00313217284873201,0.00312976236205711,0.00312731618129504,0.003125009929516,0.00312300797197852,0.00312145033414838,0.0031204415726189,0.00312004248353323,0.00312026530682633,0.00312107280230513,0.00312238126106026,0.00312406720254133,0.00312597721918057,0.00312794018524698,0.00312978086029825,0.00313133380597395,0.00313245651091401,0.00313304068569619,0.00313302083922793,0.00313237946381536,0.00313114842084969,0.00312940641570349,0.0031272727588916,0.00312489790557835,0.00312245152069424,0.00312010901137211,0.00311803758957316,0.00311638296863147,0.00311525775326046,0.0031147324524453,0.00311482983650635,0.00311552309198818,0.0031167379255841,0.00311835845553436,0.00312023642772032,0.00312220302574827,0.00312408233269027,0.00312570536746512,0.00312692357326356,0.0031276206800609,0.00312772199183596,0.00312720035210645,0.00312607830614345,0.00312442628545081,0.00312235696294237,0.00312001623591359,0.00311757156263126,0.00311519858812969,0.00311306713109357,0.00311132765454143,0.00311009930136432,0.00310946044467227,0.00310944249652426,0.00311002745744314,0.00311114939405072,0.00311269972281414,0.00311453587581754,0.00311649265482423,0.00311839536743707,0.00312007370174725,0.0031213752416683,0.0031221775551955,0.00312239789981428,0.0031219997771983,0.00312099581999814,0.00311944678530169,0.00311745673644308,0.00311516479299515,0.00311273409758101,0.00311033886890811,0.00310815056481171,0.00310632425198861,0.00310498626370669,0.00310422412627796,0.00310407955914105,0.00310454511424165,0.00310556473304596,0.00310703818483787,0.00310882903576781,0.00311077551365203,0.00311270340262188,0.00311443994024906,0.00311582760774124,0.00311673670863257,0.00311707572617693,0.00311679862852028,0.00311590853746807,0.00311445746845484,0.00311254216263892,0.00311029634452676,0.00310788002692698,0.00310546672442562,0.0031032296040097,0.00310132768251255,0.00309989317147664,0.00309902097502432,0.0030987611735713,0.00309911508694807,0.00310003522254689,0.00310142910226645,0.00310316665411143,0.0031050905752731,0.00310702884259643,0.00310880837870477,0.00311026879090503,0.00311127509467541,0.00311172841558249,0.00311157382508817,0.00311080469222361,0.0031094632069993,0.00310763703314107,0.00310545235446942,0.00310306386533109,0.00310064249643562,0.00309836184489699,0.0030963843799425,0.00309484851706664,0.0030938575897153,0.00309347160028794,0.00309370241184488,0.00309451276790765,0.00309581922435458,0.00309749876794023,0.00309939860196613,0.00310134832297815,0.00310317351571869,0.00310470967663788,0.00310581534975603,0.00310638342280377,0.00310634967892796,0.00310569791833031,0.00310446123941723,0.00310271937881414,0.0031005923269199,0.00309823073313873,0.00309580386968126,0.00309348611718739,0.0030914430548013,0.00308981826958283,0.00308872193953953,0.00308822209674849,0.00308833925814797,0.00308904484245783,0.00309026349247277,0.00309187911247687,0.00309374413383264,0.00309569126451438,0.00309754678465459,0.00309914433462765,0.00310033810885337,0.0031010144159493,0.00310110069169193,0.00310057125035034,0.00309944931901125,0.00309780519553855,0.00309575067658563,0.00309343019360915,0.00309100935326302,0.00308866178653165,0.00308655535001883,0.00308483877704604,0.00308362983942266,0.00308300595921325,0.0030829980173885,0.0030835878579405,0.00308470969669544,0.00308625533245845,0.00308808275027253,0.00309002743178717,0.00309191547075916,0.00309357744801449,0.00309486195791435,0.00309564770221424,0.00309585317875733,0.00309544318583412,0.0030944316217629,0.0030928803589253,0.00309089428596003,0.00308861291713462,0.00308619924207633,0.00308382671033181,0.00308166539410036,0.00307986843576278,0.00307855986075994,0.0030778247251364,0.00307770237990785,0.0030781833846863,0.00307921030970377,0.00308068235341338,0.00308246339915954,0.00308439286370386,0.00308629847221525,0.00308800994410312,0.00308937250400768,0.00309025914923298,0.00309058070724531,0.00309029289390971,0.00308939981889543,0.00308795366160441,0.00308605054048724,0.00308382289897376,0.00308142900753479,0.00307904040949544,0.00307682830034816,0.00307494991621231,0.00307353601152591,0.0030726804263793,0.00307243258205672,0.00307279351025885,0.00307371573782204,0.00307510704070481,0.00307683777359716,0.00307875119626407,0.00308067597519157,0.00308243985993426,0.00308388343599191,0.00308487285017243,0.00308531048927145,0.00308514275886018,0.00308436434187048,0.00308301859936015,0.00308119408653636,0.00307901746921796,0.00307664341198344,0.00307424224641674,0.00307198640045753,0.00307003666704717,0.00306852940424153,0.00306756568595688,0.00306720326680543,0.00306745199970812,0.00306827307094478,0.00306958211534867,0.0030712559653527,0.00307314249433151,0.00307507276235727,0.00307687448574844,0.00307838574820915,0.00307946785801706,0.00308001633054716,0.00307996913054764,0.00307931153175617,0.00307807722461901,0.00307634560210172,0.00307423545240463,0.00307189556219276,0.00306949296678205,0.00306719976104155,0.00306517949532667,0.00306357421568843,0.00306249316309611,0.00306200402549876,0.00306212744790423,0.00306283526110249,0.00306405260360148,0.00306566380213489,0.00306752156745127,0.00306945878122957,0.00307130192376715,0.00307288504358087,0.00307406311565403,0.00307472368296367,0.0030747958238989,0.0030742557220852,0.00307312841059583,0.00307148558896976,0.00306943973703827,0.0030671350446241,0.00306473591575605,0.00306241397284742,0.00306033457331528,0.00305864386179463,0.0030574573248714,0.00305685070175254,0.00305685394049781,0.00305744868107286,0.00305856950120303,0.00306010888962622,0.00306192562708958,0.00306385597419413,0.00306572680817511,0.00306736964649484,0.00306863437604356,0.00306940149932921,0.00306959182446079,0.00306917275595828,0.00306816066366112,0.00306661918054319,0.0030646536621406,0.00306240238217449,0.00306002529778585,0.00305769136755916,0.00305556544427132,0.00305379571181829,0.00305250252246898,0.00305176934600063,0.00305163638854232,0.00305209728831244,0.00305309914870601,0.00305454601450413,0.00305630571380236,0.00305821975911018,0.00306011572608386,0.00306182123385729,0.00306317838597044,0.00306405735399025,0.00306436775035246,0.00306406657793529,0.00306316186792935,0.00306171159449046,0.00305981801572422,0.0030576181391932,0.00305527144525878,0.00305294624498983,0.003050806066788,0.00304899727420808,0.00304763877925113,0.00304681432345321,0.00304656745336605,0.00304689909609797,0.003047767576381,0.00304909098271621,0.00305075191008851,0.00305260468196485,0.0030544850981603,0.00305622252239724,0.0030576537281649,0.00305863744065781,0.00305906807258282,0.00305888689822956,0.00305808896562389,0.00305672446688041,0.0030548940352962,0.00305273838389117,0.00305042364589218,0.00304812450314759,0.00304600750834931,0.00304421682590199,0.00304286396744338,0.00304202214676858,0.00304172488340009,0.00304196771992573,0.00304271159270486,0.00304388658205642,0.00304539538143842,0.00304711664495103,0.00304890910639946,0.00305061773321351,0.00305208300849336,0.00305315371082913,0.00305370244799443,0.00305364200019564,0.00305293960476392,0.00305162599380486,0.00304979647739218,0.00304760264828438,0.00304523514543863,0.003042899929914,0.00304079216644885,0.00303907256843989,0.00303785064717778,0.00303717771915692,0.00303705013492332,0.00303742064716568,0.00303821388330344,0.00303934114120127,0.00304071044699359,0.00304222979952077,0.00304380415723736,0.00304532915934314,0.00304668602544695,0.00304774206484953,0.0030483597103431,0.00304841437353434,0.00304781840903949,0.00304654589958825,0.00304465157934935,0.00304227750144351,0.00303964316662773,0.00303701846425256,0.00303468318438524,0.00303288092954261,0.00303177773677411,0.00303143559023655,0.00303180787094032,0.00303275820247425,0.0030340976058397,0.0030356294360867,0.00303718916768868,0.00303866775538315,0.00304001266388831,0.00304120802244812,0.00304224225102442,0.0030430756208789,0.0030436202638782,0.00304374126641056,0.00304328104939891,0.00304210222454604,0.00304013838083624,0.00303743904689259,0.00303419497876944,0.00303073304908536,0.00302747614303923,0.00302487192299738,0.00302330363485486,0.00302300384837242,0.00302399512461401,0.0030260776049037,0.00302887194895642,0.00303190947969162,0.00303474517558491,0.0030370596565942,0.00303871816549529,0.00303976819708639,0.00304037836423107,0.00304074142407334,0.00304097623007591,0.00304106240669421,0.00304082891982642,0.0030399992489174,0.00303827891252981,0.00303546092496093,0.00303152247174236,0.00302668925975469,0.00302144941472913,0.00301650532796741,0.00301266120526193,0.00301065867630551,0.00301099211169637,0.00301375318449622,0.00301856035692004,0.00302461411165946,0.00303088158807325,0.00303636552136271,0.00304037231351445,0.00304268361553796,0.00304356503856565,0.00304360621396217,0.00304345333503533,0.00304353805609209,0.00304390492428981,0.00304419463571463,0.00304377514581052,0.00304195919700929,0.00303822878306399,0.00303240642663963,0.00302475023349028,0.00301597690963306,0.00300721796079041,0.00299989614593748,0.00299549821037252,0.00299524237304136,0.00299969893065393,0.00300849101988791,0.00302023084627146,0.00303279499228651,0.00304391191998387,0.00305187812912758,0.00305611977381916,0.00305734234393895,0.0030571713109976,0.00305741522483978,0.00305926591350561,0.00306278730126063,0.00306690695411876,0.0030698805252273,0.00306997955256515,0.00306607769680984,0.00305791637731273,0.00304604548302199,0.00303161797599876,0.0030162481881764,0.0030020032746947,0.00299138865695716,0.00298707619946643,0.00299122469055042,0.00300453223985871,0.00302546774548517,0.0030502273772666,0.00307371856356021,0.00309135786215644,0.00310094681475695,0.00310368724101658,0.00310370019209974,0.00310612556701156,0.00311464241644903,0.00312962520594774,0.00314788219586665,0.00316411124764948,0.003173291356676,0.00317273684339788,0.00316278339625704,0.00314592611258634,0.00312517736546146,0.00310285449826723,0.00308063310908235,0.00306071954519643,0.00304704417790795,0.00304513916702687,0.00306011359206484,0.00309349907006785,0.00314085227978244,0.00319203857772496,0.00323484589647587,0.00326059219540147,0.0032688629035898,0.00326850510253749,0.00327375897402614,0.00329708993324487,0.00334237054548631,0.00340220879751339,0.00346113650594116,0.00350311347050507,0.00351925034398611,0.00351141514247157,0.00348976514014291,0.00346592186453301,0.00344624431381575,0.00342964507350824,0.00341145702210557,0.00339070889559371,0.0033754720311754,0.00338166200373293,0.00342471554243133,0.00350859033063096,0.00361928580602608,0.00372838731477052,0.00380648024519782,0.00383981677790377,0.0038404394994312,0.00384257017571859,0.00388555325128393,0.00399187537950491,0.00415268890184217,0.00432995354214815,0.00447512641420647,0.0045544365486431,0.00456624746664705,0.00454007019109175,0.00451754047898084,0.00452685270842127,0.00456672113872732,0.00461053333918791,0.00462870234856606,0.00461494076654857,0.00459831654104448,0.00463080381778712,0.00475557494375851,0.00497503681063431,0.00524034574880527,0.00547283136650014,0.00560823192023611,0.00563864352915906,0.00562531829401815,0.00567059357428915,0.00586145558706197,0.00621615214540461,0.00666645599744181,0.00708924062072925,0.00737201719588891,0.00747526959771016,0.00745402184873147,0.0074239608325015,0.00749094496912627,0.00768649957742518,0.00795023649309616,0.00817236982338061,0.00827155024215967,0.00825868446192779,0.00824298571715036,0.00837090898301912,0.00873196454566237,0.00929044821432322,0.00989112847583572,0.0103437545104454,0.0105407396320331,0.0105362851866856,0.0105324870216201,0.0107715100263742,0.011391877700894,0.0123344197648696,0.0133595592610601,0.0141734646970052,0.0145934275216091,0.0146544323537146,0.0145895179534375,0.0146907672943757,0.0151319253744121,0.0158613515778331,0.0166351354986445,0.0171752099917547,0.0173570580129074,0.017307305298046,0.0173421384334131,0.017775619069585,0.0187129609897518,0.0199618636123748,0.0211289590191874,0.0218548199542004,0.0220489160673788,0.0219752500393919,0.022122324960182,0.0229215749295489,0.0244776615060566,0.0264779342493662,0.0283483417434666,0.0295750640959677,0.0300045224833233,0.0299381397511169,0.0299561167429423,0.0305689270116235,0.0319056899356543,0.0336333770400837,0.035163880936896,0.0360279752354933,0.0361860094571404,0.0360760910810212,0.0363579320235334,0.0375011337145308,0.0394723106315326,0.0417257876555506,0.0435212629639544,0.044386206746298,0.0444390616744908,0.0443610144967098,0.0450130458146,0.0469166194572693,0.0499122256351226,0.0532144362663073,0.055846918278895,0.0572069537886949,0.0574213635255198,0.0572730690436683,0.0577336566029218,0.0593786343608489,0.0620398429126525,0.064911360190108,0.0670504429863238,0.0679696656060669,0.0679534772270679,0.0678961406054964,0.0687524335165937,0.0709369332525934,0.0740479174404467,0.0770979023795889,0.0791206279784158,0.0797860506894597,0.079640195344619,0.0798090255640883,0.0813321578929264,0.0845242046159721,0.0887544367542884,0.0927889016394917,0.0954995182467929,0.096518424297269,0.096443680896126,0.0964710728266395,0.0976740692013206,0.100367322603446,0.103936789373937,0.107233625430648,0.109285472483168,0.109888268182023,0.109719486595354,0.109909753457335,0.111341401773042,0.114107172376193,0.117460796801909,0.120287344245628,0.121801882224464,0.122045856228616,0.121876169950112,0.122453782628498,0.124544087838775,0.128053279415599,0.132077433687244,0.135428394716669,0.137315946340637,0.137780460667419,0.13762984493646,0.137935734147796,0.139401759805476,0.141979245027474,0.144943123686516,0.147359110502673,0.14864518472733,0.148890171601348,0.148755161334665,0.149042081774956,0.150207552712723,0.152116006762076,0.154164606059925,0.155681598165796,0.156342558443437,0.15635477600174,0.156314159883132,0.15683917160254,0.15821037040637,0.160224648219579,0.16233288634809,0.163960804516765,0.164816483747554,0.165014017095036,0.164964081682817,0.165118681628195,0.16572824629554,0.166741593989597,0.167881630017109,0.168827762547101,0.169388793461563,0.169575681320405,0.169555066669102,0.169532881974565,0.16964457017938,0.169907539437152,0.170244902133883,0.17054965034671,0.170746024013574,0.170819340980419,0.170810643616658,0.170790395252031,0.170828604854491,0.170971720706393,0.171229001966861,0.171568682442649,0.171925598066954,0.172221637128725,0.172395321280372,0.172429714045931,0.172364880951226,0.17228640817465,0.172293065203941,0.172457590946916,0.172797992068945,0.173271044887795,0.173789185849852,0.174253022408902,0.174587827239692,0.17477263062807,0.174852151258992,0.174924298055051,0.175101952876561,0.175459208236792,0.175985610905864,0.176577510271206,0.177083731359367,0.177393504247485,0.177522240303285,0.177638082339324,0.177995224950015,0.178793558677505,0.180039135473002,0.181498046930744,0.182795585127075,0.183627228672094,0.183966858275894,0.184137047242447,0.184671944271597,0.18602609815471,0.188289519396379,0.19108705035462,0.193745436290596,0.195652933900968,0.196609508639151,0.196954700556669,0.197381762097128,0.198534052256536,0.200619538612924,0.203280387481799,0.205807469953405,0.207578213617457,0.208451168543985,0.208868137296305,0.20959147906588,0.211233252327656,0.21386849398899,0.216977470209584,0.219758315778606,0.221620066754424,0.222552802258243,0.223146984112531,0.224249604203805,0.226465660028561,0.229804227989816,0.233675927725695,0.237232979940153,0.239838944779345,0.241387813891092,0.242298865909019,0.243220575084153,0.24464771708168,0.246684450738383,0.249067059016748,0.251385957607288,0.253336923808809,0.254847995506354,0.256039960724033,0.257094251663857,0.25814299596706,0.259247225042924,0.260441916232029,0.261772838803834,0.263269591280733,0.264872516726933,0.266395230006675,0.267597832933153,0.268359173695589,0.268831389965252,0.269430244646304,0.27060830108746,0.27252387727589,0.274833273077017,0.276793155677786,0.27766783029003,0.277214249189338,0.275925603883356,0.274833629917444,0.274938858148913,0.276589178388111,0.279195700211374,0.28150284592797,0.282301918945823,0.281183053058497,0.278852865801391,0.276777911897123,0.276327868176053,0.277928382087301,0.280760035499621,0.28321844120033,0.2838755453048,0.282359027629552,0.279607523753709,0.277339145202499,0.277046826280221,0.2791142763608,0.282574187538395,0.285658284740001,0.286827502020997,0.285679443208687,0.283189183694999,0.281133000682995,0.281041796558608,0.28331794279586,0.287040243080667,0.290549259375877,0.292431320025363,0.29230369721106,0.290963013530466,0.289861807038519,0.290256240228969,0.292513523679234,0.295943916673471,0.299225986265029,0.301173498047406,0.301405127751839,0.300537264293757,0.299805968016557,0.300362674977754,0.302663381273583,0.306281647744529,0.310201125252479,0.313373924329652,0.31522788292373,0.315892981613808,0.316090905497368,0.31677369373779,0.318673463249576,0.321956556394382,0.326148582106692,0.330376748196883,0.333803757884938,0.336021490883511,0.337209314262223,0.338002855869486,0.33916269928967,0.341205270639496,0.344152523478169,0.347504712392042,0.350465757770376,0.352351756403618,0.35299908393954,0.352929042649551,0.353117705632138,0.354457583808747,0.357219458349474,0.360846840893518,0.364220998900242,0.366261904925618,0.366543299491573,0.365584148713804,0.364632996799977,0.365019181857294,0.367391630994381,0.37127262291481,0.375231986124792,0.377655243777135,0.377699276905892,0.37585154277205,0.373702272472042,0.373019533607434,0.374670970114064,0.378055266826438,0.381413640917994,0.382868503853785,0.381589552374141,0.378378561345401,0.375274921208167,0.374359918034786,0.376451003794506,0.380502769467012,0.384149633251495,0.385127934888218,0.382725036131803,0.37832287136001,0.374632361771231,0.374043002893798,0.37710446360612,0.382115329057816,0.386124496502013,0.386762513189909,0.38377031248306,0.379241819755331,0.376377555443227,0.377487774260641,0.382490974682435,0.388883047104792,0.393245878369218,0.393381411877055,0.389729920656948,0.385153644142817,0.383189428795606,0.385850170221561,0.392355413361929,0.399595403306584,0.404042381881376,0.403912152665112,0.400227501426104,0.396135977007707,0.394936389507051,0.39806778020442,0.404309118898282,0.410646295425143,0.414205703730979,0.414009501879816,0.411472204508495,0.409396554798892,0.410176852264819,0.414370611769897,0.420493831998581,0.426071424573031,0.429191190521499,0.429562891622355,0.428487975767183,0.42788561886656,0.429090658105589,0.432188490611822,0.436205582931152,0.439882548674463,0.442431049293988,0.443801089736974,0.444413219427848,0.444695515783066,0.444833083560114,0.444878575443756,0.445026015777551,0.445705560723214,0.447326346536357,0.449835256724337,0.452487071305823,0.454128303977639,0.453918568968742,0.452023118732542,0.449728716810488,0.448776644799797,0.45026247112419,0.453820953972791,0.457697672652075,0.459747666893689,0.458767856234938,0.455309767855022,0.451426548341202,0.449481908159551,0.450741009799554,0.454600606199816,0.458929685092815,0.461323663044283,0.460519526976529,0.457116052891701,0.45317407905909,0.450972807844031,0.451709820941475,0.454921081899849,0.458894819014325,0.461724534284941,0.462315112914997,0.460801395926543,0.45828629118243,0.456195630374836,0.455641727084599,0.457036523115675,0.46000649186823,0.463563078930846,0.46645744687972,0.467637585525708,0.466699215731179,0.464177200860815,0.461496941424591,0.460471444319916,0.462438469569061,0.467412132104074,0.473777751808738,0.478892361035343,0.480454308602629,0.477936662005393,0.473159979566102,0.469477164374478,0.469893269474594,0.475196507925903,0.483287442708944,0.490231549994002,0.492511071443053,0.489164812248439,0.482490750150971,0.476800071935,0.475891239040371,0.480738607098798,0.488822730421655,0.495566848443839,0.497054627589684,0.492391161112864,0.484261471738414,0.477338071426199,0.475509082197837,0.479611527654515,0.487020523921262,0.493290385356943,0.494801732244405,0.490804862974023,0.483683035386432,0.477381976337298,0.475046026298068,0.477302656274871,0.482144732703641,0.486335399558212,0.487367866738791,0.484783079754851,0.480158950176108,0.475948391289674,0.473994772729597,0.474622499769475,0.476723505895387,0.4786087315553,0.47899451535422,0.477549571120704,0.47481820172637,0.471744639987986,0.469183935795009,0.467651081649534,0.467303576469511,0.467999303597531,0.469318642072241,0.470594767112416,0.471078036672473,0.47026941153583,0.468267638098756,0.465867674699413,0.46425007612095,0.464366033158799,0.466362765458398,0.469425535707537,0.47218774238955,0.47350142700755,0.473097371404682,0.471698892930719,0.47050228028614,0.470374611572992,0.471323145956547,0.472591230195278,0.473271292353372,0.472949034298312,0.471899986319514,0.470742955310874,0.469894352362369,0.469294092207192,0.468598748215757,0.467624158358244,0.466619165555849,0.466100463749409,0.466342807236875,0.466935833223389,0.466847428900923,0.465098069274214,0.461642661911282,0.457761755336701,0.455484380074985,0.456239106139414,0.459605685892447,0.463165243527239,0.463803127573424,0.459769214493692,0.452109306870826,0.444344980707649,0.440409889659235,0.442086357029481,0.447646275252054,0.452717149801902,0.452966423502561,0.446944416255316,0.437206877282702,0.428870817076999,0.426423182112174,0.430808427167808,0.438724240471061,0.44465802974525,0.44439394994213,0.437718559656467,0.42855066669033,0.422407859265696,0.422873805806866,0.429371542026506,0.437657116687403,0.44263917199484,0.441624540475758,0.435881159592873,0.429596706868384,0.427053644632421,0.429954727426956,0.436605937127512,0.443323580595898,0.446947528199986,0.446721582231613,0.444397079318252,0.442721108284655,0.443530526042035,0.446780437609704,0.451010820950486,0.454674934230076,0.457218749831078,0.459147813338195,0.461204444225763,0.463481169628805,0.465277995792841,0.465823217921478,0.4652026851887,0.464624171318396,0.465670614486114,0.469049161055086,0.473826913541232,0.477844422570221,0.479119221029925,0.477267601500311,0.473899014228398,0.471646671572294,0.47246661510299,0.476358947664692,0.481376959386238,0.484907542098367,0.485343814617723,0.483024246114844,0.479854960417735,0.477970057711184,0.478425818013112,0.480803050875939,0.4838376607743,0.486429984684947,0.48820230524638,0.489284915681768,0.489739151360681,0.489320473923011,0.487888709772332,0.486060957076135,0.485347486998354,0.487369263486624,0.492559279883216,0.499341634601309,0.50463516047222,0.505648591006686,0.501902784453962,0.496019700178816,0.492471588532493,0.494850532437027,0.503369131763643,0.514355412513129,0.522296545537563,0.523267968083035,0.517545612528118,0.509622380741841,0.505515432507552,0.509048435905794,0.519491991976705,0.532061125180464,0.540900759815487,0.542601541257765,0.538030038086124,0.531452651172152,0.527718799682225,0.529425988772609,0.535796158852168,0.543697053234621,0.549823560661562,0.552482565218451,0.551980124476963,0.549746484857421,0.547157901334658,0.544972160972688,0.54355579491189,0.543336875659489,0.544795161981351,0.54786248467269,0.551320328404332,0.552981155100012,0.550884027827558,0.544830108120504,0.537081735192916,0.531447126032924,0.531080130227358,0.536352363671016,0.5442937673966,0.550151047837379,0.550193954138735,0.544007826157489,0.53480089279549,0.527538962453675,0.526105414730968,0.531235122064605,0.540375078194034,0.549359495152308,0.554722509871644,0.555261654285742,0.552143573258541,0.547847997043251,0.544850466926328,0.544800761120824,0.548326782585057,0.555092829260474,0.563783070261506,0.572135915136156,0.577479249682309,0.577964655074406,0.573980088209059,0.568675935501871,0.566799460286089,0.572108787039468,0.584810044439298,0.600796267515215,0.613545971266233,0.617840845267237,0.613103681234214,0.604148849405496,0.598632986619647,0.602596810299203,0.616806255759221,0.636196423436138,0.652800197948864,0.660350980926572,0.657732432479899,0.649259488388457,0.641831216997334,0.640904526056613,0.647771414028132,0.659544724617222,0.671422612411363,0.679494039697516,0.682360441393299,0.680977225495157,0.677403705075964,0.673650748089853,0.671305684532178,0.671682096040595,0.675752424665413,0.683487132677805,0.69307457068959,0.700999512357999,0.703541031396007,0.699120511804366,0.689970724457261,0.681678753053279,0.6804100258109,0.68925550113414,0.70598225105866,0.72381169303123,0.735022151125065,0.735338905366296,0.726470040131586,0.715223224279542,0.709726330765468,0.715014866887584,0.730528291344242,0.750767677188152,0.768439058103161,0.778109134654385,0.778447420245212,0.772254963152108,0.764762391072502,0.761311481602739,0.765379722377307,0.777417717651379,0.794639911636877,0.811844504823022,0.823267472437121,0.825107967481061,0.817758484782972,0.806414486362433,0.799176321710001,0.803064174943182,0.819868229832545,0.844364321736871,0.866434596168858,0.876383002664873,0.870572328114321,0.853949060539818,0.837655619977811,0.832879407214688,0.844493044555486,0.868287247491465,0.893449704151889,0.908747074304914,0.90867242038972,0.896005724041909,0.879594223419879,0.869080187946838,0.869902480304068,0.881292915193173,0.897818175522572,0.912878588998697,0.92183234719949,0.923285246069652,0.918635547236528,0.910941480451586,0.904007682357475,0.901721911207305,0.907100631507393,0.920832622391691,0.940037647285246,0.95852316306157,0.969257969738898,0.968244685804636,0.957555791605998,0.945244258926021,0.941519145653657,0.953037085237112,0.978697733290929,1.00971969628802,1.0342393893852,1.04383403994455,1.03812440734799,1.02480145593268,1.0152252251415,1.01830414066947,1.03611680722648,1.06342583619075,1.09088084015007,1.10980254403136,1.11598582764434,1.11095171083425,1.10064190378442,1.0926476863376,1.09324912718626,1.10513399646721,1.12627919550178,1.15036617490851,1.16896944812255,1.17517159019729,1.16726384616176,1.15049884495501,1.13533116746308,1.1323769777407,1.14650668177581,1.17352428408185,1.20178895059459,1.21830844037715,1.21598692006502,1.1977542793484,1.1750196604966,1.1612947154177,1.16476195712081,1.18412753118003,1.20996516366355,1.23037772696143,1.23738237502574,1.23041169290018,1.21547712281328,1.20123469732788,1.19465370470495,1.19852591075268,1.21138631631429,1.22894751694854,1.24582471729607,1.25699812464067,1.25918294680355,1.25224716868945,1.24010510624141,1.22999950214354,1.22961398272207,1.24296360275048,1.26739480994507,1.2939876146276,1.31182611432785,1.31403815608928,1.30201667734227,1.28505229519227,1.27535356034929,1.28131038152258,1.30294633602018,1.33213432423081,1.35726618624724,1.36950028453833,1.36700281232784,1.35507934455878,1.34268038394412,1.33771345586988,1.34375913399365,1.35939375487514,1.37962307397001,1.3981247899533,1.40932361586443,1.41005635185582,1.40083801553587,1.38633031848843,1.37421971402876,1.37215923635137,1.3837555889574,1.40581777809862,1.42900676937005,1.44226911382564,1.43895915743081,1.42106791478457,1.39872134919921,1.38485339806684,1.38800770156444,1.40753096188326,1.43403483379281,1.45477933055154,1.4606755350283,1.45081524466044,1.43220114931436,1.41536154800754,1.40877603722317,1.41522000634214,1.43147545837408,1.45073621663769,1.46587603577911,1.47200496925947,1.46776171786339,1.45554470260894,1.44088779579035,1.43084142778505,1.43130109828106,1.44401067211669,1.46484528850063,1.48493495325005,1.49478231235487,1.48947813026925,1.47192988336997,1.45182224378724,1.44054777247227,1.44493461278999,1.46344987651266,1.48709694508767,1.50443666927026,1.50777336866438,1.49696236267753,1.47885458590952,1.46309326493701,1.45703023690735,1.46263792604738,1.47661681387158,1.49283052528987,1.5051949499962,1.50962667734525,1.50484730465802,1.49257161484406,1.47735106687321,1.46564173820171,1.46356258707641,1.47375779848495,1.49305310483206,1.51288739179841,1.52314622793353,1.51773085187593,1.49860149208209,1.47548422685976,1.46090728992125,1.46322396309166,1.4817580857417,1.50706753451208,1.52621770280462,1.52990630947537,1.51726443559331,1.49575841309446,1.47666626822723,1.46907240424309,1.47575270143496,1.49273268017339,1.51200717577586,1.525445628643,1.52794032803123,1.51888323688989,1.50204017083151,1.48420715315847,1.4729064257735,1.47345450154625,1.48628386450509,1.5059452729319,1.52294354742541,1.52815999647199,1.51780323883354,1.49597482684833,1.47297954121003,1.46002162324061,1.46322373249629,1.48036443643488,1.50212375337771,1.51708702635097,1.51772254661177,1.5040516187004,1.48310809149597,1.46479540430469,1.45676970207844,1.46119032227525,1.47464135731984,1.49052499243166,1.50214863900299,1.50503055650419,1.49799339572029,1.48336132576276,1.46649799950039,1.45442346540126,1.45323395865313,1.46494272918086,1.48547571261259,1.5056304367691,1.51529514551496,1.50898732323446,1.48945606228905,1.46684780513439,1.45349199552039,1.45713570560417,1.47658383334939,1.50234919268098,1.52190534091075,1.52640776195451,1.51503668614863,1.49476371950987,1.47614901048713,1.4678923708189,1.47309327111195,1.48869458448324,1.50763856746044,1.52214132672198,1.5265990444973,1.51939151534042,1.50340710646758,1.48520005767612,1.47271349523904,1.47196213430573,1.48390924958671,1.50329138370414,1.52058385016498,1.52662282975258,1.51756567485781,1.49726429398222,1.47545191770552,1.4626661321048,1.4647933201742,1.48020535281314,1.50085522517616,1.51657572289202,1.52023308443579,1.51100708717249,1.49419783110133,1.47802000034985,1.46947054044654,1.47149552258613,1.48248478882916,1.49766141994713,1.51121334625557,1.51823941813361,1.51619130790793,1.50578949104798,1.49117914714944,1.478822269289,1.47494232131588,1.48235042567762,1.49842049841282,1.51581281588227,1.52603785497633,1.52405173881229,1.5111813180362,1.49452965308081,1.48312243338179,1.48304588853018,1.49439043677255,1.51161701253418,1.52685186266684,1.53399246344633,1.53133879712502,1.5216636263448,1.51023768552076,1.5022602489928,1.50098621218438,1.50699878043872,1.51835635794744,1.53123919828718,1.54103657174109,1.54393613155669,1.53867896093946,1.52758332018617,1.51591216187279,1.50947642501154,1.51157636743343,1.52107105547807,1.53288003098513,1.54075020180173,1.54064654183162,1.53272538518388,1.52084143314148,1.51016483312371,1.50451683477601,1.50485792979473,1.5094100654456,1.51497192374729,1.51852726290266,1.51832170580903,1.51409567847961,1.5067571369342,1.4979863535002,1.48996537118038,1.48500517006786,1.48479831323217,1.48944604973205,1.49689268196879,1.5034235862535,1.50528945681326,1.5006899705851,1.49092857078279,1.47993119870775,1.47230693664654,1.47104035638909,1.47610436806048,1.48466423952241,1.49258909811446,1.49634745871033,1.49436706956514,1.48742230650646,1.47814244109967,1.46999099867628,1.466051282051,1.4678862121802,1.47478137601266,1.48374842585605,1.49053338742589,1.49143400460444,1.48517773926103,1.473848767384,1.46217567095744,1.45532993749152,1.45628607879706,1.46417736775943,1.47462136390699,1.48189472286152,1.48177741205179,1.47354018961107,1.46010668559604,1.44647254890004,1.43733503246456,1.43511709355384,1.43916885952105,1.44626755102156,1.45202238969525,1.45259198140072,1.44614478181654,1.4335914037133,1.41828474535362,1.40470654494511,1.39659879700907,1.39532353438058,1.39920859452741,1.40422805541145,1.40576323786087,1.40068089705092,1.38879375882566,1.37302567118457,1.35817836848617,1.34882559785906,1.34725722153366,1.35238876910823,1.36014965865063,1.36523423863827,1.36349529603227,1.35392746752647,1.33929306156175,1.32499510056816,1.31661049217683,1.31719871428392,1.32571416767382,1.33738677671875,1.34596630273069,1.34674200483754,1.3388048027646,1.32539502538002,1.31218844617607,1.30445392505451,1.30456332458367,1.31106664860072,1.3196599879202,1.32540129062118,1.32499337692389,1.31807229258376,1.3070468504526,1.29574895118325,1.287628140777,1.28431048766004,1.28508881498758,1.28746820767139,1.28843559001159,1.28582853515714,1.27917340551994,1.26965947773094,1.25937192349461,1.25027401752605,1.24349223511228,1.23918396540433,1.23685068384471,1.23570184663198,1.2347661313799,1.23280303648595,1.22837307790792,1.22037286195823,1.20890779270871,1.1958892990589,1.18466216425842,1.17849432730994,1.1786135847273,1.18302674255518,1.18709673197644,1.1858243637152,1.17662662021164,1.16094079807735,1.14360375709326,1.1303004140265,1.12456455738616,1.12606077136781,1.13103890218946,1.13452237708514,1.13285041477332,1.12519205806436,1.11345942284191,1.10102542115726,1.09115247019375,1.08587144902385,1.08553299526095,1.08887006696666,1.0933866706558,1.09605353175872,1.09432134603906,1.08722791399042,1.07608151156113,1.06419303502701,1.05555222486275,1.0529781778339,1.05667744773448,1.0639957917926,1.0705196563631,1.0719773405437,1.06603976081613,1.0532722922565,1.03694427446631,1.02184108864675,1.01247742576587,1.0112370264812,1.01707172721875,1.02542399045039,1.02977032159539,1.02448908268081,1.00787451324768,0.983637068487546,0.959688825972709,0.944404443700375,0.942146108087137,0.950583745559033,0.96156988187906,0.965341481775745,0.955795182160447,0.933832627297612,0.906846460066978,0.884676819765598,0.874394869587081,0.876823330688912,0.886535189592117,0.89501756244483,0.89503732756912,0.883887031684634,0.864121698184822,0.841865079081203,0.823858907301003,0.814685034624807,0.81516064275219,0.822263421369418,0.830438776828057,0.833816173442996,0.82860693332742,0.814780401521114,0.79621527768913,0.779068636256063,0.768968375336916,0.768350266897521,0.775315347805204,0.784626942003749,0.790300797591809,0.788389501924987,0.778557230590252,0.763835328927964,0.748966081023287,0.738329622883099,0.734358627657307,0.736845091841601,0.743106637478527,0.748851863998191,0.749617825409965,0.742538688674698,0.727861385976486,0.709354342348859,0.692994924837463,0.684185553227551,0.684792006074766,0.691748323395579,0.698316363893294,0.697560064122171,0.686142850182215,0.666211274482272,0.644218182096724,0.627391718739371,0.619951080286274,0.621208864640469,0.626431760971157,0.629666000556449,0.626752630403526,0.61696261123632,0.602734986800285,0.588088044670034,0.576745180834804,0.570797066763688,0.570202909421492,0.573048482763529,0.576356310118564,0.577223041407628,0.573965465812312,0.566827802009435,0.557850952917569,0.549862862978809,0.545066678242707,0.544007122963683,0.545498404256543,0.54748183147897,0.548184817408708,0.546828362020446,0.543564264794446,0.538946864583021,0.533534539270526,0.52794582535903,0.523134959807221,0.520340757731331,0.520427751031295,0.5229810259204,0.525955102488046,0.526446973872021,0.522348273580883,0.513848068777391,0.50367264348876,0.495719095793675,0.492846420813867,0.495215295829273,0.500235231366308,0.504116162847128,0.503995072428851,0.499327579659634,0.491833345980123,0.484262727987249,0.478901587783668,0.476673950325615,0.477121211234101,0.478951250268853,0.480667572021243,0.481008486715945,0.479226046509082,0.475308435447597,0.470087938453209,0.465035389993737,0.461655614533301,0.460722624991031,0.461828977892534,0.463601454667325,0.464492092031725,0.463631807368727,0.461190061701268,0.458067256966055,0.455242204178275,0.453295779177036,0.452388016427058,0.452522521217265,0.453699416155877,0.455741837236406,0.457994982900455,0.459329790007624,0.458676787999423,0.455815768231649,0.451798774884118,0.448544259826618,0.447741621822066,0.449778733473282,0.45346216132879,0.456755037716449,0.458020874950685,0.456910727290013,0.454335622827063,0.451667265070636,0.449841908426744,0.449004407848413,0.448806164390968,0.44893460198381,0.449346628148061,0.450047647277957,0.450731869623126,0.450739964939051,0.449477710040244,0.446971339335758,0.444049613040542,0.441921048439461,0.441419948487687,0.442483564101087,0.444241985125987,0.445612504786865,0.445916828751856,0.445091432224076,0.443460939793031,0.441410938877291,0.439301370288938,0.437626945949385,0.437102347553107,0.438370170673323,0.44141361201635,0.445158267224234,0.447758605642384,0.447589824910484,0.44435355018686,0.439483877089895,0.435456452523436,0.434378466892333,0.43677221163203,0.441335079789809,0.445769283305315,0.448065908713033,0.447423964466753,0.444372306034128,0.440258046166192,0.436582495576895,0.434534741748175,0.434738778370884,0.437067343968565,0.440516373718264,0.443360615072686,0.443793998743228,0.440904224134496,0.435414876088316,0.429573403866245,0.426042928971943,0.426377887138021,0.430061643020697,0.434785446945071,0.437818049529534,0.437563499854096,0.434304715705857,0.429751019886678,0.425854646727891,0.423783582271294,0.423657554062003,0.424969925016061,0.427126999183032,0.42961571211257,0.431814409061671,0.432877266661666,0.432048574577819,0.429274532939692,0.425560024169075,0.422604323443817,0.421818523046751,0.423393688513596,0.426135148459467,0.428224972583458,0.428366033449163,0.426485731929497,0.423555998996894,0.420783972284835,0.41885906431776,0.417781850411614,0.417240824624564,0.417053093880951,0.417219161847039,0.41759218500126,0.417592040916967,0.416389981380033,0.41353766030915,0.409529094600778,0.405736178285718,0.403635261976977,0.403848430032531,0.405722735040538,0.407769502349024,0.408614026741445,0.407732592611997,0.405486144835888,0.402575772482575,0.399495467713864,0.396458184008643,0.393742516240175,0.391959038494896,0.391799278892956,0.393361644846339,0.395656231971726,0.396875119017144,0.395428588665826,0.391063963268116,0.38520274566768,0.380156306940573,0.377718449734346,0.378111855534165,0.379995188580393,0.381441449569513,0.381119729080257,0.378871604240932,0.375442000550166,0.371783298332046,0.368560035084661,0.366134551538307,0.36479362950444,0.364779345548542,0.365975116131414,0.3675642435151,0.368143709357577,0.366438608708447,0.36219824030453,0.356579132776788,0.351622272203226,0.349099991814304,0.349499819526075,0.35182008483876,0.354252138883018,0.355207479424681,0.353995976086395,0.350843201243418,0.346475672832354,0.341735824492087,0.337468367838996,0.334525770113546,0.333588795664864,0.334739766755246,0.337109601769887,0.339035954187702,0.338845449068351,0.335846476494824,0.330846080159802,0.32576293661243,0.322538557709487,0.322061692696334,0.323801245222319,0.326306801329227,0.328121767192941,0.328448242785439,0.327226333559464,0.324814281132326,0.321710208996556,0.318553971532116,0.31623512151779,0.315742288235536,0.317626026598819,0.321397965028658,0.325416802189252,0.327555404976145,0.326363979313455,0.32200331030689,0.31629638398156,0.311809702010239,0.310513720858066,0.312819656348372,0.317496642847568,0.322396869138749,0.325485086343378,0.325633940664725,0.322922762252186,0.318481254711671,0.314044996123722,0.311359453038627,0.311543619093684,0.314592049552828,0.319268630737253,0.323564977052601,0.325614119556428,0.324625483639601,0.321302787874007,0.317464982932147,0.31507708424113,0.315270571594666,0.317910788978214,0.321872235927094,0.325723902514228,0.328347813797748,0.329204030772104,0.328295475225135,0.326063256091134,0.323337318033161,0.321244360337668,0.320904635424382,0.322928553724586,0.326983412499197,0.331773866271924,0.335559483278324,0.336971080736209,0.335666231147997,0.332457627530848,0.328881475462943,0.326493342392507,0.326268092155884,0.328326056421662,0.331982700313812,0.336005837589396,0.338992671990034,0.339829260746963,0.33815097908016,0.334610580628967,0.330731723626044,0.328294281861828,0.328495787548691,0.331338173638689,0.335609661644911,0.339488395875108,0.341421508818954,0.340795246134215,0.338090413809658,0.334553223728042,0.331647900650887,0.330557644276548,0.331845314619313,0.335266958498532,0.339754042166979,0.343660509081494,0.345336800866499,0.343884717910462,0.339713853355337,0.334504134893613,0.330478324261582,0.329329399885427,0.33140178687313,0.335582282819693,0.339911289004664,0.342505945947529,0.342285324527764,0.339225524053569,0.334207100499534,0.32867427841478,0.324241196154636,0.322234180510603,0.323169951962537,0.326357528850062,0.329958300545124,0.331700592526406,0.330021819291773,0.325006654347426,0.318476798198588,0.313069828494595,0.310816055844342,0.31208306778702,0.31551679448104,0.318935344903161,0.320530489552284,0.319631493281678,0.316705661570907,0.312829826342664,0.30912751705254,0.306489936253013,0.305527917745354,0.306507785779475,0.309162019433962,0.312551280394183,0.315259889432969,0.315986722278504,0.314230995020227,0.310610315895918,0.306564051674351,0.303625975711253,0.302735838549559,0.303969095016839,0.306703935011114,0.309951719015537,0.312597468847806,0.313557233196995,0.312045381347796,0.308023129037819,0.302567285436535,0.297715812561155,0.295593020336928,0.297183312366226,0.301548946348897,0.30614613038124,0.308191841546838,0.306266779037145,0.301114774672963,0.295127303739756,0.290901160121457,0.289848677446972,0.291698105080347,0.295011566813408,0.298160096309401,0.300039563576932,0.30021396649441,0.29870696490966,0.295855582176026,0.292382598564091,0.28945413036825,0.288388909588136,0.289998602035725,0.293970468391182,0.298821042117628,0.302590174868515,0.303883395114267,0.302582075079815,0.29977756646273,0.297051410634461,0.295650840968957,0.296070172217611,0.298134113914125,0.301289320686193,0.304778620531964,0.307665793323955,0.308953402909521,0.3079827587538,0.30495737294307,0.301142857350191,0.298403021907948,0.298214755483997,0.300772776982968,0.304823401316505,0.308381582100846,0.309855801388343,0.308834687083983,0.306085398054738,0.302913914700027,0.300444039584334,0.299285765187636,0.299625789277346,0.301411053773344,0.304326622057245,0.307618104850775,0.31009821382524,0.310589952072744,0.308646031658216,0.305026950667121,0.301481665826016,0.299855754701272,0.301071463436457,0.304646826100929,0.309038720041276,0.31251916911532,0.313983064876672,0.313249852064779,0.310865242886748,0.307730094113977,0.304843281074225,0.303162841990929,0.303397159772233,0.305645782176807,0.309100610854652,0.3121644087622,0.313131039773109,0.311127437781988,0.30671788557686,0.301710873234847,0.298224554500159,0.297573809455434,0.299651737076099,0.303120352458242,0.306192568411376,0.307478813252142,0.306464402203047,0.303522356193367,0.299640506117768,0.296071719641208,0.293981562373008,0.294081577242083,0.296308210557572,0.299733809496866,0.302880026875977,0.30437722189822,0.303635184020136,0.3011152257546,0.298028315346208,0.295667305420932,0.294810254323835,0.295526122738705,0.297377842324997,0.299745243496266,0.302000756668263,0.303515182523705,0.303688778612625,0.302173756796454,0.299206414905998,0.295750235737347,0.293199721404784,0.292704459195697,0.294497182642622,0.297672243916591,0.300593046160204,0.301703810136805,0.300278751525289,0.296718263562434,0.292304243194903,0.28861468325641,0.286895717338927,0.287610855937238,0.290268748876541,0.293567948547851,0.295858607057436,0.295821973406108,0.293110114310953,0.28860067842588,0.284048260594255,0.281244860481878,0.281130171549911,0.283361893975223,0.286582475310451,0.289182226554674,0.29007408496725,0.289058219811405,0.286685955174567,0.283854401457936,0.281440366465463,0.280112210057695,0.280246912811459,0.281832722903444,0.2843702754237,0.286922760081791,0.288430280496545,0.2881974407304,0.286273284657004,0.283460284787036,0.280923001227884,0.279631913721587,0.279963956828562,0.281637763941287,0.283927020756995,0.285962283630818,0.286977873842669,0.286492873414785,0.284473359499806,0.281446383615332,0.278430881933838,0.276579307690613,0.276623029879179,0.27842918265045,0.280990648485139,0.282919113516362,0.28316549150972,0.281527289081489,0.2786568731608,0.275634059220561,0.273431240947847,0.272587123412701,0.273169943589411,0.274886801829469,0.277172970733418,0.279250906819662,0.280285320662035,0.279709629053775,0.277593663241673,0.274771743721181,0.272537398325043,0.272006399216883,0.273519165783847,0.276461633980446,0.279607941775757,0.281744719416504,0.282191717021659,0.280974055502544,0.278673880021182,0.276155445097487,0.27431478673788,0.273860953206403,0.275077798216,0.27761155990276,0.280458580479214,0.282305433202559,0.282151672919306,0.279884925788281,0.276420237878162,0.273257549950112,0.271696780141898,0.272186056332261,0.274180273060074,0.276535032372259,0.278129974241755,0.278340547530471,0.277167178352198,0.275088563881896,0.272822540884751,0.271112310109961,0.270538141243444,0.271330570619075,0.2732404472391,0.275582448982457,0.277502882339682,0.278360480959687,0.277998797588751,0.276748574017533,0.27519196105381,0.273881741471965,0.273196075621556,0.273343599694901,0.274383847962808,0.276148201439034,0.278118887477036,0.279464205344128,0.279363581142712,0.277504511588811,0.274411595584384,0.271301747052084,0.26946833720582,0.269552700929283,0.271174318095852,0.273158464805381,0.274198201227465,0.27352233128522,0.27119385454719,0.267954238297209,0.264808049346311,0.262616049037045,0.261843839537187,0.262463691809157,0.263968298840079,0.265509747448028,0.266196536892264,0.26548699864829,0.263482625392732,0.260908786580001,0.258744674647533,0.257713824693324,0.257957777471616,0.259078250324293,0.260456260403045,0.261575586644202,0.262139148680745,0.261994571152082,0.261056735940647,0.25937156377776,0.257260897062194,0.255338905031349,0.254264345093833,0.254340697583031,0.255265162982676,0.256259834877954,0.256527486765096,0.2557087005373,0.254015917058825,0.251989107563335,0.250118092378071,0.248643007715506,0.247631652827102,0.247154929426783,0.24730828966928,0.248024020772237,0.24888517098816,0.249211486667329,0.248459529294065,0.246663703620485,0.244543496820987,0.243132943462279,0.243166588962502,0.24465554124158,0.246934639335534,0.24909432459198,0.250447611280844,0.250733050468498,0.25003531240772,0.24863348612116,0.246958226729156,0.245617038017413,0.245291697931214,0.246410725592718,0.248772002617887,0.25145597643804,0.253222421711236,0.253208127372851,0.251458757563894,0.248904125349421,0.246785810549189,0.245946265679862,0.246460437626743,0.247789532750475,0.249234329053351,0.250301329810835,0.250772837790302,0.250584746776134,0.249757861354085,0.248487496555538,0.247247411959591,0.246684697700278,0.247269931442933,0.248940652328399,0.251053368578797,0.252737225460151,0.25340826635493,0.253062856458931,0.252156744809968,0.251223805353532,0.250579341208402,0.250320198112247,0.250518060226428,0.251315761148267,0.252762849085155,0.254540283269583,0.25590665551261,0.256045991039345,0.254626741093054,0.252133868930928,0.249660782497707,0.24826351817818,0.248334769051958,0.24944186953369,0.250702694656187,0.251366528899438,0.251162541297272,0.250236390307866,0.248858110107099,0.247225620603842,0.245511056899631,0.244006027355285,0.243112227569568,0.243097083110935,0.243808833518801,0.244641033482376,0.244846894275155,0.243999180301163,0.242253303663082,0.240226108528905,0.238607123296538,0.237801959261438,0.237825806461876,0.238424735504243,0.239240226071878,0.239881691721638,0.239944824277819,0.239104736167956,0.237315706165796,0.234968682407522,0.232803728103182,0.231542340019411,0.231460832662715,0.232224667820174,0.23312507150455,0.233540493952125,0.233266309334877,0.232481399544845,0.231440689774409,0.230209977793305,0.22869046361192,0.226885024354141,0.225114094510376,0.223924228435211,0.223715801975694,0.224387948596576,0.225310568644459,0.225674181770335,0.224968462185867,0.223255069844383,0.221082852316787,0.219163161736292,0.21804876116083,0.217971649331298,0.218825040497282,0.22020196143028,0.221470202367668,0.221948223365561,0.221208682621855,0.219382130753137,0.217224920191728,0.215806708656078,0.215938221194408,0.217689260007596,0.220328139390069,0.222733698984473,0.224003396708902,0.223865771655606,0.222683363063641,0.221139089033322,0.219880054889871,0.219327952709922,0.219660779095966,0.22083753644169,0.222583852841598,0.224394680787744,0.225664036923402,0.225946279400578,0.225195064779265,0.223791367085408,0.222320092032607,0.221257731959689,0.220797813206877,0.220902099525296,0.221457488165872,0.222344838140691,0.223357896501608,0.224111513589407,0.224133855685073,0.223168964039115,0.221472166096758,0.219806511019628,0.219049014273534,0.219639992371274,0.221272873949128,0.223065741562509,0.22409708777062,0.223923698476009,0.222742054672891,0.22115159252242,0.219764942667652,0.218956922888656,0.218851774264148,0.219424558900489,0.220542928164761,0.221914781910728,0.223066179702438,0.223477175696741,0.222844279723764,0.221281442254898,0.219284902529214,0.217470907904683,0.216277853047686,0.215833547051369,0.216023024051547,0.216621583858206,0.217347918614299,0.217838258826147,0.217675265395053,0.216568512957499,0.214600950680676,0.212317114602614,0.210499984576281,0.209730853713477,0.210033918221208,0.210874203303857,0.211513464165194,0.211454690438818,0.210657034675858,0.209414943745834,0.208072488071146,0.206841298559647,0.205838275688682,0.205220283960093,0.205202015861665,0.205882243989562,0.207028726348368,0.20805660270745,0.208289766906882,0.207350640170012,0.205404142892948,0.203089949580857,0.201207719423964,0.200369872981624,0.200799003034885,0.202297421174437,0.204315897883405,0.206074991411607,0.206769161699309,0.20587684592786,0.203476404131313,0.200351240155519,0.197717465597496,0.19664410950366,0.197486761407429,0.199697204292917,0.202138830155507,0.203699237446664,0.203811561236821,0.202604947507843,0.200690279042645,0.198806717692902,0.197554278626956,0.197275799674796,0.198015648861666,0.199493924955725,0.201138903189476,0.202262490529486,0.202365245474386,0.201407408781775,0.19984659228113,0.198389072341797,0.197616902236905,0.197743365901652,0.198628426182502,0.199965242316293,0.201434529304676,0.202715885768993,0.203439021035722,0.2032455685161,0.202013014789992,0.200079775386282,0.1982272947178,0.197332228846765,0.197878427708576,0.199665433108334,0.201923364292261,0.203743968416721,0.204520131680072,0.204127444502398,0.202820789114643,0.201026694273864,0.199212819281215,0.197848710605754,0.197336559242654,0.197836846313926,0.199087619492797,0.200417010269681,0.201039408524292,0.200484168020829,0.198859429424659,0.196757530358531,0.194884482729972,0.193699134148474,0.193298917041668,0.193547311341958,0.194240015082238,0.195134602423532,0.195874236027612,0.195994098138168,0.195134071477184,0.19334722969342,0.191228328170371,0.18967736379526,0.189404866076328,0.190518864295656,0.192487965001522,0.194481964561649,0.195809801996569,0.196148836976201,0.195491172660745,0.193986513960984,0.191896263597223,0.189676747345821,0.188000942268482,0.187538611213479,0.18855237056743,0.190603480716232,0.192651263256363,0.193553484720505,0.192662992783261,0.190138521041886,0.18680540093487,0.18371750142775,0.181721848999746,0.181224739777596,0.182150759417568,0.18398823025455,0.185887830789793,0.186886867984286,0.186296664494523,0.184109034945902,0.18113622743689,0.178689097414875,0.177906106649844,0.179131101206654,0.181743786927935,0.184542226252743,0.186398922947456,0.186761963936758,0.185749923795155,0.183914134863051,0.181931923677409,0.180422848556676,0.179872833542008,0.1805401959708,0.182304538270164,0.184584353757034,0.186486827398141,0.187192862774644,0.186364046697542,0.184300706242916,0.18175173187813,0.179529459480339,0.178193298362624,0.177951294817963,0.178721063135875,0.180197360891393,0.181866528312348,0.18306048402833,0.183165742082311,0.181948302545121,0.179775668309474,0.177515304285023,0.176106770565301,0.176066033083345,0.177249291385278,0.17901019102006,0.180594959585248,0.181482442364941,0.181488643134249,0.180684993222418,0.179302376012302,0.177714401657053,0.176429142664785,0.175962477651971,0.176586539160767,0.178117022612771,0.179934497146275,0.181272873384274,0.181594207662023,0.180803634538511,0.179201616719215,0.177281568826177,0.175558630276668,0.1745029358813,0.174489794423369,0.175658068216692,0.177718468757452,0.179908650370189,0.181256306432281,0.181072984179924,0.179366380041567,0.176862190520322,0.174597586185555,0.173366532417121,0.173388959579185,0.174368406943247,0.175790996291007,0.177179443320448,0.178149355320876,0.178360074780723,0.177554351636169,0.175744893849326,0.17338434160121,0.171290920146782,0.170280724274574,0.170719769755014,0.172305703096488,0.174225838547032,0.175564153922866,0.175687268927565,0.17442812670609,0.172080250127955,0.169310006920373,0.167023093339561,0.166117755277175,0.167095365207383,0.169685254308471,0.172780626932045,0.174872200818145,0.174823528622222,0.172523727109128,0.16896896407857,0.165697170893755,0.163950668363379,0.164107812270465,0.165683430326653,0.167768299356732,0.169519516141847,0.170403848353718,0.170191302847651,0.168894727367452,0.166790432657782,0.164450193805181,0.162618043629228,0.161894466410274,0.162411452389698,0.163752497913336,0.165198142846892,0.166115477506417,0.166209148647185,0.165504473978493,0.164182724791487,0.162485917640001,0.160765994506173,0.15953415275227,0.159317369187809,0.160323801437298,0.162168965413028,0.163952010734992,0.164720079622392,0.164027132915609,0.16218629882293,0.160041792060773,0.158453686551068,0.157877906675595,0.158287772205227,0.159373912797287,0.160768331084715,0.162116259617355,0.16304544337478,0.163205027380561,0.162443109176812,0.16098763102868,0.159422906157783,0.158408919896035,0.158327388798829,0.159118405809924,0.160407355320135,0.161771383265641,0.16290312313137,0.163579961159571,0.163575314796458,0.162709651940116,0.161062592750685,0.159136171879884,0.157728040128219,0.157505893049594,0.158565605017425,0.160322746308528,0.161846122879115,0.162396324915794,0.161786213318703,0.160353965607564,0.158660909813841,0.157202575898802,0.156317159053966,0.156230721269275,0.157053337615069,0.158651431787035,0.160531500398024,0.161938342976817,0.162204573059622,0.161141775856249,0.159183278441679,0.157163856395619,0.155895755999673,0.155825831123251,0.156940311165823,0.158862614469361,0.16098775247911,0.162587873576758,0.162965413892668,0.161728436151526,0.159090828898826,0.155944414383918,0.153520566062709,0.152755325851513,0.153750377904349,0.155713224742977,0.157433350645385,0.157964919057695,0.157061191966677,0.155134357636815,0.152882795729464,0.150919845248561,0.149625142372057,0.149178786177525,0.149597414447917,0.150681775109583,0.151971417406038,0.15285959013079,0.152877365161431,0.151961435379604,0.1504880551373,0.149036156628801,0.148066823525169,0.147756721892101,0.148055774557742,0.14882844113493,0.149896659661945,0.150963460301504,0.151577666911356,0.151294754528588,0.149983861322355,0.148030712534948,0.146210462364227,0.145260948383389,0.145450174468842,0.146455061607812,0.147622054385211,0.148383145390263,0.148513692754772,0.148099295003141,0.147339601198031,0.146413865395336,0.14550164286508,0.144853761032172,0.144754745843019,0.145354050411533,0.146513342404533,0.147833345230169,0.148864790933128,0.149337653749598,0.149235693370729,0.148702091620817,0.147916890377784,0.147077056941932,0.146454077412735,0.146380883024287,0.147077766476857,0.148419839836292,0.149873744911611,0.150735151895438,0.150544280596522,0.149377747989164,0.147791355299864,0.14646439686367,0.145825732873126,0.145922102957739,0.146553005172579,0.147475819389869,0.148480906238914,0.149326879955565,0.149699034218234,0.149327911239485,0.14821242883039,0.146739604989187,0.145546913284135,0.145189411712101,0.145844090967347,0.147247880016224,0.148868179817831,0.150141959625361,0.150634590332483,0.150111481086343,0.148605744894234,0.146499492410183,0.144504128505432,0.143412598734383,0.14367362923886,0.145055901742538,0.146693684050986,0.147556991591338,0.14705457614991,0.145351722406927,0.143194179131186,0.141404011128925,0.140434488348231,0.14026469974511,0.140603167994567,0.141144988271264,0.141669518982029,0.141987889541936,0.141906168547492,0.141312204464171,0.140309721511926,0.139229007406367,0.138450351787384,0.138172331680983,0.138327978817401,0.138712254412221,0.139174172940659,0.139669160864663,0.140130262381132,0.140333233162648,0.139964240635731,0.138894109068451,0.137416737993544,0.136181941534416,0.135801942913194,0.136417070022788,0.137576759766242,0.138544667288574,0.138787280577011,0.138267410692832,0.13735326000387,0.136484522088547,0.135905583576655,0.135650561690006,0.135697918588133,0.136073766211879,0.136789881190961,0.137715830195732,0.138568230188129,0.139069984325635,0.139137545071343,0.138911327105073,0.138603276011913,0.138326024800438,0.138082162341333,0.137909145211063,0.137989222405961,0.138551559189693,0.139614161863016,0.140816004855814,0.141554087913961,0.141374524321792,0.140315663374057,0.138912100599721,0.137845542112147,0.137521129496885,0.137889568942244,0.13859986017197,0.139287528173223,0.13973782610817,0.139846555808611,0.1395233058143,0.138713218307348,0.13753751717279,0.136373943987072,0.135719865969136,0.13589127835492,0.136794575074765,0.137969973154848,0.13887467297012,0.139174310331002,0.138833548410882,0.138005327977348,0.136893467387204,0.135731474704047,0.134834057496489,0.134556056273007,0.135085208346192,0.136212710828964,0.137328603273266,0.137736871071402,0.137097469075135,0.135654602953296,0.134061835999281,0.132941555490152,0.132524153184174,0.132617003951058,0.132856398467938,0.132978691058847,0.132895648915848,0.132591868352823,0.132029773296299,0.131191899052706,0.130196105030892,0.129311894750201,0.128805933982408,0.128741983980814,0.12893437213023,0.12911318245823,0.129144409664685,0.129088194556087,0.129045898766403,0.128973700193664,0.128685696439728,0.128073155255327,0.127322442878988,0.126879275723587,0.127135997806274,0.128096847666761,0.12932630408444,0.130245301234796,0.130530860839819,0.130288643766597,0.129882886265811,0.129613819122915,0.129539937883111,0.12956578540903,0.129647402621275,0.129875451325064,0.130355496164823,0.131033935301521,0.131674892176674,0.132027059310703,0.132014656604125,0.13176259527476,0.131444582119998,0.131129223123917,0.130791456577668,0.130462782788948,0.130324729281617,0.130596238705447,0.131290838929794,0.132089841978006,0.132502252182199,0.132216452812583,0.13135039423625,0.130378611742417,0.129796283375492,0.129805213446048,0.130263523995032,0.130883729130111,0.131451397072634,0.131868777853307,0.13204855273388,0.131848256963649,0.131172440859612,0.130153315928852,0.12919259453569,0.128756664806114,0.12906153203758,0.129912785565124,0.130840730440195,0.131410217650007,0.13144406991666,0.131009893942048,0.130258197299171,0.129317874087862,0.128341704632195,0.127587393756252,0.127355949715363,0.127768898932523,0.128580680559015,0.129249907116849,0.129276046453118,0.128547997297762,0.127410894130638,0.126392550213696,0.125824882538426,0.125671310342987,0.125664342398521,0.1255768889527,0.125364720911107,0.125088388840236,0.124757005470922,0.124292568837745,0.123650805439707,0.122943218853993,0.122397277215419,0.122174126376111,0.122232079999921,0.122387287168076,0.122512050082071,0.122653894415969,0.12293489829969,0.123332566603729,0.123594624230397,0.123424609549408,0.122793016811154,0.122066876737499,0.121791269619647,0.122280316134989,0.12336940804388,0.124547405913498,0.125347284089408,0.125650052067495,0.125659094561171,0.125620965613231,0.125589615535605,0.125449097190155,0.125127480401486,0.12474678497446,0.124542848176944,0.124645587887646,0.124957352141647,0.125254598073385,0.125395498187545,0.125408171579007,0.125375994756776,0.12527026637007,0.124946623893134,0.124339558555631,0.123650007090983,0.123288506752981,0.123566179350022,0.124395084825549,0.125288738124412,0.125695110447011,0.125390389954255,0.12460658025601,0.123811704653724,0.12336622355662,0.123352350459538,0.123664172531496,0.124186408864673,0.124843503951824,0.125495331267946,0.125861802522678,0.125642075217809,0.124768384074359,0.123547442492129,0.122510207198766,0.122062379722838,0.122229902494555,0.12271338130747,0.123176278492076,0.123482420046593,0.123676666414344,0.123781421634493,0.123669396401487,0.123175937785517,0.122337726003144,0.121483948661738,0.121038031184254,0.121183817052308,0.121705242713016,0.12215726731043,0.122214427376528,0.121882176429315,0.121402390995357,0.120983898565507,0.120638357884328,0.120261352689202,0.11982937402508,0.119471513779564,0.119329671636415,0.119366477446098,0.119347328304556,0.119038723499134,0.118428148878945,0.117738277428096,0.117219988166156,0.116941479260428,0.11679366937379,0.116696131450141,0.11676240589875,0.11721586488627,0.118115559660739,0.119177345563119,0.119911258147611,0.119989544177809,0.119516541642095,0.118945247766406,0.118713167765536,0.118930129764478,0.119386665653219,0.119832055126215,0.120218968657455,0.120674344526671,0.121256982088803,0.121785547191103,0.121939378971219,0.121541368338912,0.120736949899032,0.119887570053595,0.119287001601322,0.118979518139617,0.118836337000858,0.118768677982124,0.118821777739354,0.119045448520051,0.11930562862809,0.119290342005103,0.118764748116309,0.117846360871234,0.117007845415251,0.116755947882219,0.117249051483595,0.118186762052913,0.119057192311795,0.119505026078062,0.119500829670443,0.119216188621747,0.118798088327131,0.118295678687544,0.117781100643828,0.117467446057563,0.117625192999042,0.11833502130932,0.119328470547838,0.120115902388097,0.120323388846557,0.119942531786006,0.119272039696767,0.118627484105033,0.118112655459622,0.117660879922417,0.11726017534383,0.117082653343293,0.1173492633338,0.118058235399964,0.11887352623508,0.119325108044876,0.119159402149237,0.11851830456622,0.117786099316182,0.117262528162555,0.11697389558915,0.116772756679237,0.116576456143124,0.116469049482345,0.116562456985218,0.116788740828167,0.116877489927329,0.116573388675475,0.115884004102659,0.115102146545809,0.114571955571167,0.114426218579571,0.114542737117887,0.114732215630578,0.114932448738244,0.115196530671514,0.115508747733642,0.115670106535304,0.115431716023219,0.114776188257883,0.114052000213404,0.113776929964435,0.114249071050394,0.115311049474448,0.116483802277186,0.117340411918025,0.117772427911732,0.11792758404356,0.117934653457781,0.117732298964274,0.117183840566291,0.116338813343408,0.115535028249501,0.115195984812185,0.115497432223694,0.116220037020216,0.116925072088879,0.117276351558563,0.117208292255259,0.116825186503322,0.116203062759224,0.115344823175598,0.11433303823156,0.113467052376669,0.11315569533854,0.113596660015836,0.114536393397164,0.11537795710801,0.115591042921358,0.115084423203241,0.114225323705078,0.11351414418516,0.113227009735287,0.113328438112601,0.113661038812114,0.114152546037489,0.114810171915926,0.115544701383438,0.116074906803901,0.116078775552281,0.115475135855204,0.114549005716663,0.113769673207368,0.11345703402508,0.113606098333765,0.114014869109757,0.114547695607962,0.115235932400946,0.116110189122397,0.116969311352608,0.117384450868582,0.117001386357254,0.115878733793781,0.114526416515539,0.113576083886991,0.113360539025114,0.113757691061021,0.114392897443973,0.11496192224239,0.115365522577186,0.115587123534625,0.115526639895862,0.11502700574539,0.114083015125532,0.112985031094497,0.112190311492884,0.111997019106845,0.112318939570384,0.112777767291832,0.113021354537528,0.112960940921039,0.112722228459827,0.112412646231377,0.111991102392916,0.111391905965376,0.110750207793704,0.110437025032137,0.110799143933648,0.111823349612441,0.113060214000557,0.113914035204023,0.114055296489201,0.113595322157302,0.112898556498149,0.112254183584607,0.111734260417412,0.111334029888227,0.111176730555964,0.111504090970453,0.112425263640182,0.113686902079366,0.114739437190416,0.115087868350563,0.114625984428117,0.113662291345258,0.112643401652592,0.111857372608784,0.11137592014061,0.111212601660755,0.111445808252555,0.112125245436362,0.113063987443938,0.113794371990343,0.113825977593976,0.11302177506059,0.111746081736993,0.110622611386819,0.110100459405391,0.110200667431206,0.110631120413983,0.111104180380133,0.111527281246949,0.1119147636171,0.112185086270018,0.112122075407948,0.111577885827559,0.11070522362482,0.10994651231525,0.10974715111468,0.110245164126825,0.111217239630695,0.112302993749386,0.11326010474845,0.114005306685252,0.114458148360206,0.114433831050268,0.113772158211085,0.112601204989444,0.111433608115798,0.110915627331501,0.111388619388812,0.112633351484255,0.114023507081312,0.114949927380632,0.115151220724949,0.114714254356504,0.113842485008372,0.11268328046192,0.111375031771582,0.110187001215508,0.109504730576685,0.109592728953485,0.110343104400803,0.11128176924639,0.11186986598855,0.111846640351899,0.111319049758455,0.11055874616535,0.10975037414677,0.108949386140463,0.108245922921095,0.107885051162036,0.108137639514562,0.109008525380369,0.110090445448106,0.110768958837342,0.110644162719467,0.109806610240047,0.108729629796932,0.107897600802973,0.10751901055834,0.107549156352055,0.1079131627211,0.108631383032717,0.109697321783642,0.110870082039544,0.111671506843112,0.111674993289823,0.11085063401023,0.109636834863784,0.108652829833652,0.108303367442549,0.10861150421526,0.109368339160902,0.11037667682889,0.111515279940287,0.112599255082138,0.113273829575312,0.113156718590613,0.112155946611572,0.110651390632036,0.109313463888598,0.108672834609844,0.108803957394205,0.109381174316951,0.110011699519646,0.110506289620689,0.110857467126224,0.111027429992463,0.110844581708764,0.110163550614028,0.109122653370322,0.108189597493378,0.107884336423775,0.108403009117221,0.109483605496572,0.110625663512426,0.11144029894412,0.11181113441597,0.11177903449057,0.111361899637981,0.110560063006302,0.10954304307376,0.108756664032637,0.108730573183988,0.109681025126825,0.11126119357158,0.112723117836213,0.113388957209894,0.113046284150931,0.111965357645915,0.110595875346736,0.109270636056129,0.108164756596905,0.107443486565557,0.107330811808372,0.107955096540731,0.109124821618087,0.110315859573069,0.110957690298682,0.110792828008385,0.10999180286549,0.108941324748495,0.107939294479648,0.107093001173937,0.10646584765364,0.106232586343838,0.106599517996259,0.107532219637114,0.108594678483553,0.109140444182891,0.108752419696803,0.107555750996303,0.106120339296805,0.105044779419556,0.104596042894041,0.104689144264768,0.105135233434794,0.105840969445475,0.106752318745359,0.107662127727165,0.108175851239023,0.107958528684049,0.107055480659077,0.105954849993069,0.105289484893394,0.105426028041967,0.106294768270319,0.107566625856682,0.108946976912188,0.110281411012908,0.111420265847369,0.112079696790712,0.111942822908398,0.110957018557968,0.109520998530727,0.108317540890351,0.107886719995999,0.108299600793745,0.109202462090168,0.110147121573103,0.110870937364057,0.111293947344483,0.111332568315836,0.110822738876056,0.109692903816105,0.10820402943906,0.10694566480848,0.106500492478762,0.107037713274904,0.108197395056029,0.109366607525201,0.110087876391386,0.110247674661685,0.10994928379997,0.109296029261065,0.108356314781541,0.107319671689085,0.106590216640035,0.106605787244539,0.107482716140751,0.108825597459092,0.109930602080428,0.110244109104855,0.109690210086022,0.108609594238562,0.10742503161932,0.10638104813979,0.105569883870684,0.105117952928098,0.105239626804657,0.106043949378574,0.107297269591533,0.108440607136393,0.108917334751639,0.108540196447711,0.107569887699003,0.106457077839355,0.105521332883386,0.104865648717946,0.104538341090531,0.104677064328626,0.105409633618413,0.106596898414913,0.107733008873713,0.108196705464949,0.107685480778005,0.106445979319552,0.105083163038021,0.104124963206665,0.103735352500094,0.103789684047389,0.104149655682746,0.104800652243023,0.10571472630492,0.106643999710826,0.107148991170173,0.106910119269903,0.106037418066916,0.105052947778092,0.104530031941457,0.104712010509261,0.105443876599782,0.106424546925895,0.10747440949089,0.108541445650395,0.109494869052963,0.110011387641979,0.109759378942126,0.108737663578258,0.107413266922925,0.106469997017844,0.106361037141586,0.107054346209088,0.108164791102785,0.109290671469647,0.110210199602542,0.110801637021928,0.110882767533191,0.110247365520453,0.108918861485723,0.107338378773235,0.106209556552007,0.106055832621245,0.106860144111243,0.108109105851573,0.109188907280168,0.109761889917567,0.10981523699976,0.109435740882839,0.108632498292982,0.107422616611063,0.106048777471612,0.105008545377757,0.104763806801237,0.105364384663868,0.106358288204915,0.107105524724909,0.107220976237245,0.10675432020218,0.105992854320156,0.105148623595767,0.104268519493433,0.10341696712614,0.102854511954383,0.102936178816282,0.103781131011454,0.105055524870101,0.106133661295424,0.106527194282882,0.106195757153023,0.105471573971442,0.104718802996402,0.104092340125369,0.103608534490582,0.103371756957435,0.103627697588035,0.104527700991442,0.105848685945191,0.107012179389152,0.107457237899853,0.10704637848495,0.106127711935417,0.105210211154129,0.104584449215647,0.104244336768424,0.104120760394618,0.104303910090038,0.104968691474532,0.106078854652779,0.107226328956204,0.10784480072125,0.107638857132342,0.10682138429688,0.105927221494223,0.105390168664973,0.105290792000645,0.105476487540267,0.105853810910091,0.106491820626073,0.107421111640355,0.108386074534606,0.108889020455855,0.108556192006444,0.107489469496402,0.106245929015253,0.105444242827956,0.105358732339709,0.105850613729001,0.106625462320207,0.107490387789311,0.108345833460513,0.108995695335237,0.109090777728164,0.108367137929955,0.106972092189161,0.105507494658408,0.104667221059859,0.104757391833481,0.105525696235232,0.10643421583349,0.107087580001259,0.107412099498531,0.107480125307377,0.107255017999508,0.106585712394913,0.105461720315292,0.104213427578435,0.103377034585862,0.103305108535218,0.103894522288816,0.104699701784456,0.10530817521047,0.10559940083343,0.105660389919903,0.10551826347285,0.105041063982387,0.104143530645941,0.103056520776192,0.102306440231159,0.102344921302719,0.103158965421409,0.104250154899888,0.105020191670398,0.105201759686758,0.104945476879651,0.104539102716026,0.104101056174643,0.103572655322968,0.102969750677316,0.102554838803496,0.102685049238211,0.1034689105268,0.1046011773273,0.105573136634422,0.106061021902109,0.10611020552,0.105959895155569,0.105740318902107,0.105394223723415,0.104896969516337,0.104487750022868,0.104589203926484,0.105434967084471,0.106772888356805,0.107975542127486,0.108490888876796,0.108221738648003,0.10749814860923,0.1067204951622,0.106062474825566,0.105509856357643,0.105113706869303,0.105101005094419,0.105668677480078,0.106677538634647,0.107616331854656,0.107940157419866,0.107485609727699,0.10656685400609,0.105674929552286,0.105096637434087,0.104818930897513,0.104748228708825,0.104930566003435,0.105486808829836,0.106337352620365,0.107069867329203,0.107175829251573,0.106474535846702,0.105304732574236,0.104270097578287,0.103769982447536,0.103759242943941,0.103933963589467,0.104099775173119,0.104317033388733,0.104696075085415,0.10511848388469,0.105240654508856,0.104809919480945,0.103958008840318,0.103141112987402,0.10276901866772,0.10289751715896,0.103283452929504,0.103704578860833,0.104167480362387,0.104774839056551,0.105430486737015,0.105766369707939,0.105438225384729,0.104509397740653,0.103501176487726,0.10300801374997,0.103227566630061,0.103854656641607,0.104421680384121,0.104721202411391,0.104890154054109,0.105118337115606,0.105345388579245,0.105299134783789,0.104830109370258,0.104157950601455,0.103737918025136,0.1038723096954,0.104469408704157,0.10518759023973,0.105782558311745,0.106268999891514,0.106740294542337,0.107094865805236,0.107034019371975,0.106384167714588,0.105400345688827,0.104679026658289,0.104701359684138,0.105429058841096,0.106346764424005,0.106905121403908,0.106928702089347,0.106619349810677,0.106224340538501,0.105771899170874,0.105155264088471,0.104425341413789,0.103908069307509,0.103964945927753,0.104631560037684,0.105529243695496,0.106165078835894,0.106321735726921,0.10614753677229,0.105888706369893,0.105591914345525,0.105117999402801,0.104435461666649,0.103824660464802,0.103706240248692,0.104229281749738,0.105050868606015,0.105570790053515,0.10541946416613,0.104730619922404,0.103950395529381,0.103406331101721,0.10308175499327,0.102788709764188,0.102494511777151,0.102411307595971,0.10274922332604,0.103424728212514,0.104069270751529,0.104345975308736,0.104237376604566,0.104001426781193,0.103864259731185,0.103806003857579,0.10367577169609,0.103481354487731,0.103484676716404,0.1039483482453,0.104789795369167,0.10554233176807,0.10571836054578,0.10523628573128,0.104483502746712,0.103951954554051,0.103817400534979,0.10387641824912,0.103865843067605,0.10379089778264,0.103904957669379,0.104383087638717,0.105068462450325,0.105580956591696,0.105671717135399,0.10544067383851,0.105195801729056,0.10513223065636,0.105194790719014,0.105256347149808,0.105367134027909,0.105743481629168,0.106473869121449,0.107276461616759,0.107629630399492,0.107206068583882,0.106192601678445,0.105162745716999,0.104612618547652,0.104605429218581,0.104842146999059,0.105030160922446,0.105138074448516,0.105294744646305,0.105506201144185,0.105557803391607,0.1052343086133,0.104604944608906,0.104027969689447,0.103838449925843,0.104044954868893,0.104362044821529,0.10453679373813,0.104600421683486,0.104762345838675,0.105074113737083,0.105265620687434,0.104977504167856,0.104166897791672,0.103242645898427,0.102748633287183,0.102889406577744,0.103369133160289,0.103697660909844,0.103642070658225,0.103372704065852,0.103196223382035,0.103203431229255,0.103218632924409,0.103075116460826,0.102873148344647,0.102910498636548,0.103360657931506,0.104067765057293,0.104696574490199,0.105070932629558,0.105317211793208,0.105650443980879,0.106053536909968,0.106234198731281,0.105937626492393,0.10528109748924,0.104724363996301,0.104670632116422,0.10509737973292,0.105598454331413,0.105789982283333,0.105653936702995,0.105473200611803,0.105459516142568,0.105501049330608,0.105308427512152,0.104787533677214,0.104213845731635,0.104003052654156,0.104317515242519,0.104925016666118,0.105445413448797,0.105701092524733,0.105794926215448,0.105867608675998,0.10585537963085,0.105558204566738,0.104950692490954,0.104357062609515,0.104232809061078,0.104730418746105,0.105495216356802,0.105930144508259,0.105692866907998,0.104950256794378,0.104167755749643,0.10368131433708,0.103488231117606,0.103417515175174,0.103422898798922,0.103641984403449,0.104171378045298,0.10485292161729,0.10535319072919,0.10546928361329,0.105317632935757,0.105183878251799,0.105197595454429,0.105203555862973,0.104983902635006,0.104579672067723,0.104327041248475,0.104529128958643,0.105100258101163,0.105580597092017,0.105540445452777,0.104976021299036,0.104296043078753,0.103919718800887,0.103902858035389,0.103960077181384,0.103821355809033,0.10352077154504,0.103322044485245,0.103400218657633,0.103653883421743,0.103847037350929,0.103892119500663,0.10393309057217,0.104136340909622,0.104450600203668,0.104639989772018,0.104572090981983,0.104426481494222,0.104552765670265,0.105095831517476,0.10578762608421,0.106152371986982,0.105937531550024,0.105337178430926,0.104789437753588,0.104574175575583,0.104629417269569,0.104743464795,0.10486307629557,0.10514957507744,0.105725557041206,0.106424564115541,0.106862254214334,0.106782520679637,0.106310255947601,0.105831705975109,0.1056279640823,0.105654185542775,0.105686443943491,0.105642172814452,0.105688899037757,0.106007394215524,0.10648635388806,0.106727091133505,0.106401888387603,0.105603993156708,0.104806440528304,0.104447927659397,0.104556864522349,0.104783119748449,0.104777576025428,0.104509293846498,0.104210212330187,0.104059338354676,0.103987628817848,0.103813874624414,0.103524041845199,0.103342659147316,0.103497470840454,0.103948751811161,0.104408667124395,0.104644969390177,0.104725994767206,0.104915845906933,0.105324953364855,0.105716297109388,0.105715141162655,0.105222703982575,0.104586079158508,0.104316150081288,0.104624775641823,0.105251987362685,0.105751783802436,0.105925875837301,0.105954996395361,0.10611992983612,0.106446413020192,0.106668487182383,0.106533347233647,0.1060918885192,0.105651304916448,0.105457625819186,0.105475452190685,0.105504027300233,0.105470167594761,0.105533148477348,0.105862703552169,0.106348843453628,0.106608501875239,0.106332856835384,0.105623509635749,0.10494567726373,0.104720685552388,0.10496327146709,0.105321519791846,0.105450949001535,0.105315902387556,0.1051231610581,0.105014051082764,0.104895168583404,0.104599235872074,0.104166768330458,0.103891606129089,0.104047696027234,0.104592991856237,0.105189753445747,0.105531743943727,0.105621634040895,0.10569486625382,0.105886434576802,0.106033458211138,0.105857529836866,0.10533541083542,0.104833271860961,0.104820028933409,0.10543379920275,0.106347395533867,0.107070559469816,0.107372558941398,0.107400837496286,0.107416113182278,0.107472227044433,0.107395012799129,0.107050503138232,0.106563150071258,0.106218737844225,0.10616503445624,0.106262197190582,0.106259204293846,0.106089369006781,0.10593538179063,0.105982616354296,0.106151232554597,0.106138244112286,0.105750434272061,0.105161156660754,0.104783105102324,0.104865781045641,0.105240873963165,0.105492924619704,0.105377418986663,0.10504331243151,0.104834744018095,0.104905626039283,0.105073809908195,0.105061586241766,0.104836487214966,0.104664347623232,0.104820383869387,0.105289234352945,0.1057875797457,0.106069300938888,0.106155597295443,0.106233005390705,0.106359670454104,0.106351122668307,0.106008362306905,0.105437782575515,0.105073251800467,0.105321340068065,0.106174412454269,0.107196179356446,0.107901746875767,0.10814419000048,0.108130051295481,0.108098060873378,0.108047391653086,0.107809923001259,0.107346207424015,0.106887127003587,0.106732862913398,0.106931510124689,0.107212661071074,0.107266077833805,0.107058309896542,0.106830653078496,0.106784287813043,0.106821381252069,0.106653847841563,0.106169043637968,0.105631279728769,0.105461794073378,0.105807741962336,0.106361944847938,0.106640431267461,0.106436530544576,0.105983761922364,0.105677990978865,0.10567825964737,0.105811581175414,0.105847674823325,0.105799191901434,0.105898633730238,0.106293124682284,0.106826778258995,0.107173330493048,0.10717039636058,0.106970647047765,0.106838007310421,0.106831788163175,0.106755875243337,0.106442359660296,0.106039611469176,0.105948037762429,0.106436638771731,0.107344508189901,0.108198600524159,0.108633442671275,0.108673788737947,0.10859954811752,0.108574824688546,0.108471114478193,0.108075354272177,0.107424662176261,0.106862428059279,0.106729439934351,0.107023291870969,0.107401761971813,0.107524289187682,0.107354671981877,0.107106827268021,0.106930628573626,0.106727130786539,0.106316667428124,0.105753356275425,0.105387170647638,0.105552443357459,0.106200075008173,0.106885922927582,0.107157145239162,0.10694734137516,0.106580547577834,0.106406429021723,0.106474787676889,0.106584070000813,0.106602868465575,0.106664377648869,0.107003034141972,0.107632914813456,0.108257810204634,0.108535199544575,0.108403628777093,0.10810582295856,0.107890187896085,0.107746038252875,0.10748720558192,0.107084726236919,0.106839377402114,0.107147627217009,0.108079781130543,0.109230165959833,0.110029603134697,0.110216994860407,0.109995029248426,0.109736731632078,0.109586010063821,0.109382075089262,0.108951759865195,0.108399705150543,0.108047801892426,0.108093400911847,0.108383643454802,0.108567237632192,0.108449259268004,0.108145750972532,0.107875873170957,0.107656942155101,0.107281422124347,0.106617776176828,0.105878366696349,0.105507276011392,0.105764188184505,0.106441364209488,0.107030926822958,0.107180274673479,0.106965928203319,0.106723142416783,0.106655450241177,0.106668797802793,0.106590446978099,0.106478925199135,0.106630179065258,0.107248543706888,0.108156051835064,0.108889559999033,0.10910481688864,0.108860404284809,0.108488837124415,0.108224232741405,0.108017860160972,0.107736590051677,0.107479881522367,0.107602179290878,0.108367737638141,0.109607243425978,0.110777552172219,0.111397388569452,0.111419397190722,0.111167080840776,0.110938597682514,0.110727561315913,0.110349637442354,0.109787458459137,0.109321365470495,0.109273399036532,0.10965025057222,0.11009751230403,0.110228009804921,0.109965278350701,0.109534139724918,0.109140701820426,0.108736622369386,0.108148551878664,0.107407361321838,0.10685664742597,0.106862960424855,0.107420379188254,0.108095488683876,0.108404101097257,0.108237755328588,0.107899591291958,0.107735594550495,0.107781844169239,0.107807122899796,0.107668839945234,0.107546797371205,0.107771284539588,0.10843693177767,0.109244489534316,0.109755468101071,0.109779936851392,0.109479560586279,0.10910776784974,0.1087254309545,0.108237805429724,0.107691645262527,0.107433223555182,0.107867698851133,0.109031245174077,0.110445904375291,0.111457191501565,0.111741079251668,0.111482153456488,0.111078630549741,0.110728832634526,0.110344814100147,0.109835244414038,0.109372477178822,0.109294280316744,0.109736626854298,0.11042656351167,0.11089509315749,0.110893461729307,0.110563508638298,0.110194335676628,0.109869084768769,0.10942133298016,0.108745248722774,0.108072621380324,0.107849106282143,0.108300927650441,0.109159054125181,0.109862097166895,0.110044391528469,0.109807734544469,0.109519298852321,0.109396197516144,0.109346000510475,0.109208137338435,0.109067991420151,0.109239379241359,0.109912586472012,0.110872457025903,0.111628422402569,0.111835761703628,0.111558368937942,0.111107262607684,0.110672100725846,0.110185508265033,0.109565491755745,0.109015189542669,0.108970970726212,0.109693990312538,0.110936313761617,0.11207065039055,0.112583176788529,0.112436905261628,0.111959749442092,0.111430494648693,0.110842683298043,0.110084341439627,0.109271522916207,0.108794711202902,0.108980477338361,0.1097336871527,0.110569837500591,0.111019842496693,0.110981244140526,0.110666195614203,0.110262260508476,0.109734614786575,0.108998986759822,0.108224895493517,0.10784797876499,0.108202204777976,0.109148321921899,0.110125959742769,0.11061400575235,0.11053877722207,0.110226635046346,0.109995478151146,0.109857704882985,0.109645591908521,0.10936577768005,0.109325897364032,0.109851899259941,0.110904152772974,0.112035037673243,0.112754240618658,0.112914762033266,0.112722723602022,0.112412183470534,0.111999492050365,0.111407796946801,0.110782542638479,0.110562252041513,0.111139181918844,0.112438055710716,0.113882066629169,0.11482263607062,0.11501454794716,0.114676827132957,0.114136657577441,0.113491289335217,0.112654395251888,0.111676027320323,0.110900039660319,0.110723035530744,0.111202847289712,0.111962127239245,0.112510181003748,0.112637476341268,0.11246688375896,0.112153565731741,0.111632632633678,0.110741037291309,0.109570577338983,0.108596634269001,0.108353873369553,0.108951811592367,0.109940964434238,0.110688958717587,0.110887864948991,0.110689540618263,0.110389528662982,0.110067980193812,0.109600578331108,0.108986451226515,0.108553625406897,0.108743912664788,0.109679723965516,0.110990289958587,0.112102130379643,0.112690497934799,0.11282736213093,0.112725209940049,0.112434966678027,0.111876571434416,0.111146510737092,0.110678392664212,0.110977364807627,0.11215210258943,0.113744302741098,0.115068086231414,0.115730425149339,0.115817674125672,0.115612154698874,0.115214414417433,0.114513144368448,0.113504130978435,0.112532161556732,0.112112956941125,0.112486904769712,0.113385431423244,0.114269546713674,0.114781543056527,0.114931253528198,0.114865157047747,0.11455316112331,0.113805090485572,0.112609368019294,0.111367280201708,0.110680083339045,0.110851386281777,0.111614935854703,0.112379238913399,0.112732597260393,0.112690402460726,0.112479333626046,0.112173870398424,0.111634209756526,0.110802895799473,0.109970197775909,0.10964153016391,0.110105142188894,0.111159688566953,0.112295857634899,0.113125308120123,0.113594073887765,0.113797237200726,0.113690046731591,0.1130997533417,0.112051930874454,0.110999938106691,0.110604456838302,0.111209608283776,0.112535375974558,0.113911385007749,0.114815976045296,0.115180333794381,0.115205026888057,0.114980389908571,0.114384950894608,0.113365799862128,0.112227465079311,0.111531192567925,0.111659611928049,0.112500784561059,0.113584857568136,0.11450710344745,0.115172208483247,0.115636106485341,0.115809627561724,0.115443357384913,0.1144522746393,0.113192043527422,0.112305717748048,0.112231776418707,0.112862585392237,0.113699913105578,0.114323295204784,0.114668664455838,0.114864998194572,0.114896537187365,0.114542445379752,0.113687386293556,0.112624172052242,0.111945084079505,0.112079045282321,0.112945237971007,0.114077632346772,0.115059642696057,0.115786444444073,0.116309608884909,0.116527642059649,0.116164145219102,0.115110868788045,0.113736302598441,0.112743862104837,0.112649061677157,0.113384320424165,0.114424350007071,0.115275666238072,0.11580741994079,0.116122204995778,0.116205593887277,0.115826170266119,0.114826659697268,0.113453270204267,0.112298876830676,0.11187037022038,0.11222206880617,0.113022521135512,0.113932426890965,0.114841306579335,0.115721039462524,0.11634559291311,0.116305054058911,0.115384701284407,0.113903605915939,0.112586602189684,0.112031528300221,0.112284919484492,0.112933888238908,0.113570410057627,0.114107236930644,0.114640507170612,0.115099402399905,0.115162285076341,0.114581487769759,0.11354914497465,0.112656096808117,0.112442861176895,0.11299876612606,0.114005343640421,0.115118609169057,0.116227185133714,0.117317713879678,0.118181671459157,0.118403631480053,0.117729257930547,0.11642367158849,0.115182461527684,0.114627023731188,0.11487385386248,0.115587674532161,0.116400148900679,0.117202533401237,0.118019570126906,0.118693877173747,0.118836127039944,0.118164043357976,0.116861386246434,0.115524578659324,0.11471382471437,0.1145675415555,0.114858831260863,0.115365399741781,0.116083818984745,0.117041190484858,0.117973636290174,0.118332911102182,0.117709604173817,0.116251439410422,0.114609830038348,0.113438742573619,0.112946520617084,0.1129237465979,0.113133412216536,0.113571700899371,0.114312136053237,0.115174831890634,0.115686102518156,0.115449368557764,0.114545025663629,0.11351071548307,0.112907246255973,0.112923957335092,0.113404792609575,0.114179264879646,0.115250596886522,0.116611741872071,0.117955953457662,0.118716872047936,0.11849671069897,0.117456324957241,0.116229140931023,0.115419977198572,0.11519672307438,0.115363936086116,0.115759365173686,0.116469439292282,0.117610847826509,0.118969096523255,0.119977968213405,0.120136083017957,0.119440192647196,0.118373931982856,0.11747567316599,0.116958712536709,0.116756458393057,0.116846658626833,0.11739060529846,0.118479603118657,0.119799925433508,0.120680042746388,0.120569484413759,0.119489636634018,0.117990841363677,0.116669250752776,0.115754519223893,0.11515920697355,0.114834924341572,0.11494788924573,0.115645259686386,0.116711942457112,0.117580218658508,0.117753574042361,0.117213669268925,0.116379035422529,0.115681345484501,0.115240030565409,0.11496671049158,0.114901822808216,0.115309253973312,0.116362148204416,0.117779678254841,0.118886727737617,0.119113130677413,0.118443542129778,0.117362276896339,0.116380980161434,0.115672014861481,0.115165205213657,0.114905895157643,0.115177303470659,0.116199291690975,0.117753922248703,0.119211912302964,0.119990478695891,0.119979378337588,0.119505593860468,0.118926869633164,0.118341467794805,0.117718314789239,0.117218653769147,0.117239449624733,0.1180510870808,0.119420546780944,0.120681555481809,0.121233769153257,0.120972763268316,0.120230208224181,0.119350839518409,0.118415272448345,0.117398008475731,0.116500228456706,0.116175692019563,0.116741237596959,0.117988505219429,0.119261127478775,0.119960310850274,0.119967279736525,0.119572925315586,0.119061827682389,0.118460805445758,0.11771754774631,0.117027537071399,0.116836057208224,0.117437661955172,0.118606960576615,0.119705907002378,0.120194101686892,0.120017569027336,0.119493654881729,0.118880326617437,0.118153557710077,0.117232321007207,0.116332140882942,0.115960880339222,0.116494456970382,0.117783933443276,0.119238785143411,0.120306332777937,0.120836071914554,0.120978876130625,0.120823900706701,0.120261806518981,0.119248328071009,0.118114137816243,0.117470137699644,0.117723040501115,0.118699008637649,0.11979315400697,0.120495007700365,0.120735606108863,0.120727272969721,0.12055612764076,0.120051143160041,0.119089888169049,0.117948873089305,0.117226521750751,0.117359886111285,0.118242549212571,0.119355011697976,0.12024884083774,0.120846855416795,0.121270377449731,0.12147652999449,0.121201754149336,0.120312128875625,0.119134536961557,0.118322674945863,0.118336221134222,0.119068728547312,0.120009554830688,0.120736896435161,0.121194507738941,0.121496455535383,0.121575870454513,0.121164331677815,0.120160140369762,0.118935069413702,0.118158494511396,0.118264928289698,0.119115470977362,0.120200909188228,0.12113460468456,0.121883816237401,0.122530999230045,0.122927037129187,0.122717133725541,0.12174933503676,0.120381897490432,0.119286170880885,0.118912345327657,0.119177186024697,0.119682854256082,0.120176076165389,0.120709710856505,0.121357310212159,0.121885914300204,0.121848328168316,0.12104336033457,0.119821581073897,0.11885366113107,0.118577617497746,0.118903101467121,0.119452780706765,0.120013798678737,0.120665545921263,0.121474045078103,0.122181833779797,0.122329569230396,0.121714793569529,0.120662728938165,0.119774945449203,0.119415608724125,0.1194912911673,0.119729040737776,0.120075714623794,0.120719273756586,0.121712636137584,0.122686923542313,0.123061634629491,0.122576615043466,0.121570124932937,0.120688457816365,0.12033902040867,0.120464520751781,0.120820097893184,0.121353529798359,0.122206250607342,0.123353119829249,0.124369943819505,0.124686242946646,0.1240978324883,0.122976473589876,0.121933646349876,0.121304676251864,0.12100451575796,0.120854210391461,0.120927021951231,0.121466428630471,0.122474167434316,0.123496254377371,0.123926333086656,0.1235376575111,0.12266755875114,0.121858217391119,0.121364310038647,0.121063108672559,0.120807427494464,0.120739660549485,0.121154601988453,0.122069020233389,0.123037625697565,0.123484256135873,0.123211031419248,0.122528498668204,0.121881436849271,0.121418750556711,0.120994033183959,0.120547007859999,0.120350776882634,0.120775216073394,0.121817432661807,0.122965177540019,0.123600406982397,0.123529695283685,0.123075368450173,0.122659566504933,0.122380576522748,0.122055728872903,0.121628736292445,0.1214019659672,0.121773940396429,0.122771277690248,0.123930948641138,0.124692038515791,0.124867411170965,0.124684115178833,0.124399043780726,0.123990185007069,0.123303510123161,0.12245144817251,0.121921997413772,0.12218615643032,0.123203961986378,0.124392618471414,0.125122909364374,0.125222841144435,0.124973259256254,0.124667899499684,0.124288908374723,0.123665535897994,0.122874422855362,0.122340785767866,0.122466831541345,0.123200703785481,0.12405553160264,0.124571851205064,0.124702202074052,0.124699150153469,0.124684775142679,0.124455052113868,0.123774650191793,0.122802691929748,0.12210019842076,0.1221458133278,0.122872896781879,0.12374178592077,0.124265401079322,0.124406386566444,0.124438248256202,0.124495959607828,0.124384067684782,0.123868818304052,0.123077671306002,0.122491601336496,0.122504770627971,0.123050628314156,0.123721134141699,0.124223611309245,0.124628115724932,0.125127735961316,0.125638087637093,0.12576778827425,0.125242834079482,0.124298665503523,0.123553391925914,0.123461215216134,0.123932643705565,0.124521277691306,0.124932436552646,0.125261642103513,0.125720602844026,0.1262290311446,0.126402195201596,0.125973196220622,0.125150355040196,0.124471705992074,0.124306751679683,0.1245661852414,0.124924266085062,0.125247749107283,0.1256955803003,0.126378712696067,0.127030663900915,0.127149772625724,0.126508192499461,0.125454923691316,0.124640760065287,0.124441553461201,0.124695983654123,0.125007542380308,0.125220301722259,0.125512622283477,0.126040550970991,0.126608783778065,0.126800855200861,0.126429357130966,0.12576732374755,0.125276700980291,0.125149708061229,0.125197623946453,0.125194009526412,0.125224021369589,0.125585486984732,0.126345427283676,0.127104071287089,0.12730302471978,0.126774154462449,0.125918845402551,0.125308929152016,0.125150345322791,0.125191946305269,0.125135519300432,0.125032171809467,0.125199177153485,0.12578323864618,0.126516575471973,0.126967220844022,0.126983549678257,0.126804829480968,0.126723712050937,0.12673261385061,0.126596382865621,0.126255077715966,0.126032557417878,0.12634233032597,0.127196111009234,0.128093717368002,0.128460271204967,0.128170722512979,0.127598214339706,0.127166111513629,0.126936698505865,0.126689576413359,0.126340592787071,0.126152464421395,0.126461099538955,0.127246026310848,0.128075201604949,0.128511107037078,0.128513432297985,0.128380138495916,0.128324933805472,0.128222077484487,0.127833626325312,0.127229310543342,0.126851104612344,0.127088053132795,0.127826575815354,0.128506085105398,0.128646534497988,0.128277590554203,0.127816662562361,0.127573607274222,0.127463656712647,0.127227203785929,0.126842381133987,0.126607723507499,0.126799012903821,0.127332231573082,0.127851183788297,0.12813009494772,0.128292141114763,0.12857488191102,0.128942800870358,0.129053398573216,0.128659203103527,0.12797758651522,0.127558440736609,0.127752884895512,0.128364224635411,0.12887216368426,0.128974658087138,0.128841777676347,0.128826609524094,0.129008992423418,0.129117305466372,0.128898655892838,0.128469747623882,0.12821964353519,0.128387608706219,0.128827543683171,0.129229961605505,0.129506869487752,0.129850174138817,0.13038946514854,0.130890589552981,0.130912525469074,0.130288618788434,0.129379579611277,0.128776447248323,0.128756247666541,0.129078846640654,0.129322565793043,0.129348287588875,0.129366948735199,0.129581346147872,0.129875718430865,0.129940392951705,0.129667429996531,0.129316695901854,0.129237098110905,0.129478752076092,0.129769350038454,0.129880363435536,0.129923210532209,0.130192748541194,0.130733711655047,0.131169634301751,0.131047470279733,0.130338008132349,0.129520735205942,0.129136781579449,0.129292540712241,0.129643430004255,0.129833925147365,0.129867941792777,0.130008373542056,0.13038163889305,0.130794261964527,0.130974644395003,0.130916400491442,0.130882448278203,0.131065057847213,0.131336951495714,0.131421228195282,0.131280242151439,0.13122831439691,0.131589309716881,0.132279866775272,0.132822126194473,0.132807222963327,0.132302569392394,0.131750120687632,0.131483362462646,0.131418226603928,0.131250242679637,0.130890157000349,0.130605585636151,0.130708554036839,0.13117783396886,0.13167165522267,0.131904375840556,0.131924777080247,0.13197074034992,0.132106950487161,0.132120158223362,0.131818834521278,0.131362859068096,0.131181023699613,0.131520270233064,0.132132981731037,0.132482491419238,0.132264236694516,0.131680194139331,0.131187805902526,0.131035024629876,0.131101785522529,0.131172047218579,0.131252854982005,0.131541570982399,0.132110658045578,0.132738839978987,0.133125898564979,0.133232561153093,0.133312031294042,0.133574083723131,0.133889973389686,0.133921428187835,0.133548778052512,0.133089742942206,0.133018325299558,0.133473387985826,0.134106274552671,0.134441684478511,0.134348547440567,0.134108081715713,0.134041575625904,0.134154435333089,0.134195091293452,0.134013146616184,0.133758570624456,0.133689931080604,0.133854223298857,0.134049463734998,0.134110514156309,0.134140411115592,0.134371732957816,0.134814126472101,0.135138632666621,0.13498682359495,0.134375234542635,0.133721101407893,0.133435750042517,0.133530131154696,0.133663870734913,0.133558714154559,0.133290849521291,0.133145435290321,0.133244242327778,0.133409161020904,0.133412572822798,0.13328524474569,0.133291009460708,0.133600458871088,0.134074634524226,0.134434154346893,0.134605604229714,0.134805059209021,0.135234748027371,0.135755738278968,0.13595824772206,0.135591726080455,0.134878469872182,0.134344287712119,0.134338948831159,0.13476086405371,0.135253252927749,0.135605362098845,0.135897542416665,0.136276341962567,0.136692280299948,0.136941884069625,0.136943087259426,0.136868683476107,0.136946364332128,0.137169607272362,0.137296461373875,0.137162944453678,0.1369311309024,0.13694266214178,0.137317783616649,0.137767383454232,0.137862241023025,0.137476910412954,0.136914542896711,0.136577459636283,0.136559546440983,0.136607095400068,0.136455868582362,0.136130482714668,0.135873998279366,0.13583525245919,0.135913853755427,0.13593436801359,0.135897342438738,0.135967990334379,0.136214474509839,0.136447590449967,0.13640484749529,0.13608665349869,0.13582961888308,0.13598554749119,0.136541646315597,0.137108581651919,0.137297609360359,0.13707571385562,0.136730169176885,0.136529272200271,0.136491088873535,0.136497335728326,0.136552421148471,0.136827849007327,0.137430524213829,0.138202484077114,0.138832098871636,0.13916551342563,0.139342485242574,0.139582311253662,0.139876152300523,0.139971424210911,0.139688975118983,0.139201400400633,0.138923241603111,0.139108633616173,0.139598025460048,0.139992827194221,0.140055632952634,0.13989598097222,0.13977214384168,0.139781258248441,0.139801763095959,0.139711988673982,0.139572936932781,0.139538325619529,0.139624829541038,0.13966207739439,0.139508095941468,0.139259940600616,0.139170083359412,0.13933838050192,0.139548505941768,0.13947362279952,0.139041483746088,0.138542334132712,0.138343741063624,0.138524097595808,0.138826339678766,0.138962261136692,0.13890553222298,0.138853154247232,0.138942067881026,0.139083716441185,0.139105246587624,0.138995688833384,0.138934934613928,0.139071305556253,0.139339522196033,0.139561997490598,0.139711536612609,0.139991196970185,0.140596609591479,0.141423330993595,0.142079776038499,0.142229605393738,0.14190552215869,0.141460602965442,0.141226238249185,0.141255954692868,0.141400720976908,0.141564264726608,0.141806135840407,0.142191812114941,0.142622691654302,0.142895157217169,0.142927939463691,0.142863313382836,0.142894505332842,0.143020628251358,0.143039903781279,0.142809575231574,0.142463639842551,0.142307211671253,0.142483299178609,0.142789339901857,0.142864652840994,0.142551243073403,0.142036951920049,0.141642795532009,0.1415121246257,0.141539027091728,0.141566885610082,0.141579785290721,0.141661258334324,0.141813937238682,0.141907443619483,0.141838015543129,0.141688216828225,0.141655407383186,0.141809299053457,0.141976302924217,0.141919975242727,0.141631335948477,0.141390551605962,0.141509759901108,0.1420313069874,0.142706610706415,0.143259145055951,0.143622290837792,0.143901577527192,0.144153686584054,0.144280948486079,0.144170819816701,0.143889669664672,0.143670252002824,0.143693943874801,0.143929635193162,0.144222436761828,0.144512191882124,0.144897195202738,0.145453776865363,0.146039974427099,0.146353954412964,0.146219380367756,0.145785229022674,0.145404638493827,0.145313828329199,0.145451273094658,0.145587297101554,0.145584783702747,0.145493587618825,0.145412883830325,0.145335865902475,0.145180913310584,0.144948132218625,0.144769785503407,0.144765391775262,0.144880807672108,0.144933298148583,0.144832540686173,0.144711097769041,0.144784136553644,0.145081048341199,0.145363424496643,0.14534500238462,0.144983324321008,0.144525857366301,0.144268317617022,0.144297570487895,0.144484439913671,0.144689238329014,0.144913323496596,0.14523342816736,0.14564002831938,0.146007640310942,0.146234530349689,0.146358709957735,0.146486082683634,0.14661833716614,0.146616554302233,0.146379534703772,0.146037390360696,0.145910157845875,0.146238675189477,0.146962926234089,0.147780882400946,0.148413974781086,0.148791977631802,0.148991070436381,0.149054063349852,0.148934273637949,0.148615635115666,0.148223838954515,0.147956786407337,0.147902579816971,0.147968741073268,0.148015267536062,0.148028611666193,0.148117472493187,0.148332758611117,0.14854229140803,0.148537480058509,0.148268483983354,0.147934485077369,0.147808839571864,0.147980001884745,0.148283999708579,0.14848458953529,0.148486513116855,0.148358835610039,0.148189008519834,0.147977366659917,0.147696174658867,0.147406052205854,0.147247899040782,0.147301419696698,0.147491799337646,0.147680052362842,0.147839361299833,0.148094950236382,0.148558743620147,0.149145111463296,0.149596113376826,0.149709993457938,0.149528604196623,0.149282072960299,0.149163273131647,0.149186716691692,0.149267841471972,0.14939267692916,0.149656161538452,0.150128410756746,0.150727130529377,0.151261225050557,0.151592322202741,0.151717970964782,0.151690399331092,0.151501709265981,0.151108474433771,0.150577458471127,0.150152179511635,0.150108201088633,0.150515936784247,0.151161433553191,0.151719335568206,0.152002995579349,0.152045864240639,0.151970701311363,0.151832598288322,0.151613544612283,0.151332865233678,0.1510950614373,0.150995747219939,0.151007587509897,0.151005973057871,0.150916891883987,0.150804672307799,0.15078242246072,0.150850672044879,0.150871653753179,0.150730621380143,0.15050339674101,0.150425061591201,0.150676484827243,0.151214161594116,0.151819273133418,0.1522962135453,0.152599442679791,0.152777534425172,0.152845553017243,0.152760006964764,0.152514193564216,0.152208083786079,0.151984861235409,0.15190908729439,0.151945735958452,0.152069948449372,0.152358171125408,0.152918939453561,0.153720994713185,0.154524523166963,0.155025196366667,0.155082362240305,0.154802719863725,0.154409211014722,0.154055037993767,0.153777249366455,0.153596075010896,0.153592948791765,0.153848494038673,0.154317964798695,0.154813046293571,0.155132049193198,0.155198514864949,0.155061000172587,0.154781220220556,0.154371056296847,0.153861577612577,0.15339848442948,0.15320307012808,0.153396737514214,0.153869525338901,0.154349042413087,0.15461275167743,0.154632288673024,0.15452313626989,0.154391030667741,0.154259415141269,0.154133188165857,0.154077094658707,0.154182902954853,0.154461246186115,0.154805131433342,0.155086241432278,0.155272447454595,0.155420755342653,0.155555572359302,0.155594441180403,0.155434489627566,0.155112758452308,0.154846221724521,0.154881840240182,0.15530214903076,0.155983415254091,0.156731404749007,0.157429725456691,0.158047619474605,0.158539323893426,0.158793019548621,0.158707386172177,0.158301385834934,0.15771934848322,0.15712765292752,0.156632494875028,0.156307481385231,0.156260634012378,0.156605549064952,0.157326162427953,0.158187423388107,0.158831509624576,0.159005985915114,0.158717650891231,0.158176670922255,0.157611275247281,0.157146569903084,0.156832587851122,0.156722229797876,0.156863880732643,0.157214743845652,0.157606799960317,0.157843037698021,0.157837226757791,0.157648213934547,0.157382438541327,0.157093464106057,0.156799309300625,0.15657701277862,0.156584254439373,0.156943135337504,0.157600317395998,0.158327662893674,0.158879844940768,0.15915325732021,0.159197646235556,0.159104482923196,0.158923640665914,0.158695701617969,0.158524379854302,0.158561433798848,0.15889650764734,0.159477288995387,0.16015737213938,0.160814153991453,0.161395485495662,0.161851250251067,0.162062644581441,0.161895352964356,0.161347124826643,0.160624823443984,0.160043563019028,0.159831119512764,0.160021055884124,0.16051205722188,0.161189377903062,0.161961732634008,0.162701340120101,0.163208886574732,0.163292060688494,0.162894650298226,0.162138790297564,0.161239087104927,0.160389918601903,0.159736551860369,0.159411568562664,0.159524776080906,0.160065236778733,0.160820873712932,0.161447798009997,0.161673605284855,0.161462940293883,0.160998738460903,0.160517236192794,0.160168902131071,0.160014255628774,0.160093038611367,0.160436975583692,0.161001336025371,0.161621515783262,0.162085035280047,0.162266775764065,0.162189939311088,0.161958982885788,0.161660180025847,0.161352259549241,0.161139868163045,0.161202036755421,0.161693921686639,0.162601820982439,0.16370894747869,0.164721436022704,0.165435171840124,0.16579279641968,0.165816914696257,0.165539352772008,0.165019687453456,0.164406447026566,0.163926116770122,0.16377435049828,0.164012176389031,0.164569993191367,0.165332880593012,0.166189010106422,0.166988696874914,0.167501118822947,0.167484157574531,0.166850282524535,0.165774082949828,0.164618871922512,0.163735533349648,0.163307363698021,0.163346103690056,0.163776908435818,0.164483042960636,0.165279338501741,0.165906198995386,0.166121388707165,0.165835726287784,0.165163055896782,0.164335773832845,0.163576688087144,0.163044583764394,0.162857936814387,0.163099337157874,0.163745843111457,0.164601168191785,0.165347755429274,0.1657203089897,0.165659624366583,0.165311986020582,0.164894872554293,0.164574737520748,0.164456337008962,0.164633146513532,0.165182999666998,0.166086420290026,0.167169598555337,0.168165641936423,0.168854310447224,0.169149843741015,0.169072623885016,0.168678527385821,0.168054550060303,0.167378276762359,0.166927823328759,0.166967536708727,0.167584359831772,0.16862729504128,0.169807167804992,0.170854345982141,0.171593710327876,0.171915080326198,0.171740389686034,0.171067443951421,0.170042427460444,0.168949948356602,0.168094090647195,0.167669142544783,0.167725544001164,0.168218919183931,0.16904138043712,0.169989224667492,0.170745179701829,0.170975531897976,0.170516360600077,0.169495174706181,0.1682675398642,0.167218216091752,0.166594270442554,0.166476275876678,0.166837179704889,0.167573951611551,0.168485695038921,0.169282233611371,0.169689289262582,0.169592031662763,0.169090092630362,0.16841743059388,0.167814755339974,0.167468098047788,0.167520380071595,0.168066434729536,0.169081489230318,0.170354866338223,0.171539299403722,0.172317657538392,0.172557290239399,0.172328554002424,0.171804589767635,0.171168129798682,0.170604473874492,0.170327295995357,0.170537161352785,0.17130864024793,0.1725140871018,0.173873277463602,0.175087650814361,0.175936811483867,0.176280991161022,0.176037300605513,0.175218142986425,0.174010379390879,0.172778445342815,0.171926810452021,0.171706332689567,0.172118328847473,0.172974307247361,0.174020553451463,0.175006417000122,0.175684244347421,0.175828886416013,0.175328551447412,0.174279436959484,0.172974668114926,0.171774398279473,0.170962090055195,0.170687978061623,0.170986546090166,0.171781089282899,0.172848380964478,0.173823879499773,0.174327302030551,0.174159513428393,0.173415810200246,0.172416289155337,0.171520233249677,0.170983281215373,0.170936721051497,0.171423723590326,0.172392408018285,0.173648642281293,0.174866462018012,0.175710571469096,0.175994540004223,0.175745704401608,0.175142066998747,0.174412248876565,0.173794669586008,0.17354056699167,0.173870002675781,0.174854360827614,0.176322256583037,0.177903717790419,0.179202384125252,0.179959554895492,0.180095315710468,0.179651167145464,0.178746113521574,0.177595861770795,0.176524798876442,0.175884000490472,0.175899904957886,0.176575182931748,0.177719859661754,0.179058652895179,0.180303044138882,0.181159805086896,0.181355935598083,0.180744992772664,0.179433825941302,0.177794075925643,0.176307627849794,0.175352544531219,0.175085767531995,0.175467602040095,0.176337340111032,0.177445151805709,0.178457499645664,0.179023181081313,0.1789184204403,0.178170318231283,0.17704612951722,0.175915716783162,0.175105209319286,0.174833639487873,0.175206709488782,0.176189423892619,0.177555766513213,0.178907081527175,0.179820273868785,0.180050348390633,0.17963269674324,0.178814610066827,0.177903268546162,0.177169530976696,0.176842943550249,0.177111448763746,0.178050950675386,0.17953219211768,0.18122127053528,0.182710730966906,0.183684795580468,0.183997529099809,0.183651598250786,0.182766090222476,0.181589684304188,0.180502535581834,0.179917254152218,0.180095080644959,0.181012470579115,0.18239127391362,0.18385625205901,0.185077355747287,0.185809329607697,0.18587926270423,0.185219569895458,0.183948598840349,0.182395895388501,0.18099754322296,0.180119764006807,0.179942427759019,0.180459425809191,0.181528306523503,0.182884627278306,0.184140090790024,0.184859137155796,0.184739829019918,0.183784370391586,0.182310279410663,0.180784102653004,0.179614798633527,0.179050860020496,0.179188738291958,0.179992119806829,0.181265305452345,0.182644418334689,0.183696903244879,0.184107771951154,0.183818600397836,0.183016882357334,0.182015012024427,0.181140766794696,0.180694970257795,0.180917595919856,0.181897860375767,0.18347462758802,0.185247522002369,0.186741395722771,0.187615156402415,0.187760729371746,0.187256258290185,0.186278870969356,0.185081332415939,0.184008647308332,0.183448046604791,0.183679031843727,0.184727294906968,0.18635102331249,0.188164138035695,0.189777932942483,0.1908652551707,0.19117738606251,0.190601781446744,0.18926195163483,0.187547726573858,0.185986637748353,0.185017747241988,0.184832727850616,0.185379193391611,0.186460379478029,0.187802797165442,0.189061257324314,0.189849872180738,0.189868657044238,0.189061139584983,0.187663637363119,0.186093932763808,0.184775084138503,0.184023583822384,0.184022244994244,0.184798031542159,0.186164211286535,0.187703685067649,0.188892645146623,0.189334981744949,0.188943358772471,0.187932548434984,0.186662474207305,0.18548840362138,0.184713901210902,0.184590245474359,0.185258664328473,0.186641627136648,0.188405059806441,0.190075689827095,0.191244113428843,0.191700838915053,0.191438122268538,0.190592627158796,0.189425935590641,0.188327190018429,0.187738379124809,0.187974110978832,0.1890534196204,0.190691649727685,0.192460722206015,0.193972967925035,0.194954476414378,0.1952257475822,0.194707549467595,0.193498625267231,0.19193122544082,0.190490463772645,0.1896184609119,0.189549059434197,0.190280090770393,0.191640557095009,0.193338666647865,0.194964820155048,0.196041347525902,0.196187227682034,0.195316152545407,0.193699710670151,0.19182849870756,0.190187471496405,0.189117454135631,0.188806550304145,0.189309245989154,0.190504917926451,0.192048298826286,0.193435851969916,0.194208495662862,0.194154745534625,0.193363842259909,0.192125682948515,0.190804471916084,0.189776993920223,0.18939224172063,0.189867406664836,0.191146864424046,0.192863940565744,0.194491909113006,0.195591326721333,0.195964776665216,0.195635391886131,0.194747057560007,0.19352665290932,0.192314080496205,0.191537832771165,0.191562676855735,0.192502108449374,0.194159041839833,0.196139605753367,0.198020443462186,0.199436889587662,0.200098399482082,0.199836586567989,0.198717696240543,0.197106580007302,0.195557879453292,0.194571220308616,0.194393978811007,0.195006277757608,0.196233351742263,0.197826657216819,0.199452772122154,0.200690521399216,0.201148262809515,0.200657478092029,0.199375604006892,0.197701731377883,0.196090554915391,0.194922445391163,0.194473963681069,0.19489460360675,0.196117983357414,0.197785468969822,0.199325806985933,0.200203573339564,0.20016473416655,0.199295160931805,0.197891279754276,0.196307532156148,0.194905578326512,0.194054920801859,0.194057174332423,0.194985201797182,0.196584201143916,0.198363602615611,0.199825651655383,0.20064805249729,0.200715152068724,0.200068312609833,0.198897714688502,0.197572533003395,0.196587542540598,0.196367844068283,0.197052734083824,0.198444143421693,0.200156682703688,0.201813365933049,0.203121796182843,0.203841618755512,0.203788569144139,0.202945770918387,0.201572178929392,0.200151357031701,0.199180288857666,0.198967181448303,0.199582212944082,0.200924916844087,0.202767732868757,0.204731581210365,0.206304469600539,0.207006889424558,0.206629646507912,0.205344467628784,0.203587016505755,0.20183033386575,0.200446899386168,0.199712011821568,0.199821456046426,0.200809119834523,0.202429986017408,0.204178588025449,0.205495643343497,0.206014049444214,0.205657278553275,0.204570871230919,0.203027624897851,0.201406234997085,0.200175812853368,0.199764780050266,0.200339678676242,0.201681025466123,0.203295789442774,0.204682337293851,0.205523818014205,0.205694396794886,0.205180700155954,0.204080179035632,0.202678479141856,0.201449143513229,0.200876998241616,0.201215691329243,0.202386041988316,0.204080223330713,0.205931022995763,0.207585359590538,0.208694812357884,0.20896394587075,0.208306644516997,0.206971443601901,0.205467819747212,0.204316238774658,0.203830293689077,0.204091175419453,0.205052640339845,0.206593109937463,0.208453275385013,0.21019444340783,0.211322956935482,0.211529614100137,0.210837997726181,0.209540449934414,0.208020716702262,0.206645816185017,0.205765355710262,0.205687829258359,0.206540374926535,0.208114999429892,0.209894513367177,0.211295453690165,0.211938651656367,0.211736328062528,0.210794128193384,0.209309041323149,0.207582516783593,0.206059125160645,0.205227349290477,0.205384128577441,0.20645955091608,0.20806880248714,0.209732248094875,0.211055442446279,0.211761216786526,0.211670296248423,0.210765306059009,0.209302747209601,0.20779755055949,0.206801708450932,0.206629804558981,0.207261235340125,0.208465636910893,0.209972895675708,0.211512361822694,0.21275847003581,0.213360333096823,0.213118417847508,0.212152163867617,0.210867206211888,0.209735065242796,0.209091234943425,0.209103467260447,0.209839943859001,0.211266216230018,0.213144834179261,0.215001728351302,0.216294207797304,0.216685937279544,0.216190290533733,0.215073748392898,0.213661818347408,0.212256148550164,0.211182702787812,0.210799016220541,0.211343920386317,0.212743280412764,0.214588786875408,0.216341236450863,0.217575477178605,0.218068489637075,0.217742631063854,0.216635763339122,0.214977579828159,0.213241437373558,0.212006474207686,0.211672134686964,0.212261945511331,0.213482669363823,0.214944430255019,0.21631056481821,0.217288766059549,0.2176008159909,0.217082556935147,0.215855096826001,0.214355505757759,0.213133221150113,0.212572069641551,0.212773898357396,0.213646254092883,0.215019120642787,0.216641844675971,0.218128808570985,0.219032087767587,0.21906699791985,0.218295902971863,0.217079673448583,0.215845589586409,0.214904186773087,0.214452074382998,0.214652328048897,0.215604047883719,0.217195019653108,0.219031745776953,0.220590239220453,0.221483226151839,0.221604709760147,0.221059787313758,0.220027934266676,0.218739807169914,0.217543747616505,0.216878059556451,0.217069285284263,0.2181167728027,0.219685488429571,0.221319256619719,0.222658895253468,0.223482814900209,0.223629727536613,0.22299968009774,0.221688657983986,0.220084695427101,0.218746079928596,0.218118878058412,0.218339160468697,0.219269373247203,0.22066029085417,0.222231460505157,0.223633063652524,0.224451801973105,0.224380335771873,0.223434764898329,0.221988284669157,0.220558649957261,0.219544284203037,0.219134114829835,0.219389573419141,0.220305425581728,0.221737146242711,0.223316344769848,0.224543265301497,0.2250452546569,0.224773539606156,0.22395910623481,0.222909179535617,0.221876624853855,0.221095596945458,0.220838549997943,0.221324872338561,0.222530378120486,0.224119590722165,0.225614819302785,0.226653894370021,0.227099222470639,0.226953004246752,0.226258654055456,0.225142319872778,0.223916210275734,0.223040650752338,0.222897558062274,0.223570227454086,0.224840492938687,0.226377317768625,0.227895587037685,0.229148940397802,0.229863508527195,0.229798750230878,0.228934134825366,0.227574600959538,0.226220314470493,0.225302038102303,0.225024116403193,0.225410182451463,0.226405912954839,0.227866021056607,0.229462716020802,0.230711467005876,0.231194231715106,0.230807502217327,0.229797601494323,0.228562790377291,0.227438935550184,0.226656310574373,0.226411791840633,0.226862248533763,0.227984456915446,0.229471407690133,0.230839816143736,0.231690353650257,0.231883547644555,0.231496723270884,0.230678896985862,0.229603086970904,0.228535822722457,0.227850281780724,0.227865441297647,0.228631198571708,0.229886416650626,0.231242803413464,0.232402761446907,0.233207769736555,0.233543361422365,0.233299949237964,0.232486389606507,0.231355670265239,0.230345798484775,0.229845303230396,0.230001973292214,0.230739860779994,0.231903949024668,0.233328029622706,0.234769436084694,0.235868710650592,0.236282362154176,0.235908005691396,0.234970584658816,0.233870026244502,0.232948396358282,0.232399823555632,0.232345563756191,0.232892567828376,0.234045821060346,0.235575774115861,0.237043410092142,0.238017748366928,0.238294178390155,0.237923553734371,0.237084738879469,0.235990050024065,0.234911540419254,0.234206858349251,0.234197552047432,0.234955170390545,0.236215611407646,0.237538854151854,0.238570274256843,0.239160397231764,0.239283397548524,0.238928326458617,0.238131406662345,0.237094023754044,0.23618795540261,0.235775160618778,0.236001600502966,0.236764064825936,0.237847332404178,0.239046637094114,0.240155271464989,0.240910310504036,0.241059690682663,0.240542847375894,0.239590759644113,0.238605153707812,0.237918346045121,0.237665117998661,0.237853062479071,0.238482268205592,0.239534522429256,0.240855109769807,0.242116279726694,0.242963298783322,0.243216717533832,0.242931827283094,0.24228844363129,0.241474592957808,0.240692812349705,0.240215235921507,0.240323268936249,0.241119940993471,0.242402401966725,0.243758544313167,0.244815747704093,0.245407256829645,0.245532312968778,0.245228544292306,0.244547848390122,0.243651738159727,0.242857080962454,0.242510836240161,0.242788484534909,0.243614134201886,0.244760184506319,0.24598588252108,0.247070066510411,0.24777379461901,0.247879821099405,0.24734164495347,0.246387167665911,0.245422683745611,0.244794190932602,0.24462738417859,0.244875614714291,0.245467191797628,0.246352996286228,0.247416169267932,0.248403181492839,0.249015670265053,0.249095584640825,0.248711843912846,0.248072031326635,0.247383457756883,0.246816190428274,0.24655209860097,0.246774210436656,0.247539083142776,0.248664344269144,0.249793195410245,0.250609403020521,0.250999758406781,0.251021280146153,0.250756257597427,0.25025003129274,0.249592064740596,0.249000513751947,0.248760867127904,0.249055609848024,0.249859807971827,0.250994347749225,0.252242530563794,0.253391671221012,0.254205421467351,0.254455639891687,0.254064814819899,0.253227644019513,0.252345300795809,0.251790939705544,0.251714711047399,0.252054537231481,0.252690920409172,0.253544932100551,0.254527759725424,0.255456201394424,0.256088836245691,0.256272567975035,0.256041326852324,0.25556663940592,0.255037930151207,0.254612242155012,0.25444685829677,0.254696971323185,0.255410974519434,0.256424248272882,0.257405025541201,0.258051971087186,0.258264511885305,0.258130746032386,0.257781820053101,0.257297441569751,0.256753583683658,0.256308709894346,0.256178069268504,0.256497948166601,0.257228769922531,0.258198996523386,0.259220511328579,0.26013834529094,0.26079525342477,0.26102583243476,0.260755716491549,0.260115978836214,0.259417349331734,0.258968248209036,0.25890163178782,0.25917030362436,0.259679624712879,0.260382932053006,0.261239067592176,0.262119468594908,0.262814589275733,0.263156551944542,0.263126858604341,0.262842438995966,0.262464944132639,0.262150586686798,0.262063634482225,0.262360413370403,0.263086509032116,0.264078049036837,0.265010222739129,0.26559562552727,0.265759547922678,0.265630303224815,0.265379284856878,0.265096511509437,0.264817476421761,0.264623005586193,0.264657033924338,0.265029346705518,0.265721514181948,0.266602492290895,0.267516541682453,0.268329336647516,0.268904656296181,0.269102759349598,0.268867648547781,0.268327879228409,0.267771364261006,0.267475236204042,0.267540830330931,0.26788850555537,0.268392640582369,0.268992121230219,0.269666721659801,0.27034573379302,0.270889720383011,0.271177791995407,0.271194409495517,0.271019846240606,0.270759743381589,0.270516484181156,0.270420142590908,0.270626184259558,0.271217057672216,0.272088711434248,0.272966956947056,0.273577249284429,0.273818545149923,0.273779899571265,0.273608729371293,0.273390648031903,0.273158173603156,0.272975781538109,0.272966085389557,0.273235798497837,0.273793646791989,0.274552988162322,0.275394798943288,0.276200362379072,0.276833894439961,0.277152680032908,0.277095712285727,0.27677554932793,0.27644768972851,0.276347954012197,0.276542450593346,0.276932965347756,0.277394141080524,0.277883129081189,0.27841569562192,0.27897045073157,0.279456845166833,0.279784266902705,0.279938849650123,0.279978445007583,0.279973792461511,0.279987023709855,0.28010420208378,0.280439159485636,0.281051787429563,0.281851911346263,0.282615701292629,0.283132261711664,0.28334609412058,0.283356470158015,0.283290910711291,0.283201372642561,0.283084951135088,0.282973745718381,0.282967199005217,0.28316967658354,0.28361638186593,0.28426798722935,0.285050184626392,0.285863209997911,0.286557768253285,0.286956896809759,0.286963263450675,0.286664293290853,0.286305369426822,0.28612404774565,0.286193344710462,0.286420642555629,0.286684046135744,0.286950560689424,0.287264738678573,0.287655231192425,0.288084633312506,0.288487741660261,0.288828099549042,0.289101264784022,0.289307180328163,0.289458395103288,0.289621683702309,0.28991333133591,0.290408303943484,0.291043836864676,0.291637258782857,0.292024963858661,0.29219010289437,0.292252586697458,0.292345030909896,0.292514729127875,0.292741375266677,0.293016725181591,0.293375159638593,0.29384956877087,0.294428063009296,0.295070983782658,0.295750134977707,0.296438652981905,0.297060888232385,0.297490815401452,0.297641874114486,0.297566539771425,0.297444731468758,0.297452904233436,0.29764169876194,0.297942169707933,0.298275673961786,0.298634725602795,0.299055085275887,0.29953597263124,0.300014380155711,0.300414295301223,0.300697315189587,0.300859069376989,0.300905336869386,0.300866902156028,0.3008360529143,0.300945387878739,0.30126690227007,0.301725721746974,0.302139878412339,0.302370172431542,0.302435378414845,0.30247724973718,0.302619780911241,0.302872460221671,0.303161231868072,0.303424517022946,0.303660933179407,0.303901569017736,0.304173352193565,0.304502902600477,0.30492690221248,0.305457753284198,0.306031504002768,0.306522078557672,0.306843006020422,0.307041011627114,0.307269975660072,0.307657337024535,0.308197193764193,0.308776246092428,0.309292088456146,0.309732429673135,0.310148214967032,0.310580541045377,0.311033333484117,0.311499705396201,0.311977612296767,0.312445835943746,0.312851507701131,0.313158519068523,0.31341439115169,0.313740336195867,0.314225127986508,0.314825956848042,0.315390553462722,0.31578665982315,0.316005644014655,0.316139597483542,0.316274382523801,0.316422622397204,0.316553003226534,0.316653902323801,0.316748151114408,0.316860188706574,0.31699988581093,0.317186180973526,0.31745873392779,0.317834734758099,0.318255467502219,0.318606860815268,0.318818164846414,0.318935657093115,0.319078469671097,0.319314365944008,0.319589895390851,0.319790806042478,0.319862758822147,0.319862904540021,0.319903056880243,0.320065334262593,0.320377573257895,0.320840512402998,0.321439191873491,0.322120282281393,0.322791149359947,0.323378657601581,0.323893872614228,0.324415141670016,0.324989987733709,0.325563126946804,0.326021493479446,0.326314958433112,0.326520927232243,0.326783444808913,0.327196870651832,0.327753950575436,0.328389398041296,0.329044314993572,0.329681184719403,0.330266686397841,0.330779565589008,0.331242729006021,0.331717518022102,0.332235457473536,0.332737687083807,0.333109499774704,0.333293700924191,0.333362708555999,0.333462053413987,0.33367918316207,0.333974838833229,0.334240815695039,0.334408955911323,0.334496236652221,0.334563191921675,0.334659641672766,0.334817194860078,0.335063259348475,0.33540394335686,0.335787646790859,0.336115032361274,0.336313974430517,0.336404807974803,0.336473371417546,0.336573651561747,0.336672272061393,0.336703611564938,0.336673160812373,0.336687931710415,0.33687836554419,0.337299224918913,0.337908957871144,0.338624844688988,0.33937194604189,0.340081068158601,0.340677886721631,0.341115173368703,0.341421932329298,0.341694927258899,0.342019520860209,0.342403193487773,0.342802554332287,0.343213305144467,0.343710079351658,0.344379035993413,0.345216184387112,0.346108082943006,0.346915812069629,0.347568364280803,0.348075618139002,0.348476203724268,0.348801448460237,0.349087952861255,0.349389941714233,0.349746532144535,0.350138921749044,0.350506902825121,0.35082247022217,0.351132175358874,0.351503613590838,0.351928993275947,0.352303059387839,0.352513941290803,0.352553446936591,0.352528642491586,0.352568381016864,0.3527291012969,0.352985432998877,0.353281824848972,0.353565998609629,0.353781569224668,0.353870528125824,0.353818046801054,0.353691543612776,0.353606895235449,0.353638705940587,0.35377207987763,0.353955063201092,0.35419030916936,0.354552170272496,0.355102546795594,0.355800864153985,0.356510743920238,0.357093100346951,0.357484868079519,0.357699227379676,0.357785188567004,0.357814775309943,0.357896655985716,0.358156391231552,0.358665805876123,0.359389756203983,0.360220773652991,0.361072820383164,0.361929535103282,0.362794752605548,0.363614508036579,0.364277113177615,0.364701703716675,0.364916007523792,0.365037164701314,0.365184119297397,0.365419780669266,0.365765529754062,0.366234268584961,0.366820295160795,0.367465588286613,0.368070559301339,0.368560226109112,0.368932714246446,0.369228178350692,0.369457073389651,0.369584178549563,0.369595516568919,0.369563118184663,0.369614384700974,0.369825689106453,0.370154251727506,0.370480014140648,0.370704634173876,0.37080241012923,0.370793472830951,0.37070476760324,0.370576779450689,0.370487540989401,0.370529564867311,0.370743207057396,0.371084888038859,0.371478117313512,0.371890425446039,0.372339700321773,0.37282013061383,0.373244945349044,0.373490826595503,0.373507413650806,0.373375077394599,0.373253383696008,0.373283466098358,0.373540562473099,0.374050186005598,0.374803362453763,0.375734489217671,0.376707913252437,0.37756932898205,0.37823319918273,0.378714413654747,0.37906762713024,0.3793093219489,0.379420379540748,0.379424746728668,0.379439488651535,0.379621603206573,0.380060629349627,0.380728333524267,0.381524187007724,0.382346755985679,0.383113253093885,0.383739069897293,0.384145952186883,0.384315083830808,0.384318893565427,0.384275273661517,0.38426413501458,0.38429901479657,0.384378645105742,0.384539895707132,0.384832122432342,0.385239555516943,0.385654659014474,0.385949365688514,0.386072250041087,0.386069292657069,0.38602004022547,0.385976116955934,0.385966440946994,0.386033130556146,0.386223346441163,0.386534581922637,0.386889417881381,0.387187248890914,0.387379901484616,0.387482882359902,0.387516780120458,0.387466330704836,0.387321421261768,0.387150925680963,0.387105257476331,0.387322997638795,0.387832579477845,0.388546070475583,0.389334287694607,0.390090045023091,0.390727539755585,0.391163286325932,0.391342039353105,0.391290563609229,0.391122268371917,0.390967371991461,0.390900728728493,0.390947594640292,0.391147492186943,0.391577320694752,0.392285099541803,0.393205287510986,0.394161577710479,0.394965981737113,0.3955154732757,0.395801854918299,0.395860062176216,0.395739909551299,0.395526739183814,0.395350328836338,0.395332015764075,0.395512041786552,0.395841397979751,0.396249557746934,0.396704812128109,0.397195744723985,0.397669172909854,0.39802144496593,0.398172664330638,0.398142965245005,0.398040301854617,0.397973401993027,0.397987367304071,0.398078630825118,0.398241292651573,0.398468585942837,0.398712841256485,0.39887887676191,0.398886705970133,0.398741518358511,0.398527881680692,0.398335048660914,0.398204046405418,0.398152760395863,0.398227465228914,0.398492393888469,0.398953949704694,0.399511214344084,0.40000240949077,0.40030423448284,0.400382433383547,0.400259808610424,0.399968820295304,0.399558030186133,0.399129816194565,0.398831785682908,0.398783386983495,0.399011279958193,0.399463800218273,0.400076829447497,0.40080153678148,0.401563698508925,0.402226499052615,0.40263487768796,0.402716292035876,0.402533322847828,0.402232664983839,0.401950927641417,0.401773699946545,0.401761497244418,0.401970212668748,0.402417128121489,0.403036666613306,0.403699361220004,0.404289552645729,0.404758190104324,0.405097355417542,0.405285465485654,0.405289135474077,0.405127010980149,0.404908390239371,0.404780164371348,0.404826560490788,0.405025031509791,0.405293717348685,0.405561085946123,0.405780092169505,0.405898815870662,0.405859980503951,0.405651935974575,0.405346849087061,0.405062897784123,0.404880377156512,0.404802657881928,0.404797437521242,0.404852980758213,0.404971226077991,0.405111326885477,0.405170412989146,0.405044532809058,0.404709112574273,0.404231227091918,0.403709656602183,0.403221451725538,0.402828917905363,0.402608429200606,0.40263153120553,0.402901474777374,0.40332296824281,0.403753470975507,0.404086043130012,0.404277188957558,0.404307834698984,0.404151909391672,0.403809270760305,0.403362147813081,0.402969303561463,0.402782934636321,0.402868610400039,0.403203957214079,0.403735023468625,0.404408083082207,0.405145530346101,0.405822739032296,0.40630623614728,0.406528281867349,0.406516735844247,0.406350300467971,0.406099978190604,0.405825797024581,0.405613278857517,0.405573006870226,0.405774548524066,0.406180753328101,0.406662151802387,0.407081720718969,0.407361954534934,0.407478112381065,0.407417206133149,0.407174413577526,0.406789974244011,0.406360130508791,0.40598384400644,0.405695392998053,0.40545949377852,0.40523053541227,0.404998995361047,0.404770623662647,0.404517350896049,0.404178078452081,0.403720101788997,0.403187969712132,0.402677841493506,0.402266498100895,0.401974918676182,0.401793290676638,0.40171340829701,0.401715223946171,0.401731371936713,0.401656122735837,0.401410913614628,0.400999723044367,0.400493149954988,0.399966243136614,0.399468285470758,0.399052344282544,0.398806794649522,0.398825915698691,0.399139378353476,0.399680114386592,0.400326764703251,0.400968434354844,0.401522457550141,0.40190900400409,0.402047300135241,0.401903684964304,0.401540112875074,0.401096584889384,0.400716188725743,0.400488230708266,0.400455334583038,0.400645742929599,0.401066640595657,0.401660496161,0.402291428421039,0.40280104162946,0.403087399014663,0.403130792903156,0.402955492072096,0.402590222741077,0.402075894731278,0.401491611133078,0.400938757414803,0.400481805172795,0.400111630630493,0.399777366705933,0.399448645245376,0.399133258507186,0.398835917892546,0.398521764660243,0.398140035707009,0.397680596903346,0.397189872871798,0.396724201811677,0.396298220202961,0.395888098501045,0.395474491592007,0.395060967391547,0.39464515938979,0.394191595354854,0.393656193235415,0.393040385975918,0.392407146625955,0.3918365022946,0.391374888638895,0.391037374186481,0.390847904935914,0.390850410392112,0.391064094395569,0.391435170315341,0.39184819708052,0.39218812776428,0.392385268369539,0.392406240434303,0.392229253336087,0.391857452239083,0.391359694355791,0.390874902676997,0.390551397411737,0.390472828116562,0.390640754263955,0.391014962214032,0.391547170944397,0.392167027432085,0.392756295683804,0.393171186008451,0.393310343421764,0.393161736656866,0.392782907259099,0.392247548430298,0.391622718839219,0.390986652264144,0.390435457407627,0.390044199930147,0.389819084994484,0.389701301068855,0.389622188196546,0.389544143868251,0.389441892612052,0.389259981698294,0.388916300726607,0.388361185770229,0.38762603065571,0.386804128280609,0.385987575181745,0.385230800222178,0.38456583190246,0.384023304781301,0.383614003721316,0.383293809787647,0.382971659109815,0.382570303288765,0.38207883556143,0.381541577323336,0.381005329398246,0.380493950595228,0.380034019507657,0.379680677605252,0.379490867645113,0.37946504832404,0.37952770111226,0.379573926496573,0.379530779585072,0.379371522782127,0.379089237211327,0.378687695337387,0.378212013906909,0.377770880954071,0.377498095286608,0.377474985679303,0.377689493912171,0.378067599748768,0.378528964424502,0.379000402915147,0.379389275433223,0.379579304918188,0.379481458032593,0.379093599492352,0.37850249242379,0.377828277681265,0.37717576081772,0.376634508251729,0.376295459760293,0.37622965899113,0.376434837915206,0.376812910794904,0.377213544568355,0.37750080945687,0.377577168337847,0.377363062841748,0.376793276541048,0.375864905236024,0.374689313803083,0.373474285407813,0.372433116836844,0.371697084418216,0.371296446841964,0.371192408869402,0.371298242135289,0.371473585700751,0.371538439686444,0.37133891640731,0.370822434046765,0.370050485246689,0.369139690887752,0.368198449926284,0.367317505273224,0.366592217852726,0.366111799127193,0.365903174984741,0.365891842748784,0.365935383580583,0.365903278626629,0.365726888568923,0.365389319282688,0.364901005598195,0.364309882365661,0.36372537999326,0.363295673355291,0.363129506715353,0.36323090479518,0.363510932104455,0.363855286935315,0.364169284423654,0.364365746782096,0.364345006881548,0.364026442716897,0.363415002478516,0.36262792371992,0.36184571042547,0.361235888654339,0.360917131696209,0.360965095085229,0.36140530219014,0.362170542704737,0.36307337830573,0.363851962281438,0.364271503532167,0.364201836573647,0.363624753946327,0.36260704310178,0.361296110292228,0.359930727242356,0.358805220217611,0.358164857685582,0.358098070089188,0.358511469177704,0.359195385653712,0.359907436634844,0.360415378319047,0.360517591970924,0.360088982106968,0.359143593539479,0.357848106921741,0.356451317716332,0.355181030192617,0.354189429930924,0.35356185963734,0.353330203992036,0.353447421253243,0.353758590368327,0.354033874344244,0.354064326156136,0.353745934817681,0.353090290446956,0.352183068627841,0.351154307293321,0.350176338060021,0.349441908341767,0.349091549481298,0.349136461216085,0.349452346425213,0.349852635945355,0.350168569556692,0.350272602277977,0.350065781161195,0.349494641643996,0.348608966773622,0.347593947527681,0.346717499066701,0.346220804353683,0.346236227724603,0.346773603540057,0.347737631482896,0.348930793405132,0.350060006773076,0.350800545210893,0.350916622251965,0.350360802203381,0.34927923638984,0.347936533680119,0.346635462338209,0.345671646463244,0.345291139444021,0.345614809293236,0.346563646396433,0.347861208558429,0.349134516505084,0.350044392093136,0.350362105050353,0.349983673910593,0.348934509649611,0.347388425911815,0.345657220669551,0.344105501969057,0.343022442588873,0.342537570539277,0.342625128659057,0.343153549073796,0.343914819139696,0.344633473422867,0.34501011601247,0.344819355846019,0.344002627269163,0.342681738982644,0.341092583420669,0.339506428110908,0.338185596766774,0.337350252041451,0.337117179026276,0.337432717275216,0.338069935711728,0.338717384182231,0.339099211930808,0.33904453450242,0.338493405449036,0.337493343971052,0.336217734446206,0.334964208358688,0.334077195878508,0.33381366373716,0.334241259525608,0.335232225534894,0.336527393243746,0.33780372935373,0.338726171526334,0.339018800547894,0.338566509736794,0.337487500740085,0.336104577117067,0.334821570537135,0.333990227375071,0.33383831840324,0.33444853950315,0.33573954745847,0.337448339766688,0.339167813492806,0.340465679422931,0.341027714088035,0.340737561173166,0.339668862890629,0.338041686253817,0.336189793895884,0.334518834638155,0.333412092591598,0.333101445710336,0.333585775886493,0.334654012310008,0.335978927958249,0.337202177430303,0.337981235036346,0.338038157506091,0.337241034067801,0.335676448697521,0.333640618063049,0.331538355377019,0.329758359546781,0.328592777669399,0.328199171812516,0.328564771850922,0.329475688884797,0.330547331295587,0.331346184195601,0.331546451690973,0.331025652139128,0.329862927294639,0.32828754653313,0.32663170126055,0.325278866437832,0.324568220289172,0.324668848530324,0.325503424146107,0.326782696674079,0.328121581524653,0.329152884180699,0.329595426881105,0.3293030446632,0.328321239572815,0.326915356531614,0.325508800180062,0.324535043446763,0.324289798152734,0.324865869071897,0.326168373481025,0.327949919164907,0.329839121761928,0.331399090198086,0.332245369806922,0.332178048825792,0.331242632154771,0.329689313419689,0.327884404012172,0.326237498770616,0.325142865241097,0.324893971677955,0.325576443257566,0.327012034124646,0.328812904572265,0.330515378252476,0.331703627240353,0.332074884166342,0.33147646062725,0.329954200706367,0.327786262798146,0.325436512612726,0.323415410606702,0.322122079796586,0.321752023105137,0.322282048721548,0.323486271770552,0.324963487245019,0.326212323756224,0.32677842315595,0.326417567351037,0.325174237250698,0.323333954924863,0.321306037774994,0.319518113737471,0.318341025057235,0.318010705695957,0.318544442816015,0.319710610735395,0.321102885745583,0.32228633964581,0.322924779819201,0.322837457055695,0.322012962667991,0.320622960050735,0.319018037871573,0.317650547879618,0.316922963325733,0.317044538214841,0.31798340026465,0.319515261778906,0.321299061043224,0.322934393933839,0.324025592562259,0.324285739786171,0.323646293600914,0.322291996263779,0.320589512280364,0.318966941274762,0.317820320553669,0.317457136507133,0.318034038853442,0.319481109298583,0.321474955785399,0.323519780491462,0.325107805587208,0.32586292253966,0.325605824731719,0.324364433568737,0.32237757556146,0.320081615252953,0.318025483190935,0.316706659106318,0.316407442225822,0.317124583176889,0.318605489523371,0.320429990458766,0.322092053245096,0.32309823023387,0.323104682549575,0.322046301791935,0.320167633868841,0.317922295194801,0.315809911045166,0.314248889351483,0.313514008198289,0.313698134087601,0.314674574455709,0.316101014541573,0.317511815104292,0.318470918774371,0.31869694418306,0.318105404502941,0.316795478269414,0.315032521855459,0.313220842620524,0.311817515308294,0.311183345735747,0.311450123163171,0.312491585139984,0.313999227359165,0.315585988127591,0.316859968754146,0.317485230347831,0.317266770248739,0.316235987117629,0.314663771393774,0.312970750420047,0.311592130286605,0.310877659613626,0.311042154574825,0.312123561481217,0.313934178893076,0.31606004145716,0.317964337456762,0.31916428249103,0.319379655627657,0.318583294218214,0.316975218585553,0.314937756678911,0.312978529355339,0.311621851321665,0.311247670809188,0.311955849134664,0.313542144375952,0.315587904905025,0.317587009268952,0.319049134817742,0.319588727457229,0.319026536111422,0.317471355107428,0.315306884537865,0.313060912605275,0.311230909360883,0.310165097223585,0.310024259350343,0.31077520885568,0.312182158099097,0.313829945269907,0.315225023525625,0.315949352349106,0.315780611578937,0.31472261582213,0.312972356389165,0.310878011937529,0.308890125733625,0.307464818848253,0.306918757538849,0.307312555221609,0.308443725357078,0.309943595997779,0.311396116441726,0.312417616841835,0.312713559650372,0.312151032463879,0.310827591947459,0.309068769177326,0.307326976807245,0.306039317038514,0.305523864211819,0.30593133423586,0.307213365433253,0.309095655111624,0.311106708516982,0.312706795716101,0.313474408481065,0.313242757069442,0.312119850092207,0.310423118761673,0.308597454687432,0.30713514078563,0.306467591560167,0.306830332490521,0.308170299296286,0.310164883630998,0.312339339145479,0.314200793922346,0.315332215633905,0.315461917326677,0.314538676360057,0.31278311245389,0.310647691389511,0.308672355607586,0.307314011068797,0.306843435103681,0.307325476171057,0.308629000606829,0.310434458862381,0.312273748096351,0.313643175043848,0.314158069687701,0.313662142424884,0.312241850291731,0.310177853952175,0.307887939204797,0.305862441829973,0.304555575905937,0.304240815528924,0.304909630024206,0.306286537524549,0.307943297703861,0.30942618690918,0.310339990832479,0.310408335095366,0.309545231916831,0.307912747695647,0.305899174809618,0.304000042398058,0.302666448963319,0.302198782028905,0.302699277476681,0.304048092747795,0.305898043030142,0.307735796358522,0.309036418980166,0.3094495869143,0.308908090956164,0.307609383735289,0.305921180824156,0.304287692088332,0.303151822909694,0.302860250283287,0.30355269033233,0.305099223469132,0.307141382829141,0.30921217897981,0.310856929271335,0.311713416551044,0.311576033710125,0.310467177522806,0.308675030037485,0.306691597115853,0.305053217489658,0.304173144698747,0.304254465771587,0.305285510519035,0.307059378460657,0.309192296654,0.311179594041371,0.312521429215668,0.312874960521934,0.312147339285824,0.310493938623365,0.308263127462559,0.305934986318827,0.304043115852458,0.303045297556529,0.303168472594861,0.304319785477312,0.306129355809312,0.308089538632511,0.309695863466934,0.310538564278456,0.310369079251854,0.309169672478651,0.307192159870674,0.304905267538013,0.302851075556307,0.301487252720517,0.301087791790583,0.30170382467347,0.30314846318143,0.305009888081823,0.306740415623265,0.307830440837278,0.307986749349779,0.30720927959009,0.305741594842007,0.303966120335999,0.302317767228724,0.301215256462028,0.300970370358811,0.301683716636349,0.303195559470353,0.305138329017131,0.3070546621545,0.30850685307464,0.309152238890062,0.308815300525045,0.307565704230051,0.305744636805162,0.303877048560587,0.302494077336487,0.301969878778409,0.302452369750676,0.303871724861476,0.305963999885807,0.308295949118907,0.310336181816407,0.311594078949771,0.311769418185328,0.310830107347848,0.308998465882812,0.306693324324602,0.304461911299818,0.302877727784686,0.302380933304114,0.303114589140133,0.304862452761319,0.307137125799497,0.309353997514553,0.31098394228026,0.311642977667389,0.31115277919835,0.309595848058343,0.307325299529953,0.304879037810373,0.302819656706091,0.301584424484755,0.3014034319828,0.30227016370429,0.303930338558384,0.305908144179125,0.307619715117913,0.308563553223563,0.308489461531744,0.307447608887608,0.305718441368202,0.303707671011399,0.301867673540994,0.300627046947899,0.300290418219187,0.300933813771237,0.302369875400355,0.304214662325365,0.306005043950645,0.307299054470639,0.307752398139956,0.307204958946004,0.30576695654354,0.303830120046949,0.301951205158718,0.300658290243227,0.300295175227244,0.300968400348982,0.302562519216909,0.304763698586809,0.30709383301156,0.309003012979415,0.310023900626719,0.309915500018912,0.308720924309621,0.306738002099916,0.304453105818636,0.302457616020909,0.301317813115689,0.301396025044602,0.302703856948381,0.304891503075815,0.307387409755647,0.309591413073264,0.311014913980457,0.311349868745264,0.310513973621358,0.308688266726051,0.306300299886103,0.30391537584532,0.30207590762218,0.30117136744314,0.301374528166732,0.302614462537127,0.304564800947112,0.306685943907637,0.308366758573014,0.309128643647609,0.30877785199911,0.307424023285877,0.305393616772198,0.303127919718668,0.30110765891143,0.29977268427888,0.299411048479472,0.300061661386861,0.301500947039577,0.303321929438365,0.305044349419917,0.306206112816133,0.306450390863042,0.305634616699784,0.303921299666331,0.301762733618702,0.299749214230039,0.298402705861101,0.298035052890336,0.298712044577219,0.30027328173253,0.302358890223893,0.304461407093719,0.306042725293123,0.306693930875745,0.306255949241329,0.304845745744847,0.302810436871672,0.300657532740312,0.298962462438516,0.298223816619936,0.298689237370007,0.300249499433998,0.302482971049849,0.304822231164931,0.306729410279391,0.307799362689015,0.307805978981039,0.306742166455727,0.304848796345217,0.302578028948262,0.300472514939974,0.299017915739867,0.298539264892931,0.299150041491963,0.300719772904812,0.302862484608273,0.305001592376433,0.306538702949955,0.30705652562219,0.306437609012947,0.304848572765553,0.302647006025001,0.300292688793322,0.298276831826669,0.29703011060803,0.296805086954236,0.297593478463776,0.299134262543874,0.300996288254664,0.302676103745582,0.303688975883993,0.303679724084546,0.30255329763672,0.300550765005393,0.298187070098878,0.29606247199635,0.294660951077965,0.29424074826185,0.29482232529847,0.29621193742671,0.298031376296971,0.299785740356327,0.300991773729126,0.30132039956163,0.300678222665426,0.299206635035106,0.297239474437575,0.295249123463827,0.29375660369913,0.293181854951198,0.293685589432924,0.29510600798427,0.297038073832513,0.298991258945261,0.30052050412402,0.301292364803096,0.301126887729192,0.300047444821486,0.298304649708817,0.296322918984409,0.29458018498295,0.293488276889613,0.293317927686846,0.294149666215823,0.295826206231846,0.297941505201517,0.299929674908665,0.301249480839901,0.301565670230722,0.300824058948407,0.299212602825001,0.297082237642552,0.294881689615342,0.293088314795252,0.292101441495735,0.292123845461522,0.293100309469625,0.294744211390623,0.296615398483275,0.298205559882628,0.299037240403182,0.298798159687384,0.297472477167595,0.295374628579103,0.293034648962608,0.290998716214831,0.289668132830391,0.289239815728724,0.289712036678194,0.290897667298962,0.29244662928239,0.293917884831038,0.294900219852384,0.295121890526259,0.294498646273297,0.293133048719953,0.291303133375829,0.289432881367383,0.287998686743227,0.287370749805506,0.287672758758639,0.288754664747651,0.290283545299376,0.291867548338649,0.293138105063366,0.293796407834259,0.293668423304644,0.292766617056319,0.29130500821159,0.289638178505026,0.288162711054739,0.287236674009577,0.287120844081418,0.287908849140504,0.289454551175914,0.291366981023657,0.293124584848743,0.294261537437184,0.294512430242818,0.293847909019163,0.292434009904686,0.290582877303136,0.288708347701677,0.287249568562252,0.286553985590834,0.286773407044922,0.287830794617008,0.289454534953632,0.291236770278641,0.292702646945109,0.293418195881621,0.293135843239392,0.291902803077667,0.290044772242025,0.28802572415554,0.286282468260753,0.285129330420558,0.284737187568909,0.285128852735209,0.286164649566129,0.28755370160739,0.288923590107329,0.289920667425838,0.290285325171683,0.289888869169063,0.288763221862667,0.287130599644992,0.285383424700141,0.283970978417493,0.28323391739857,0.283291566093845,0.28404487327263,0.285256048168926,0.286623408446596,0.287824036812074,0.288560651203044,0.28863632816486,0.288020591039435,0.286856693100127,0.28541350487702,0.284027616509977,0.283053095153615,0.282787716538313,0.283361693262411,0.284648673744246,0.286285726540637,0.287813068751316,0.288842777682577,0.289155318523114,0.288708546072986,0.287615901275769,0.28613065141462,0.284611223353155,0.283436583518729,0.282897562475556,0.283124447785002,0.284073279471755,0.285540292791152,0.287182701398819,0.288574490616528,0.28932796991859,0.289240437318888,0.288368615320315,0.286977367946865,0.285414354442534,0.284008243768527,0.283028911296629,0.282668832710099,0.283004363556501,0.283957471045231,0.285305613407541,0.286742628462065,0.287946300462034,0.288627075020991,0.288582088359501,0.287773788447768,0.286388560446637,0.284801121077179,0.283436099286584,0.282613200889607,0.282472696884161,0.282992053752333,0.28402892972147,0.285344243497211,0.286627222359212,0.287560485797005,0.287910235426243,0.287587212972897,0.286655246103652,0.285315696892978,0.283889267757564,0.282765588382717,0.282286236317825,0.282599470485742,0.283588065908048,0.28493143063419,0.286251689316556,0.287235957531814,0.287682402481859,0.28750573454625,0.286750388775913,0.285601060540967,0.284347736063495,0.283303635386113,0.282725571169722,0.282771821077846,0.283478252658522,0.284725838820944,0.286227165990249,0.287590288583947,0.288460851246753,0.28865634595755,0.288201649842,0.287266474336768,0.286085109441602,0.284917474325392,0.284031150416255,0.283656738307778,0.283920180413013,0.284802236623321,0.286149867192023,0.2877102472023,0.289159181537544,0.290147255800049,0.290399943886592,0.289842317779427,0.28865490068098,0.2872014877416,0.285878103643569,0.284991004823405,0.284716819339506,0.285106729536712,0.286081217882088,0.287422941564737,0.288813347109266,0.289919137480195,0.290479389575117,0.290353546671703,0.289544682276641,0.288223631521298,0.286727893869861,0.285479553195383,0.284826406383482,0.284901362034958,0.285599050162015,0.286667634397838,0.287822062760083,0.288803334678285,0.289397057224263,0.289463955648076,0.288986882968397,0.288086986291738,0.286984042687937,0.28593554380127,0.28519549364261,0.284980569762154,0.285406282536095,0.286408893945542,0.287729521041857,0.289007571845968,0.289929390249394,0.290325359189744,0.290170039956841,0.289537232532783,0.288577766087579,0.287518955967068,0.286635939625331,0.286180059177035,0.286308459858023,0.28705462690158,0.288324931537779,0.28989097034216,0.29139851653841,0.292448360792284,0.292748853785046,0.292247918790351,0.291144256095651,0.28977810651085,0.288498595882638,0.287590280264114,0.287250528632113,0.287564132155996,0.288466955556742,0.289744545844183,0.291091320465517,0.292193836549083,0.292790326057092,0.292710515402666,0.291928821011576,0.290617200374188,0.289128200323008,0.287871035679973,0.287146003137856,0.2870522811945,0.287514083162542,0.288362087117105,0.289386634490029,0.290353674412854,0.29103309806707,0.291258974028215,0.290979776852798,0.29025880131428,0.289244106071375,0.288150720477303,0.287248522909926,0.286805323756481,0.28697604480278,0.287712846878983,0.288781385987305,0.289876073591161,0.290738598856158,0.291203613558518,0.291189406556792,0.290697010457023,0.2898323629683,0.288805947167464,0.287879844561684,0.287294003301571,0.287217966320111,0.287724853334643,0.288754553199407,0.290077463496148,0.29132453904897,0.292117592372108,0.292232290467414,0.291677542970912,0.290647238472908,0.289412076247889,0.288242729729003,0.287380469429397,0.287008329559526,0.287201364906996,0.28789442630893,0.288905082085082,0.289990744439697,0.290892937288796,0.291366653524206,0.291235639200439,0.290478756305711,0.289278953865744,0.287964711076227,0.286867355243376,0.286199380870498,0.286028742126061,0.286321923791693,0.286980175968887,0.287844117659758,0.288706336912172,0.289360359428369,0.289655949126672,0.289519142460007,0.288947507650031,0.288022881001886,0.286939075947664,0.285983285218473,0.285433745226005,0.285429870280353,0.285917411891836,0.286704388473595,0.28756135547762,0.288282681391495,0.288700139052628,0.288698467113621,0.288254029066098,0.287458495152044,0.286491565952711,0.285564191197011,0.284877913509621,0.28460174046942,0.284827953965836,0.28550392515212,0.286405145720155,0.287210150803061,0.287644828209614,0.287589750282153,0.287082677107569,0.286252401078966,0.285264427248707,0.284304164028759,0.283558459666856,0.283168523490192,0.283184948645068,0.283565517949459,0.284204051153673,0.284946176230846,0.285588320587189,0.28590878910718,0.285756222052823,0.285139032253132,0.284229683302815,0.283271514490583,0.282469081665842,0.28194363522661,0.281750711525783,0.281898708321575,0.282339428538858,0.282961745502245,0.283618487168915,0.284165345241757,0.284475205708327,0.28443859107849,0.283995238830295,0.283198636260341,0.282245548311019,0.281409976681643,0.280913963492174,0.280836355565904,0.281119292671384,0.281633491356122,0.282227448489033,0.282741743161836,0.283027252090028,0.282988140961566,0.282616279284642,0.281981455682705,0.281195582109103,0.28039541165276,0.279744037875889,0.279403107931832,0.27945631819577,0.279841992879647,0.280370787046422,0.280826266052045,0.281062915320729,0.281030051512045,0.280738163283825,0.280232542891072,0.279597147754051,0.278952536600236,0.278420728519191,0.278084788481131,0.277982890695152,0.278125476345017,0.278489235242993,0.278982383194385,0.279437626625308,0.279676820610432,0.279607734946516,0.279265330540017,0.278764639921211,0.278223414444964,0.277728149946129,0.277347734975352,0.277143479141376,0.277149535428472,0.277352962167576,0.27770296514485,0.278130375101809,0.278543479713874,0.278814391937051,0.278807741574591,0.278461142106437,0.277849312490821,0.277158057987987,0.276581247283729,0.276231017552199,0.276125762167647,0.276230637413277,0.276485913126626,0.276806061347529,0.27708616815866,0.277236160938478,0.277211624767036,0.277007874182195,0.27663712588725,0.276134196453107,0.275588286507173,0.275142925779871,0.274930157693744,0.274987772883194,0.275241214464227,0.275565875487623,0.275861910382962,0.276075530213891,0.27617630197388,0.276144841154494,0.275988431878938,0.275749358657344,0.275481898694281,0.275226777296991,0.275019958355493,0.274917996798824,0.274986333407986,0.275241696055642,0.275610583214641,0.275961948039837,0.276189555845169,0.276262573583735,0.27620477942981,0.276046277640378,0.275809302807667,0.275528980635283,0.275262150592091,0.275064550706758,0.274968490017408,0.274988635133783,0.275132844110953,0.275382025162603,0.275655988718872,0.275824606474843,0.275782488886193,0.275523943239721,0.275141736831177,0.274753035125568,0.274430912579735,0.274198743056048,0.274063167300693,0.274027943017927,0.274078473183807,0.274175815710674,0.274279058895621,0.274364215061652,0.274409911125025,0.27437557710398,0.274220438590773,0.2739575382914,0.273676742171497,0.273494146732552,0.273471259671684,0.27358541095265,0.273772631689002,0.273984258184159,0.27419880570348,0.274399261776596,0.274563811542754,0.274681003539414,0.27475492882137,0.274784123010256,0.274749144182546,0.274642476275373,0.274511879057157,0.274453460290667,0.274543480374377,0.274776160715776,0.275073783611153,0.275352560256042,0.275569230890512,0.275710565733327,0.275763505887693,0.275715787169365,0.275579746795756,0.275395403778984,0.275204009602374,0.275031296771754,0.274903859937856,0.274864904723276,0.274947042511038,0.275122026148033,0.275294433275773,0.275363974258217,0.275297320846213,0.275135569194115,0.274939200767717,0.274740316226748,0.274547714946408,0.274375876020808,0.274247576554491,0.274171553110271,0.274137110634144,0.274136821218572,0.274177713981865,0.274253831011707,0.274316070739351,0.274294054938702,0.274161326388407,0.273971012433342,0.273815590008346,0.273752769279948,0.273775993811646,0.273848151540458,0.273943899968806,0.274052820161497,0.274160166057578,0.27424717829829,0.274309287341895,0.274353447493778,0.2743678034081,0.274310639253828,0.274152708047875,0.273933257951276,0.273756722381536,0.273719530036869,0.273839767925187,0.27405858577734,0.274297417413565,0.274500372760313,0.274630354455703,0.274655209713411,0.274561191830311,0.274374333099857,0.27414842993462,0.27392648298402,0.273726444613527,0.273570164682235,0.273507863633083,0.273588385500253,0.273799501605094,0.274052845973074,0.274240966322056,0.274307929813591,0.274262721480187,0.274138958546555,0.273963014988968,0.273762261456126,0.273579417022915,0.273454999833016,0.273397410143111,0.273387027791648,0.273412301933405,0.273483591337541,0.273597333551628,0.273697584258321,0.27369740114217,0.273549416622539,0.273288445287149,0.27299960584123,0.272753136976601,0.272576675183553,0.272475413774767,0.27245038314556,0.272485400340163,0.272533538100583,0.272539154362738,0.272474325934341,0.272339129477208,0.272124847951133,0.271798986815129,0.271348651270308,0.270836168703954,0.270390889762055,0.270131176915862,0.270092402253729,0.270225243103306,0.270444207809968,0.270662656861165,0.270795556866452,0.270767510298993,0.270547390993447,0.270173186942463,0.269726541839502,0.26928003351936,0.268879599201395,0.268576296426877,0.268448745263398,0.268564730049058,0.268913698400425,0.269389270698447,0.269846509646454,0.270174494525162,0.270320018936512,0.270269858573297,0.27004257548767,0.269701891638568,0.269351050976605,0.269086265338925,0.268950960250337,0.268942332235303,0.269054813495942,0.26929393948058,0.269635727536617,0.26998792191332,0.270217289573623,0.270227123625176,0.270007503816687,0.26961766366996,0.269140035335651,0.268660679676306,0.268271308609546,0.268049714017098,0.268015323690705,0.268110684229208,0.268240047066477,0.26832458242302,0.268313351876719,0.268153932657551,0.267786749202604,0.267194637225234,0.266455307667468,0.265725607500672,0.265161841792198,0.264850649197519,0.26480061065908,0.264967687393738,0.265265536269317,0.265564542979392,0.2657212142607,0.265640243822184,0.26531377064275,0.264798122175295,0.264163698657509,0.26348324505955,0.262862184953469,0.262446263148867,0.262364327001465,0.262650135500524,0.263220370262132,0.263923003103509,0.264597996372666,0.265103586526248,0.265326681587629,0.265213931883726,0.264807976242427,0.264237468196585,0.263653632267743,0.263172801704357,0.262875589012758,0.262835427795559,0.263109894643277,0.263684932866886,0.264437972067351,0.265175522633764,0.265717192916118,0.265953026991789,0.26584820805923,0.265433690199198,0.264812888879845,0.264156880529444,0.263650846878579,0.263415617288642,0.263471847639096,0.263770665883475,0.264238447473178,0.264780040655849,0.265258644397264,0.265515851545333,0.2654452823971,0.26505561845259,0.264461333374773,0.263818624807113,0.263272814746164,0.262943206616379,0.262910495132302,0.263181036570281,0.26366200577235,0.264193978962268,0.264624697203011,0.264856529863715,0.264836797830459,0.26453628096264,0.263969491964286,0.263238017194708,0.262528089431839,0.262038944666893,0.261899464026645,0.262138701211843,0.262706101811118,0.263490308974947,0.264321085155222,0.264993027346868,0.265333692281996,0.265272342204966,0.264848947306895,0.264168098220176,0.263361449955462,0.262592295732154,0.262059816835585,0.261948728456895,0.262342976746662,0.26317991279872,0.264283973069727,0.265437675457468,0.266430147014234,0.267081386783565,0.267279952303692,0.267034194954367,0.266484789909897,0.265847392706763,0.265328816669724,0.265084731597256,0.265224837597017,0.265809552415839,0.266808419214515,0.26806680411172,0.269342513107741,0.27040112969279,0.27109483584553,0.271377829785623,0.271287053322789,0.270934668706445,0.270504403277498,0.270209301003925,0.270212120346049,0.270568941670893,0.271239973076761,0.272135827174277,0.27313740991232,0.274084768969741,0.274790975317354,0.275110991090151,0.275016283415145,0.274605031995801,0.274045979501493,0.273518507309136,0.273188860835842,0.273195168036132,0.273604454529499,0.274364986463557,0.275312450451252,0.276238907807666,0.27696447906849,0.277360420294468,0.277345506374612,0.276909082049498,0.276157742433451,0.275320910163419,0.274677398271591,0.274450167598252,0.274746981117203,0.275563735458783,0.276803175498834,0.278278887073499,0.279734682483675,0.280913483237639,0.281646200096327,0.281893757112797,0.28172405048843,0.281275028612187,0.28074769616226,0.280401689569089,0.28049846463497,0.281199892883566,0.282499117295652,0.284238394508651,0.286182530337431,0.288079334643375,0.289689852123289,0.290826230563203,0.291412283754025,0.291520757274638,0.291341091885816,0.291101469766824,0.291012309590747,0.291253471907671,0.291960003979589,0.293170724085723,0.294777969595804,0.296546328585569,0.298203808495813,0.299533883036752,0.300410127753929,0.300792244344984,0.300733312822724,0.300396372112982,0.300029851773137,0.299885336419372,0.300132593577292,0.300832037713964,0.30195435102339,0.303391195897787,0.30494409324219,0.306343619129589,0.307335888883193,0.307790259722337,0.307744426229052,0.307364759813932,0.306879262844324,0.306536439667461,0.306575758842533,0.307170533591642,0.308357581419879,0.310015166884886,0.311914282623772,0.313794675314833,0.315409223820039,0.31654607706267,0.317076763946675,0.317028794119385,0.316613961597269,0.316162342740811,0.316002365722807,0.316373029054183,0.317399696514906,0.319091088884747,0.321321970428081,0.323831062434765,0.32628051841547,0.328360273001992,0.329867182101564,0.330723059365488,0.330968124103606,0.330772078231959,0.330438531556571,0.330344143629012,0.330813574923862,0.332010345094407,0.333913490348725,0.336362460553536,0.339103837255264,0.341819205567371,0.344174605642816,0.345913239512182,0.346942280237877,0.34734936328429,0.34735221610776,0.34724184881812,0.347348102533447,0.347989829003522,0.349377415351549,0.351513709150197,0.354178794220071,0.357019046034969,0.359669120260246,0.361831307178104,0.363312749954709,0.364064266787112,0.364220169193668,0.364084764585371,0.364039511225901,0.364423102101179,0.365456475244432,0.36722050517957,0.369641244934568,0.372471275684772,0.375318749069748,0.377761486527034,0.379495575482291,0.380421988808824,0.380636064658836,0.380373705411675,0.379971720525484,0.379828741065722,0.380321323053498,0.381686944093975,0.383947093577937,0.386916896028582,0.390267858932709,0.393587722120885,0.396438780032467,0.398455871711286,0.399475871285525,0.399617057982342,0.399240999664525,0.398826919346117,0.39884875593,0.399699208702733,0.401629185233316,0.404674259266879,0.408608197621664,0.412985783056354,0.417269612374542,0.420966632071021,0.423720087786035,0.425372105320842,0.426023220932084,0.426053764974437,0.426041893761274,0.426582300004628,0.428102856144993,0.430774183741763,0.434513189923527,0.439018274046941,0.443811033440311,0.448321530614977,0.452036632001667,0.454652789326403,0.456148897867256,0.456761904608323,0.456917390614877,0.457152004747327,0.458006789086006,0.459875441366321,0.462865761714421,0.466767009675605,0.471144226496188,0.475481929198842,0.479293531132037,0.482193557228017,0.483977143933994,0.484702988847511,0.484712521485529,0.484542209313929,0.484772692441177,0.48589380813513,0.488211737543121,0.491773420378157,0.496312541414518,0.501278110471107,0.505984711916807,0.509825754498561,0.512436323857116,0.513750698600842,0.513992563045765,0.513646027214189,0.513389979080491,0.513952019200772,0.515904063851991,0.519494001590968,0.524587531386292,0.530710600167375,0.537145680939698,0.543072943129707,0.547770807626794,0.550834940144337,0.552308438453046,0.552646984714284,0.552557158376463,0.552814836562282,0.554122964060349,0.556986535682622,0.561583799781306,0.567683804008211,0.574684565590767,0.581774092519053,0.588135730987112,0.593125058172975,0.596406421353148,0.598051358759588,0.598554412429231,0.598710125221314,0.599375084365889,0.601229868808758,0.604643452039306,0.609641461249958,0.615917388416969,0.622868003121539,0.629697782178876,0.635614378993243,0.640050025591969,0.642808919761614,0.644100960159753,0.644491295570833,0.644790387115132,0.645871709427239,0.648427833335824,0.652753856605648,0.658670008834752,0.665608609902421,0.672785106840488,0.67936654814359,0.684627835046542,0.688123192021611,0.689843183837595,0.690265510067125,0.690242654421872,0.690770713129892,0.692735468661087,0.69669672213645,0.702731404212695,0.710374442027607,0.718719134546742,0.726680101735944,0.733311588674595,0.73803714233699,0.740733166688598,0.741715923538478,0.741688328812587,0.74163098627016,0.742596880510261,0.745440369347618,0.750586195562965,0.757925172240736,0.766841891931075,0.776340508825617,0.785257622277093,0.792552869108196,0.797602811571098,0.800370764774757,0.801378897587214,0.801532437129469,0.801905813676131,0.803544725428345,0.807264298309022,0.813440818900231,0.821872133713211,0.831798342703894,0.842091755923191,0.851537172300583,0.859117994292223,0.864264850139871,0.867024597408996,0.868075003189447,0.868535708263505,0.869635480455882,0.872385148731159,0.877371772709944,0.884676265485896,0.893861470166054,0.904027595411492,0.913985577496411,0.922555124987553,0.928894052643258,0.932730490243642,0.934432556208579,0.934923277908776,0.935462603379555,0.937317497259051,0.941393762342117,0.947971422825404,0.956662192603972,0.966578225569154,0.976589872771405,0.985566178283185,0.992586653017796,0.997148637545072,0.999332289673337,0.999829748213638,0.9997905678874,1.00053636400263,1.0032422419209,1.00865172073227,1.01686750291231,1.02728368358037,1.03872638111648,1.0497827051516,1.05918348898661,1.06608947928563,1.07023186542718,1.07195217287694,1.07217101263762,1.07224416778709,1.07366686617452,1.07768455296735,1.08494929327673,1.09533715110299,1.10795975587976,1.12135717563517,1.13385123269317,1.143996382658,1.1509843025544,1.1548381154958,1.15633784624453,1.15676572787457,1.15760510978374,1.16025148732302,1.16572489388297,1.17440597860422,1.18589343228494,1.19907476358437,1.21240259600989,1.22428038227104,1.23345537780943,1.23934421471972,1.24221009158498,1.24310344941268,1.24355080727351,1.24511042760728,1.24898053104438,1.25577156117567,1.26542686551665,1.27723755032287,1.28995813505799,1.30206669200427,1.31214678301645,1.31927053931433,1.32324903554082,1.32469007183059,1.32486855822199,1.32542733816938,1.32794770222095,1.33350379067465,1.34237185906036,1.35400438592295,1.36722971101193,1.38054587844769,1.39242084549707,1.40159937289977,1.4074162710551,1.41003086868173,1.41045725589982,1.41034084083411,1.41154895941337,1.41569533084376,1.42370648038038,1.43553468149135,1.4501301514078,1.46572705346538,1.48035320135897,1.49235514764779,1.50075876244127,1.50542470022852,1.50705273482033,1.50706149955613,1.50731202143367,1.50967594815627,1.51555475383237,1.52551040210161,1.53911478557274,1.55503846155173,1.57135754353148,1.58603457196418,1.59746313310326,1.60489239026928,1.60857428914647,1.60962116282641,1.60969615761649,1.61065999331917,1.61420669462159,1.6214851920034,1.63277479951525,1.64735187077829,1.66363870463875,1.6795975065146,1.69324478690691,1.70315908242063,1.70887107436358,1.71101770295945,1.71117138292188,1.71137994073853,1.71359994597556,1.71923438266449,1.72886986995129,1.74218495687032,1.75799446410926,1.77446140796905,1.78950768879103,1.80134971539912,1.80898739739335,1.81248828135134,1.81299916458894,1.81248743400168,1.81324921241097,1.81728450859985,1.82573231876468,1.83857731007887,1.85471580361081,1.87229201095678,1.88914374184488,1.90326034481589,1.91322631818816,1.91859550740837,1.9200697843745,1.91937255260449,1.91882981335891,1.92078791734926,1.92702334341856,1.9382751411941,1.95402172227579,1.97260235772556,1.99167780165195,2.00886543353049,2.02231234572222,2.03105942240642,2.03519731036085,2.03586311678365,2.03506296164644,2.03526921001852,2.03882601462335,2.04732684016326,2.0611668783993,2.07940022621142,2.09993700289125,2.12005268259619,2.13710936943682,2.14928381103419,2.1560456641148,2.15822833532475,2.15773349918061,2.15703985597955,2.15865895107637,2.16459344594953,2.17584904912069,2.19212612822132,2.21183671793445,2.23248558529133,2.25130506723749,2.26596137676393,2.27516113143024,2.27901004496289,2.27900135531146,2.27760379638406,2.27758123909664,2.28129013866664,2.29015962921853,2.30441675590207,2.32303306290902,2.34389734899897,2.36425467217371,2.3813779355804,2.39329749832636,2.39935057142648,2.40038413390747,2.39856905700387,2.39686943646687,2.39827542288429,2.40499647337859,2.41787603716522,2.43622348983573,2.45806830393918,2.48067617258796,2.50115474672262,2.5170650970458,2.52698955258501,2.5309412695452,2.53045191750373,2.52825071052803,2.52760539197496,2.53150515842571,2.5418838666771,2.55907052053946,2.58164195494153,2.60677501719244,2.63101386079096,2.65118470628537,2.66515948770728,2.67230411779093,2.67359503753756,2.67142455733684,2.66909169760549,2.67002152356431,2.67688643801169,2.69089211339877,2.71144395603896,2.73627656710903,2.76201099810179,2.78502008803162,2.80238782730469,2.81267133786027,2.81621759279737,2.81497869386431,2.81197368352342,2.81060081280066,2.81392095085338,2.82397027565683,2.84121330518333,2.86432392372713,2.89043681412343,2.91584112661697,2.93692536825925,2.9511220435205,2.95761309273781,2.95759209152284,2.95396693260504,2.95056854201544,2.95113157676998,2.95837895547935,2.97342689101801,2.99556200646419,3.02237638906323,3.05026522134518,3.07525948777651,3.09403153276116,3.10478584291068,3.10776015378165,3.10520014188862,3.10082215260695,3.09888551519745,3.10309046603015,3.11560376497888,3.13651013998666,3.16383613701692,3.19407684467828,3.22302980620151,3.24674971029649,3.26247613129608,3.26935790125824,3.26875471061864,3.26396411156354,3.25941306260804,3.25953962059478,3.26766237156712,3.28511280508109,3.31085698396029,3.3417462273535,3.37335814985182,3.40116534159169,3.42165465677465,3.43310563690886,3.43592390325423,3.43254262876307,3.42691436551206,3.423632322879,3.42682890298263,3.43912730251412,3.46094110553754,3.49031062299945,3.52332485032927,3.5550601539387,3.58084015334993,3.59748070226723,3.6041308275909,3.60245453108241,3.5961588202928,3.59007383205791,3.58902727389374,3.59671119245579,3.61474484839429,3.64218199747824,3.67566515035258,3.71023950146185,3.74061200722488,3.76251370202633,3.77381672715332,3.77511310275948,3.76957081448468,3.7620834706396,3.75797980062865,3.76170305942898,3.77580327749462,3.80039662516954,3.83312007653268,3.8695977634886,3.90441103300062,3.93241976230374,3.9500956253626,3.95647057348895,3.95342991194626,3.945282043029,3.93770626227467,3.93631575987725,3.94520184189296,3.96588187095269,3.9969568821147,4.03452303847893,4.07314598347619,4.10712926317716,4.13183580046407,4.14482232035196,4.14650739114136,4.14013694022367,4.13100816645663,4.12516257312308,4.12790149904398,4.14247661371886,4.16924874533268,4.20553900974309,4.24626194874088,4.28519984904457,4.3165559573841,4.33636195785329,4.34342459759036,4.33964526915361,4.3296399912772,4.31967903448415,4.31613843745414,4.32385656907818,4.34486375380983,4.37783472566955,4.41839395258583,4.46020017732156,4.49656481723731,4.52219460081499,4.53455655849686,4.53446278510193,4.52576197609682,4.51432600277906,4.5066529306664,4.50838109448506,4.52296902680277,4.55081434738263,4.58907140478332,4.63227891963191,4.67366689902831,4.70681697911536,4.72727486185215,4.73372169620326,4.72837630515534,4.71646824985472,4.70490535244997,4.70053251234785,4.70847078114184,4.7309139517006,4.76659018890177,4.81099008622739,4.85737550436771,4.89840961060396,4.92801515367334,4.94293962689776,4.94359160515815,4.93394661853141,4.92056567492454,4.91096727037969,4.91175455588121,4.9269867058292,4.95721509246791,4.99938302202373,5.04754485510778,5.09421941548749,5.13213066972019,5.15600248577226,5.1639630104977,5.15811706793348,5.1440650662849,5.12949469541329,5.12224559179764,5.12834374045306,5.15047581682555,5.18729065472956,5.23374507906155,5.28241960549757,5.32541626321166,5.35629786077185,5.37159991779729,5.37162467839214,5.36037520899264,5.34461537954819,5.33223215896124,5.33030241068142,5.34337521114969,5.37238628385155,5.41441672033244,5.46333444818932,5.51122212134569,5.55031581713623,5.57497245322952,5.58310875352728,5.57671936497645,5.56138945897276,5.54497147654881,5.535722832056,5.54028361462081,5.56196578281789,5.59983719973122,5.64890020815014,5.70132920451494,5.74842473197387,5.78278585025132,5.80017498941737,5.80059938649287,5.7882954092617,5.77061422500876,5.75616104721728,5.75272801237241,5.76550060539814,5.79585013900634,5.8409247677222,5.89419973256018,5.94698486485852,5.99057751854433,6.01847631583778,6.02803548760159,6.02113799356068,6.00374227281329,5.98441074038297,5.97216634417516,5.97422968990416,5.99424918320283,6.03146854615859,6.08096957015714,6.13486557317412,6.18417513041871,6.22099723980278,6.24048402700303,6.24206557449985,6.22955969482515,6.21016246636357,6.19265462161511,6.18530665323976,6.19394448608858,6.22056844822813,6.26283915410327,6.31459050325673,6.3672786911836,6.41202439811876,6.4417689270076,6.45305177665185,6.44697033281447,6.42901182091704,6.40771648807106,6.39250078155766,6.39125453449423,6.40836476284495,6.44363855925893,6.49235098922801,6.54641262127222,6.59640352339802,6.63396065282371,6.65386395200849,6.65526912734843,6.64183236178199,6.62077949793005,6.60117133584804,6.59173996376188,6.59877441973243,6.62457149539804,6.66685221820848,6.71928877143653,6.77300783279292,6.81872805966051,6.84905051618771,6.86033793158476,6.85365841444241,6.83450990267989,6.81142179548111,6.79385084102304,6.7899059126368,6.80439668746257,6.83762892257003,6.88527364979707,6.93942072532315,6.99057726524601,7.03005493393209,7.05209319762635,7.05520211193959,7.04244718585336,7.02064395298868,6.99867654840045,6.98537475762746,6.98747243675021,7.00807640865444,7.04590700052184,7.09546438690328,7.14819626751613,7.19454270375427,7.22639669047458,7.23925819671226,7.23340988795915,7.21379866318174,7.18873165021183,7.16777657964761,7.1593803437744,7.16876888945507,7.19666221495837,7.23914932147316,7.28873207901202,7.33622205659151,7.37300317416925,7.70174848866855
